0.85,0.5,0.5 454.595
0.85,0.5,0.55 429.621
0.85,0.5,0.6 455.454
0.85,0.5,0.65 477.485
0.85,0.5,0.7 297.458
0.85,0.5,0.75 86.0798
0.85,0.5,0.8 2.00639
0.85,0.55,0.3 0.00704187
0.85,0.55,0.35 49.8156
0.85,0.55,0.4 289.17
0.85,0.55,0.45 394.497
0.85,0.55,0.5 423.353
0.85,0.55,0.55 432.931
0.85,0.55,0.6 449.202
0.85,0.55,0.65 479.911
0.85,0.55,0.7 339.8
0.85,0.55,0.75 64.5726
0.85,0.55,0.8 2.26229
0.85,0.6,0.3 0.00283969
0.85,0.6,0.35 14.419
0.85,0.6,0.4 84.7256
0.85,0.6,0.45 164.377
0.85,0.6,0.5 315.112
0.85,0.6,0.55 377.949
0.85,0.6,0.6 320.032
0.85,0.6,0.65 278.943
0.85,0.6,0.7 129.314
0.85,0.6,0.75 15.8795
0.85,0.6,0.8 0.735921
0.85,0.65,0.3 7.8558e-06
0.85,0.65,0.35 0.0348533
0.85,0.65,0.4 9.89406
0.85,0.65,0.45 67.8426
0.85,0.65,0.5 154.893
0.85,0.65,0.55 298.681
0.85,0.65,0.6 178.796
0.85,0.65,0.65 101
0.85,0.65,0.7 25.0999
0.85,0.65,0.75 1.09581
0.85,0.65,0.8 0.00105991
0.85,0.7,0.35 1.94134e-10
0.85,0.7,0.4 0.89466
0.85,0.7,0.45 5.88916
0.85,0.7,0.5 14.6193
0.85,0.7,0.55 34.4279
0.85,0.7,0.6 21.8933
0.85,0.7,0.65 14.3909
0.85,0.7,0.7 4.01954
0.85,0.7,0.75 0.215326
0.9,0.25,0.45 0.00624521
0.9,0.25,0.5 0.228641
0.9,0.25,0.55 1.94264
0.9,0.25,0.6 1.99228
0.9,0.25,0.65 0.188224
0.9,0.25,0.7 0.00302766
0.9,0.3,0.35 0.00843894
0.9,0.3,0.4 0.0789808
