0.7,0.4,0.4 473.364
0.7,0.4,0.5 484.481
0.7,0.4,0.6 465.044
0.7,0.4,0.7 325.131
0.7,0.4,0.8 48.6869
0.7,0.5,0.1 0.0929875
0.7,0.5,0.2 106.694
0.7,0.5,0.3 420.938
0.7,0.5,0.4 485.093
0.7,0.5,0.5 486.458
0.7,0.5,0.6 483.804
0.7,0.5,0.7 369.729
0.7,0.5,0.8 56.6732
0.7,0.6,0.1 0.0798892
0.7,0.6,0.2 91.675
0.7,0.6,0.3 375.746
0.7,0.6,0.4 473.364
0.7,0.6,0.5 484.481
0.7,0.6,0.6 465.045
0.7,0.6,0.7 325.131
0.7,0.6,0.8 48.687
0.7,0.7,0.1 0.0347553
0.7,0.7,0.2 39.9192
0.7,0.7,0.3 202.429
0.7,0.7,0.4 363.233
0.7,0.7,0.5 397.498
0.7,0.7,0.6 339.221
0.7,0.7,0.7 162.142
0.7,0.7,0.8 21.1815
0.7,0.8,0.1 0.00500002
0.7,0.8,0.2 5.74729
0.7,0.8,0.3 33.692
0.7,0.8,0.4 70.7123
