0.4,0.6,0.4 269.059
0.4,0.6,0.5 314.793
0.4,0.6,0.6 242.33
0.4,0.6,0.7 84.9272
0.4,0.6,0.8 9.31847
0.4,0.7,0.1 0.00111571
0.4,0.7,0.2 1.29447
0.4,0.7,0.3 21.3237
0.4,0.7,0.4 114.013
0.4,0.7,0.5 208.319
0.4,0.7,0.6 85.5263
0.4,0.7,0.7 13.0587
0.4,0.7,0.8 0.680004
0.4,0.8,0.1 1.48642e-18
0.4,0.8,0.2 0.00111569
0.4,0.8,0.3 1.29001
0.4,0.8,0.4 16.1541
0.4,0.8,0.5 38.2534
0.4,0.8,0.6 10.3387
0.4,0.8,0.7 0.680008
0.4,0.8,0.8 9.05945e-16
0.4,0.9,0.2 1.48639e-18
0.4,0.9,0.3 1.71862e-15
0.4,0.9,0.4 2.15184e-14
0.4,0.9,0.5 4.75551e-14
0.4,0.9,0.6 3.80779e-15
0.4,0.9,0.7 -9.05944e-16
0.5,0.1,0.1 -1.48643e-18
0.5,0.1,0.2 -1.69278e-15
0.5,0.1,0.3 8.1376e-15
0.5,0.1,0.4 2.85927e-14
0.5,0.1,0.5 -5.91708e-15
0.5,0.1,0.6 3.19517e-14
