0.5,0.3,0.4 1.01754e-09
0.5,0.3,0.5 8.46769e-09
0.5,0.3,0.6 4.20053e-09
0.5,0.3,0.7 3.02284e-11
0.5,0.4,0.4 5.72232e-06
0.5,0.4,0.5 4.76197e-05
0.5,0.4,0.6 2.36225e-05
0.5,0.4,0.7 1.69995e-07
0.5,0.5,0.4 1.9156e-05
0.5,0.5,0.5 0.000159411
0.5,0.5,0.6 7.90784e-05
0.5,0.5,0.7 5.69074e-07
0.5,0.6,0.4 4.00382e-06
0.5,0.6,0.5 3.33187e-05
0.5,0.6,0.6 1.65283e-05
0.5,0.6,0.7 1.18943e-07
0.6,0.2,0.3 1.39278e-05
0.6,0.2,0.4 0.00376058
0.6,0.2,0.5 0.0227748
0.6,0.2,0.6 0.0261842
0.6,0.2,0.7 0.00401507
0.6,0.2,0.8 1.75491e-05
0.6,0.3,0.2 1.4893e-06
0.6,0.3,0.3 0.0120892
0.6,0.3,0.4 0.36091
0.6,0.3,0.5 1.62085
0.6,0.3,0.6 1.75255
0.6,0.3,0.7 0.40364
0.6,0.3,0.8 0.0131373
0.6,0.3,0.9 8.54443e-10
0.6,0.4,0.2 4.8265e-05
0.6,0.4,0.3 0.160449
0.6,0.4,0.4 3.09472
0.6,0.4,0.5 10.1731
0.6,0.4,0.6 10.1111
0.6,0.4,0.7 3.1048
0.6,0.4,0.8 0.169748
0.6,0.4,0.9 1.54044e-08
0.6,0.5,0.2 0.000105017
0.6,0.5,0.3 0.281247
0.6,0.5,0.4 5.03902
0.6,0.5,0.5 16.3438
0.6,0.5,0.6 15.8992
0.6,0.5,0.7 5.32968
0.6,0.5,0.8 0.312543
0.6,0.5,0.9 1.52348e-08
0.6,0.6,0.2 2.18332e-05
0.6,0.6,0.3 0.0984561
0.6,0.6,0.4 2.34967
0.6,0.6,0.5 8.56345
0.6,0.6,0.6 8.76584
0.6,0.6,0.7 2.55056
0.6,0.6,0.8 0.119898
0.6,0.6,0.9 2.31663e-09
0.6,0.7,0.2 7.70124e-08
0.6,0.7,0.3 0.003489
0.6,0.7,0.4 0.275388
0.6,0.7,0.5 1.22096
0.6,0.7,0.6 1.17727
0.6,0.7,0.7 0.250743
0.6,0.7,0.8 0.00702706
0.6,0.7,0.9 7.22275e-11
0.6,0.8,0.3 5.27067e-07
0.6,0.8,0.4 0.00209262
0.6,0.8,0.5 0.0108331
0.6,0.8,0.6 0.00915528
0.6,0.8,0.7 0.00111787
0.6,0.8,0.8 1.31648e-07
0.7,0.1,0.4 5.31025e-06
0.7,0.1,0.5 0.000107721
0.7,0.1,0.6 0.000100274
0.7,0.1,0.7 3.8184e-06
0.7,0.2,0.2 7.18899e-08
0.7,0.2,0.3 0.00751156
0.7,0.2,0.4 0.404596
