0.6,0.7,0.55 2.64674
0.6,0.7,0.6 0.599116
0.6,0.7,0.65 0.0706481
0.6,0.7,0.7 0.000794945
0.65,0.25,0.4 0.33956
0.65,0.25,0.45 8.61225
0.65,0.25,0.5 29.2852
0.65,0.25,0.55 28.0478
0.65,0.25,0.6 14.8354
0.65,0.25,0.65 3.74852
0.65,0.25,0.7 0.0236472
0.65,0.3,0.35 5.68238e-05
0.65,0.3,0.4 3.45566
0.65,0.3,0.45 78.9545
0.65,0.3,0.5 211.39
0.65,0.3,0.55 229.739
0.65,0.3,0.6 153.457
0.65,0.3,0.65 49.6824
0.65,0.3,0.7 5.04529
0.65,0.3,0.75 0.178753
0.65,0.35,0.35 2.77674
0.65,0.35,0.4 28.5814
0.65,0.35,0.45 214.225
0.65,0.35,0.5 395.096
0.65,0.35,0.55 404.254
0.65,0.35,0.6 275.987
0.65,0.35,0.65 169.839
0.65,0.35,0.7 78.9755
0.65,0.35,0.75 14.3431
0.65,0.35,0.8 0.314915
0.65,0.4,0.3 0.0436448
0.65,0.4,0.35 33.0293
0.65,0.4,0.4 188.418
0.65,0.4,0.45 286.11
0.65,0.4,0.5 450.024
0.65,0.4,0.55 540.364
0.65,0.4,0.6 459.423
0.65,0.4,0.65 426.768
0.65,0.4,0.7 238.03
0.65,0.4,0.75 89.3117
0.65,0.4,0.8 2.17237
0.65,0.45,0.3 0.423011
0.65,0.45,0.35 59.4429
0.65,0.45,0.4 204.531
0.65,0.45,0.45 270.638
0.65,0.45,0.5 412.825
0.65,0.45,0.55 409.282
0.65,0.45,0.6 330.824
0.65,0.45,0.65 438.234
0.65,0.45,0.7 296.012
0.65,0.45,0.75 93.8387
0.65,0.45,0.8 1.26632
0.65,0.5,0.3 0.368997
0.65,0.5,0.35 40.1938
0.65,0.5,0.4 122.443
0.65,0.5,0.45 209.347
0.65,0.5,0.5 352.7
