0.75,0.6,0.45 348.644
0.75,0.6,0.5 359.07
0.75,0.6,0.55 325.886
0.75,0.6,0.6 420.159
0.75,0.6,0.65 483.522
0.75,0.6,0.7 219.376
0.75,0.6,0.75 60.786
0.75,0.6,0.8 1.9773
0.75,0.65,0.3 0.0330042
0.75,0.65,0.35 5.52262
0.75,0.65,0.4 46.6881
0.75,0.65,0.45 193.75
0.75,0.65,0.5 203.223
0.75,0.65,0.55 170.015
0.75,0.65,0.6 164.197
0.75,0.65,0.65 191.38
0.75,0.65,0.7 101.355
0.75,0.65,0.75 5.72185
0.75,0.65,0.8 0.00420087
0.75,0.7,0.35 8.67848e-07
0.75,0.7,0.4 1.38573
0.75,0.7,0.45 13.2936
0.75,0.7,0.5 21.2024
0.75,0.7,0.55 28.3789
0.75,0.7,0.6 14.7224
0.75,0.7,0.65 13.1503
0.75,0.7,0.7 12.3717
0.75,0.7,0.75 0.754206
0.8,0.25,0.35 0.0754882
0.8,0.25,0.4 7.44328
0.8,0.25,0.45 14.2727
0.8,0.25,0.5 9.88347
0.8,0.25,0.55 23.2192
0.8,0.25,0.6 25.5845
0.8,0.25,0.65 16.1158
0.8,0.25,0.7 6.24323
0.8,0.25,0.75 0.107314
0.8,0.3,0.35 1.65753
0.8,0.3,0.4 69.3966
0.8,0.3,0.45 146.465
0.8,0.3,0.5 156.353
0.8,0.3,0.55 230.063
0.8,0.3,0.6 224.845
0.8,0.3,0.65 220.519
0.8,0.3,0.7 61.9635
0.8,0.3,0.75 1.95122
0.8,0.35,0.3 3.10531e-06
0.8,0.35,0.35 20.545
0.8,0.35,0.4 189.027
0.8,0.35,0.45 296.613
0.8,0.35,0.5 344.01
0.8,0.35,0.55 405.817
0.8,0.35,0.6 298.484
0.8,0.35,0.65 384.257
0.8,0.35,0.7 180.465
0.8,0.35,0.75 21.3547
0.8,0.35,0.8 0.0284223
