0.6,0.7,0.4 6.18964e-07
0.6,0.7,0.45 0.0201822
0.6,0.7,0.5 1.32921
0.6,0.7,0.55 3.75516
0.6,0.7,0.6 0.931904
0.6,0.7,0.65 0.132087
0.6,0.7,0.7 0.00178975
0.65,0.25,0.4 0.34902
0.65,0.25,0.45 9.60284
0.65,0.25,0.5 31.9688
0.65,0.25,0.55 30.5993
0.65,0.25,0.6 17.178
0.65,0.25,0.65 4.73733
0.65,0.25,0.7 0.039712
0.65,0.3,0.35 0.000107952
0.65,0.3,0.4 3.50063
0.65,0.3,0.45 86.1655
0.65,0.3,0.5 233.385
0.65,0.3,0.55 248.937
0.65,0.3,0.6 172.998
0.65,0.3,0.65 61.1284
0.65,0.3,0.7 6.48404
0.65,0.3,0.75 0.248213
0.65,0.35,0.35 2.7466
0.65,0.35,0.4 30.2048
0.65,0.35,0.45 213.628
0.65,0.35,0.5 401.296
0.65,0.35,0.55 426.863
0.65,0.35,0.6 285.984
0.65,0.35,0.65 183.196
0.65,0.35,0.7 92.7765
0.65,0.35,0.75 15.6047
0.65,0.35,0.8 0.34825
0.65,0.4,0.3 0.0378145
0.65,0.4,0.35 31.1167
0.65,0.4,0.4 194.003
0.65,0.4,0.45 299.714
0.65,0.4,0.5 445.405
0.65,0.4,0.55 543.465
0.65,0.4,0.6 464.319
0.65,0.4,0.65 433.231
0.65,0.4,0.7 250.828
0.65,0.4,0.75 92.7745
0.65,0.4,0.8 2.45976
0.65,0.45,0.3 0.3665
0.65,0.45,0.35 61.5344
0.65,0.45,0.4 222.359
0.65,0.45,0.45 289.182
0.65,0.45,0.5 412.299
0.65,0.45,0.55 405.069
0.65,0.45,0.6 338.094
0.65,0.45,0.65 431.474
0.65,0.45,0.7 311.039
0.65,0.45,0.75 107.248
0.65,0.45,0.8 1.74872
0.65,0.5,0.3 0.298622
0.65,0.5,0.35 41.299
