1,0.3,0.4 16.6189
1,0.3,0.5 22.9761
1,0.3,0.6 5.84196
1,0.3,0.7 0.373719
1,0.4,0.1 0.0422172
1,0.4,0.2 2.8551
1,0.4,0.3 17.035
1,0.4,0.4 35.3
1,0.4,0.5 37.3504
1,0.4,0.6 24.0992
1,0.4,0.7 5.72901
1,0.4,0.8 0.372016
1,0.5,0.1 0.168868
1,0.5,0.2 10.8775
1,0.5,0.3 31.8568
1,0.5,0.4 39.9672
1,0.5,0.5 39.9636
1,0.5,0.6 34.8572
1,0.5,0.7 17.7702
1,0.5,0.8 1.48807
1,0.6,0.1 0.0422167
1,0.6,0.2 2.85507
1,0.6,0.3 17.035
1,0.6,0.4 35.3001
1,0.6,0.5 37.3505
1,0.6,0.6 24.099
1,0.6,0.7 5.729
1,0.6,0.8 0.372019
1,0.7,0.2 0.039372
1,0.7,0.3 2.76803
1,0.7,0.4 16.6189
1,0.7,0.5 22.9761
1,0.7,0.6 5.84187
1,0.7,0.7 0.373704
1,0.7,0.8 -4.95627e-16
1,0.8,0.2 7.96197e-09
1,0.8,0.3 0.0382181
1,0.8,0.4 2.5945
1,0.8,0.5 4.2051
1,0.8,0.6 0.384078
1,0.8,0.7 9.81314e-08
1,0.9,0.3 7.3465e-08
1,0.9,0.4 4.98737e-06
1,0.9,0.5 8.08341e-06
1,0.9,0.6 7.38306e-07
