0.85,0.45,0.8 1.66218
0.85,0.5,0.35 8.21967
0.85,0.5,0.4 107.614
0.85,0.5,0.45 286.176
0.85,0.5,0.5 362.327
0.85,0.5,0.55 361.179
0.85,0.5,0.6 274.314
0.85,0.5,0.65 229.032
0.85,0.5,0.7 240.615
0.85,0.5,0.75 84.3307
0.85,0.5,0.8 3.93151
0.85,0.55,0.35 3.505
0.85,0.55,0.4 57.4521
0.85,0.55,0.45 168.998
0.85,0.55,0.5 254.645
0.85,0.55,0.55 393.963
0.85,0.55,0.6 374.859
0.85,0.55,0.65 286.917
0.85,0.55,0.7 203.161
0.85,0.55,0.75 38.6114
0.85,0.55,0.8 0.617871
0.85,0.6,0.35 0.339509
0.85,0.6,0.4 13.6651
0.85,0.6,0.45 46.4918
0.85,0.6,0.5 119.979
0.85,0.6,0.55 280.108
0.85,0.6,0.6 227.413
0.85,0.6,0.65 168.442
0.85,0.6,0.7 50.3863
0.85,0.6,0.75 4.94804
0.85,0.6,0.8 0.000378234
0.85,0.65,0.35 0.000840009
0.85,0.65,0.4 0.0706728
0.85,0.65,0.45 1.00435
0.85,0.65,0.5 41.1385
0.85,0.65,0.55 111.578
0.85,0.65,0.6 67.0132
0.85,0.65,0.65 65.2157
0.85,0.65,0.7 7.67301
0.85,0.65,0.75 0.154443
0.85,0.7,0.4 0.00349293
0.85,0.7,0.45 0.0559437
0.85,0.7,0.5 3.34327
0.85,0.7,0.55 10.3047
0.85,0.7,0.6 7.85945
0.85,0.7,0.65 8.79799
0.85,0.7,0.7 0.797321
0.9,0.25,0.55 2.39887e-07
0.9,0.25,0.6 2.37722e-06
0.9,0.25,0.65 1.35852e-06
0.9,0.25,0.7 1.593e-08
0.9,0.3,0.4 2.31263e-06
0.9,0.3,0.45 0.00379817
0.9,0.3,0.5 0.674913
0.9,0.3,0.55 9.82168
0.9,0.3,0.6 11.9139
0.9,0.3,0.65 2.20612
0.9,0.3,0.7 0.0580357
0.9,0.35,0.35 1.38363e-05
0.9,0.35,0.4 0.00690277
0.9,0.35,0.45 0.375634
