0.7,0.25,0.15 181.7
0.7,0.25,0.2 234.926
0.7,0.25,0.25 378.69
0.7,0.25,0.3 202.888
0.7,0.25,0.35 5.88728
0.7,0.25,0.4 2.09463e-06
0.7,0.25,0.45 3.0639e-09
0.7,0.3,0.1 6.82891
0.7,0.3,0.15 149.406
0.7,0.3,0.2 404.167
0.7,0.3,0.25 478.712
0.7,0.3,0.3 141.286
0.7,0.3,0.35 6.41057
0.7,0.3,0.4 0.0866355
0.7,0.3,0.45 1.03315e-09
0.7,0.35,0.05 0.00391838
0.7,0.35,0.1 1.3549
0.7,0.35,0.15 120.099
0.7,0.35,0.2 455.056
0.7,0.35,0.25 298.342
0.7,0.35,0.3 295.929
0.7,0.35,0.35 150.6
0.7,0.35,0.4 4.15168
0.7,0.35,0.45 7.92829e-13
0.7,0.4,0.05 0.0289529
0.7,0.4,0.1 11.7937
0.7,0.4,0.15 99.4935
0.7,0.4,0.2 297.793
0.7,0.4,0.25 417.842
0.7,0.4,0.3 488.38
0.7,0.4,0.35 236.046
0.7,0.4,0.4 6.04165
0.7,0.45,0.05 0.0130193
0.7,0.45,0.1 24.9964
0.7,0.45,0.15 346.038
0.7,0.45,0.2 524.997
0.7,0.45,0.25 574.64
0.7,0.45,0.3 752.996
0.7,0.45,0.35 252.774
0.7,0.45,0.4 7.06567
0.7,0.45,0.45 9.30873e-05
0.7,0.5,0.05 0.000281803
0.7,0.5,0.1 17.1801
0.7,0.5,0.15 286.469
0.7,0.5,0.2 292.985
0.7,0.5,0.25 231.227
0.7,0.5,0.3 632.704
0.7,0.5,0.35 615.307
0.7,0.5,0.4 98.2541
0.7,0.5,0.45 0.012956
0.7,0.55,0.05 6.748e-05
0.7,0.55,0.1 4.93977
0.7,0.55,0.15 127.94
0.7,0.55,0.2 151.093
0.7,0.55,0.25 184.917
0.7,0.55,0.3 291.79
0.7,0.55,0.35 520.795
0.7,0.55,0.4 125.344
0.7,0.55,0.45 0.0261284
0.7,0.6,0.05 1.70634e-08
0.7,0.6,0.1 0.140363
0.7,0.6,0.15 3.81045
0.7,0.6,0.2 19.9522
0.7,0.6,0.25 209.637
0.7,0.6,0.3 206.862
0.7,0.6,0.35 123.856
0.7,0.6,0.4 21.0053
0.7,0.6,0.45 0.0209002
0.7,0.65,0.15 0.729602
0.7,0.65,0.2 6.29719
0.7,0.65,0.25 19.6862
0.7,0.65,0.3 83.013
0.7,0.65,0.35 156.731
0.7,0.65,0.4 27.8383
0.7,0.65,0.45 0.142447
0.7,0.7,0 1.05825e-13
0.7,0.7,0.05 0.00261258
0.7,0.7,0.1 0.0104395
0.7,0.7,0.15 1.42002
0.7,0.7,0.2 9.90165
0.7,0.7,0.25 4.63341
0.7,0.7,0.3 137.553
0.7,0.7,0.35 372.486
0.7,0.7,0.4 70.1332
0.7,0.7,0.45 0.0870001
0.7,0.75,0 2.15342e-11
0.7,0.75,0.05 0.531633
0.7,0.75,0.1 2.12434
0.7,0.75,0.15 0.716495
0.7,0.75,0.2 1.30072
0.7,0.75,0.25 0.652768
0.7,0.75,0.3 73.0328
0.7,0.75,0.35 304.589
0.7,0.75,0.4 89.8211
0.7,0.75,0.45 0.0771247
0.7,0.8,0 2.05212e-09
0.7,0.8,0.05 11.4373
0.7,0.8,0.1 45.6857
0.7,0.8,0.15 11.4215
0.7,0.8,0.2 0.112219
0.7,0.8,0.25 0.0483082
0.7,0.8,0.3 10.3871
0.7,0.8,0.35 58.0018
0.7,0.8,0.4 20.1244
0.7,0.8,0.45 0.0198748
0.7,0.85,0 8.01454e-09
0.7,0.85,0.05 41.3366
0.7,0.85,0.1 165.114
0.7,0.85,0.15 41.221
0.7,0.85,0.2 0.00212907
0.7,0.85,0.25 0.000916515
0.7,0.85,0.3 2.09005e-05
0.7,0.85,0.35 9.67576e-05
0.7,0.85,0.4 3.35713e-05
0.7,0.85,0.45 3.31549e-08
0.7,0.9,0 1.99958e-09
0.7,0.9,0.05 10.3312
0.7,0.9,0.1 41.2677
0.7,0.9,0.15 10.3027
0.7,0.9,0.2 2.05357e-09
0.7,0.95,0.05 9.81513e-06
0.7,0.95,0.1 3.94322e-05
0.7,0.95,0.15 9.90114e-06
0.7,0.95,0.2 3.03109e-14
0.75,0.1,0.2 1.29602e-05
0.75,0.1,0.25 0.000248537
0.75,0.1,0.3 0.000223777
0.75,0.1,0.35 7.99124e-06
0.75,0.15,0.2 0.0530361
0.75,0.15,0.25 1.01707
0.75,0.15,0.3 0.915746
0.75,0.15,0.35 0.0327019
0.75,0.2,0.1 0.0265191
0.75,0.2,0.15 0.405314
0.75,0.2,0.2 2.02767
0.75,0.2,0.25 29.2576
0.75,0.2,0.3 24.8511
0.75,0.2,0.35 0.795248
0.75,0.25,0.1 0.267991
0.75,0.25,0.15 4.14441
0.75,0.25,0.2 24.1261
0.75,0.25,0.25 258.058
0.75,0.25,0.3 207.563
0.75,0.25,0.35 6.4805
0.75,0.3,0.1 0.155792
0.75,0.3,0.15 10.2427
0.75,0.3,0.2 52.5482
0.75,0.3,0.25 183.672
0.75,0.3,0.3 128.62
0.75,0.3,0.35 5.20396
0.75,0.3,0.4 0.0395267
0.75,0.35,0.1 0.00265647
0.75,0.35,0.15 20.441
0.75,0.35,0.2 92.6347
0.75,0.35,0.25 268.824
0.75,0.35,0.3 268.355
0.75,0.35,0.35 71.8903
0.75,0.35,0.4 1.89418
0.75,0.4,0.1 0.328162
0.75,0.4,0.15 11.4677
0.75,0.4,0.2 68.801
0.75,0.4,0.25 324.991
0.75,0.4,0.3 378.776
0.75,0.4,0.35 110.271
0.75,0.4,0.4 2.72267
0.75,0.45,0.1 1.87141
0.75,0.45,0.15 42.1026
0.75,0.45,0.2 90.2528
0.75,0.45,0.25 245.62
0.75,0.45,0.3 337.433
0.75,0.45,0.35 77.7771
0.75,0.45,0.4 2.57145
0.75,0.45,0.45 6.03424e-06
0.75,0.5,0.05 0.290146
0.75,0.5,0.1 2.13344
0.75,0.5,0.15 20.1343
0.75,0.5,0.2 23.9023
0.75,0.5,0.25 43.7545
0.75,0.5,0.3 150.314
0.75,0.5,0.35 178.222
0.75,0.5,0.4 24.423
0.75,0.5,0.45 0.000839851
0.75,0.55,0.05 7.66097
0.75,0.55,0.1 33.7269
0.75,0.55,0.15 13.7391
0.75,0.55,0.2 17.5866
0.75,0.55,0.25 163.285
0.75,0.55,0.3 153.111
0.75,0.55,0.35 107.647
0.75,0.55,0.4 18.8309
0.75,0.55,0.45 0.00169373
0.75,0.6,0.05 17.9674
0.75,0.6,0.1 75.3501
0.75,0.6,0.15 19.9168
0.75,0.6,0.2 18.7365
0.75,0.6,0.25 239.216
0.75,0.6,0.3 167.029
0.75,0.6,0.35 6.89572
0.75,0.6,0.4 0.90953
0.75,0.6,0.45 0.000203632
0.75,0.65,0.05 11.1613
0.75,0.65,0.1 45.2523
0.75,0.65,0.15 11.4696
0.75,0.65,0.2 1.49173
0.75,0.65,0.25 19.2022
0.75,0.65,0.3 15.0001
0.75,0.65,0.35 4.36652
0.75,0.65,0.4 0.616129
0.75,0.7,0.05 0.50288
0.75,0.7,0.1 2.03314
0.75,0.7,0.15 0.513749
0.75,0.7,0.2 2.30138e-08
0.75,0.7,0.25 0.0206924
0.75,0.7,0.3 7.15061
0.75,0.7,0.35 17.9925
0.75,0.7,0.4 2.87016
0.75,0.7,0.45 0.000287263
0.75,0.75,0 3.63821e-19
0.75,0.75,0.05 0.109046
0.75,0.75,0.1 0.453184
0.75,0.75,0.15 0.11771
0.75,0.75,0.2 2.34526e-07
0.75,0.75,0.25 0.00541456
0.75,0.75,0.3 2.45435
0.75,0.75,0.35 7.96502
0.75,0.75,0.4 1.88107
0.75,0.75,0.45 0.00119118
0.75,0.8,0 5.25657e-09
0.75,0.8,0.05 30.3978
0.75,0.8,0.1 122.188
0.75,0.8,0.15 30.704
0.75,0.8,0.2 1.07253e-05
0.75,0.8,0.25 1.82203e-08
0.75,0.8,0.3 0.161342
0.75,0.8,0.35 0.900943
0.75,0.8,0.4 0.31259
0.75,0.8,0.45 0.000308712
0.75,0.85,0 2.10004e-08
0.75,0.85,0.05 108.466
0.75,0.85,0.1 434.226
0.75,0.85,0.15 108.658
0.75,0.85,0.2 1.49417e-05
0.75,0.85,0.3 2.69139e-07
0.75,0.85,0.35 1.50292e-06
0.75,0.85,0.4 5.21457e-07
0.75,0.85,0.45 5.1499e-10
0.75,0.9,0 5.24363e-09
0.75,0.9,0.05 25.863
0.75,0.9,0.1 103.353
0.75,0.9,0.15 25.8141
0.75,0.9,0.2 1.10695e-06
0.8,0.05,0.2 0.000115779
0.8,0.05,0.25 1.40936
0.8,0.05,0.3 4.92049
0.8,0.05,0.35 1.07318
0.8,0.1,0.2 0.00128735
0.8,0.1,0.25 15.6708
0.8,0.1,0.3 54.7113
0.8,0.1,0.35 11.9328
0.8,0.15,0.2 0.000803557
0.8,0.15,0.25 9.78158
0.8,0.15,0.3 34.1504
0.8,0.15,0.35 7.44834
0.8,0.2,0.2 0.108822
0.8,0.2,0.25 2.03357
0.8,0.2,0.3 2.11418
0.8,0.2,0.35 0.163607
0.8,0.25,0.2 1.02136
0.8,0.25,0.25 17.691
0.8,0.25,0.3 14.9661
0.8,0.25,0.35 0.471593
0.8,0.3,0.2 0.66531
0.8,0.3,0.25 11.2375
0.8,0.3,0.3 9.37844
0.8,0.3,0.35 0.29456
0.8,0.3,0.4 0.000201875
0.8,0.35,0.2 1.82942
0.8,0.35,0.25 26.7918
0.8,0.35,0.3 20.7287
0.8,0.35,0.35 0.849017
0.8,0.35,0.4 0.00967419
0.8,0.4,0.05 0.000466283
0.8,0.4,0.1 0.00217034
0.8,0.4,0.15 0.000630973
0.8,0.4,0.2 1.59828
0.8,0.4,0.25 25.3272
0.8,0.4,0.3 21.5569
0.8,0.4,0.35 1.19923
0.8,0.4,0.4 0.0137394
0.8,0.4,0.65 0.0188447
0.8,0.4,0.7 0.415191
0.8,0.4,0.75 0.405305
0.8,0.4,0.8 0.0168671
0.8,0.45,0.05 0.142312
0.8,0.45,0.1 0.662399
0.8,0.45,0.15 0.192576
0.8,0.45,0.2 0.203228
0.8,0.45,0.25 7.66845
0.8,0.45,0.3 10.2203
0.8,0.45,0.35 0.801336
0.8,0.45,0.4 0.00796994
0.8,0.45,0.65 0.1435
0.8,0.45,0.7 3.16163
0.8,0.45,0.75 3.08635
0.8,0.45,0.8 0.128441
0.8,0.5,0.05 2.80245
0.8,0.5,0.1 12.4182
0.8,0.5,0.15 3.43965
0.8,0.5,0.2 0.0392836
0.8,0.5,0.25 1.24761
0.8,0.5,0.3 1.78319
0.8,0.5,0.35 0.597107
0.8,0.5,0.4 0.0729288
0.8,0.5,0.65 0.0660089
0.8,0.5,0.7 1.45432
0.8,0.5,0.75 1.41969
0.8,0.5,0.8 0.0590819
0.8,0.55,0.05 64.2705
0.8,0.55,0.1 281.8
0.8,0.55,0.15 77.2335
0.8,0.55,0.2 0.837917
0.8,0.55,0.25 10.7557
0.8,0.55,0.3 7.58726
0.8,0.55,0.35 0.443337
0.8,0.55,0.4 0.0436944
0.8,0.55,0.65 0.000349384
0.8,0.55,0.7 0.0076977
0.8,0.55,0.75 0.00751441
0.8,0.55,0.8 0.000312719
0.8,0.6,0.05 134.042
0.8,0.6,0.1 564.854
0.8,0.6,0.15 149.023
0.8,0.6,0.2 1.23403
0.8,0.6,0.25 15.8517
0.8,0.6,0.3 11.0067
0.8,0.6,0.35 0.225737
0.8,0.6,0.4 0.000591278
0.8,0.65,0.05 76.0482
0.8,0.65,0.1 309.089
0.8,0.65,0.15 78.5771
0.8,0.65,0.2 0.0994334
0.8,0.65,0.25 1.27216
0.8,0.65,0.3 0.883195
0.8,0.65,0.35 0.0177982
0.8,0.7,0.05 4.3629
0.8,0.7,0.1 18.8701
0.8,0.7,0.15 5.16921
0.8,0.7,0.2 0.00105838
0.8,0.75,0 5.89137e-20
0.8,0.75,0.05 1.29927
0.8,0.75,0.1 5.66245
0.8,0.75,0.15 1.58905
0.8,0.75,0.2 0.00222604
0.8,0.8,0 8.512e-10
0.8,0.8,0.05 57.1082
0.8,0.8,0.1 239.396
0.8,0.8,0.15 63.7163
0.8,0.8,0.2 0.209556
0.8,0.8,0.25 0.647601
0.8,0.8,0.3 0.166072
0.8,0.8,0.35 9.87945e-08
0.8,0.85,0 3.40061e-09
0.8,0.85,0.05 90.1476
0.8,0.85,0.1 374.812
0.8,0.85,0.15 98.4607
0.8,0.85,0.2 0.81802
0.8,0.85,0.25 3.13499
0.8,0.85,0.3 0.803943
0.8,0.85,0.35 4.78257e-07
0.8,0.9,0 8.49105e-10
0.8,0.9,0.05 9.55587
0.8,0.9,0.1 39.1775
0.8,0.9,0.15 10.0922
0.8,0.9,0.2 0.233419
0.8,0.9,0.25 0.947355
0.8,0.9,0.3 0.242942
0.8,0.9,0.35 1.44523e-07
0.8,0.95,0.2 4.90945e-05
0.8,0.95,0.25 0.000201439
0.8,0.95,0.3 5.16575e-05
0.8,0.95,0.35 3.07305e-11
0.85,0.05,0.2 0.000740792
0.85,0.05,0.25 9.01755
0.85,0.05,0.3 31.4829
0.85,0.05,0.35 6.86656
0.85,0.1,0.2 0.00823691
0.85,0.1,0.25 100.267
0.85,0.1,0.3 350.061
0.85,0.1,0.35 76.3497
0.85,0.15,0.2 0.00514142
0.85,0.15,0.25 62.5857
0.85,0.15,0.3 218.505
0.85,0.15,0.35 47.6569
0.85,0.2,0.2 7.82544e-05
0.85,0.2,0.25 0.952579
0.85,0.2,0.3 3.32573
0.85,0.2,0.35 0.725356
0.85,0.4,0.05 0.0553787
0.85,0.4,0.1 0.257763
0.85,0.4,0.15 0.0749384
0.85,0.4,0.2 8.30188e-06
0.85,0.4,0.65 0.980649
0.85,0.4,0.7 21.6059
0.85,0.4,0.75 21.0914
0.85,0.4,0.8 0.877739
0.85,0.45,0.05 16.9019
0.85,0.45,0.1 78.6707
0.85,0.45,0.15 22.8716
0.85,0.45,0.2 0.00253378
0.85,0.45,0.65 7.46752
0.85,0.45,0.7 164.526
0.85,0.45,0.75 160.609
0.85,0.45,0.8 6.68388
0.85,0.5,0.05 41.8701
0.85,0.5,0.1 194.571
0.85,0.5,0.15 56.4808
0.85,0.5,0.2 0.00613469
0.85,0.5,0.65 3.435
0.85,0.5,0.7 75.6806
0.85,0.5,0.75 73.8786
0.85,0.5,0.8 3.07453
0.85,0.55,0.05 38.0808
0.85,0.55,0.1 168.666
0.85,0.55,0.15 46.7106
0.85,0.55,0.2 0.00198855
0.85,0.55,0.65 0.0181814
0.85,0.55,0.7 0.400576
0.85,0.55,0.75 0.391038
0.85,0.55,0.8 0.0162734
0.85,0.6,0.05 61.2003
0.85,0.6,0.1 259.095
0.85,0.6,0.15 68.6764
0.85,0.6,0.2 0.00123928
0.85,0.65,0.05 51.0637
0.85,0.65,0.1 231.559
0.85,0.65,0.15 66.6635
0.85,0.65,0.2 0.0211741
0.85,0.7,0.05 45.5478
0.85,0.7,0.1 239.358
0.85,0.7,0.15 78.4673
0.85,0.7,0.2 0.0474634
0.85,0.75,0.05 7.22672
0.85,0.75,0.1 41.0536
0.85,0.75,0.15 15.4904
0.85,0.75,0.2 0.0852352
0.85,0.8,0.05 44.2921
0.85,0.8,0.1 287.531
0.85,0.8,0.15 139.178
0.85,0.8,0.2 13.1007
0.85,0.8,0.25 45.7318
0.85,0.8,0.3 11.7276
0.85,0.8,0.35 6.97659e-06
0.85,0.85,0.05 57.2581
0.85,0.85,0.1 345.82
0.85,0.85,0.15 157.064
0.85,0.85,0.2 55.9937
0.85,0.85,0.25 221.384
0.85,0.85,0.3 56.7722
0.85,0.85,0.35 3.37731e-05
0.85,0.9,0.05 3.88135
0.85,0.9,0.1 21.1797
0.85,0.9,0.15 8.64891
0.85,0.9,0.2 16.4001
0.85,0.9,0.25 66.8996
0.85,0.9,0.3 17.1559
0.85,0.9,0.35 1.02058e-05
0.85,0.95,0.2 0.00346692
0.85,0.95,0.25 0.0142251
0.85,0.95,0.3 0.00364791
0.85,0.95,0.35 2.1701e-09
0.9,0.05,0.2 0.000291857
0.9,0.05,0.25 3.55273
0.9,0.05,0.3 12.4036
0.9,0.05,0.35 2.70528
0.9,0.1,0.2 0.00324517
0.9,0.1,0.25 39.503
0.9,0.1,0.3 137.917
0.9,0.1,0.35 30.0802
0.9,0.15,0.2 0.00202561
0.9,0.15,0.25 24.6575
0.9,0.15,0.3 86.0866
0.9,0.15,0.35 18.7758
0.9,0.2,0.2 3.08306e-05
0.9,0.2,0.25 0.375296
0.9,0.2,0.3 1.31027
0.9,0.2,0.35 0.285775
0.9,0.4,0.05 0.106998
0.9,0.4,0.1 0.498028
0.9,0.4,0.15 0.14479
0.9,0.4,0.2 1.60402e-05
0.9,0.4,0.65 1.43949
0.9,0.4,0.7 31.7152
0.9,0.4,0.75 30.9601
0.9,0.4,0.8 1.28843
0.9,0.45,0.05 32.6564
0.9,0.45,0.1 152.001
0.9,0.45,0.15 44.1905
0.9,0.45,0.2 0.00489555
0.9,0.45,0.65 10.9616
0.9,0.45,0.7 241.508
0.9,0.45,0.75 235.757
0.9,0.45,0.8 9.81125
0.9,0.5,0.05 78.5118
0.9,0.5,0.1 365.435
0.9,0.5,0.15 106.241
0.9,0.5,0.2 0.0117687
0.9,0.5,0.65 5.04223
0.9,0.5,0.7 111.091
0.9,0.5,0.75 108.446
0.9,0.5,0.8 4.51309
0.9,0.55,0.05 11.7949
0.9,0.55,0.1 54.8378
0.9,0.55,0.15 15.9258
0.9,0.55,0.2 0.00174058
0.9,0.55,0.65 0.0266884
0.9,0.55,0.7 0.588005
0.9,0.55,0.75 0.574004
0.9,0.55,0.8 0.0238877
0.9,0.6,0.05 0.460159
0.9,0.6,0.1 2.10349
0.9,0.6,0.15 0.606184
0.9,0.6,0.2 0.000141874
0.9,0.65,0.05 27.2547
0.9,0.65,0.1 144.14
0.9,0.65,0.15 47.4817
0.9,0.65,0.2 0.0291839
0.9,0.7,0.05 61.0224
0.9,0.7,0.1 323.003
0.9,0.7,0.15 106.471
0.9,0.7,0.2 0.0655877
0.9,0.75,0.05 8.9906
0.9,0.75,0.1 52.1845
0.9,0.75,0.15 19.9706
0.9,0.75,0.2 0.110076
0.9,0.8,0.05 16.7153
0.9,0.8,0.1 202.309
0.9,0.8,0.15 135.361
0.9,0.8,0.2 20.8254
0.9,0.8,0.25 75.1488
0.9,0.8,0.3 19.2713
0.9,0.8,0.35 1.14643e-05
0.9,0.85,0.05 17.5776
0.9,0.85,0.1 211.548
0.9,0.85,0.15 141.286
0.9,0.85,0.2 91.2795
0.9,0.85,0.25 363.79
0.9,0.85,0.3 93.2911
0.9,0.85,0.35 5.54978e-05
0.9,0.9,0.05 0.839191
0.9,0.9,0.1 9.97095
0.9,0.9,0.15 6.63156
0.9,0.9,0.2 26.9152
0.9,0.9,0.25 109.933
0.9,0.9,0.3 28.1914
0.9,0.9,0.35 1.67708e-05
0.9,0.95,0.2 0.00569702
0.9,0.95,0.25 0.0233754
0.9,0.95,0.3 0.00599443
0.9,0.95,0.35 3.56602e-09
0.95,0.05,0.2 7.05706e-07
0.95,0.05,0.25 0.00859045
0.95,0.05,0.3 0.0299918
0.95,0.05,0.35 0.00654134
0.95,0.1,0.2 7.84679e-06
0.95,0.1,0.25 0.0955178
0.95,0.1,0.3 0.333481
0.95,0.1,0.35 0.0727335
0.95,0.15,0.2 4.89791e-06
0.95,0.15,0.25 0.0596215
0.95,0.15,0.3 0.208156
0.95,0.15,0.35 0.0453997
0.95,0.2,0.2 7.4548e-08
0.95,0.2,0.25 0.000907462
0.95,0.2,0.3 0.00316822
0.95,0.2,0.35 0.000691001
0.95,0.4,0.05 0.0122162
0.95,0.4,0.1 0.0568609
0.95,0.4,0.15 0.0165309
0.95,0.4,0.2 1.83134e-06
0.95,0.4,0.65 0.114873
0.95,0.4,0.7 2.5309
0.95,0.4,0.75 2.47064
0.95,0.4,0.8 0.102818
0.95,0.45,0.05 3.72845
0.95,0.45,0.1 17.3543
0.95,0.45,0.15 5.04533
0.95,0.45,0.2 0.000558935
0.95,0.45,0.65 0.874743
0.95,0.45,0.7 19.2725
0.95,0.45,0.75 18.8136
0.95,0.45,0.8 0.782947
0.95,0.5,0.05 8.96278
0.95,0.5,0.1 41.7177
0.95,0.5,0.15 12.1284
0.95,0.5,0.2 0.00134362
0.95,0.5,0.65 0.402374
0.95,0.5,0.7 8.8652
0.95,0.5,0.75 8.65411
0.95,0.5,0.8 0.360149
0.95,0.55,0.05 1.31927
0.95,0.55,0.1 6.14062
0.95,0.55,0.15 1.78524
0.95,0.55,0.2 0.000197773
0.95,0.55,0.65 0.00212976
0.95,0.55,0.7 0.0469233
0.95,0.55,0.75 0.045806
0.95,0.55,0.8 0.00190626
0.95,0.6,0.05 0.00907028
0.95,0.6,0.1 0.0480115
0.95,0.6,0.15 0.0158262
0.95,0.6,0.2 9.74955e-06
0.95,0.65,0.05 1.98796
0.95,0.65,0.1 10.5228
0.95,0.65,0.15 3.46866
0.95,0.65,0.2 0.00213684
0.95,0.7,0.05 4.46778
0.95,0.7,0.1 23.6492
0.95,0.7,0.15 7.79555
0.95,0.7,0.2 0.00480237
0.95,0.75,0.05 0.652655
0.95,0.75,0.1 3.75712
0.95,0.75,0.15 1.42048
0.95,0.75,0.2 0.00729616
0.95,0.8,0.05 1.06943
0.95,0.8,0.1 13.168
0.95,0.8,0.15 8.85853
0.95,0.8,0.2 1.86841
0.95,0.8,0.25 6.98989
0.95,0.8,0.3 1.7925
0.95,0.8,0.35 1.06634e-06
0.95,0.85,0.05 1.11496
0.95,0.85,0.1 13.7286
0.95,0.85,0.15 9.23564
0.95,0.85,0.2 8.4187
0.95,0.85,0.25 33.8375
0.95,0.85,0.3 8.67737
0.95,0.85,0.35 5.16207e-06
0.95,0.9,0.05 0.0521936
0.95,0.9,0.1 0.642667
0.95,0.9,0.15 0.432341
0.95,0.9,0.2 2.50014
0.95,0.9,0.25 10.2253
0.95,0.9,0.3 2.6222
0.95,0.9,0.35 1.55991e-06
0.95,0.95,0.2 0.000529902
0.95,0.95,0.25 0.00217424
0.95,0.95,0.3 0.000557566
0.95,0.95,0.35 3.3169e-10
