0.65,0.4,0.1 408.4
0.65,0.4,0.15 248.568
0.65,0.4,0.2 43.2251
0.65,0.4,0.25 7.21477
0.65,0.4,0.3 0.193743
0.65,0.4,0.35 0.0497759
0.65,0.4,0.4 0.000208305
0.65,0.45,0 4.21102e-10
0.65,0.45,0.05 161.711
0.65,0.45,0.1 648.158
0.65,0.45,0.15 205.545
0.65,0.45,0.2 230.598
0.65,0.45,0.25 136.412
0.65,0.45,0.3 4.31059
0.65,0.5,0 4.58467e-10
0.65,0.5,0.05 93.5162
0.65,0.5,0.1 374.745
0.65,0.5,0.15 144.785
0.65,0.5,0.2 507.667
0.65,0.5,0.25 368.173
0.65,0.5,0.3 12.3522
0.65,0.5,0.35 0.0143599
0.65,0.55,0 8.64303e-11
0.65,0.55,0.05 43.737
0.65,0.55,0.1 178.655
0.65,0.55,0.15 252.644
0.65,0.55,0.2 652.398
0.65,0.55,0.25 261.619
0.65,0.55,0.3 16.3348
0.65,0.55,0.35 0.0934824
0.65,0.6,0 1.88998e-11
0.65,0.6,0.05 33.7624
0.65,0.6,0.1 142.386
0.65,0.6,0.15 353.076
0.65,0.6,0.2 640.764
0.65,0.6,0.25 150.332
0.65,0.6,0.3 6.82465
0.65,0.6,0.35 0.0374162
0.65,0.65,0 7.77571e-13
0.65,0.65,0.05 14.5696
0.65,0.65,0.1 104.406
0.65,0.65,0.15 290.484
0.65,0.65,0.2 442.582
0.65,0.65,0.25 151.35
0.65,0.65,0.3 2.41962
0.65,0.65,0.35 9.91991e-05
0.65,0.7,0 1.67458e-12
0.65,0.7,0.05 12.1986
0.65,0.7,0.1 180.211
0.65,0.7,0.15 528.241
0.65,0.7,0.2 363.894
0.65,0.7,0.25 175.855
0.65,0.7,0.3 6.53686
0.65,0.75,0 3.29648e-10
0.65,0.75,0.05 26.654
0.65,0.75,0.1 214.222
0.65,0.75,0.15 484.833
0.65,0.75,0.2 252.324
0.65,0.75,0.25 124.209
0.65,0.75,0.3 5.10104
0.65,0.8,0 7.41904e-10
0.65,0.8,0.05 73.1778
0.65,0.8,0.1 353.486
0.65,0.8,0.15 352.226
0.65,0.8,0.2 83.7637
0.65,0.8,0.25 3.50381
0.65,0.8,0.3 0.143778
0.65,0.85,0 1.7205e-10
0.65,0.85,0.05 77.8794
0.65,0.85,0.1 313.637
0.65,0.85,0.15 88.0806
0.65,0.85,0.2 2.95598
0.65,0.85,0.25 0.000278516
0.65,0.9,0 1.99767e-11
0.65,0.9,0.05 18.789
0.65,0.9,0.1 75.1345
0.65,0.9,0.15 18.7783
0.65,0.95,0 1.57188e-16
0.65,0.95,0.05 0.000184117
0.65,0.95,0.1 0.000736258
0.65,0.95,0.15 0.000184012
0.7,0.1,0.1 0.0815382
0.7,0.1,0.15 2.78549
0.7,0.1,0.2 3.41061
0.7,0.1,0.25 0.208171
0.7,0.15,0 9.00523e-14
0.7,0.15,0.05 0.151703
0.7,0.15,0.1 38.2081
0.7,0.15,0.15 121.956
0.7,0.15,0.2 53.3148
0.7,0.15,0.25 2.63807
0.7,0.15,0.3 0.402042
0.7,0.15,0.35 0.0537004
0.7,0.2,0 2.66646e-12
0.7,0.2,0.05 1.49789
0.7,0.2,0.1 194.729
0.7,0.2,0.15 477.407
0.7,0.2,0.2 92.7266
0.7,0.2,0.25 7.15597
0.7,0.2,0.3 12.2537
0.7,0.2,0.35 1.63672
0.7,0.25,0 3.04622e-12
0.7,0.25,0.05 1.80984
0.7,0.25,0.1 221.538
0.7,0.25,0.15 513.172
0.7,0.25,0.2 92.9681
0.7,0.25,0.25 18.3161
0.7,0.25,0.3 14.4678
0.7,0.25,0.35 1.92171
0.7,0.25,0.4 0.000104011
0.7,0.3,0 1.66426e-13
0.7,0.3,0.05 0.793857
0.7,0.3,0.1 68.9
0.7,0.3,0.15 169.421
0.7,0.3,0.2 104.459
0.7,0.3,0.25 45.8302
0.7,0.3,0.3 1.94543
0.7,0.3,0.35 0.260259
0.7,0.3,0.4 0.000645205
0.7,0.35,0 1.35965e-10
0.7,0.35,0.05 46.3269
0.7,0.35,0.1 216.491
0.7,0.35,0.15 134.315
0.7,0.35,0.2 50.0507
0.7,0.35,0.25 11.2247
0.7,0.35,0.3 0.325176
0.7,0.35,0.35 0.0590371
0.7,0.35,0.4 0.000247061
0.7,0.4,0 6.64915e-10
0.7,0.4,0.05 155.352
0.7,0.4,0.1 648.24
0.7,0.4,0.15 270.947
0.7,0.4,0.2 49.4314
0.7,0.4,0.25 0.566321
0.7,0.4,0.3 0.0031595
0.7,0.4,0.35 0.000119824
0.7,0.4,0.4 5.01444e-07
0.7,0.45,0 3.9672e-10
0.7,0.45,0.05 100.711
0.7,0.45,0.1 472.089
0.7,0.45,0.15 319.515
0.7,0.45,0.2 83.8109
0.7,0.45,0.25 18.6308
0.7,0.45,0.3 0.529773
0.7,0.5,0 4.23097e-10
0.7,0.5,0.05 103.658
0.7,0.5,0.1 477.094
0.7,0.5,0.15 419.166
0.7,0.5,0.2 344.839
0.7,0.5,0.25 99.5052
0.7,0.5,0.3 1.55452
0.7,0.55,0 1.09361e-10
0.7,0.55,0.05 86.7907
0.7,0.55,0.1 378.137
0.7,0.55,0.15 431.805
0.7,0.55,0.2 601.784
0.7,0.55,0.25 133.44
0.7,0.55,0.3 0.803034
0.7,0.6,0 3.93614e-11
0.7,0.6,0.05 68.8859
0.7,0.6,0.1 278.326
0.7,0.6,0.15 282.371
0.7,0.6,0.2 466.832
0.7,0.6,0.25 68.6805
0.7,0.6,0.3 0.0785353
0.7,0.65,0 1.6194e-12
0.7,0.65,0.05 2.83408
0.7,0.65,0.1 15.7952
0.7,0.65,0.15 215.162
0.7,0.65,0.2 389.408
0.7,0.65,0.25 53.8544
0.7,0.65,0.3 0.506063
0.7,0.7,0 3.08274e-14
0.7,0.7,0.05 0.00239233
0.7,0.7,0.1 14.9906
0.7,0.7,0.15 152.538
0.7,0.7,0.2 355.614
0.7,0.7,0.25 198.346
0.7,0.7,0.3 7.48838
0.7,0.75,0 6.0956e-12
0.7,0.75,0.05 0.473042
0.7,0.75,0.1 31.1248
0.7,0.75,0.15 141.407
0.7,0.75,0.2 189.409
0.7,0.75,0.25 146.125
0.7,0.75,0.3 6.0064
0.7,0.8,0 2.01839e-09
0.7,0.8,0.05 11.2981
0.7,0.8,0.1 68.0791
0.7,0.8,0.15 117.43
0.7,0.8,0.2 34.8002
0.7,0.8,0.25 4.11979
0.7,0.8,0.3 0.169301
0.7,0.85,0 8.01202e-09
0.7,0.85,0.05 41.2806
0.7,0.85,0.1 165.693
0.7,0.85,0.15 45.0569
0.7,0.85,0.2 1.12884
0.7,0.85,0.25 0.00010636
0.7,0.9,0 2.00013e-09
0.7,0.9,0.05 10.3149
0.7,0.9,0.1 41.1903
0.7,0.9,0.15 10.2803
0.7,0.95,0 5.43256e-18
0.7,0.95,0.05 6.36324e-06
0.7,0.95,0.1 2.54457e-05
0.7,0.95,0.15 6.35962e-06
0.75,0.15,0.05 0.0704237
0.75,0.15,0.1 21.2492
0.75,0.15,0.15 50.9696
0.75,0.15,0.2 7.48426
0.75,0.2,0.05 0.316988
0.75,0.2,0.1 94.4866
0.75,0.2,0.15 226.135
0.75,0.2,0.2 33.1239
0.75,0.25,0.05 0.211464
0.75,0.25,0.1 59.0952
0.75,0.25,0.15 139.692
0.75,0.25,0.2 20.182
0.75,0.3,0.05 0.600951
0.75,0.3,0.1 12.0179
0.75,0.3,0.15 24.64
0.75,0.3,0.2 4.11037
0.75,0.3,0.25 0.00972598
0.75,0.35,0 3.81977e-11
0.75,0.35,0.05 55.455
0.75,0.35,0.1 241.012
0.75,0.35,0.15 235.759
0.75,0.35,0.2 100.468
0.75,0.35,0.25 1.09175
0.75,0.4,0 1.8218e-10
0.75,0.4,0.05 116.139
0.75,0.4,0.1 513.084
0.75,0.4,0.15 493.69
0.75,0.4,0.2 197.201
0.75,0.4,0.25 2.07605
0.75,0.45,0 7.25399e-11
0.75,0.45,0.05 21.8595
0.75,0.45,0.1 207.542
0.75,0.45,0.15 423.11
0.75,0.45,0.2 144.79
0.75,0.45,0.25 8.94098
0.75,0.45,0.3 2.46928e-05
0.75,0.5,0 4.97939e-11
0.75,0.5,0.05 12.2415
0.75,0.5,0.1 163.876
0.75,0.5,0.15 609.337
0.75,0.5,0.2 484.172
0.75,0.5,0.25 51.9793
0.75,0.5,0.3 0.00142149
0.75,0.55,0 1.50571e-11
0.75,0.55,0.05 20.6691
0.75,0.55,0.1 144.586
0.75,0.55,0.15 419.236
0.75,0.55,0.2 320.909
0.75,0.55,0.25 32.9556
0.75,0.55,0.3 0.00216944
0.75,0.6,0 6.74582e-12
0.75,0.6,0.05 28.567
0.75,0.6,0.1 117.931
0.75,0.6,0.15 88.1631
0.75,0.6,0.2 106.181
0.75,0.6,0.25 14.8203
0.75,0.6,0.3 0.000182716
0.75,0.65,0 4.06947e-13
0.75,0.65,0.05 11.6588
0.75,0.65,0.1 46.9519
0.75,0.65,0.15 44.506
0.75,0.65,0.2 61.8033
0.75,0.65,0.25 7.36373
0.75,0.65,0.3 0.0269419
0.75,0.7,0 6.07228e-15
0.75,0.7,0.05 0.506462
0.75,0.7,0.1 2.16437
0.75,0.7,0.15 14.4786
0.75,0.7,0.2 35.4464
0.75,0.7,0.25 13.0827
0.75,0.7,0.3 0.42948
0.75,0.75,0 2.65197e-11
0.75,0.75,0.05 0.114227
0.75,0.75,0.1 0.506582
0.75,0.75,0.15 0.794341
0.75,0.75,0.2 8.80458
0.75,0.75,0.25 8.39086
0.75,0.75,0.3 0.344631
0.75,0.8,0 6.47176e-09
0.75,0.8,0.05 30.6451
0.75,0.8,0.1 122.407
0.75,0.8,0.15 30.7583
0.75,0.8,0.2 0.304499
0.75,0.8,0.25 0.236223
0.75,0.8,0.3 0.00971403
0.75,0.85,0 2.26947e-08
0.75,0.85,0.05 108.816
0.75,0.85,0.1 434.492
0.75,0.85,0.15 108.437
0.75,0.85,0.2 0.00225179
0.75,0.85,0.25 2.12167e-07
0.75,0.9,0 5.3693e-09
0.75,0.9,0.05 25.8896
0.75,0.9,0.1 103.375
0.75,0.9,0.15 25.7978
0.8,0.05,0 1.96048e-11
0.8,0.05,0.05 1.15495
0.8,0.05,0.1 4.61623
0.8,0.05,0.15 1.15317
0.8,0.1,0 2.31151e-10
0.8,0.1,0.05 13.6174
0.8,0.1,0.1 54.4276
0.8,0.1,0.15 13.5964
0.8,0.15,0 1.50684e-10
0.8,0.15,0.05 8.87786
0.8,0.15,0.1 35.731
0.8,0.15,0.15 9.4636
0.8,0.15,0.2 0.0881402
0.8,0.2,0 2.58221e-12
0.8,0.2,0.05 0.155447
0.8,0.2,0.1 1.61134
0.8,0.2,0.15 2.55853
0.8,0.2,0.2 0.353386
0.8,0.25,0.05 0.000833248
0.8,0.25,0.1 0.251419
0.8,0.25,0.15 0.603069
0.8,0.25,0.2 0.0885533
0.8,0.3,0.05 0.0710857
0.8,0.3,0.1 0.329514
0.8,0.3,0.15 0.499103
0.8,0.3,0.2 0.238613
0.8,0.3,0.25 0.00259291
0.8,0.35,0 1.91407e-12
0.8,0.35,0.05 6.38634
0.8,0.35,0.1 30.5984
0.8,0.35,0.15 54.423
0.8,0.35,0.2 26.7845
0.8,0.35,0.25 0.291056
0.8,0.4,0 5.01385e-11
0.8,0.4,0.05 15.6519
0.8,0.4,0.1 73.3702
0.8,0.4,0.15 110.347
0.8,0.4,0.2 51.5277
0.8,0.4,0.25 0.553466
0.8,0.45,0 5.49608e-11
0.8,0.45,0.05 6.4374
0.8,0.45,0.1 38.0778
0.8,0.45,0.15 53.2994
0.8,0.45,0.2 20.7766
0.8,0.45,0.25 1.32954
0.8,0.5,0 5.17551e-12
0.8,0.5,0.05 3.7738
0.8,0.5,0.1 27.5243
0.8,0.5,0.15 75.6289
0.8,0.5,0.2 66.4445
0.8,0.5,0.25 7.45546
0.8,0.55,0 1.29552e-11
0.8,0.55,0.05 73.7106
0.8,0.55,0.1 302.305
0.8,0.55,0.15 118.925
0.8,0.55,0.2 30.8854
0.8,0.55,0.25 2.72554
0.8,0.6,0 1.35796e-11
0.8,0.6,0.05 141.422
0.8,0.6,0.1 566.052
0.8,0.6,0.15 143.527
0.8,0.6,0.2 0.723791
0.8,0.6,0.25 0.0116636
0.8,0.65,0 1.51337e-12
0.8,0.65,0.05 76.9784
0.8,0.65,0.1 307.891
0.8,0.65,0.15 76.9682
0.8,0.65,0.2 0.00214614
0.8,0.65,0.25 0.000322616
0.8,0.7,0 2.27173e-13
0.8,0.7,0.05 4.71673
0.8,0.7,0.1 18.8652
0.8,0.7,0.15 4.71587
0.8,0.75,0 2.78316e-10
0.8,0.75,0.05 1.40664
0.8,0.75,0.1 5.61753
0.8,0.75,0.15 1.40214
0.8,0.8,0 1.35993e-08
0.8,0.8,0.05 59.6748
0.8,0.8,0.1 238.267
0.8,0.8,0.15 59.4949
0.8,0.8,0.2 0.0218325
0.8,0.8,0.25 0.000266211
0.8,0.85,0 2.1173e-08
0.8,0.85,0.05 93.7068
0.8,0.85,0.1 374.176
0.8,0.85,0.15 93.6852
0.8,0.85,0.2 0.184859
0.8,0.85,0.25 0.00225404
0.8,0.9,0 2.16719e-09
0.8,0.9,0.05 9.81897
0.8,0.9,0.1 39.2208
0.8,0.9,0.15 9.94423
0.8,0.9,0.2 0.0930367
0.8,0.9,0.25 0.00113443
0.8,0.95,0.1 0.000121321
0.8,0.95,0.15 0.00122183
0.8,0.95,0.2 0.000707112
0.8,0.95,0.25 8.62204e-06
0.85,0.05,0 1.24806e-10
0.85,0.05,0.05 7.35247
0.85,0.05,0.1 29.3872
0.85,0.05,0.15 7.34114
0.85,0.1,0 1.47152e-09
0.85,0.1,0.05 86.6892
0.85,0.1,0.1 346.489
0.85,0.1,0.15 86.5556
0.85,0.15,0 9.59267e-10
0.85,0.15,0.05 56.5117
0.85,0.15,0.1 225.873
0.85,0.15,0.15 56.4246
0.85,0.2,0 1.64385e-11
0.85,0.2,0.05 0.968414
0.85,0.2,0.1 3.87067
0.85,0.2,0.15 0.966922
0.85,0.3,0.1 4.11248e-07
0.85,0.3,0.15 3.9532e-06
0.85,0.3,0.2 2.2056e-06
0.85,0.3,0.25 2.39674e-08
0.85,0.35,0 2.46841e-11
0.85,0.35,0.05 2.31665
0.85,0.35,0.1 9.26053
0.85,0.35,0.15 2.31404
0.85,0.35,0.2 0.000247581
0.85,0.35,0.25 2.69036e-06
0.85,0.4,0 6.48561e-10
0.85,0.4,0.05 61.0769
0.85,0.4,0.1 244.147
0.85,0.4,0.15 60.9972
0.85,0.4,0.2 0.000470794
0.85,0.4,0.25 5.11592e-06
0.85,0.45,0 8.1495e-10
0.85,0.45,0.05 92.0737
0.85,0.45,0.1 368.069
0.85,0.45,0.15 91.9611
0.85,0.45,0.2 5.27152e-05
0.85,0.45,0.25 5.72835e-07
0.85,0.5,0 2.3669e-10
0.85,0.5,0.05 49.7147
0.85,0.5,0.1 198.76
0.85,0.5,0.15 49.6654
0.85,0.55,0 2.50876e-11
0.85,0.55,0.05 37.5337
0.85,0.55,0.1 150.104
0.85,0.55,0.15 37.5184
0.85,0.6,0 6.1264e-12
0.85,0.6,0.05 61.2836
0.85,0.6,0.1 245.105
0.85,0.6,0.15 61.2689
0.85,0.65,0 4.26584e-12
0.85,0.65,0.05 57.2783
0.85,0.65,0.1 229.088
0.85,0.65,0.15 57.2658
0.85,0.7,0 8.47068e-12
0.85,0.7,0.05 60.7193
0.85,0.7,0.1 242.84
0.85,0.7,0.15 60.7005
0.85,0.75,0 1.79695e-10
0.85,0.75,0.05 10.525
0.85,0.75,0.1 42.0858
0.85,0.75,0.15 10.5179
0.85,0.8,0 7.95205e-09
0.85,0.8,0.05 72.5733
0.85,0.8,0.1 291.487
0.85,0.8,0.15 87.85
0.85,0.8,0.2 8.93926
0.85,0.8,0.25 0.108999
0.85,0.85,0 1.09868e-08
0.85,0.85,0.05 89.5657
0.85,0.85,0.1 370.804
0.85,0.85,0.15 220.13
0.85,0.85,0.2 75.6898
0.85,0.85,0.25 0.922911
0.85,0.9,0 8.06315e-10
0.85,0.9,0.05 5.64828
0.85,0.9,0.1 29.0984
0.85,0.9,0.15 71.4558
0.85,0.9,0.2 38.0936
0.85,0.9,0.25 0.464488
0.85,0.95,0.1 0.0496745
0.85,0.95,0.15 0.500276
0.85,0.95,0.2 0.289525
0.85,0.95,0.25 0.00353027
0.9,0.05,0 4.89436e-11
0.9,0.05,0.05 2.88334
0.9,0.05,0.1 11.5245
0.9,0.05,0.15 2.87889
0.9,0.1,0 5.77069e-10
0.9,0.1,0.05 33.9959
0.9,0.1,0.1 135.879
0.9,0.1,0.15 33.9435
0.9,0.15,0 3.76185e-10
0.9,0.15,0.05 22.1616
0.9,0.15,0.1 88.578
0.9,0.15,0.15 22.1274
0.9,0.2,0 6.4465e-12
0.9,0.2,0.05 0.379772
0.9,0.2,0.1 1.51792
0.9,0.2,0.15 0.379187
0.9,0.35,0 1.71751e-11
0.9,0.35,0.05 1.61191
0.9,0.35,0.1 6.44338
0.9,0.35,0.15 1.60978
0.9,0.4,0 4.53128e-10
0.9,0.4,0.05 42.9125
0.9,0.4,0.1 171.537
0.9,0.4,0.15 42.8561
0.9,0.45,0 7.06479e-10
0.9,0.45,0.05 95.1652
0.9,0.45,0.1 380.443
0.9,0.45,0.15 95.0561
0.9,0.5,0 3.98254e-10
0.9,0.5,0.05 85.7616
0.9,0.5,0.1 342.875
0.9,0.5,0.15 85.676
0.9,0.55,0 3.57798e-11
0.9,0.55,0.05 8.13557
0.9,0.55,0.1 32.5264
0.9,0.55,0.15 8.12763
0.9,0.6,0 4.9626e-14
0.9,0.6,0.05 0.390584
0.9,0.6,0.1 1.56212
0.9,0.6,0.15 0.390474
0.9,0.65,0 5.07433e-12
0.9,0.65,0.05 35.6869
0.9,0.65,0.1 142.725
0.9,0.65,0.15 35.6757
0.9,0.7,0 1.17393e-11
0.9,0.7,0.05 82.3675
0.9,0.7,0.1 329.418
0.9,0.7,0.15 82.3416
0.9,0.75,0 2.30819e-11
0.9,0.75,0.05 13.8493
0.9,0.75,0.1 55.3843
0.9,0.75,0.15 13.8429
0.9,0.8,0 6.31785e-10
0.9,0.8,0.05 61.7132
0.9,0.8,0.1 250.585
0.9,0.8,0.15 100.776
0.9,0.8,0.2 22.6514
0.9,0.8,0.25 0.276196
0.9,0.85,0 7.26178e-10
0.9,0.85,0.05 68.1559
0.9,0.85,0.1 305.359
0.9,0.85,0.15 399.472
0.9,0.85,0.2 191.792
0.9,0.85,0.25 2.33858
0.9,0.9,0 4.0616e-11
0.9,0.9,0.05 3.52351
0.9,0.9,0.1 30.6464
0.9,0.9,0.15 170.309
0.9,0.9,0.2 96.5262
0.9,0.9,0.25 1.17698
0.9,0.95,0.1 0.125871
0.9,0.95,0.15 1.26766
0.9,0.95,0.2 0.733633
0.9,0.95,0.25 0.00894542
0.95,0.05,0 1.15116e-13
0.95,0.05,0.05 0.00678165
0.95,0.05,0.1 0.0271057
0.95,0.05,0.15 0.0067712
0.95,0.1,0 1.35728e-12
0.95,0.1,0.05 0.079959
0.95,0.1,0.1 0.319589
0.95,0.1,0.15 0.0798357
0.95,0.15,0 8.84793e-13
0.95,0.15,0.05 0.0521244
0.95,0.15,0.1 0.208337
0.95,0.15,0.15 0.052044
0.95,0.2,0 1.51623e-14
0.95,0.2,0.05 0.000893231
0.95,0.2,0.1 0.00357017
0.95,0.2,0.15 0.000891854
0.95,0.35,0 3.48028e-13
0.95,0.35,0.05 0.0326631
0.95,0.35,0.1 0.130566
0.95,0.35,0.15 0.0326199
0.95,0.4,0 9.44488e-12
0.95,0.4,0.05 0.928195
0.95,0.4,0.1 3.71038
0.95,0.4,0.15 0.926994
0.95,0.45,0 3.39907e-11
0.95,0.45,0.05 6.31665
0.95,0.45,0.1 25.2535
0.95,0.45,0.15 6.3101
0.95,0.5,0 4.105e-11
0.95,0.5,0.05 9.09351
0.95,0.5,0.1 36.356
0.95,0.5,0.15 9.0845
0.95,0.55,0 3.87302e-12
0.95,0.55,0.05 0.863833
0.95,0.55,0.1 3.45362
0.95,0.55,0.15 0.862979
0.95,0.6,0 1.48447e-15
0.95,0.6,0.05 0.0104151
0.95,0.6,0.1 0.041654
0.95,0.6,0.15 0.0104119
0.95,0.65,0 3.7401e-13
0.95,0.65,0.05 2.62407
0.95,0.65,0.1 10.4946
0.95,0.65,0.15 2.62325
0.95,0.7,0 8.6566e-13
0.95,0.7,0.05 6.07352
0.95,0.7,0.1 24.2903
0.95,0.7,0.15 6.07161
0.95,0.75,0 1.75853e-12
0.95,0.75,0.05 1.04604
0.95,0.75,0.1 4.18317
0.95,0.75,0.15 1.04554
0.95,0.8,0 4.51572e-11
0.95,0.8,0.05 5.22184
0.95,0.8,0.1 21.4808
0.95,0.8,0.15 11.3213
0.95,0.8,0.2 3.53367
0.95,0.8,0.25 0.0430872
0.95,0.85,0 4.97777e-11
0.95,0.85,0.05 5.75614
0.95,0.85,0.1 28.1439
0.95,0.85,0.15 57.4486
0.95,0.85,0.2 29.9201
0.95,0.85,0.25 0.364825
0.95,0.9,0 2.56326e-12
0.95,0.9,0.05 0.296408
0.95,0.9,0.1 3.7685
0.95,0.9,0.15 26.3157
0.95,0.9,0.2 15.0583
0.95,0.9,0.25 0.183611
0.95,0.95,0.1 0.0196362
0.95,0.95,0.15 0.197758
0.95,0.95,0.2 0.114449
0.95,0.95,0.25 0.00139551
