0,0.4,0.15 1.71373e-14
0,0.4,0.2 7.33012e-14
0,0.4,0.25 1.95945e-14
0,0.4,0.3 2.04337e-19
0,0.45,0.15 1.61833e-11
0,0.45,0.2 6.92205e-11
0,0.45,0.25 1.85037e-11
0,0.45,0.3 1.92962e-16
0,0.5,0.15 4.6253e-11
0,0.5,0.2 1.97838e-10
0,0.5,0.25 5.2885e-11
0,0.5,0.3 5.515e-16
0,0.55,0.15 8.21008e-12
0,0.55,0.2 3.51169e-11
0,0.55,0.25 9.38728e-12
0,0.55,0.3 9.78933e-17
0.05,0.1,0.15 2.46427
0.05,0.1,0.2 15.4783
0.05,0.1,0.25 5.99551
0.05,0.1,0.3 0.0130796
0.05,0.15,0.05 0.00193067
0.05,0.15,0.1 0.00774006
0.05,0.15,0.15 11.1016
0.05,0.15,0.2 70.1636
0.05,0.15,0.25 29.2492
0.05,0.15,0.3 0.763768
0.05,0.15,0.35 0.000253593
0.05,0.2,0.05 0.0493862
0.05,0.2,0.1 0.19802
0.05,0.2,0.15 3.43117
0.05,0.2,0.2 24.0723
0.05,0.2,0.25 26.5147
0.05,0.2,0.3 6.95773
0.05,0.2,0.35 4.90999
0.05,0.2,0.4 3.65057
0.05,0.2,0.45 0.0934382
0.05,0.25,0.05 0.43096
0.05,0.25,0.1 1.72703
0.05,0.25,0.15 2.00239
0.05,0.25,0.2 6.545
0.05,0.25,0.25 16.7088
0.05,0.25,0.3 25.684
0.05,0.25,0.35 36.5357
0.05,0.25,0.4 25.0246
0.05,0.25,0.45 0.640518
0.05,0.3,0.05 0.28626
0.05,0.3,0.1 1.14743
0.05,0.3,0.15 0.880871
0.05,0.3,0.2 1.79802
0.05,0.3,0.25 7.49342
0.05,0.3,0.3 22.7593
0.05,0.3,0.35 17.8444
0.05,0.3,0.4 10.4942
0.05,0.3,0.45 0.268604
0.05,0.35,0.05 0.00537953
0.05,0.35,0.1 2.74721
0.05,0.35,0.15 13.8304
0.05,0.35,0.2 4.37542
0.05,0.35,0.25 0.342751
0.05,0.35,0.3 1.05016
0.05,0.35,0.35 0.247318
0.05,0.35,0.4 0.0358592
0.05,0.35,0.45 0.000917835
0.05,0.4,0.1 9.01528
0.05,0.4,0.15 45.7619
0.05,0.4,0.2 14.864
0.05,0.4,0.25 0.422069
0.05,0.4,0.3 0.0239275
0.05,0.45,0.05 0.000806602
0.05,0.45,0.1 2.02276
0.05,0.45,0.15 18.87
0.05,0.45,0.2 57.0338
0.05,0.45,0.25 32.4326
0.05,0.45,0.3 4.61073
0.05,0.45,0.35 0.562022
0.05,0.45,0.4 0.0106321
0.05,0.45,0.45 4.91828e-05
0.05,0.5,0.05 0.0114821
0.05,0.5,0.1 2.2471
0.05,0.5,0.15 29.7402
0.05,0.5,0.2 129.778
0.05,0.5,0.25 67.9988
0.05,0.5,0.3 24.3951
0.05,0.5,0.35 8.24667
0.05,0.5,0.4 2.32314
0.05,0.5,0.45 0.0755267
0.05,0.5,0.5 9.25484e-05
0.05,0.55,0.05 0.00854796
0.05,0.55,0.1 1.6716
0.05,0.55,0.15 7.97744
0.05,0.55,0.2 20.9459
0.05,0.55,0.25 33.6036
0.05,0.55,0.3 59.6274
0.05,0.55,0.35 21.5163
0.05,0.55,0.4 22.7978
0.05,0.55,0.45 6.58278
0.05,0.55,0.5 0.00925676
0.05,0.6,0.05 0.000203714
0.05,0.6,0.1 0.0403102
0.05,0.6,0.15 0.0897429
0.05,0.6,0.2 0.103563
0.05,0.6,0.25 17.412
0.05,0.6,0.3 38.2603
0.05,0.6,0.35 12.1228
0.05,0.6,0.4 33.8534
0.05,0.6,0.45 12.0648
0.05,0.6,0.5 0.0170182
0.05,0.65,0.1 0.00519776
0.05,0.65,0.15 0.0934766
0.05,0.65,0.2 4.45682
0.05,0.65,0.25 7.5684
0.05,0.65,0.3 1.53112
0.05,0.65,0.35 0.72583
0.05,0.65,0.4 3.56786
0.05,0.65,0.45 1.29539
0.05,0.65,0.5 0.00182767
0.05,0.7,0.1 0.00321597
0.05,0.7,0.15 0.55568
0.05,0.7,0.2 36.0282
0.05,0.7,0.25 58.0626
0.05,0.7,0.3 5.26433
0.05,0.75,0.1 4.77501e-05
0.05,0.75,0.15 0.261683
0.05,0.75,0.2 17.4724
0.05,0.75,0.25 28.1624
0.05,0.75,0.3 2.55338
0.05,0.8,0.15 0.00172371
0.05,0.8,0.2 0.1152
0.05,0.8,0.25 0.185682
0.05,0.8,0.3 0.0168351
0.1,0.05,0.15 0.0022687
0.1,0.05,0.2 0.0111648
0.1,0.05,0.25 0.113221
0.1,0.05,0.3 1.13036
0.1,0.05,0.35 0.665444
0.1,0.05,0.4 0.0085464
0.1,0.1,0.15 14.0081
0.1,0.1,0.2 88.0999
0.1,0.1,0.25 35.1082
0.1,0.1,0.3 8.7955
0.1,0.1,0.35 5.12622
0.1,0.1,0.4 0.0658368
0.1,0.15,0.05 3.96039
0.1,0.15,0.1 15.8773
0.1,0.15,0.15 67.0453
0.1,0.15,0.2 404.673
0.1,0.15,0.25 193.088
0.1,0.15,0.3 17.2431
0.1,0.15,0.35 6.19009
0.1,0.15,0.4 1.50782
0.1,0.15,0.45 0.00336512
0.1,0.2,0.05 34.5813
0.1,0.2,0.1 138.631
0.1,0.2,0.15 65.2387
0.1,0.2,0.2 212.791
0.1,0.2,0.25 390.471
0.1,0.2,0.3 138.334
0.1,0.2,0.35 68.2298
0.1,0.2,0.4 41.7995
0.1,0.2,0.45 0.864254
0.1,0.25,0.05 58.0501
0.1,0.25,0.1 233.27
0.1,0.25,0.15 136.474
0.1,0.25,0.2 266.422
0.1,0.25,0.25 319.277
0.1,0.25,0.3 352.429
0.1,0.25,0.35 351.129
0.1,0.25,0.4 229.343
0.1,0.25,0.45 5.79417
0.1,0.3,0.05 29.6897
0.1,0.3,0.1 122.311
0.1,0.3,0.15 62.0972
0.1,0.3,0.2 88.5848
0.1,0.3,0.25 105.971
0.1,0.3,0.3 272.557
0.1,0.3,0.35 173.535
0.1,0.3,0.4 94.8147
0.1,0.3,0.45 2.42671
0.1,0.35,0.05 0.661707
0.1,0.35,0.1 26.4033
0.1,0.35,0.15 116.776
0.1,0.35,0.2 36.5842
0.1,0.35,0.25 4.11309
0.1,0.35,0.3 12.5396
0.1,0.35,0.35 2.8189
0.1,0.35,0.4 0.323969
0.1,0.35,0.45 0.00829217
0.1,0.4,0.05 3.97646e-05
0.1,0.4,0.1 75.3472
0.1,0.4,0.15 393.226
0.1,0.4,0.2 140.082
0.1,0.4,0.25 4.69343
0.1,0.4,0.3 0.24233
0.1,0.4,0.35 0.0799154
0.1,0.4,0.4 1.61746
0.1,0.4,0.45 1.60346
0.1,0.4,0.5 0.0687349
0.1,0.45,0 1.93879e-13
0.1,0.45,0.05 1.21584
0.1,0.45,0.1 28.7578
0.1,0.45,0.15 223.513
0.1,0.45,0.2 440.773
0.1,0.45,0.25 251.075
0.1,0.45,0.3 70.1812
0.1,0.45,0.35 12.0326
0.1,0.45,0.4 35.3012
0.1,0.45,0.45 34.6281
0.1,0.45,0.5 1.48432
0.1,0.5,0 1.00185e-12
0.1,0.5,0.05 6.57757
0.1,0.5,0.1 115.938
0.1,0.5,0.15 361.229
0.1,0.5,0.2 753.338
0.1,0.5,0.25 540.308
0.1,0.5,0.3 398.714
0.1,0.5,0.35 220.95
0.1,0.5,0.4 112.073
0.1,0.5,0.45 34.5253
0.1,0.5,0.5 1.43348
0.1,0.55,0 3.22651e-13
0.1,0.55,0.05 2.31384
0.1,0.55,0.1 75.2672
0.1,0.55,0.15 191.5
0.1,0.55,0.2 192.613
0.1,0.55,0.25 344.557
0.1,0.55,0.3 605.452
0.1,0.55,0.35 476.025
0.1,0.55,0.4 358.417
0.1,0.55,0.45 67.5792
0.1,0.55,0.5 0.150276
0.1,0.6,0 1.55456e-16
0.1,0.6,0.05 0.00916042
0.1,0.6,0.1 3.55535
0.1,0.6,0.15 17.1924
0.1,0.6,0.2 15.0712
0.1,0.6,0.25 142.331
0.1,0.6,0.3 285.858
0.1,0.6,0.35 160.708
0.1,0.6,0.4 365.879
0.1,0.6,0.45 120.096
0.1,0.6,0.5 0.168948
0.1,0.65,0.1 21.2471
0.1,0.65,0.15 118.157
0.1,0.65,0.2 81.8446
0.1,0.65,0.25 51.7781
0.1,0.65,0.3 22.2331
0.1,0.65,0.35 104.558
0.1,0.65,0.4 89.1373
0.1,0.65,0.45 13.7376
0.1,0.65,0.5 0.0181442
0.1,0.7,0.1 13.106
0.1,0.7,0.15 75.1053
0.1,0.7,0.2 250.861
0.1,0.7,0.25 345.944
0.1,0.7,0.3 37.6444
0.1,0.7,0.35 41.4447
0.1,0.7,0.4 18.5757
0.1,0.7,0.45 0.249677
0.1,0.75,0.1 0.193736
0.1,0.75,0.15 2.65192
0.1,0.75,0.2 102.251
0.1,0.75,0.25 162.86
0.1,0.75,0.3 15.0086
0.1,0.75,0.35 0.555497
0.1,0.75,0.4 0.134351
0.1,0.75,0.45 1.76634e-05
0.1,0.8,0.15 0.00985418
0.1,0.8,0.2 0.67231
0.1,0.8,0.25 1.19104
0.1,0.8,0.3 0.167423
0.1,0.8,0.35 0.000736252
0.1,0.85,0.2 2.61471e-06
0.1,0.85,0.25 2.46605e-05
0.1,0.85,0.3 1.3552e-05
0.1,0.85,0.35 1.40176e-07
0.15,0.05,0 3.77742e-13
0.15,0.05,0.05 0.00767793
0.15,0.05,0.1 0.030678
0.15,0.05,0.15 5.28994
0.15,0.05,0.2 25.9953
0.15,0.05,0.25 10.9944
0.15,0.05,0.3 31.1851
0.15,0.05,0.35 18.4999
0.15,0.05,0.4 0.24887
0.15,0.1,0 2.55832e-10
0.15,0.1,0.05 5.19999
0.15,0.1,0.1 20.7771
0.15,0.1,0.15 36.8241
0.15,0.1,0.2 173.632
0.15,0.1,0.25 92.0067
0.15,0.1,0.3 242.783
0.15,0.1,0.35 143.936
0.15,0.1,0.4 1.98522
0.15,0.15,0 7.00245e-10
0.15,0.15,0.05 26.5173
0.15,0.15,0.1 106.614
0.15,0.15,0.15 62.9647
0.15,0.15,0.2 311.484
0.15,0.15,0.25 271.005
0.15,0.15,0.3 146.228
0.15,0.15,0.35 124.171
0.15,0.15,0.4 22.6874
0.15,0.15,0.45 0.0480223
0.15,0.2,0 1.18739e-10
0.15,0.2,0.05 105.861
0.15,0.2,0.1 427.74
0.15,0.2,0.15 165.112
0.15,0.2,0.2 306.111
0.15,0.2,0.25 588.254
0.15,0.2,0.3 330.274
0.15,0.2,0.35 393.098
0.15,0.2,0.4 154.022
0.15,0.2,0.45 0.734955
0.15,0.25,0 1.50302e-13
0.15,0.25,0.05 136.226
0.15,0.25,0.1 576.236
0.15,0.25,0.15 300.131
0.15,0.25,0.2 464.646
0.15,0.25,0.25 624.308
0.15,0.25,0.3 616.611
0.15,0.25,0.35 367.569
0.15,0.25,0.4 176.275
0.15,0.25,0.45 3.17792
0.15,0.3,0 1.73952e-13
0.15,0.3,0.05 75.1842
0.15,0.3,0.1 447.111
0.15,0.3,0.15 256.72
0.15,0.3,0.2 159.866
0.15,0.3,0.25 154.413
0.15,0.3,0.3 268.404
0.15,0.3,0.35 110.551
0.15,0.3,0.4 51.1735
0.15,0.3,0.45 1.28836
0.15,0.35,0 1.3853e-12
0.15,0.35,0.05 6.43903
0.15,0.35,0.1 82.91
0.15,0.35,0.15 106.435
0.15,0.35,0.2 22.1548
0.15,0.35,0.25 3.90165
0.15,0.35,0.3 8.67572
0.15,0.35,0.35 1.85145
0.15,0.35,0.4 0.173537
0.15,0.35,0.45 0.00440179
0.15,0.4,0 1.30332e-12
0.15,0.4,0.05 0.443966
0.15,0.4,0.1 43.5495
0.15,0.4,0.15 260.671
0.15,0.4,0.2 139.871
0.15,0.4,0.25 10.3012
0.15,0.4,0.3 1.67944
0.15,0.4,0.35 1.93845
0.15,0.4,0.4 10.1526
0.15,0.4,0.45 9.83765
0.15,0.4,0.5 0.421701
0.15,0.45,0 2.74676e-12
0.15,0.45,0.05 16.5148
0.15,0.45,0.1 95.4064
0.15,0.45,0.15 490.471
0.15,0.45,0.2 694.27
0.15,0.45,0.25 329.081
0.15,0.45,0.3 160.068
0.15,0.45,0.35 127.075
0.15,0.45,0.4 240.384
0.15,0.45,0.45 218.266
0.15,0.45,0.5 9.17261
0.15,0.5,0 1.39311e-11
0.15,0.5,0.05 85.6386
0.15,0.5,0.1 463.769
0.15,0.5,0.15 614.022
0.15,0.5,0.2 750.392
0.15,0.5,0.25 642.773
0.15,0.5,0.3 615.571
0.15,0.5,0.35 534.41
0.15,0.5,0.4 439.627
0.15,0.5,0.45 249.83
0.15,0.5,0.5 9.28467
0.15,0.55,0 4.48659e-12
0.15,0.55,0.05 27.8384
0.15,0.55,0.1 198.962
0.15,0.55,0.15 353.14
0.15,0.55,0.2 450.01
0.15,0.55,0.25 549.078
0.15,0.55,0.3 846.187
0.15,0.55,0.35 767.059
0.15,0.55,0.4 464.219
0.15,0.55,0.45 67.669
0.15,0.55,0.5 0.635406
0.15,0.6,0 2.16168e-15
0.15,0.6,0.05 2.96772
0.15,0.6,0.1 26.2937
0.15,0.6,0.15 94.6922
0.15,0.6,0.2 103.006
0.15,0.6,0.25 177.217
0.15,0.6,0.3 301.086
0.15,0.6,0.35 261.149
0.15,0.6,0.4 294.821
0.15,0.6,0.45 69.9601
0.15,0.6,0.5 0.0978045
0.15,0.65,0.05 16.8209
0.15,0.65,0.1 168.357
0.15,0.65,0.15 583.643
0.15,0.65,0.2 512.984
0.15,0.65,0.25 138.876
0.15,0.65,0.3 130.669
0.15,0.65,0.35 680.404
0.15,0.65,0.4 331.832
0.15,0.65,0.45 11.7793
0.15,0.65,0.5 0.0103835
0.15,0.7,0.05 5.96511
0.15,0.7,0.1 80.9911
0.15,0.7,0.15 345.226
0.15,0.7,0.2 513.332
0.15,0.7,0.25 362.335
0.15,0.7,0.3 142.202
0.15,0.7,0.35 369.102
0.15,0.7,0.4 124.913
0.15,0.7,0.45 1.2573
0.15,0.75,0.05 0.00703769
0.15,0.75,0.1 2.4779
0.15,0.75,0.15 19.5047
0.15,0.75,0.2 88.0623
0.15,0.75,0.25 241.246
0.15,0.75,0.3 122.355
0.15,0.75,0.35 31.1444
0.15,0.75,0.4 2.33188
0.15,0.75,0.45 8.89473e-05
0.15,0.8,0.1 0.0220404
0.15,0.8,0.15 0.181271
0.15,0.8,0.2 5.11907
0.15,0.8,0.25 45.3202
0.15,0.8,0.3 31.4974
0.15,0.8,0.35 6.29633
0.15,0.8,0.4 0.196721
0.15,0.85,0.2 0.000889872
0.15,0.85,0.25 0.00845908
0.15,0.85,0.3 0.0057898
0.15,0.85,0.35 0.00105979
0.15,0.85,0.4 3.29382e-05
0.2,0.05,0 2.59192e-12
0.2,0.05,0.05 0.0526829
0.2,0.05,0.1 0.2105
0.2,0.05,0.15 16.6943
0.2,0.05,0.2 81.964
0.2,0.05,0.25 28.9773
0.2,0.05,0.3 46.4286
0.2,0.05,0.35 33.1972
0.2,0.05,0.4 0.890751
0.2,0.1,0 1.75541e-09
0.2,0.1,0.05 35.6802
0.2,0.1,0.1 142.568
0.2,0.1,0.15 119.555
0.2,0.1,0.2 435.61
0.2,0.1,0.25 204.055
0.2,0.1,0.3 421.798
0.2,0.1,0.35 314.345
0.2,0.1,0.4 9.66608
0.2,0.15,0 4.8048e-09
0.2,0.15,0.05 100.037
0.2,0.15,0.1 411.81
0.2,0.15,0.15 189.69
0.2,0.15,0.2 410.788
0.2,0.15,0.25 510.645
0.2,0.15,0.3 320.399
0.2,0.15,0.35 238.676
0.2,0.15,0.4 27.061
0.2,0.15,0.45 0.0364583
0.2,0.2,0 8.14776e-10
0.2,0.2,0.05 41.6555
0.2,0.2,0.1 247.159
0.2,0.2,0.15 434.471
0.2,0.2,0.2 560.159
0.2,0.2,0.25 440.706
0.2,0.2,0.3 305.979
0.2,0.2,0.35 613.968
0.2,0.2,0.4 184.912
0.2,0.2,0.45 0.225624
0.2,0.25,0 1.538e-12
0.2,0.25,0.05 98.6086
0.2,0.25,0.1 467.415
0.2,0.25,0.15 393.724
0.2,0.25,0.2 639.66
0.2,0.25,0.25 477.327
0.2,0.25,0.3 613.446
0.2,0.25,0.35 649.643
0.2,0.25,0.4 142.182
0.2,0.25,0.45 0.117038
0.2,0.3,0 6.71983e-12
0.2,0.3,0.05 83.6775
0.2,0.3,0.1 533.945
0.2,0.3,0.15 382.659
0.2,0.3,0.2 562.582
0.2,0.3,0.25 287.209
0.2,0.3,0.3 205.38
0.2,0.3,0.35 130.037
0.2,0.3,0.4 18.6453
0.2,0.3,0.45 0.0338795
0.2,0.35,0 1.1652e-10
0.2,0.35,0.05 47.4006
0.2,0.35,0.1 255.61
0.2,0.35,0.15 133.17
0.2,0.35,0.2 62.861
0.2,0.35,0.25 19.8727
0.2,0.35,0.3 1.22334
0.2,0.35,0.35 0.740669
0.2,0.35,0.4 0.294303
0.2,0.35,0.45 0.0064413
0.2,0.4,0 1.09776e-10
0.2,0.4,0.05 44.7645
0.2,0.4,0.1 213.688
0.2,0.4,0.15 283.225
0.2,0.4,0.2 124.966
0.2,0.4,0.25 12.3405
0.2,0.4,0.3 3.46365
0.2,0.4,0.35 3.47664
0.2,0.4,0.4 4.52517
0.2,0.4,0.45 3.78114
0.2,0.4,0.5 0.159837
0.2,0.45,0 6.21946e-12
0.2,0.45,0.05 44.0855
0.2,0.45,0.1 237.843
0.2,0.45,0.15 599.14
0.2,0.45,0.2 512.487
0.2,0.45,0.25 253.332
0.2,0.45,0.3 275.485
0.2,0.45,0.35 295.325
0.2,0.45,0.4 226.284
0.2,0.45,0.45 120.057
0.2,0.45,0.5 3.75457
0.2,0.5,0 1.01992e-11
0.2,0.5,0.05 82.1931
0.2,0.5,0.1 368.486
0.2,0.5,0.15 412.91
0.2,0.5,0.2 513.996
0.2,0.5,0.25 428.941
0.2,0.5,0.3 777.472
0.2,0.5,0.35 725.707
0.2,0.5,0.4 678.737
0.2,0.5,0.45 312.319
0.2,0.5,0.5 5.60177
0.2,0.55,0 3.28718e-12
0.2,0.55,0.05 25.8361
0.2,0.55,0.1 130.954
0.2,0.55,0.15 340.925
0.2,0.55,0.2 435.5
0.2,0.55,0.25 379.265
0.2,0.55,0.3 690.324
0.2,0.55,0.35 492.6
0.2,0.55,0.4 423.913
0.2,0.55,0.45 133.914
0.2,0.55,0.5 1.16664
0.2,0.6,0 9.57895e-13
0.2,0.6,0.05 12.7373
0.2,0.6,0.1 90.6995
0.2,0.6,0.15 378.367
0.2,0.6,0.2 419.864
0.2,0.6,0.25 358.095
0.2,0.6,0.3 437.383
0.2,0.6,0.35 368.916
0.2,0.6,0.4 150.437
0.2,0.6,0.45 15.8156
0.2,0.6,0.5 0.00632123
0.2,0.65,0 8.97926e-11
0.2,0.65,0.05 76.3615
0.2,0.65,0.1 453.459
0.2,0.65,0.15 584.586
0.2,0.65,0.2 540.095
0.2,0.65,0.25 174.177
0.2,0.65,0.3 279.464
0.2,0.65,0.35 684.687
0.2,0.65,0.4 183.69
0.2,0.65,0.45 1.51295
0.2,0.65,0.5 0.000122423
0.2,0.7,0 1.61943e-10
0.2,0.7,0.05 34.5132
0.2,0.7,0.1 229.664
0.2,0.7,0.15 500.568
0.2,0.7,0.2 546.352
0.2,0.7,0.25 515.562
0.2,0.7,0.3 496.392
0.2,0.7,0.35 522.625
0.2,0.7,0.4 78.0792
0.2,0.7,0.45 0.394884
0.2,0.75,0 1.69791e-11
0.2,0.75,0.05 0.999942
0.2,0.75,0.1 27.1459
0.2,0.75,0.15 201.442
0.2,0.75,0.2 326.559
0.2,0.75,0.25 660.485
0.2,0.75,0.3 598.748
0.2,0.75,0.35 275.66
0.2,0.75,0.4 10.6175
0.2,0.75,0.45 2.7936e-05
0.2,0.8,0.1 0.281058
0.2,0.8,0.15 5.99625
0.2,0.8,0.2 37.3846
0.2,0.8,0.25 127.732
0.2,0.8,0.3 144.141
0.2,0.8,0.35 71.1424
0.2,0.8,0.4 2.29483
0.2,0.85,0.15 0.000301496
0.2,0.85,0.2 0.00464744
0.2,0.85,0.25 0.0225658
0.2,0.85,0.3 0.0250597
0.2,0.85,0.35 0.0119233
0.2,0.85,0.4 0.000384238
0.25,0.05,0 1.08787e-12
0.25,0.05,0.05 0.0221119
0.25,0.05,0.1 0.0885128
0.25,0.05,0.15 8.33086
0.25,0.05,0.2 45.6426
0.25,0.05,0.25 25.0621
0.25,0.05,0.3 32.1702
0.25,0.05,0.35 19.9032
0.25,0.05,0.4 0.858938
0.25,0.1,0 7.36776e-10
0.25,0.1,0.05 14.9756
0.25,0.1,0.1 60.0489
0.25,0.1,0.15 69.0647
0.25,0.1,0.2 305.711
0.25,0.1,0.25 206.836
0.25,0.1,0.3 318.038
0.25,0.1,0.35 235.862
0.25,0.1,0.4 10.6738
0.25,0.15,0 2.01665e-09
0.25,0.15,0.05 41.2049
0.25,0.15,0.1 181.059
0.25,0.15,0.15 234.872
0.25,0.15,0.2 490.677
0.25,0.15,0.25 606.382
0.25,0.15,0.3 397.875
0.25,0.15,0.35 256.676
0.25,0.15,0.4 21.3653
0.25,0.15,0.45 0.070967
0.25,0.2,0 3.41994e-10
0.25,0.2,0.05 12.4781
0.25,0.2,0.1 140.077
0.25,0.2,0.15 559.718
