0.05,0.1,0.15 0.845493
0.05,0.1,0.2 12.0119
0.05,0.1,0.25 8.93046
0.05,0.1,0.3 0.21217
0.05,0.15,0.05 0.00343064
0.05,0.15,0.1 0.0137285
0.05,0.15,0.15 4.48203
0.05,0.15,0.2 63.9553
0.05,0.15,0.25 49.2175
0.05,0.15,0.3 1.81585
0.05,0.15,0.35 0.000951565
0.05,0.2,0.05 0.06239
0.05,0.2,0.1 0.257655
0.05,0.2,0.15 1.60731
0.05,0.2,0.2 25.5515
0.05,0.2,0.25 41.2361
0.05,0.2,0.3 10.0403
0.05,0.2,0.35 3.10477
0.05,0.2,0.4 2.99399
0.05,0.2,0.45 0.129061
0.05,0.25,0.05 0.480857
0.05,0.25,0.1 2.02305
0.05,0.25,0.15 0.887131
0.05,0.25,0.2 4.18665
0.05,0.25,0.25 22.263
0.05,0.25,0.3 25.0425
0.05,0.25,0.35 32.2616
0.05,0.25,0.4 27.3161
0.05,0.25,0.45 1.1775
0.05,0.3,0.05 0.318094
0.05,0.3,0.1 1.33978
0.05,0.3,0.15 0.476643
0.05,0.3,0.2 0.434579
0.05,0.3,0.25 6.36126
0.05,0.3,0.3 27.0924
0.05,0.3,0.35 22.012
0.05,0.3,0.4 14.6163
0.05,0.3,0.45 0.63005
0.05,0.35,0.05 0.00600168
0.05,0.35,0.1 1.45858
0.05,0.35,0.15 13.6594
0.05,0.35,0.2 7.5625
0.05,0.35,0.25 0.576617
0.05,0.35,0.3 2.21793
0.05,0.35,0.35 0.754873
0.05,0.35,0.4 0.138277
0.05,0.35,0.45 0.00595955
0.05,0.4,0.1 4.99469
0.05,0.4,0.15 47.6101
0.05,0.4,0.2 26.6459
0.05,0.4,0.25 0.651389
0.05,0.4,0.3 0.0333497
0.05,0.45,0.05 0.000123078
0.05,0.45,0.1 1.196
0.05,0.45,0.15 18.9815
0.05,0.45,0.2 57.5753
0.05,0.45,0.25 38.4395
0.05,0.45,0.3 5.6374
0.05,0.45,0.35 0.528775
0.05,0.45,0.4 0.0150084
0.05,0.45,0.45 0.000213021
0.05,0.5,0.05 0.00200511
0.05,0.5,0.1 1.72906
0.05,0.5,0.15 27.871
0.05,0.5,0.2 128.062
0.05,0.5,0.25 81.3253
0.05,0.5,0.3 24.0258
0.05,0.5,0.35 9.27915
0.05,0.5,0.4 4.15798
0.05,0.5,0.45 0.25805
0.05,0.5,0.5 0.0016305
0.05,0.55,0.05 0.00163168
0.05,0.55,0.1 1.40622
0.05,0.55,0.15 7.98402
0.05,0.55,0.2 20.9234
0.05,0.55,0.25 33.0769
0.05,0.55,0.3 57.4912
0.05,0.55,0.35 24.9051
0.05,0.55,0.4 31.4032
0.05,0.55,0.45 11.7031
0.05,0.55,0.5 0.0922052
0.05,0.6,0.05 4.73962e-05
0.05,0.6,0.1 0.0408926
0.05,0.6,0.15 0.115925
0.05,0.6,0.2 0.0832923
0.05,0.6,0.25 15.9896
0.05,0.6,0.3 37.3037
0.05,0.6,0.35 11.271
0.05,0.6,0.4 35.6661
0.05,0.6,0.45 17.5714
0.05,0.6,0.5 0.139774
0.05,0.65,0.1 0.000595212
0.05,0.65,0.15 0.00725116
0.05,0.65,0.2 1.83649
0.05,0.65,0.25 6.14865
0.05,0.65,0.3 1.9886
0.05,0.65,0.35 0.454763
0.05,0.65,0.4 2.87413
0.05,0.65,0.45 1.46481
0.05,0.65,0.5 0.0116636
0.05,0.7,0.1 0.000419277
0.05,0.7,0.15 0.0103774
0.05,0.7,0.2 14.5871
0.05,0.7,0.25 46.0614
0.05,0.7,0.3 9.07126
0.05,0.75,0.1 8.75816e-06
0.05,0.75,0.15 0.00285959
0.05,0.75,0.2 6.97223
0.05,0.75,0.25 22.0202
0.05,0.75,0.3 4.33663
0.05,0.8,0.15 1.71932e-05
0.05,0.8,0.2 0.0433764
0.05,0.8,0.25 0.136996
0.05,0.8,0.3 0.0269798
0.1,0.05,0.15 0.00178813
0.1,0.05,0.2 0.0126462
0.1,0.05,0.25 0.0515072
0.1,0.05,0.3 0.956882
0.1,0.05,0.35 0.903213
0.1,0.05,0.4 0.0353138
0.1,0.1,0.15 4.44345
0.1,0.1,0.2 63.1407
0.1,0.1,0.25 47.4551
0.1,0.1,0.3 9.75935
0.1,0.1,0.35 8.14061
0.1,0.1,0.4 0.318281
0.1,0.15,0.05 4.60486
0.1,0.15,0.1 18.4274
0.1,0.15,0.15 28.1076
0.1,0.15,0.2 338.531
0.1,0.15,0.25 272.826
0.1,0.15,0.3 19.3897
0.1,0.15,0.35 7.84661
0.1,0.15,0.4 2.2609
0.1,0.15,0.45 0.0279609
0.1,0.2,0.05 36.2849
0.1,0.2,0.1 145.924
0.1,0.2,0.15 55.346
0.1,0.2,0.2 195.991
0.1,0.2,0.25 424.062
0.1,0.2,0.3 155.127
0.1,0.2,0.35 58.3718
0.1,0.2,0.4 44.0232
0.1,0.2,0.45 1.39566
0.1,0.25,0.05 56.7077
0.1,0.25,0.1 236.904
0.1,0.25,0.15 122.428
0.1,0.25,0.2 219.331
0.1,0.25,0.25 363.187
0.1,0.25,0.3 362.906
0.1,0.25,0.35 321.773
0.1,0.25,0.4 255.815
0.1,0.25,0.45 10.7847
0.1,0.3,0.05 29.1086
0.1,0.3,0.1 127.502
0.1,0.3,0.15 57.9262
0.1,0.3,0.2 63.3658
0.1,0.3,0.25 93.2072
0.1,0.3,0.3 322.549
0.1,0.3,0.35 219.048
0.1,0.3,0.4 132.572
0.1,0.3,0.45 5.71302
0.1,0.35,0.05 0.66387
0.1,0.35,0.1 14.9095
0.1,0.35,0.15 103.822
0.1,0.35,0.2 56.3972
0.1,0.35,0.25 6.39883
0.1,0.35,0.3 25.857
0.1,0.35,0.35 8.44446
0.1,0.35,0.4 1.25375
0.1,0.35,0.45 0.0540319
0.1,0.4,0.05 1.67307e-05
0.1,0.4,0.1 37.4633
0.1,0.4,0.15 369.625
0.1,0.4,0.2 220.773
0.1,0.4,0.25 6.5096
0.1,0.4,0.3 0.280078
0.1,0.4,0.35 0.134069
0.1,0.4,0.4 3.2692
0.1,0.4,0.45 3.80802
0.1,0.4,0.5 0.215245
0.1,0.45,0 1.93879e-13
0.1,0.45,0.05 1.18833
0.1,0.45,0.1 18.7721
0.1,0.45,0.15 213.463
0.1,0.45,0.2 434.312
0.1,0.45,0.25 264.967
0.1,0.45,0.3 80.7955
0.1,0.45,0.35 13.9894
0.1,0.45,0.4 43.2935
0.1,0.45,0.45 49.5929
0.1,0.45,0.5 2.80278
0.1,0.5,0 1.00185e-12
0.1,0.5,0.05 6.19628
0.1,0.5,0.1 95.3218
0.1,0.5,0.15 344.963
0.1,0.5,0.2 727.431
0.1,0.5,0.25 588.067
0.1,0.5,0.3 403.603
0.1,0.5,0.35 227.649
0.1,0.5,0.4 140.564
0.1,0.5,0.45 38.2836
0.1,0.5,0.5 1.97626
0.1,0.55,0 3.22651e-13
0.1,0.55,0.05 2.03564
0.1,0.55,0.1 65.0738
0.1,0.55,0.15 200.866
0.1,0.55,0.2 193.305
0.1,0.55,0.25 321.516
0.1,0.55,0.3 603.18
0.1,0.55,0.35 484.121
0.1,0.55,0.4 444.569
0.1,0.55,0.45 106.015
0.1,0.55,0.5 0.846247
0.1,0.6,0 1.55456e-16
0.1,0.6,0.05 0.0033946
0.1,0.6,0.1 2.27771
0.1,0.6,0.15 13.8458
0.1,0.6,0.2 13.8248
0.1,0.6,0.25 128.948
0.1,0.6,0.3 288.097
0.1,0.6,0.35 138.34
0.1,0.6,0.4 349.706
0.1,0.6,0.45 155.022
0.1,0.6,0.5 1.22165
0.1,0.65,0.05 0.0033611
0.1,0.65,0.1 7.96866
0.1,0.65,0.15 90.8218
0.1,0.65,0.2 84.8171
0.1,0.65,0.25 59.8483
0.1,0.65,0.3 18.2509
0.1,0.65,0.35 63.0425
0.1,0.65,0.4 89.0319
0.1,0.65,0.45 16.8599
0.1,0.65,0.5 0.101941
0.1,0.7,0.05 0.00134123
0.1,0.7,0.1 5.59094
0.1,0.7,0.15 62.8667
0.1,0.7,0.2 167.013
0.1,0.7,0.25 376.293
0.1,0.7,0.3 74.0795
0.1,0.7,0.35 25.5526
0.1,0.7,0.4 21.1999
0.1,0.7,0.45 1.03243
0.1,0.75,0.05 3.49479e-06
0.1,0.75,0.1 0.116281
0.1,0.75,0.15 1.32523
0.1,0.75,0.2 56.3411
0.1,0.75,0.25 173.783
0.1,0.75,0.3 34.1365
0.1,0.75,0.35 0.401218
0.1,0.75,0.4 0.203591
0.1,0.75,0.45 0.00159894
0.1,0.8,0.15 0.000134904
0.1,0.8,0.2 0.340456
0.1,0.8,0.25 1.07696
0.1,0.8,0.3 0.213516
0.1,0.8,0.35 6.39992e-05
0.1,0.85,0.2 4.11275e-11
0.1,0.85,0.25 7.77652e-10
0.1,0.85,0.3 6.94269e-10
0.1,0.85,0.35 2.43837e-11
0.15,0.05,0 3.77742e-13
0.15,0.05,0.05 0.00767793
0.15,0.05,0.1 0.030678
0.15,0.05,0.15 3.18979
0.15,0.05,0.2 22.505
0.15,0.05,0.25 10.7808
0.15,0.05,0.3 22.5343
0.15,0.05,0.35 21.3516
0.15,0.05,0.4 0.849683
0.15,0.1,0 2.55832e-10
0.15,0.1,0.05 5.19999
0.15,0.1,0.1 20.7771
0.15,0.1,0.15 24.5208
0.15,0.1,0.2 154.034
0.15,0.1,0.25 94.3786
0.15,0.1,0.3 206.523
0.15,0.1,0.35 194.646
0.15,0.1,0.4 7.86503
0.15,0.15,0 7.00245e-10
0.15,0.15,0.05 27.9325
0.15,0.15,0.1 112.09
0.15,0.15,0.15 45.8733
0.15,0.15,0.2 247.503
0.15,0.15,0.25 298.047
0.15,0.15,0.3 143.073
0.15,0.15,0.35 143.333
0.15,0.15,0.4 27.076
0.15,0.15,0.45 0.29857
0.15,0.2,0 1.21143e-10
0.15,0.2,0.05 106.831
0.15,0.2,0.1 431.079
0.15,0.2,0.15 170.517
0.15,0.2,0.2 338.408
0.15,0.2,0.25 548.277
0.15,0.2,0.3 282.461
0.15,0.2,0.35 365.292
0.15,0.2,0.4 208.263
0.15,0.2,0.45 3.04433
0.15,0.25,0 3.22497e-11
0.15,0.25,0.05 128.048
0.15,0.25,0.1 563.442
0.15,0.25,0.15 331.115
0.15,0.25,0.2 587.145
0.15,0.25,0.25 651.696
0.15,0.25,0.3 617.811
0.15,0.25,0.35 405.191
0.15,0.25,0.4 237.82
0.15,0.25,0.45 6.8649
0.15,0.3,0 2.29757e-11
0.15,0.3,0.05 69.9545
0.15,0.3,0.1 452.315
0.15,0.3,0.15 290.453
0.15,0.3,0.2 195.992
0.15,0.3,0.25 163.102
0.15,0.3,0.3 307.348
0.15,0.3,0.35 150.664
0.15,0.3,0.4 74.0777
0.15,0.3,0.45 3.04961
0.15,0.35,0 4.94031e-13
0.15,0.35,0.05 5.58091
0.15,0.35,0.1 74.9395
0.15,0.35,0.15 100.267
0.15,0.35,0.2 33.6045
0.15,0.35,0.25 6.62816
0.15,0.35,0.3 17.3785
0.15,0.35,0.35 5.50367
0.15,0.35,0.4 0.688215
0.15,0.35,0.45 0.0287644
0.15,0.4,0 6.46209e-16
0.15,0.4,0.05 0.485534
0.15,0.4,0.1 22.8058
0.15,0.4,0.15 236.412
0.15,0.4,0.2 180.938
0.15,0.4,0.25 11.7781
0.15,0.4,0.3 1.74667
0.15,0.4,0.35 2.29186
0.15,0.4,0.4 17.8406
0.15,0.4,0.45 20.4521
0.15,0.4,0.5 1.15591
0.15,0.45,0 2.69598e-12
0.15,0.45,0.05 16.4803
0.15,0.45,0.1 85.4899
0.15,0.45,0.15 458.126
0.15,0.45,0.2 691.267
0.15,0.45,0.25 323.221
0.15,0.45,0.3 185.541
0.15,0.45,0.35 156.849
0.15,0.45,0.4 267.544
0.15,0.45,0.45 278.004
0.15,0.45,0.5 15.2998
0.15,0.5,0 1.39311e-11
0.15,0.5,0.05 85.1358
0.15,0.5,0.1 436.111
0.15,0.5,0.15 592.518
0.15,0.5,0.2 737.56
0.15,0.5,0.25 647.707
0.15,0.5,0.3 655.947
0.15,0.5,0.35 574.226
0.15,0.5,0.4 446.163
0.15,0.5,0.45 250.284
0.15,0.5,0.5 11.8261
0.15,0.55,0 4.48659e-12
0.15,0.55,0.05 27.4715
0.15,0.55,0.1 185.583
0.15,0.55,0.15 358.193
0.15,0.55,0.2 445.95
0.15,0.55,0.25 493.975
0.15,0.55,0.3 842.06
0.15,0.55,0.35 701.95
0.15,0.55,0.4 511
0.15,0.55,0.45 82.3813
0.15,0.55,0.5 1.04595
0.15,0.6,0 2.16168e-15
0.15,0.6,0.05 1.23821
0.15,0.6,0.1 21.0836
0.15,0.6,0.15 79.7713
0.15,0.6,0.2 106.072
0.15,0.6,0.25 158.036
0.15,0.6,0.3 297.214
0.15,0.6,0.35 218.689
0.15,0.6,0.4 306.959
0.15,0.6,0.45 86.8435
0.15,0.6,0.5 0.631415
0.15,0.65,0.05 7.93189
0.15,0.65,0.1 134.373
0.15,0.65,0.15 507.958
0.15,0.65,0.2 585.557
0.15,0.65,0.25 216.456
0.15,0.65,0.3 63.5131
0.15,0.65,0.35 535.062
0.15,0.65,0.4 491.318
0.15,0.65,0.45 32.9644
0.15,0.65,0.5 0.0526698
0.15,0.7,0.05 3.16517
0.15,0.7,0.1 62.7389
0.15,0.7,0.15 307.744
0.15,0.7,0.2 474.074
0.15,0.7,0.25 433.93
0.15,0.7,0.3 122.539
0.15,0.7,0.35 297.354
0.15,0.7,0.4 189.163
0.15,0.7,0.45 6.95379
0.15,0.75,0.05 0.00824738
0.15,0.75,0.1 1.13046
0.15,0.75,0.15 16.1564
0.15,0.75,0.2 56.349
0.15,0.75,0.25 196.287
0.15,0.75,0.3 119.994
0.15,0.75,0.35 26.3512
0.15,0.75,0.4 4.02431
0.15,0.75,0.45 0.0195513
0.15,0.8,0.1 0.0178359
0.15,0.8,0.15 0.323822
0.15,0.8,0.2 1.67196
0.15,0.8,0.25 23.8506
0.15,0.8,0.3 23.6767
0.15,0.8,0.35 4.50091
0.15,0.8,0.4 0.267769
0.15,0.85,0.2 4.66923e-07
0.15,0.85,0.25 8.82876e-06
0.15,0.85,0.3 7.88336e-06
0.15,0.85,0.35 2.78566e-07
0.15,0.85,0.4 1.2338e-10
0.2,0.05,0 2.59192e-12
0.2,0.05,0.05 0.0526829
0.2,0.05,0.1 0.2105
0.2,0.05,0.15 9.8238
0.2,0.05,0.2 69.2322
0.2,0.05,0.25 31.0902
0.2,0.05,0.3 28.9336
0.2,0.05,0.35 31.6724
0.2,0.05,0.4 1.80866
0.2,0.1,0 1.75541e-09
0.2,0.1,0.05 35.6802
0.2,0.1,0.1 142.566
0.2,0.1,0.15 90.6298
0.2,0.1,0.2 404.058
0.2,0.1,0.25 219.215
0.2,0.1,0.3 319.905
0.2,0.1,0.35 370.011
0.2,0.1,0.4 24.2333
0.2,0.15,0 4.8048e-09
0.2,0.15,0.05 100.198
0.2,0.15,0.1 408.357
0.2,0.15,0.15 183.66
0.2,0.15,0.2 359.555
0.2,0.15,0.25 552.313
0.2,0.15,0.3 307.699
0.2,0.15,0.35 284.253
0.2,0.15,0.4 34.9969
0.2,0.15,0.45 0.185794
0.2,0.2,0 8.40012e-10
0.2,0.2,0.05 41.0254
0.2,0.2,0.1 209.379
0.2,0.2,0.15 404.154
0.2,0.2,0.2 536.916
0.2,0.2,0.25 482.885
0.2,0.2,0.3 247.747
0.2,0.2,0.35 520.708
0.2,0.2,0.4 212.69
0.2,0.2,0.45 1.6091
0.2,0.25,0 3.38499e-10
0.2,0.25,0.05 95.6763
0.2,0.25,0.1 441.253
0.2,0.25,0.15 369.975
0.2,0.25,0.2 682.373
0.2,0.25,0.25 480.513
0.2,0.25,0.3 607.048
0.2,0.25,0.35 772.226
0.2,0.25,0.4 213.493
0.2,0.25,0.45 0.923225
0.2,0.3,0 2.41159e-10
0.2,0.3,0.05 77.9825
0.2,0.3,0.1 506.336
0.2,0.3,0.15 410.934
0.2,0.3,0.2 676.9
0.2,0.3,0.25 334.947
0.2,0.3,0.3 249.773
0.2,0.3,0.35 205.401
0.2,0.3,0.4 34.5882
0.2,0.3,0.45 0.0816484
0.2,0.35,0 5.23172e-12
0.2,0.35,0.05 46.1186
0.2,0.35,0.1 245.415
0.2,0.35,0.15 144.347
0.2,0.35,0.2 92.9945
0.2,0.35,0.25 29.3855
0.2,0.35,0.3 2.53698
0.2,0.35,0.35 2.13359
0.2,0.35,0.4 0.617467
0.2,0.35,0.45 0.0189825
0.2,0.4,0 5.21189e-13
0.2,0.4,0.05 45.5136
0.2,0.4,0.1 213.549
0.2,0.4,0.15 294.85
0.2,0.4,0.2 139.935
0.2,0.4,0.25 12.132
0.2,0.4,0.3 3.8083
0.2,0.4,0.35 3.31012
0.2,0.4,0.4 7.63027
0.2,0.4,0.45 7.16381
0.2,0.4,0.5 0.386357
0.2,0.45,0 3.63399e-12
0.2,0.45,0.05 43.5646
0.2,0.45,0.1 230.054
0.2,0.45,0.15 571.966
0.2,0.45,0.2 524.648
0.2,0.45,0.25 247.366
0.2,0.45,0.3 296.482
0.2,0.45,0.35 307.796
0.2,0.45,0.4 276.782
0.2,0.45,0.45 161.379
0.2,0.45,0.5 6.05086
0.2,0.5,0 1.05713e-11
0.2,0.5,0.05 79.843
0.2,0.5,0.1 375.008
0.2,0.5,0.15 451.126
0.2,0.5,0.2 538.61
0.2,0.5,0.25 409.542
0.2,0.5,0.3 767.587
0.2,0.5,0.35 749.098
0.2,0.5,0.4 688.671
0.2,0.5,0.45 362.205
0.2,0.5,0.5 8.81709
0.2,0.55,0 3.28718e-12
0.2,0.55,0.05 24.8379
0.2,0.55,0.1 128.867
0.2,0.55,0.15 315.762
0.2,0.55,0.2 426.021
0.2,0.55,0.25 361.872
0.2,0.55,0.3 699.762
0.2,0.55,0.35 476.482
0.2,0.55,0.4 404.291
0.2,0.55,0.45 139.001
0.2,0.55,0.5 1.88851
0.2,0.6,0 9.57895e-13
0.2,0.6,0.05 4.07959
0.2,0.6,0.1 63.7235
0.2,0.6,0.15 348.062
0.2,0.6,0.2 422.205
0.2,0.6,0.25 307.845
0.2,0.6,0.3 433.556
0.2,0.6,0.35 361.067
0.2,0.6,0.4 207.263
0.2,0.6,0.45 18.2758
0.2,0.6,0.5 0.0371691
0.2,0.65,0 8.97926e-11
0.2,0.65,0.05 30.04
0.2,0.65,0.1 365.396
0.2,0.65,0.15 581.342
0.2,0.65,0.2 594.14
0.2,0.65,0.25 239.185
0.2,0.65,0.3 185.29
0.2,0.65,0.35 675.808
0.2,0.65,0.4 354.38
0.2,0.65,0.45 11.3963
0.2,0.65,0.5 0.000440957
0.2,0.7,0 1.61943e-10
0.2,0.7,0.05 19.1929
0.2,0.7,0.1 185.556
0.2,0.7,0.15 419.159
0.2,0.7,0.2 533.49
0.2,0.7,0.25 520.523
0.2,0.7,0.3 505.01
0.2,0.7,0.35 566.825
0.2,0.7,0.4 158.792
0.2,0.7,0.45 2.99005
0.2,0.75,0 1.69791e-11
0.2,0.75,0.05 0.99604
0.2,0.75,0.1 13.4889
0.2,0.75,0.15 174.769
0.2,0.75,0.2 258.324
0.2,0.75,0.25 517.989
0.2,0.75,0.3 622.257
0.2,0.75,0.35 314.637
0.2,0.75,0.4 24.994
0.2,0.75,0.45 0.0130869
0.2,0.8,0.1 0.266849
0.2,0.8,0.15 5.25171
0.2,0.8,0.2 14.7983
0.2,0.8,0.25 88.3433
0.2,0.8,0.3 122.676
0.2,0.8,0.35 68.9972
0.2,0.8,0.4 4.71693
0.2,0.85,0.15 5.7487e-06
0.2,0.85,0.2 0.000206114
0.2,0.85,0.25 0.000285868
0.2,0.85,0.3 4.34856e-05
0.2,0.85,0.35 9.9387e-07
0.2,0.85,0.4 2.17342e-09
0.25,0.05,0 1.08787e-12
0.25,0.05,0.05 0.0221119
0.25,0.05,0.1 0.0883524
0.25,0.05,0.15 3.77143
0.25,0.05,0.2 34.3296
0.25,0.05,0.25 24.7002
0.25,0.05,0.3 23.168
0.25,0.05,0.35 16.4872
0.25,0.05,0.4 1.29891
0.25,0.1,0 7.36776e-10
0.25,0.1,0.05 14.9756
0.25,0.1,0.1 60.1483
0.25,0.1,0.15 44.4372
0.25,0.1,0.2 267.931
0.25,0.1,0.25 222.908
0.25,0.1,0.3 264.276
0.25,0.1,0.35 259.242
0.25,0.1,0.4 22.3647
0.25,0.15,0 2.01665e-09
0.25,0.15,0.05 41.2579
0.25,0.15,0.1 175.512
0.25,0.15,0.15 212.532
0.25,0.15,0.2 441.773
0.25,0.15,0.25 604.468
0.25,0.15,0.3 372.946
0.25,0.15,0.35 316.282
0.25,0.15,0.4 32.9902
0.25,0.15,0.45 0.107005
0.25,0.2,0 3.57074e-10
0.25,0.2,0.05 12.9006
0.25,0.2,0.1 101.198
0.25,0.2,0.15 505.468
0.25,0.2,0.2 594.967
0.25,0.2,0.25 465.286
0.25,0.2,0.3 378.1
0.25,0.2,0.35 539.131
0.25,0.2,0.4 155.826
0.25,0.2,0.45 2.02952
