0.25,0.15,0.4 16.4538
0.25,0.15,0.45 0.0171977
0.25,0.2,0 3.42192e-10
0.25,0.2,0.05 16.622
0.25,0.2,0.1 240.675
0.25,0.2,0.15 520.313
0.25,0.2,0.2 569.363
0.25,0.2,0.25 363.778
0.25,0.2,0.3 503.908
0.25,0.2,0.35 515.267
0.25,0.2,0.4 105.358
0.25,0.2,0.45 0.102389
0.25,0.25,0 3.5903e-12
0.25,0.25,0.05 48.6096
0.25,0.25,0.1 281.83
0.25,0.25,0.15 325.038
0.25,0.25,0.2 564.308
0.25,0.25,0.25 282.285
0.25,0.25,0.3 531.402
0.25,0.25,0.35 595.229
0.25,0.25,0.4 98.3687
0.25,0.25,0.45 0.178289
0.25,0.3,0 2.57981e-12
0.25,0.3,0.05 37.5478
0.25,0.3,0.1 182.286
0.25,0.3,0.15 250.855
0.25,0.3,0.2 646.885
0.25,0.3,0.25 327.246
0.25,0.3,0.3 172.983
0.25,0.3,0.35 271.674
0.25,0.3,0.4 93.4283
0.25,0.3,0.45 0.479322
0.25,0.35,0 7.4469e-13
0.25,0.35,0.05 71.3968
0.25,0.35,0.1 380.013
0.25,0.35,0.15 394.171
0.25,0.35,0.2 163.547
0.25,0.35,0.25 48.1439
0.25,0.35,0.3 22.3105
0.25,0.35,0.35 39.0185
0.25,0.35,0.4 18.0894
0.25,0.35,0.45 0.102054
0.25,0.4,0 9.42156e-11
0.25,0.4,0.05 99.833
0.25,0.4,0.1 462.455
0.25,0.4,0.15 415.727
0.25,0.4,0.2 181.889
0.25,0.4,0.25 75.6713
0.25,0.4,0.3 9.47898
0.25,0.4,0.35 0.496184
0.25,0.4,0.4 0.0683204
0.25,0.4,0.45 0.00171549
0.25,0.4,0.5 1.15639e-05
0.25,0.45,0 8.80319e-10
0.25,0.45,0.05 148.613
0.25,0.45,0.1 641.043
0.25,0.45,0.15 450.724
0.25,0.45,0.2 299.728
0.25,0.45,0.25 420.987
0.25,0.45,0.3 220.876
0.25,0.45,0.35 137.729
0.25,0.45,0.4 124.841
0.25,0.45,0.45 19.0697
0.25,0.45,0.5 0.0105181
0.25,0.5,0 1.46034e-09
0.25,0.5,0.05 172.882
0.25,0.5,0.1 734.137
0.25,0.5,0.15 355.21
0.25,0.5,0.2 304.242
0.25,0.5,0.25 448.903
0.25,0.5,0.3 776.904
0.25,0.5,0.35 560.324
0.25,0.5,0.4 532.318
0.25,0.5,0.45 97.0035
0.25,0.5,0.5 0.109408
0.25,0.55,0 2.23998e-09
0.25,0.55,0.05 72.5236
0.25,0.55,0.1 346.577
0.25,0.55,0.15 355.926
0.25,0.55,0.2 365.044
0.25,0.55,0.25 312.267
0.25,0.55,0.3 646.605
0.25,0.55,0.35 656.227
0.25,0.55,0.4 547.656
0.25,0.55,0.45 91.4601
0.25,0.55,0.5 0.0668291
0.25,0.6,0 1.73335e-08
0.25,0.6,0.05 10.9224
0.25,0.6,0.1 69.8499
0.25,0.6,0.15 355.792
0.25,0.6,0.2 620.68
0.25,0.6,0.25 528.408
0.25,0.6,0.3 476.553
0.25,0.6,0.35 492.64
0.25,0.6,0.4 329.643
0.25,0.6,0.45 42.1649
0.25,0.6,0.5 0.000972797
0.25,0.65,0 1.10698e-08
0.25,0.65,0.05 77.8858
0.25,0.65,0.1 332.665
0.25,0.65,0.15 435.425
0.25,0.65,0.2 454.528
0.25,0.65,0.25 204.492
0.25,0.65,0.3 425.981
0.25,0.65,0.35 357.256
0.25,0.65,0.4 73.6893
0.25,0.65,0.45 5.20437
0.25,0.7,0 2.14309e-09
0.25,0.7,0.05 95.1179
0.25,0.7,0.1 431.352
0.25,0.7,0.15 484.038
0.25,0.7,0.2 449.724
0.25,0.7,0.25 253.131
0.25,0.7,0.3 256.169
0.25,0.7,0.35 107.818
0.25,0.7,0.4 3.67193
0.25,0.7,0.45 0.0767801
0.25,0.75,0 1.56936e-10
0.25,0.75,0.05 8.95134
0.25,0.75,0.1 56.3613
0.25,0.75,0.15 400.846
0.25,0.75,0.2 750.689
0.25,0.75,0.25 452.791
0.25,0.75,0.3 247.291
0.25,0.75,0.35 103.233
0.25,0.75,0.4 1.25378
0.25,0.8,0.1 1.91321
0.25,0.8,0.15 118.348
0.25,0.8,0.2 221.298
0.25,0.8,0.25 83.8159
0.25,0.8,0.3 69.2555
0.25,0.8,0.35 33.7432
0.25,0.8,0.4 0.440448
0.25,0.85,0.1 0.00845156
0.25,0.85,0.15 0.374752
0.25,0.85,0.2 0.536927
0.25,0.85,0.25 0.143848
0.25,0.85,0.3 0.0991027
0.25,0.85,0.35 0.0399621
0.25,0.85,0.4 0.00052149
0.3,0.05,0 3.73392e-15
0.3,0.05,0.05 0.00231988
0.3,0.05,0.1 0.241949
0.3,0.05,0.15 22.7378
0.3,0.05,0.2 69.6823
0.3,0.05,0.25 77.7449
0.3,0.05,0.3 71.3279
0.3,0.05,0.35 4.49819
0.3,0.05,0.4 0.0160281
0.3,0.1,0 2.52885e-12
0.3,0.1,0.05 0.361715
0.3,0.1,0.1 31.71
0.3,0.1,0.15 182.6
0.3,0.1,0.2 405.437
0.3,0.1,0.25 380.975
0.3,0.1,0.3 360.972
0.3,0.1,0.35 47.7047
0.3,0.1,0.4 0.539887
0.3,0.15,0 6.92181e-12
0.3,0.15,0.05 6.51573
0.3,0.15,0.1 94.0479
0.3,0.15,0.15 308.864
0.3,0.15,0.2 509.24
0.3,0.15,0.25 332.104
0.3,0.15,0.3 471.525
0.3,0.15,0.35 287.463
0.3,0.15,0.4 26.8494
0.3,0.15,0.45 0.0367566
0.3,0.2,0 1.17672e-12
0.3,0.2,0.05 66.4902
0.3,0.2,0.1 331.81
0.3,0.2,0.15 413.463
0.3,0.2,0.2 644.914
0.3,0.2,0.25 306.473
0.3,0.2,0.3 592.474
0.3,0.2,0.35 582.576
0.3,0.2,0.4 143.567
0.3,0.2,0.45 0.218833
0.3,0.25,0 4.21138e-14
0.3,0.25,0.05 70.4058
0.3,0.25,0.1 415.247
0.3,0.25,0.15 284.59
0.3,0.25,0.2 336.185
0.3,0.25,0.25 269.552
0.3,0.25,0.3 530.16
0.3,0.25,0.35 555.468
0.3,0.25,0.4 127.802
0.3,0.25,0.45 0.358282
0.3,0.3,0 3.02608e-14
0.3,0.3,0.05 27.3273
0.3,0.3,0.1 158.769
0.3,0.3,0.15 330.396
0.3,0.3,0.2 503.747
0.3,0.3,0.25 473.388
0.3,0.3,0.3 486.905
0.3,0.3,0.35 508.169
0.3,0.3,0.4 180.41
0.3,0.3,0.45 0.946799
0.3,0.35,0 1.31219e-11
0.3,0.35,0.05 33.9066
0.3,0.35,0.1 250.295
0.3,0.35,0.15 693.557
0.3,0.35,0.2 530.966
0.3,0.35,0.25 127.128
0.3,0.35,0.3 88.5173
0.3,0.35,0.35 83.5341
0.3,0.35,0.4 35.7987
0.3,0.35,0.45 0.201584
0.3,0.4,0 9.18778e-11
0.3,0.4,0.05 105.006
0.3,0.4,0.1 511.226
0.3,0.4,0.15 752.056
0.3,0.4,0.2 499.671
0.3,0.4,0.25 79.5658
0.3,0.4,0.3 7.02054
0.3,0.4,0.35 0.604667
0.3,0.4,0.4 2.29672
0.3,0.4,0.45 0.679526
0.3,0.4,0.5 0.000157663
0.3,0.45,0 5.41431e-10
0.3,0.45,0.05 76.7842
0.3,0.45,0.1 362.133
0.3,0.45,0.15 563.181
0.3,0.45,0.2 536.255
0.3,0.45,0.25 323.578
0.3,0.45,0.3 158.431
0.3,0.45,0.35 101.064
0.3,0.45,0.4 33.7035
0.3,0.45,0.45 5.49227
0.3,0.45,0.5 0.000675764
0.3,0.5,0 8.73032e-10
0.3,0.5,0.05 104.337
0.3,0.5,0.1 494.317
0.3,0.5,0.15 242.181
0.3,0.5,0.2 204.506
0.3,0.5,0.25 293.338
0.3,0.5,0.3 717.105
0.3,0.5,0.35 497.772
0.3,0.5,0.4 95.1638
0.3,0.5,0.45 10.7647
0.3,0.5,0.5 0.00018102
0.3,0.55,0 6.17099e-08
0.3,0.55,0.05 63.3799
0.3,0.55,0.1 325.844
0.3,0.55,0.15 237.693
0.3,0.55,0.2 319.828
0.3,0.55,0.25 248.272
0.3,0.55,0.3 686.194
0.3,0.55,0.35 353.633
0.3,0.55,0.4 138.747
0.3,0.55,0.45 15.4271
0.3,0.55,0.5 6.06624e-09
0.3,0.6,0 5.15612e-07
0.3,0.6,0.05 67.9489
0.3,0.6,0.1 280.189
0.3,0.6,0.15 274.389
0.3,0.6,0.2 649.621
0.3,0.6,0.25 442.052
0.3,0.6,0.3 580.498
0.3,0.6,0.35 494.102
0.3,0.6,0.4 454.013
0.3,0.6,0.45 40.4434
0.3,0.6,0.5 5.83239e-11
0.3,0.65,0 2.57486e-07
0.3,0.65,0.05 78.9181
0.3,0.65,0.1 320.14
0.3,0.65,0.15 259.274
0.3,0.65,0.2 405.585
0.3,0.65,0.25 436.733
0.3,0.65,0.3 631.904
0.3,0.65,0.35 360.409
0.3,0.65,0.4 236.696
0.3,0.65,0.45 20.6609
0.3,0.7,0 2.71045e-09
0.3,0.7,0.05 67.9695
0.3,0.7,0.1 274.553
0.3,0.7,0.15 257.193
0.3,0.7,0.2 462.336
0.3,0.7,0.25 311.837
0.3,0.7,0.3 251.032
0.3,0.7,0.35 127.397
0.3,0.7,0.4 7.20039
0.3,0.7,0.45 0.327669
0.3,0.75,0 8.54123e-11
0.3,0.75,0.05 5.81105
0.3,0.75,0.1 27.4866
0.3,0.75,0.15 207.183
0.3,0.75,0.2 496.519
0.3,0.75,0.25 367.612
0.3,0.75,0.3 153.769
0.3,0.75,0.35 48.0875
0.3,0.75,0.4 1.00589
0.3,0.8,0.1 1.76728
0.3,0.8,0.15 80.6928
0.3,0.8,0.2 131.016
0.3,0.8,0.25 39.8235
0.3,0.8,0.3 15.3305
0.3,0.8,0.35 2.31431
0.3,0.8,0.4 0.00314281
0.3,0.85,0.1 0.00847302
0.3,0.85,0.15 0.372298
0.3,0.85,0.2 0.5102
0.3,0.85,0.25 0.0369697
0.3,0.85,0.3 0.000409245
0.3,0.85,0.35 0.000242236
0.3,0.85,0.4 3.16216e-06
0.35,0.05,0.05 0.00665064
0.35,0.05,0.1 0.673409
0.35,0.05,0.15 3.53517
0.35,0.05,0.2 7.84747
0.35,0.05,0.25 22.2746
0.35,0.05,0.3 22.4336
0.35,0.05,0.35 1.09716
0.35,0.1,0.05 0.94368
0.35,0.1,0.1 93.4879
0.35,0.1,0.15 185.102
0.35,0.1,0.2 63.0415
0.35,0.1,0.25 154.074
0.35,0.1,0.3 160.674
0.35,0.1,0.35 14.0188
0.35,0.1,0.4 0.123438
0.35,0.15,0.05 8.76085
0.35,0.15,0.1 222.454
0.35,0.15,0.15 398.315
0.35,0.15,0.2 122.771
0.35,0.15,0.25 238.175
0.35,0.15,0.3 306.203
0.35,0.15,0.35 84.3499
0.35,0.15,0.4 4.09773
0.35,0.15,0.45 0.00473254
0.35,0.2,0 5.96266e-12
0.35,0.2,0.05 79.7262
0.35,0.2,0.1 403.442
0.35,0.2,0.15 388.062
0.35,0.2,0.2 502.651
0.35,0.2,0.25 409.213
0.35,0.2,0.3 497.131
0.35,0.2,0.35 167.832
0.35,0.2,0.4 22.283
0.35,0.2,0.45 0.0281751
0.35,0.25,0 1.53431e-10
0.35,0.25,0.05 113.635
0.35,0.25,0.1 655.443
0.35,0.25,0.15 589.087
0.35,0.25,0.2 400.804
0.35,0.25,0.25 271.427
0.35,0.25,0.3 587.235
0.35,0.25,0.35 381.391
0.35,0.25,0.4 43.6411
0.35,0.25,0.45 0.0429413
0.35,0.3,0 1.63067e-10
0.35,0.3,0.05 119.174
0.35,0.3,0.1 541.192
0.35,0.3,0.15 471.389
0.35,0.3,0.2 368.332
0.35,0.3,0.25 501.797
0.35,0.3,0.3 881.792
0.35,0.3,0.35 306.377
0.35,0.3,0.4 34.5466
0.35,0.3,0.45 0.111031
0.35,0.35,0 1.97343e-11
0.35,0.35,0.05 83.4595
0.35,0.35,0.1 366.916
0.35,0.35,0.15 517.028
0.35,0.35,0.2 442.933
0.35,0.35,0.25 253.176
0.35,0.35,0.3 253.944
0.35,0.35,0.35 45.0229
0.35,0.35,0.4 4.27921
0.35,0.35,0.45 0.0236395
0.35,0.4,0 1.2385e-10
0.35,0.4,0.05 164.096
0.35,0.4,0.1 760.394
0.35,0.4,0.15 806.22
0.35,0.4,0.2 496.927
0.35,0.4,0.25 51.4506
0.35,0.4,0.3 8.96235
0.35,0.4,0.35 19.9429
0.35,0.4,0.4 67.3467
0.35,0.4,0.45 19.7907
0.35,0.4,0.5 0.00459237
0.35,0.45,0 1.92907e-09
0.35,0.45,0.05 96.2137
0.35,0.45,0.1 466.329
0.35,0.45,0.15 637.835
0.35,0.45,0.2 707.553
0.35,0.45,0.25 282.889
0.35,0.45,0.3 139.635
0.35,0.45,0.35 266.319
0.35,0.45,0.4 352.58
0.35,0.45,0.45 85.134
0.35,0.45,0.5 0.0196853
0.35,0.5,0 2.14201e-09
0.35,0.5,0.05 107.968
0.35,0.5,0.1 586.521
0.35,0.5,0.15 426.897
0.35,0.5,0.2 574.631
0.35,0.5,0.25 730.271
0.35,0.5,0.3 577.329
0.35,0.5,0.35 423.461
0.35,0.5,0.4 165.206
0.35,0.5,0.45 23.1476
0.35,0.5,0.5 0.0052758
0.35,0.55,0 7.22371e-08
0.35,0.55,0.05 51.6416
0.35,0.55,0.1 350.823
0.35,0.55,0.15 441.203
0.35,0.55,0.2 618.278
0.35,0.55,0.25 456.293
0.35,0.55,0.3 476.731
0.35,0.55,0.35 246.158
0.35,0.55,0.4 112.896
0.35,0.55,0.45 4.94069
0.35,0.55,0.5 3.86246e-07
0.35,0.6,0 5.99459e-07
0.35,0.6,0.05 91.7895
0.35,0.6,0.1 410.554
0.35,0.6,0.15 599.061
0.35,0.6,0.2 960.786
0.35,0.6,0.25 530.409
0.35,0.6,0.3 582.385
0.35,0.6,0.35 686.792
0.35,0.6,0.4 515.002
0.35,0.6,0.45 22.6817
0.35,0.65,0 2.98019e-07
0.35,0.65,0.05 114.475
0.35,0.65,0.1 479.955
0.35,0.65,0.15 359.909
0.35,0.65,0.2 403.082
0.35,0.65,0.25 466.787
0.35,0.65,0.3 547.247
0.35,0.65,0.35 470.159
0.35,0.65,0.4 251.785
0.35,0.65,0.45 9.16528
0.35,0.7,0 2.2604e-09
0.35,0.7,0.05 76.3808
0.35,0.7,0.1 305.872
0.35,0.7,0.15 94.6342
0.35,0.7,0.2 84.5685
0.35,0.7,0.25 366.01
0.35,0.7,0.3 711.131
0.35,0.7,0.35 382.99
0.35,0.7,0.4 25.7695
0.35,0.7,0.45 0.143348
0.35,0.75,0 6.48878e-09
0.35,0.75,0.05 4.14685
0.35,0.75,0.1 16.7498
0.35,0.75,0.15 14.1154
0.35,0.75,0.2 76.8252
0.35,0.75,0.25 257.33
0.35,0.75,0.3 511.14
0.35,0.75,0.35 158.216
0.35,0.75,0.4 4.13228
0.35,0.8,0 2.09747e-08
0.35,0.8,0.05 2.16134
0.35,0.8,0.1 8.667
0.35,0.8,0.15 5.61618
0.35,0.8,0.2 9.99732
0.35,0.8,0.25 29.7884
0.35,0.8,0.3 58.125
0.35,0.8,0.35 9.42906
0.35,0.8,0.4 0.00117762
0.35,0.85,0 4.23295e-09
0.35,0.85,0.05 0.436185
0.35,0.85,0.1 1.73396
0.35,0.85,0.15 0.446925
0.35,0.85,0.2 0.0223199
0.35,0.85,0.25 0.00161306
0.4,0.05,0.05 0.00122632
0.4,0.05,0.1 0.123887
0.4,0.05,0.15 0.228442
0.4,0.05,0.2 0.0366518
0.4,0.05,0.25 0.259327
0.4,0.05,0.3 0.277776
0.4,0.05,0.35 0.0328298
0.4,0.05,0.4 0.000536389
0.4,0.1,0.05 3.35742
0.4,0.1,0.1 55.946
0.4,0.1,0.15 67.6514
0.4,0.1,0.2 12.4211
0.4,0.1,0.25 107.275
0.4,0.1,0.3 102.889
0.4,0.1,0.35 4.41122
0.4,0.1,0.4 0.00725384
0.4,0.15,0.05 17.0056
0.4,0.15,0.1 291.098
0.4,0.15,0.15 451.252
0.4,0.15,0.2 125.304
0.4,0.15,0.25 378.136
0.4,0.15,0.3 304.269
0.4,0.15,0.35 11.5215
0.4,0.15,0.4 0.00547981
0.4,0.2,0 6.43781e-11
0.4,0.2,0.05 19.6444
0.4,0.2,0.1 254.647
0.4,0.2,0.15 506.031
0.4,0.2,0.2 401.896
0.4,0.2,0.25 531.278
0.4,0.2,0.3 265.237
0.4,0.2,0.35 11.7545
0.4,0.2,0.4 0.252655
0.4,0.25,0 5.44958e-09
0.4,0.25,0.05 83.748
0.4,0.25,0.1 431.606
0.4,0.25,0.15 513.691
0.4,0.25,0.2 323.704
0.4,0.25,0.25 200.346
0.4,0.25,0.3 159.606
0.4,0.25,0.35 33.3798
0.4,0.25,0.4 1.99118
0.4,0.3,0 2.72453e-08
0.4,0.3,0.05 110.162
0.4,0.3,0.1 464.857
0.4,0.3,0.15 317.806
0.4,0.3,0.2 276.957
0.4,0.3,0.25 440.823
0.4,0.3,0.3 420.403
0.4,0.3,0.35 67.3178
0.4,0.3,0.4 0.955469
0.4,0.3,0.45 0.00163302
0.4,0.35,0 1.0582e-08
0.4,0.35,0.05 57.5088
0.4,0.35,0.1 236.404
0.4,0.35,0.15 160.655
0.4,0.35,0.2 206.078
0.4,0.35,0.25 458.086
0.4,0.35,0.3 596.315
0.4,0.35,0.35 125.072
0.4,0.35,0.4 2.25235
0.4,0.35,0.45 0.0160529
0.4,0.4,0 7.62782e-11
0.4,0.4,0.05 64.0055
0.4,0.4,0.1 301.471
0.4,0.4,0.15 423.891
0.4,0.4,0.2 391.385
0.4,0.4,0.25 169.536
0.4,0.4,0.3 319.625
0.4,0.4,0.35 143.152
0.4,0.4,0.4 85.1554
0.4,0.4,0.45 22.7102
0.4,0.4,0.5 0.00521928
0.4,0.45,0 1.18249e-09
0.4,0.45,0.05 53.8181
0.4,0.45,0.1 281.5
0.4,0.45,0.15 470.72
0.4,0.45,0.2 493.763
0.4,0.45,0.25 295.069
0.4,0.45,0.3 248.592
0.4,0.45,0.35 441.02
0.4,0.45,0.4 502.12
0.4,0.45,0.45 118.421
0.4,0.45,0.5 0.023569
0.4,0.5,0 1.32218e-09
0.4,0.5,0.05 58.6068
0.4,0.5,0.1 316.606
0.4,0.5,0.15 466.74
0.4,0.5,0.2 577.476
0.4,0.5,0.25 592.649
0.4,0.5,0.3 349.055
0.4,0.5,0.35 636.536
0.4,0.5,0.4 409.544
0.4,0.5,0.45 64.7841
0.4,0.5,0.5 0.0081408
0.4,0.55,0 1.12705e-08
0.4,0.55,0.05 39.3069
0.4,0.55,0.1 228.871
0.4,0.55,0.15 375.613
0.4,0.55,0.2 395.141
0.4,0.55,0.25 359.587
0.4,0.55,0.3 115.273
0.4,0.55,0.35 156.77
0.4,0.55,0.4 92.7665
0.4,0.55,0.45 5.47523
0.4,0.55,0.5 0.000212415
0.4,0.6,0 6.01517e-08
0.4,0.6,0.05 147.041
0.4,0.6,0.1 608.198
0.4,0.6,0.15 375.785
0.4,0.6,0.2 601.616
0.4,0.6,0.25 441.446
0.4,0.6,0.3 299.691
0.4,0.6,0.35 249.283
0.4,0.6,0.4 146.2
0.4,0.6,0.45 3.83937
0.4,0.65,0 2.32439e-08
0.4,0.65,0.05 72.067
0.4,0.65,0.1 297.595
0.4,0.65,0.15 211.711
0.4,0.65,0.2 419.553
0.4,0.65,0.25 344.335
0.4,0.65,0.3 347.3
0.4,0.65,0.35 345.849
0.4,0.65,0.4 113.338
0.4,0.65,0.45 1.38966
0.4,0.7,0 2.16872e-10
0.4,0.7,0.05 17.1986
0.4,0.7,0.1 68.8906
0.4,0.7,0.15 21.6259
0.4,0.7,0.2 28.9241
0.4,0.7,0.25 169.047
0.4,0.7,0.3 378.015
0.4,0.7,0.35 436.469
0.4,0.7,0.4 59.2903
0.4,0.7,0.45 0.0340156
0.4,0.75,0 2.05596e-07
0.4,0.75,0.05 21.9332
0.4,0.75,0.1 87.1903
0.4,0.75,0.15 21.6631
0.4,0.75,0.2 0.521276
0.4,0.75,0.25 49.975
0.4,0.75,0.3 154.13
0.4,0.75,0.35 85.3189
0.4,0.75,0.4 8.27043
0.4,0.8,0 6.64996e-07
0.4,0.8,0.05 68.5247
0.4,0.8,0.1 272.347
0.4,0.8,0.15 67.6514
0.4,0.8,0.2 0.0128689
0.4,0.8,0.25 6.09312
0.4,0.8,0.3 16.1109
0.4,0.8,0.35 2.63689
0.4,0.8,0.4 0.000180588
0.4,0.85,0 1.34204e-07
0.4,0.85,0.05 13.8291
0.4,0.85,0.1 54.9628
0.4,0.85,0.15 13.6529
0.45,0.05,0.2 0.00137984
0.45,0.05,0.25 0.636388
0.45,0.05,0.3 8.58606
0.45,0.05,0.35 6.33014
0.45,0.05,0.4 0.148523
0.45,0.1,0.05 6.35372
0.45,0.1,0.1 72.4529
0.45,0.1,0.15 73.2381
0.45,0.1,0.2 31.7914
0.45,0.1,0.25 29.5698
0.45,0.1,0.3 129.839
