0,0.4,0.15 1.2546e-14
0,0.4,0.2 5.36052e-14
0,0.4,0.25 1.43141e-14
0,0.4,0.3 1.42348e-19
0,0.45,0.15 1.18668e-11
0,0.45,0.2 5.07031e-11
0,0.45,0.25 1.35392e-11
0,0.45,0.3 1.34641e-16
0,0.5,0.15 3.39229e-11
0,0.5,0.2 1.44942e-10
0,0.5,0.25 3.87036e-11
0,0.5,0.3 3.84891e-16
0,0.55,0.15 6.02269e-12
0,0.55,0.2 2.57331e-11
0,0.55,0.25 6.87146e-12
0,0.55,0.3 6.83338e-17
0,0.65,0.15 4.31381e-14
0,0.65,0.2 5.93819e-13
0,0.65,0.25 4.32066e-13
0,0.65,0.3 9.75849e-15
0,0.7,0.15 5.30933e-13
0,0.7,0.2 7.30859e-12
0,0.7,0.25 5.31777e-12
0,0.7,0.3 1.20105e-13
0,0.75,0.15 3.57062e-13
0,0.75,0.2 4.91516e-12
0,0.75,0.25 3.5763e-12
0,0.75,0.3 8.07729e-14
0,0.8,0.15 6.639e-15
0,0.8,0.2 9.13895e-14
0,0.8,0.25 6.64955e-14
0,0.8,0.3 1.50184e-15
0.05,0.1,0.1 1.80334
0.05,0.1,0.15 14.7834
0.05,0.1,0.2 7.24178
0.05,0.1,0.25 0.0496409
0.05,0.15,0 1.83915e-16
0.05,0.15,0.05 0.000317428
0.05,0.15,0.1 9.12181
0.05,0.15,0.15 75.8668
0.05,0.15,0.2 40.9916
0.05,0.15,0.25 1.33596
0.05,0.15,0.3 0.00385146
0.05,0.15,0.35 0.0162698
0.05,0.15,0.4 0.00429543
0.05,0.15,0.45 2.44724e-08
0.05,0.2,0 6.19752e-15
0.05,0.2,0.05 0.0318688
0.05,0.2,0.1 3.00416
0.05,0.2,0.15 28.8189
0.05,0.2,0.2 32.2777
0.05,0.2,0.25 11.6679
0.05,0.2,0.3 12.6151
0.05,0.2,0.35 7.03521
0.05,0.2,0.4 1.56198
0.05,0.2,0.45 8.89907e-06
0.05,0.25,0 5.6899e-14
0.05,0.25,0.05 0.366601
0.05,0.25,0.1 1.46875
0.05,0.25,0.15 3.01505
0.05,0.25,0.2 9.53933
0.05,0.25,0.25 33.9915
0.05,0.25,0.3 58.9007
0.05,0.25,0.35 20.2166
0.05,0.25,0.4 3.87748
0.05,0.25,0.45 2.20912e-05
0.05,0.3,0 3.84023e-14
0.05,0.3,0.05 0.250637
0.05,0.3,0.1 1.00406
0.05,0.3,0.15 1.51374
0.05,0.3,0.2 3.62634
0.05,0.3,0.25 10.4583
0.05,0.3,0.3 17.6219
0.05,0.3,0.35 3.94542
0.05,0.3,0.4 0.591423
0.05,0.3,0.45 3.36953e-06
0.05,0.35,0 2.9298e-10
0.05,0.35,0.05 1.34787
0.05,0.35,0.1 5.38189
0.05,0.35,0.15 1.41039
0.05,0.35,0.2 0.187062
0.05,0.35,0.25 0.0349935
0.05,0.35,0.3 0.00484917
0.05,0.35,0.35 0.000483815
0.05,0.4,0 1.17859e-09
0.05,0.4,0.05 5.4024
0.05,0.4,0.1 21.5716
0.05,0.4,0.15 5.4835
0.05,0.4,0.2 0.450129
0.05,0.4,0.25 0.152481
0.05,0.4,0.3 0.000219841
0.05,0.4,0.35 1.43098e-07
0.05,0.4,0.4 3.1692e-07
0.05,0.4,0.45 4.25194e-08
0.05,0.45,0 2.96324e-10
0.05,0.45,0.05 1.37367
0.05,0.45,0.1 5.61914
0.05,0.45,0.15 14.3369
0.05,0.45,0.2 59.8265
0.05,0.45,0.25 18.6664
0.05,0.45,0.3 0.682623
0.05,0.45,0.35 0.0535745
0.05,0.45,0.4 0.000990173
0.05,0.45,0.45 0.000132846
0.05,0.5,0 1.9949e-18
0.05,0.5,0.05 0.298183
0.05,0.5,0.1 3.40926
0.05,0.5,0.15 32.772
0.05,0.5,0.2 139.746
0.05,0.5,0.25 49.8399
0.05,0.5,0.3 12.6129
0.05,0.5,0.35 1.94476
0.05,0.5,0.4 0.1491
0.05,0.5,0.45 0.00042687
0.05,0.55,0.05 0.270204
0.05,0.55,0.1 3.07246
0.05,0.55,0.15 6.75677
0.05,0.55,0.2 23.7263
0.05,0.55,0.25 57.0743
0.05,0.55,0.3 57.9504
0.05,0.55,0.35 12.5756
0.05,0.55,0.4 1.55344
0.05,0.55,0.45 0.00266465
0.05,0.6,0.05 0.00977048
0.05,0.6,0.1 0.111072
0.05,0.6,0.15 0.0706645
0.05,0.6,0.2 2.01311
0.05,0.6,0.25 42.006
0.05,0.6,0.3 45.663
0.05,0.6,0.35 16.5259
0.05,0.6,0.4 5.92421
0.05,0.6,0.45 0.0520037
0.05,0.65,0.15 0.431792
0.05,0.65,0.2 6.01592
0.05,0.65,0.25 5.85327
0.05,0.65,0.3 2.63033
0.05,0.65,0.35 9.08906
0.05,0.65,0.4 4.87483
0.05,0.65,0.45 0.0482377
0.05,0.7,0.15 5.31433
0.05,0.7,0.2 73.1546
0.05,0.7,0.25 53.2277
0.05,0.7,0.3 1.23877
0.05,0.7,0.35 0.339504
0.05,0.7,0.4 0.184164
0.05,0.7,0.45 0.00182455
0.05,0.75,0.15 3.57398
0.05,0.75,0.2 49.1978
0.05,0.75,0.25 35.7966
0.05,0.75,0.3 0.808489
0.05,0.8,0.15 0.0664524
0.05,0.8,0.2 0.914754
0.05,0.8,0.25 0.66558
0.05,0.8,0.3 0.0150325
0.1,0,0.1 2.01027e-19
0.1,0,0.15 6.84176e-17
0.1,0,0.2 1.67834e-16
0.1,0,0.25 2.52659e-17
0.1,0.05,0.1 2.64753e-06
0.1,0.05,0.15 0.000901064
0.1,0.05,0.2 0.0341816
0.1,0.05,0.25 1.25748
0.1,0.05,0.3 1.64137
0.1,0.05,0.35 0.110534
0.1,0.1,0.1 9.17865
0.1,0.1,0.15 75.2897
0.1,0.1,0.2 37.4023
0.1,0.1,0.25 6.37573
0.1,0.1,0.3 7.74857
0.1,0.1,0.35 0.541879
0.1,0.1,0.4 0.000587552
0.1,0.15,0 1.61724e-12
0.1,0.15,0.05 2.79127
0.1,0.15,0.1 57.584
0.1,0.15,0.15 401.328
0.1,0.15,0.2 260.251
0.1,0.15,0.25 23.1733
0.1,0.15,0.3 8.51139
0.1,0.15,0.35 5.25969
0.1,0.15,0.4 0.21429
0.1,0.15,0.45 4.97967e-07
0.1,0.2,0 1.6235e-11
0.1,0.2,0.05 30.4585
0.1,0.2,0.1 136.449
0.1,0.2,0.15 235.839
0.1,0.2,0.2 405.685
0.1,0.2,0.25 138.557
0.1,0.2,0.3 115.437
0.1,0.2,0.35 138.291
0.1,0.2,0.4 32.0674
0.1,0.2,0.45 0.000181079
0.1,0.25,0 1.52925e-11
0.1,0.25,0.05 57.363
0.1,0.25,0.1 229.491
0.1,0.25,0.15 139.469
0.1,0.25,0.2 267.609
0.1,0.25,0.25 269.834
0.1,0.25,0.3 431.409
0.1,0.25,0.35 335.909
0.1,0.25,0.4 78.9378
0.1,0.25,0.45 0.000449514
0.1,0.3,0 4.52776e-12
0.1,0.3,0.05 29.4396
0.1,0.3,0.1 117.826
0.1,0.3,0.15 94.1233
0.1,0.3,0.2 180.718
0.1,0.3,0.25 95.2797
0.1,0.3,0.3 121.16
0.1,0.3,0.35 56.5616
0.1,0.3,0.4 12.0343
0.1,0.3,0.45 6.85633e-05
0.1,0.35,0 4.53774e-09
0.1,0.35,0.05 21.5211
0.1,0.35,0.1 85.9384
0.1,0.35,0.15 24.8955
0.1,0.35,0.2 9.57843
0.1,0.35,0.25 1.66692
0.1,0.35,0.3 0.0312071
0.1,0.35,0.35 0.00311362
0.1,0.4,0 1.82539e-08
0.1,0.4,0.05 83.6724
0.1,0.4,0.1 334.366
0.1,0.4,0.15 89.9703
0.1,0.4,0.2 9.48564
0.1,0.4,0.25 1.56138
0.1,0.4,0.3 0.00328187
0.1,0.4,0.35 0.00483149
0.1,0.4,0.4 0.0107004
0.1,0.4,0.45 0.00143561
0.1,0.45,0 4.58964e-09
0.1,0.45,0.05 22.9492
0.1,0.45,0.1 101.246
0.1,0.45,0.15 198.808
0.1,0.45,0.2 458.934
0.1,0.45,0.25 131.272
0.1,0.45,0.3 14.8422
0.1,0.45,0.35 16.2387
0.1,0.45,0.4 33.4331
0.1,0.45,0.45 4.48563
0.1,0.5,0 9.52453e-13
0.1,0.5,0.05 20.2416
0.1,0.5,0.1 188.831
0.1,0.5,0.15 366.108
0.1,0.5,0.2 868.76
0.1,0.5,0.25 404.021
0.1,0.5,0.3 244.008
0.1,0.5,0.35 111.759
0.1,0.5,0.4 114.295
0.1,0.5,0.45 14.4179
0.1,0.55,0 3.06622e-13
0.1,0.55,0.05 14.7745
0.1,0.55,0.1 153.947
0.1,0.55,0.15 152.265
0.1,0.55,0.2 225.304
0.1,0.55,0.25 520.278
0.1,0.55,0.3 565.038
0.1,0.55,0.35 374.284
0.1,0.55,0.4 74.9207
0.1,0.55,0.45 2.94901
0.1,0.6,0 1.47147e-16
0.1,0.6,0.05 1.34834
0.1,0.6,0.1 20.8954
0.1,0.6,0.15 21.1238
0.1,0.6,0.2 59.1099
0.1,0.6,0.25 336.353
0.1,0.6,0.3 332.051
0.1,0.6,0.35 370.943
0.1,0.6,0.4 133.899
0.1,0.6,0.45 1.11119
0.1,0.65,0.05 2.17993
0.1,0.65,0.1 38.6949
0.1,0.65,0.15 48.4896
0.1,0.65,0.2 54.251
0.1,0.65,0.25 53.3024
0.1,0.65,0.3 87.4328
0.1,0.65,0.35 203.279
0.1,0.65,0.4 104.177
0.1,0.65,0.45 1.03056
0.1,0.7,0.05 0.329914
0.1,0.7,0.1 7.01095
0.1,0.7,0.15 61.7208
0.1,0.7,0.2 338.886
0.1,0.7,0.25 242.28
0.1,0.7,0.3 75.6298
0.1,0.7,0.35 19.2245
0.1,0.7,0.4 3.93451
0.1,0.7,0.45 0.0389799
0.1,0.75,0.1 0.333051
0.1,0.75,0.15 23.0732
0.1,0.75,0.2 206.635
0.1,0.75,0.25 146.227
0.1,0.75,0.3 9.21198
0.1,0.75,0.35 0.999689
0.1,0.8,0.1 1.51045e-05
0.1,0.8,0.15 0.276887
0.1,0.8,0.2 3.92192
0.1,0.8,0.25 2.93444
0.1,0.8,0.3 0.0727368
0.1,0.85,0.15 0.000253774
0.1,0.85,0.2 0.0062261
0.1,0.85,0.25 0.00645038
0.1,0.85,0.3 0.000298647
0.15,0,0.1 2.5992e-15
0.15,0,0.15 8.84613e-13
0.15,0,0.2 2.17003e-12
0.15,0,0.25 3.26679e-13
0.15,0.05,0 3.77742e-13
0.15,0.05,0.05 0.00767793
0.15,0.05,0.1 0.0649096
0.15,0.05,0.15 11.6581
0.15,0.05,0.2 29.5205
0.15,0.05,0.25 41.7879
0.15,0.05,0.3 49.428
0.15,0.05,0.35 3.40212
0.15,0.1,0 2.55832e-10
0.15,0.1,0.05 5.19999
0.15,0.1,0.1 23.8269
0.15,0.1,0.15 78.1504
0.15,0.1,0.2 153.543
0.15,0.1,0.25 208.004
0.15,0.1,0.3 236.866
0.15,0.1,0.35 16.8567
0.15,0.1,0.4 0.0104901
0.15,0.15,0 7.0896e-10
0.15,0.15,0.05 23.9752
0.15,0.15,0.1 110.647
0.15,0.15,0.15 195.483
0.15,0.15,0.2 354.504
0.15,0.15,0.25 195.437
0.15,0.15,0.3 187.539
0.15,0.15,0.35 96.2614
0.15,0.15,0.4 2.59301
0.15,0.15,0.45 4.64376e-07
0.15,0.2,0 2.0535e-10
0.15,0.2,0.05 104.125
0.15,0.2,0.1 421.405
0.15,0.2,0.15 254.072
0.15,0.2,0.2 602.651
0.15,0.2,0.25 403.062
0.15,0.2,0.3 378.79
0.15,0.2,0.35 342.227
0.15,0.2,0.4 36.2387
0.15,0.2,0.45 0.000168864
0.15,0.25,0 6.20458e-11
0.15,0.25,0.05 149.866
0.15,0.25,0.1 599.621
0.15,0.25,0.15 270.629
0.15,0.25,0.2 500.36
0.15,0.25,0.25 511.126
0.15,0.25,0.3 383.25
0.15,0.25,0.35 336.964
0.15,0.25,0.4 74.9273
0.15,0.25,0.45 0.000419191
0.15,0.3,0 1.0722e-11
0.15,0.3,0.05 110.097
0.15,0.3,0.1 440.459
0.15,0.3,0.15 206.013
0.15,0.3,0.2 277.415
0.15,0.3,0.25 122.042
0.15,0.3,0.3 81.0596
0.15,0.3,0.35 47.78
0.15,0.3,0.4 11.2387
0.15,0.3,0.45 6.39383e-05
0.15,0.35,0 3.57402e-09
0.15,0.35,0.05 36.0418
0.15,0.35,0.1 144.063
0.15,0.35,0.15 41.1374
0.15,0.35,0.2 14.2742
0.15,0.35,0.25 2.48911
0.15,0.35,0.3 0.0123618
0.15,0.35,0.35 0.00123323
0.15,0.4,0 1.43752e-08
0.15,0.4,0.05 66.1615
0.15,0.4,0.1 270.457
0.15,0.4,0.15 126.16
0.15,0.4,0.2 41.6914
0.15,0.4,0.25 2.19919
0.15,0.4,0.3 0.0647018
0.15,0.4,0.35 0.0176842
0.15,0.4,0.4 0.038905
0.15,0.4,0.45 0.00521853
0.15,0.45,0 3.61683e-09
0.15,0.45,0.05 34.0666
0.15,0.45,0.1 176.451
0.15,0.45,0.15 532.181
0.15,0.45,0.2 579.371
0.15,0.45,0.25 175.978
0.15,0.45,0.3 45.7469
0.15,0.45,0.35 76.6495
0.15,0.45,0.4 127.598
0.15,0.45,0.45 17.2907
0.15,0.5,0 1.32503e-11
0.15,0.5,0.05 104.996
0.15,0.5,0.1 583.288
0.15,0.5,0.15 666.245
0.15,0.5,0.2 839.129
0.15,0.5,0.25 551.564
0.15,0.5,0.3 413.74
0.15,0.5,0.35 417.936
0.15,0.5,0.4 509.315
0.15,0.5,0.45 72.1299
0.15,0.55,0 4.26578e-12
0.15,0.55,0.05 45.5117
0.15,0.55,0.1 318.566
0.15,0.55,0.15 364.328
0.15,0.55,0.2 508.299
0.15,0.55,0.25 699.75
0.15,0.55,0.3 835.47
0.15,0.55,0.35 806.303
0.15,0.55,0.4 277.37
0.15,0.55,0.45 28.8144
0.15,0.6,0 2.51649e-10
0.15,0.6,0.05 11.623
0.15,0.6,0.1 144.287
0.15,0.6,0.15 143.113
0.15,0.6,0.2 162.189
0.15,0.6,0.25 430.832
0.15,0.6,0.3 415.582
0.15,0.6,0.35 480.486
0.15,0.6,0.4 150.155
0.15,0.6,0.45 1.78474
0.15,0.65,0 1.34118e-09
0.15,0.65,0.05 38.9398
0.15,0.65,0.1 388.189
0.15,0.65,0.15 448.113
0.15,0.65,0.2 381.965
0.15,0.65,0.25 259.741
0.15,0.65,0.3 546.456
0.15,0.65,0.35 280.987
0.15,0.65,0.4 100.028
0.15,0.65,0.45 0.990796
0.15,0.7,0 4.45021e-10
0.15,0.7,0.05 9.9283
0.15,0.7,0.1 98.1732
0.15,0.7,0.15 429.278
0.15,0.7,0.2 566.69
0.15,0.7,0.25 330.838
0.15,0.7,0.3 578.129
0.15,0.7,0.35 107.283
0.15,0.7,0.4 3.78811
0.15,0.7,0.45 0.0373905
0.15,0.75,0 2.92762e-13
0.15,0.75,0.05 0.00547986
0.15,0.75,0.1 12.0138
0.15,0.75,0.15 139.48
0.15,0.75,0.2 263.728
0.15,0.75,0.25 200.94
0.15,0.75,0.3 98.1243
0.15,0.75,0.35 10.9806
0.15,0.75,0.4 0.000173699
0.15,0.8,0.1 3.98149
0.15,0.8,0.15 32.8535
0.15,0.8,0.2 92.9499
0.15,0.8,0.25 103.941
0.15,0.8,0.3 42.253
0.15,0.8,0.35 3.06371
0.15,0.85,0.1 0.0625168
0.15,0.85,0.15 0.539243
0.15,0.85,0.2 2.03431
0.15,0.85,0.25 2.6267
0.15,0.85,0.3 1.2829
0.15,0.85,0.35 0.0949604
0.2,0,0.1 1.21643e-14
0.2,0,0.15 3.22306e-12
0.2,0,0.2 7.76518e-12
0.2,0,0.25 1.15536e-12
0.2,0.05,0 2.59192e-12
0.2,0.05,0.05 0.0526829
0.2,0.05,0.1 0.335276
0.2,0.05,0.15 41.0694
0.2,0.05,0.2 101.913
0.2,0.05,0.25 73.9427
0.2,0.05,0.3 88.6617
0.2,0.05,0.35 7.82185
0.2,0.1,0 1.75541e-09
0.2,0.1,0.05 35.6802
0.2,0.1,0.1 143.426
0.2,0.1,0.15 213.763
0.2,0.1,0.2 493.517
0.2,0.1,0.25 437.603
0.2,0.1,0.3 514.544
0.2,0.1,0.35 48.8136
0.2,0.1,0.4 0.00905499
0.2,0.15,0 4.92556e-09
0.2,0.15,0.05 105.561
0.2,0.15,0.1 424.135
0.2,0.15,0.15 251.432
0.2,0.15,0.2 577.101
0.2,0.15,0.25 382.838
0.2,0.15,0.3 336.87
0.2,0.15,0.35 139.444
0.2,0.15,0.4 4.08848
0.2,0.15,0.45 1.7744e-08
0.2,0.2,0 2.02103e-09
0.2,0.2,0.05 101.198
0.2,0.2,0.1 407.872
0.2,0.2,0.15 340.099
0.2,0.2,0.2 667.33
0.2,0.2,0.25 409.784
0.2,0.2,0.3 643.981
0.2,0.2,0.35 516.417
0.2,0.2,0.4 19.8263
0.2,0.2,0.45 6.45237e-06
0.2,0.25,0 7.042e-10
0.2,0.25,0.05 146.539
0.2,0.25,0.1 587.584
0.2,0.25,0.15 338.589
0.2,0.25,0.2 605.115
0.2,0.25,0.25 567.762
0.2,0.25,0.3 534.639
0.2,0.25,0.35 294.435
0.2,0.25,0.4 12.2477
0.2,0.25,0.45 1.60175e-05
0.2,0.3,0 1.80979e-11
0.2,0.3,0.05 157.908
0.2,0.3,0.1 632.067
0.2,0.3,0.15 261.573
0.2,0.3,0.2 329.917
0.2,0.3,0.25 149.994
0.2,0.3,0.3 72.2114
0.2,0.3,0.35 24.4892
0.2,0.3,0.4 1.10818
0.2,0.3,0.45 2.44311e-06
0.2,0.35,0 9.75665e-11
0.2,0.35,0.05 71.4014
0.2,0.35,0.1 286.836
0.2,0.35,0.15 78.5213
0.2,0.35,0.2 15.1742
0.2,0.35,0.25 3.3267
0.2,0.35,0.3 0.187397
0.2,0.35,0.35 0.278555
0.2,0.35,0.4 0.022763
0.2,0.4,0 3.89162e-10
0.2,0.4,0.05 43.1392
0.2,0.4,0.1 210.773
0.2,0.4,0.15 236.768
0.2,0.4,0.2 72.6506
0.2,0.4,0.25 3.34739
0.2,0.4,0.3 0.224551
0.2,0.4,0.35 0.0045667
0.2,0.4,0.4 0.0088761
0.2,0.4,0.45 0.00118541
0.2,0.45,0 1.72658e-10
0.2,0.45,0.05 45.1258
0.2,0.45,0.1 280.308
0.2,0.45,0.15 685.521
0.2,0.45,0.2 413.765
0.2,0.45,0.25 200.162
0.2,0.45,0.3 119.47
0.2,0.45,0.35 117.543
0.2,0.45,0.4 58.121
0.2,0.45,0.45 7.37074
0.2,0.5,0 2.08071e-10
0.2,0.5,0.05 87.1096
0.2,0.5,0.1 380.991
0.2,0.5,0.15 432.49
0.2,0.5,0.2 611.248
0.2,0.5,0.25 676.209
0.2,0.5,0.3 675.602
0.2,0.5,0.35 629.774
0.2,0.5,0.4 532.866
0.2,0.5,0.45 81.7521
0.2,0.55,0 5.21509e-11
0.2,0.55,0.05 31.0595
0.2,0.55,0.1 197.259
0.2,0.55,0.15 275.448
0.2,0.55,0.2 377.338
0.2,0.55,0.25 505.432
0.2,0.55,0.3 695.851
0.2,0.55,0.35 605.254
0.2,0.55,0.4 491.374
0.2,0.55,0.45 69.1243
0.2,0.6,0 1.15922e-09
0.2,0.6,0.05 25.9148
0.2,0.6,0.1 248.756
0.2,0.6,0.15 295.308
0.2,0.6,0.2 336.903
0.2,0.6,0.25 492.17
0.2,0.6,0.3 384.177
0.2,0.6,0.35 296.294
0.2,0.6,0.4 138.883
0.2,0.6,0.45 7.13922
0.2,0.65,0 6.25721e-09
0.2,0.65,0.05 115.819
0.2,0.65,0.1 613.112
0.2,0.65,0.15 589.589
0.2,0.65,0.2 560.793
0.2,0.65,0.25 325.12
0.2,0.65,0.3 581.432
0.2,0.65,0.35 183.718
0.2,0.65,0.4 12.6032
0.2,0.65,0.45 0.395813
0.2,0.7,0 2.20837e-09
0.2,0.7,0.05 45.6901
0.2,0.7,0.1 327.841
0.2,0.7,0.15 710.258
0.2,0.7,0.2 550.676
0.2,0.7,0.25 493.66
0.2,0.7,0.3 547.468
0.2,0.7,0.35 116.802
0.2,0.7,0.4 0.430625
0.2,0.7,0.45 0.00476328
0.2,0.75,0 1.83253e-11
0.2,0.75,0.05 9.4489
0.2,0.75,0.1 145.242
0.2,0.75,0.15 575.263
0.2,0.75,0.2 719.336
0.2,0.75,0.25 635.65
0.2,0.75,0.3 350.108
0.2,0.75,0.35 25.3467
0.2,0.75,0.4 0.00272604
0.2,0.8,0.05 3.73526
0.2,0.8,0.1 60.1047
0.2,0.8,0.15 282.865
0.2,0.8,0.2 425.426
0.2,0.8,0.25 363.837
0.2,0.8,0.3 234
0.2,0.8,0.35 17.829
0.2,0.85,0.05 0.0165209
0.2,0.85,0.1 0.604733
0.2,0.85,0.15 4.35302
0.2,0.85,0.2 8.14362
0.2,0.85,0.25 9.4805
0.2,0.85,0.3 7.18016
0.2,0.85,0.35 0.55261
0.25,0,0.1 4.4342e-13
0.25,0,0.15 1.88157e-11
0.25,0,0.2 3.02295e-11
0.25,0,0.25 9.49296e-11
0.25,0,0.3 8.83967e-11
0.25,0,0.35 3.50098e-12
0.25,0.05,0 1.08787e-12
0.25,0.05,0.05 0.0221119
0.25,0.05,0.1 0.824246
0.25,0.05,0.15 38.1962
0.25,0.05,0.2 63.0606
0.25,0.05,0.25 41.4146
0.25,0.05,0.3 52.44
0.25,0.05,0.35 5.09527
0.25,0.1,0 7.36776e-10
