0.45,0.15,0.2 456.361
0.45,0.15,0.25 404.645
0.45,0.15,0.3 520.376
0.45,0.15,0.35 452.121
0.45,0.15,0.4 214.898
0.45,0.15,0.45 3.25506
0.45,0.2,0 1.01943e-09
0.45,0.2,0.05 2.22214
0.45,0.2,0.1 186.016
0.45,0.2,0.15 575.575
0.45,0.2,0.2 509.262
0.45,0.2,0.25 576.879
0.45,0.2,0.3 996.291
0.45,0.2,0.35 440.39
0.45,0.2,0.4 95.8067
0.45,0.2,0.45 1.71516
0.45,0.25,0 2.02036e-08
0.45,0.25,0.05 44.164
0.45,0.25,0.1 268.072
0.45,0.25,0.15 323.277
0.45,0.25,0.2 335.236
0.45,0.25,0.25 415.776
0.45,0.25,0.3 557.805
0.45,0.25,0.35 491.255
0.45,0.25,0.4 213.447
0.45,0.25,0.45 3.26721
0.45,0.3,0 2.01547e-08
0.45,0.3,0.05 91.0185
0.45,0.3,0.1 483.664
0.45,0.3,0.15 579.614
0.45,0.3,0.2 836.964
0.45,0.3,0.25 454.204
0.45,0.3,0.3 214.147
0.45,0.3,0.35 475.208
0.45,0.3,0.4 231.317
0.45,0.3,0.45 19.0231
0.45,0.3,0.5 0.000256397
0.45,0.35,0 2.54422e-08
0.45,0.35,0.05 106.27
0.45,0.35,0.1 541.583
0.45,0.35,0.15 806.068
0.45,0.35,0.2 782.579
0.45,0.35,0.25 296.375
0.45,0.35,0.3 526.078
0.45,0.35,0.35 461.116
0.45,0.35,0.4 539.662
0.45,0.35,0.45 121.068
0.45,0.35,0.5 0.00155575
0.45,0.4,0 2.05718e-08
0.45,0.4,0.05 72.1302
0.45,0.4,0.1 329.18
0.45,0.4,0.15 306.563
0.45,0.4,0.2 351.407
0.45,0.4,0.25 275.259
0.45,0.4,0.3 821.469
0.45,0.4,0.35 571.967
0.45,0.4,0.4 552.277
0.45,0.4,0.45 105.571
0.45,0.4,0.5 0.0474918
0.45,0.45,0 7.8313e-10
0.45,0.45,0.05 71.2397
0.45,0.45,0.1 309.265
0.45,0.45,0.15 337.069
0.45,0.45,0.2 572.639
0.45,0.45,0.25 643.361
0.45,0.45,0.3 534.191
0.45,0.45,0.35 466.352
0.45,0.45,0.4 495.96
0.45,0.45,0.45 136.378
0.45,0.45,0.5 0.440888
0.45,0.5,0 1.68005e-10
0.45,0.5,0.05 76.8148
0.45,0.5,0.1 370.031
0.45,0.5,0.15 519.382
0.45,0.5,0.2 458.595
0.45,0.5,0.25 568.164
0.45,0.5,0.3 526.1
0.45,0.5,0.35 651.94
0.45,0.5,0.4 968.732
0.45,0.5,0.45 184.497
0.45,0.5,0.5 0.250532
0.45,0.55,0 3.44764e-09
0.45,0.55,0.05 20.2878
0.45,0.55,0.1 161.004
0.45,0.55,0.15 598.931
0.45,0.55,0.2 588.247
0.45,0.55,0.25 529.247
0.45,0.55,0.3 372.649
0.45,0.55,0.35 265.878
0.45,0.55,0.4 341.451
0.45,0.55,0.45 54.1671
0.45,0.55,0.5 0.00307577
0.45,0.6,0 1.23695e-08
0.45,0.6,0.05 69.2725
0.45,0.6,0.1 445.294
0.45,0.6,0.15 413.563
0.45,0.6,0.2 517.884
0.45,0.6,0.25 530.759
0.45,0.6,0.3 194.879
0.45,0.6,0.35 79.4789
0.45,0.6,0.4 15.065
0.45,0.6,0.45 0.834155
0.45,0.65,0 2.77989e-09
0.45,0.65,0.05 29.6474
0.45,0.65,0.1 249.594
0.45,0.65,0.15 260.816
0.45,0.65,0.2 475.826
0.45,0.65,0.25 470.527
0.45,0.65,0.3 356.153
0.45,0.65,0.35 75.2574
0.45,0.65,0.4 59.4733
0.45,0.65,0.45 4.9369
0.45,0.7,0 7.13216e-11
0.45,0.7,0.05 0.625304
0.45,0.7,0.1 6.73683
0.45,0.7,0.15 32.8337
0.45,0.7,0.2 174.979
0.45,0.7,0.25 486.924
0.45,0.7,0.3 376.362
0.45,0.7,0.35 64.2313
0.45,0.7,0.4 29.1365
0.45,0.7,0.45 2.43177
0.45,0.75,0 2.42916e-07
0.45,0.75,0.05 25.0314
0.45,0.75,0.1 99.4857
0.45,0.75,0.15 24.7147
0.45,0.75,0.2 13.4518
0.45,0.75,0.25 122.295
0.45,0.75,0.3 192.64
0.45,0.75,0.35 30.5643
0.45,0.75,0.4 0.306741
0.45,0.75,0.45 0.0170304
0.45,0.8,0 7.85732e-07
0.45,0.8,0.05 80.9672
0.45,0.8,0.1 321.799
0.45,0.8,0.15 79.9354
0.45,0.8,0.2 0.00299564
0.45,0.8,0.25 1.95126
0.45,0.8,0.3 5.31323
0.45,0.8,0.35 0.89813
0.45,0.8,0.4 0.00030478
0.45,0.85,0 1.58594e-07
0.45,0.85,0.05 16.3439
0.45,0.85,0.1 64.9577
0.45,0.85,0.15 16.1356
0.45,0.9,0 1.66874e-12
0.45,0.9,0.05 0.000257712
0.45,0.9,0.1 0.00102509
0.45,0.9,0.15 0.00025484
0.5,0.05,0.1 3.09678e-05
0.5,0.05,0.15 0.000135592
0.5,0.05,0.2 3.71001e-05
0.5,0.05,0.25 9.2749e-10
0.5,0.1,0.05 7.91537e-05
0.5,0.1,0.1 1.03949
0.5,0.1,0.15 5.51671
0.5,0.1,0.2 12.4783
0.5,0.1,0.25 11.8572
0.5,0.1,0.3 9.20542
0.5,0.1,0.35 11.1585
0.5,0.1,0.4 6.44404
0.5,0.1,0.45 0.0977559
0.5,0.15,0.05 0.023483
0.5,0.15,0.1 16.9936
0.5,0.15,0.15 87.9111
0.5,0.15,0.2 203.516
0.5,0.15,0.25 223.693
0.5,0.15,0.3 221.918
0.5,0.15,0.35 93.6449
0.5,0.15,0.4 30.8689
0.5,0.15,0.45 0.482061
0.5,0.2,0 7.33315e-12
0.5,0.2,0.05 0.116711
0.5,0.2,0.1 100.831
0.5,0.2,0.15 481.356
0.5,0.2,0.2 621.739
0.5,0.2,0.25 699.271
0.5,0.2,0.3 591.91
0.5,0.2,0.35 324.793
0.5,0.2,0.4 141.459
0.5,0.2,0.45 3.85603
0.5,0.25,0 1.44757e-10
0.5,0.25,0.05 8.64017
0.5,0.25,0.1 132.807
0.5,0.25,0.15 451.457
0.5,0.25,0.2 585.891
0.5,0.25,0.25 645.317
0.5,0.25,0.3 548.828
0.5,0.25,0.35 608.636
0.5,0.25,0.4 302.001
0.5,0.25,0.45 7.47025
0.5,0.3,0 4.55852e-10
0.5,0.3,0.05 56.2918
0.5,0.3,0.1 414.227
0.5,0.3,0.15 623.076
0.5,0.3,0.2 609.726
0.5,0.3,0.25 387.136
0.5,0.3,0.3 718.702
0.5,0.3,0.35 783.715
0.5,0.3,0.4 165.59
0.5,0.3,0.45 8.70694
0.5,0.3,0.5 0.000110513
0.5,0.35,0 5.45121e-09
0.5,0.35,0.05 47.8902
0.5,0.35,0.1 448.704
0.5,0.35,0.15 594.354
0.5,0.35,0.2 402.561
0.5,0.35,0.25 319.265
0.5,0.35,0.3 312.554
0.5,0.35,0.35 646.499
0.5,0.35,0.4 350.266
0.5,0.35,0.45 53.4143
0.5,0.35,0.5 0.000669895
0.5,0.4,0 4.53028e-09
0.5,0.4,0.05 22.7736
0.5,0.4,0.1 292.349
0.5,0.4,0.15 359.114
0.5,0.4,0.2 290.815
0.5,0.4,0.25 390.358
0.5,0.4,0.3 191.497
0.5,0.4,0.35 261.002
0.5,0.4,0.4 281.875
0.5,0.4,0.45 45.4365
0.5,0.4,0.5 0.00191815
0.5,0.45,0 1.98346e-10
0.5,0.45,0.05 32.9316
0.5,0.45,0.1 285.756
0.5,0.45,0.15 345.11
0.5,0.45,0.2 353.757
0.5,0.45,0.25 593.47
0.5,0.45,0.3 303.845
0.5,0.45,0.35 88.3544
0.5,0.45,0.4 69.0569
0.5,0.45,0.45 13.0159
0.5,0.45,0.5 0.016933
0.5,0.5,0 6.56722e-11
0.5,0.5,0.05 50.1022
0.5,0.5,0.1 407.06
0.5,0.5,0.15 478.715
0.5,0.5,0.2 558.087
0.5,0.5,0.25 686.098
0.5,0.5,0.3 478.087
0.5,0.5,0.35 165.399
0.5,0.5,0.4 146.932
0.5,0.5,0.45 23.4694
0.5,0.5,0.5 0.00986443
0.5,0.55,0 2.53551e-11
0.5,0.55,0.05 19.4618
0.5,0.55,0.1 287.098
0.5,0.55,0.15 622.575
0.5,0.55,0.2 935.777
0.5,0.55,0.25 611.56
0.5,0.55,0.3 471.813
0.5,0.55,0.35 365.304
0.5,0.55,0.4 84.8178
0.5,0.55,0.45 9.45621
0.5,0.55,0.5 0.000122739
0.5,0.6,0 7.94165e-11
0.5,0.6,0.05 2.97966
0.5,0.6,0.1 94.0327
0.5,0.6,0.15 365.076
0.5,0.6,0.2 408.054
0.5,0.6,0.25 364.095
0.5,0.6,0.3 303.15
0.5,0.6,0.35 160.906
0.5,0.6,0.4 10.1781
0.5,0.6,0.45 0.046468
0.5,0.65,0 1.78479e-11
0.5,0.65,0.05 1.68092
0.5,0.65,0.1 27.3411
0.5,0.65,0.15 141.053
0.5,0.65,0.2 338.453
0.5,0.65,0.25 435.361
0.5,0.65,0.3 565.638
0.5,0.65,0.35 81.9174
0.5,0.65,0.4 1.94959
0.5,0.65,0.45 1.32859e-05
0.5,0.7,0 4.11456e-12
0.5,0.7,0.05 0.0580408
0.5,0.7,0.1 0.932424
0.5,0.7,0.15 27.6923
0.5,0.7,0.2 141.261
0.5,0.7,0.25 429.164
0.5,0.7,0.3 547.859
0.5,0.7,0.35 179.108
0.5,0.7,0.4 12.9139
0.5,0.7,0.45 6.92411e-06
0.5,0.75,0 1.82775e-08
0.5,0.75,0.05 2.24969
0.5,0.75,0.1 16.6268
0.5,0.75,0.15 15.639
0.5,0.75,0.2 11.7983
0.5,0.75,0.25 114.962
0.5,0.75,0.3 257.367
0.5,0.75,0.35 116.454
0.5,0.75,0.4 9.16526
0.5,0.75,0.45 5.97562e-08
0.5,0.8,0 1.78866e-07
0.5,0.8,0.05 25.4538
0.5,0.8,0.1 109.441
0.5,0.8,0.15 38.4986
0.5,0.8,0.2 1.29949
0.5,0.8,0.25 2.27553
0.5,0.8,0.3 7.21517
0.5,0.8,0.35 3.01263
0.5,0.8,0.4 0.215851
0.5,0.85,0 1.65992e-07
0.5,0.85,0.05 25.1729
0.5,0.85,0.1 100.538
0.5,0.85,0.15 25.5481
0.5,0.85,0.2 0.0546969
0.5,0.85,0.25 0.00132871
0.5,0.85,0.3 0.0100969
0.5,0.85,0.35 0.00463607
0.5,0.85,0.4 2.43467e-05
0.5,0.9,0 8.96276e-09
0.5,0.9,0.05 1.38416
0.5,0.9,0.1 5.50572
0.5,0.9,0.15 1.36874
0.55,0.1,0.05 0.00328628
0.55,0.1,0.1 0.309835
0.55,0.1,0.15 0.56891
0.55,0.1,0.2 0.191244
0.55,0.1,0.25 1.44684
0.55,0.1,0.3 2.05265
0.55,0.1,0.35 0.166905
0.55,0.1,0.4 1.2107e-06
0.55,0.15,0.05 0.589861
0.55,0.15,0.1 58.4179
0.55,0.15,0.15 115.957
0.55,0.15,0.2 24.1692
0.55,0.15,0.25 129.448
0.55,0.15,0.3 183.78
0.55,0.15,0.35 15.4213
0.55,0.15,0.4 0.440931
0.55,0.15,0.45 0.0125658
0.55,0.2,0.05 1.2684
0.55,0.2,0.1 142.883
0.55,0.2,0.15 346.808
0.55,0.2,0.2 171.378
0.55,0.2,0.25 385.132
0.55,0.2,0.3 404.445
0.55,0.2,0.35 87.5104
0.55,0.2,0.4 44.3244
0.55,0.2,0.45 1.2657
0.55,0.25,0.05 1.21547
0.55,0.25,0.1 107.556
0.55,0.25,0.15 341.836
0.55,0.25,0.2 408.378
0.55,0.25,0.25 465.79
0.55,0.25,0.3 361.465
0.55,0.25,0.35 241.634
0.55,0.25,0.4 86.2204
0.55,0.25,0.45 2.33221
0.55,0.3,0.05 4.38328
0.55,0.3,0.1 230.983
0.55,0.3,0.15 656.746
0.55,0.3,0.2 412.287
0.55,0.3,0.25 741.371
0.55,0.3,0.3 889.494
0.55,0.3,0.35 406.489
0.55,0.3,0.4 30.1555
0.55,0.3,0.45 0.280717
0.55,0.3,0.5 4.33564e-07
0.55,0.35,0.05 3.76153
0.55,0.35,0.1 153.888
0.55,0.35,0.15 577.734
0.55,0.35,0.2 529.364
0.55,0.35,0.25 657.745
0.55,0.35,0.3 373.363
0.55,0.35,0.35 170.363
0.55,0.35,0.4 30.9809
0.55,0.35,0.45 0.245976
0.55,0.35,0.5 2.62812e-06
0.55,0.4,0 9.8318e-15
0.55,0.4,0.05 2.45856
0.55,0.4,0.1 116.351
0.55,0.4,0.15 317.117
0.55,0.4,0.2 300.09
0.55,0.4,0.25 242.393
0.55,0.4,0.3 86.4594
0.55,0.4,0.35 45.1926
0.55,0.4,0.4 10.241
0.55,0.4,0.45 0.290481
0.55,0.4,0.5 9.85045e-07
0.55,0.45,0 2.61481e-13
0.55,0.45,0.05 2.04566
0.55,0.45,0.1 172.615
0.55,0.45,0.15 443.024
0.55,0.45,0.2 174.511
0.55,0.45,0.25 313.768
0.55,0.45,0.3 627.474
0.55,0.45,0.35 153.442
0.55,0.45,0.4 1.36346
0.55,0.45,0.45 0.0491516
0.55,0.45,0.5 1.73798e-09
0.55,0.5,0 2.82771e-13
0.55,0.5,0.05 8.50837
0.55,0.5,0.1 179.354
0.55,0.5,0.15 448.414
0.55,0.5,0.2 345.169
0.55,0.5,0.25 667.433
0.55,0.5,0.3 698.398
0.55,0.5,0.35 147.242
0.55,0.5,0.4 16.5202
0.55,0.5,0.45 0.53024
0.55,0.55,0 1.40981e-14
0.55,0.55,0.05 8.2445
0.55,0.55,0.1 150.247
0.55,0.55,0.15 297.434
0.55,0.55,0.2 416.838
0.55,0.55,0.25 584.687
0.55,0.55,0.3 415.4
0.55,0.55,0.35 175.318
0.55,0.55,0.4 40.3813
0.55,0.55,0.45 1.24566
0.55,0.6,0.05 0.371173
0.55,0.6,0.1 98.0832
0.55,0.6,0.15 385.505
0.55,0.6,0.2 234.064
0.55,0.6,0.25 592.675
0.55,0.6,0.3 950.636
0.55,0.6,0.35 262.971
0.55,0.6,0.4 14.1154
0.55,0.6,0.45 0.182434
0.55,0.65,0.05 2.84766e-06
0.55,0.65,0.1 22.144
0.55,0.65,0.15 173.486
0.55,0.65,0.2 124.324
0.55,0.65,0.25 229.418
0.55,0.65,0.3 674.887
0.55,0.65,0.35 355.38
0.55,0.65,0.4 60.4627
0.55,0.65,0.45 0.000741031
0.55,0.7,0 2.02185e-13
0.55,0.7,0.05 0.103185
0.55,0.7,0.1 16.8472
0.55,0.7,0.15 157.317
0.55,0.7,0.2 167.261
0.55,0.7,0.25 103.903
0.55,0.7,0.3 450.529
0.55,0.7,0.35 475.359
0.55,0.7,0.4 64.2987
0.55,0.7,0.45 0.000386196
0.55,0.75,0 1.42716e-08
0.55,0.75,0.05 7.65386
0.55,0.75,0.1 181.087
0.55,0.75,0.15 442.969
0.55,0.75,0.2 249.49
0.55,0.75,0.25 66.7396
0.55,0.75,0.3 316.998
0.55,0.75,0.35 296.072
0.55,0.75,0.4 25.6708
0.55,0.75,0.45 3.33294e-06
0.55,0.8,0 4.45828e-07
0.55,0.8,0.05 79.2096
0.55,0.8,0.1 453.007
0.55,0.8,0.15 336.618
0.55,0.8,0.2 52.2994
0.55,0.8,0.25 19.5099
0.55,0.8,0.3 123.149
0.55,0.8,0.35 59.7135
0.55,0.8,0.4 0.871911
0.55,0.85,0 5.23549e-07
0.55,0.85,0.05 86.1429
0.55,0.85,0.1 349.333
0.55,0.85,0.15 95.7461
0.55,0.85,0.2 0.874678
0.55,0.85,0.25 1.27687
0.55,0.85,0.3 9.70292
0.55,0.85,0.35 4.4552
0.55,0.85,0.4 0.0233968
0.55,0.9,0 2.99179e-08
0.55,0.9,0.05 5.75641
0.55,0.9,0.1 22.9211
0.55,0.9,0.15 5.70429
0.55,0.95,0 9.51499e-18
0.55,0.95,0.05 1.11451e-05
0.55,0.95,0.1 4.45676e-05
0.55,0.95,0.15 1.11387e-05
0.6,0.1,0.05 0.00439411
0.6,0.1,0.1 0.414282
0.6,0.1,0.15 0.74811
0.6,0.1,0.2 0.169523
0.6,0.1,0.25 4.93107
0.6,0.1,0.3 7.35482
0.6,0.1,0.35 0.600134
0.6,0.15,0.05 0.788708
0.6,0.15,0.1 74.3623
0.6,0.15,0.15 134.29
0.6,0.15,0.2 17.206
0.6,0.15,0.25 167.745
0.6,0.15,0.3 250.345
0.6,0.15,0.35 20.5965
0.6,0.15,0.4 0.00187477
0.6,0.15,0.45 1.12767e-05
0.6,0.2,0.05 1.69443
0.6,0.2,0.1 159.773
0.6,0.2,0.15 300.804
0.6,0.2,0.2 122.642
0.6,0.2,0.25 288.093
0.6,0.2,0.3 366.718
0.6,0.2,0.35 39.7284
0.6,0.2,0.4 0.118952
0.6,0.2,0.45 0.00113583
0.6,0.25,0.05 0.314997
0.6,0.25,0.1 30.6954
0.6,0.25,0.15 126.093
0.6,0.25,0.2 511.035
0.6,0.25,0.25 551.23
0.6,0.25,0.3 330.61
0.6,0.25,0.35 43.4455
0.6,0.25,0.4 0.569135
0.6,0.25,0.45 0.00209256
0.6,0.3,0.05 0.25294
0.6,0.3,0.1 29.7425
0.6,0.3,0.15 108.964
0.6,0.3,0.2 294.654
0.6,0.3,0.25 632.398
0.6,0.3,0.3 401.819
0.6,0.3,0.35 45.2965
0.6,0.3,0.4 1.65047
0.6,0.3,0.45 0.00286617
0.6,0.35,0.05 0.0424709
0.6,0.35,0.1 19.2671
0.6,0.35,0.15 228.961
0.6,0.35,0.2 495.142
0.6,0.35,0.25 524.253
0.6,0.35,0.3 207.808
0.6,0.35,0.35 124.167
0.6,0.35,0.4 48.4854
0.6,0.35,0.45 0.285753
0.6,0.4,0.05 0.0222618
0.6,0.4,0.1 12.849
0.6,0.4,0.15 312.928
0.6,0.4,0.2 517.945
0.6,0.4,0.25 263.898
0.6,0.4,0.3 124.811
0.6,0.4,0.35 235.209
0.6,0.4,0.4 93.3752
0.6,0.4,0.45 0.53767
0.6,0.45,0.05 0.0680359
0.6,0.45,0.1 44.9911
0.6,0.45,0.15 476.884
0.6,0.45,0.2 437.422
0.6,0.45,0.25 214.861
0.6,0.45,0.3 565.298
0.6,0.45,0.35 409.216
0.6,0.45,0.4 50.7759
0.6,0.45,0.45 0.264346
0.6,0.5,0.05 0.0582033
0.6,0.5,0.1 58.4735
0.6,0.5,0.15 476.326
0.6,0.5,0.2 401.983
0.6,0.5,0.25 247.555
0.6,0.5,0.3 487.159
0.6,0.5,0.35 525.886
0.6,0.5,0.4 229.303
0.6,0.5,0.45 6.48182
0.6,0.55,0.05 0.0463856
0.6,0.55,0.1 11.9343
0.6,0.55,0.15 71.1011
0.6,0.55,0.2 100.086
0.6,0.55,0.25 217.441
0.6,0.55,0.3 355.144
0.6,0.55,0.35 492.316
0.6,0.55,0.4 332.529
0.6,0.55,0.45 11.0584
0.6,0.6,0.05 0.00209156
0.6,0.6,0.1 10.4132
0.6,0.6,0.15 58.3008
0.6,0.6,0.2 52.5423
0.6,0.6,0.25 286.859
0.6,0.6,0.3 761.011
0.6,0.6,0.35 305.825
0.6,0.6,0.4 50.5921
0.6,0.6,0.45 1.38166
0.6,0.65,0.05 2.81448e-07
0.6,0.65,0.1 16.4096
0.6,0.65,0.15 272.297
0.6,0.65,0.2 233.656
0.6,0.65,0.25 76.5975
0.6,0.65,0.3 301.924
0.6,0.65,0.35 383.741
0.6,0.65,0.4 87.9584
0.6,0.65,0.45 0.00111744
0.6,0.7,0 2.48195e-12
0.6,0.7,0.05 0.262962
0.6,0.7,0.1 31.6958
0.6,0.7,0.15 349.252
0.6,0.7,0.2 365.178
0.6,0.7,0.25 99.3353
0.6,0.7,0.3 371.111
0.6,0.7,0.35 310.955
0.6,0.7,0.4 51.4114
0.6,0.7,0.45 0.000582365
0.6,0.75,0 3.45659e-09
0.6,0.75,0.05 40.4357
0.6,0.75,0.1 323.338
0.6,0.75,0.15 712.472
0.6,0.75,0.2 503.792
0.6,0.75,0.25 146.734
0.6,0.75,0.3 525.465
0.6,0.75,0.35 224.272
0.6,0.75,0.4 5.23139
0.6,0.75,0.45 5.02591e-06
0.6,0.8,0 9.39846e-08
0.6,0.8,0.05 118.655
0.6,0.8,0.1 594.318
0.6,0.8,0.15 391.64
0.6,0.8,0.2 87.6689
0.6,0.8,0.25 52.7496
0.6,0.8,0.3 343.097
0.6,0.8,0.35 156.211
0.6,0.8,0.4 0.898511
0.6,0.85,0 1.09314e-07
0.6,0.85,0.05 107.475
0.6,0.85,0.1 434.687
0.6,0.85,0.15 115.675
0.6,0.85,0.2 0.70331
0.6,0.85,0.25 3.65717
0.6,0.85,0.3 27.7907
0.6,0.85,0.35 12.7604
0.6,0.85,0.4 0.067012
0.6,0.9,0 6.2527e-09
0.6,0.9,0.05 22.1589
0.6,0.9,0.1 88.5901
0.6,0.9,0.15 22.1361
0.6,0.95,0 1.77506e-16
0.6,0.95,0.05 0.000207916
0.6,0.95,0.1 0.000831427
0.6,0.95,0.15 0.000207798
0.65,0.1,0.05 0.000306598
0.65,0.1,0.1 0.0289064
0.65,0.1,0.15 0.0521992
0.65,0.1,0.2 0.029829
