0.25,0.2,0.1 124.586
0.25,0.2,0.15 546.907
0.25,0.2,0.2 595.031
0.25,0.2,0.25 437.315
0.25,0.2,0.3 429.913
0.25,0.2,0.35 546.764
0.25,0.2,0.4 141.946
0.25,0.2,0.45 1.07857
0.25,0.25,0 2.62438e-10
0.25,0.25,0.05 48.0501
0.25,0.25,0.1 231.115
0.25,0.25,0.15 270.412
0.25,0.25,0.2 403.333
0.25,0.25,0.25 187.955
0.25,0.25,0.3 467.033
0.25,0.25,0.35 712.7
0.25,0.25,0.4 164.852
0.25,0.25,0.45 1.49191
0.25,0.3,0 1.91974e-10
0.25,0.3,0.05 37.4211
0.25,0.3,0.1 175.515
0.25,0.3,0.15 203.643
0.25,0.3,0.2 531.528
0.25,0.3,0.25 305.739
0.25,0.3,0.3 177.387
0.25,0.3,0.35 289.537
0.25,0.3,0.4 146.662
0.25,0.3,0.45 4.09668
0.25,0.35,0 1.17086e-10
0.25,0.35,0.05 70.6739
0.25,0.35,0.1 352.138
0.25,0.35,0.15 430.797
0.25,0.35,0.2 204.063
0.25,0.35,0.25 63.1882
0.25,0.35,0.3 30.5704
0.25,0.35,0.35 49.8676
0.25,0.35,0.4 41.915
0.25,0.35,0.45 1.36301
0.25,0.4,0 1.63853e-10
0.25,0.4,0.05 98.7605
0.25,0.4,0.1 444.47
0.25,0.4,0.15 434.573
0.25,0.4,0.2 203.774
0.25,0.4,0.25 92.152
0.25,0.4,0.3 18.6814
0.25,0.4,0.35 0.837005
0.25,0.4,0.4 1.14412
0.25,0.4,0.45 0.233214
0.25,0.4,0.5 0.000374344
0.25,0.45,0 7.67387e-11
0.25,0.45,0.05 135.636
0.25,0.45,0.1 630.484
0.25,0.45,0.15 454.202
0.25,0.45,0.2 271.223
0.25,0.45,0.25 414.208
0.25,0.45,0.3 305.481
0.25,0.45,0.35 164.171
0.25,0.45,0.4 199.817
0.25,0.45,0.45 46.7585
0.25,0.45,0.5 0.130834
0.25,0.5,0 1.2729e-11
0.25,0.5,0.05 124.273
0.25,0.5,0.1 727.928
0.25,0.5,0.15 459.881
0.25,0.5,0.2 292.872
0.25,0.5,0.25 293.291
0.25,0.5,0.3 768.414
0.25,0.5,0.35 581.75
0.25,0.5,0.4 579.679
0.25,0.5,0.45 161.099
0.25,0.5,0.5 0.85732
0.25,0.55,0 2.03016e-09
0.25,0.55,0.05 49.1442
0.25,0.55,0.1 335.345
0.25,0.55,0.15 383.493
0.25,0.55,0.2 342.55
0.25,0.55,0.25 211.157
0.25,0.55,0.3 574.849
0.25,0.55,0.35 675.18
0.25,0.55,0.4 608.52
0.25,0.55,0.45 155.203
0.25,0.55,0.5 0.372531
0.25,0.6,0 1.7001e-08
0.25,0.6,0.05 6.83692
0.25,0.6,0.1 58.2902
0.25,0.6,0.15 377.971
0.25,0.6,0.2 612.252
0.25,0.6,0.25 552.579
0.25,0.6,0.3 493.065
0.25,0.6,0.35 472.736
0.25,0.6,0.4 308.442
0.25,0.6,0.45 53.3232
0.25,0.6,0.5 0.00725752
0.25,0.65,0 9.29816e-09
0.25,0.65,0.05 61.7982
0.25,0.65,0.1 305.585
0.25,0.65,0.15 387.086
0.25,0.65,0.2 385.876
0.25,0.65,0.25 272.029
0.25,0.65,0.3 337.635
0.25,0.65,0.35 385.617
0.25,0.65,0.4 107.022
0.25,0.65,0.45 4.89844
0.25,0.65,0.5 7.31381e-06
0.25,0.7,0 1.55522e-09
0.25,0.7,0.05 90.2309
0.25,0.7,0.1 403.817
0.25,0.7,0.15 468.842
0.25,0.7,0.2 520.624
0.25,0.7,0.25 365.483
0.25,0.7,0.3 278.549
0.25,0.7,0.35 210.55
0.25,0.7,0.4 19.7514
0.25,0.7,0.45 0.0204647
0.25,0.75,0 1.56549e-10
0.25,0.75,0.05 8.95215
0.25,0.75,0.1 50.1857
0.25,0.75,0.15 212.341
0.25,0.75,0.2 686.501
0.25,0.75,0.25 525.038
0.25,0.75,0.3 307.422
0.25,0.75,0.35 189.145
0.25,0.75,0.4 8.2595
0.25,0.75,0.45 3.80152e-06
0.25,0.8,0.1 0.235574
0.25,0.8,0.15 13.5679
0.25,0.8,0.2 117.521
0.25,0.8,0.25 89.6406
0.25,0.8,0.3 63.4715
0.25,0.8,0.35 48.6755
0.25,0.8,0.4 1.95393
0.25,0.85,0.15 0.00454798
0.25,0.85,0.2 0.0557809
0.25,0.85,0.25 0.0385869
0.25,0.85,0.3 0.00473192
0.25,0.85,0.35 0.00321135
0.25,0.85,0.4 0.000128975
0.3,0.05,0 3.73392e-15
0.3,0.05,0.05 7.58951e-05
0.3,0.05,0.1 0.00465819
0.3,0.05,0.15 6.30188
0.3,0.05,0.2 43.9821
0.3,0.05,0.25 50.3208
0.3,0.05,0.3 57.9717
0.3,0.05,0.35 7.06059
0.3,0.05,0.4 0.0666521
0.3,0.1,0 2.52885e-12
0.3,0.1,0.05 0.0514011
0.3,0.1,0.1 14.8911
0.3,0.1,0.15 116.332
0.3,0.1,0.2 357.763
0.3,0.1,0.25 354.944
0.3,0.1,0.3 395.292
0.3,0.1,0.35 73.3624
0.3,0.1,0.4 2.08468
0.3,0.15,0 6.92181e-12
0.3,0.15,0.05 6.891
0.3,0.15,0.1 80.4128
0.3,0.15,0.15 327.4
0.3,0.15,0.2 456.495
0.3,0.15,0.25 390.773
0.3,0.15,0.3 424.151
0.3,0.15,0.35 322.183
0.3,0.15,0.4 29.8441
0.3,0.15,0.45 0.1652
0.3,0.2,0 5.78938e-12
0.3,0.2,0.05 63.4151
0.3,0.2,0.1 330.424
0.3,0.2,0.15 382.825
0.3,0.2,0.2 589.331
0.3,0.2,0.25 352.132
0.3,0.2,0.3 510.696
0.3,0.2,0.35 601.355
0.3,0.2,0.4 182.578
0.3,0.2,0.45 2.05835
0.3,0.25,0 1.28648e-08
0.3,0.25,0.05 62.4087
0.3,0.25,0.1 434.678
0.3,0.25,0.15 337.907
0.3,0.25,0.2 372.761
0.3,0.25,0.25 210.24
0.3,0.25,0.3 479.241
0.3,0.25,0.35 595.499
0.3,0.25,0.4 189.72
0.3,0.25,0.45 2.93385
0.3,0.3,0 4.11432e-08
0.3,0.3,0.05 25.8557
0.3,0.3,0.1 167.738
0.3,0.3,0.15 278.834
0.3,0.3,0.2 467.94
0.3,0.3,0.25 468.088
0.3,0.3,0.3 510.564
0.3,0.3,0.35 514.119
0.3,0.3,0.4 272.032
0.3,0.3,0.45 8.27211
0.3,0.35,0 8.40632e-09
0.3,0.35,0.05 30.6218
0.3,0.35,0.1 194.536
0.3,0.35,0.15 650.465
0.3,0.35,0.2 542.176
0.3,0.35,0.25 172.574
0.3,0.35,0.3 132.443
0.3,0.35,0.35 119.267
0.3,0.35,0.4 84.7772
0.3,0.35,0.45 2.75278
0.3,0.35,0.5 1.63384e-07
0.3,0.4,0 9.66897e-10
0.3,0.4,0.05 103.094
0.3,0.4,0.1 479.78
0.3,0.4,0.15 731.915
0.3,0.4,0.2 511.55
0.3,0.4,0.25 97.0508
0.3,0.4,0.3 14.8915
0.3,0.4,0.35 0.742044
0.3,0.4,0.4 2.92866
0.3,0.4,0.45 1.20069
0.3,0.4,0.5 0.0058956
0.3,0.45,0 4.91496e-10
0.3,0.45,0.05 70.1703
0.3,0.45,0.1 354.36
0.3,0.45,0.15 583.748
0.3,0.45,0.2 553.174
0.3,0.45,0.25 366.274
0.3,0.45,0.3 220.178
0.3,0.45,0.35 150.019
0.3,0.45,0.4 47.9482
0.3,0.45,0.45 9.92518
0.3,0.45,0.5 0.0214861
0.3,0.5,0 2.02057e-10
0.3,0.5,0.05 70.7585
0.3,0.5,0.1 475.923
0.3,0.5,0.15 300.494
0.3,0.5,0.2 210.375
0.3,0.5,0.25 264.342
0.3,0.5,0.3 724.142
0.3,0.5,0.35 608.849
0.3,0.5,0.4 110.629
0.3,0.5,0.45 16.6848
0.3,0.5,0.5 0.00548663
0.3,0.55,0 6.16108e-08
0.3,0.55,0.05 43.911
0.3,0.55,0.1 314.862
0.3,0.55,0.15 241.843
0.3,0.55,0.2 330.244
0.3,0.55,0.25 184.412
0.3,0.55,0.3 604.228
0.3,0.55,0.35 462.779
0.3,0.55,0.4 200.652
0.3,0.55,0.45 34.1309
0.3,0.55,0.5 0.00310016
0.3,0.6,0 5.15612e-07
0.3,0.6,0.05 67.1527
0.3,0.6,0.1 278.927
0.3,0.6,0.15 266.411
0.3,0.6,0.2 677.862
0.3,0.6,0.25 451.402
0.3,0.6,0.3 639.194
0.3,0.6,0.35 485.914
0.3,0.6,0.4 528.896
0.3,0.6,0.45 80.2067
0.3,0.6,0.5 0.00109378
0.3,0.65,0 2.57486e-07
0.3,0.65,0.05 78.9156
0.3,0.65,0.1 324.342
0.3,0.65,0.15 291.985
0.3,0.65,0.2 398.454
0.3,0.65,0.25 407.358
0.3,0.65,0.3 662.717
0.3,0.65,0.35 290.286
0.3,0.65,0.4 195.117
0.3,0.65,0.45 30.4319
0.3,0.65,0.5 1.32207e-06
0.3,0.7,0 2.7104e-09
0.3,0.7,0.05 67.9686
0.3,0.7,0.1 283.288
0.3,0.7,0.15 323.655
0.3,0.7,0.2 523.04
0.3,0.7,0.25 396.178
0.3,0.7,0.3 232.862
0.3,0.7,0.35 184.485
0.3,0.7,0.4 16.6883
0.3,0.7,0.45 0.120216
0.3,0.75,0 8.54123e-11
0.3,0.75,0.05 5.81105
0.3,0.75,0.1 24.5622
0.3,0.75,0.15 64.0838
0.3,0.75,0.2 487.638
0.3,0.75,0.25 410.041
0.3,0.75,0.3 155.537
0.3,0.75,0.35 88.6633
0.3,0.75,0.4 2.98723
0.3,0.8,0.1 0.00494572
0.3,0.8,0.15 8.66949
0.3,0.8,0.2 102.803
0.3,0.8,0.25 70.199
0.3,0.8,0.3 14.6714
0.3,0.8,0.35 7.5748
0.3,0.8,0.4 0.103201
0.3,0.85,0.15 0.00579964
0.3,0.85,0.2 0.0710047
0.3,0.85,0.25 0.0475739
0.3,0.85,0.3 0.000943362
0.3,0.85,0.35 6.475e-05
0.3,0.85,0.4 2.60949e-06
0.35,0.05,0.1 0.00713027
0.35,0.05,0.15 0.600421
0.35,0.05,0.2 4.03849
0.35,0.05,0.25 9.86646
0.35,0.05,0.3 14.6927
0.35,0.05,0.35 1.52768
0.35,0.1,0.05 0.0536557
0.35,0.1,0.1 25.3905
0.35,0.1,0.15 118.587
0.35,0.1,0.2 63.7068
0.35,0.1,0.25 78.82
0.35,0.1,0.3 132.297
0.35,0.1,0.35 19.3954
0.35,0.1,0.4 0.229831
0.35,0.15,0.05 7.96389
0.35,0.15,0.1 120.403
0.35,0.15,0.15 410.969
0.35,0.15,0.2 166.492
0.35,0.15,0.25 147.53
0.35,0.15,0.3 273.633
0.35,0.15,0.35 87.1229
0.35,0.15,0.4 4.57839
0.35,0.15,0.45 0.018921
0.35,0.2,0 5.07969e-11
0.35,0.2,0.05 71.5899
0.35,0.2,0.1 371.611
0.35,0.2,0.15 386.213
0.35,0.2,0.2 479.818
0.35,0.2,0.25 420.581
0.35,0.2,0.3 474.583
0.35,0.2,0.35 152.828
0.35,0.2,0.4 24.4543
0.35,0.2,0.45 0.235749
0.35,0.25,0 7.9199e-08
0.35,0.25,0.05 97.3047
0.35,0.25,0.1 589.774
0.35,0.25,0.15 614.234
0.35,0.25,0.2 511.864
0.35,0.25,0.25 277.773
0.35,0.25,0.3 531.668
0.35,0.25,0.35 396.852
0.35,0.25,0.4 53.7566
0.35,0.25,0.45 0.345093
0.35,0.3,0 2.52134e-07
0.35,0.3,0.05 116.572
0.35,0.3,0.1 532.436
0.35,0.3,0.15 458.293
0.35,0.3,0.2 465.168
0.35,0.3,0.25 523.2
0.35,0.3,0.3 858.001
0.35,0.3,0.35 410.196
0.35,0.3,0.4 53.1272
0.35,0.3,0.45 0.996086
0.35,0.35,0 5.04166e-08
0.35,0.35,0.05 77.1213
0.35,0.35,0.1 333.003
0.35,0.35,0.15 467.066
0.35,0.35,0.2 460.828
0.35,0.35,0.25 313.098
0.35,0.35,0.3 319.052
0.35,0.35,0.35 72.3735
0.35,0.35,0.4 10.6553
0.35,0.35,0.45 0.332445
0.35,0.35,0.5 4.67197e-06
0.35,0.4,0 9.47336e-10
0.35,0.4,0.05 161.705
0.35,0.4,0.1 742.315
0.35,0.4,0.15 782.743
0.35,0.4,0.2 509.668
0.35,0.4,0.25 59.3724
0.35,0.4,0.3 8.22675
0.35,0.4,0.35 23.3426
0.35,0.4,0.4 81.3203
0.35,0.4,0.45 33.3935
0.35,0.4,0.5 0.1686
0.35,0.45,0 2.18033e-09
0.35,0.45,0.05 96.9578
0.35,0.45,0.1 462.583
0.35,0.45,0.15 602.326
0.35,0.45,0.2 671.808
0.35,0.45,0.25 317.376
0.35,0.45,0.3 165.669
0.35,0.45,0.35 265.889
0.35,0.45,0.4 380.552
0.35,0.45,0.45 123.219
0.35,0.45,0.5 0.61442
0.35,0.5,0 2.13822e-09
0.35,0.5,0.05 94.64
0.35,0.5,0.1 561.582
0.35,0.5,0.15 416.406
0.35,0.5,0.2 518.017
0.35,0.5,0.25 761.931
0.35,0.5,0.3 585.178
0.35,0.5,0.35 372.608
0.35,0.5,0.4 149.305
0.35,0.5,0.45 29.1478
0.35,0.5,0.5 0.140061
0.35,0.55,0 7.22365e-08
0.35,0.55,0.05 37.021
0.35,0.55,0.1 307.161
0.35,0.55,0.15 413.217
0.35,0.55,0.2 603.343
0.35,0.55,0.25 449.781
0.35,0.55,0.3 513.828
0.35,0.55,0.35 356.052
0.35,0.55,0.4 151.657
0.35,0.55,0.45 7.58212
0.35,0.55,0.5 9.23583e-06
0.35,0.6,0 5.99459e-07
0.35,0.6,0.05 91.0822
0.35,0.6,0.1 399.197
0.35,0.6,0.15 588.342
0.35,0.6,0.2 1004.33
0.35,0.6,0.25 443.394
0.35,0.6,0.3 597.533
0.35,0.6,0.35 757.261
0.35,0.6,0.4 561.7
0.35,0.6,0.45 37.2504
0.35,0.65,0 2.98019e-07
0.35,0.65,0.05 114.475
0.35,0.65,0.1 469.474
0.35,0.65,0.15 309.038
0.35,0.65,0.2 427.083
0.35,0.65,0.25 298.528
0.35,0.65,0.3 558.682
0.35,0.65,0.35 512.08
0.35,0.65,0.4 227.925
0.35,0.65,0.45 14.2789
0.35,0.7,0 2.2604e-09
0.35,0.7,0.05 76.3808
0.35,0.7,0.1 306.538
0.35,0.7,0.15 102.837
0.35,0.7,0.2 115.709
0.35,0.7,0.25 242.359
0.35,0.7,0.3 693.282
0.35,0.7,0.35 585.274
0.35,0.7,0.4 61.1871
0.35,0.7,0.45 0.0711177
0.35,0.75,0 6.48878e-09
0.35,0.75,0.05 4.14685
0.35,0.75,0.1 16.6687
0.35,0.75,0.15 8.91817
0.35,0.75,0.2 71.8602
0.35,0.75,0.25 127.642
0.35,0.75,0.3 383.996
0.35,0.75,0.35 238.272
0.35,0.75,0.4 8.94572
0.35,0.75,0.45 7.27015e-06
0.35,0.8,0 2.09747e-08
0.35,0.8,0.05 2.16134
0.35,0.8,0.1 8.59011
0.35,0.8,0.15 2.65029
0.35,0.8,0.2 6.86426
0.35,0.8,0.25 8.74854
0.35,0.8,0.3 33.321
0.35,0.8,0.35 17.8554
0.35,0.8,0.4 0.17242
0.35,0.85,0 4.23295e-09
0.35,0.85,0.05 0.436185
0.35,0.85,0.1 1.73359
0.35,0.85,0.15 0.431004
0.35,0.85,0.2 0.00461424
0.35,0.85,0.25 0.00309139
0.35,0.85,0.3 5.69183e-05
0.4,0.05,0.1 0.00066004
0.4,0.05,0.15 0.00307457
0.4,0.05,0.2 0.000894635
0.4,0.05,0.25 0.000641482
0.4,0.05,0.3 0.0222944
0.4,0.05,0.35 0.0276708
0.4,0.05,0.4 0.00172659
0.4,0.1,0.05 1.97943
0.4,0.1,0.1 48.5567
0.4,0.1,0.15 68.64
0.4,0.1,0.2 11.9177
0.4,0.1,0.25 34.2592
0.4,0.1,0.3 90.3025
0.4,0.1,0.35 15.553
0.4,0.1,0.4 0.0649524
0.4,0.15,0.05 9.3654
0.4,0.15,0.1 243.853
0.4,0.15,0.15 501.054
0.4,0.15,0.2 165.07
0.4,0.15,0.25 215.817
0.4,0.15,0.3 423.231
0.4,0.15,0.35 65.3459
0.4,0.15,0.4 0.0831418
0.4,0.2,0 2.28254e-10
0.4,0.2,0.05 13.8978
0.4,0.2,0.1 209.033
0.4,0.2,0.15 507.122
0.4,0.2,0.2 411.739
0.4,0.2,0.25 494.902
0.4,0.2,0.3 346.176
0.4,0.2,0.35 26.3169
0.4,0.2,0.4 0.235772
0.4,0.25,0 3.46503e-08
0.4,0.25,0.05 86.918
0.4,0.25,0.1 434.607
0.4,0.25,0.15 512.943
0.4,0.25,0.2 363.672
0.4,0.25,0.25 263.662
0.4,0.25,0.3 192.634
0.4,0.25,0.35 35.4329
0.4,0.25,0.4 2.58595
0.4,0.3,0 1.02399e-07
0.4,0.3,0.05 112.886
0.4,0.3,0.1 472.945
0.4,0.3,0.15 367.293
0.4,0.3,0.2 289.729
0.4,0.3,0.25 410.993
0.4,0.3,0.3 445.16
0.4,0.3,0.35 77.1096
0.4,0.3,0.4 1.90645
0.4,0.3,0.45 0.0381537
0.4,0.35,0 5.75915e-08
0.4,0.35,0.05 60.727
0.4,0.35,0.1 248.599
0.4,0.35,0.15 187.365
0.4,0.35,0.2 211.643
0.4,0.35,0.25 407.252
0.4,0.35,0.3 608.189
0.4,0.35,0.35 112.11
0.4,0.35,0.4 2.59413
0.4,0.35,0.45 0.256794
0.4,0.35,0.5 5.24449e-06
0.4,0.4,0 3.06065e-08
0.4,0.4,0.05 70.4736
0.4,0.4,0.1 322.39
0.4,0.4,0.15 416.008
0.4,0.4,0.2 419.864
0.4,0.4,0.25 147.136
0.4,0.4,0.3 271.443
0.4,0.4,0.35 123.762
0.4,0.4,0.4 105.063
0.4,0.4,0.45 40.0239
0.4,0.4,0.5 0.192535
0.4,0.45,0 2.03569e-09
0.4,0.45,0.05 54.4888
0.4,0.45,0.1 276.426
0.4,0.45,0.15 467.802
0.4,0.45,0.2 550.585
0.4,0.45,0.25 367.116
0.4,0.45,0.3 233.239
0.4,0.45,0.35 484.256
0.4,0.45,0.4 619.088
0.4,0.45,0.45 185.736
0.4,0.45,0.5 0.75358
0.4,0.5,0 1.32218e-09
0.4,0.5,0.05 55.591
0.4,0.5,0.1 293.263
0.4,0.5,0.15 445.653
0.4,0.5,0.2 575.524
0.4,0.5,0.25 647.242
0.4,0.5,0.3 277.32
0.4,0.5,0.35 514.434
0.4,0.5,0.4 408.739
0.4,0.5,0.45 79.2119
0.4,0.5,0.5 0.215307
0.4,0.55,0 1.12705e-08
0.4,0.55,0.05 36.1773
0.4,0.55,0.1 211.832
0.4,0.55,0.15 419.979
0.4,0.55,0.2 383.065
0.4,0.55,0.25 376.63
0.4,0.55,0.3 132.652
0.4,0.55,0.35 116.542
0.4,0.55,0.4 74.391
0.4,0.55,0.45 4.20937
0.4,0.55,0.5 0.00212529
0.4,0.6,0 6.01517e-08
0.4,0.6,0.05 146.892
0.4,0.6,0.1 602.615
0.4,0.6,0.15 367.799
0.4,0.6,0.2 603.598
0.4,0.6,0.25 461.594
0.4,0.6,0.3 332.716
0.4,0.6,0.35 313.646
0.4,0.6,0.4 167.439
0.4,0.6,0.45 3.5443
0.4,0.65,0 2.32439e-08
0.4,0.65,0.05 72.067
0.4,0.65,0.1 292.209
0.4,0.65,0.15 178.955
0.4,0.65,0.2 394.881
0.4,0.65,0.25 235.828
0.4,0.65,0.3 337.072
0.4,0.65,0.35 450.913
0.4,0.65,0.4 151.627
0.4,0.65,0.45 1.59204
0.4,0.7,0 2.16872e-10
0.4,0.7,0.05 17.1986
0.4,0.7,0.1 68.7819
0.4,0.7,0.15 20.4247
0.4,0.7,0.2 18.0476
0.4,0.7,0.25 73.2524
0.4,0.7,0.3 342.425
0.4,0.7,0.35 459.037
0.4,0.7,0.4 98.2579
0.4,0.7,0.45 0.0205271
0.4,0.75,0 2.05596e-07
0.4,0.75,0.05 21.9332
0.4,0.75,0.1 87.1903
0.4,0.75,0.15 21.666
0.4,0.75,0.2 0.151474
0.4,0.75,0.25 10.7955
0.4,0.75,0.3 80.0007
0.4,0.75,0.35 66.2121
0.4,0.75,0.4 7.87336
0.4,0.75,0.45 3.76063e-05
0.4,0.8,0 6.64996e-07
0.4,0.8,0.05 68.5247
0.4,0.8,0.1 272.347
0.4,0.8,0.15 67.6515
0.4,0.8,0.2 0.00212179
0.4,0.8,0.25 0.60781
0.4,0.8,0.3 5.56
0.4,0.8,0.35 2.99304
0.4,0.8,0.4 0.0289023
0.4,0.85,0 1.34204e-07
0.4,0.85,0.05 13.8291
0.4,0.85,0.1 54.9628
0.4,0.85,0.15 13.6529
0.45,0.05,0.25 0.0623789
0.45,0.05,0.3 2.19683
0.45,0.05,0.35 2.72838
0.45,0.05,0.4 0.170255
0.45,0.1,0.05 2.51141
0.45,0.1,0.1 57.657
0.45,0.1,0.15 76.5464
0.45,0.1,0.2 31.1226
0.45,0.1,0.25 22.6945
0.45,0.1,0.3 101.649
0.45,0.1,0.35 105.015
