0.4,0.85,0.1 43.5066
0.4,0.85,0.15 10.8795
0.4,0.85,0.2 4.49385e-05
0.4,0.85,0.25 1.06539e-06
0.4,0.85,0.3 7.14257e-12
0.45,0.05,0 1.5661e-16
0.45,0.05,0.05 5.9364e-05
0.45,0.05,0.1 0.000401558
0.45,0.05,0.15 0.789325
0.45,0.05,0.2 8.99229
0.45,0.05,0.25 40.3359
0.45,0.05,0.3 15.3231
0.45,0.05,0.35 0.0322118
0.45,0.1,0 4.32236e-12
0.45,0.1,0.05 23.2283
0.45,0.1,0.1 93.1126
0.45,0.1,0.15 62.4619
0.45,0.1,0.2 187.847
0.45,0.1,0.25 400.093
0.45,0.1,0.3 153.808
0.45,0.1,0.35 2.747
0.45,0.15,0 5.85599e-11
0.45,0.15,0.05 152.652
0.45,0.15,0.1 614.89
0.45,0.15,0.15 298.282
0.45,0.15,0.2 371.308
0.45,0.15,0.25 371.818
0.45,0.15,0.3 154.289
0.45,0.15,0.35 10.9588
0.45,0.2,0 2.31435e-10
0.45,0.2,0.05 163.691
0.45,0.2,0.1 659.702
0.45,0.2,0.15 281.283
0.45,0.2,0.2 285.269
0.45,0.2,0.25 181.469
0.45,0.2,0.3 28.7601
0.45,0.2,0.35 2.96896
0.45,0.25,0 2.25946e-10
0.45,0.25,0.05 117.509
0.45,0.25,0.1 473.322
0.45,0.25,0.15 183.891
0.45,0.25,0.2 402.143
0.45,0.25,0.25 266.311
0.45,0.25,0.3 13.7739
0.45,0.25,0.35 0.145141
0.45,0.25,0.4 8.10194e-09
0.45,0.3,0 7.57744e-10
0.45,0.3,0.05 137.91
0.45,0.3,0.1 573.619
0.45,0.3,0.15 458.322
0.45,0.3,0.2 638.553
0.45,0.3,0.25 260.708
0.45,0.3,0.3 34.766
0.45,0.3,0.35 9.29501
0.45,0.3,0.4 0.131536
0.45,0.35,0 1.35148e-09
0.45,0.35,0.05 142.918
0.45,0.35,0.1 586.746
0.45,0.35,0.15 359.762
0.45,0.35,0.2 498.06
0.45,0.35,0.25 467.14
0.45,0.35,0.3 351.342
0.45,0.35,0.35 135.427
0.45,0.35,0.4 2.30721
0.45,0.4,0 7.69426e-10
0.45,0.4,0.05 76.6616
0.45,0.4,0.1 322.983
0.45,0.4,0.15 259.764
0.45,0.4,0.2 337.777
0.45,0.4,0.25 516.462
0.45,0.4,0.3 651.572
0.45,0.4,0.35 229.814
0.45,0.4,0.4 6.33196
0.45,0.45,0 1.19874e-10
0.45,0.45,0.05 74.0151
0.45,0.45,0.1 353.363
0.45,0.45,0.15 562.13
0.45,0.45,0.2 496.212
0.45,0.45,0.25 577.353
0.45,0.45,0.3 508.492
0.45,0.45,0.35 169.494
0.45,0.45,0.4 14.1589
0.45,0.45,0.45 0.036404
0.45,0.5,0 8.34616e-10
0.45,0.5,0.05 115.433
0.45,0.5,0.1 504.796
0.45,0.5,0.15 463.882
0.45,0.5,0.2 580.135
0.45,0.5,0.25 464.72
0.45,0.5,0.3 1060.23
0.45,0.5,0.35 431.76
0.45,0.5,0.4 134.5
0.45,0.5,0.45 7.23144
0.45,0.55,0 4.47662e-09
0.45,0.55,0.05 109.886
0.45,0.55,0.1 473.58
0.45,0.55,0.15 429.887
0.45,0.55,0.2 712.12
0.45,0.55,0.25 388.62
0.45,0.55,0.3 749.42
0.45,0.55,0.35 443.338
0.45,0.55,0.4 285.243
0.45,0.55,0.45 15.9018
0.45,0.6,0 1.47217e-08
0.45,0.6,0.05 143.701
0.45,0.6,0.1 580.035
0.45,0.6,0.15 372.652
0.45,0.6,0.2 706.551
0.45,0.6,0.25 242.479
0.45,0.6,0.3 52.1898
0.45,0.6,0.35 41.8954
0.45,0.6,0.4 37.9192
0.45,0.6,0.45 2.11604
0.45,0.65,0 4.85193e-09
0.45,0.65,0.05 94.03
0.45,0.65,0.1 379.2
0.45,0.65,0.15 241.856
0.45,0.65,0.2 367.327
0.45,0.65,0.25 86.9548
0.45,0.65,0.3 25.6563
0.45,0.65,0.35 1.59049
0.45,0.7,0 1.85246e-10
0.45,0.7,0.05 10.8378
0.45,0.7,0.1 52.2251
0.45,0.7,0.15 103.373
0.45,0.7,0.2 131.487
0.45,0.7,0.25 24.9919
0.45,0.7,0.3 10.147
0.45,0.7,0.35 0.633226
0.45,0.75,0 8.09479e-13
0.45,0.75,0.05 32.8818
0.45,0.75,0.1 156.015
0.45,0.75,0.15 315.719
0.45,0.75,0.2 320.848
0.45,0.75,0.25 35.248
0.45,0.75,0.3 0.0363274
0.45,0.75,0.35 0.0016283
0.45,0.8,0 2.48629e-11
0.45,0.8,0.05 80.6034
0.45,0.8,0.1 327.304
0.45,0.8,0.15 152.094
0.45,0.8,0.2 81.8195
0.45,0.8,0.25 8.88074
0.45,0.8,0.3 0.00256673
0.45,0.85,0 2.92023e-11
0.45,0.85,0.05 13.3357
0.45,0.85,0.1 53.3557
0.45,0.85,0.15 13.3422
0.45,0.85,0.2 3.88995e-05
0.45,0.85,0.25 1.44607e-06
0.45,0.85,0.3 1.45395e-12
0.45,0.9,0 1.66874e-12
0.45,0.9,0.05 0.000257712
0.45,0.9,0.1 0.00102509
0.45,0.9,0.15 0.00025484
0.5,0.05,0.1 1.11047e-06
0.5,0.05,0.15 0.00533774
0.5,0.05,0.2 2.82422
0.5,0.05,0.25 17.5183
0.5,0.05,0.3 6.74406
0.5,0.05,0.35 0.0141772
0.5,0.1,0 5.81337e-13
0.5,0.1,0.05 5.65237
0.5,0.1,0.1 23.0851
0.5,0.1,0.15 16.5719
0.5,0.1,0.2 59.3563
0.5,0.1,0.25 265.864
0.5,0.1,0.3 164.783
0.5,0.1,0.35 13.142
0.5,0.15,0 3.30206e-11
0.5,0.15,0.05 39.2845
0.5,0.15,0.1 168.545
0.5,0.15,0.15 287.484
0.5,0.15,0.2 502.118
0.5,0.15,0.25 766.82
0.5,0.15,0.3 506.59
0.5,0.15,0.35 57.2127
0.5,0.2,0 1.0546e-10
0.5,0.2,0.05 115.113
0.5,0.2,0.1 487.166
0.5,0.2,0.15 531.977
0.5,0.2,0.2 714.932
0.5,0.2,0.25 494.153
0.5,0.2,0.3 148.506
0.5,0.2,0.35 15.6822
0.5,0.25,0 1.372e-10
0.5,0.25,0.05 99.4113
0.5,0.25,0.1 415.178
0.5,0.25,0.15 310.342
0.5,0.25,0.2 400.644
0.5,0.25,0.25 245.983
0.5,0.25,0.3 21.9875
0.5,0.25,0.35 0.0427379
0.5,0.25,0.4 5.5927e-08
0.5,0.3,0 8.03702e-10
0.5,0.3,0.05 158.949
0.5,0.3,0.1 694.875
0.5,0.3,0.15 804.353
0.5,0.3,0.2 526.367
0.5,0.3,0.25 114.419
0.5,0.3,0.3 102.399
0.5,0.3,0.35 54.8506
0.5,0.3,0.4 0.766198
0.5,0.35,0 1.3749e-09
0.5,0.35,0.05 184.609
0.5,0.35,0.1 778.672
0.5,0.35,0.15 641.7
0.5,0.35,0.2 562.076
0.5,0.35,0.25 232.434
0.5,0.35,0.3 540.933
0.5,0.35,0.35 314.088
0.5,0.35,0.4 4.86544
0.5,0.4,0 1.06742e-09
0.5,0.4,0.05 97.109
0.5,0.4,0.1 399.095
0.5,0.4,0.15 297.623
0.5,0.4,0.2 370.367
0.5,0.4,0.25 358.374
0.5,0.4,0.3 701.367
0.5,0.4,0.35 274.496
0.5,0.4,0.4 4.01602
0.5,0.45,0 1.66914e-09
0.5,0.45,0.05 106.812
0.5,0.45,0.1 446.07
0.5,0.45,0.15 419.429
0.5,0.45,0.2 485.93
0.5,0.45,0.25 484.479
0.5,0.45,0.3 254.71
0.5,0.45,0.35 49.0089
0.5,0.45,0.4 0.628087
0.5,0.45,0.45 0.0168252
0.5,0.5,0 5.01305e-09
0.5,0.5,0.05 145.991
0.5,0.5,0.1 589.856
0.5,0.5,0.15 390.246
0.5,0.5,0.2 556.612
0.5,0.5,0.25 233.058
0.5,0.5,0.3 219.725
0.5,0.5,0.35 109.279
0.5,0.5,0.4 59.9498
0.5,0.5,0.45 3.34223
0.5,0.55,0 6.35302e-09
0.5,0.55,0.05 177.253
0.5,0.55,0.1 727.416
0.5,0.55,0.15 637.3
0.5,0.55,0.2 751.793
0.5,0.55,0.25 170.337
0.5,0.55,0.3 225.344
0.5,0.55,0.35 165.482
0.5,0.55,0.4 131.73
0.5,0.55,0.45 7.34951
0.5,0.6,0 3.50025e-09
0.5,0.6,0.05 96.0386
0.5,0.6,0.1 402.145
0.5,0.6,0.15 465.204
0.5,0.6,0.2 506.637
0.5,0.6,0.25 70.1061
0.5,0.6,0.3 19.4675
0.5,0.6,0.35 18.7014
0.5,0.6,0.4 17.5252
0.5,0.6,0.45 0.977995
0.5,0.65,0 2.35742e-09
0.5,0.65,0.05 114.641
0.5,0.65,0.1 460.171
0.5,0.65,0.15 190.016
0.5,0.65,0.2 140.827
0.5,0.65,0.25 18.6059
0.5,0.65,0.3 0.013933
0.5,0.7,0 5.62913e-10
0.5,0.7,0.05 49.9579
0.5,0.7,0.1 272.522
0.5,0.7,0.15 156.624
0.5,0.7,0.2 81.9662
0.5,0.7,0.25 6.48341
0.5,0.75,0 4.26643e-09
0.5,0.75,0.05 49.142
0.5,0.75,0.1 347.643
0.5,0.75,0.15 177.901
0.5,0.75,0.2 25.9005
0.5,0.75,0.25 1.27369
0.5,0.8,0 1.33541e-07
0.5,0.8,0.05 37.209
0.5,0.8,0.1 167.604
0.5,0.8,0.15 55.0628
0.5,0.8,0.2 4.53893
0.5,0.8,0.25 0.164625
0.5,0.85,0 1.56845e-07
0.5,0.85,0.05 25.3564
0.5,0.85,0.1 100.885
0.5,0.85,0.15 25.0868
0.5,0.85,0.2 2.83288e-06
0.5,0.85,0.25 1.05138e-07
0.5,0.9,0 8.96276e-09
0.5,0.9,0.05 1.38416
0.5,0.9,0.1 5.50572
0.5,0.9,0.15 1.36874
0.55,0.05,0.2 0.0121711
0.55,0.05,0.25 0.0759563
0.55,0.05,0.3 0.0292471
0.55,0.05,0.35 6.14827e-05
0.55,0.1,0 3.04537e-12
0.55,0.1,0.05 0.0979386
0.55,0.1,0.1 2.42981
0.55,0.1,0.15 24.6672
0.55,0.1,0.2 38.7364
0.55,0.1,0.25 89.4602
0.55,0.1,0.3 46.7585
0.55,0.1,0.35 4.28585
0.55,0.15,0 8.59366e-10
0.55,0.15,0.05 30.6322
0.55,0.15,0.1 137.568
0.55,0.15,0.15 249.968
0.55,0.15,0.2 363.225
0.55,0.15,0.25 485.008
0.55,0.15,0.3 210.725
0.55,0.15,0.35 18.8353
0.55,0.2,0 2.03476e-09
0.55,0.2,0.05 105.73
0.55,0.2,0.1 472.447
0.55,0.2,0.15 712.301
0.55,0.2,0.2 706.978
0.55,0.2,0.25 345.834
0.55,0.2,0.3 121.541
0.55,0.2,0.35 6.85494
0.55,0.25,0 3.17831e-10
0.55,0.25,0.05 62.1258
0.55,0.25,0.1 292.921
0.55,0.25,0.15 621.61
0.55,0.25,0.2 583.141
0.55,0.25,0.25 703.06
0.55,0.25,0.3 298.149
0.55,0.25,0.35 3.88227
0.55,0.25,0.4 7.6738e-06
0.55,0.3,0 3.64119e-10
0.55,0.3,0.05 102.776
0.55,0.3,0.1 435.033
0.55,0.3,0.15 506.277
0.55,0.3,0.2 528.031
0.55,0.3,0.25 576.939
0.55,0.3,0.3 224.92
0.55,0.3,0.35 24.4167
0.55,0.3,0.4 0.314036
0.55,0.35,0 1.68032e-09
0.55,0.35,0.05 148.87
0.55,0.35,0.1 602.667
0.55,0.35,0.15 268.831
0.55,0.35,0.2 164.067
0.55,0.35,0.25 75.1705
0.55,0.35,0.3 170.147
0.55,0.35,0.35 95.2548
0.55,0.35,0.4 1.32418
0.55,0.4,0 1.14169e-09
0.55,0.4,0.05 78.8098
0.55,0.4,0.1 316.59
0.55,0.4,0.15 123.187
0.55,0.4,0.2 111.492
0.55,0.4,0.25 112.06
0.55,0.4,0.3 108.596
0.55,0.4,0.35 38.4164
0.55,0.4,0.4 0.455616
0.55,0.45,0 1.94604e-09
0.55,0.45,0.05 112.884
0.55,0.45,0.1 456.203
0.55,0.45,0.15 282.582
0.55,0.45,0.2 454.752
0.55,0.45,0.25 363.271
0.55,0.45,0.3 58.5707
0.55,0.45,0.35 4.6606
0.55,0.45,0.4 0.0162733
0.55,0.45,0.45 9.08998e-05
0.55,0.5,0 2.97876e-09
0.55,0.5,0.05 100.755
0.55,0.5,0.1 423.017
0.55,0.5,0.15 567.083
0.55,0.5,0.2 715.354
0.55,0.5,0.25 163.794
0.55,0.5,0.3 9.60255
0.55,0.5,0.35 0.36059
0.55,0.5,0.4 0.323561
0.55,0.5,0.45 0.0180567
0.55,0.55,0 4.29293e-09
0.55,0.55,0.05 85.3735
0.55,0.55,0.1 419.808
0.55,0.55,0.15 756.062
0.55,0.55,0.2 719.272
0.55,0.55,0.25 106.395
0.55,0.55,0.3 2.78569
0.55,0.55,0.35 0.741109
0.55,0.55,0.4 0.711506
0.55,0.55,0.45 0.0397064
0.55,0.6,0 4.28921e-09
0.55,0.6,0.05 89.218
0.55,0.6,0.1 420.942
0.55,0.6,0.15 503.779
0.55,0.6,0.2 336.937
0.55,0.6,0.25 53.0969
0.55,0.6,0.3 1.23437
0.55,0.6,0.35 0.0963456
0.55,0.6,0.4 0.0946797
0.55,0.6,0.45 0.00528371
0.55,0.65,0 8.54032e-10
0.55,0.65,0.05 60.9524
0.55,0.65,0.1 266.373
0.55,0.65,0.15 417.686
0.55,0.65,0.2 408.989
0.55,0.65,0.25 33.8831
0.55,0.65,0.3 0.0387056
0.55,0.7,0 1.304e-10
0.55,0.7,0.05 76.8108
0.55,0.7,0.1 431.741
0.55,0.7,0.15 627.096
0.55,0.7,0.2 589.964
0.55,0.7,0.25 41.0764
0.55,0.7,0.3 0.000920691
0.55,0.75,0 1.43001e-08
0.55,0.75,0.05 131.819
0.55,0.75,0.1 696.134
0.55,0.75,0.15 285.339
0.55,0.75,0.2 54.917
0.55,0.75,0.25 3.8742
0.55,0.8,0 4.45858e-07
0.55,0.8,0.05 150.359
0.55,0.8,0.1 616.587
0.55,0.8,0.15 160.95
0.55,0.8,0.2 0.0782038
0.55,0.85,0 5.23551e-07
0.55,0.85,0.05 89.3176
0.55,0.85,0.1 355.453
0.55,0.85,0.15 88.4116
0.55,0.9,0 2.99179e-08
0.55,0.9,0.05 5.75641
0.55,0.9,0.1 22.9211
0.55,0.9,0.15 5.70429
0.55,0.95,0 9.51499e-18
0.55,0.95,0.05 1.11451e-05
0.55,0.95,0.1 4.45676e-05
0.55,0.95,0.15 1.11387e-05
0.6,0.1,0 3.64916e-12
0.6,0.1,0.05 0.1168
0.6,0.1,0.1 7.45711
0.6,0.1,0.15 78.5537
0.6,0.1,0.2 50.7949
0.6,0.1,0.25 4.67195
0.6,0.1,0.3 0.904456
0.6,0.1,0.35 0.00260632
0.6,0.15,0 1.02977e-09
0.6,0.15,0.05 35.0376
0.6,0.15,0.1 182.071
0.6,0.15,0.15 477.321
0.6,0.15,0.2 288.394
0.6,0.15,0.25 30.6947
0.6,0.15,0.3 6.24464
0.6,0.15,0.35 0.0909874
0.6,0.2,0 2.43834e-09
0.6,0.2,0.05 138.408
0.6,0.2,0.1 581.938
0.6,0.2,0.15 432.781
0.6,0.2,0.2 283.901
0.6,0.2,0.25 267.136
0.6,0.2,0.3 170.637
0.6,0.2,0.35 6.17124
0.6,0.25,0 3.5401e-10
0.6,0.25,0.05 109.332
0.6,0.25,0.1 490.354
0.6,0.25,0.15 578.499
0.6,0.25,0.2 545.803
0.6,0.25,0.25 874.286
0.6,0.25,0.3 487.26
0.6,0.25,0.35 18.356
0.6,0.25,0.4 0.000650177
0.6,0.3,0 1.75636e-10
0.6,0.3,0.05 69.693
0.6,0.3,0.1 341.232
0.6,0.3,0.15 609.159
0.6,0.3,0.2 773.166
0.6,0.3,0.25 765.582
0.6,0.3,0.3 405.809
0.6,0.3,0.35 58.803
0.6,0.3,0.4 0.00646408
0.6,0.35,0 1.03206e-09
0.6,0.35,0.05 173.317
0.6,0.35,0.1 712.375
0.6,0.35,0.15 372.603
0.6,0.35,0.2 266.257
0.6,0.35,0.25 109.896
0.6,0.35,0.3 108.704
0.6,0.35,0.35 28.312
0.6,0.35,0.4 0.00699758
0.6,0.4,0 4.36567e-10
0.6,0.4,0.05 80.76
0.6,0.4,0.1 323.865
0.6,0.4,0.15 166.463
0.6,0.4,0.2 175.87
0.6,0.4,0.25 27.2647
0.6,0.4,0.3 1.44578
0.6,0.4,0.35 0.273168
0.6,0.4,0.4 0.00109445
0.6,0.45,0 9.10802e-10
0.6,0.45,0.05 154.982
0.6,0.45,0.1 621.767
0.6,0.45,0.15 412.169
0.6,0.45,0.2 570.811
0.6,0.45,0.25 101.477
0.6,0.45,0.3 2.65451
0.6,0.5,0 1.86352e-09
0.6,0.5,0.05 144.181
0.6,0.5,0.1 586.772
0.6,0.5,0.15 427.765
0.6,0.5,0.2 570.595
0.6,0.5,0.25 113.191
0.6,0.5,0.3 1.89912
0.6,0.55,0 5.17471e-10
0.6,0.55,0.05 20.7105
0.6,0.55,0.1 168.64
0.6,0.55,0.15 452.584
0.6,0.55,0.2 552.547
0.6,0.55,0.25 294.188
0.6,0.55,0.3 11.1907
0.6,0.6,0 3.71389e-10
0.6,0.6,0.05 12.2035
0.6,0.6,0.1 162.137
0.6,0.6,0.15 656.454
0.6,0.6,0.2 671.207
0.6,0.6,0.25 262.324
0.6,0.6,0.3 6.41502
0.6,0.65,0 4.31997e-11
0.6,0.65,0.05 82.5453
0.6,0.65,0.1 417.383
0.6,0.65,0.15 914.897
0.6,0.65,0.2 844.207
0.6,0.65,0.25 126.692
0.6,0.65,0.3 0.39118
0.6,0.7,0 5.22762e-12
0.6,0.7,0.05 110.176
0.6,0.7,0.1 594.126
0.6,0.7,0.15 915.079
0.6,0.7,0.2 676.108
0.6,0.7,0.25 39.7368
0.6,0.7,0.3 0.0110169
0.6,0.75,0 3.47347e-09
0.6,0.75,0.05 124.041
0.6,0.75,0.1 613.364
0.6,0.75,0.15 256.538
0.6,0.75,0.2 47.0932
0.6,0.75,0.25 2.58464
0.6,0.8,0 9.40025e-08
0.6,0.8,0.05 160.579
0.6,0.8,0.1 664.684
0.6,0.8,0.15 183.094
0.6,0.8,0.2 0.798013
0.6,0.85,0 1.09315e-07
0.6,0.85,0.05 109.348
0.6,0.85,0.1 437.258
0.6,0.85,0.15 109.498
0.6,0.85,0.2 0.0158206
0.6,0.9,0 6.2527e-09
0.6,0.9,0.05 22.1589
0.6,0.9,0.1 88.5901
0.6,0.9,0.15 22.1361
0.6,0.95,0 1.77506e-16
0.6,0.95,0.05 0.000207916
0.6,0.95,0.1 0.000831427
0.6,0.95,0.15 0.000207798
0.65,0.1,0 2.15294e-13
0.65,0.1,0.05 0.00694888
0.65,0.1,0.1 4.05299
0.65,0.1,0.15 33.6476
0.65,0.1,0.2 17.4581
0.65,0.1,0.25 0.187701
0.65,0.15,0 6.07531e-11
0.65,0.15,0.05 5.92463
0.65,0.15,0.1 75.7044
0.65,0.15,0.15 391.631
0.65,0.15,0.2 201.08
0.65,0.15,0.25 26.6212
0.65,0.15,0.3 1.63143
0.65,0.15,0.35 0.0186875
0.65,0.2,0 1.43897e-10
0.65,0.2,0.05 63.1729
0.65,0.2,0.1 294.859
0.65,0.2,0.15 367.78
0.65,0.2,0.2 391.662
0.65,0.2,0.25 307.512
0.65,0.2,0.3 48.9771
0.65,0.2,0.35 1.43443
0.65,0.25,0 2.08789e-11
0.65,0.25,0.05 132.387
0.65,0.25,0.1 582.838
0.65,0.25,0.15 346.87
0.65,0.25,0.2 389.589
0.65,0.25,0.25 291.508
0.65,0.25,0.3 120.054
0.65,0.25,0.35 14.5296
0.65,0.25,0.4 0.00113647
0.65,0.3,0 1.20742e-10
0.65,0.3,0.05 97.0564
0.65,0.3,0.1 496.415
0.65,0.3,0.15 647.516
0.65,0.3,0.2 564.738
0.65,0.3,0.25 205.83
0.65,0.3,0.3 362.295
0.65,0.3,0.35 99.627
0.65,0.3,0.4 0.00936946
0.65,0.35,0 7.33604e-10
0.65,0.35,0.05 162.997
0.65,0.35,0.1 699.181
0.65,0.35,0.15 442.199
0.65,0.35,0.2 175.291
0.65,0.35,0.25 58.6337
0.65,0.35,0.3 170.693
0.65,0.35,0.35 48.8985
0.65,0.35,0.4 0.00461161
0.65,0.4,0 3.13632e-10
0.65,0.4,0.05 99.8485
0.65,0.4,0.1 400.532
0.65,0.4,0.15 131.748
