0,0.5,0.2 1.02778e-12
0,0.5,0.25 1.10275e-11
0,0.5,0.3 6.70055e-12
0,0.5,0.35 9.44681e-14
0,0.55,0.2 2.91908e-11
0,0.55,0.25 3.13202e-10
0,0.55,0.3 1.90308e-10
0,0.55,0.35 2.68307e-12
0,0.6,0.2 3.26553e-11
0,0.6,0.25 3.50375e-10
0,0.6,0.3 2.12895e-10
0,0.6,0.35 3.00151e-12
0,0.65,0.2 1.72341e-12
0,0.65,0.25 1.84913e-11
0,0.65,0.3 1.12357e-11
0,0.65,0.35 1.58407e-13
0.05,0.1,0.05 0.0694912
0.05,0.1,0.1 7.16281
0.05,0.1,0.15 13.2875
0.05,0.1,0.2 1.44392
0.05,0.1,0.25 0.000125901
0.05,0.15,0 1.83915e-16
0.05,0.15,0.05 0.376084
0.05,0.15,0.1 38.7456
0.05,0.15,0.15 73.9786
0.05,0.15,0.2 12.3518
0.05,0.15,0.25 0.58583
0.05,0.15,0.3 0.0239811
0.05,0.15,0.35 0.0558444
0.05,0.15,0.4 0.00813798
0.05,0.2,0 6.19752e-15
0.05,0.2,0.05 0.158301
0.05,0.2,0.1 13.1998
0.05,0.2,0.15 31.2942
0.05,0.2,0.2 18.1092
0.05,0.2,0.25 13.3352
0.05,0.2,0.3 16.0434
0.05,0.2,0.35 5.73829
0.05,0.2,0.4 0.711211
0.05,0.25,0 5.6899e-14
0.05,0.25,0.05 0.366696
0.05,0.25,0.1 1.48755
0.05,0.25,0.15 2.99235
0.05,0.25,0.2 7.13822
0.05,0.25,0.25 41.7446
0.05,0.25,0.3 53.9348
0.05,0.25,0.35 11.6969
0.05,0.25,0.4 1.25426
0.05,0.3,0 3.84023e-14
0.05,0.3,0.05 0.250637
0.05,0.3,0.1 1.00586
0.05,0.3,0.15 1.46967
0.05,0.3,0.2 3.27319
0.05,0.3,0.25 9.64582
0.05,0.3,0.3 11.6743
0.05,0.3,0.35 1.57205
0.05,0.3,0.4 0.127832
0.05,0.35,0 2.9298e-10
0.05,0.35,0.05 1.34787
0.05,0.35,0.1 5.38196
0.05,0.35,0.15 1.40142
0.05,0.35,0.2 0.144022
0.05,0.35,0.25 0.0218124
0.05,0.4,0 1.17859e-09
0.05,0.4,0.05 5.4024
0.05,0.4,0.1 21.572
0.05,0.4,0.15 5.461
0.05,0.4,0.2 0.230634
0.05,0.4,0.25 0.0565919
0.05,0.4,0.3 6.18977e-06
0.05,0.45,0 2.96324e-10
0.05,0.45,0.05 1.40076
0.05,0.45,0.1 5.62528
0.05,0.45,0.15 15.4061
0.05,0.45,0.2 57.8564
0.05,0.45,0.25 15.4844
0.05,0.45,0.3 0.0311366
0.05,0.45,0.35 0.00182965
0.05,0.45,0.4 0.000456348
0.05,0.45,0.45 2.01861e-05
0.05,0.5,0 1.9949e-18
0.05,0.5,0.05 0.863488
0.05,0.5,0.1 3.53486
0.05,0.5,0.15 34.6067
0.05,0.5,0.2 141.959
0.05,0.5,0.25 42.1744
0.05,0.5,0.3 3.57833
0.05,0.5,0.35 0.132544
0.05,0.5,0.4 0.00422986
0.05,0.5,0.45 0.0001795
0.05,0.55,0.05 0.804791
0.05,0.55,0.1 3.26948
0.05,0.55,0.15 6.07714
0.05,0.55,0.2 29.6742
0.05,0.55,0.25 73.3844
0.05,0.55,0.3 42.3691
0.05,0.55,0.35 1.32512
0.05,0.55,0.4 0.0174555
0.05,0.55,0.45 9.40618e-05
0.05,0.6,0.05 0.0307188
0.05,0.6,0.1 0.124753
0.05,0.6,0.15 0.183388
0.05,0.6,0.2 9.41073
0.05,0.6,0.25 72.5447
0.05,0.6,0.3 46.3364
0.05,0.6,0.35 6.93519
0.05,0.6,0.4 0.77965
0.05,0.6,0.45 8.27619e-07
0.05,0.65,0.15 0.695807
0.05,0.65,0.2 6.9632
0.05,0.65,0.25 7.3904
0.05,0.65,0.3 8.12261
0.05,0.65,0.35 13.5213
0.05,0.65,0.4 1.91765
0.05,0.7,0.15 8.52288
0.05,0.7,0.2 79.7021
0.05,0.7,0.25 43.5057
0.05,0.7,0.3 1.33026
0.05,0.7,0.35 2.08634
0.05,0.7,0.4 0.298467
0.05,0.75,0.15 5.78124
0.05,0.75,0.2 54.0636
0.05,0.75,0.25 29.5086
0.05,0.75,0.3 0.298432
0.05,0.8,0.15 0.109885
0.05,0.8,0.2 1.0276
0.05,0.8,0.25 0.560876
0.05,0.8,0.3 0.00567237
0.1,0,0.1 2.01027e-19
0.1,0,0.15 6.84176e-17
0.1,0,0.2 1.67834e-16
0.1,0,0.25 2.52659e-17
0.1,0.05,0.1 2.64753e-06
0.1,0.05,0.15 0.000901064
0.1,0.05,0.2 0.179648
0.1,0.05,0.25 1.71857
0.1,0.05,0.3 0.964247
0.1,0.05,0.35 0.0106757
0.1,0.1,0.05 0.357402
0.1,0.1,0.1 36.8393
0.1,0.1,0.15 68.374
0.1,0.1,0.2 8.61536
0.1,0.1,0.25 7.7092
0.1,0.1,0.3 4.22053
0.1,0.1,0.35 0.0739943
0.1,0.1,0.4 2.36722e-05
0.1,0.15,0 1.61724e-12
0.1,0.15,0.05 4.72388
0.1,0.15,0.1 210.604
0.1,0.15,0.15 414.425
0.1,0.15,0.2 135.11
0.1,0.15,0.25 18.9344
0.1,0.15,0.3 8.13012
0.1,0.15,0.35 3.71074
0.1,0.15,0.4 0.231514
0.1,0.2,0 1.6235e-11
0.1,0.2,0.05 31.1088
0.1,0.2,0.1 189.621
0.1,0.2,0.15 299.291
0.1,0.2,0.2 333.804
0.1,0.2,0.25 121.251
0.1,0.2,0.3 158.317
0.1,0.2,0.35 146.719
0.1,0.2,0.4 20.0807
0.1,0.25,0 1.52925e-11
0.1,0.25,0.05 57.3635
0.1,0.25,0.1 229.806
0.1,0.25,0.15 153.512
0.1,0.25,0.2 238.939
0.1,0.25,0.25 302.869
0.1,0.25,0.3 426.666
0.1,0.25,0.35 262.825
0.1,0.25,0.4 35.4086
0.1,0.3,0 4.52776e-12
0.1,0.3,0.05 29.4396
0.1,0.3,0.1 117.934
0.1,0.3,0.15 97.5358
0.1,0.3,0.2 169.954
0.1,0.3,0.25 85.8218
0.1,0.3,0.3 83.1693
0.1,0.3,0.35 29.1653
0.1,0.3,0.4 3.60875
0.1,0.35,0 4.53774e-09
0.1,0.35,0.05 21.5211
0.1,0.35,0.1 85.9431
0.1,0.35,0.15 24.7043
0.1,0.35,0.2 8.03697
0.1,0.35,0.25 1.21721
0.1,0.4,0 1.82539e-08
0.1,0.4,0.05 83.6724
0.1,0.4,0.1 334.32
0.1,0.4,0.15 88.8055
0.1,0.4,0.2 6.58995
0.1,0.4,0.25 0.648425
0.1,0.4,0.3 0.000210944
0.1,0.45,0 4.59645e-09
0.1,0.45,0.05 24.3061
0.1,0.45,0.1 101.597
0.1,0.45,0.15 201.12
0.1,0.45,0.2 431.149
0.1,0.45,0.25 96.9513
0.1,0.45,0.3 1.75845
0.1,0.45,0.35 8.65807
0.1,0.45,0.4 8.68138
0.1,0.45,0.45 0.384013
0.1,0.5,0 3.07766e-11
0.1,0.5,0.05 49.0117
0.1,0.5,0.1 203.344
0.1,0.5,0.15 346.29
0.1,0.5,0.2 902.479
0.1,0.5,0.25 323.584
0.1,0.5,0.3 110.458
0.1,0.5,0.35 88.5362
0.1,0.5,0.4 78.075
0.1,0.5,0.45 3.4152
0.1,0.55,0 8.45419e-12
0.1,0.55,0.05 42.5648
0.1,0.55,0.1 174.647
0.1,0.55,0.15 136.655
0.1,0.55,0.2 329.136
0.1,0.55,0.25 551.746
0.1,0.55,0.3 449.689
0.1,0.55,0.35 192.553
0.1,0.55,0.4 51.9237
0.1,0.55,0.45 1.79051
0.1,0.6,0 2.39377e-16
0.1,0.6,0.05 2.37351
0.1,0.6,0.1 15.6317
0.1,0.6,0.15 23.2073
0.1,0.6,0.2 189.372
0.1,0.6,0.25 447.518
0.1,0.6,0.3 415.961
0.1,0.6,0.35 274.682
0.1,0.6,0.4 25.2495
0.1,0.6,0.45 0.0159061
0.1,0.65,0.05 0.661821
0.1,0.65,0.1 11.5534
0.1,0.65,0.15 28.253
0.1,0.65,0.2 54.4022
0.1,0.65,0.25 53.0347
0.1,0.65,0.3 156.041
0.1,0.65,0.35 295.296
0.1,0.65,0.4 40.858
0.1,0.7,0.05 0.0198541
0.1,0.7,0.1 14.493
0.1,0.7,0.15 100.13
0.1,0.7,0.2 361.702
0.1,0.7,0.25 220.259
0.1,0.7,0.3 60.9024
0.1,0.7,0.35 46.0204
0.1,0.7,0.4 6.31326
0.1,0.75,0.05 7.33641e-07
0.1,0.75,0.1 3.14141
0.1,0.75,0.15 38.3384
0.1,0.75,0.2 226.724
0.1,0.75,0.25 129.838
0.1,0.75,0.3 11.1725
0.1,0.75,0.35 0.418666
0.1,0.8,0.1 0.0136434
0.1,0.8,0.15 1.6409
0.1,0.8,0.2 6.36562
0.1,0.8,0.25 2.75057
0.1,0.8,0.3 0.0622139
0.1,0.8,0.35 1.43721e-06
0.1,0.85,0.1 0.000368223
0.1,0.85,0.15 0.0325608
0.1,0.85,0.2 0.0991091
0.1,0.85,0.25 0.101161
0.1,0.85,0.3 0.013188
0.1,0.9,0.15 1.28285e-07
0.1,0.9,0.2 2.97745e-05
0.1,0.9,0.25 6.77439e-05
0.1,0.9,0.3 9.37321e-06
0.15,0,0.1 2.5992e-15
0.15,0,0.15 8.84613e-13
0.15,0,0.2 2.17003e-12
0.15,0,0.25 3.26679e-13
0.15,0.05,0 3.77742e-13
0.15,0.05,0.05 0.00767793
0.15,0.05,0.1 0.0649096
0.15,0.05,0.15 11.6581
0.15,0.05,0.2 34.6198
0.15,0.05,0.25 62.4313
0.15,0.05,0.3 32.4864
0.15,0.05,0.35 0.356177
0.15,0.1,0 2.55832e-10
0.15,0.1,0.05 5.31457
0.15,0.1,0.1 32.7243
0.15,0.1,0.15 74.5537
0.15,0.1,0.2 157.27
0.15,0.1,0.25 282.013
0.15,0.1,0.3 143.225
0.15,0.1,0.35 2.22657
0.15,0.1,0.4 0.000579566
0.15,0.15,0 7.0896e-10
0.15,0.15,0.05 24.5948
0.15,0.15,0.1 159.957
0.15,0.15,0.15 212.333
0.15,0.15,0.2 335.606
0.15,0.15,0.25 264.976
0.15,0.15,0.3 203.532
0.15,0.15,0.35 56.5854
0.15,0.15,0.4 0.301429
0.15,0.2,0 2.0535e-10
0.15,0.2,0.05 104.334
0.15,0.2,0.1 438.681
0.15,0.2,0.15 377.324
0.15,0.2,0.2 714.266
0.15,0.2,0.25 345.247
0.15,0.2,0.3 428.279
0.15,0.2,0.35 254.158
0.15,0.2,0.4 22.4736
0.15,0.25,0 6.20458e-11
0.15,0.25,0.05 149.866
0.15,0.25,0.1 599.825
0.15,0.25,0.15 335.987
0.15,0.25,0.2 530.155
0.15,0.25,0.25 450.049
0.15,0.25,0.3 416.172
0.15,0.25,0.35 292.541
0.15,0.25,0.4 39.5013
0.15,0.3,0 1.0722e-11
0.15,0.3,0.05 110.087
0.15,0.3,0.1 440.59
0.15,0.3,0.15 214.388
0.15,0.3,0.2 265.675
0.15,0.3,0.25 121.886
0.15,0.3,0.3 72.9515
0.15,0.3,0.35 29.8375
0.15,0.3,0.4 4.02499
0.15,0.35,0 3.57402e-09
0.15,0.35,0.05 35.8255
0.15,0.35,0.1 143.194
0.15,0.35,0.15 40.7091
0.15,0.35,0.2 12.2068
0.15,0.35,0.25 1.85701
0.15,0.35,0.3 1.83608e-07
0.15,0.4,0 1.43752e-08
0.15,0.4,0.05 65.9497
0.15,0.4,0.1 269.913
0.15,0.4,0.15 110.138
0.15,0.4,0.2 24.7869
0.15,0.4,0.25 0.911106
0.15,0.4,0.3 0.0151841
0.15,0.45,0 3.73281e-09
0.15,0.45,0.05 38.2755
0.15,0.45,0.1 195.269
0.15,0.45,0.15 511.268
0.15,0.45,0.2 495.615
0.15,0.45,0.25 120.453
0.15,0.45,0.3 14.8869
0.15,0.45,0.35 35.9694
0.15,0.45,0.4 31.4222
0.15,0.45,0.45 1.38335
0.15,0.5,0 5.21103e-10
0.15,0.5,0.05 145.941
0.15,0.5,0.1 612.474
0.15,0.5,0.15 642.924
0.15,0.5,0.2 830.739
0.15,0.5,0.25 470.809
0.15,0.5,0.3 252.768
0.15,0.5,0.35 390.651
0.15,0.5,0.4 326.342
0.15,0.5,0.45 16.6628
0.15,0.55,0 1.43145e-10
0.15,0.55,0.05 83.5586
0.15,0.55,0.1 352.062
0.15,0.55,0.15 366.209
0.15,0.55,0.2 587.339
0.15,0.55,0.25 717.322
0.15,0.55,0.3 808.409
0.15,0.55,0.35 707.938
0.15,0.55,0.4 295.247
0.15,0.55,0.45 16.9992
0.15,0.6,0 4.05308e-15
0.15,0.6,0.05 24.699
0.15,0.6,0.1 232.264
0.15,0.6,0.15 181.685
0.15,0.6,0.2 287.572
0.15,0.6,0.25 467.459
0.15,0.6,0.3 638.561
0.15,0.6,0.35 543.628
0.15,0.6,0.4 63.6396
0.15,0.6,0.45 1.58921
0.15,0.65,0.05 36.2604
0.15,0.65,0.1 285.489
0.15,0.65,0.15 307.596
0.15,0.65,0.2 209.708
0.15,0.65,0.25 176.17
0.15,0.65,0.3 321.068
0.15,0.65,0.35 309.357
0.15,0.65,0.4 39.5671
0.15,0.65,0.45 0.000315365
0.15,0.7,0 1.24786e-20
0.15,0.7,0.05 8.65848
0.15,0.7,0.1 150.183
0.15,0.7,0.15 586.465
0.15,0.7,0.2 553.973
0.15,0.7,0.25 513.083
0.15,0.7,0.3 523.293
0.15,0.7,0.35 81.7797
0.15,0.7,0.4 6.02128
0.15,0.75,0 7.17517e-20
0.15,0.75,0.05 9.95958
0.15,0.75,0.1 86.2485
0.15,0.75,0.15 260.269
0.15,0.75,0.2 349.762
0.15,0.75,0.25 199.524
0.15,0.75,0.3 107.517
0.15,0.75,0.35 6.67445
0.15,0.8,0 2.55953e-20
0.15,0.8,0.05 3.89177
0.15,0.8,0.1 30.5323
0.15,0.8,0.15 130.987
0.15,0.8,0.2 224.134
0.15,0.8,0.25 165.943
0.15,0.8,0.3 20.2028
0.15,0.8,0.35 1.08638e-05
0.15,0.85,0 3.1618e-23
0.15,0.85,0.05 0.00896985
0.15,0.85,0.1 0.955062
0.15,0.85,0.15 7.91008
0.15,0.85,0.2 27.1385
0.15,0.85,0.25 48.7621
0.15,0.85,0.3 6.69619
0.15,0.9,0.15 6.51362e-05
0.15,0.9,0.2 0.0151179
0.15,0.9,0.25 0.0343968
0.15,0.9,0.3 0.00475922
0.2,0,0.1 1.21643e-14
0.2,0,0.15 3.22306e-12
0.2,0,0.2 7.76518e-12
0.2,0,0.25 1.15536e-12
0.2,0.05,0 2.59192e-12
0.2,0.05,0.05 0.0526829
0.2,0.05,0.1 0.359367
0.2,0.05,0.15 43.451
0.2,0.05,0.2 116.465
0.2,0.05,0.25 119.118
0.2,0.05,0.3 54.4648
0.2,0.05,0.35 0.508095
0.2,0.1,0 1.75541e-09
0.2,0.1,0.05 35.718
0.2,0.1,0.1 145.417
0.2,0.1,0.15 240.107
0.2,0.1,0.2 550.469
0.2,0.1,0.25 631.659
0.2,0.1,0.3 284.083
0.2,0.1,0.35 3.1416
0.2,0.1,0.4 0.000713158
0.2,0.15,0 4.92556e-09
0.2,0.15,0.05 105.903
0.2,0.15,0.1 440.362
0.2,0.15,0.15 258.144
0.2,0.15,0.2 503.752
0.2,0.15,0.25 455.559
0.2,0.15,0.3 348.854
0.2,0.15,0.35 85.6314
0.2,0.15,0.4 0.233346
0.2,0.2,0 2.02103e-09
0.2,0.2,0.05 101.381
0.2,0.2,0.1 414.894
0.2,0.2,0.15 359.464
0.2,0.2,0.2 766.303
0.2,0.2,0.25 436.343
0.2,0.2,0.3 797.085
0.2,0.2,0.35 269.162
0.2,0.2,0.4 1.89489
0.2,0.25,0 7.042e-10
0.2,0.25,0.05 146.541
0.2,0.25,0.1 588.621
0.2,0.25,0.15 355.208
0.2,0.25,0.2 535.995
0.2,0.25,0.25 432.469
0.2,0.25,0.3 491.131
0.2,0.25,0.35 136.828
0.2,0.25,0.4 2.36233
0.2,0.3,0 1.80979e-11
0.2,0.3,0.05 157.489
0.2,0.3,0.1 631.833
0.2,0.3,0.15 267.808
0.2,0.3,0.2 265.075
0.2,0.3,0.25 119.443
0.2,0.3,0.3 57.6592
0.2,0.3,0.35 9.7031
0.2,0.3,0.4 0.228364
0.2,0.35,0 9.75706e-11
0.2,0.35,0.05 62.4222
0.2,0.35,0.1 250.016
0.2,0.35,0.15 67.301
0.2,0.35,0.2 12.6293
0.2,0.35,0.25 2.77776
0.2,0.35,0.3 0.0312813
0.2,0.35,0.35 0.0130857
0.2,0.35,0.4 4.43082e-05
0.2,0.4,0 4.04883e-10
0.2,0.4,0.05 33.125
0.2,0.4,0.1 170.795
0.2,0.4,0.15 189.073
0.2,0.4,0.2 45.7738
0.2,0.4,0.25 1.21596
0.2,0.4,0.3 0.0567894
0.2,0.45,0 3.20884e-10
0.2,0.45,0.05 42.0517
0.2,0.45,0.1 305.664
0.2,0.45,0.15 747.659
0.2,0.45,0.2 382.926
0.2,0.45,0.25 157.945
0.2,0.45,0.3 39.332
0.2,0.45,0.35 34.2857
0.2,0.45,0.4 9.33419
0.2,0.45,0.45 0.360761
0.2,0.5,0 6.43371e-10
0.2,0.5,0.05 94.8233
0.2,0.5,0.1 420.553
0.2,0.5,0.15 544.129
0.2,0.5,0.2 693.011
0.2,0.5,0.25 692.132
0.2,0.5,0.3 438.046
0.2,0.5,0.35 509.274
0.2,0.5,0.4 263.579
0.2,0.5,0.45 18.508
0.2,0.55,0 1.68404e-10
0.2,0.55,0.05 44.1357
0.2,0.55,0.1 214.735
0.2,0.55,0.15 218.021
0.2,0.55,0.2 347.856
0.2,0.55,0.25 690.141
0.2,0.55,0.3 727.761
0.2,0.55,0.35 770.643
0.2,0.55,0.4 517.52
0.2,0.55,0.45 39.0696
0.2,0.6,0 1.56195e-12
0.2,0.6,0.05 58.1145
0.2,0.6,0.1 410.224
0.2,0.6,0.15 255.676
0.2,0.6,0.2 207.983
0.2,0.6,0.25 454.11
0.2,0.6,0.3 460.616
0.2,0.6,0.35 352.672
0.2,0.6,0.4 150.806
0.2,0.6,0.45 6.32291
0.2,0.65,0 4.12877e-11
0.2,0.65,0.05 124.591
0.2,0.65,0.1 648.12
0.2,0.65,0.15 568.453
0.2,0.65,0.2 493.538
0.2,0.65,0.25 282.425
0.2,0.65,0.3 312.816
0.2,0.65,0.35 91.9768
0.2,0.65,0.4 18.5118
0.2,0.65,0.45 0.170706
0.2,0.7,0 4.12053e-10
0.2,0.7,0.05 56.6924
0.2,0.7,0.1 373.394
0.2,0.7,0.15 771.652
0.2,0.7,0.2 605.937
0.2,0.7,0.25 524.477
0.2,0.7,0.3 737.626
0.2,0.7,0.35 94.4514
0.2,0.7,0.4 1.36233
0.2,0.75,0 1.96284e-09
0.2,0.75,0.05 92.7587
0.2,0.75,0.1 545.489
0.2,0.75,0.15 652.608
0.2,0.75,0.2 742.081
0.2,0.75,0.25 413.875
0.2,0.75,0.3 146.356
0.2,0.75,0.35 14.494
0.2,0.75,0.4 0.00655664
0.2,0.8,0 6.97608e-10
0.2,0.8,0.05 35.0106
0.2,0.8,0.1 240.023
0.2,0.8,0.15 536.949
0.2,0.8,0.2 602.483
0.2,0.8,0.25 467.551
0.2,0.8,0.3 54.1341
0.2,0.8,0.35 4.96553e-06
0.2,0.85,0 8.6176e-13
0.2,0.85,0.05 0.0709239
0.2,0.85,0.1 6.85575
0.2,0.85,0.15 45.9265
0.2,0.85,0.2 78.5067
0.2,0.85,0.25 127.598
0.2,0.85,0.3 17.5697
0.2,0.9,0.15 0.000170905
0.2,0.9,0.2 0.0396666
0.2,0.9,0.25 0.0902507
0.2,0.9,0.3 0.0124873
0.25,0,0.1 4.4342e-13
0.25,0,0.15 1.88157e-11
0.25,0,0.2 3.02295e-11
0.25,0,0.25 9.49296e-11
0.25,0,0.3 8.83967e-11
0.25,0,0.35 3.50098e-12
0.25,0.05,0 1.08787e-12
0.25,0.05,0.05 0.0221119
0.25,0.05,0.1 0.932996
0.25,0.05,0.15 48.9669
0.25,0.05,0.2 86.8355
0.25,0.05,0.25 64.8869
0.25,0.05,0.3 33.4687
0.25,0.05,0.35 0.657483
0.25,0.1,0 7.36776e-10
0.25,0.1,0.05 15.3783
0.25,0.1,0.1 85.5834
0.25,0.1,0.15 365.54
0.25,0.1,0.2 600.375
0.25,0.1,0.25 419.699
0.25,0.1,0.3 203.48
0.25,0.1,0.35 4.47636
0.25,0.1,0.4 0.00635539
0.25,0.15,0 2.17013e-09
0.25,0.15,0.05 52.288
0.25,0.15,0.1 389.882
0.25,0.15,0.15 567.347
0.25,0.15,0.2 555.599
0.25,0.15,0.25 287.08
0.25,0.15,0.3 249.464
0.25,0.15,0.35 103.951
0.25,0.15,0.4 8.55825
0.25,0.2,0 1.87484e-09
