0.4,0.85,0.1 44.1678
0.4,0.85,0.15 11.0349
0.4,0.85,0.2 0.000405379
0.4,0.85,0.25 1.69411e-05
0.45,0.05,0 1.5661e-16
0.45,0.05,0.05 5.9364e-05
0.45,0.05,0.1 0.000288583
0.45,0.05,0.15 0.807396
0.45,0.05,0.2 7.81163
0.45,0.05,0.25 36.4183
0.45,0.05,0.3 15.7071
0.45,0.05,0.35 0.0672151
0.45,0.1,0 4.32236e-12
0.45,0.1,0.05 23.2283
0.45,0.1,0.1 93.0934
0.45,0.1,0.15 61.3749
0.45,0.1,0.2 181.538
0.45,0.1,0.25 388.644
0.45,0.1,0.3 165.264
0.45,0.1,0.35 2.85149
0.45,0.15,0 5.85599e-11
0.45,0.15,0.05 152.652
0.45,0.15,0.1 614.552
0.45,0.15,0.15 294.976
0.45,0.15,0.2 369.069
0.45,0.15,0.25 375.885
0.45,0.15,0.3 164.857
0.45,0.15,0.35 11.2731
0.45,0.2,0 2.31435e-10
0.45,0.2,0.05 163.691
0.45,0.2,0.1 659.37
0.45,0.2,0.15 279.324
0.45,0.2,0.2 286.071
0.45,0.2,0.25 187.327
0.45,0.2,0.3 31.6103
0.45,0.2,0.35 3.36696
0.45,0.25,0 2.25946e-10
0.45,0.25,0.05 117.509
0.45,0.25,0.1 473.313
0.45,0.25,0.15 182.846
0.45,0.25,0.2 402.664
0.45,0.25,0.25 275.471
0.45,0.25,0.3 14.6063
0.45,0.25,0.35 0.15216
0.45,0.3,0 7.57746e-10
0.45,0.3,0.05 137.91
0.45,0.3,0.1 573.329
0.45,0.3,0.15 456.123
0.45,0.3,0.2 639.675
0.45,0.3,0.25 262.292
0.45,0.3,0.3 34.2258
0.45,0.3,0.35 9.27482
0.45,0.3,0.4 0.15928
0.45,0.35,0 1.35158e-09
0.45,0.35,0.05 142.918
0.45,0.35,0.1 586.516
0.45,0.35,0.15 359.225
0.45,0.35,0.2 498.232
0.45,0.35,0.25 468.181
0.45,0.35,0.3 348.926
0.45,0.35,0.35 136.669
0.45,0.35,0.4 2.55713
0.45,0.4,0 7.69636e-10
0.45,0.4,0.05 76.6608
0.45,0.4,0.1 322.721
0.45,0.4,0.15 259.205
0.45,0.4,0.2 335.599
0.45,0.4,0.25 513.317
0.45,0.4,0.3 655.987
0.45,0.4,0.35 237.594
0.45,0.4,0.4 6.90491
0.45,0.45,0 1.199e-10
0.45,0.45,0.05 74.0139
0.45,0.45,0.1 352.835
0.45,0.45,0.15 559.913
0.45,0.45,0.2 493.155
0.45,0.45,0.25 577.589
0.45,0.45,0.3 510.85
0.45,0.45,0.35 174.347
0.45,0.45,0.4 15.232
0.45,0.45,0.45 0.0326893
0.45,0.5,0 8.34615e-10
0.45,0.5,0.05 115.432
0.45,0.5,0.1 503.903
0.45,0.5,0.15 463.948
0.45,0.5,0.2 583.338
0.45,0.5,0.25 464.919
0.45,0.5,0.3 1058.46
0.45,0.5,0.35 434.24
0.45,0.5,0.4 132.213
0.45,0.5,0.45 6.97034
0.45,0.55,0 4.47662e-09
0.45,0.55,0.05 109.884
0.45,0.55,0.1 472.43
0.45,0.55,0.15 427.908
0.45,0.55,0.2 712.297
0.45,0.55,0.25 389.139
0.45,0.55,0.3 749.598
0.45,0.55,0.35 445.666
0.45,0.55,0.4 283.635
0.45,0.55,0.45 15.5715
0.45,0.6,0 1.47217e-08
0.45,0.6,0.05 143.7
0.45,0.6,0.1 579.758
0.45,0.6,0.15 372.28
0.45,0.6,0.2 707.27
0.45,0.6,0.25 244.024
0.45,0.6,0.3 52.4101
0.45,0.6,0.35 42.6522
0.45,0.6,0.4 38.3917
0.45,0.6,0.45 2.11
0.45,0.65,0 4.85193e-09
0.45,0.65,0.05 94.0281
0.45,0.65,0.1 378.896
0.45,0.65,0.15 238.907
0.45,0.65,0.2 367.901
0.45,0.65,0.25 87.5253
0.45,0.65,0.3 25.1148
0.45,0.65,0.35 1.60483
0.45,0.7,0 1.85784e-10
0.45,0.7,0.05 10.6785
0.45,0.7,0.1 51.3372
0.45,0.7,0.15 97.2719
0.45,0.7,0.2 129.643
0.45,0.7,0.25 25.17
0.45,0.7,0.3 9.746
0.45,0.7,0.35 0.627012
0.45,0.75,0 3.45687e-10
0.45,0.75,0.05 32.2293
0.45,0.75,0.1 151.865
0.45,0.75,0.15 302.053
0.45,0.75,0.2 323.671
0.45,0.75,0.25 37.2212
0.45,0.75,0.3 0.0430675
0.45,0.75,0.35 0.00144204
0.45,0.8,0 9.61707e-10
0.45,0.8,0.05 80.6405
0.45,0.8,0.1 326.774
0.45,0.8,0.15 150.805
0.45,0.8,0.2 84.7538
0.45,0.8,0.25 9.45569
0.45,0.8,0.3 0.00515768
0.45,0.85,0 1.86765e-10
0.45,0.85,0.05 13.5098
0.45,0.85,0.1 54.0024
0.45,0.85,0.15 13.4919
0.45,0.85,0.2 0.00053035
0.45,0.85,0.25 2.27476e-05
0.45,0.9,0 1.66874e-12
0.45,0.9,0.05 0.000257712
0.45,0.9,0.1 0.00102509
0.45,0.9,0.15 0.00025484
0.5,0.05,0.1 3.7388e-07
0.5,0.05,0.15 0.00589255
0.5,0.05,0.2 2.20056
0.5,0.05,0.25 15.7327
0.5,0.05,0.3 6.90276
0.5,0.05,0.35 0.0295388
0.5,0.1,0 5.81337e-13
0.5,0.1,0.05 5.65237
0.5,0.1,0.1 23.0459
0.5,0.1,0.15 16.4732
0.5,0.1,0.2 53.7305
0.5,0.1,0.25 253.758
0.5,0.1,0.3 161.564
0.5,0.1,0.35 12.1821
0.5,0.15,0 3.30206e-11
0.5,0.15,0.05 39.2845
0.5,0.15,0.1 167.617
0.5,0.15,0.15 282.511
0.5,0.15,0.2 499.915
0.5,0.15,0.25 759.268
0.5,0.15,0.3 515.124
0.5,0.15,0.35 58.8619
0.5,0.2,0 1.0546e-10
0.5,0.2,0.05 115.113
0.5,0.2,0.1 485.947
0.5,0.2,0.15 525.749
0.5,0.2,0.2 722.658
0.5,0.2,0.25 503.789
0.5,0.2,0.3 162.819
0.5,0.2,0.35 18.0746
0.5,0.25,0 1.372e-10
0.5,0.25,0.05 99.4113
0.5,0.25,0.1 414.923
0.5,0.25,0.15 309.947
0.5,0.25,0.2 399.104
0.5,0.25,0.25 253.309
0.5,0.25,0.3 23.5505
0.5,0.25,0.35 0.0504887
0.5,0.3,0 8.03702e-10
0.5,0.3,0.05 158.949
0.5,0.3,0.1 694.173
0.5,0.3,0.15 804.866
0.5,0.3,0.2 530.702
0.5,0.3,0.25 115.739
0.5,0.3,0.3 98.1575
0.5,0.3,0.35 56.2472
0.5,0.3,0.4 0.981774
0.5,0.35,0 1.3749e-09
0.5,0.35,0.05 184.609
0.5,0.35,0.1 778.001
0.5,0.35,0.15 640.582
0.5,0.35,0.2 562.545
0.5,0.35,0.25 224.71
0.5,0.35,0.3 524.431
0.5,0.35,0.35 323.84
0.5,0.35,0.4 5.90767
0.5,0.4,0 1.06742e-09
0.5,0.4,0.05 97.109
0.5,0.4,0.1 399.079
0.5,0.4,0.15 298.899
0.5,0.4,0.2 370.088
0.5,0.4,0.25 354.538
0.5,0.4,0.3 700.725
0.5,0.4,0.35 283.249
0.5,0.4,0.4 4.57442
0.5,0.45,0 1.66914e-09
0.5,0.45,0.05 106.812
0.5,0.45,0.1 445.827
0.5,0.45,0.15 417.201
0.5,0.45,0.2 481.636
0.5,0.45,0.25 490.66
0.5,0.45,0.3 259.758
0.5,0.45,0.35 50.9498
0.5,0.45,0.4 0.656784
0.5,0.45,0.45 0.0154528
0.5,0.5,0 5.01305e-09
0.5,0.5,0.05 145.991
0.5,0.5,0.1 589.622
0.5,0.5,0.15 388.44
0.5,0.5,0.2 555.026
0.5,0.5,0.25 235.218
0.5,0.5,0.3 222.095
0.5,0.5,0.35 110.523
0.5,0.5,0.4 60.0122
0.5,0.5,0.45 3.29501
0.5,0.55,0 6.35302e-09
0.5,0.55,0.05 177.253
0.5,0.55,0.1 727.027
0.5,0.55,0.15 637.154
0.5,0.55,0.2 753.965
0.5,0.55,0.25 171.015
0.5,0.55,0.3 227.64
0.5,0.55,0.35 169.074
0.5,0.55,0.4 133.961
0.5,0.55,0.45 7.36095
0.5,0.6,0 3.50025e-09
0.5,0.6,0.05 96.0385
0.5,0.6,0.1 401.704
0.5,0.6,0.15 463.968
0.5,0.6,0.2 506.386
0.5,0.6,0.25 69.9164
0.5,0.6,0.3 19.7582
0.5,0.6,0.35 19.4319
0.5,0.6,0.4 18.1481
0.5,0.6,0.45 0.997437
0.5,0.65,0 2.35742e-09
0.5,0.65,0.05 114.631
0.5,0.65,0.1 460.21
0.5,0.65,0.15 191.387
0.5,0.65,0.2 141.483
0.5,0.65,0.25 18.3945
0.5,0.65,0.3 0.0147985
0.5,0.7,0 5.62945e-10
0.5,0.7,0.05 47.958
0.5,0.7,0.1 270.565
0.5,0.7,0.15 162.856
0.5,0.7,0.2 83.2608
0.5,0.7,0.25 6.42415
0.5,0.75,0 4.28742e-09
0.5,0.75,0.05 44.6357
0.5,0.75,0.1 340.544
0.5,0.75,0.15 185.267
0.5,0.75,0.2 26.2209
0.5,0.75,0.25 1.35528
0.5,0.8,0 1.33598e-07
0.5,0.8,0.05 36.5779
0.5,0.8,0.1 166.2
0.5,0.8,0.15 55.7031
0.5,0.8,0.2 4.71111
0.5,0.8,0.25 0.195678
0.5,0.85,0 1.56854e-07
0.5,0.85,0.05 25.3632
0.5,0.85,0.1 100.909
0.5,0.85,0.15 25.0921
0.5,0.85,0.2 3.72347e-05
0.5,0.85,0.25 1.5971e-06
0.5,0.9,0 8.96276e-09
0.5,0.9,0.05 1.38416
0.5,0.9,0.1 5.50572
0.5,0.9,0.15 1.36874
0.55,0.05,0.2 0.00938672
0.55,0.05,0.25 0.0677303
0.55,0.05,0.3 0.0297256
0.55,0.05,0.35 0.000127204
0.55,0.1,0 3.04537e-12
0.55,0.1,0.05 0.0979386
0.55,0.1,0.1 2.41308
0.55,0.1,0.15 24.9
0.55,0.1,0.2 36.9005
0.55,0.1,0.25 85.4483
0.55,0.1,0.3 44.6978
0.55,0.1,0.35 3.98311
0.55,0.15,0 8.59442e-10
0.55,0.15,0.05 30.634
0.55,0.15,0.1 137.312
0.55,0.15,0.15 248.595
0.55,0.15,0.2 356.665
0.55,0.15,0.25 477.966
0.55,0.15,0.3 217.063
0.55,0.15,0.35 19.667
0.55,0.2,0 2.03691e-09
0.55,0.2,0.05 105.746
0.55,0.2,0.1 470.837
0.55,0.2,0.15 705.153
0.55,0.2,0.2 714.468
0.55,0.2,0.25 351.444
0.55,0.2,0.3 130.736
0.55,0.2,0.35 8.05423
0.55,0.25,0 3.20228e-10
0.55,0.25,0.05 62.0987
0.55,0.25,0.1 292.115
0.55,0.25,0.15 618.795
0.55,0.25,0.2 585.748
0.55,0.25,0.25 710.857
0.55,0.25,0.3 305.639
0.55,0.25,0.35 4.44919
0.55,0.25,0.4 1.58333e-05
0.55,0.3,0 3.6433e-10
0.55,0.3,0.05 102.744
0.55,0.3,0.1 435.122
0.55,0.3,0.15 508.024
0.55,0.3,0.2 531.19
0.55,0.3,0.25 581.133
0.55,0.3,0.3 227.501
0.55,0.3,0.35 25.5969
0.55,0.3,0.4 0.411435
0.55,0.35,0 1.68083e-09
0.55,0.35,0.05 148.88
0.55,0.35,0.1 602.512
0.55,0.35,0.15 267.946
0.55,0.35,0.2 166.335
0.55,0.35,0.25 73.1522
0.55,0.35,0.3 167.753
0.55,0.35,0.35 101.36
0.55,0.35,0.4 1.75131
0.55,0.4,0 1.14188e-09
0.55,0.4,0.05 78.8227
0.55,0.4,0.1 316.642
0.55,0.4,0.15 123.442
0.55,0.4,0.2 110.664
0.55,0.4,0.25 112.557
0.55,0.4,0.3 109.511
0.55,0.4,0.35 40.6786
0.55,0.4,0.4 0.579609
0.55,0.45,0 1.94604e-09
0.55,0.45,0.05 112.884
0.55,0.45,0.1 455.989
0.55,0.45,0.15 281.333
0.55,0.45,0.2 450.515
0.55,0.45,0.25 366.924
0.55,0.45,0.3 61.3135
0.55,0.45,0.35 4.80603
0.55,0.45,0.4 0.0180082
0.55,0.45,0.45 9.18101e-05
0.55,0.5,0 2.97876e-09
0.55,0.5,0.05 100.755
0.55,0.5,0.1 422.212
0.55,0.5,0.15 562.894
0.55,0.5,0.2 715.314
0.55,0.5,0.25 164.385
0.55,0.5,0.3 10.2299
0.55,0.5,0.35 0.39677
0.55,0.5,0.4 0.356185
0.55,0.5,0.45 0.0195767
0.55,0.55,0 4.29293e-09
0.55,0.55,0.05 85.3713
0.55,0.55,0.1 418.474
0.55,0.55,0.15 754.406
0.55,0.55,0.2 724.097
0.55,0.55,0.25 108.303
0.55,0.55,0.3 2.98352
0.55,0.55,0.35 0.828719
0.55,0.55,0.4 0.795707
0.55,0.55,0.45 0.0437337
0.55,0.6,0 4.28921e-09
0.55,0.6,0.05 89.2163
0.55,0.6,0.1 419.076
0.55,0.6,0.15 499.873
0.55,0.6,0.2 338.577
0.55,0.6,0.25 54.2945
0.55,0.6,0.3 1.32815
0.55,0.6,0.35 0.109593
0.55,0.6,0.4 0.107821
0.55,0.6,0.45 0.00592608
0.55,0.65,0 8.54032e-10
0.55,0.65,0.05 60.848
0.55,0.65,0.1 266.34
0.55,0.65,0.15 422.115
0.55,0.65,0.2 414.321
0.55,0.65,0.25 34.3995
0.55,0.65,0.3 0.0447555
0.55,0.7,0 1.304e-10
0.55,0.7,0.05 73.1254
0.55,0.7,0.1 427.544
0.55,0.7,0.15 637.302
0.55,0.7,0.2 593.203
0.55,0.7,0.25 40.886
0.55,0.7,0.3 0.00112244
0.55,0.75,0 1.43001e-08
0.55,0.75,0.05 126.437
0.55,0.75,0.1 690.288
0.55,0.75,0.15 295.518
0.55,0.75,0.2 54.9696
0.55,0.75,0.25 3.79787
0.55,0.8,0 4.45858e-07
0.55,0.8,0.05 149.844
0.55,0.8,0.1 615.897
0.55,0.8,0.15 161.914
0.55,0.8,0.2 0.114298
0.55,0.85,0 5.23551e-07
0.55,0.85,0.05 89.3176
0.55,0.85,0.1 355.453
0.55,0.85,0.15 88.4116
0.55,0.9,0 2.99179e-08
0.55,0.9,0.05 5.75641
0.55,0.9,0.1 22.9211
0.55,0.9,0.15 5.70429
0.55,0.95,0 9.51499e-18
0.55,0.95,0.05 1.11451e-05
0.55,0.95,0.1 4.45676e-05
0.55,0.95,0.15 1.11387e-05
0.6,0.1,0 3.64916e-12
0.6,0.1,0.05 0.1168
0.6,0.1,0.1 7.22883
0.6,0.1,0.15 77.5139
0.6,0.1,0.2 50.6458
0.6,0.1,0.25 4.45488
0.6,0.1,0.3 0.91768
0.6,0.1,0.35 0.00283737
0.6,0.15,0 1.03076e-09
0.6,0.15,0.05 35.059
0.6,0.15,0.1 180.743
0.6,0.15,0.15 475.314
0.6,0.15,0.2 290.977
0.6,0.15,0.25 30.1917
0.6,0.15,0.3 6.49182
0.6,0.15,0.35 0.105329
0.6,0.2,0 2.46641e-09
0.6,0.2,0.05 138.451
0.6,0.2,0.1 581.336
0.6,0.2,0.15 430.616
0.6,0.2,0.2 283.683
0.6,0.2,0.25 264.707
0.6,0.2,0.3 175.285
0.6,0.2,0.35 7.06577
0.6,0.25,0 3.85372e-10
0.6,0.25,0.05 106.443
0.6,0.25,0.1 489.96
0.6,0.25,0.15 581.713
0.6,0.25,0.2 538.686
0.6,0.25,0.25 864.364
0.6,0.25,0.3 493.222
0.6,0.25,0.35 20.3242
0.6,0.25,0.4 0.00119466
0.6,0.3,0 1.78772e-10
0.6,0.3,0.05 66.5539
0.6,0.3,0.1 339.624
0.6,0.3,0.15 605.347
0.6,0.3,0.2 770.47
0.6,0.3,0.25 766.594
0.6,0.3,0.3 412.703
0.6,0.3,0.35 62.3366
0.6,0.3,0.4 0.0113085
0.6,0.35,0 1.04373e-09
0.6,0.35,0.05 173.039
0.6,0.35,0.1 711.111
0.6,0.35,0.15 367.665
0.6,0.35,0.2 269.631
0.6,0.35,0.25 110.875
0.6,0.35,0.3 110.857
0.6,0.35,0.35 29.7895
0.6,0.35,0.4 0.0110472
0.6,0.4,0 4.41935e-10
0.6,0.4,0.05 81.0106
0.6,0.4,0.1 324.816
0.6,0.4,0.15 166.116
0.6,0.4,0.2 176.218
0.6,0.4,0.25 27.5842
0.6,0.4,0.3 1.49259
0.6,0.4,0.35 0.290615
0.6,0.4,0.4 0.00162245
0.6,0.45,0 9.10907e-10
0.6,0.45,0.05 154.986
0.6,0.45,0.1 621.668
0.6,0.45,0.15 411.064
0.6,0.45,0.2 573.383
0.6,0.45,0.25 102.556
0.6,0.45,0.3 2.8181
0.6,0.45,0.35 6.35171e-09
0.6,0.45,0.4 1.10381e-10
0.6,0.5,0 1.86377e-09
0.6,0.5,0.05 144.182
0.6,0.5,0.1 586.592
0.6,0.5,0.15 426.392
0.6,0.5,0.2 571.658
0.6,0.5,0.25 113.929
0.6,0.5,0.3 2.0153
0.6,0.55,0 5.1752e-10
0.6,0.55,0.05 20.7078
0.6,0.55,0.1 167.831
0.6,0.55,0.15 452.124
0.6,0.55,0.2 549.095
0.6,0.55,0.25 298.003
0.6,0.55,0.3 11.9385
0.6,0.6,0 3.71389e-10
0.6,0.6,0.05 12.2013
0.6,0.6,0.1 158.672
0.6,0.6,0.15 650.718
0.6,0.6,0.2 671.648
0.6,0.6,0.25 266.854
0.6,0.6,0.3 6.89067
0.6,0.65,0 4.31997e-11
0.6,0.65,0.05 82.4028
0.6,0.65,0.1 417.162
0.6,0.65,0.15 911.712
0.6,0.65,0.2 847.445
0.6,0.65,0.25 130.715
0.6,0.65,0.3 0.454377
0.6,0.7,0 5.22762e-12
0.6,0.7,0.05 107.467
0.6,0.7,0.1 592.366
0.6,0.7,0.15 912.556
0.6,0.7,0.2 672.704
0.6,0.7,0.25 40.6975
0.6,0.7,0.3 0.0133236
0.6,0.75,0 3.47347e-09
0.6,0.75,0.05 121.314
0.6,0.75,0.1 613.198
0.6,0.75,0.15 262.294
0.6,0.75,0.2 46.6173
0.6,0.75,0.25 2.59193
0.6,0.8,0 9.40025e-08
0.6,0.8,0.05 160.382
0.6,0.8,0.1 664.661
0.6,0.8,0.15 184.107
0.6,0.8,0.2 0.888868
0.6,0.85,0 1.09315e-07
0.6,0.85,0.05 109.347
0.6,0.85,0.1 437.26
0.6,0.85,0.15 109.517
0.6,0.85,0.2 0.0178535
0.6,0.9,0 6.2527e-09
0.6,0.9,0.05 22.1589
0.6,0.9,0.1 88.5901
0.6,0.9,0.15 22.1361
0.6,0.95,0 1.77506e-16
0.6,0.95,0.05 0.000207916
0.6,0.95,0.1 0.000831427
0.6,0.95,0.15 0.000207798
0.65,0.1,0 2.15294e-13
0.65,0.1,0.05 0.00694888
0.65,0.1,0.1 3.88095
0.65,0.1,0.15 33.7389
0.65,0.1,0.2 18.0134
0.65,0.1,0.25 0.20153
0.65,0.15,0 6.14486e-11
0.65,0.15,0.05 5.93852
0.65,0.15,0.1 72.096
0.65,0.15,0.15 388.642
0.65,0.15,0.2 206.923
0.65,0.15,0.25 26.678
0.65,0.15,0.3 1.78572
0.65,0.15,0.35 0.0205917
0.65,0.2,0 1.63611e-10
0.65,0.2,0.05 63.0578
0.65,0.2,0.1 291.394
0.65,0.2,0.15 358.803
0.65,0.2,0.2 382.904
0.65,0.2,0.25 312.939
0.65,0.2,0.3 50.707
0.65,0.2,0.35 1.57857
0.65,0.25,0 4.29095e-11
0.65,0.25,0.05 126.622
0.65,0.25,0.1 578.94
0.65,0.25,0.15 350.788
0.65,0.25,0.2 383.984
0.65,0.25,0.25 296.405
0.65,0.25,0.3 120.431
0.65,0.25,0.35 15.1108
0.65,0.25,0.4 0.00200805
0.65,0.3,0 1.23342e-10
0.65,0.3,0.05 91.0446
0.65,0.3,0.1 492.063
0.65,0.3,0.15 651.885
0.65,0.3,0.2 569.566
0.65,0.3,0.25 206.413
0.65,0.3,0.3 358.508
0.65,0.3,0.35 101.516
0.65,0.3,0.4 0.0164006
0.65,0.35,0 7.4762e-10
0.65,0.35,0.05 162.675
0.65,0.35,0.1 697.987
0.65,0.35,0.15 440.132
0.65,0.35,0.2 177.325
0.65,0.35,0.25 57.8077
0.65,0.35,0.3 167.548
0.65,0.35,0.35 49.4265
0.65,0.35,0.4 0.00800883
0.65,0.4,0 3.20788e-10
0.65,0.4,0.05 100.514
0.65,0.4,0.1 403.137
0.65,0.4,0.15 131.826
0.65,0.4,0.2 55.7049
0.65,0.4,0.25 6.94458
