0.25,0.2,0.05 12.473
0.25,0.2,0.1 152.224
0.25,0.2,0.15 565.011
0.25,0.2,0.2 606.677
0.25,0.2,0.25 413.287
0.25,0.2,0.3 465.335
0.25,0.2,0.35 542.237
0.25,0.2,0.4 131.359
0.25,0.2,0.45 0.576766
0.25,0.25,0 6.64962e-11
0.25,0.25,0.05 47.3392
0.25,0.25,0.1 238.732
0.25,0.25,0.15 291.782
0.25,0.25,0.2 466.962
0.25,0.25,0.25 215.6
0.25,0.25,0.3 494.775
0.25,0.25,0.35 685.746
0.25,0.25,0.4 145.114
0.25,0.25,0.45 0.89449
0.25,0.3,0 5.12125e-11
0.25,0.3,0.05 37.3068
0.25,0.3,0.1 176.494
0.25,0.3,0.15 216.4
0.25,0.3,0.2 584.7
0.25,0.3,0.25 316.993
0.25,0.3,0.3 172.636
0.25,0.3,0.35 290.91
0.25,0.3,0.4 132.129
0.25,0.3,0.45 2.51819
0.25,0.35,0 7.84695e-11
0.25,0.35,0.05 71.003
0.25,0.35,0.1 360.969
0.25,0.35,0.15 418.134
0.25,0.35,0.2 188.567
0.25,0.35,0.25 57.747
0.25,0.35,0.3 26.4641
0.25,0.35,0.35 44.5158
0.25,0.35,0.4 31.5297
0.25,0.35,0.45 0.691904
0.25,0.4,0 1.62283e-10
0.25,0.4,0.05 98.99
0.25,0.4,0.1 449.427
0.25,0.4,0.15 424.9
0.25,0.4,0.2 192.75
0.25,0.4,0.25 90.3508
0.25,0.4,0.3 16.2978
0.25,0.4,0.35 0.676996
0.25,0.4,0.4 0.552119
0.25,0.4,0.45 0.097191
0.25,0.4,0.5 0.000244412
0.25,0.45,0 3.15637e-10
0.25,0.45,0.05 141.276
0.25,0.45,0.1 635.426
0.25,0.45,0.15 445.064
0.25,0.45,0.2 272.164
0.25,0.45,0.25 423.474
0.25,0.45,0.3 284.481
0.25,0.45,0.35 155.985
0.25,0.45,0.4 178.651
0.25,0.45,0.45 37.1311
0.25,0.45,0.5 0.0737202
0.25,0.5,0 6.86566e-11
0.25,0.5,0.05 142.125
0.25,0.5,0.1 733.138
0.25,0.5,0.15 418.628
0.25,0.5,0.2 295.565
0.25,0.5,0.25 339.052
0.25,0.5,0.3 787.801
0.25,0.5,0.35 572.7
0.25,0.5,0.4 572.256
0.25,0.5,0.45 141.411
0.25,0.5,0.5 0.543532
0.25,0.55,0 2.03016e-09
0.25,0.55,0.05 56.057
0.25,0.55,0.1 338.149
0.25,0.55,0.15 377.177
0.25,0.55,0.2 352.879
0.25,0.55,0.25 236.291
0.25,0.55,0.3 600.559
0.25,0.55,0.35 667.784
0.25,0.55,0.4 592.493
0.25,0.55,0.45 132.624
0.25,0.55,0.5 0.255999
0.25,0.6,0 1.7001e-08
0.25,0.6,0.05 8.86932
0.25,0.6,0.1 62.4683
0.25,0.6,0.15 370.741
0.25,0.6,0.2 623.785
0.25,0.6,0.25 539.187
0.25,0.6,0.3 487.989
0.25,0.6,0.35 486.558
0.25,0.6,0.4 310.337
0.25,0.6,0.45 50.5819
0.25,0.6,0.5 0.00155933
0.25,0.65,0 9.29816e-09
0.25,0.65,0.05 71.3139
0.25,0.65,0.1 324.021
0.25,0.65,0.15 400.769
0.25,0.65,0.2 407.643
0.25,0.65,0.25 245.08
0.25,0.65,0.3 360.815
0.25,0.65,0.35 386.627
0.25,0.65,0.4 86.171
0.25,0.65,0.45 4.78724
0.25,0.7,0 1.55522e-09
0.25,0.7,0.05 93.3038
0.25,0.7,0.1 416.585
0.25,0.7,0.15 484.961
0.25,0.7,0.2 504.941
0.25,0.7,0.25 339.198
0.25,0.7,0.3 254.791
0.25,0.7,0.35 180.3
0.25,0.7,0.4 11.9536
0.25,0.7,0.45 0.0301863
0.25,0.75,0 1.56549e-10
0.25,0.75,0.05 8.95294
0.25,0.75,0.1 52.9828
0.25,0.75,0.15 244.936
0.25,0.75,0.2 749.017
0.25,0.75,0.25 489.088
0.25,0.75,0.3 283.994
0.25,0.75,0.35 157.81
0.25,0.75,0.4 4.82184
0.25,0.75,0.45 4.81437e-09
0.25,0.8,0.1 0.158533
0.25,0.8,0.15 26.8454
0.25,0.8,0.2 154.192
0.25,0.8,0.25 80.8892
0.25,0.8,0.3 64.8671
0.25,0.8,0.35 43.7875
0.25,0.8,0.4 1.2411
0.25,0.85,0.15 0.0181847
0.25,0.85,0.2 0.113905
0.25,0.85,0.25 0.0500232
0.25,0.85,0.3 0.0171499
0.25,0.85,0.35 0.0114831
0.25,0.85,0.4 0.000325393
0.3,0.05,0 3.73392e-15
0.3,0.05,0.05 7.68978e-05
0.3,0.05,0.1 0.0314316
0.3,0.05,0.15 9.94846
0.3,0.05,0.2 52.295
0.3,0.05,0.25 57.9038
0.3,0.05,0.3 61.5741
0.3,0.05,0.35 6.07084
0.3,0.05,0.4 0.05269
0.3,0.1,0 2.52885e-12
0.3,0.1,0.05 0.0520179
0.3,0.1,0.1 19.3823
0.3,0.1,0.15 137.196
0.3,0.1,0.2 380.163
0.3,0.1,0.25 365.464
0.3,0.1,0.3 385.095
0.3,0.1,0.35 64.6769
0.3,0.1,0.4 1.58929
0.3,0.15,0 6.92181e-12
0.3,0.15,0.05 6.73455
0.3,0.15,0.1 83.0612
0.3,0.15,0.15 311.009
0.3,0.15,0.2 466.191
0.3,0.15,0.25 374.617
0.3,0.15,0.3 438.984
0.3,0.15,0.35 316.093
0.3,0.15,0.4 28.1257
0.3,0.15,0.45 0.118982
0.3,0.2,0 1.23557e-12
0.3,0.2,0.05 65.7875
0.3,0.2,0.1 326.621
0.3,0.2,0.15 378.882
0.3,0.2,0.2 598.1
0.3,0.2,0.25 322.757
0.3,0.2,0.3 526.388
0.3,0.2,0.35 599.601
0.3,0.2,0.4 170.245
0.3,0.2,0.45 1.15355
0.3,0.25,0 8.29905e-13
0.3,0.25,0.05 64.2284
0.3,0.25,0.1 420.881
0.3,0.25,0.15 319.386
0.3,0.25,0.2 355.982
0.3,0.25,0.25 216.416
0.3,0.25,0.3 488.389
0.3,0.25,0.35 587.771
0.3,0.25,0.4 171.29
0.3,0.25,0.45 1.79514
0.3,0.3,0 1.59673e-12
0.3,0.3,0.05 25.8405
0.3,0.3,0.1 161.531
0.3,0.3,0.15 294.28
0.3,0.3,0.2 484.517
0.3,0.3,0.25 472.687
0.3,0.3,0.3 508.796
0.3,0.3,0.35 519.754
0.3,0.3,0.4 247.238
0.3,0.3,0.45 5.05844
0.3,0.35,0 1.06915e-10
0.3,0.35,0.05 31.6003
0.3,0.35,0.1 211.732
0.3,0.35,0.15 669.752
0.3,0.35,0.2 535.007
0.3,0.35,0.25 157.348
0.3,0.35,0.3 117.522
0.3,0.35,0.35 103.615
0.3,0.35,0.4 63.4663
0.3,0.35,0.45 1.38987
0.3,0.35,0.5 3.49042e-10
0.3,0.4,0 2.42132e-10
0.3,0.4,0.05 103.804
0.3,0.4,0.1 489.605
0.3,0.4,0.15 740.994
0.3,0.4,0.2 508.687
0.3,0.4,0.25 94.0853
0.3,0.4,0.3 12.7332
0.3,0.4,0.35 0.701218
0.3,0.4,0.4 3.0342
0.3,0.4,0.45 1.13304
0.3,0.4,0.5 0.00272987
0.3,0.45,0 2.81219e-10
0.3,0.45,0.05 73.1804
0.3,0.45,0.1 359.271
0.3,0.45,0.15 575.653
0.3,0.45,0.2 544.473
0.3,0.45,0.25 355.872
0.3,0.45,0.3 199.31
0.3,0.45,0.35 129.98
0.3,0.45,0.4 46.2657
0.3,0.45,0.45 9.28793
0.3,0.45,0.5 0.0107599
0.3,0.5,0 2.15799e-10
0.3,0.5,0.05 81.7356
0.3,0.5,0.1 484.636
0.3,0.5,0.15 281.297
0.3,0.5,0.2 208.302
0.3,0.5,0.25 266.455
0.3,0.5,0.3 731.453
0.3,0.5,0.35 571.256
0.3,0.5,0.4 108.687
0.3,0.5,0.45 15.4149
0.3,0.5,0.5 0.00268805
0.3,0.55,0 6.16108e-08
0.3,0.55,0.05 48.9048
0.3,0.55,0.1 317.665
0.3,0.55,0.15 243.23
0.3,0.55,0.2 335.723
0.3,0.55,0.25 197.241
0.3,0.55,0.3 637.444
0.3,0.55,0.35 428.038
0.3,0.55,0.4 184.218
0.3,0.55,0.45 27.2517
0.3,0.55,0.5 1.89653e-05
0.3,0.6,0 5.15612e-07
0.3,0.6,0.05 67.3371
0.3,0.6,0.1 279.383
0.3,0.6,0.15 267.573
0.3,0.6,0.2 669.679
0.3,0.6,0.25 440.439
0.3,0.6,0.3 611.888
0.3,0.6,0.35 486.158
0.3,0.6,0.4 506.652
0.3,0.6,0.45 65.8998
0.3,0.6,0.5 1.15642e-07
0.3,0.65,0 2.57486e-07
0.3,0.65,0.05 78.9163
0.3,0.65,0.1 322.857
0.3,0.65,0.15 284.924
0.3,0.65,0.2 393.558
0.3,0.65,0.25 413.11
0.3,0.65,0.3 664.913
0.3,0.65,0.35 310.066
0.3,0.65,0.4 204.707
0.3,0.65,0.45 27.2828
0.3,0.7,0 2.7104e-09
0.3,0.7,0.05 67.9689
0.3,0.7,0.1 279.677
0.3,0.7,0.15 300.408
0.3,0.7,0.2 496.86
0.3,0.7,0.25 381.765
0.3,0.7,0.3 246.057
0.3,0.7,0.35 166.821
0.3,0.7,0.4 12.6229
0.3,0.7,0.45 0.176911
0.3,0.75,0 8.54123e-11
0.3,0.75,0.05 5.81105
0.3,0.75,0.1 24.1907
0.3,0.75,0.15 87.9371
0.3,0.75,0.2 523.988
0.3,0.75,0.25 384.867
0.3,0.75,0.3 158.774
0.3,0.75,0.35 72.2781
0.3,0.75,0.4 2.02889
0.3,0.8,0.1 0.00297563
0.3,0.8,0.15 19.2748
0.3,0.8,0.2 122.143
0.3,0.8,0.25 53.4275
0.3,0.8,0.3 14.968
0.3,0.8,0.35 6.16778
0.3,0.8,0.4 0.0349629
0.3,0.85,0.15 0.0218231
0.3,0.85,0.2 0.135898
0.3,0.85,0.25 0.0522366
0.3,0.85,0.3 0.000317584
0.3,0.85,0.35 0.000168403
0.3,0.85,0.4 4.78088e-06
0.35,0.05,0.05 2.01023e-06
0.35,0.05,0.1 0.0624054
0.35,0.05,0.15 1.1537
0.35,0.05,0.2 5.12548
0.35,0.05,0.25 13.019
0.35,0.05,0.3 16.7911
0.35,0.05,0.35 1.34028
0.35,0.1,0.05 0.0549648
0.35,0.1,0.1 39.4565
0.35,0.1,0.15 147.225
0.35,0.1,0.2 66.7071
0.35,0.1,0.25 100.995
0.35,0.1,0.3 148.545
0.35,0.1,0.35 18.3431
0.35,0.1,0.4 0.225375
0.35,0.15,0.05 8.03719
0.35,0.15,0.1 143.596
0.35,0.15,0.15 422.798
0.35,0.15,0.2 152.432
0.35,0.15,0.25 176.139
0.35,0.15,0.3 299.503
0.35,0.15,0.35 88.763
0.35,0.15,0.4 4.53244
0.35,0.15,0.45 0.0142481
0.35,0.2,0 2.08921e-10
0.35,0.2,0.05 77.2507
0.35,0.2,0.1 384.765
0.35,0.2,0.15 394.231
0.35,0.2,0.2 499.264
0.35,0.2,0.25 423.708
0.35,0.2,0.3 494.314
0.35,0.2,0.35 159.206
0.35,0.2,0.4 24.146
0.35,0.2,0.45 0.138139
0.35,0.25,0 4.99243e-09
0.35,0.25,0.05 102.694
0.35,0.25,0.1 614.186
0.35,0.25,0.15 614.617
0.35,0.25,0.2 479.815
0.35,0.25,0.25 273.133
0.35,0.25,0.3 550.674
0.35,0.25,0.35 394.452
0.35,0.25,0.4 51.8272
0.35,0.25,0.45 0.214867
0.35,0.3,0 5.10402e-09
0.35,0.3,0.05 116.841
0.35,0.3,0.1 535.403
0.35,0.3,0.15 464.102
0.35,0.3,0.2 427.263
0.35,0.3,0.25 505.337
0.35,0.3,0.3 871.948
0.35,0.3,0.35 380.433
0.35,0.3,0.4 48.0362
0.35,0.3,0.45 0.605301
0.35,0.35,0 1.04355e-09
0.35,0.35,0.05 78.9378
0.35,0.35,0.1 344.582
0.35,0.35,0.15 491.606
0.35,0.35,0.2 448.88
0.35,0.35,0.25 288.992
0.35,0.35,0.3 298.758
0.35,0.35,0.35 62.1315
0.35,0.35,0.4 7.85364
0.35,0.35,0.45 0.166318
0.35,0.35,0.5 8.83978e-09
0.35,0.4,0 1.75836e-09
0.35,0.4,0.05 162.541
0.35,0.4,0.1 747.38
0.35,0.4,0.15 800.363
0.35,0.4,0.2 510.877
0.35,0.4,0.25 55.3159
0.35,0.4,0.3 7.71761
0.35,0.4,0.35 22.4382
0.35,0.4,0.4 77.9104
0.35,0.4,0.45 28.3711
0.35,0.4,0.5 0.0691416
0.35,0.45,0 2.12167e-09
0.35,0.45,0.05 96.7931
0.35,0.45,0.1 461.88
0.35,0.45,0.15 612.2
0.35,0.45,0.2 684.227
0.35,0.45,0.25 312.769
0.35,0.45,0.3 156.755
0.35,0.45,0.35 264.752
0.35,0.45,0.4 386.675
0.35,0.45,0.45 112.977
0.35,0.45,0.5 0.272503
0.35,0.5,0 2.13811e-09
0.35,0.5,0.05 97.336
0.35,0.5,0.1 568.508
0.35,0.5,0.15 422.991
0.35,0.5,0.2 538.512
0.35,0.5,0.25 752.357
0.35,0.5,0.3 581.046
0.35,0.5,0.35 379.247
0.35,0.5,0.4 160.154
0.35,0.5,0.45 28.7573
0.35,0.5,0.5 0.0671949
0.35,0.55,0 7.22365e-08
0.35,0.55,0.05 40.1249
0.35,0.55,0.1 320.046
0.35,0.55,0.15 420.978
0.35,0.55,0.2 609.379
0.35,0.55,0.25 449.877
0.35,0.55,0.3 507.616
0.35,0.55,0.35 327.174
0.35,0.55,0.4 146.171
0.35,0.55,0.45 6.43329
0.35,0.55,0.5 5.60289e-06
0.35,0.6,0 5.99459e-07
0.35,0.6,0.05 91.2368
0.35,0.6,0.1 403.704
0.35,0.6,0.15 593.395
0.35,0.6,0.2 995.135
0.35,0.6,0.25 484.577
0.35,0.6,0.3 591.835
0.35,0.6,0.35 726.949
0.35,0.6,0.4 547.261
0.35,0.6,0.45 30.9002
0.35,0.65,0 2.98019e-07
0.35,0.65,0.05 114.475
0.35,0.65,0.1 473.098
0.35,0.65,0.15 326.929
0.35,0.65,0.2 406.84
0.35,0.65,0.25 342.134
0.35,0.65,0.3 559.82
0.35,0.65,0.35 486.296
0.35,0.65,0.4 232.16
0.35,0.65,0.45 12.6205
0.35,0.7,0 2.2604e-09
0.35,0.7,0.05 76.3808
0.35,0.7,0.1 306.168
0.35,0.7,0.15 98.5573
0.35,0.7,0.2 92.2554
0.35,0.7,0.25 278.09
0.35,0.7,0.3 720.866
0.35,0.7,0.35 526.63
0.35,0.7,0.4 48.0136
0.35,0.7,0.45 0.102799
0.35,0.75,0 6.48878e-09
0.35,0.75,0.05 4.14685
0.35,0.75,0.1 16.6252
0.35,0.75,0.15 9.55978
0.35,0.75,0.2 69.2919
0.35,0.75,0.25 149.954
0.35,0.75,0.3 427.918
0.35,0.75,0.35 213.749
0.35,0.75,0.4 6.7025
0.35,0.8,0 2.09747e-08
0.35,0.8,0.05 2.16134
0.35,0.8,0.1 8.59011
0.35,0.8,0.15 3.20537
0.35,0.8,0.2 7.89364
0.35,0.8,0.25 10.7921
0.35,0.8,0.3 41.1758
0.35,0.8,0.35 16.7972
0.35,0.8,0.4 0.0508535
0.35,0.85,0 4.23295e-09
0.35,0.85,0.05 0.436185
0.35,0.85,0.1 1.73359
0.35,0.85,0.15 0.431917
0.35,0.85,0.2 0.00803686
0.35,0.85,0.25 0.00308845
0.35,0.85,0.3 6.41158e-06
0.4,0.05,0.05 2.39975e-07
0.4,0.05,0.1 0.00744978
0.4,0.05,0.15 0.0270047
0.4,0.05,0.2 0.00616759
0.4,0.05,0.25 0.00631905
0.4,0.05,0.3 0.0240178
0.4,0.05,0.35 0.0133952
0.4,0.05,0.4 0.000456931
0.4,0.1,0.05 2.58632
0.4,0.1,0.1 49.8323
0.4,0.1,0.15 66.1712
0.4,0.1,0.2 10.9076
0.4,0.1,0.25 53.298
0.4,0.1,0.3 104.585
0.4,0.1,0.35 12.3559
0.4,0.1,0.4 0.00866753
0.4,0.15,0.05 12.5825
0.4,0.15,0.1 259.307
0.4,0.15,0.15 480.672
0.4,0.15,0.2 144.573
0.4,0.15,0.25 257.534
0.4,0.15,0.3 395.923
0.4,0.15,0.35 42.841
0.4,0.15,0.4 0.00775312
0.4,0.2,0 2.03328e-09
0.4,0.2,0.05 16.1332
0.4,0.2,0.1 224.056
0.4,0.2,0.15 507.969
0.4,0.2,0.2 397.605
0.4,0.2,0.25 492.319
0.4,0.2,0.3 314.475
0.4,0.2,0.35 18.5857
0.4,0.2,0.4 0.236401
0.4,0.25,0 5.45138e-08
0.4,0.25,0.05 85.409
0.4,0.25,0.1 432.791
0.4,0.25,0.15 515.803
0.4,0.25,0.2 343.447
0.4,0.25,0.25 229.419
0.4,0.25,0.3 173.113
0.4,0.25,0.35 34.4578
0.4,0.25,0.4 2.40317
0.4,0.3,0 8.95327e-08
0.4,0.3,0.05 111.978
0.4,0.3,0.1 469.327
0.4,0.3,0.15 338.127
0.4,0.3,0.2 271.786
0.4,0.3,0.25 420.312
0.4,0.3,0.3 445.546
0.4,0.3,0.35 75.5726
0.4,0.3,0.4 1.51239
0.4,0.3,0.45 0.0164013
0.4,0.35,0 3.18041e-08
0.4,0.35,0.05 59.4192
0.4,0.35,0.1 242.943
0.4,0.35,0.15 168.343
0.4,0.35,0.2 197.144
0.4,0.35,0.25 419.59
0.4,0.35,0.3 605.118
0.4,0.35,0.35 115.924
0.4,0.35,0.4 2.11277
0.4,0.35,0.45 0.125201
0.4,0.35,0.5 9.31578e-09
0.4,0.4,0 1.14235e-08
0.4,0.4,0.05 67.9811
0.4,0.4,0.1 314.798
0.4,0.4,0.15 419.739
0.4,0.4,0.2 405.968
0.4,0.4,0.25 148.81
0.4,0.4,0.3 278.679
0.4,0.4,0.35 125.389
0.4,0.4,0.4 94.4625
0.4,0.4,0.45 31.7379
0.4,0.4,0.5 0.0744344
0.4,0.45,0 1.56847e-09
0.4,0.45,0.05 54.2594
0.4,0.45,0.1 280.621
0.4,0.45,0.15 461.569
0.4,0.45,0.2 519.17
0.4,0.45,0.25 339.048
0.4,0.45,0.3 243.286
0.4,0.45,0.35 475.789
0.4,0.45,0.4 587.336
0.4,0.45,0.45 160.457
0.4,0.45,0.5 0.323674
0.4,0.5,0 1.32218e-09
0.4,0.5,0.05 56.2133
0.4,0.5,0.1 301.6
0.4,0.5,0.15 453.579
0.4,0.5,0.2 576.757
0.4,0.5,0.25 629.945
0.4,0.5,0.3 297.405
0.4,0.5,0.35 553.769
0.4,0.5,0.4 416.276
0.4,0.5,0.45 74.625
0.4,0.5,0.5 0.107532
0.4,0.55,0 1.12705e-08
0.4,0.55,0.05 36.8166
0.4,0.55,0.1 216.73
0.4,0.55,0.15 401.906
0.4,0.55,0.2 379.924
0.4,0.55,0.25 375.653
0.4,0.55,0.3 125.496
0.4,0.55,0.35 125.407
0.4,0.55,0.4 81.0764
0.4,0.55,0.45 4.30549
0.4,0.55,0.5 0.00161979
0.4,0.6,0 6.01517e-08
0.4,0.6,0.05 146.92
0.4,0.6,0.1 604.573
0.4,0.6,0.15 368.288
0.4,0.6,0.2 601.424
0.4,0.6,0.25 470.243
0.4,0.6,0.3 321.769
0.4,0.6,0.35 289.373
0.4,0.6,0.4 164.237
0.4,0.6,0.45 3.49832
0.4,0.65,0 2.32439e-08
0.4,0.65,0.05 72.067
0.4,0.65,0.1 293.881
0.4,0.65,0.15 187.105
0.4,0.65,0.2 396.489
0.4,0.65,0.25 270.362
0.4,0.65,0.3 337.914
0.4,0.65,0.35 420.313
0.4,0.65,0.4 142.121
0.4,0.65,0.45 1.62809
0.4,0.7,0 2.16872e-10
0.4,0.7,0.05 17.1986
0.4,0.7,0.1 68.8002
0.4,0.7,0.15 20.4933
0.4,0.7,0.2 18.9951
0.4,0.7,0.25 105.431
0.4,0.7,0.3 357.161
0.4,0.7,0.35 452.956
0.4,0.7,0.4 85.7057
0.4,0.7,0.45 0.0302913
0.4,0.75,0 2.05596e-07
0.4,0.75,0.05 21.9332
0.4,0.75,0.1 87.1903
0.4,0.75,0.15 21.6635
0.4,0.75,0.2 0.0982092
0.4,0.75,0.25 17.3801
0.4,0.75,0.3 97.3169
0.4,0.75,0.35 70.6108
0.4,0.75,0.4 7.85199
0.4,0.8,0 6.64996e-07
0.4,0.8,0.05 68.5247
0.4,0.8,0.1 272.347
0.4,0.8,0.15 67.6514
0.4,0.8,0.2 0.00123661
0.4,0.8,0.25 1.1629
0.4,0.8,0.3 7.75884
0.4,0.8,0.35 3.18018
0.4,0.8,0.4 0.00962801
0.4,0.85,0 1.34204e-07
0.4,0.85,0.05 13.8291
0.4,0.85,0.1 54.9628
0.4,0.85,0.15 13.6529
0.45,0.05,0.2 5.53714e-06
0.45,0.05,0.25 0.241418
0.45,0.05,0.3 4.82769
0.45,0.05,0.35 4.46203
0.45,0.05,0.4 0.167691
0.45,0.1,0.05 3.67953
0.45,0.1,0.1 62.9779
0.45,0.1,0.15 75.9697
0.45,0.1,0.2 31.1098
0.45,0.1,0.25 22.6596
0.45,0.1,0.3 108.822
0.45,0.1,0.35 86.3414
0.45,0.1,0.4 3.18093
0.45,0.15,0.05 18.5704
0.45,0.15,0.1 336.946
0.45,0.15,0.15 571.717
