0.7,0.4,0.45 618.909
0.7,0.4,0.5 350.171
0.7,0.4,0.55 514.283
0.7,0.4,0.6 579.41
0.7,0.4,0.65 462.292
0.7,0.4,0.7 432.066
0.7,0.4,0.75 433.053
0.7,0.4,0.8 228.534
0.7,0.4,0.85 10.8513
0.7,0.4,0.9 3.81037
0.7,0.4,0.95 0.0436968
0.7,0.45,0.15 0.0129196
0.7,0.45,0.2 44.2005
0.7,0.45,0.25 171.07
0.7,0.45,0.3 402.653
0.7,0.45,0.35 434.063
0.7,0.45,0.4 326.839
0.7,0.45,0.45 447.184
0.7,0.45,0.5 364.214
0.7,0.45,0.55 359.907
0.7,0.45,0.6 395.452
0.7,0.45,0.65 511.2
0.7,0.45,0.7 441.162
0.7,0.45,0.75 440.563
0.7,0.45,0.8 259.442
0.7,0.45,0.85 209.089
0.7,0.45,0.9 113.797
0.7,0.45,0.95 1.30501
0.7,0.5,0.15 0.0350606
0.7,0.5,0.2 119.949
0.7,0.5,0.25 408.947
0.7,0.5,0.3 387.608
0.7,0.5,0.35 447.611
0.7,0.5,0.4 354.342
0.7,0.5,0.45 485.044
0.7,0.5,0.5 395.207
0.7,0.5,0.55 418.939
0.7,0.5,0.6 260.048
0.7,0.5,0.65 358.784
0.7,0.5,0.7 435.413
0.7,0.5,0.75 610.948
0.7,0.5,0.8 362.98
0.7,0.5,0.85 240.629
0.7,0.5,0.9 130.561
0.7,0.5,0.95 1.49725
0.7,0.55,0.15 0.00589034
0.7,0.55,0.2 20.152
0.7,0.55,0.25 79.9385
0.7,0.55,0.3 283.225
0.7,0.55,0.35 475.164
0.7,0.55,0.4 450.313
0.7,0.55,0.45 570.643
0.7,0.55,0.5 375.23
0.7,0.55,0.55 449.845
0.7,0.55,0.6 445.26
0.7,0.55,0.65 486.375
0.7,0.55,0.7 488.262
0.7,0.55,0.75 508.055
0.7,0.55,0.8 211.692
0.7,0.55,0.85 14.6993
0.7,0.55,0.9 7.183
0.7,0.55,0.95 0.0823734
0.7,0.6,0.25 62.8045
0.7,0.6,0.3 356.769
0.7,0.6,0.35 298.867
0.7,0.6,0.4 583.329
0.7,0.6,0.45 603.92
0.7,0.6,0.5 239.957
0.7,0.6,0.55 322.127
0.7,0.6,0.6 495.55
0.7,0.6,0.65 458.79
0.7,0.6,0.7 568.175
0.7,0.6,0.75 293.109
0.7,0.6,0.8 121.998
0.7,0.6,0.85 5.46731
0.7,0.65,0.25 63.712
0.7,0.65,0.3 330.487
0.7,0.65,0.35 155.693
0.7,0.65,0.4 306.254
0.7,0.65,0.45 359.601
0.7,0.65,0.5 190.402
0.7,0.65,0.55 322.923
0.7,0.65,0.6 403.648
0.7,0.65,0.65 401.69
0.7,0.65,0.7 460.077
0.7,0.65,0.75 332.33
0.7,0.65,0.8 268.744
0.7,0.65,0.85 15.6189
0.7,0.7,0.25 3.02348
0.7,0.7,0.3 15.5136
0.7,0.7,0.35 68.473
0.7,0.7,0.4 327.93
0.7,0.7,0.45 332.929
0.7,0.7,0.5 447.808
0.7,0.7,0.55 357.471
0.7,0.7,0.6 352.632
0.7,0.7,0.65 551.949
0.7,0.7,0.7 403.779
0.7,0.7,0.75 90.383
0.7,0.7,0.8 54.0542
0.7,0.7,0.85 3.10505
0.7,0.75,0.35 54.6141
0.7,0.75,0.4 279.39
0.7,0.75,0.45 288.743
0.7,0.75,0.5 444.539
0.7,0.75,0.55 388.555
0.7,0.75,0.6 113.157
0.7,0.75,0.65 109.647
0.7,0.75,0.7 58.1279
0.7,0.75,0.75 5.84955
0.7,0.75,0.8 0.00182565
0.7,0.8,0.35 1.85724
0.7,0.8,0.4 9.44209
0.7,0.8,0.45 12.574
0.7,0.8,0.5 187.349
0.7,0.8,0.55 306.102
0.7,0.8,0.6 29.8279
0.7,0.8,0.65 0.0556174
0.7,0.8,0.7 0.000344876
0.7,0.85,0.45 0.247449
0.7,0.85,0.5 19.469
0.7,0.85,0.55 33.1858
0.7,0.85,0.6 3.23783
0.75,0.1,0.5 0.0296593
0.75,0.1,0.55 0.262594
0.75,0.1,0.6 0.137117
0.75,0.1,0.65 0.00119143
0.75,0.15,0.5 1.59162
0.75,0.15,0.55 14.0917
0.75,0.15,0.6 7.35819
0.75,0.15,0.65 0.0639364
0.75,0.2,0.3 0.101278
0.75,0.2,0.35 6.91774
0.75,0.2,0.4 12.6658
0.75,0.2,0.45 19.3845
0.75,0.2,0.5 41.8199
0.75,0.2,0.55 51.0419
0.75,0.2,0.6 54.0474
0.75,0.2,0.65 62.3622
0.75,0.2,0.7 30.3288
0.75,0.2,0.75 10.4515
0.75,0.2,0.8 0.0312408
0.75,0.25,0.25 2.55974
0.75,0.25,0.3 18.5084
0.75,0.25,0.35 104.73
0.75,0.25,0.4 177.104
0.75,0.25,0.45 269.384
0.75,0.25,0.5 513.691
0.75,0.25,0.55 389.602
0.75,0.25,0.6 347.803
0.75,0.25,0.65 467.237
0.75,0.25,0.7 328.883
0.75,0.25,0.75 135.671
0.75,0.25,0.8 9.03951
0.75,0.25,0.85 0.26606
0.75,0.3,0.25 41.679
0.75,0.3,0.3 285.818
0.75,0.3,0.35 247.697
0.75,0.3,0.4 252.186
0.75,0.3,0.45 489.156
0.75,0.3,0.5 591.7
0.75,0.3,0.55 471.707
0.75,0.3,0.6 333.69
0.75,0.3,0.65 418.458
0.75,0.3,0.7 379.705
0.75,0.3,0.75 381.503
0.75,0.3,0.8 226.551
0.75,0.3,0.85 9.38572
0.75,0.35,0.25 36.0848
0.75,0.35,0.3 289.796
0.75,0.35,0.35 339.514
0.75,0.35,0.4 421.703
0.75,0.35,0.45 357.213
0.75,0.35,0.5 264.262
0.75,0.35,0.55 234.957
0.75,0.35,0.6 261.28
0.75,0.35,0.65 430.427
0.75,0.35,0.7 385.656
0.75,0.35,0.75 429.625
0.75,0.35,0.8 373.832
0.75,0.35,0.85 21.2712
0.75,0.4,0.15 3.01465e-06
0.75,0.4,0.2 0.0103137
0.75,0.4,0.25 13.6482
0.75,0.4,0.3 323.11
0.75,0.4,0.35 595.938
0.75,0.4,0.4 531.236
0.75,0.4,0.45 374.142
0.75,0.4,0.5 422.784
0.75,0.4,0.55 287.555
0.75,0.4,0.6 258.692
0.75,0.4,0.65 536.295
0.75,0.4,0.7 534.091
0.75,0.4,0.75 353.855
0.75,0.4,0.8 356.56
0.75,0.4,0.85 31.1561
0.75,0.4,0.9 0.24903
0.75,0.4,0.95 0.00285584
0.75,0.45,0.15 0.00192061
0.75,0.45,0.2 6.57077
0.75,0.45,0.25 39.0157
0.75,0.45,0.3 370.439
0.75,0.45,0.35 509.729
0.75,0.45,0.4 428.688
0.75,0.45,0.45 459.418
0.75,0.45,0.5 444.059
0.75,0.45,0.55 304.915
0.75,0.45,0.6 253.894
0.75,0.45,0.65 625.259
0.75,0.45,0.7 498.743
0.75,0.45,0.75 274.135
0.75,0.45,0.8 187.017
0.75,0.45,0.85 22.3033
0.75,0.45,0.9 7.4373
0.75,0.45,0.95 0.0852898
0.75,0.5,0.15 0.00521205
0.75,0.5,0.2 17.8314
0.75,0.5,0.25 67.7205
0.75,0.5,0.3 289.47
0.75,0.5,0.35 421.753
0.75,0.5,0.4 281.825
0.75,0.5,0.45 487.324
0.75,0.5,0.5 386.831
0.75,0.5,0.55 436.888
0.75,0.5,0.6 294.014
0.75,0.5,0.65 583.301
0.75,0.5,0.7 525.946
0.75,0.5,0.75 569.19
0.75,0.5,0.8 336.558
0.75,0.5,0.85 22.3482
0.75,0.5,0.9 8.53291
0.75,0.5,0.95 0.0978541
0.75,0.55,0.15 0.000875649
0.75,0.55,0.2 2.99576
0.75,0.55,0.25 16.1335
0.75,0.55,0.3 164.872
0.75,0.55,0.35 293.843
0.75,0.55,0.4 336.772
0.75,0.55,0.45 583.582
0.75,0.55,0.5 415.878
0.75,0.55,0.55 505.037
0.75,0.55,0.6 440.048
0.75,0.55,0.65 683.382
0.75,0.55,0.7 629.351
0.75,0.55,0.75 473.181
0.75,0.55,0.8 246.239
0.75,0.55,0.85 6.25951
0.75,0.55,0.9 0.469451
0.75,0.55,0.95 0.00538359
0.75,0.6,0.25 66.907
0.75,0.6,0.3 456.004
0.75,0.6,0.35 327.125
0.75,0.6,0.4 542.094
0.75,0.6,0.45 477.738
0.75,0.6,0.5 328.532
0.75,0.6,0.55 460.961
0.75,0.6,0.6 417.376
0.75,0.6,0.65 332.568
0.75,0.6,0.7 319.108
0.75,0.6,0.75 256.527
0.75,0.6,0.8 225.041
0.75,0.6,0.85 14.9275
0.75,0.65,0.25 56.6527
0.75,0.65,0.3 344.267
0.75,0.65,0.35 173.045
0.75,0.65,0.4 255.091
0.75,0.65,0.45 426.56
0.75,0.65,0.5 535.754
0.75,0.65,0.55 440.946
0.75,0.65,0.6 397.723
0.75,0.65,0.65 348.24
0.75,0.65,0.7 540.946
0.75,0.65,0.75 297.191
0.75,0.65,0.8 237.912
0.75,0.65,0.85 17.9399
0.75,0.7,0.25 1.96408
0.75,0.7,0.3 11.2803
0.75,0.7,0.35 58.9897
0.75,0.7,0.4 360.182
0.75,0.7,0.45 406.056
0.75,0.7,0.5 408.385
0.75,0.7,0.55 413.761
0.75,0.7,0.6 349.882
0.75,0.7,0.65 353.889
0.75,0.7,0.7 503.314
0.75,0.7,0.75 144.359
0.75,0.7,0.8 17.1297
0.75,0.7,0.85 1.2483
0.75,0.75,0.35 36.1492
0.75,0.75,0.4 229.135
0.75,0.75,0.45 194.453
0.75,0.75,0.5 180.988
0.75,0.75,0.55 209.315
0.75,0.75,0.6 206.284
0.75,0.75,0.65 123.51
0.75,0.75,0.7 61.321
0.75,0.75,0.75 15.9253
0.75,0.75,0.8 0.0050078
0.75,0.8,0.35 0.683819
0.75,0.8,0.4 4.07519
0.75,0.8,0.45 4.08157
0.75,0.8,0.5 103.084
0.75,0.8,0.55 174.311
0.75,0.8,0.6 23.4894
0.75,0.8,0.65 3.19732
0.75,0.8,0.7 0.0210548
0.75,0.85,0.45 0.141575
0.75,0.85,0.5 11.139
0.75,0.85,0.55 18.9869
0.75,0.85,0.6 1.85249
0.8,0.15,0.45 1.26529e-05
0.8,0.15,0.5 0.053727
0.8,0.15,0.55 0.176564
0.8,0.15,0.6 0.0362162
0.8,0.2,0.3 0.182128
0.8,0.2,0.35 11.9916
0.8,0.2,0.4 19.6864
0.8,0.2,0.45 19.0871
0.8,0.2,0.5 37.7428
0.8,0.2,0.55 41.0651
0.8,0.2,0.6 31.6686
0.8,0.2,0.65 36.1616
0.8,0.2,0.7 20.268
0.8,0.2,0.75 7.45007
0.8,0.2,0.8 0.0255503
0.8,0.25,0.25 1.88826
0.8,0.25,0.3 14.5726
0.8,0.25,0.35 179.301
0.8,0.25,0.4 287.423
0.8,0.25,0.45 198.825
0.8,0.25,0.5 345.239
0.8,0.25,0.55 289.918
0.8,0.25,0.6 276.682
0.8,0.25,0.65 328.371
0.8,0.25,0.7 275.418
0.8,0.25,0.75 103.648
0.8,0.25,0.8 2.15637
0.8,0.25,0.85 0.0872534
0.8,0.3,0.25 30.6531
0.8,0.3,0.3 196.904
0.8,0.3,0.35 311.836
0.8,0.3,0.4 454.966
0.8,0.3,0.45 378.748
0.8,0.3,0.5 513.348
0.8,0.3,0.55 655.273
0.8,0.3,0.6 393.091
0.8,0.3,0.65 544.437
0.8,0.3,0.7 551.588
0.8,0.3,0.75 171.858
0.8,0.3,0.8 64.4615
0.8,0.3,0.85 3.0948
0.8,0.35,0.25 25.803
0.8,0.35,0.3 185.534
0.8,0.35,0.35 318.14
0.8,0.35,0.4 567.161
0.8,0.35,0.45 422.908
0.8,0.35,0.5 408.122
0.8,0.35,0.55 455.261
0.8,0.35,0.6 301.285
0.8,0.35,0.65 589.799
0.8,0.35,0.7 578.601
0.8,0.35,0.75 242.712
0.8,0.35,0.8 194.155
0.8,0.35,0.85 12.7367
0.8,0.4,0.25 9.47734
0.8,0.4,0.3 257.721
0.8,0.4,0.35 497.696
0.8,0.4,0.4 526.554
0.8,0.4,0.45 396.656
0.8,0.4,0.5 516.536
0.8,0.4,0.55 421.543
0.8,0.4,0.6 265.179
0.8,0.4,0.65 437.882
0.8,0.4,0.7 474.442
0.8,0.4,0.75 358.461
0.8,0.4,0.8 357.031
0.8,0.4,0.85 27.9282
0.8,0.45,0.25 7.05076
0.8,0.45,0.3 231.961
0.8,0.45,0.35 376.677
0.8,0.45,0.4 384.045
0.8,0.45,0.45 571.269
0.8,0.45,0.5 615.574
0.8,0.45,0.55 493.432
0.8,0.45,0.6 373.386
0.8,0.45,0.65 545.856
0.8,0.45,0.7 354.648
0.8,0.45,0.75 258.133
0.8,0.45,0.8 168.312
0.8,0.45,0.85 10.2563
0.8,0.5,0.25 6.21333
0.8,0.5,0.3 235.413
0.8,0.5,0.35 388.761
0.8,0.5,0.4 355.407
0.8,0.5,0.45 618.816
0.8,0.5,0.5 582.414
0.8,0.5,0.55 799.929
0.8,0.5,0.6 453.96
0.8,0.5,0.65 619.457
0.8,0.5,0.7 379.521
0.8,0.5,0.75 452.402
0.8,0.5,0.8 302.174
0.8,0.5,0.85 11.7924
0.8,0.55,0.25 7.08038
0.8,0.55,0.3 279.984
0.8,0.55,0.35 488.348
0.8,0.55,0.4 547.74
0.8,0.55,0.45 575.323
0.8,0.55,0.5 385.159
0.8,0.55,0.55 531.129
0.8,0.55,0.6 251.718
0.8,0.55,0.65 421.86
0.8,0.55,0.7 441.548
0.8,0.55,0.75 459.292
0.8,0.55,0.8 349.898
0.8,0.55,0.85 13.3116
0.8,0.6,0.25 25.1279
0.8,0.6,0.3 249.485
0.8,0.6,0.35 311.611
0.8,0.6,0.4 663.39
0.8,0.6,0.45 488.559
0.8,0.6,0.5 298.782
0.8,0.6,0.55 421.833
0.8,0.6,0.6 287.673
0.8,0.6,0.65 235.404
0.8,0.6,0.7 277.572
0.8,0.6,0.75 253.566
0.8,0.6,0.8 225.118
0.8,0.6,0.85 14.4425
0.8,0.65,0.25 17.5073
0.8,0.65,0.3 120.169
0.8,0.65,0.35 101.178
0.8,0.65,0.4 323.602
0.8,0.65,0.45 410.369
0.8,0.65,0.5 408.028
0.8,0.65,0.55 358.266
0.8,0.65,0.6 224.093
0.8,0.65,0.65 193.162
0.8,0.65,0.7 386.654
0.8,0.65,0.75 219.369
0.8,0.65,0.8 174.183
0.8,0.65,0.85 13.3377
0.8,0.7,0.25 0.41116
0.8,0.7,0.3 2.81406
0.8,0.7,0.35 35.1257
0.8,0.7,0.4 256.882
0.8,0.7,0.45 480.899
0.8,0.7,0.5 398.432
0.8,0.7,0.55 337.057
0.8,0.7,0.6 376.743
0.8,0.7,0.65 267.795
0.8,0.7,0.7 203.855
0.8,0.7,0.75 63.6993
0.8,0.7,0.8 10.8733
0.8,0.7,0.85 0.832193
0.8,0.75,0.35 20.2768
0.8,0.75,0.4 143.724
0.8,0.75,0.45 195.526
0.8,0.75,0.5 99.8276
0.8,0.75,0.55 80.7552
0.8,0.75,0.6 300.174
0.8,0.75,0.65 188.795
0.8,0.75,0.7 25.2437
0.8,0.75,0.75 6.03417
0.8,0.75,0.8 0.0019702
0.8,0.8,0.35 0.327002
0.8,0.8,0.4 2.09088
0.8,0.8,0.45 1.28527
0.8,0.8,0.5 1.4203
0.8,0.8,0.55 3.31928
0.8,0.8,0.6 11.3789
0.8,0.8,0.65 6.22794
0.8,0.8,0.7 0.125496
0.8,0.85,0.45 0.00166615
0.8,0.85,0.5 0.131091
0.8,0.85,0.55 0.22345
0.8,0.85,0.6 0.0218013
0.85,0.15,0.45 8.78115e-05
0.85,0.15,0.5 0.372866
0.85,0.15,0.55 1.22536
0.85,0.15,0.6 0.251341
0.85,0.2,0.3 0.0190259
0.85,0.2,0.35 1.2527
0.85,0.2,0.4 2.89684
0.85,0.2,0.45 31.7725
0.85,0.2,0.5 94.3027
0.85,0.2,0.55 183.469
0.85,0.2,0.6 50.7747
0.85,0.2,0.65 12.3323
0.85,0.2,0.7 1.21735
0.85,0.2,0.75 0.33223
0.85,0.2,0.8 0.0011394
0.85,0.25,0.25 0.0447279
0.85,0.25,0.3 0.666091
0.85,0.25,0.35 32.5905
0.85,0.25,0.4 64.5001
0.85,0.25,0.45 249.543
0.85,0.25,0.5 422.769
0.85,0.25,0.55 424.774
