0.25,0.25,0.4 228.974
0.25,0.25,0.45 4.41444
0.25,0.3,0 3.20049e-10
0.25,0.3,0.05 37.3599
0.25,0.3,0.1 171.293
0.25,0.3,0.15 190.674
0.25,0.3,0.2 474.271
0.25,0.3,0.25 292.404
0.25,0.3,0.3 196.631
0.25,0.3,0.35 262.698
0.25,0.3,0.4 159.526
0.25,0.3,0.45 8.60961
0.25,0.35,0 6.87585e-12
0.25,0.35,0.05 69.3034
0.25,0.35,0.1 330.137
0.25,0.35,0.15 458.978
0.25,0.35,0.2 254.683
0.25,0.35,0.25 83.4902
0.25,0.35,0.3 50.0655
0.25,0.35,0.35 61.4572
0.25,0.35,0.4 74.4764
0.25,0.35,0.45 4.84564
0.25,0.4,0.05 98.0866
0.25,0.4,0.1 437.72
0.25,0.4,0.15 486.098
0.25,0.4,0.2 243.069
0.25,0.4,0.25 92.2596
0.25,0.4,0.3 26.7308
0.25,0.4,0.35 2.50956
0.25,0.4,0.4 5.43857
0.25,0.4,0.45 1.38302
0.25,0.4,0.5 0.000235159
0.25,0.45,0 4.53494e-14
0.25,0.45,0.05 125.975
0.25,0.45,0.1 618.732
0.25,0.45,0.15 498.899
0.25,0.45,0.2 278.114
0.25,0.45,0.25 411.665
0.25,0.45,0.3 345.027
0.25,0.45,0.35 183.192
0.25,0.45,0.4 246.03
0.25,0.45,0.45 77.5953
0.25,0.45,0.5 0.375465
0.25,0.5,0 2.34339e-13
0.25,0.5,0.05 95.4311
0.25,0.5,0.1 716.988
0.25,0.5,0.15 547.677
0.25,0.5,0.2 274.574
0.25,0.5,0.25 230.515
0.25,0.5,0.3 649.204
0.25,0.5,0.35 578.768
0.25,0.5,0.4 550.014
0.25,0.5,0.45 200.85
0.25,0.5,0.5 1.8905
0.25,0.55,0 2.03016e-09
0.25,0.55,0.05 36.9291
0.25,0.55,0.1 326.087
0.25,0.55,0.15 387.124
0.25,0.55,0.2 330.333
0.25,0.55,0.25 163.852
0.25,0.55,0.3 477.998
0.25,0.55,0.35 701.722
0.25,0.55,0.4 630.292
0.25,0.55,0.45 214.228
0.25,0.55,0.5 1.54953
0.25,0.6,0 1.7001e-08
0.25,0.6,0.05 4.29524
0.25,0.6,0.1 37.1084
0.25,0.6,0.15 344.203
0.25,0.6,0.2 628.286
0.25,0.6,0.25 555.865
0.25,0.6,0.3 516.89
0.25,0.6,0.35 444.067
0.25,0.6,0.4 374.38
0.25,0.6,0.45 80.6826
0.25,0.6,0.5 0.360792
0.25,0.65,0 9.29816e-09
0.25,0.65,0.05 50.0799
0.25,0.65,0.1 246.17
0.25,0.65,0.15 326.001
0.25,0.65,0.2 372.659
0.25,0.65,0.25 325.265
0.25,0.65,0.3 327.175
0.25,0.65,0.35 374.829
0.25,0.65,0.4 191.178
0.25,0.65,0.45 11.8253
0.25,0.65,0.5 0.0285248
0.25,0.7,0 1.55522e-09
0.25,0.7,0.05 86.0935
0.25,0.7,0.1 375.532
0.25,0.7,0.15 397.8
0.25,0.7,0.2 532.726
0.25,0.7,0.25 477.451
0.25,0.7,0.3 359.805
0.25,0.7,0.35 297.414
0.25,0.7,0.4 62.0887
0.25,0.7,0.45 0.184366
0.25,0.75,0 1.56549e-10
0.25,0.75,0.05 8.94859
0.25,0.75,0.1 39.8452
0.25,0.75,0.15 147.352
0.25,0.75,0.2 481.377
0.25,0.75,0.25 584.594
0.25,0.75,0.3 369.676
0.25,0.75,0.35 297.328
0.25,0.75,0.4 33.7424
0.25,0.75,0.45 0.0009957
0.25,0.8,0.1 0.0926498
0.25,0.8,0.15 4.57006
0.25,0.8,0.2 41.7799
0.25,0.8,0.25 80.4844
0.25,0.8,0.3 58.7823
0.25,0.8,0.35 61.1664
0.25,0.8,0.4 6.73159
0.25,0.85,0.15 1.34063e-06
0.25,0.85,0.2 0.00017935
0.25,0.85,0.25 0.000357943
0.25,0.85,0.3 4.25003e-05
0.3,0.05,0 3.73392e-15
0.3,0.05,0.05 7.58951e-05
0.3,0.05,0.1 0.000313775
0.3,0.05,0.15 1.43103
0.3,0.05,0.2 25.6977
0.3,0.05,0.25 36.8336
0.3,0.05,0.3 49.1638
0.3,0.05,0.35 10.618
0.3,0.05,0.4 0.0986458
0.3,0.1,0 2.52885e-12
0.3,0.1,0.05 0.0514011
0.3,0.1,0.1 9.50727
0.3,0.1,0.15 84.6011
0.3,0.1,0.2 282.634
0.3,0.1,0.25 338.742
0.3,0.1,0.3 406.001
0.3,0.1,0.35 103.767
0.3,0.1,0.4 3.01195
0.3,0.15,0 6.92181e-12
0.3,0.15,0.05 7.60867
0.3,0.15,0.1 73.0686
0.3,0.15,0.15 351.497
0.3,0.15,0.2 446.239
0.3,0.15,0.25 419.337
0.3,0.15,0.3 391.914
0.3,0.15,0.35 314.932
0.3,0.15,0.4 33.8781
0.3,0.15,0.45 0.183598
0.3,0.2,0 8.15718e-12
0.3,0.2,0.05 64.355
0.3,0.2,0.1 351.244
0.3,0.2,0.15 384.725
0.3,0.2,0.2 585.013
0.3,0.2,0.25 416.749
0.3,0.2,0.3 500.435
0.3,0.2,0.35 590.625
0.3,0.2,0.4 195.59
0.3,0.2,0.45 4.94513
0.3,0.25,0 1.73152e-08
0.3,0.25,0.05 58.474
0.3,0.25,0.1 459.107
0.3,0.25,0.15 374.853
0.3,0.25,0.2 404.074
0.3,0.25,0.25 216.281
0.3,0.25,0.3 480.396
0.3,0.25,0.35 603.632
0.3,0.25,0.4 236.189
0.3,0.25,0.45 7.22381
0.3,0.3,0 5.49069e-08
0.3,0.3,0.05 25.3637
0.3,0.3,0.1 176.232
0.3,0.3,0.15 252.657
0.3,0.3,0.2 466.636
0.3,0.3,0.25 467.444
0.3,0.3,0.3 541.968
0.3,0.3,0.35 509.807
0.3,0.3,0.4 310.507
0.3,0.3,0.45 18.6529
0.3,0.35,0 1.12889e-08
0.3,0.35,0.05 29.6957
0.3,0.35,0.1 162.533
0.3,0.35,0.15 584.306
0.3,0.35,0.2 576.996
0.3,0.35,0.25 220.072
0.3,0.35,0.3 189.672
0.3,0.35,0.35 171.785
0.3,0.35,0.4 162.806
0.3,0.35,0.45 10.5687
0.3,0.35,0.5 8.69138e-06
0.3,0.4,0 9.03389e-10
0.3,0.4,0.05 101.227
0.3,0.4,0.1 463.737
0.3,0.4,0.15 719.824
0.3,0.4,0.2 498.686
0.3,0.4,0.25 88.7552
0.3,0.4,0.3 20.1868
0.3,0.4,0.35 3.13681
0.3,0.4,0.4 4.8591
0.3,0.4,0.45 1.80454
0.3,0.4,0.5 0.0357781
0.3,0.45,0 2.90116e-10
0.3,0.45,0.05 63.7781
0.3,0.45,0.1 334.259
0.3,0.45,0.15 590.462
0.3,0.45,0.2 519.283
0.3,0.45,0.25 384.092
0.3,0.45,0.3 281.517
0.3,0.45,0.35 219.109
0.3,0.45,0.4 55.2907
0.3,0.45,0.45 11.4702
0.3,0.45,0.5 0.118228
0.3,0.5,0 1.98854e-10
0.3,0.5,0.05 51.2879
0.3,0.5,0.1 440.57
0.3,0.5,0.15 336.357
0.3,0.5,0.2 205.341
0.3,0.5,0.25 318.279
0.3,0.5,0.3 674.527
0.3,0.5,0.35 657.875
0.3,0.5,0.4 117.347
0.3,0.5,0.45 18.9343
0.3,0.5,0.5 0.07866
0.3,0.55,0 6.16108e-08
0.3,0.55,0.05 33.8995
0.3,0.55,0.1 298.229
0.3,0.55,0.15 248.546
0.3,0.55,0.2 293.916
0.3,0.55,0.25 164.841
0.3,0.55,0.3 492.052
0.3,0.55,0.35 614.417
0.3,0.55,0.4 297.544
0.3,0.55,0.45 77.2358
0.3,0.55,0.5 0.325665
0.3,0.6,0 5.15612e-07
0.3,0.6,0.05 66.7239
0.3,0.6,0.1 278.196
0.3,0.6,0.15 287.615
0.3,0.6,0.2 698.165
0.3,0.6,0.25 491.846
0.3,0.6,0.3 696.516
0.3,0.6,0.35 494.473
0.3,0.6,0.4 583.532
0.3,0.6,0.45 176.828
0.3,0.6,0.5 0.565484
0.3,0.65,0 2.57486e-07
0.3,0.65,0.05 78.9156
0.3,0.65,0.1 329.318
0.3,0.65,0.15 314.96
0.3,0.65,0.2 452.124
0.3,0.65,0.25 420.487
0.3,0.65,0.3 645.905
0.3,0.65,0.35 285.933
0.3,0.65,0.4 150.958
0.3,0.65,0.45 39.9196
0.3,0.65,0.5 0.122973
0.3,0.7,0 2.7104e-09
0.3,0.7,0.05 67.9686
0.3,0.7,0.1 295.728
0.3,0.7,0.15 371.251
0.3,0.7,0.2 477.697
0.3,0.7,0.25 490.072
0.3,0.7,0.3 193.34
0.3,0.7,0.35 288.456
0.3,0.7,0.4 54.6934
0.3,0.7,0.45 0.00742022
0.3,0.75,0 8.54123e-11
0.3,0.75,0.05 5.81105
0.3,0.75,0.1 25.9734
0.3,0.75,0.15 45.9567
0.3,0.75,0.2 310.303
0.3,0.75,0.25 511.727
0.3,0.75,0.3 133.942
0.3,0.75,0.35 176.492
0.3,0.75,0.4 25.6401
0.3,0.75,0.45 1.72337e-06
0.3,0.8,0.1 0.00290104
0.3,0.8,0.15 0.560506
0.3,0.8,0.2 48.5669
0.3,0.8,0.25 94.38
0.3,0.8,0.3 16.5454
0.3,0.8,0.35 12.3046
0.3,0.8,0.4 1.67586
0.3,0.85,0.15 2.37529e-06
0.3,0.85,0.2 0.000317768
0.3,0.85,0.25 0.000634194
0.3,0.85,0.3 7.53009e-05
0.35,0.05,0.1 1.12984e-05
0.35,0.05,0.15 0.120062
0.35,0.05,0.2 2.15519
0.35,0.05,0.25 4.97532
0.35,0.05,0.3 10.3112
0.35,0.05,0.35 2.10753
0.35,0.1,0.05 0.00683831
0.35,0.1,0.1 11.0094
0.35,0.1,0.15 80.5844
0.35,0.1,0.2 57.5083
0.35,0.1,0.25 47.1663
0.35,0.1,0.3 102.532
0.35,0.1,0.35 24.4516
0.35,0.1,0.4 0.162423
0.35,0.15,0.05 7.15974
0.35,0.15,0.1 78.1667
0.35,0.15,0.15 349.047
0.35,0.15,0.2 197.058
0.35,0.15,0.25 104.43
0.35,0.15,0.3 249.225
0.35,0.15,0.35 103.306
0.35,0.15,0.4 4.71454
0.35,0.15,0.45 0.016013
0.35,0.2,0 1.96001e-10
0.35,0.2,0.05 60.5731
0.35,0.2,0.1 329.444
0.35,0.2,0.15 337.522
0.35,0.2,0.2 417.683
0.35,0.2,0.25 407.484
0.35,0.2,0.3 418.909
0.35,0.2,0.35 149.829
0.35,0.2,0.4 20.6089
0.35,0.2,0.45 0.4313
0.35,0.25,0 1.09999e-07
0.35,0.25,0.05 83.9221
0.35,0.25,0.1 530.983
0.35,0.25,0.15 611.295
0.35,0.25,0.2 567.33
0.35,0.25,0.25 322.614
0.35,0.25,0.3 462.286
0.35,0.25,0.35 366.376
0.35,0.25,0.4 51.8814
0.35,0.25,0.45 0.712122
0.35,0.3,0 3.41891e-07
0.35,0.3,0.05 114.733
0.35,0.3,0.1 520.291
0.35,0.3,0.15 417.737
0.35,0.3,0.2 502.54
0.35,0.3,0.25 581.828
0.35,0.3,0.3 784.944
0.35,0.3,0.35 452.531
0.35,0.3,0.4 65.977
0.35,0.3,0.45 2.44661
0.35,0.35,0 7.09619e-08
0.35,0.35,0.05 76.7904
0.35,0.35,0.1 323.503
0.35,0.35,0.15 408.246
0.35,0.35,0.2 479.062
0.35,0.35,0.25 369.879
0.35,0.35,0.3 362.805
0.35,0.35,0.35 103.4
0.35,0.35,0.4 22.865
0.35,0.35,0.45 1.40521
0.35,0.35,0.5 0.00028149
0.35,0.4,0 8.00745e-09
0.35,0.4,0.05 161.95
0.35,0.4,0.1 736.133
0.35,0.4,0.15 741.404
0.35,0.4,0.2 499.313
0.35,0.4,0.25 71.7073
0.35,0.4,0.3 14.2867
0.35,0.4,0.35 24.0037
0.35,0.4,0.4 78.4883
0.35,0.4,0.45 50.1736
0.35,0.4,0.5 1.15812
0.35,0.45,0 2.90542e-09
0.35,0.45,0.05 96.9677
0.35,0.45,0.1 457.341
0.35,0.45,0.15 590.088
0.35,0.45,0.2 684.102
0.35,0.45,0.25 352.139
0.35,0.45,0.3 205.27
0.35,0.45,0.35 291.781
0.35,0.45,0.4 346.585
0.35,0.45,0.45 165.96
0.35,0.45,0.5 3.79769
0.35,0.5,0 2.13811e-09
0.35,0.5,0.05 88.6194
0.35,0.5,0.1 542.738
0.35,0.5,0.15 441.859
0.35,0.5,0.2 508.928
0.35,0.5,0.25 751.205
0.35,0.5,0.3 604.586
0.35,0.5,0.35 389.923
0.35,0.5,0.4 136.021
0.35,0.5,0.45 34.9433
0.35,0.5,0.5 0.777297
0.35,0.55,0 7.22354e-08
0.35,0.55,0.05 30.9926
0.35,0.55,0.1 281.696
0.35,0.55,0.15 442.638
0.35,0.55,0.2 616.318
0.35,0.55,0.25 454.127
0.35,0.55,0.3 449.556
0.35,0.55,0.35 497.555
0.35,0.55,0.4 208.067
0.35,0.55,0.45 18.0232
0.35,0.55,0.5 0.0377691
0.35,0.6,0 5.99443e-07
0.35,0.6,0.05 90.7335
0.35,0.6,0.1 393.535
0.35,0.6,0.15 576.641
0.35,0.6,0.2 966.311
0.35,0.6,0.25 337.769
0.35,0.6,0.3 426.073
0.35,0.6,0.35 807.078
0.35,0.6,0.4 602.738
0.35,0.6,0.45 70.1559
0.35,0.6,0.5 0.141497
0.35,0.65,0 2.98008e-07
0.35,0.65,0.05 114.414
0.35,0.65,0.1 465.258
0.35,0.65,0.15 280.128
0.35,0.65,0.2 456.852
0.35,0.65,0.25 221.303
0.35,0.65,0.3 385.54
0.35,0.65,0.35 655.935
0.35,0.65,0.4 265.676
0.35,0.65,0.45 19.3821
0.35,0.65,0.5 0.0331314
0.35,0.7,0 2.26016e-09
0.35,0.7,0.05 76.3801
0.35,0.7,0.1 308.106
0.35,0.7,0.15 112.064
0.35,0.7,0.2 142.93
0.35,0.7,0.25 221.121
0.35,0.7,0.3 421.143
0.35,0.7,0.35 825.947
0.35,0.7,0.4 161.739
0.35,0.7,0.45 0.791645
0.35,0.75,0 6.48878e-09
0.35,0.75,0.05 4.14685
0.35,0.75,0.1 16.8631
0.35,0.75,0.15 8.27069
0.35,0.75,0.2 54.6021
0.35,0.75,0.25 100.021
0.35,0.75,0.3 160.864
0.35,0.75,0.35 333.525
0.35,0.75,0.4 48.5807
0.35,0.75,0.45 0.0205121
0.35,0.8,0 2.09747e-08
0.35,0.8,0.05 2.16134
0.35,0.8,0.1 8.59011
0.35,0.8,0.15 2.16909
0.35,0.8,0.2 4.71642
0.35,0.8,0.25 9.44142
0.35,0.8,0.3 9.08972
0.35,0.8,0.35 18.5568
0.35,0.8,0.4 2.63449
0.35,0.85,0 4.23295e-09
0.35,0.85,0.05 0.436185
0.35,0.85,0.1 1.73359
0.35,0.85,0.15 0.430627
0.35,0.85,0.2 3.25779e-05
0.35,0.85,0.25 6.50183e-05
0.35,0.85,0.3 7.71994e-06
0.4,0.05,0.1 5.5595e-07
0.4,0.05,0.15 4.20509e-06
0.4,0.05,0.2 1.92307e-06
0.4,0.05,0.25 1.88212e-08
0.4,0.05,0.3 0.0066657
0.4,0.05,0.35 0.0257871
0.4,0.05,0.4 0.006235
0.4,0.1,0.05 0.229491
0.4,0.1,0.1 32.2256
0.4,0.1,0.15 80.2694
0.4,0.1,0.2 23.2242
0.4,0.1,0.25 10.4277
0.4,0.1,0.3 46.4065
0.4,0.1,0.35 27.3336
0.4,0.1,0.4 3.4033
0.4,0.15,0.05 1.34846
0.4,0.15,0.1 147.818
0.4,0.15,0.15 517.751
0.4,0.15,0.2 277.221
0.4,0.15,0.25 141.848
0.4,0.15,0.3 402.605
0.4,0.15,0.35 152.687
0.4,0.15,0.4 9.05975
0.4,0.2,0 1.31494e-09
0.4,0.2,0.05 7.48587
0.4,0.2,0.1 143.578
0.4,0.2,0.15 468.54
0.4,0.2,0.2 465.203
0.4,0.2,0.25 494.077
0.4,0.2,0.3 460.016
0.4,0.2,0.35 81.9262
0.4,0.2,0.4 1.88842
0.4,0.2,0.45 1.49034e-05
0.4,0.25,0 6.68426e-08
0.4,0.25,0.05 86.9847
0.4,0.25,0.1 424.468
0.4,0.25,0.15 512.678
0.4,0.25,0.2 459.861
0.4,0.25,0.25 376.632
0.4,0.25,0.3 306.909
0.4,0.25,0.35 52.4941
0.4,0.25,0.4 4.53127
0.4,0.25,0.45 0.000129323
0.4,0.3,0 1.5452e-07
0.4,0.3,0.05 110.351
0.4,0.3,0.1 470.299
0.4,0.3,0.15 463.143
0.4,0.3,0.2 359.663
0.4,0.3,0.25 417.075
0.4,0.3,0.3 419.346
0.4,0.3,0.35 72.7873
0.4,0.3,0.4 5.09407
0.4,0.3,0.45 0.330067
0.4,0.35,0 4.4929e-08
0.4,0.35,0.05 58.1871
0.4,0.35,0.1 248.425
0.4,0.35,0.15 274.87
0.4,0.35,0.2 261.421
0.4,0.35,0.25 405.088
0.4,0.35,0.3 632.663
0.4,0.35,0.35 107.572
0.4,0.35,0.4 12.7797
0.4,0.35,0.45 2.0438
0.4,0.35,0.5 0.000336027
0.4,0.4,0 1.7681e-08
0.4,0.4,0.05 70.473
0.4,0.4,0.1 315.112
0.4,0.4,0.15 386.202
0.4,0.4,0.2 450.728
0.4,0.4,0.25 170.104
0.4,0.4,0.3 311.813
0.4,0.4,0.35 129.686
0.4,0.4,0.4 116.792
0.4,0.4,0.45 64.755
0.4,0.4,0.5 1.38347
0.4,0.45,0 2.10215e-09
0.4,0.45,0.05 54.597
0.4,0.45,0.1 268.957
0.4,0.45,0.15 490.816
0.4,0.45,0.2 615.421
0.4,0.45,0.25 396.343
0.4,0.45,0.3 217.106
0.4,0.45,0.35 501.143
0.4,0.45,0.4 632.793
0.4,0.45,0.45 251.226
0.4,0.45,0.5 4.54662
0.4,0.5,0 1.32218e-09
0.4,0.5,0.05 54.4575
0.4,0.5,0.1 274.533
0.4,0.5,0.15 424.652
0.4,0.5,0.2 534.713
0.4,0.5,0.25 617.05
0.4,0.5,0.3 241.95
0.4,0.5,0.35 488.75
0.4,0.5,0.4 407.28
0.4,0.5,0.45 86.6629
0.4,0.5,0.5 0.937344
0.4,0.55,0 1.11775e-08
0.4,0.55,0.05 33.9593
0.4,0.55,0.1 195.617
0.4,0.55,0.15 431.506
0.4,0.55,0.2 420.602
0.4,0.55,0.25 437.498
0.4,0.55,0.3 131.476
0.4,0.55,0.35 127.967
0.4,0.55,0.4 84.3488
0.4,0.55,0.45 6.42137
0.4,0.55,0.5 0.000210724
0.4,0.6,0 5.89007e-08
0.4,0.6,0.05 132.733
0.4,0.6,0.1 599.173
0.4,0.6,0.15 378.852
0.4,0.6,0.2 591.421
0.4,0.6,0.25 421.587
0.4,0.6,0.3 266.117
0.4,0.6,0.35 388.113
0.4,0.6,0.4 196.039
0.4,0.6,0.45 11.9995
0.4,0.6,0.5 2.04242e-06
0.4,0.65,0 2.23479e-08
0.4,0.65,0.05 62.7688
0.4,0.65,0.1 295.114
0.4,0.65,0.15 204.863
0.4,0.65,0.2 421.572
0.4,0.65,0.25 143.841
0.4,0.65,0.3 212.563
0.4,0.65,0.35 544.678
0.4,0.65,0.4 273.772
0.4,0.65,0.45 8.34097
0.4,0.65,0.5 4.7823e-07
0.4,0.7,0 1.97387e-10
0.4,0.7,0.05 17.041
0.4,0.7,0.1 69.1603
0.4,0.7,0.15 24.1622
0.4,0.7,0.2 31.0323
0.4,0.7,0.25 24.0413
0.4,0.7,0.3 194.444
0.4,0.7,0.35 450.688
0.4,0.7,0.4 178.666
0.4,0.7,0.45 3.42694
0.4,0.75,0 2.05596e-07
0.4,0.75,0.05 21.9332
0.4,0.75,0.1 87.1903
0.4,0.75,0.15 21.6773
0.4,0.75,0.2 1.23922
0.4,0.75,0.25 2.88061
0.4,0.75,0.3 29.8215
0.4,0.75,0.35 56.0321
0.4,0.75,0.4 10.1048
0.4,0.75,0.45 0.0894293
0.4,0.8,0 6.64996e-07
0.4,0.8,0.05 68.5247
0.4,0.8,0.1 272.347
0.4,0.8,0.15 67.6514
0.4,0.8,0.2 0.000573542
0.4,0.8,0.25 0.00754957
0.4,0.8,0.3 0.876815
0.4,0.8,0.35 2.03558
0.4,0.8,0.4 0.288985
0.4,0.85,0 1.34204e-07
0.4,0.85,0.05 13.8291
0.4,0.85,0.1 54.9628
0.4,0.85,0.15 13.6529
0.45,0.05,0.25 8.68458e-08
0.45,0.05,0.3 0.0650622
0.45,0.05,0.35 0.251701
0.45,0.05,0.4 0.0608582
0.45,0.1,0.05 0.278644
0.45,0.1,0.1 37.9325
0.45,0.1,0.15 86.558
0.45,0.1,0.2 38.235
0.45,0.1,0.25 26.6168
0.45,0.1,0.3 55.8777
0.45,0.1,0.35 139.412
0.45,0.1,0.4 33.1655
0.45,0.15,0.05 1.57417
0.45,0.15,0.1 181.616
0.45,0.15,0.15 506.028
0.45,0.15,0.2 426.766
0.45,0.15,0.25 371.976
0.45,0.15,0.3 452.427
0.45,0.15,0.35 410.319
0.45,0.15,0.4 87.9864
0.45,0.15,0.45 1.49899e-05
