0.65,0.6,0.4 73.4865
0.65,0.6,0.45 0.662771
0.65,0.65,0.05 4.96478e-06
0.65,0.65,0.1 0.00181803
0.65,0.65,0.15 15.5495
0.65,0.65,0.2 111.74
0.65,0.65,0.25 61.0932
0.65,0.65,0.3 98.9423
0.65,0.65,0.35 264.482
0.65,0.65,0.4 82.8477
0.65,0.65,0.45 0.682177
0.65,0.7,0.05 0.127036
0.65,0.7,0.1 0.794822
0.65,0.7,0.15 31.7152
0.65,0.7,0.2 157
0.65,0.7,0.25 62.1758
0.65,0.7,0.3 147.873
0.65,0.7,0.35 485.119
0.65,0.7,0.4 120.018
0.65,0.7,0.45 0.731847
0.65,0.75,0 2.74209e-22
0.65,0.75,0.05 25.8632
0.65,0.75,0.1 106.465
0.65,0.75,0.15 109.474
0.65,0.75,0.2 190.209
0.65,0.75,0.25 48.4617
0.65,0.75,0.3 83.926
0.65,0.75,0.35 440.205
0.65,0.75,0.4 161.318
0.65,0.75,0.45 0.507936
0.65,0.8,0 1.15978e-11
0.65,0.8,0.05 73.6339
0.65,0.8,0.1 297.991
0.65,0.8,0.15 123.324
0.65,0.8,0.2 84.935
0.65,0.8,0.25 20.7892
0.65,0.8,0.3 16.4667
0.65,0.8,0.35 112.28
0.65,0.8,0.4 46.9404
0.65,0.8,0.45 0.157856
0.65,0.85,0 4.85486e-11
0.65,0.85,0.05 78.1246
0.65,0.85,0.1 312.732
0.65,0.85,0.15 80.7928
0.65,0.85,0.2 1.78126
0.65,0.85,0.25 0.135531
0.65,0.85,0.3 0.0097759
0.65,0.85,0.35 0.0654734
0.65,0.85,0.4 0.0273722
0.65,0.85,0.45 9.20501e-05
0.65,0.9,0 1.27147e-11
0.65,0.9,0.05 18.8694
0.65,0.9,0.1 75.46
0.65,0.9,0.15 18.8606
0.65,0.95,0 9.88375e-17
0.65,0.95,0.05 0.000212621
0.65,0.95,0.1 0.000850285
0.65,0.95,0.15 0.000212522
0.7,0.1,0.2 0.00035955
0.7,0.1,0.25 0.0307054
0.7,0.1,0.3 0.0537541
0.7,0.1,0.35 0.00542746
0.7,0.15,0.2 0.0947188
0.7,0.15,0.25 8.08893
0.7,0.15,0.3 14.1608
0.7,0.15,0.35 1.42979
0.7,0.2,0.1 0.0158015
0.7,0.2,0.15 4.14371
0.7,0.2,0.2 10.0611
0.7,0.2,0.25 46.4212
0.7,0.2,0.3 113.209
0.7,0.2,0.35 19.2523
0.7,0.25,0.1 0.134369
0.7,0.25,0.15 35.2775
0.7,0.25,0.2 91.0442
0.7,0.25,0.25 210.138
0.7,0.25,0.3 449.034
0.7,0.25,0.35 82.8013
0.7,0.3,0.1 0.0678682
0.7,0.3,0.15 21.458
0.7,0.3,0.2 154.637
0.7,0.3,0.25 263.148
0.7,0.3,0.3 213.431
0.7,0.3,0.35 37.2841
0.7,0.3,0.4 1.01321
0.7,0.35,0.1 0.0691475
0.7,0.35,0.15 7.14272
0.7,0.35,0.2 186.037
0.7,0.35,0.25 330.736
0.7,0.35,0.3 422.035
0.7,0.35,0.35 262.677
0.7,0.35,0.4 34.2341
0.7,0.4,0.1 0.410205
0.7,0.4,0.15 23.4593
0.7,0.4,0.2 144.51
0.7,0.4,0.25 334.037
0.7,0.4,0.3 553.847
0.7,0.4,0.35 362.907
0.7,0.4,0.4 42.9912
0.7,0.45,0.1 0.651559
0.7,0.45,0.15 94.8904
0.7,0.45,0.2 357.862
0.7,0.45,0.25 315.433
0.7,0.45,0.3 539.062
0.7,0.45,0.35 310.075
0.7,0.45,0.4 25.2129
0.7,0.45,0.45 0.0488961
0.7,0.5,0.1 0.391475
0.7,0.5,0.15 57.5628
0.7,0.5,0.2 204.783
0.7,0.5,0.25 81.5063
0.7,0.5,0.3 176.233
0.7,0.5,0.35 364.314
0.7,0.5,0.4 129.324
0.7,0.5,0.45 0.864204
0.7,0.55,0.1 0.00957171
0.7,0.55,0.15 19.7456
0.7,0.55,0.2 85.7655
0.7,0.55,0.25 228.36
0.7,0.55,0.3 271.718
0.7,0.55,0.35 196.866
0.7,0.55,0.4 94.187
0.7,0.55,0.45 1.10375
0.7,0.6,0.15 0.345368
0.7,0.6,0.2 7.0876
0.7,0.6,0.25 183.582
0.7,0.6,0.3 219.02
0.7,0.6,0.35 21.0262
0.7,0.6,0.4 5.30257
0.7,0.6,0.45 0.10469
0.7,0.65,0.15 0.069429
0.7,0.65,0.2 0.69182
0.7,0.65,0.25 6.48898
0.7,0.65,0.3 12.2311
0.7,0.65,0.35 14.5374
0.7,0.65,0.4 2.65055
0.7,0.65,0.45 0.000173779
0.7,0.7,0.05 0.00252421
0.7,0.7,0.1 0.0101042
0.7,0.7,0.15 0.0825154
0.7,0.7,0.2 0.572537
0.7,0.7,0.25 0.268167
0.7,0.7,0.3 19.1726
0.7,0.7,0.35 58.4123
0.7,0.7,0.4 11.8069
0.7,0.7,0.45 0.00810669
0.7,0.75,0 1.38737e-19
0.7,0.75,0.05 0.513902
0.7,0.75,0.1 2.05711
0.7,0.75,0.15 0.521173
0.7,0.75,0.2 0.0441375
0.7,0.75,0.25 0.0230439
0.7,0.75,0.3 9.00327
0.7,0.75,0.35 43.4333
0.7,0.75,0.4 15.0167
0.7,0.75,0.45 0.0426363
0.7,0.8,0 2.00477e-09
0.7,0.8,0.05 11.3966
0.7,0.8,0.1 45.5203
0.7,0.8,0.15 11.3646
0.7,0.8,0.2 0.00605473
0.7,0.8,0.25 0.00223641
0.7,0.8,0.3 1.45545
0.7,0.8,0.35 9.94289
0.7,0.8,0.4 4.15679
0.7,0.8,0.45 0.0139789
0.7,0.85,0 8.0093e-09
0.7,0.85,0.05 41.3079
0.7,0.85,0.1 164.955
0.7,0.85,0.15 41.1698
0.7,0.85,0.2 3.74222e-05
0.7,0.85,0.25 1.38225e-05
0.7,0.85,0.3 0.000848734
0.7,0.85,0.35 0.00579797
0.7,0.85,0.4 0.00242393
0.7,0.85,0.45 8.15145e-06
0.7,0.9,0 1.99988e-09
0.7,0.9,0.05 10.3205
0.7,0.9,0.1 41.2129
0.7,0.9,0.15 10.2859
0.7,0.95,0 3.43079e-18
0.7,0.95,0.05 7.38037e-06
0.7,0.95,0.1 2.95146e-05
0.7,0.95,0.15 7.37694e-06
0.75,0.2,0.2 0.00187453
0.75,0.2,0.25 5.73814
0.75,0.2,0.3 18.4291
0.75,0.2,0.35 3.69247
0.75,0.25,0.15 0.00173814
0.75,0.25,0.2 0.0594393
0.75,0.25,0.25 29.6542
0.75,0.25,0.3 95.0424
0.75,0.25,0.35 19.0413
0.75,0.3,0.15 0.154803
0.75,0.3,0.2 4.33995
0.75,0.3,0.25 17.5889
0.75,0.3,0.3 40.5052
0.75,0.3,0.35 8.20144
0.75,0.3,0.4 0.055227
0.75,0.35,0.15 0.274661
0.75,0.35,0.2 7.78522
0.75,0.35,0.25 52.3246
0.75,0.35,0.3 132.976
0.75,0.35,0.35 34.5555
0.75,0.35,0.4 1.86601
0.75,0.4,0.1 0.000117385
0.75,0.4,0.15 0.803587
0.75,0.4,0.2 4.71658
0.75,0.4,0.25 41.4035
0.75,0.4,0.3 122.329
0.75,0.4,0.35 38.3405
0.75,0.4,0.4 2.28455
0.75,0.45,0.1 0.000512004
0.75,0.45,0.15 3.38273
0.75,0.45,0.2 12.628
0.75,0.45,0.25 16.7386
0.75,0.45,0.3 54.8966
0.75,0.45,0.35 19.4572
0.75,0.45,0.4 0.587024
0.75,0.45,0.45 0.00149447
0.75,0.5,0.05 0.315604
0.75,0.5,0.1 1.27379
0.75,0.5,0.15 1.26964
0.75,0.5,0.2 3.34492
0.75,0.5,0.25 4.49305
0.75,0.5,0.3 10.6433
0.75,0.5,0.35 10.5738
0.75,0.5,0.4 3.46517
0.75,0.5,0.45 0.0136679
0.75,0.55,0 5.10305e-15
0.75,0.55,0.05 8.24354
0.75,0.55,0.1 33.2524
0.75,0.55,0.15 8.40108
0.75,0.55,0.2 1.47935
0.75,0.55,0.25 45.3528
0.75,0.55,0.3 54.5751
0.75,0.55,0.35 7.4081
0.75,0.55,0.4 1.83914
0.75,0.55,0.45 0.00732769
0.75,0.6,0 1.25757e-13
0.75,0.6,0.05 18.6306
0.75,0.6,0.1 74.8094
0.75,0.6,0.15 18.7751
0.75,0.6,0.2 1.24147
0.75,0.6,0.25 39.9445
0.75,0.6,0.3 47.5612
0.75,0.6,0.35 2.8175
0.75,0.6,0.4 0.0175098
0.75,0.6,0.45 6.97756e-05
0.75,0.65,0 1.30601e-13
0.75,0.65,0.05 11.2733
0.75,0.65,0.1 45.1037
0.75,0.65,0.15 11.2786
0.75,0.65,0.2 0.042437
0.75,0.65,0.25 1.36679
0.75,0.65,0.3 1.62723
0.75,0.65,0.35 0.0950221
0.75,0.7,0 6.07228e-15
0.75,0.7,0.05 0.506462
0.75,0.7,0.1 2.02571
0.75,0.7,0.15 0.506394
0.75,0.75,0 2.65197e-11
0.75,0.75,0.05 0.114227
0.75,0.75,0.1 0.456068
0.75,0.75,0.15 0.113807
0.75,0.8,0 6.47176e-09
0.75,0.8,0.05 30.6451
0.75,0.8,0.1 122.361
0.75,0.8,0.15 30.5357
0.75,0.85,0 2.26947e-08
0.75,0.85,0.05 108.816
0.75,0.85,0.1 434.491
0.75,0.85,0.15 108.43
0.75,0.9,0 5.3693e-09
0.75,0.9,0.05 25.8896
0.75,0.9,0.1 103.375
0.75,0.9,0.15 25.7978
0.8,0.05,0.15 0.233571
0.8,0.05,0.2 3.77852
0.8,0.05,0.25 3.06095
0.8,0.05,0.3 0.0880583
0.8,0.1,0.15 2.66219
0.8,0.1,0.2 43.0668
0.8,0.1,0.25 34.8881
0.8,0.1,0.3 1.00367
0.8,0.15,0.15 1.69267
0.8,0.15,0.2 27.3827
0.8,0.15,0.25 22.1825
0.8,0.15,0.3 0.638152
0.8,0.2,0.15 0.0271146
0.8,0.2,0.2 0.438639
0.8,0.2,0.25 0.355338
0.8,0.2,0.3 0.0102225
0.8,0.3,0.2 5.77343e-06
0.8,0.3,0.25 0.00708919
0.8,0.3,0.3 0.0208878
0.8,0.3,0.35 0.003828
0.8,0.35,0.2 7.72995e-05
0.8,0.35,0.25 0.094916
0.8,0.35,0.3 0.279663
0.8,0.35,0.35 0.0512525
0.8,0.4,0.05 0.00050259
0.8,0.4,0.1 0.00218774
0.8,0.4,0.15 0.000595127
0.8,0.4,0.2 5.51871e-05
0.8,0.4,0.25 0.0677491
0.8,0.4,0.3 0.199618
0.8,0.4,0.35 0.036583
0.8,0.4,0.55 0.00571553
0.8,0.4,0.6 0.353145
0.8,0.4,0.65 0.55333
0.8,0.4,0.7 0.0483012
0.8,0.45,0.05 0.154202
0.8,0.45,0.1 0.671234
0.8,0.45,0.15 0.182594
0.8,0.45,0.2 4.94702e-06
0.8,0.45,0.25 0.00146144
0.8,0.45,0.3 0.00430602
0.8,0.45,0.35 0.000789144
0.8,0.45,0.55 0.0436459
0.8,0.45,0.6 2.69675
0.8,0.45,0.65 4.22544
0.8,0.45,0.7 0.368846
0.8,0.5,0.05 3.07676
0.8,0.5,0.1 12.5343
0.8,0.5,0.15 3.19346
0.8,0.5,0.2 9.1104e-06
0.8,0.5,0.55 0.0201257
0.8,0.5,0.6 1.24351
0.8,0.5,0.65 1.9484
0.8,0.5,0.7 0.17008
0.8,0.55,0 3.43557e-14
0.8,0.55,0.05 69.9438
0.8,0.55,0.1 282.18
0.8,0.55,0.15 71.1521
0.8,0.55,0.2 3.07548e-06
0.8,0.55,0.55 0.000107653
0.8,0.55,0.6 0.00665154
0.8,0.55,0.65 0.0104221
0.8,0.55,0.7 0.000909759
0.8,0.6,0 8.46647e-13
0.8,0.6,0.05 140.417
0.8,0.6,0.1 564.135
0.8,0.6,0.15 141.656
0.8,0.6,0.2 2.38833e-06
0.8,0.65,0 8.79258e-13
0.8,0.65,0.05 77.0773
0.8,0.65,0.1 308.793
0.8,0.65,0.15 77.3381
0.8,0.65,0.2 0.000131516
0.8,0.7,0 4.08809e-14
0.8,0.7,0.05 4.50186
0.8,0.7,0.1 18.8848
0.8,0.7,0.15 4.98295
0.8,0.7,0.2 0.000298312
0.8,0.75,0 2.78078e-10
0.8,0.75,0.05 1.36179
0.8,0.75,0.1 5.66571
0.8,0.75,0.15 1.51562
0.8,0.75,0.2 0.00189527
0.8,0.8,0 1.35934e-08
0.8,0.8,0.05 59.332
0.8,0.8,0.1 239.547
0.8,0.8,0.15 61.4263
0.8,0.8,0.2 0.494784
0.8,0.8,0.25 0.465676
0.8,0.8,0.3 0.0216455
0.8,0.85,0 2.11666e-08
0.8,0.85,0.05 93.3102
0.8,0.85,0.1 375.335
0.8,0.85,0.15 95.4572
0.8,0.85,0.2 2.23291
0.8,0.85,0.25 2.26825
0.8,0.85,0.3 0.105433
0.8,0.9,0 2.16686e-09
0.8,0.9,0.05 9.79701
0.8,0.9,0.1 39.2477
0.8,0.9,0.15 9.90144
0.8,0.9,0.2 0.666409
0.8,0.9,0.25 0.689601
0.8,0.9,0.3 0.032054
0.8,0.95,0.15 6.26772e-06
0.8,0.95,0.2 0.000154414
0.8,0.95,0.25 0.000160336
0.8,0.95,0.3 7.45275e-06
0.85,0.05,0.15 1.49794
0.85,0.05,0.2 24.2324
0.85,0.05,0.25 19.6304
0.85,0.05,0.3 0.564734
0.85,0.1,0.15 17.0731
0.85,0.1,0.2 276.195
0.85,0.1,0.25 223.743
0.85,0.1,0.3 6.43671
0.85,0.15,0.15 10.8554
0.85,0.15,0.2 175.61
0.85,0.15,0.25 142.26
0.85,0.15,0.3 4.09259
0.85,0.2,0.15 0.173891
0.85,0.2,0.2 2.81307
0.85,0.2,0.25 2.27885
0.85,0.2,0.3 0.0655585
0.85,0.4,0.05 0.0591253
0.85,0.4,0.1 0.257369
0.85,0.4,0.15 0.0700115
0.85,0.4,0.2 1.44047e-06
0.85,0.4,0.55 0.270771
0.85,0.4,0.6 16.7302
0.85,0.4,0.65 26.2139
0.85,0.4,0.7 2.28825
0.85,0.45,0.05 18.1406
0.85,0.45,0.1 78.9648
0.85,0.45,0.15 21.4806
0.85,0.45,0.2 0.000441958
0.85,0.45,0.55 2.06771
0.85,0.45,0.6 127.758
0.85,0.45,0.65 200.179
0.85,0.45,0.7 17.474
0.85,0.5,0.05 45.0274
0.85,0.5,0.1 195.565
0.85,0.5,0.15 53.0891
0.85,0.5,0.2 0.00106352
0.85,0.5,0.55 0.953449
0.85,0.5,0.6 58.9107
0.85,0.5,0.65 92.305
0.85,0.5,0.7 8.05747
0.85,0.55,0 1.41756e-14
0.85,0.55,0.05 41.6967
0.85,0.55,0.1 170.27
0.85,0.55,0.15 43.4904
0.85,0.55,0.2 0.000157599
0.85,0.55,0.55 0.00510002
0.85,0.55,0.6 0.315115
0.85,0.55,0.65 0.493741
0.85,0.55,0.7 0.0430996
0.85,0.6,0 3.49337e-13
0.85,0.6,0.05 64.7243
0.85,0.6,0.1 260.229
0.85,0.6,0.15 65.3967
0.85,0.6,0.2 2.66546e-05
0.85,0.65,0 3.62793e-13
0.85,0.65,0.05 53.5344
0.85,0.65,0.1 231.572
0.85,0.65,0.15 63.0912
0.85,0.65,0.2 0.0059045
0.85,0.7,0 1.6868e-14
0.85,0.7,0.05 50.4719
0.85,0.7,0.1 241.341
0.85,0.7,0.15 72.1047
0.85,0.7,0.2 0.0134015
0.85,0.75,0 1.66029e-10
0.85,0.75,0.05 8.00605
0.85,0.75,0.1 41.6126
0.85,0.75,0.15 14.5752
0.85,0.75,0.2 0.0742912
0.85,0.8,0 7.60783e-09
0.85,0.8,0.05 45.7783
0.85,0.8,0.1 286.517
0.85,0.8,0.15 136.54
0.85,0.8,0.2 33.7777
0.85,0.8,0.25 33.1945
0.85,0.8,0.3 1.54294
0.85,0.85,0 1.06073e-08
0.85,0.85,0.05 59.2969
0.85,0.85,0.1 345.268
0.85,0.85,0.15 159.159
0.85,0.85,0.2 157.607
0.85,0.85,0.25 161.687
0.85,0.85,0.3 7.51551
0.85,0.9,0 7.86776e-10
0.85,0.9,0.05 4.02959
0.85,0.9,0.1 21.1981
0.85,0.9,0.15 10.3509
0.85,0.9,0.2 47.4298
0.85,0.9,0.25 49.1564
0.85,0.9,0.3 2.28489
0.85,0.95,0.15 0.000446778
0.85,0.95,0.2 0.011007
0.85,0.95,0.25 0.0114292
0.85,0.95,0.3 0.00053125
0.9,0.05,0.15 0.591409
0.9,0.05,0.2 9.56733
0.9,0.05,0.25 7.75042
0.9,0.05,0.3 0.222966
0.9,0.1,0.15 6.74075
0.9,0.1,0.2 109.046
0.9,0.1,0.25 88.3375
0.9,0.1,0.3 2.54132
0.9,0.15,0.15 4.2859
0.9,0.15,0.2 69.3337
0.9,0.15,0.25 56.1667
0.9,0.15,0.3 1.61582
0.9,0.2,0.15 0.068655
0.9,0.2,0.2 1.11065
0.9,0.2,0.25 0.899725
0.9,0.2,0.3 0.0258835
0.9,0.4,0.05 0.113933
0.9,0.4,0.1 0.495945
0.9,0.4,0.15 0.134911
0.9,0.4,0.2 2.77575e-06
0.9,0.4,0.55 0.382752
0.9,0.4,0.6 23.6491
0.9,0.4,0.65 37.0549
0.9,0.4,0.7 3.23458
0.9,0.45,0.05 34.9565
0.9,0.45,0.1 152.164
0.9,0.45,0.15 41.3927
0.9,0.45,0.2 0.000851643
0.9,0.45,0.55 2.92284
0.9,0.45,0.6 180.593
0.9,0.45,0.65 282.965
0.9,0.45,0.7 24.7005
0.9,0.5,0.05 84.1264
0.9,0.5,0.1 366.194
0.9,0.5,0.15 99.614
0.9,0.5,0.2 0.0020493
0.9,0.5,0.55 1.34776
0.9,0.5,0.6 83.2739
0.9,0.5,0.65 130.479
0.9,0.5,0.7 11.3897
0.9,0.55,0 4.44775e-17
0.9,0.55,0.05 12.668
0.9,0.55,0.1 55.0563
0.9,0.55,0.15 14.955
0.9,0.55,0.2 0.000301989
0.9,0.55,0.55 0.00720918
0.9,0.55,0.6 0.445433
0.9,0.55,0.65 0.697933
0.9,0.55,0.7 0.0609238
0.9,0.6,0 1.09609e-15
0.9,0.6,0.05 0.501975
0.9,0.6,0.1 2.12261
0.9,0.6,0.15 0.564412
0.9,0.6,0.2 3.55886e-05
0.9,0.65,0 1.1383e-15
0.9,0.65,0.05 30.0002
0.9,0.65,0.1 144.038
0.9,0.65,0.15 43.18
0.9,0.65,0.2 0.00816466
0.9,0.7,0 5.29252e-17
0.9,0.7,0.05 67.8513
0.9,0.7,0.1 325.962
0.9,0.7,0.15 97.7652
0.9,0.7,0.2 0.0185315
0.9,0.75,0 2.2238e-12
0.9,0.75,0.05 10.0493
0.9,0.75,0.1 53.1278
0.9,0.75,0.15 18.8467
0.9,0.75,0.2 0.0968727
0.9,0.8,0 1.019e-10
0.9,0.8,0.05 17.3763
0.9,0.8,0.1 204.443
0.9,0.8,0.15 136.149
0.9,0.8,0.2 55.0583
0.9,0.8,0.25 54.7241
0.9,0.8,0.3 2.54368
0.9,0.85,0 1.42075e-10
0.9,0.85,0.05 18.3292
0.9,0.85,0.1 214.466
0.9,0.85,0.15 150.752
0.9,0.85,0.2 259.173
0.9,0.85,0.25 266.555
0.9,0.85,0.3 12.39
0.9,0.9,0 1.05381e-11
0.9,0.9,0.05 0.879593
0.9,0.9,0.1 10.1642
0.9,0.9,0.15 9.79184
0.9,0.9,0.2 78.1613
0.9,0.9,0.25 81.0387
0.9,0.9,0.3 3.76684
0.9,0.95,0.15 0.000736554
0.9,0.95,0.2 0.018146
0.9,0.95,0.25 0.018842
0.9,0.95,0.3 0.000875813
0.95,0.05,0.15 0.00144811
0.95,0.05,0.2 0.0234263
0.95,0.05,0.25 0.0189775
0.95,0.05,0.3 0.00054595
0.95,0.1,0.15 0.0165052
0.95,0.1,0.2 0.267008
0.95,0.1,0.25 0.216301
0.95,0.1,0.3 0.00622261
0.95,0.15,0.15 0.0104943
0.95,0.15,0.2 0.169769
0.95,0.15,0.25 0.137528
0.95,0.15,0.3 0.00395646
0.95,0.2,0.15 0.000168107
0.95,0.2,0.2 0.0027195
0.95,0.2,0.25 0.00220304
0.95,0.2,0.3 6.33778e-05
0.95,0.4,0.05 0.0129659
0.95,0.4,0.1 0.0564398
0.95,0.4,0.15 0.0153532
0.95,0.4,0.2 3.15887e-07
0.95,0.4,0.55 0.028956
0.95,0.4,0.6 1.7891
0.95,0.4,0.65 2.80328
0.95,0.4,0.7 0.244703
0.95,0.45,0.05 3.97814
0.95,0.45,0.1 17.3166
0.95,0.45,0.15 4.71059
0.95,0.45,0.2 9.69192e-05
0.95,0.45,0.55 0.221119
0.95,0.45,0.6 13.6623
0.95,0.45,0.65 21.4069
0.95,0.45,0.7 1.86865
0.95,0.5,0.05 9.57256
0.95,0.5,0.1 41.6688
0.95,0.5,0.15 11.3351
0.95,0.5,0.2 0.000233216
0.95,0.5,0.55 0.101961
0.95,0.5,0.6 6.29985
0.95,0.5,0.65 9.871
0.95,0.5,0.7 0.861657
0.95,0.55,0.05 1.4106
0.95,0.55,0.1 6.14025
0.95,0.55,0.15 1.67032
0.95,0.55,0.2 3.43663e-05
0.95,0.55,0.55 0.00054539
0.95,0.55,0.6 0.033698
0.95,0.55,0.65 0.0528002
0.95,0.55,0.7 0.00460902
0.95,0.6,0.05 0.00954773
0.95,0.6,0.1 0.0458684
0.95,0.6,0.15 0.0137574
0.95,0.6,0.2 2.60784e-06
0.95,0.65,0.05 2.19087
0.95,0.65,0.1 10.5252
0.95,0.65,0.15 3.15683
0.95,0.65,0.2 0.000598408
0.95,0.7,0.05 4.97267
0.95,0.7,0.1 23.8893
0.95,0.7,0.15 7.16513
0.95,0.7,0.2 0.00135822
0.95,0.75,0.05 0.731609
0.95,0.75,0.1 3.84046
0.95,0.75,0.15 1.34727
0.95,0.75,0.2 0.00651194
0.95,0.8,0.05 1.13577
0.95,0.8,0.1 13.5918
0.95,0.8,0.15 9.1568
0.95,0.8,0.2 5.08101
0.95,0.8,0.25 5.11187
0.95,0.8,0.3 0.23761
0.95,0.85,0.05 1.18806
0.95,0.85,0.1 14.2176
0.95,0.85,0.15 10.3427
0.95,0.85,0.2 24.1449
0.95,0.85,0.25 24.8993
0.95,0.85,0.3 1.15737
0.95,0.9,0.05 0.0559392
0.95,0.9,0.1 0.669426
0.95,0.9,0.15 0.737068
0.95,0.9,0.2 7.29813
0.95,0.9,0.25 7.56997
0.95,0.9,0.3 0.351867
0.95,0.95,0.15 6.88028e-05
0.95,0.95,0.2 0.00169505
0.95,0.95,0.25 0.00176006
0.95,0.95,0.3 8.18112e-05
