0.25,0.1,0.35 112.356
0.25,0.1,0.4 0.115545
0.25,0.15,0 2.01665e-09
0.25,0.15,0.05 44.4589
0.25,0.15,0.1 199.151
0.25,0.15,0.15 274.977
0.25,0.15,0.2 656.148
0.25,0.15,0.25 578.741
0.25,0.15,0.3 347.506
0.25,0.15,0.35 149.763
0.25,0.15,0.4 14.9764
0.25,0.15,0.45 0.000602004
0.25,0.2,0 3.4247e-10
0.25,0.2,0.05 44.394
0.25,0.2,0.1 335.212
0.25,0.2,0.15 434.037
0.25,0.2,0.2 532.267
0.25,0.2,0.25 309.915
0.25,0.2,0.3 527.493
0.25,0.2,0.35 504.823
0.25,0.2,0.4 78.0857
0.25,0.2,0.45 0.00258706
0.25,0.25,0 7.46731e-12
0.25,0.25,0.05 64.2888
0.25,0.25,0.1 344.809
0.25,0.25,0.15 314.552
0.25,0.25,0.2 608.197
0.25,0.25,0.25 314.408
0.25,0.25,0.3 527.544
0.25,0.25,0.35 506.165
0.25,0.25,0.4 58.158
0.25,0.25,0.45 0.000782255
0.25,0.3,0 5.46316e-12
0.25,0.3,0.05 39.9526
0.25,0.3,0.1 190.802
0.25,0.3,0.15 262.157
0.25,0.3,0.2 632.925
0.25,0.3,0.25 292.133
0.25,0.3,0.3 165.265
0.25,0.3,0.35 249.726
0.25,0.3,0.4 54.6185
0.25,0.3,0.45 0.000276815
0.25,0.35,0 9.63471e-13
0.25,0.35,0.05 72.7901
0.25,0.35,0.1 390.58
0.25,0.35,0.15 360.917
0.25,0.35,0.2 145.797
0.25,0.35,0.25 33.5939
0.25,0.35,0.3 18.3264
0.25,0.35,0.35 38.2147
0.25,0.35,0.4 10.0597
0.25,0.35,0.45 5.46274e-05
0.25,0.4,0 9.17876e-11
0.25,0.4,0.05 100.927
0.25,0.4,0.1 471.87
0.25,0.4,0.15 396.727
0.25,0.4,0.2 164.281
0.25,0.4,0.25 55.9245
0.25,0.4,0.3 4.83268
0.25,0.4,0.35 0.220642
0.25,0.4,0.4 0.0211248
0.25,0.4,0.45 1.17888e-05
0.25,0.4,0.5 9.34814e-09
0.25,0.45,0 8.88755e-10
0.25,0.45,0.05 149.002
0.25,0.45,0.1 645.645
0.25,0.45,0.15 455.882
0.25,0.45,0.2 328.285
0.25,0.45,0.25 380.865
0.25,0.45,0.3 161.146
0.25,0.45,0.35 120.421
0.25,0.45,0.4 77.4745
0.25,0.45,0.45 8.31306
0.25,0.45,0.5 0.00031941
0.25,0.5,0 1.69862e-09
0.25,0.5,0.05 181.478
0.25,0.5,0.1 733.031
0.25,0.5,0.15 344.981
0.25,0.5,0.2 339.923
0.25,0.5,0.25 548.885
0.25,0.5,0.3 725.858
0.25,0.5,0.35 567.805
0.25,0.5,0.4 468.661
0.25,0.5,0.45 60.1363
0.25,0.5,0.5 0.00440811
0.25,0.55,0 2.49169e-09
0.25,0.55,0.05 81.719
0.25,0.55,0.1 368.638
0.25,0.55,0.15 348.222
0.25,0.55,0.2 382.076
0.25,0.55,0.25 425.194
0.25,0.55,0.3 677.933
0.25,0.55,0.35 652.56
0.25,0.55,0.4 491.287
0.25,0.55,0.45 56.23
0.25,0.55,0.5 0.00321801
0.25,0.6,0 1.73455e-08
0.25,0.6,0.05 11.3723
0.25,0.6,0.1 110.223
0.25,0.6,0.15 386.741
0.25,0.6,0.2 561.456
0.25,0.6,0.25 505.595
0.25,0.6,0.3 455.355
0.25,0.6,0.35 515.085
0.25,0.6,0.4 344.578
0.25,0.6,0.45 29.5366
0.25,0.6,0.5 7.33143e-05
0.25,0.65,0 1.10698e-08
0.25,0.65,0.05 77.8868
0.25,0.65,0.1 337.971
0.25,0.65,0.15 437.349
0.25,0.65,0.2 477.673
0.25,0.65,0.25 222.17
0.25,0.65,0.3 441.643
0.25,0.65,0.35 329.622
0.25,0.65,0.4 87.1109
0.25,0.65,0.45 5.89596
0.25,0.7,0 2.14309e-09
0.25,0.7,0.05 95.1215
0.25,0.7,0.1 442.844
0.25,0.7,0.15 464.999
0.25,0.7,0.2 411.687
0.25,0.7,0.25 260.947
0.25,0.7,0.3 271.281
0.25,0.7,0.35 67.638
0.25,0.7,0.4 3.4456
0.25,0.7,0.45 0.142103
0.25,0.75,0 1.56936e-10
0.25,0.75,0.05 8.95221
0.25,0.75,0.1 118.162
0.25,0.75,0.15 580.833
0.25,0.75,0.2 633.71
0.25,0.75,0.25 389.809
0.25,0.75,0.3 225.801
0.25,0.75,0.35 56.8871
0.25,0.75,0.4 0.0324712
0.25,0.8,0.1 35.5403
0.25,0.8,0.15 259.265
0.25,0.8,0.2 229.168
0.25,0.8,0.25 104.667
0.25,0.8,0.3 78.3102
0.25,0.8,0.35 23.2112
0.25,0.8,0.4 0.013744
0.25,0.85,0.1 0.283974
0.25,0.85,0.15 1.96715
0.25,0.85,0.2 1.26839
0.25,0.85,0.25 0.34463
0.25,0.85,0.3 0.334227
0.25,0.85,0.35 0.0940595
0.25,0.85,0.4 5.56844e-05
0.3,0,0.2 2.33328e-11
0.3,0,0.25 4.90572e-10
0.3,0,0.3 4.6626e-10
0.3,0,0.35 1.84664e-11
0.3,0.05,0 3.73392e-15
0.3,0.05,0.05 0.0528058
0.3,0.05,0.1 1.3429
0.3,0.05,0.15 44.4909
0.3,0.05,0.2 82.1601
0.3,0.05,0.25 84.5435
0.3,0.05,0.3 74.3557
0.3,0.05,0.35 3.60255
0.3,0.05,0.4 0.00073319
0.3,0.1,0 2.52885e-12
0.3,0.1,0.05 2.96404
0.3,0.1,0.1 50.3381
0.3,0.1,0.15 239.938
0.3,0.1,0.2 397.268
0.3,0.1,0.25 378.404
0.3,0.1,0.3 363.939
0.3,0.1,0.35 39.8799
0.3,0.1,0.4 0.0769538
0.3,0.15,0 6.92181e-12
0.3,0.15,0.05 9.34902
0.3,0.15,0.1 104.441
0.3,0.15,0.15 325.521
0.3,0.15,0.2 509.602
0.3,0.15,0.25 300.943
0.3,0.15,0.3 525.344
0.3,0.15,0.35 257.722
0.3,0.15,0.4 26.0987
0.3,0.15,0.45 0.00131414
0.3,0.2,0 1.17964e-12
0.3,0.2,0.05 67.3936
0.3,0.2,0.1 337.333
0.3,0.2,0.15 474.209
0.3,0.2,0.2 670.224
0.3,0.2,0.25 315.492
0.3,0.2,0.3 640.178
0.3,0.2,0.35 552.671
0.3,0.2,0.4 113.776
0.3,0.2,0.45 0.0056474
0.3,0.25,0 9.37926e-13
0.3,0.25,0.05 83.1403
0.3,0.25,0.1 406.342
0.3,0.25,0.15 244.39
0.3,0.25,0.2 307.063
0.3,0.25,0.25 332.824
0.3,0.25,0.3 562.372
0.3,0.25,0.35 503.762
0.3,0.25,0.4 79.8894
0.3,0.25,0.45 0.00168902
0.3,0.3,0 3.49632e-12
0.3,0.3,0.05 30.1858
0.3,0.3,0.1 157.133
0.3,0.3,0.15 365.82
0.3,0.3,0.2 488.159
0.3,0.3,0.25 464.09
0.3,0.3,0.3 446.803
0.3,0.3,0.35 479.292
0.3,0.3,0.4 106.874
0.3,0.3,0.45 0.000545411
0.3,0.35,0 1.07448e-12
0.3,0.35,0.05 36.1285
0.3,0.35,0.1 288.99
0.3,0.35,0.15 732.139
0.3,0.35,0.2 547.231
0.3,0.35,0.25 98.3791
0.3,0.35,0.3 64.339
0.3,0.35,0.35 77.9992
0.3,0.35,0.4 19.8291
0.3,0.35,0.45 0.000107633
0.3,0.4,0 2.97733e-11
0.3,0.4,0.05 106.028
0.3,0.4,0.1 536.872
0.3,0.4,0.15 759.194
0.3,0.4,0.2 480.55
0.3,0.4,0.25 63.323
0.3,0.4,0.3 3.37856
0.3,0.4,0.35 0.535715
0.3,0.4,0.4 1.45836
0.3,0.4,0.45 0.294773
0.3,0.45,0 5.28773e-10
0.3,0.45,0.05 76.5919
0.3,0.45,0.1 365.579
0.3,0.45,0.15 552.756
0.3,0.45,0.2 528.782
0.3,0.45,0.25 284.751
0.3,0.45,0.3 127.378
0.3,0.45,0.35 83.6883
0.3,0.45,0.4 21.363
0.3,0.45,0.45 2.25363
0.3,0.5,0 1.02343e-09
0.3,0.5,0.05 115.918
0.3,0.5,0.1 489.561
0.3,0.5,0.15 214.837
0.3,0.5,0.2 210.539
0.3,0.5,0.25 323.923
0.3,0.5,0.3 659.057
0.3,0.5,0.35 427.355
0.3,0.5,0.4 79.2283
0.3,0.5,0.45 6.33556
0.3,0.55,0 6.18688e-08
0.3,0.55,0.05 75.8947
0.3,0.55,0.1 328.598
0.3,0.55,0.15 228.874
0.3,0.55,0.2 297.391
0.3,0.55,0.25 333.093
0.3,0.55,0.3 693.984
0.3,0.55,0.35 282.045
0.3,0.55,0.4 95.1074
0.3,0.55,0.45 7.73743
0.3,0.6,0 5.1562e-07
0.3,0.6,0.05 68.5636
0.3,0.6,0.1 283.232
0.3,0.6,0.15 279.539
0.3,0.6,0.2 604.364
0.3,0.6,0.25 434.764
0.3,0.6,0.3 603.595
0.3,0.6,0.35 493.095
0.3,0.6,0.4 376.295
0.3,0.6,0.45 25.9422
0.3,0.65,0 2.57486e-07
0.3,0.65,0.05 78.9181
0.3,0.65,0.1 319.983
0.3,0.65,0.15 243.031
0.3,0.65,0.2 431.963
0.3,0.65,0.25 433.794
0.3,0.65,0.3 614.552
0.3,0.65,0.35 439.277
0.3,0.65,0.4 258.288
0.3,0.65,0.45 16.9314
0.3,0.7,0 2.71045e-09
0.3,0.7,0.05 67.9695
0.3,0.7,0.1 277.55
0.3,0.7,0.15 222.07
0.3,0.7,0.2 453.707
0.3,0.7,0.25 246.787
0.3,0.7,0.3 210.039
0.3,0.7,0.35 71.9514
0.3,0.7,0.4 7.49831
0.3,0.7,0.45 0.43428
0.3,0.75,0 8.54123e-11
0.3,0.75,0.05 5.81106
0.3,0.75,0.1 67.6599
0.3,0.75,0.15 268.233
0.3,0.75,0.2 442.616
0.3,0.75,0.25 328.184
0.3,0.75,0.3 148.028
0.3,0.75,0.35 38.7263
0.3,0.75,0.4 0.0589502
0.3,0.8,0.1 22.6827
0.3,0.8,0.15 121.278
0.3,0.8,0.2 96.3784
0.3,0.8,0.25 51.9288
0.3,0.8,0.3 11.3894
0.3,0.8,0.35 1.48025
0.3,0.8,0.4 0.00193181
0.3,0.85,0.1 0.18315
0.3,0.85,0.15 0.945218
0.3,0.85,0.2 0.324932
0.3,0.85,0.25 0.00272279
0.3,0.85,0.3 0.00119799
0.3,0.85,0.35 0.000393355
0.3,0.85,0.4 2.32871e-07
0.35,0,0.2 7.66514e-12
0.35,0,0.25 1.6116e-10
0.35,0,0.3 1.53173e-10
0.35,0,0.35 6.06646e-12
0.35,0.05,0.05 0.205059
0.35,0.05,0.1 3.43065
0.35,0.05,0.15 7.87215
0.35,0.05,0.2 10.4904
0.35,0.05,0.25 26.3997
0.35,0.05,0.3 23.9546
0.35,0.05,0.35 0.940994
0.35,0.1,0.05 11.3325
0.35,0.1,0.1 187.232
0.35,0.1,0.15 176.458
0.35,0.1,0.2 58.5494
0.35,0.1,0.25 171.666
0.35,0.1,0.3 143.579
0.35,0.1,0.35 11.3356
0.35,0.1,0.4 0.0231066
0.35,0.15,0.05 22.7044
0.35,0.15,0.1 315.018
0.35,0.15,0.15 295.767
0.35,0.15,0.2 120.258
0.35,0.15,0.25 262.17
0.35,0.15,0.3 263.968
0.35,0.15,0.35 68.8072
0.35,0.15,0.4 3.53474
0.35,0.15,0.45 0.000173401
0.35,0.2,0 1.71095e-15
0.35,0.2,0.05 85.1988
0.35,0.2,0.1 426.713
0.35,0.2,0.15 397.916
0.35,0.2,0.2 512.076
0.35,0.2,0.25 393.932
0.35,0.2,0.3 489.456
0.35,0.2,0.35 165.291
0.35,0.2,0.4 18.2215
0.35,0.2,0.45 0.000745173
0.35,0.25,0 4.59511e-12
0.35,0.25,0.05 140.737
0.35,0.25,0.1 703.716
0.35,0.25,0.15 556.936
0.35,0.25,0.2 339.879
0.35,0.25,0.25 301.057
0.35,0.25,0.3 647.47
0.35,0.25,0.35 356.931
0.35,0.25,0.4 29.0738
0.35,0.25,0.45 0.000220274
0.35,0.3,0 1.83031e-11
0.35,0.3,0.05 125.039
0.35,0.3,0.1 545.375
0.35,0.3,0.15 476.399
0.35,0.3,0.2 353.763
0.35,0.3,0.25 547.979
0.35,0.3,0.3 841.953
0.35,0.3,0.35 235.383
0.35,0.3,0.4 19.5764
0.35,0.3,0.45 6.37659e-05
0.35,0.35,0 4.74429e-12
0.35,0.35,0.05 87.8825
0.35,0.35,0.1 385.754
0.35,0.35,0.15 516.642
0.35,0.35,0.2 447.33
0.35,0.35,0.25 220.946
0.35,0.35,0.3 192.74
0.35,0.35,0.35 32.6755
0.35,0.35,0.4 2.32903
0.35,0.35,0.45 1.26359e-05
0.35,0.4,0 6.7824e-11
0.35,0.4,0.05 164.778
0.35,0.4,0.1 777.979
0.35,0.4,0.15 789.182
0.35,0.4,0.2 450.596
0.35,0.4,0.25 45.3467
0.35,0.4,0.3 11.7315
0.35,0.4,0.35 23.3215
0.35,0.4,0.4 63.5481
0.35,0.4,0.45 13.0111
0.35,0.45,0 1.91241e-09
0.35,0.45,0.05 96.2236
0.35,0.45,0.1 486.05
0.35,0.45,0.15 673.692
0.35,0.45,0.2 698.622
0.35,0.45,0.25 237.728
0.35,0.45,0.3 131.754
0.35,0.45,0.35 275.387
0.35,0.45,0.4 307.455
0.35,0.45,0.45 51.8642
0.35,0.5,0 2.14436e-09
0.35,0.5,0.05 128.078
0.35,0.5,0.1 602.163
0.35,0.5,0.15 410.552
0.35,0.5,0.2 593.957
0.35,0.5,0.25 678.863
0.35,0.5,0.3 590.08
0.35,0.5,0.35 469.721
0.35,0.5,0.4 156.388
0.35,0.5,0.45 13.0044
0.35,0.55,0 7.22396e-08
0.35,0.55,0.05 72.8717
0.35,0.55,0.1 378.683
0.35,0.55,0.15 449.328
0.35,0.55,0.2 617.889
0.35,0.55,0.25 447.237
0.35,0.55,0.3 447.868
0.35,0.55,0.35 177.057
0.35,0.55,0.4 59.1299
0.35,0.55,0.45 2.49014
0.35,0.6,0 5.99459e-07
0.35,0.6,0.05 92.7883
0.35,0.6,0.1 418.415
0.35,0.6,0.15 611.237
0.35,0.6,0.2 942.528
0.35,0.6,0.25 536.777
0.35,0.6,0.3 579.709
0.35,0.6,0.35 642.345
0.35,0.6,0.4 438.741
0.35,0.6,0.45 18.7328
0.35,0.65,0 2.98019e-07
0.35,0.65,0.05 114.475
0.35,0.65,0.1 486.565
0.35,0.65,0.15 387.16
0.35,0.65,0.2 448.779
0.35,0.65,0.25 586.18
0.35,0.65,0.3 548.903
0.35,0.65,0.35 537.58
0.35,0.65,0.4 281.213
0.35,0.65,0.45 9.21831
0.35,0.7,0 2.2604e-09
0.35,0.7,0.05 76.3808
0.35,0.7,0.1 306.066
0.35,0.7,0.15 94.8102
0.35,0.7,0.2 114.061
0.35,0.7,0.25 446.085
0.35,0.7,0.3 580.836
0.35,0.7,0.35 212.305
0.35,0.7,0.4 14.4433
0.35,0.7,0.45 0.113692
0.35,0.75,0 6.48878e-09
0.35,0.75,0.05 4.14685
0.35,0.75,0.1 17.4352
0.35,0.75,0.15 16.7466
0.35,0.75,0.2 133.317
0.35,0.75,0.25 447.653
0.35,0.75,0.3 533.702
0.35,0.75,0.35 123.985
0.35,0.75,0.4 1.60563
0.35,0.8,0 2.09747e-08
0.35,0.8,0.05 2.16134
0.35,0.8,0.1 9.03414
0.35,0.8,0.15 5.55634
0.35,0.8,0.2 21.8804
0.35,0.8,0.25 69.7421
0.35,0.8,0.3 52.9063
0.35,0.8,0.35 4.32797
0.35,0.8,0.4 0.00502934
0.35,0.85,0 4.23295e-09
0.35,0.85,0.05 0.436185
0.35,0.85,0.1 1.73718
0.35,0.85,0.15 0.448597
0.35,0.85,0.2 0.00561355
0.35,0.85,0.25 1.8845e-06
0.4,0,0.2 4.56167e-15
0.4,0,0.25 9.59092e-14
0.4,0,0.3 9.1156e-14
0.4,0,0.35 3.61026e-15
0.4,0.05,0.05 0.0498399
0.4,0.05,0.1 0.820368
0.4,0.05,0.15 0.672
0.4,0.05,0.2 0.187918
0.4,0.05,0.25 1.35212
0.4,0.05,0.3 0.790316
0.4,0.05,0.35 0.111426
0.4,0.05,0.4 0.00252356
0.4,0.1,0.05 5.66772
0.4,0.1,0.1 76.1467
0.4,0.1,0.15 63.3517
0.4,0.1,0.2 25.8476
0.4,0.1,0.25 177.736
0.4,0.1,0.3 87.6482
0.4,0.1,0.35 2.97136
0.4,0.1,0.4 0.0578213
0.4,0.15,0.05 21.8146
0.4,0.15,0.1 327.772
0.4,0.15,0.15 385.471
0.4,0.15,0.2 153.73
0.4,0.15,0.25 536.048
0.4,0.15,0.3 224.594
0.4,0.15,0.35 4.27455
0.4,0.15,0.4 0.057761
0.4,0.2,0 1.986e-14
0.4,0.2,0.05 30.1454
0.4,0.2,0.1 305.007
0.4,0.2,0.15 483.201
0.4,0.2,0.2 409.144
0.4,0.2,0.25 509.072
0.4,0.2,0.3 197.956
0.4,0.2,0.35 10.6953
0.4,0.2,0.4 0.241203
0.4,0.25,0 2.07227e-12
0.4,0.25,0.05 88.505
0.4,0.25,0.1 441.69
0.4,0.25,0.15 504.907
0.4,0.25,0.2 299.339
0.4,0.25,0.25 164.211
0.4,0.25,0.3 162.244
0.4,0.25,0.35 33.6359
0.4,0.25,0.4 1.4061
0.4,0.3,0 8.10759e-12
0.4,0.3,0.05 110.092
0.4,0.3,0.1 462.956
0.4,0.3,0.15 293.881
0.4,0.3,0.2 286.43
0.4,0.3,0.25 472.116
0.4,0.3,0.3 402.626
0.4,0.3,0.35 56.9698
0.4,0.3,0.4 0.514002
0.4,0.35,0 2.31782e-11
0.4,0.35,0.05 56.4182
0.4,0.35,0.1 231.097
0.4,0.35,0.15 155.898
0.4,0.35,0.2 231.546
0.4,0.35,0.25 501.642
0.4,0.35,0.3 558.306
0.4,0.35,0.35 114.719
0.4,0.35,0.4 1.66559
0.4,0.35,0.45 7.3496e-08
0.4,0.4,0 5.77623e-11
0.4,0.4,0.05 60.7667
0.4,0.4,0.1 289.49
0.4,0.4,0.15 429.375
0.4,0.4,0.2 381.419
0.4,0.4,0.25 203.765
0.4,0.4,0.3 348.512
0.4,0.4,0.35 149.4
0.4,0.4,0.4 93.3103
0.4,0.4,0.45 17.8621
0.4,0.45,0 1.16453e-09
0.4,0.45,0.05 53.596
0.4,0.45,0.1 281.953
0.4,0.45,0.15 498.923
0.4,0.45,0.2 515.574
0.4,0.45,0.25 282.754
0.4,0.45,0.3 256.054
0.4,0.45,0.35 414.849
0.4,0.45,0.4 449.31
0.4,0.45,0.45 79.8126
0.4,0.5,0 1.30294e-09
0.4,0.5,0.05 63.3344
0.4,0.5,0.1 329.226
0.4,0.5,0.15 472.968
0.4,0.5,0.2 638.052
0.4,0.5,0.25 587.45
0.4,0.5,0.3 408.751
0.4,0.5,0.35 677.813
0.4,0.5,0.4 357.193
0.4,0.5,0.45 45.4396
0.4,0.55,0 1.12696e-08
0.4,0.55,0.05 44.427
0.4,0.55,0.1 245.506
0.4,0.55,0.15 375.916
0.4,0.55,0.2 432.094
0.4,0.55,0.25 342.564
0.4,0.55,0.3 123.306
0.4,0.55,0.35 203.401
0.4,0.55,0.4 91.9731
0.4,0.55,0.45 6.40934
0.4,0.6,0 6.01517e-08
0.4,0.6,0.05 147.342
0.4,0.6,0.1 611.973
0.4,0.6,0.15 378.651
0.4,0.6,0.2 598.805
0.4,0.6,0.25 412.044
0.4,0.6,0.3 280.469
0.4,0.6,0.35 237.913
0.4,0.6,0.4 145.852
0.4,0.6,0.45 5.41151
0.4,0.65,0 2.32439e-08
0.4,0.65,0.05 72.067
0.4,0.65,0.1 300.882
0.4,0.65,0.15 230.482
0.4,0.65,0.2 460.31
0.4,0.65,0.25 417.676
0.4,0.65,0.3 360.161
0.4,0.65,0.35 269.192
0.4,0.65,0.4 97.0859
0.4,0.65,0.45 2.26589
0.4,0.7,0 2.16872e-10
0.4,0.7,0.05 17.1986
0.4,0.7,0.1 69.0019
0.4,0.7,0.15 23.3408
0.4,0.7,0.2 48.5252
0.4,0.7,0.25 215.243
0.4,0.7,0.3 411.727
0.4,0.7,0.35 366.301
0.4,0.7,0.4 26.9142
0.4,0.7,0.45 0.0126928
0.4,0.75,0 2.05596e-07
0.4,0.75,0.05 21.9332
0.4,0.75,0.1 87.1903
0.4,0.75,0.15 21.6684
0.4,0.75,0.2 8.53
0.4,0.75,0.25 139.793
0.4,0.75,0.3 220.153
0.4,0.75,0.35 117.937
0.4,0.75,0.4 6.98601
0.4,0.8,0 6.64996e-07
0.4,0.8,0.05 68.5247
0.4,0.8,0.1 272.347
0.4,0.8,0.15 67.6523
0.4,0.8,0.2 1.38494
0.4,0.8,0.25 22.3673
0.4,0.8,0.3 19.2304
0.4,0.8,0.35 1.01195
0.4,0.8,0.4 0.00180925
0.4,0.85,0 1.34204e-07
0.4,0.85,0.05 13.8291
0.4,0.85,0.1 54.9628
0.4,0.85,0.15 13.6529
0.45,0.05,0.2 0.028361
0.45,0.05,0.25 0.680415
0.45,0.05,0.3 6.54987
0.45,0.05,0.35 4.7756
0.45,0.05,0.4 0.112615
0.45,0.1,0.05 9.11394
0.45,0.1,0.1 79.9279
0.45,0.1,0.15 63.3183
0.45,0.1,0.2 30.6381
