0.45,0.25,0.45 17.2736
0.45,0.3,0 5.16491e-10
0.45,0.3,0.05 60.5765
0.45,0.3,0.1 420.386
0.45,0.3,0.15 568.043
0.45,0.3,0.2 783.912
0.45,0.3,0.25 538.72
0.45,0.3,0.3 188.91
0.45,0.3,0.35 531.368
0.45,0.3,0.4 390.632
0.45,0.3,0.45 37.3649
0.45,0.3,0.5 0.0579081
0.45,0.35,0 8.2964e-11
0.45,0.35,0.05 91.9006
0.45,0.35,0.1 500.577
0.45,0.35,0.15 790.203
0.45,0.35,0.2 803.65
0.45,0.35,0.25 292.886
0.45,0.35,0.3 444.173
0.45,0.35,0.35 492.578
0.45,0.35,0.4 564.112
0.45,0.35,0.45 174.964
0.45,0.35,0.5 0.39673
0.45,0.4,0 3.13025e-11
0.45,0.4,0.05 72.0154
0.45,0.4,0.1 322.502
0.45,0.4,0.15 296.025
0.45,0.4,0.2 349.202
0.45,0.4,0.25 274.534
0.45,0.4,0.3 787.852
0.45,0.4,0.35 596.702
0.45,0.4,0.4 614.1
0.45,0.4,0.45 189.513
0.45,0.4,0.5 0.294907
0.45,0.45,0 3.87111e-12
0.45,0.45,0.05 57.3208
0.45,0.45,0.1 280.014
0.45,0.45,0.15 298.711
0.45,0.45,0.2 527.026
0.45,0.45,0.25 694.755
0.45,0.45,0.3 496.689
0.45,0.45,0.35 390.024
0.45,0.45,0.4 470.069
0.45,0.45,0.45 166.608
0.45,0.45,0.5 1.23538
0.45,0.5,0 1.38416e-13
0.45,0.5,0.05 66.9337
0.45,0.5,0.1 351.577
0.45,0.5,0.15 475.191
0.45,0.5,0.2 486.376
0.45,0.5,0.25 550.126
0.45,0.5,0.3 553.065
0.45,0.5,0.35 539.69
0.45,0.5,0.4 865.717
0.45,0.5,0.45 228.075
0.45,0.5,0.5 0.766052
0.45,0.55,0 3.43921e-09
0.45,0.55,0.05 18.2703
0.45,0.55,0.1 127.645
0.45,0.55,0.15 526.97
0.45,0.55,0.2 640.65
0.45,0.55,0.25 570.303
0.45,0.55,0.3 438.857
0.45,0.55,0.35 330.04
0.45,0.55,0.4 378.183
0.45,0.55,0.45 82.8557
0.45,0.55,0.5 0.0290407
0.45,0.6,0 1.23695e-08
0.45,0.6,0.05 61.2531
0.45,0.6,0.1 413.655
0.45,0.6,0.15 399.832
0.45,0.6,0.2 490.953
0.45,0.6,0.25 623.964
0.45,0.6,0.3 289.434
0.45,0.6,0.35 124.404
0.45,0.6,0.4 39.8773
0.45,0.6,0.45 5.34882
0.45,0.6,0.5 0.00191225
0.45,0.65,0 2.77989e-09
0.45,0.65,0.05 23.6563
0.45,0.65,0.1 241.517
0.45,0.65,0.15 260.475
0.45,0.65,0.2 471.005
0.45,0.65,0.25 434.782
0.45,0.65,0.3 457.191
0.45,0.65,0.35 86.9151
0.45,0.65,0.4 54.3722
0.45,0.65,0.45 14.7081
0.45,0.65,0.5 0.00592491
0.45,0.7,0 7.13216e-11
0.45,0.7,0.05 0.489039
0.45,0.7,0.1 7.34334
0.45,0.7,0.15 30.9189
0.45,0.7,0.2 120.973
0.45,0.7,0.25 331.11
0.45,0.7,0.3 563.317
0.45,0.7,0.35 185.308
0.45,0.7,0.4 17.7978
0.45,0.7,0.45 3.20234
0.45,0.7,0.5 0.00119648
0.45,0.75,0 2.42916e-07
0.45,0.75,0.05 25.0314
0.45,0.75,0.1 99.4857
0.45,0.75,0.15 24.7191
0.45,0.75,0.2 2.81751
0.45,0.75,0.25 80.3643
0.45,0.75,0.3 216.361
0.45,0.75,0.35 97.9012
0.45,0.75,0.4 2.26884
0.45,0.75,0.45 0.0241278
0.45,0.8,0 7.85732e-07
0.45,0.8,0.05 80.9672
0.45,0.8,0.1 321.799
0.45,0.8,0.15 79.9354
0.45,0.8,0.2 3.76204e-05
0.45,0.8,0.25 0.178222
0.45,0.8,0.3 2.02978
0.45,0.8,0.35 1.29509
0.45,0.8,0.4 0.021566
0.45,0.8,0.45 2.7725e-06
0.45,0.85,0 1.58594e-07
0.45,0.85,0.05 16.3439
0.45,0.85,0.1 64.9577
0.45,0.85,0.15 16.1356
0.45,0.9,0 1.66874e-12
0.45,0.9,0.05 0.000257712
0.45,0.9,0.1 0.00102509
0.45,0.9,0.15 0.00025484
0.5,0.05,0.1 4.29223e-07
0.5,0.05,0.15 3.88605e-06
0.5,0.05,0.2 2.06641e-06
0.5,0.05,0.25 1.91327e-08
0.5,0.1,0.1 0.556864
0.5,0.1,0.15 5.17865
0.5,0.1,0.2 7.9534
0.5,0.1,0.25 7.91036
0.5,0.1,0.3 5.60696
0.5,0.1,0.35 3.27575
0.5,0.1,0.4 2.40815
0.5,0.1,0.45 0.139097
0.5,0.15,0.1 7.94872
0.5,0.15,0.15 72.9883
0.5,0.15,0.2 153.282
0.5,0.15,0.25 186.935
0.5,0.15,0.3 159.518
0.5,0.15,0.35 64.9468
0.5,0.15,0.4 20.9792
0.5,0.15,0.45 1.17849
0.5,0.2,0 8.76617e-14
0.5,0.2,0.05 0.0139435
0.5,0.2,0.1 44.5841
0.5,0.2,0.15 415.922
0.5,0.2,0.2 556.17
0.5,0.2,0.25 690.114
0.5,0.2,0.3 539.551
0.5,0.2,0.35 289.773
0.5,0.2,0.4 158.17
0.5,0.2,0.45 10.8634
0.5,0.25,0 1.72049e-12
0.5,0.25,0.05 3.81132
0.5,0.25,0.1 78.6381
0.5,0.25,0.15 398.3
0.5,0.25,0.2 522.791
0.5,0.25,0.25 697.354
0.5,0.25,0.3 535.419
0.5,0.25,0.35 555.605
0.5,0.25,0.4 391.637
0.5,0.25,0.45 25.6949
0.5,0.3,0 1.57066e-12
0.5,0.3,0.05 28.3458
0.5,0.3,0.1 345.925
0.5,0.3,0.15 629.086
0.5,0.3,0.2 610.37
0.5,0.3,0.25 394.396
0.5,0.3,0.3 640.418
0.5,0.3,0.35 873.843
0.5,0.3,0.4 254.171
0.5,0.3,0.45 14.8377
0.5,0.3,0.5 0.0209461
0.5,0.35,0 5.76177e-14
0.5,0.35,0.05 32.3412
0.5,0.35,0.1 378.215
0.5,0.35,0.15 635.508
0.5,0.35,0.2 412.716
0.5,0.35,0.25 366.8
0.5,0.35,0.3 292.142
0.5,0.35,0.35 622.603
0.5,0.35,0.4 391.693
0.5,0.35,0.45 64.7598
0.5,0.35,0.5 0.143534
0.5,0.4,0.05 18.1313
0.5,0.4,0.1 228.897
0.5,0.4,0.15 399.903
0.5,0.4,0.2 256.006
0.5,0.4,0.25 439.819
0.5,0.4,0.3 214.366
0.5,0.4,0.35 255.617
0.5,0.4,0.4 286.048
0.5,0.4,0.45 67.0945
0.5,0.4,0.5 0.0661408
0.5,0.45,0.05 25.1809
0.5,0.45,0.1 207.982
0.5,0.45,0.15 362.92
0.5,0.45,0.2 298.903
0.5,0.45,0.25 566.993
0.5,0.45,0.3 412.861
0.5,0.45,0.35 130.94
0.5,0.45,0.4 60.747
0.5,0.45,0.45 17.7515
0.5,0.45,0.5 0.0264636
0.5,0.5,0 8.88681e-16
0.5,0.5,0.05 33.8466
0.5,0.5,0.1 326.747
0.5,0.5,0.15 479.646
0.5,0.5,0.2 516.219
0.5,0.5,0.25 676.876
0.5,0.5,0.3 564.771
0.5,0.5,0.35 185.232
0.5,0.5,0.4 76.7568
0.5,0.5,0.45 16.2491
0.5,0.5,0.5 0.0172184
0.5,0.55,0 2.20809e-11
0.5,0.55,0.05 6.5326
0.5,0.55,0.1 207.195
0.5,0.55,0.15 591.897
0.5,0.55,0.2 892.465
0.5,0.55,0.25 718.282
0.5,0.55,0.3 435.908
0.5,0.55,0.35 375.37
0.5,0.55,0.4 78.8871
0.5,0.55,0.45 8.08118
0.5,0.55,0.5 0.0013988
0.5,0.6,0 7.94165e-11
0.5,0.6,0.05 1.79669
0.5,0.6,0.1 55.1848
0.5,0.6,0.15 327.88
0.5,0.6,0.2 395.383
0.5,0.6,0.25 379.758
0.5,0.6,0.3 361.574
0.5,0.6,0.35 223.465
0.5,0.6,0.4 20.9813
0.5,0.6,0.45 0.163156
0.5,0.6,0.5 5.00066e-06
0.5,0.65,0 1.78479e-11
0.5,0.65,0.05 1.22223
0.5,0.65,0.1 21.7979
0.5,0.65,0.15 108.77
0.5,0.65,0.2 283.214
0.5,0.65,0.25 269.557
0.5,0.65,0.3 595.013
0.5,0.65,0.35 234.963
0.5,0.65,0.4 26.4288
0.5,0.65,0.45 0.387903
0.5,0.7,0 4.11456e-12
0.5,0.7,0.05 0.042791
0.5,0.7,0.1 0.75968
0.5,0.7,0.15 19.3559
0.5,0.7,0.2 85.3603
0.5,0.7,0.25 241.115
0.5,0.7,0.3 575.452
0.5,0.7,0.35 399.718
0.5,0.7,0.4 88.8268
0.5,0.7,0.45 0.428583
0.5,0.75,0 1.82775e-08
0.5,0.75,0.05 2.10254
0.5,0.75,0.1 11.2054
0.5,0.75,0.15 13.0244
0.5,0.75,0.2 4.65965
0.5,0.75,0.25 56.6089
0.5,0.75,0.3 186.02
0.5,0.75,0.35 158.552
0.5,0.75,0.4 33.3389
0.5,0.75,0.45 0.128776
0.5,0.8,0 1.78866e-07
0.5,0.8,0.05 25.2938
0.5,0.8,0.1 103.637
0.5,0.8,0.15 36.5136
0.5,0.8,0.2 2.75268
0.5,0.8,0.25 0.160649
0.5,0.8,0.3 1.9413
0.5,0.8,0.35 1.71995
0.5,0.8,0.4 0.165103
0.5,0.8,0.45 0.000267056
0.5,0.85,0 1.65992e-07
0.5,0.85,0.05 25.1649
0.5,0.85,0.1 100.244
0.5,0.85,0.15 25.4491
0.5,0.85,0.2 0.133303
0.5,0.85,0.25 4.00871e-06
0.5,0.85,0.3 0.00548538
0.5,0.85,0.35 0.0163687
0.5,0.85,0.4 0.00303981
0.5,0.9,0 8.96276e-09
0.5,0.9,0.05 1.38416
0.5,0.9,0.1 5.50572
0.5,0.9,0.15 1.36874
0.55,0.1,0.1 0.123506
0.55,0.1,0.15 0.543988
0.55,0.1,0.2 0.187904
0.55,0.1,0.25 0.426873
0.55,0.1,0.3 1.48467
0.55,0.1,0.35 0.362322
0.55,0.15,0.1 25.5764
0.55,0.15,0.15 120.354
0.55,0.15,0.2 41.1153
0.55,0.15,0.25 58.1308
0.55,0.15,0.3 176.649
0.55,0.15,0.35 37.3078
0.55,0.15,0.4 0.153736
0.55,0.15,0.45 0.0109079
0.55,0.2,0.05 1.04154e-05
0.55,0.2,0.1 62.7038
0.55,0.2,0.15 343.572
0.55,0.2,0.2 188.683
0.55,0.2,0.25 271.006
0.55,0.2,0.3 500.24
0.55,0.2,0.35 120.828
0.55,0.2,0.4 33.5607
0.55,0.2,0.45 2.38153
0.55,0.25,0.05 0.213811
0.55,0.25,0.1 58.1541
0.55,0.25,0.15 306.371
0.55,0.25,0.2 342.878
0.55,0.25,0.25 498.867
0.55,0.25,0.3 364.843
0.55,0.25,0.35 222.178
0.55,0.25,0.4 85.0315
0.55,0.25,0.45 5.34782
0.55,0.3,0.05 1.60891
0.55,0.3,0.1 148.315
0.55,0.3,0.15 636.054
0.55,0.3,0.2 437.826
0.55,0.3,0.25 641.343
0.55,0.3,0.3 890.251
0.55,0.3,0.35 480.301
0.55,0.3,0.4 51.2703
0.55,0.3,0.45 0.778706
0.55,0.3,0.5 2.87467e-05
0.55,0.35,0.05 1.23522
0.55,0.35,0.1 93.5275
0.55,0.35,0.15 504.701
0.55,0.35,0.2 567.841
0.55,0.35,0.25 684.062
0.55,0.35,0.3 538.575
0.55,0.35,0.35 181.812
0.55,0.35,0.4 43.0948
0.55,0.35,0.45 0.418163
0.55,0.35,0.5 0.000197343
0.55,0.4,0.05 0.44139
0.55,0.4,0.1 71.661
0.55,0.4,0.15 308.234
0.55,0.4,0.2 337.954
0.55,0.4,0.25 263.666
0.55,0.4,0.3 116.999
0.55,0.4,0.35 61.1455
0.55,0.4,0.4 17.1677
0.55,0.4,0.45 0.316918
0.55,0.4,0.5 8.93074e-05
0.55,0.45,0.05 0.213129
0.55,0.45,0.1 93.2319
0.55,0.45,0.15 438.172
0.55,0.45,0.2 246.57
0.55,0.45,0.25 220.141
0.55,0.45,0.3 636.019
0.55,0.45,0.35 294.924
0.55,0.45,0.4 12.0007
0.55,0.45,0.45 0.142978
0.55,0.45,0.5 2.693e-06
0.55,0.5,0.05 2.33117
0.55,0.5,0.1 118.147
0.55,0.5,0.15 447.781
0.55,0.5,0.2 375.06
0.55,0.5,0.25 530.62
0.55,0.5,0.3 744.302
0.55,0.5,0.35 267.79
0.55,0.5,0.4 52.3043
0.55,0.5,0.45 6.00352
0.55,0.5,0.5 9.82067e-10
0.55,0.55,0.05 2.38667
0.55,0.55,0.1 108.873
0.55,0.55,0.15 302.533
0.55,0.55,0.2 332.88
0.55,0.55,0.25 539.007
0.55,0.55,0.3 569.948
0.55,0.55,0.35 286.349
0.55,0.55,0.4 90.6219
0.55,0.55,0.45 11.2439
0.55,0.6,0.05 0.119364
0.55,0.6,0.1 44.6785
0.55,0.6,0.15 356.67
0.55,0.6,0.2 254.443
0.55,0.6,0.25 420.596
0.55,0.6,0.3 1023.69
0.55,0.6,0.35 562.421
0.55,0.6,0.4 64.0503
0.55,0.6,0.45 2.57419
0.55,0.65,0.1 7.36139
0.55,0.65,0.15 98.2579
0.55,0.65,0.2 159.517
0.55,0.65,0.25 105.618
0.55,0.65,0.3 528.714
0.55,0.65,0.35 573.453
0.55,0.65,0.4 233.738
0.55,0.65,0.45 5.79922
0.55,0.7,0 1.5125e-13
0.55,0.7,0.05 0.0154659
0.55,0.7,0.1 5.76015
0.55,0.7,0.15 82.2585
0.55,0.7,0.2 147.427
0.55,0.7,0.25 47.575
0.55,0.7,0.3 263.315
0.55,0.7,0.35 615.398
0.55,0.7,0.4 221.184
0.55,0.7,0.45 2.20379
0.55,0.75,0 1.42617e-08
0.55,0.75,0.05 5.27496
0.55,0.75,0.1 89.5934
0.55,0.75,0.15 391.162
0.55,0.75,0.2 273.208
0.55,0.75,0.25 35.0179
0.55,0.75,0.3 123.472
0.55,0.75,0.35 345.597
0.55,0.75,0.4 87.907
0.55,0.75,0.45 0.234138
0.55,0.8,0 4.45806e-07
0.55,0.8,0.05 76.604
0.55,0.8,0.1 368.606
0.55,0.8,0.15 344.131
0.55,0.8,0.2 107.757
0.55,0.8,0.25 8.52328
0.55,0.8,0.3 39.7031
0.55,0.8,0.35 117.352
0.55,0.8,0.4 21.7379
0.55,0.8,0.45 0.000485418
0.55,0.85,0 5.23546e-07
0.55,0.85,0.05 86.0096
0.55,0.85,0.1 345.262
0.55,0.85,0.15 96.5504
0.55,0.85,0.2 2.69522
0.55,0.85,0.25 0.00113469
0.55,0.85,0.3 1.47333
0.55,0.85,0.35 4.3965
0.55,0.85,0.4 0.816468
0.55,0.9,0 2.99179e-08
0.55,0.9,0.05 5.75641
0.55,0.9,0.1 22.9211
0.55,0.9,0.15 5.70429
0.55,0.95,0 9.51499e-18
0.55,0.95,0.05 1.11451e-05
0.55,0.95,0.1 4.45676e-05
0.55,0.95,0.15 1.11387e-05
0.6,0.1,0.1 0.168258
0.6,0.1,0.15 0.7396
0.6,0.1,0.2 0.203156
0.6,0.1,0.25 1.18954
0.6,0.1,0.3 4.65596
0.6,0.1,0.35 1.139
0.6,0.15,0.1 33.4574
0.6,0.15,0.15 147.07
0.6,0.15,0.2 40.4024
0.6,0.15,0.25 64.4132
0.6,0.15,0.3 249.101
0.6,0.15,0.35 60.4621
0.6,0.15,0.4 0.007779
0.6,0.2,0.05 1.5958e-06
0.6,0.2,0.1 73.5983
0.6,0.2,0.15 326.146
0.6,0.2,0.2 139.552
0.6,0.2,0.25 167.858
0.6,0.2,0.3 429.502
0.6,0.2,0.35 119.606
0.6,0.2,0.4 1.3135
0.6,0.25,0.05 0.00176889
0.6,0.25,0.1 16.2275
0.6,0.25,0.15 82.7253
0.6,0.25,0.2 366.388
0.6,0.25,0.25 557.991
0.6,0.25,0.3 424.822
0.6,0.25,0.35 113.065
0.6,0.25,0.4 3.39261
0.6,0.3,0.05 0.00516438
0.6,0.3,0.1 19.4546
0.6,0.3,0.15 89.1152
0.6,0.3,0.2 226.744
0.6,0.3,0.25 563.783
0.6,0.3,0.3 517.609
0.6,0.3,0.35 84.7168
0.6,0.3,0.4 5.21969
0.6,0.3,0.45 0.108562
0.6,0.35,0.05 0.00113922
0.6,0.35,0.1 6.78421
0.6,0.35,0.15 138.789
0.6,0.35,0.2 397.304
0.6,0.35,0.25 543.13
0.6,0.35,0.3 287.676
0.6,0.35,0.35 144.418
0.6,0.35,0.4 104.872
0.6,0.35,0.45 4.3872
0.6,0.4,0.05 0.000205056
0.6,0.4,0.1 2.98079
0.6,0.4,0.15 214.221
0.6,0.4,0.2 541.031
0.6,0.4,0.25 331.733
0.6,0.4,0.3 174.813
0.6,0.4,0.35 236.282
0.6,0.4,0.4 154.095
0.6,0.4,0.45 5.83401
0.6,0.45,0.05 0.000790036
0.6,0.45,0.1 11.4699
0.6,0.45,0.15 322.641
0.6,0.45,0.2 548.142
0.6,0.45,0.25 232.218
0.6,0.45,0.3 440.417
0.6,0.45,0.35 631.514
0.6,0.45,0.4 165.14
0.6,0.45,0.45 2.98981
0.6,0.5,0.05 0.0182767
0.6,0.5,0.1 18.0394
0.6,0.5,0.15 351.499
0.6,0.5,0.2 483.602
0.6,0.5,0.25 260.04
0.6,0.5,0.3 331.678
0.6,0.5,0.35 574.194
0.6,0.5,0.4 456.49
0.6,0.5,0.45 45.6805
0.6,0.55,0.05 0.0198199
0.6,0.55,0.1 5.28448
0.6,0.55,0.15 62.5866
0.6,0.55,0.2 93.9257
0.6,0.55,0.25 168.005
0.6,0.55,0.3 367.271
0.6,0.55,0.35 432.515
0.6,0.55,0.4 484.047
0.6,0.55,0.45 61.5505
0.6,0.6,0.05 0.000994751
0.6,0.6,0.1 4.44194
0.6,0.6,0.15 45.0429
0.6,0.6,0.2 51.3088
0.6,0.6,0.25 121.056
0.6,0.6,0.3 545.708
0.6,0.6,0.35 373.322
0.6,0.6,0.4 88.1845
0.6,0.6,0.45 7.10643
0.6,0.65,0.1 0.81748
0.6,0.65,0.15 102.113
0.6,0.65,0.2 343.334
0.6,0.65,0.25 91.4688
0.6,0.65,0.3 149.422
0.6,0.65,0.35 315.993
0.6,0.65,0.4 178.373
0.6,0.65,0.45 4.78894
0.6,0.7,0 1.86717e-12
0.6,0.7,0.05 0.19074
0.6,0.7,0.1 11.9109
0.6,0.7,0.15 208.526
0.6,0.7,0.2 410.101
0.6,0.7,0.25 81.6629
0.6,0.7,0.3 214.137
0.6,0.7,0.35 403.032
0.6,0.7,0.4 90.0969
0.6,0.7,0.45 1.40101
0.6,0.75,0 3.33766e-09
0.6,0.75,0.05 38.4397
0.6,0.75,0.1 236.384
0.6,0.75,0.15 697.801
0.6,0.75,0.2 687.272
0.6,0.75,0.25 101.493
0.6,0.75,0.3 217.201
0.6,0.75,0.35 478.796
0.6,0.75,0.4 74.2156
0.6,0.75,0.45 0.0248454
0.6,0.8,0 9.37246e-08
0.6,0.8,0.05 116.503
0.6,0.8,0.1 528.545
0.6,0.8,0.15 431.318
0.6,0.8,0.2 205.473
0.6,0.8,0.25 25.9277
0.6,0.8,0.3 92.639
0.6,0.8,0.35 274.115
0.6,0.8,0.4 50.6723
0.6,0.8,0.45 5.13958e-05
0.6,0.85,0 1.0928e-07
0.6,0.85,0.05 107.379
0.6,0.85,0.1 431.842
0.6,0.85,0.15 117.765
0.6,0.85,0.2 2.50453
0.6,0.85,0.25 0.00270959
0.6,0.85,0.3 3.45455
0.6,0.85,0.35 10.3086
0.6,0.85,0.4 1.9144
0.6,0.9,0 6.2527e-09
0.6,0.9,0.05 22.1589
0.6,0.9,0.1 88.5901
0.6,0.9,0.15 22.1361
0.6,0.95,0 1.77506e-16
0.6,0.95,0.05 0.000207916
0.6,0.95,0.1 0.000831427
0.6,0.95,0.15 0.000207798
0.65,0.1,0.1 0.0120675
0.65,0.1,0.15 0.0530444
0.65,0.1,0.2 0.0145705
0.65,0.1,0.25 0.233427
0.65,0.1,0.3 0.913674
0.65,0.1,0.35 0.223517
0.65,0.15,0.1 2.39954
0.65,0.15,0.15 10.5475
0.65,0.15,0.2 2.89723
0.65,0.15,0.25 12.005
0.65,0.15,0.3 47.6173
0.65,0.15,0.35 12.2859
0.65,0.15,0.4 0.043061
0.65,0.2,0.1 5.27775
0.65,0.2,0.15 25.461
0.65,0.2,0.2 40.0514
0.65,0.2,0.25 51.4124
0.65,0.2,0.3 200.749
0.65,0.2,0.35 155.705
0.65,0.2,0.4 7.27038
0.65,0.25,0.1 0.70249
0.65,0.25,0.15 18.03
0.65,0.25,0.2 224.846
0.65,0.25,0.25 254.828
0.65,0.25,0.3 425.61
0.65,0.25,0.35 315.641
0.65,0.25,0.4 15.3916
0.65,0.3,0.1 9.67535e-06
0.65,0.3,0.15 6.10581
0.65,0.3,0.2 117.761
0.65,0.3,0.25 388.405
0.65,0.3,0.3 336.992
0.65,0.3,0.35 88.7262
0.65,0.3,0.4 7.84596
0.65,0.3,0.45 0.166678
0.65,0.35,0.1 0.0398113
0.65,0.35,0.15 9.84493
0.65,0.35,0.2 62.6719
0.65,0.35,0.25 325.769
0.65,0.35,0.3 382.859
0.65,0.35,0.35 428.374
0.65,0.35,0.4 177.847
0.65,0.35,0.45 6.73578
