0.4,0.4,0.3 0.000472855
0.4,0.4,0.35 0.0288957
0.4,0.4,0.4 0.0450926
0.4,0.4,0.45 0.0039147
0.4,0.45,0.3 0.085683
0.4,0.45,0.35 5.23601
0.4,0.45,0.4 8.17094
0.4,0.45,0.45 0.709359
0.4,0.5,0.3 0.18447
0.4,0.5,0.35 11.2728
0.4,0.5,0.4 17.5915
0.4,0.5,0.45 1.52721
0.4,0.55,0.3 0.0239536
0.4,0.55,0.35 1.46379
0.4,0.55,0.4 2.28428
0.4,0.55,0.45 0.198309
0.45,0.2,0.35 6.12931e-05
0.45,0.2,0.4 0.00933443
0.45,0.2,0.45 0.0192647
0.45,0.2,0.5 0.00238062
0.45,0.2,0.55 8.15389e-13
0.45,0.2,0.6 1.28146e-11
0.45,0.2,0.65 1.01885e-11
0.45,0.2,0.7 2.81488e-13
0.45,0.25,0.35 0.0268297
0.45,0.25,0.4 4.08594
0.45,0.25,0.45 8.4327
0.45,0.25,0.5 1.04206
0.45,0.25,0.55 2.32011e-06
0.45,0.25,0.6 3.64627e-05
0.45,0.25,0.65 2.89903e-05
0.45,0.25,0.7 8.00945e-07
0.45,0.3,0.35 0.0687459
0.45,0.3,0.4 10.4694
0.45,0.3,0.45 21.6072
0.45,0.3,0.5 2.67008
0.45,0.3,0.55 9.08466e-06
0.45,0.3,0.6 0.000142774
0.45,0.3,0.65 0.000113515
0.45,0.3,0.7 3.1362e-06
0.45,0.35,0.35 0.83201
0.45,0.35,0.4 6.06549
0.45,0.35,0.45 6.32607
0.45,0.35,0.5 4.2954
0.45,0.35,0.55 1.43693
0.45,0.35,0.6 0.107819
0.45,0.35,0.65 2.77801e-05
0.45,0.35,0.7 7.67509e-07
0.45,0.4,0.25 1.18441e-07
0.45,0.4,0.3 0.0129361
0.45,0.4,0.35 6.05852
0.45,0.4,0.4 29.483
0.45,0.4,0.45 19.5047
0.45,0.4,0.5 27.9127
0.45,0.4,0.55 13.1064
0.45,0.4,0.6 1.21907
0.45,0.45,0.25 0.000686432
0.45,0.45,0.3 1.76897
0.45,0.45,0.35 86.6145
0.45,0.45,0.4 141.986
0.45,0.45,0.45 30.6216
0.45,0.45,0.5 31.5276
0.45,0.45,0.55 29.5895
0.45,0.45,0.6 6.0659
0.45,0.45,0.65 0.00482464
0.45,0.45,0.7 0.000341319
0.45,0.5,0.25 0.00230219
0.45,0.5,0.3 4.22554
0.45,0.5,0.35 178.679
0.45,0.5,0.4 274.282
0.45,0.5,0.45 38.6703
0.45,0.5,0.5 32.7835
0.45,0.5,0.55 38.266
0.45,0.5,0.6 7.88038
0.45,0.5,0.65 1.14081
0.45,0.5,0.7 0.0807064
0.45,0.55,0.2 1.25259e-05
0.45,0.55,0.25 0.00507429
0.45,0.55,0.3 0.666182
0.45,0.55,0.35 23.7274
0.45,0.55,0.4 41.3507
0.45,0.55,0.45 9.73936
0.45,0.55,0.5 24.4395
0.45,0.55,0.55 31.8461
0.45,0.55,0.6 4.53751
0.45,0.55,0.65 2.60582
0.45,0.55,0.7 0.184349
0.45,0.6,0.2 0.00101123
0.45,0.6,0.25 0.370731
0.45,0.6,0.3 0.92164
0.45,0.6,0.35 0.986986
0.45,0.6,0.4 13.5564
0.45,0.6,0.45 22.1232
0.45,0.6,0.5 15.9984
0.45,0.6,0.55 5.2272
0.45,0.6,0.6 0.615071
0.45,0.6,0.65 0.362162
0.45,0.6,0.7 0.0256212
0.45,0.65,0.2 0.00173836
0.45,0.65,0.25 0.637309
0.45,0.65,0.3 1.58435
0.45,0.65,0.35 0.412109
0.45,0.65,0.4 3.8141
0.45,0.65,0.45 22.3517
0.45,0.65,0.5 20.479
0.45,0.65,0.55 0.938305
0.45,0.7,0.2 0.000171472
0.45,0.7,0.25 0.0628642
0.45,0.7,0.3 0.156281
0.45,0.7,0.35 0.037773
0.45,0.7,0.4 0.378362
0.45,0.7,0.45 2.22128
0.45,0.7,0.5 2.00737
0.45,0.7,0.55 0.0918134
0.5,0.15,0.4 0.00615338
0.5,0.15,0.45 0.118182
0.5,0.15,0.5 0.106506
0.5,0.15,0.55 0.00381019
0.5,0.2,0.25 0.000348058
0.5,0.2,0.3 0.0105512
0.5,0.2,0.35 0.0130688
0.5,0.2,0.4 0.319046
0.5,0.2,0.45 3.74458
0.5,0.2,0.5 3.13914
0.5,0.2,0.55 0.11055
0.5,0.2,0.6 7.73824e-06
0.5,0.2,0.65 6.15243e-06
0.5,0.2,0.7 1.69979e-07
0.5,0.25,0.25 0.616155
0.5,0.25,0.3 18.8604
0.5,0.25,0.35 29.6509
0.5,0.25,0.4 70.4198
0.5,0.25,0.45 127.576
0.5,0.25,0.5 19.4076
0.5,0.25,0.55 1.52824
0.5,0.25,0.6 22.0317
0.5,0.25,0.65 17.5243
0.5,0.25,0.7 0.484983
0.5,0.3,0.15 0.00024359
0.5,0.3,0.2 0.199868
0.5,0.3,0.25 3.87753
0.5,0.3,0.3 64.936
0.5,0.3,0.35 113.941
0.5,0.3,0.4 214.182
0.5,0.3,0.45 316.888
0.5,0.3,0.5 39.9549
0.5,0.3,0.55 5.70934
0.5,0.3,0.6 95.648
0.5,0.3,0.65 81.4968
0.5,0.3,0.7 2.83307
0.5,0.35,0.15 0.00341089
0.5,0.35,0.2 2.79868
0.5,0.35,0.25 26.1672
0.5,0.35,0.3 95.757
0.5,0.35,0.35 63.0419
0.5,0.35,0.4 99.9818
0.5,0.35,0.45 90.312
0.5,0.35,0.5 67.9623
0.5,0.35,0.55 33.8728
0.5,0.35,0.6 50.0119
0.5,0.35,0.65 53.63
0.5,0.35,0.7 3.89088
0.5,0.35,0.75 0.0179245
0.5,0.4,0.15 0.00251099
0.5,0.4,0.2 2.0603
0.5,0.4,0.25 18.0201
0.5,0.4,0.3 57.9266
0.5,0.4,0.35 97.5537
0.5,0.4,0.4 380.097
0.5,0.4,0.45 273.398
0.5,0.4,0.5 453.852
0.5,0.4,0.55 293.062
0.5,0.4,0.6 37.2691
0.5,0.4,0.65 37.7237
0.5,0.4,0.7 21.8462
0.5,0.4,0.75 0.454878
0.5,0.45,0.15 0.000230304
0.5,0.45,0.2 0.0492177
0.5,0.45,0.25 0.422675
0.5,0.45,0.3 28.9657
0.5,0.45,0.35 282.978
0.5,0.45,0.4 468.135
0.5,0.45,0.45 322.882
0.5,0.45,0.5 466.824
0.5,0.45,0.55 410.896
0.5,0.45,0.6 124.074
0.5,0.45,0.65 83.2765
0.5,0.45,0.7 25.2266
0.5,0.45,0.75 0.479893
0.5,0.5,0.15 0.522464
0.5,0.5,0.2 4.20072
0.5,0.5,0.25 6.49174
0.5,0.5,0.3 103.896
0.5,0.5,0.35 422.319
0.5,0.5,0.4 351.915
0.5,0.5,0.45 256.21
0.5,0.5,0.5 432.34
0.5,0.5,0.55 425.165
0.5,0.5,0.6 201.21
0.5,0.5,0.65 141.205
0.5,0.5,0.7 9.85168
0.5,0.5,0.75 0.0231386
0.5,0.55,0.15 1.67513
0.5,0.55,0.2 13.4698
0.5,0.55,0.25 18.0348
0.5,0.55,0.3 63.4692
0.5,0.55,0.35 83.9263
0.5,0.55,0.4 157.558
0.5,0.55,0.45 182.388
0.5,0.55,0.5 418.802
0.5,0.55,0.55 377.231
0.5,0.55,0.6 226.562
0.5,0.55,0.65 191.367
0.5,0.55,0.7 13.2936
0.5,0.55,0.75 0.00096094
0.5,0.6,0.15 0.335036
0.5,0.6,0.2 2.80402
0.5,0.6,0.25 43.4507
0.5,0.6,0.3 107.475
0.5,0.6,0.35 35.2192
0.5,0.6,0.4 300.691
0.5,0.6,0.45 400.8
0.5,0.6,0.5 249.27
0.5,0.6,0.55 73.4445
0.5,0.6,0.6 42.5287
0.5,0.6,0.65 28.2253
0.5,0.6,0.7 1.9271
0.5,0.6,0.75 0.000279202
0.5,0.65,0.2 0.189556
0.5,0.65,0.25 69.494
0.5,0.65,0.3 172.763
0.5,0.65,0.35 35.3047
0.5,0.65,0.4 189.123
0.5,0.65,0.45 395.239
0.5,0.65,0.5 241.424
0.5,0.65,0.55 17.7516
0.5,0.65,0.6 8.64125
0.5,0.65,0.65 0.577427
0.5,0.65,0.7 2.20313e-05
0.5,0.65,0.75 3.05777e-08
0.5,0.7,0.2 0.0186978
0.5,0.7,0.25 6.85489
0.5,0.7,0.3 17.0413
0.5,0.7,0.35 4.09065
0.5,0.7,0.4 34.4452
0.5,0.7,0.45 61.3467
0.5,0.7,0.5 28.0939
0.5,0.7,0.55 27.5822
0.5,0.7,0.6 34.0845
0.5,0.7,0.65 2.27554
0.5,0.75,0.4 0.619095
0.5,0.75,0.45 3.35924
0.5,0.75,0.5 1.31588
0.5,0.75,0.55 6.48921
0.5,0.75,0.6 8.41167
0.5,0.75,0.65 0.561619
0.5,0.8,0.4 0.00171332
0.5,0.8,0.45 0.00929195
0.5,0.8,0.5 0.00313524
0.5,0.8,0.55 2.42004e-06
0.55,0.1,0.55 5.39949e-05
0.55,0.1,0.6 0.000564229
0.55,0.1,0.65 0.000335988
0.55,0.1,0.7 4.46519e-06
0.55,0.15,0.3 0.00259381
0.55,0.15,0.35 0.0509477
0.55,0.15,0.4 0.284135
0.55,0.15,0.45 4.56513
0.55,0.15,0.5 4.11255
0.55,0.15,0.55 0.260485
0.55,0.15,0.6 1.18459
0.55,0.15,0.65 0.705399
0.55,0.15,0.7 0.00937456
0.55,0.2,0.15 2.60825e-07
0.55,0.2,0.2 1.23756e-05
0.55,0.2,0.25 0.00168115
0.55,0.2,0.3 0.276369
0.55,0.2,0.35 4.49734
0.55,0.2,0.4 11.3657
0.55,0.2,0.45 134.657
0.55,0.2,0.5 120.045
0.55,0.2,0.55 4.63867
0.55,0.2,0.6 4.2905
0.55,0.2,0.65 5.92608
0.55,0.2,0.7 5.38935
0.55,0.2,0.75 0.535611
0.55,0.25,0.15 0.000293519
0.55,0.25,0.2 0.0139268
0.55,0.25,0.25 2.9658
0.55,0.25,0.3 91.4686
0.55,0.25,0.35 164.366
0.55,0.25,0.4 154.37
0.55,0.25,0.45 374.685
0.55,0.25,0.5 195.257
0.55,0.25,0.55 10.6603
0.55,0.25,0.6 94.6502
0.55,0.25,0.65 110.516
0.55,0.25,0.7 58.7067
0.55,0.25,0.75 5.66059
0.55,0.3,0.15 0.00788645
0.55,0.3,0.2 5.80914
0.55,0.3,0.25 31.7726
0.55,0.3,0.3 321.925
0.55,0.3,0.35 630.076
0.55,0.3,0.4 540.759
0.55,0.3,0.45 474.736
0.55,0.3,0.5 115.644
0.55,0.3,0.55 24.0992
0.55,0.3,0.6 437.431
0.55,0.3,0.65 430.108
0.55,0.3,0.7 58.4755
0.55,0.3,0.75 3.87593
0.55,0.35,0.15 0.0985943
0.55,0.35,0.2 80.7839
0.55,0.35,0.25 314.175
0.55,0.35,0.3 483.355
0.55,0.35,0.35 293.285
0.55,0.35,0.4 200.294
0.55,0.35,0.45 159.069
0.55,0.35,0.5 123.224
0.55,0.35,0.55 46.2195
0.55,0.35,0.6 343.404
0.55,0.35,0.65 446.566
0.55,0.35,0.7 62.0843
0.55,0.35,0.75 1.98371
0.55,0.4,0.1 0.0160866
0.55,0.4,0.15 1.0488
0.55,0.4,0.2 60.9863
0.55,0.4,0.25 228.412
0.55,0.4,0.3 298.264
0.55,0.4,0.35 151.854
0.55,0.4,0.4 459.255
0.55,0.4,0.45 554.343
0.55,0.4,0.5 588.476
0.55,0.4,0.55 307.137
0.55,0.4,0.6 96.0761
0.55,0.4,0.65 298.28
0.55,0.4,0.7 173.721
0.55,0.4,0.75 3.89359
0.55,0.45,0.1 0.399482
0.55,0.45,0.15 24.2508
0.55,0.45,0.2 39.1552
0.55,0.45,0.25 11.1314
0.55,0.45,0.3 61.0677
0.55,0.45,0.35 331.161
0.55,0.45,0.4 738.091
0.55,0.45,0.45 727.126
0.55,0.45,0.5 575.466
0.55,0.45,0.55 375.911
0.55,0.45,0.6 321.057
0.55,0.45,0.65 473.102
0.55,0.45,0.7 194.197
0.55,0.45,0.75 4.12137
0.55,0.5,0.1 0.416587
0.55,0.5,0.15 36.3023
0.55,0.5,0.2 130.793
0.55,0.5,0.25 103.792
0.55,0.5,0.3 306.857
0.55,0.5,0.35 484.776
0.55,0.5,0.4 309.632
0.55,0.5,0.45 489.529
0.55,0.5,0.5 501.452
0.55,0.5,0.55 416.715
0.55,0.5,0.6 604.313
0.55,0.5,0.65 533.447
0.55,0.5,0.7 107.964
0.55,0.5,0.75 2.66205
0.55,0.55,0.1 0.0195094
0.55,0.55,0.15 36.5588
0.55,0.55,0.2 293.864
0.55,0.55,0.25 276.493
0.55,0.55,0.3 422.64
0.55,0.55,0.35 181.353
0.55,0.55,0.4 288.002
0.55,0.55,0.45 501.565
0.55,0.55,0.5 556.778
0.55,0.55,0.55 433.135
0.55,0.55,0.6 690.281
0.55,0.55,0.65 585.798
0.55,0.55,0.7 113.639
0.55,0.55,0.75 0.92044
0.55,0.6,0.15 8.00897
0.55,0.6,0.2 65.1403
0.55,0.6,0.25 129.353
0.55,0.6,0.3 255.071
0.55,0.6,0.35 73.3559
0.55,0.6,0.4 561.692
0.55,0.6,0.45 675.565
0.55,0.6,0.5 285.797
0.55,0.6,0.55 110.498
0.55,0.6,0.6 164.421
0.55,0.6,0.65 116.628
0.55,0.6,0.7 23.7041
0.55,0.6,0.75 0.0295927
0.55,0.65,0.15 0.877959
0.55,0.65,0.2 6.73741
0.55,0.65,0.25 137.719
0.55,0.65,0.3 350.603
0.55,0.65,0.35 78.8969
0.55,0.65,0.4 427.878
0.55,0.65,0.45 597.964
0.55,0.65,0.5 303.807
0.55,0.65,0.55 135.905
0.55,0.65,0.6 79.9127
0.55,0.65,0.65 9.17633
0.55,0.65,0.7 2.07636
0.55,0.65,0.75 0.0264038
0.55,0.7,0.15 0.0334368
0.55,0.7,0.2 0.278229
0.55,0.7,0.25 14.5088
0.55,0.7,0.3 41.7146
0.55,0.7,0.35 11.9751
0.55,0.7,0.4 118.081
0.55,0.7,0.45 353.713
0.55,0.7,0.5 217.125
0.55,0.7,0.55 296.333
0.55,0.7,0.6 310.16
0.55,0.7,0.65 37.9668
0.55,0.7,0.7 10.0595
0.55,0.7,0.75 0.128308
0.55,0.75,0.2 9.41322e-05
0.55,0.75,0.25 0.00708581
0.55,0.75,0.3 0.715278
0.55,0.75,0.35 1.66523
0.55,0.75,0.4 20.2135
0.55,0.75,0.45 110.497
0.55,0.75,0.5 42.9597
0.55,0.75,0.55 60.363
0.55,0.75,0.6 76.368
0.55,0.75,0.65 10.2663
0.55,0.75,0.7 3.0505
0.55,0.75,0.75 0.0389234
0.55,0.8,0.2 0.000337482
0.55,0.8,0.25 0.00789821
0.55,0.8,0.3 0.630288
0.55,0.8,0.35 1.4942
0.55,0.8,0.4 1.12225
0.55,0.8,0.45 7.76126
0.55,0.8,0.5 3.97461
0.55,0.8,0.55 0.0330211
0.55,0.8,0.6 0.000113901
0.55,0.8,0.65 0.0011694
0.55,0.8,0.7 0.000686949
0.55,0.8,0.75 8.76565e-06
0.55,0.85,0.2 7.56026e-05
0.55,0.85,0.25 0.00137077
0.55,0.85,0.3 0.023481
0.55,0.85,0.35 0.0535272
0.55,0.85,0.4 0.0818553
0.55,0.85,0.45 0.65054
0.55,0.85,0.5 0.337583
0.55,0.85,0.55 0.00286922
0.6,0.1,0.3 5.18663e-08
0.6,0.1,0.35 0.0672333
0.6,0.1,0.4 0.261569
0.6,0.1,0.45 0.0636012
0.6,0.1,0.55 0.00302246
0.6,0.1,0.6 0.0315837
0.6,0.1,0.65 0.0188075
0.6,0.1,0.7 0.000249947
0.6,0.15,0.25 0.389473
0.6,0.15,0.3 1.73452
0.6,0.15,0.35 13.4689
0.6,0.15,0.4 47.1538
0.6,0.15,0.45 17.0815
0.6,0.15,0.5 6.27683
0.6,0.15,0.55 7.82538
0.6,0.15,0.6 66.401
0.6,0.15,0.65 39.4859
0.6,0.15,0.7 0.524757
0.6,0.2,0.15 0.000498902
0.6,0.2,0.2 0.0236717
0.6,0.2,0.25 14.3704
0.6,0.2,0.3 67.1447
0.6,0.2,0.35 153.136
0.6,0.2,0.4 208.79
0.6,0.2,0.45 202.151
0.6,0.2,0.5 178.567
0.6,0.2,0.55 57.0043
0.6,0.2,0.6 221.595
0.6,0.2,0.65 154.72
0.6,0.2,0.7 32.8783
0.6,0.2,0.75 3.0639
0.6,0.25,0.15 0.561437
0.6,0.25,0.2 26.6618
0.6,0.25,0.25 56.8471
0.6,0.25,0.3 125.354
0.6,0.25,0.35 353.767
0.6,0.25,0.4 358.877
0.6,0.25,0.45 441.411
0.6,0.25,0.5 312.084
0.6,0.25,0.55 52.606
0.6,0.25,0.6 243.348
0.6,0.25,0.65 430.867
0.6,0.25,0.7 334.303
0.6,0.25,0.75 32.382
0.6,0.25,0.8 7.78978e-10
0.6,0.3,0.15 1.68593
0.6,0.3,0.2 93.2021
0.6,0.3,0.25 159.457
0.6,0.3,0.3 245.062
0.6,0.3,0.35 745.736
0.6,0.3,0.4 624.205
0.6,0.3,0.45 522.806
0.6,0.3,0.5 258.769
0.6,0.3,0.55 24.5413
0.6,0.3,0.6 391.085
0.6,0.3,0.65 611.107
0.6,0.3,0.7 296.188
0.6,0.3,0.75 24.4969
0.6,0.3,0.8 7.7958e-08
0.6,0.35,0.05 0.000333253
0.6,0.35,0.1 0.116748
0.6,0.35,0.15 0.889718
0.6,0.35,0.2 147.546
0.6,0.35,0.25 492.37
0.6,0.35,0.3 593.344
0.6,0.35,0.35 468.417
0.6,0.35,0.4 245.369
0.6,0.35,0.45 439.581
0.6,0.35,0.5 215.372
0.6,0.35,0.55 21.4546
0.6,0.35,0.6 423.246
0.6,0.35,0.65 750.665
0.6,0.35,0.7 332.637
0.6,0.35,0.75 19.1848
0.6,0.35,0.8 1.43347e-07
0.6,0.4,0.05 0.0091336
0.6,0.4,0.1 3.30392
0.6,0.4,0.15 14.3531
0.6,0.4,0.2 90.9025
0.6,0.4,0.25 330.333
0.6,0.4,0.3 415.949
0.6,0.4,0.35 111.433
0.6,0.4,0.4 282.466
0.6,0.4,0.45 798.693
0.6,0.4,0.5 424.116
0.6,0.4,0.55 36.8411
0.6,0.4,0.6 69.8865
0.6,0.4,0.65 230.095
0.6,0.4,0.7 148.923
0.6,0.4,0.75 6.02746
0.6,0.4,0.8 1.5398e-08
0.6,0.45,0.05 0.0100328
0.6,0.45,0.1 6.1016
0.6,0.45,0.15 166.172
0.6,0.45,0.2 250.165
0.6,0.45,0.25 85.841
0.6,0.45,0.3 259.069
0.6,0.45,0.35 172.334
0.6,0.45,0.4 665.504
0.6,0.45,0.45 586.552
0.6,0.45,0.5 188.156
0.6,0.45,0.55 242.012
0.6,0.45,0.6 332.393
0.6,0.45,0.65 307.848
0.6,0.45,0.7 180.259
0.6,0.45,0.75 10.3584
0.6,0.5,0.05 0.000513587
