0.25,0.1,0.2 321.987
0.25,0.1,0.25 209.261
0.25,0.1,0.3 344.229
0.25,0.1,0.35 208.698
0.25,0.1,0.4 5.85972
0.25,0.15,0 2.01665e-09
0.25,0.15,0.05 41.2751
0.25,0.15,0.1 187.105
0.25,0.15,0.15 249.167
0.25,0.15,0.2 533.349
0.25,0.15,0.25 608.47
0.25,0.15,0.3 393.336
0.25,0.15,0.35 213.26
0.25,0.15,0.4 17.7566
0.25,0.15,0.45 0.0378314
0.25,0.2,0 3.42028e-10
0.25,0.2,0.05 13.0082
0.25,0.2,0.1 185.281
0.25,0.2,0.15 560.801
0.25,0.2,0.2 603.539
0.25,0.2,0.25 390.81
0.25,0.2,0.3 488.802
0.25,0.2,0.35 527.453
0.25,0.2,0.4 120.247
0.25,0.2,0.45 0.299671
0.25,0.25,0 1.36608e-12
0.25,0.25,0.05 47.1956
0.25,0.25,0.1 252.21
0.25,0.25,0.15 308.9
0.25,0.25,0.2 519.42
0.25,0.25,0.25 245.111
0.25,0.25,0.3 518.387
0.25,0.25,0.35 647.958
0.25,0.25,0.4 124.651
0.25,0.25,0.45 0.502382
0.25,0.3,0 9.82103e-13
0.25,0.3,0.05 37.2834
0.25,0.3,0.1 178.441
0.25,0.3,0.15 232.521
0.25,0.3,0.2 623.284
0.25,0.3,0.25 325.607
0.25,0.3,0.3 174.55
0.25,0.3,0.35 287.429
0.25,0.3,0.4 116.612
0.25,0.3,0.45 1.40423
0.25,0.35,0 4.35577e-12
0.25,0.35,0.05 71.1726
0.25,0.35,0.1 369.939
0.25,0.35,0.15 410.126
0.25,0.35,0.2 177.483
0.25,0.35,0.25 54.5055
0.25,0.35,0.3 25.1519
0.25,0.35,0.35 42.4497
0.25,0.35,0.4 25.1963
0.25,0.35,0.45 0.342113
0.25,0.4,0 1.1027e-10
0.25,0.4,0.05 99.2311
0.25,0.4,0.1 454.994
0.25,0.4,0.15 422.061
0.25,0.4,0.2 187.344
0.25,0.4,0.25 85.5475
0.25,0.4,0.3 13.6034
0.25,0.4,0.35 0.586104
0.25,0.4,0.4 0.232932
0.25,0.4,0.45 0.0304294
0.25,0.4,0.5 0.000100832
0.25,0.45,0 3.19217e-10
0.25,0.45,0.05 147.374
0.25,0.45,0.1 637.471
0.25,0.45,0.15 443.852
0.25,0.45,0.2 280.465
0.25,0.45,0.25 427.449
0.25,0.45,0.3 260.234
0.25,0.45,0.35 148.422
0.25,0.45,0.4 156.489
0.25,0.45,0.45 28.8097
0.25,0.45,0.5 0.0389345
0.25,0.5,0 6.86584e-11
0.25,0.5,0.05 161.631
0.25,0.5,0.1 733.984
0.25,0.5,0.15 380.83
0.25,0.5,0.2 298.981
0.25,0.5,0.25 384.383
0.25,0.5,0.3 789.369
0.25,0.5,0.35 567.24
0.25,0.5,0.4 559.463
0.25,0.5,0.45 122.923
0.25,0.5,0.5 0.327404
0.25,0.55,0 2.03016e-09
0.25,0.55,0.05 63.0957
0.25,0.55,0.1 342.104
0.25,0.55,0.15 369.696
0.25,0.55,0.2 358.49
0.25,0.55,0.25 262.024
0.25,0.55,0.3 619.654
0.25,0.55,0.35 662.752
0.25,0.55,0.4 574.104
0.25,0.55,0.45 114.283
0.25,0.55,0.5 0.172142
0.25,0.6,0 1.71804e-08
0.25,0.6,0.05 10.5183
0.25,0.6,0.1 64.317
0.25,0.6,0.15 360.071
0.25,0.6,0.2 634.003
0.25,0.6,0.25 532.831
0.25,0.6,0.3 483.926
0.25,0.6,0.35 490.872
0.25,0.6,0.4 317
0.25,0.6,0.45 47.5855
0.25,0.6,0.5 0.00158465
0.25,0.65,0 1.02588e-08
0.25,0.65,0.05 78.0036
0.25,0.65,0.1 330.494
0.25,0.65,0.15 412.055
0.25,0.65,0.2 435.281
0.25,0.65,0.25 223.678
0.25,0.65,0.3 387.478
0.25,0.65,0.35 380.382
0.25,0.65,0.4 76.4883
0.25,0.65,0.45 4.98198
0.25,0.7,0 1.87548e-09
0.25,0.7,0.05 95.2036
0.25,0.7,0.1 423.994
0.25,0.7,0.15 488.727
0.25,0.7,0.2 486.216
0.25,0.7,0.25 306.551
0.25,0.7,0.3 243.946
0.25,0.7,0.35 153.516
0.25,0.7,0.4 7.13275
0.25,0.7,0.45 0.0468206
0.25,0.75,0 1.5677e-10
0.25,0.75,0.05 8.9517
0.25,0.75,0.1 53.5303
0.25,0.75,0.15 293.767
0.25,0.75,0.2 777.863
0.25,0.75,0.25 468.058
0.25,0.75,0.3 266.139
0.25,0.75,0.35 134.354
0.25,0.75,0.4 2.95691
0.25,0.75,0.45 1.25596e-10
0.25,0.8,0.1 0.0853581
0.25,0.8,0.15 52.5363
0.25,0.8,0.2 187.245
0.25,0.8,0.25 75.4066
0.25,0.8,0.3 67.002
0.25,0.8,0.35 40.2445
0.25,0.8,0.4 0.865605
0.25,0.85,0.1 2.29326e-05
0.25,0.85,0.15 0.0702291
0.25,0.85,0.2 0.228566
0.25,0.85,0.25 0.0695784
0.25,0.85,0.3 0.0456863
0.25,0.85,0.35 0.0262544
0.25,0.85,0.4 0.000564434
0.3,0.05,0 3.73392e-15
0.3,0.05,0.05 0.000190116
0.3,0.05,0.1 0.0814972
0.3,0.05,0.15 14.3547
0.3,0.05,0.2 59.7987
0.3,0.05,0.25 65.7441
0.3,0.05,0.3 65.4065
0.3,0.05,0.35 5.32888
0.3,0.05,0.4 0.0364155
0.3,0.1,0 2.52885e-12
0.3,0.1,0.05 0.0846674
0.3,0.1,0.1 23.8959
0.3,0.1,0.15 154.217
0.3,0.1,0.2 394.294
0.3,0.1,0.25 373.407
0.3,0.1,0.3 373.958
0.3,0.1,0.35 56.486
0.3,0.1,0.4 1.08357
0.3,0.15,0 6.92181e-12
0.3,0.15,0.05 6.53276
0.3,0.15,0.1 87.1057
0.3,0.15,0.15 302.813
0.3,0.15,0.2 482.339
0.3,0.15,0.25 356.749
0.3,0.15,0.3 450.889
0.3,0.15,0.35 303.477
0.3,0.15,0.4 26.6336
0.3,0.15,0.45 0.0768468
0.3,0.2,0 1.17484e-12
0.3,0.2,0.05 66.8864
0.3,0.2,0.1 327.605
0.3,0.2,0.15 385.856
0.3,0.2,0.2 614.91
0.3,0.2,0.25 308.144
0.3,0.2,0.3 555.335
0.3,0.2,0.35 592.83
0.3,0.2,0.4 157.667
0.3,0.2,0.45 0.608801
0.3,0.25,0 1.65603e-14
0.3,0.25,0.05 67.1511
0.3,0.25,0.1 417.848
0.3,0.25,0.15 303.456
0.3,0.25,0.2 347.35
0.3,0.25,0.25 233.379
0.3,0.25,0.3 507.192
0.3,0.25,0.35 576.765
0.3,0.25,0.4 152.798
0.3,0.25,0.45 0.996458
0.3,0.3,0 1.23518e-14
0.3,0.3,0.05 26.4669
0.3,0.3,0.1 160.032
0.3,0.3,0.15 308.902
0.3,0.3,0.2 496.696
0.3,0.3,0.25 474.547
0.3,0.3,0.3 506.117
0.3,0.3,0.35 519.066
0.3,0.3,0.4 218.736
0.3,0.3,0.45 2.75844
0.3,0.35,0 8.01237e-11
0.3,0.35,0.05 32.4724
0.3,0.35,0.1 227.508
0.3,0.35,0.15 681.433
0.3,0.35,0.2 530.09
0.3,0.35,0.25 145.373
0.3,0.35,0.3 106.662
0.3,0.35,0.35 93.9676
0.3,0.35,0.4 49.6181
0.3,0.35,0.45 0.672026
0.3,0.4,0 4.23214e-10
0.3,0.4,0.05 104.403
0.3,0.4,0.1 498.085
0.3,0.4,0.15 746.675
0.3,0.4,0.2 504.415
0.3,0.4,0.25 88.6146
0.3,0.4,0.3 10.446
0.3,0.4,0.35 0.670844
0.3,0.4,0.4 2.82011
0.3,0.4,0.45 0.961068
0.3,0.4,0.5 0.00111519
0.3,0.45,0 3.76581e-10
0.3,0.45,0.05 76.6312
0.3,0.45,0.1 361.553
0.3,0.45,0.15 569.342
0.3,0.45,0.2 540.688
0.3,0.45,0.25 344.396
0.3,0.45,0.3 181.553
0.3,0.45,0.35 115.52
0.3,0.45,0.4 42.1658
0.3,0.45,0.45 7.9406
0.3,0.45,0.5 0.00468697
0.3,0.5,0 2.15832e-10
0.3,0.5,0.05 94.4873
0.3,0.5,0.1 491.492
0.3,0.5,0.15 262.585
0.3,0.5,0.2 206.026
0.3,0.5,0.25 275.796
0.3,0.5,0.3 730.203
0.3,0.5,0.35 539.781
0.3,0.5,0.4 104.742
0.3,0.5,0.45 13.7294
0.3,0.5,0.5 0.00124075
0.3,0.55,0 6.16108e-08
0.3,0.55,0.05 54.2915
0.3,0.55,0.1 320.107
0.3,0.55,0.15 243.192
0.3,0.55,0.2 333.614
0.3,0.55,0.25 213.949
0.3,0.55,0.3 663.551
0.3,0.55,0.35 399.387
0.3,0.55,0.4 166.445
0.3,0.55,0.45 21.7255
0.3,0.55,0.5 5.43168e-06
0.3,0.6,0 5.15612e-07
0.3,0.6,0.05 67.5323
0.3,0.6,0.1 279.581
0.3,0.6,0.15 270.715
0.3,0.6,0.2 665.312
0.3,0.6,0.25 438.55
0.3,0.6,0.3 593.939
0.3,0.6,0.35 487.266
0.3,0.6,0.4 488.096
0.3,0.6,0.45 54.8636
0.3,0.6,0.5 5.00134e-08
0.3,0.65,0 2.57486e-07
0.3,0.65,0.05 78.9184
0.3,0.65,0.1 321.433
0.3,0.65,0.15 274.857
0.3,0.65,0.2 396.732
0.3,0.65,0.25 422.5
0.3,0.65,0.3 657.321
0.3,0.65,0.35 327.54
0.3,0.65,0.4 218.179
0.3,0.65,0.45 24.9424
0.3,0.7,0 2.71043e-09
0.3,0.7,0.05 67.9696
0.3,0.7,0.1 276.861
0.3,0.7,0.15 281.949
0.3,0.7,0.2 475.441
0.3,0.7,0.25 356.405
0.3,0.7,0.3 255.531
0.3,0.7,0.35 153.19
0.3,0.7,0.4 9.76884
0.3,0.7,0.45 0.247096
0.3,0.75,0 8.54123e-11
0.3,0.75,0.05 5.81105
0.3,0.75,0.1 23.9159
0.3,0.75,0.15 131.237
0.3,0.75,0.2 529.543
0.3,0.75,0.25 369.617
0.3,0.75,0.3 162.24
0.3,0.75,0.35 59.7424
0.3,0.75,0.4 1.52469
0.3,0.8,0.1 0.0131337
0.3,0.8,0.15 38.9082
0.3,0.8,0.2 133.44
0.3,0.8,0.25 41.3122
0.3,0.8,0.3 16.059
0.3,0.8,0.35 4.67933
0.3,0.8,0.4 0.00978522
0.3,0.85,0.1 2.58255e-05
0.3,0.85,0.15 0.0790884
0.3,0.85,0.2 0.253736
0.3,0.85,0.25 0.0508106
0.3,0.85,0.3 0.000381797
0.3,0.85,0.35 0.000272254
0.3,0.85,0.4 5.8591e-06
0.35,0.05,0.05 0.000275684
0.35,0.05,0.1 0.19597
0.35,0.05,0.15 1.91982
0.35,0.05,0.2 6.20513
0.35,0.05,0.25 16.5577
0.35,0.05,0.3 19.0637
0.35,0.05,0.35 1.22187
0.35,0.1,0.05 0.128657
0.35,0.1,0.1 57.9421
0.35,0.1,0.15 167.318
0.35,0.1,0.2 65.7458
0.35,0.1,0.25 123.944
0.35,0.1,0.3 158.889
0.35,0.1,0.35 16.6299
0.35,0.1,0.4 0.18816
0.35,0.15,0.05 7.90414
0.35,0.15,0.1 173.914
0.35,0.15,0.15 423.784
0.35,0.15,0.2 138.047
0.35,0.15,0.25 204.165
0.35,0.15,0.3 312.463
0.35,0.15,0.35 87.7425
0.35,0.15,0.4 4.25787
0.35,0.15,0.45 0.00932268
0.35,0.2,0.05 79.3391
0.35,0.2,0.1 392.909
0.35,0.2,0.15 393.473
0.35,0.2,0.2 504.59
0.35,0.2,0.25 419.865
0.35,0.2,0.3 497.749
0.35,0.2,0.35 162.178
0.35,0.2,0.4 22.9311
0.35,0.2,0.45 0.0738568
0.35,0.25,0.05 107.52
0.35,0.25,0.1 632.378
0.35,0.25,0.15 605.706
0.35,0.25,0.2 447.115
0.35,0.25,0.25 270.769
0.35,0.25,0.3 562.097
0.35,0.25,0.35 386.361
0.35,0.25,0.4 48.3883
0.35,0.25,0.45 0.117473
0.35,0.3,0 3.81511e-16
0.35,0.3,0.05 117.756
0.35,0.3,0.1 538.209
0.35,0.3,0.15 467.073
0.35,0.3,0.2 397.278
0.35,0.3,0.25 498.773
0.35,0.3,0.3 881.702
0.35,0.3,0.35 348.168
0.35,0.3,0.4 42.0082
0.35,0.3,0.45 0.321328
0.35,0.35,0 7.15826e-11
0.35,0.35,0.05 80.5927
0.35,0.35,0.1 353.774
0.35,0.35,0.15 506.019
0.35,0.35,0.2 442.534
0.35,0.35,0.25 273.834
0.35,0.35,0.3 282.199
0.35,0.35,0.35 53.9599
0.35,0.35,0.4 5.94687
0.35,0.35,0.45 0.0782817
0.35,0.4,0 4.19873e-10
0.35,0.4,0.05 163.223
0.35,0.4,0.1 751.945
0.35,0.4,0.15 806.315
0.35,0.4,0.2 508.039
0.35,0.4,0.25 53.6802
0.35,0.4,0.3 7.90029
0.35,0.4,0.35 20.9457
0.35,0.4,0.4 72.4843
0.35,0.4,0.45 24.1829
0.35,0.4,0.5 0.0281687
0.35,0.45,0 2.01902e-09
0.35,0.45,0.05 96.6549
0.35,0.45,0.1 461.94
0.35,0.45,0.15 620.822
0.35,0.45,0.2 695.629
0.35,0.45,0.25 303.414
0.35,0.45,0.3 147.918
0.35,0.45,0.35 264.014
0.35,0.45,0.4 378.674
0.35,0.45,0.45 102.417
0.35,0.45,0.5 0.118389
0.35,0.5,0 2.13814e-09
0.35,0.5,0.05 101.192
0.35,0.5,0.1 576.237
0.35,0.5,0.15 427.506
0.35,0.5,0.2 554.88
0.35,0.5,0.25 747.393
0.35,0.5,0.3 576.864
0.35,0.5,0.35 393.714
0.35,0.5,0.4 167.266
0.35,0.5,0.45 27.6145
0.35,0.5,0.5 0.0311211
0.35,0.55,0 7.22365e-08
0.35,0.55,0.05 44.2938
0.35,0.55,0.1 333.145
0.35,0.55,0.15 429.772
0.35,0.55,0.2 613.464
0.35,0.55,0.25 452.679
0.35,0.55,0.3 496.158
0.35,0.55,0.35 296.718
0.35,0.55,0.4 135.959
0.35,0.55,0.45 5.66938
0.35,0.55,0.5 2.50996e-06
0.35,0.6,0 5.99459e-07
0.35,0.6,0.05 91.4365
0.35,0.6,0.1 406.615
0.35,0.6,0.15 594.923
0.35,0.6,0.2 981.151
0.35,0.6,0.25 506.121
0.35,0.6,0.3 584.296
0.35,0.6,0.35 709.012
0.35,0.6,0.4 533.433
0.35,0.6,0.45 26.3465
0.35,0.65,0 2.98019e-07
0.35,0.65,0.05 114.475
0.35,0.65,0.1 476.099
0.35,0.65,0.15 342.353
0.35,0.65,0.2 399.924
0.35,0.65,0.25 389.589
0.35,0.65,0.3 557.092
0.35,0.65,0.35 472.765
0.35,0.65,0.4 238.895
0.35,0.65,0.45 11.1259
0.35,0.7,0 2.2604e-09
0.35,0.7,0.05 76.3808
0.35,0.7,0.1 305.962
0.35,0.7,0.15 96.08
0.35,0.7,0.2 81.9617
0.35,0.7,0.25 316.058
0.35,0.7,0.3 730.077
0.35,0.7,0.35 471.026
0.35,0.7,0.4 37.403
0.35,0.7,0.45 0.132216
0.35,0.75,0 6.48878e-09
0.35,0.75,0.05 4.14685
0.35,0.75,0.1 16.6017
0.35,0.75,0.15 11.3513
0.35,0.75,0.2 69.0684
0.35,0.75,0.25 181.71
0.35,0.75,0.3 467.029
0.35,0.75,0.35 189.084
0.35,0.75,0.4 5.37965
0.35,0.8,0 2.09747e-08
0.35,0.8,0.05 2.16134
0.35,0.8,0.1 8.59075
0.35,0.8,0.15 4.12902
0.35,0.8,0.2 8.65979
0.35,0.8,0.25 15.3869
0.35,0.8,0.3 49.4215
0.35,0.8,0.35 14.7037
0.35,0.8,0.4 0.00275946
0.35,0.85,0 4.23295e-09
0.35,0.85,0.05 0.436185
0.35,0.85,0.1 1.73359
0.35,0.85,0.15 0.434847
0.35,0.85,0.2 0.0135395
0.35,0.85,0.25 0.00270974
0.4,0.05,0.05 4.07617e-05
0.4,0.05,0.1 0.0289754
0.4,0.05,0.15 0.0798384
0.4,0.05,0.2 0.0146673
0.4,0.05,0.25 0.0543251
0.4,0.05,0.3 0.0921659
0.4,0.05,0.35 0.017164
0.4,0.05,0.4 0.000295991
0.4,0.1,0.05 3.05338
0.4,0.1,0.1 52.0057
0.4,0.1,0.15 66.8066
0.4,0.1,0.2 10.7823
0.4,0.1,0.25 72.9364
0.4,0.1,0.3 107.732
0.4,0.1,0.35 8.79718
0.4,0.1,0.4 0.0041166
0.4,0.15,0.05 15.2973
0.4,0.15,0.1 276.43
0.4,0.15,0.15 473.715
0.4,0.15,0.2 132.623
0.4,0.15,0.25 300.445
0.4,0.15,0.3 359.224
0.4,0.15,0.35 26.7358
0.4,0.15,0.4 0.00302187
0.4,0.2,0.05 17.632
0.4,0.2,0.1 236.71
0.4,0.2,0.15 509.778
0.4,0.2,0.2 395.3
0.4,0.2,0.25 507.816
0.4,0.2,0.3 293.472
0.4,0.2,0.35 14.5471
0.4,0.2,0.4 0.23322
0.4,0.25,0.05 84.1311
0.4,0.25,0.1 431.131
0.4,0.25,0.15 514.449
0.4,0.25,0.2 332.734
0.4,0.25,0.25 216.554
0.4,0.25,0.3 164.734
0.4,0.25,0.35 33.1084
0.4,0.25,0.4 2.16995
0.4,0.3,0 1.8119e-16
0.4,0.3,0.05 110.878
0.4,0.3,0.1 466.968
0.4,0.3,0.15 327.382
0.4,0.3,0.2 271.184
0.4,0.3,0.25 427.26
0.4,0.3,0.3 434.043
0.4,0.3,0.35 71.8105
0.4,0.3,0.4 1.22275
0.4,0.3,0.45 0.00697372
0.4,0.35,0 2.54039e-12
0.4,0.35,0.05 58.3516
0.4,0.35,0.1 239.568
0.4,0.35,0.15 163.043
0.4,0.35,0.2 198.319
0.4,0.35,0.25 435.687
0.4,0.35,0.3 601.268
0.4,0.35,0.35 120.083
0.4,0.35,0.4 2.0678
0.4,0.35,0.45 0.0598473
0.4,0.4,0 5.40721e-11
0.4,0.4,0.05 66.151
0.4,0.4,0.1 309.465
0.4,0.4,0.15 420.142
0.4,0.4,0.2 398.659
0.4,0.4,0.25 157.243
0.4,0.4,0.3 294.961
0.4,0.4,0.35 131.094
0.4,0.4,0.4 86.7034
0.4,0.4,0.45 26.492
0.4,0.4,0.5 0.0300449
0.4,0.45,0 1.1857e-09
0.4,0.45,0.05 54.0833
0.4,0.45,0.1 283.336
0.4,0.45,0.15 462.566
0.4,0.45,0.2 500.105
0.4,0.45,0.25 316.123
0.4,0.45,0.3 250.169
0.4,0.45,0.35 460.979
0.4,0.45,0.4 551.04
0.4,0.45,0.45 140.977
0.4,0.45,0.5 0.13778
0.4,0.5,0 1.32218e-09
0.4,0.5,0.05 57.0562
0.4,0.5,0.1 308.275
0.4,0.5,0.15 459.615
0.4,0.5,0.2 572.605
0.4,0.5,0.25 609.818
0.4,0.5,0.3 318.824
0.4,0.5,0.35 591.465
0.4,0.5,0.4 420.378
0.4,0.5,0.45 70.9183
0.4,0.5,0.5 0.0486046
0.4,0.55,0 1.12705e-08
0.4,0.55,0.05 37.6775
0.4,0.55,0.1 220.999
0.4,0.55,0.15 387.556
0.4,0.55,0.2 382.867
0.4,0.55,0.25 369.765
0.4,0.55,0.3 119.788
0.4,0.55,0.35 137.714
0.4,0.55,0.4 87.1105
0.4,0.55,0.45 4.61051
0.4,0.55,0.5 0.000942171
0.4,0.6,0 6.01517e-08
0.4,0.6,0.05 146.957
0.4,0.6,0.1 605.999
0.4,0.6,0.15 370.813
0.4,0.6,0.2 604.142
0.4,0.6,0.25 463.568
0.4,0.6,0.3 311.596
0.4,0.6,0.35 271.032
0.4,0.6,0.4 156.093
0.4,0.6,0.45 3.42428
0.4,0.65,0 2.32439e-08
0.4,0.65,0.05 72.067
0.4,0.65,0.1 295.423
0.4,0.65,0.15 196.438
0.4,0.65,0.2 403.191
0.4,0.65,0.25 301.305
0.4,0.65,0.3 340.181
0.4,0.65,0.35 391.07
0.4,0.65,0.4 131.086
0.4,0.65,0.45 1.53013
0.4,0.7,0 2.16872e-10
0.4,0.7,0.05 17.1986
0.4,0.7,0.1 68.8317
0.4,0.7,0.15 20.7792
0.4,0.7,0.2 21.7141
0.4,0.7,0.25 134.221
0.4,0.7,0.3 364.016
0.4,0.7,0.35 447.691
0.4,0.7,0.4 75.1577
0.4,0.7,0.45 0.0368767
0.4,0.75,0 2.05596e-07
0.4,0.75,0.05 21.9332
0.4,0.75,0.1 87.1903
0.4,0.75,0.15 21.663
0.4,0.75,0.2 0.210829
0.4,0.75,0.25 25.9903
0.4,0.75,0.3 116.167
0.4,0.75,0.35 75.5025
0.4,0.75,0.4 8.05589
0.4,0.8,0 6.64996e-07
0.4,0.8,0.05 68.5247
0.4,0.8,0.1 272.347
0.4,0.8,0.15 67.6514
0.4,0.8,0.2 0.00082913
0.4,0.8,0.25 2.2033
0.4,0.8,0.3 10.5716
0.4,0.8,0.35 3.16869
0.4,0.8,0.4 0.000594671
0.4,0.85,0 1.34204e-07
0.4,0.85,0.05 13.8291
0.4,0.85,0.1 54.9628
0.4,0.85,0.15 13.6529
0.45,0.05,0.2 0.000114442
0.45,0.05,0.25 0.476128
0.45,0.05,0.3 7.29835
0.45,0.05,0.35 5.74575
0.45,0.05,0.4 0.15571
