0.25,0.15,0.2 511.331
0.25,0.15,0.25 288.211
0.25,0.15,0.3 242.827
0.25,0.15,0.35 101.558
0.25,0.15,0.4 7.37246
0.25,0.2,0 1.87484e-09
0.25,0.2,0.05 91.8895
0.25,0.2,0.1 487.306
0.25,0.2,0.15 406.538
0.25,0.2,0.2 398.149
0.25,0.2,0.25 340.51
0.25,0.2,0.3 737.83
0.25,0.2,0.35 340.489
0.25,0.2,0.4 19.9373
0.25,0.25,0 8.86408e-10
0.25,0.25,0.05 89.4704
0.25,0.25,0.1 368.739
0.25,0.25,0.15 399.058
0.25,0.25,0.2 588.296
0.25,0.25,0.25 302.016
0.25,0.25,0.3 534.476
0.25,0.25,0.35 170.727
0.25,0.25,0.4 3.38466
0.25,0.3,0 1.69859e-11
0.25,0.3,0.05 46.1599
0.25,0.3,0.1 215.562
0.25,0.3,0.15 377.507
0.25,0.3,0.2 575.803
0.25,0.3,0.25 186.08
0.25,0.3,0.3 171.399
0.25,0.3,0.35 53.0765
0.25,0.3,0.4 0.0273182
0.25,0.35,0 5.28091e-11
0.25,0.35,0.05 82.8258
0.25,0.35,0.1 415.753
0.25,0.35,0.15 276.698
0.25,0.35,0.2 110.813
0.25,0.35,0.25 20.8972
0.25,0.35,0.3 21.214
0.25,0.35,0.35 6.75019
0.25,0.35,0.4 0.00343539
0.25,0.4,0 5.43486e-11
0.25,0.4,0.05 113.017
0.25,0.4,0.1 527.929
0.25,0.4,0.15 335.063
0.25,0.4,0.2 125.243
0.25,0.4,0.25 16.0696
0.25,0.4,0.3 0.26928
0.25,0.45,0 5.85814e-10
0.25,0.45,0.05 147.735
0.25,0.45,0.1 656.008
0.25,0.45,0.15 432.263
0.25,0.45,0.2 311.67
0.25,0.45,0.25 200.88
0.25,0.45,0.3 31.8367
0.25,0.45,0.35 15.4729
0.25,0.45,0.4 0.589268
0.25,0.45,0.45 0.00033533
0.25,0.5,0 1.5702e-09
0.25,0.5,0.05 180.235
0.25,0.5,0.1 735.028
0.25,0.5,0.15 346.173
0.25,0.5,0.2 461.68
0.25,0.5,0.25 594.258
0.25,0.5,0.3 412.53
0.25,0.5,0.35 317.001
0.25,0.5,0.4 73.939
0.25,0.5,0.45 2.00317
0.25,0.55,0 2.39862e-09
0.25,0.55,0.05 130.512
0.25,0.55,0.1 551.217
0.25,0.55,0.15 196.819
0.25,0.55,0.2 205.288
0.25,0.55,0.25 671.084
0.25,0.55,0.3 667.967
0.25,0.55,0.35 716.245
0.25,0.55,0.4 283.595
0.25,0.55,0.45 6.96243
0.25,0.6,0 1.70029e-08
0.25,0.6,0.05 90.7271
0.25,0.6,0.1 421.793
0.25,0.6,0.15 230.848
0.25,0.6,0.2 330.941
0.25,0.6,0.25 569.028
0.25,0.6,0.3 516.295
0.25,0.6,0.35 597.955
0.25,0.6,0.4 230.499
0.25,0.6,0.45 2.28788
0.25,0.65,0 8.74328e-09
0.25,0.65,0.05 87.9694
0.25,0.65,0.1 393.184
0.25,0.65,0.15 567.823
0.25,0.65,0.2 680.621
0.25,0.65,0.25 339.333
0.25,0.65,0.3 418.636
0.25,0.65,0.35 377.786
0.25,0.65,0.4 62.269
0.25,0.65,0.45 0.236434
0.25,0.7,0 4.78283e-09
0.25,0.7,0.05 119.715
0.25,0.7,0.1 538.661
0.25,0.7,0.15 504.345
0.25,0.7,0.2 356.687
0.25,0.7,0.25 201.287
0.25,0.7,0.3 439.027
0.25,0.7,0.35 196.095
0.25,0.7,0.4 9.08104
0.25,0.7,0.45 2.66297e-05
0.25,0.75,0 2.60138e-08
0.25,0.75,0.05 155.212
0.25,0.75,0.1 660.824
0.25,0.75,0.15 343.898
0.25,0.75,0.2 262.089
0.25,0.75,0.25 123.157
0.25,0.75,0.3 75.3435
0.25,0.75,0.35 12.4579
0.25,0.75,0.4 0.151724
0.25,0.75,0.45 3.77992e-07
0.25,0.8,0 9.79368e-09
0.25,0.8,0.05 54.9748
0.25,0.8,0.1 248.999
0.25,0.8,0.15 220.034
0.25,0.8,0.2 152.251
0.25,0.8,0.25 82.7876
0.25,0.8,0.3 5.98978
0.25,0.8,0.35 6.49327e-06
0.25,0.85,0 1.80116e-11
0.25,0.85,0.05 0.10388
0.25,0.85,0.1 4.69492
0.25,0.85,0.15 23.7332
0.25,0.85,0.2 20.1404
0.25,0.85,0.25 22.1168
0.25,0.85,0.3 2.41336
0.25,0.9,0.15 0.000352129
0.25,0.9,0.2 0.0372177
0.25,0.9,0.25 0.0695508
0.25,0.9,0.3 0.00762247
0.3,0,0.1 8.98235e-13
0.3,0,0.15 3.69085e-11
0.3,0,0.2 7.2462e-11
0.3,0,0.25 4.93977e-10
0.3,0,0.3 4.6626e-10
0.3,0,0.35 1.84664e-11
0.3,0.05,0 8.01219e-13
0.3,0.05,0.05 0.302368
0.3,0.05,0.1 2.85132
0.3,0.05,0.15 65.4102
0.3,0.05,0.2 89.5705
0.3,0.05,0.25 84.1495
0.3,0.05,0.3 72.998
0.3,0.05,0.35 2.86065
0.3,0.1,0 3.75156e-11
0.3,0.1,0.05 13.8008
0.3,0.1,0.1 74.1642
0.3,0.1,0.15 337.574
0.3,0.1,0.2 436.802
0.3,0.1,0.25 392.877
0.3,0.1,0.3 371.253
0.3,0.1,0.35 20.5196
0.3,0.1,0.4 0.0183534
0.3,0.15,0 6.5408e-11
0.3,0.15,0.05 28.9241
0.3,0.15,0.1 246.783
0.3,0.15,0.15 453.6
0.3,0.15,0.2 535.128
0.3,0.15,0.25 419.727
0.3,0.15,0.3 536.605
0.3,0.15,0.35 161.162
0.3,0.15,0.4 11.2992
0.3,0.2,0 1.11971e-10
0.3,0.2,0.05 81.1165
0.3,0.2,0.1 435.566
0.3,0.2,0.15 586.923
0.3,0.2,0.2 493.39
0.3,0.2,0.25 503.173
0.3,0.2,0.3 634.409
0.3,0.2,0.35 371.237
0.3,0.2,0.4 30.7514
0.3,0.25,0 6.43405e-11
0.3,0.25,0.05 95.8761
0.3,0.25,0.1 412.741
0.3,0.25,0.15 284.506
0.3,0.25,0.2 302.905
0.3,0.25,0.25 485.854
0.3,0.25,0.3 580.358
0.3,0.25,0.35 210.968
0.3,0.25,0.4 5.8308
0.3,0.3,0 1.96714e-12
0.3,0.3,0.05 35.9591
0.3,0.3,0.1 258.125
0.3,0.3,0.15 511.939
0.3,0.3,0.2 457.315
0.3,0.3,0.25 439.703
0.3,0.3,0.3 490.361
0.3,0.3,0.35 145.939
0.3,0.3,0.4 0.19433
0.3,0.35,0 2.64648e-11
0.3,0.35,0.05 53.3532
0.3,0.35,0.1 458.676
0.3,0.35,0.15 709.152
0.3,0.35,0.2 413.833
0.3,0.35,0.25 74.9022
0.3,0.35,0.3 63.4695
0.3,0.35,0.35 19.3499
0.3,0.35,0.4 0.00979993
0.3,0.4,0 4.35474e-11
0.3,0.4,0.05 133.473
0.3,0.4,0.1 722.563
0.3,0.4,0.15 791.746
0.3,0.4,0.2 495.728
0.3,0.4,0.25 42.1256
0.3,0.4,0.3 0.191351
0.3,0.4,0.35 0.0156132
0.3,0.4,0.4 0.00296333
0.3,0.45,0 2.78015e-10
0.3,0.45,0.05 93.4797
0.3,0.45,0.1 438.219
0.3,0.45,0.15 500.044
0.3,0.45,0.2 492.512
0.3,0.45,0.25 154.862
0.3,0.45,0.3 44.5976
0.3,0.45,0.35 20.7943
0.3,0.45,0.4 0.810536
0.3,0.45,0.45 1.33798e-07
0.3,0.5,0 7.7875e-10
0.3,0.5,0.05 121.082
0.3,0.5,0.1 490.347
0.3,0.5,0.15 209.135
0.3,0.5,0.2 275.115
0.3,0.5,0.25 366.738
0.3,0.5,0.3 527.278
0.3,0.5,0.35 225.956
0.3,0.5,0.4 9.84914
0.3,0.5,0.45 0.0236895
0.3,0.55,0 6.18263e-08
0.3,0.55,0.05 90.0266
0.3,0.55,0.1 385.876
0.3,0.55,0.15 280.467
0.3,0.55,0.2 223.671
0.3,0.55,0.25 554.704
0.3,0.55,0.3 574.316
0.3,0.55,0.35 216.412
0.3,0.55,0.4 33.2847
0.3,0.55,0.45 0.125143
0.3,0.6,0 5.15614e-07
0.3,0.6,0.05 84.1543
0.3,0.6,0.1 362.525
0.3,0.6,0.15 295.703
0.3,0.6,0.2 483.484
0.3,0.6,0.25 686.107
0.3,0.6,0.3 665.734
0.3,0.6,0.35 218.624
0.3,0.6,0.4 43.0309
0.3,0.6,0.45 0.212265
0.3,0.65,0 2.5716e-07
0.3,0.65,0.05 80.6188
0.3,0.65,0.1 334.284
0.3,0.65,0.15 216.1
0.3,0.65,0.2 387.619
0.3,0.65,0.25 562.226
0.3,0.65,0.3 832.149
0.3,0.65,0.35 504.972
0.3,0.65,0.4 72.9575
0.3,0.65,0.45 0.485095
0.3,0.7,0 2.25983e-09
0.3,0.7,0.05 84.7518
0.3,0.7,0.1 410.029
0.3,0.7,0.15 274.854
0.3,0.7,0.2 417.608
0.3,0.7,0.25 146.844
0.3,0.7,0.3 208.117
0.3,0.7,0.35 241.393
0.3,0.7,0.4 42.5901
0.3,0.7,0.45 0.30286
0.3,0.75,0 8.58067e-10
0.3,0.75,0.05 66.9071
0.3,0.75,0.1 446.902
0.3,0.75,0.15 327.158
0.3,0.75,0.2 296.351
0.3,0.75,0.25 65.6448
0.3,0.75,0.3 5.02777
0.3,0.75,0.35 3.94897
0.3,0.75,0.4 0.777293
0.3,0.75,0.45 0.00590136
0.3,0.8,0 3.17103e-10
0.3,0.8,0.05 14.5569
0.3,0.8,0.1 87.3451
0.3,0.8,0.15 49.7746
0.3,0.8,0.2 13.0261
0.3,0.8,0.25 2.30056
0.3,0.8,0.3 0.00740712
0.3,0.85,0 6.11812e-13
0.3,0.85,0.05 0.0160786
0.3,0.85,0.1 0.0727329
0.3,0.85,0.15 0.0622887
0.3,0.85,0.2 0.0162182
0.3,0.85,0.25 0.000282608
0.3,0.85,0.3 1.42005e-06
0.35,0,0.1 1.0915e-13
0.35,0,0.15 4.48499e-12
0.35,0,0.2 1.36352e-11
0.35,0,0.25 1.61573e-10
0.35,0,0.3 1.53173e-10
0.35,0,0.35 6.06646e-12
0.35,0.05,0 3.76251e-12
0.35,0.05,0.05 1.42621
0.35,0.05,0.1 5.87795
0.35,0.05,0.15 8.74825
0.35,0.05,0.2 11.6514
0.35,0.05,0.25 26.0281
0.35,0.05,0.3 23.7258
0.35,0.05,0.35 0.939581
0.35,0.1,0 1.65787e-10
0.35,0.1,0.05 63.545
0.35,0.1,0.1 254.942
0.35,0.1,0.15 96.5021
0.35,0.1,0.2 78.9569
0.35,0.1,0.25 146.972
0.35,0.1,0.3 130.519
0.35,0.1,0.35 7.68755
0.35,0.1,0.4 0.00155486
0.35,0.15,0 2.34673e-10
0.35,0.15,0.05 102.51
0.35,0.15,0.1 417.864
0.35,0.15,0.15 198.013
0.35,0.15,0.2 213.559
0.35,0.15,0.25 306.361
0.35,0.15,0.3 213.266
0.35,0.15,0.35 29.2187
0.35,0.15,0.4 0.95756
0.35,0.2,0 3.00627e-11
0.35,0.2,0.05 108.88
0.35,0.2,0.1 482.042
0.35,0.2,0.15 501.203
0.35,0.2,0.2 475.055
0.35,0.2,0.25 522.461
0.35,0.2,0.3 274.903
0.35,0.2,0.35 91.9407
0.35,0.2,0.4 3.03634
0.35,0.25,0 1.02579e-11
0.35,0.25,0.05 163.601
0.35,0.25,0.1 781.54
0.35,0.25,0.15 626.388
0.35,0.25,0.2 305.761
0.35,0.25,0.25 582.325
0.35,0.25,0.3 684.651
0.35,0.25,0.35 200.058
0.35,0.25,0.4 1.77776
0.35,0.3,0 2.5569e-12
0.35,0.3,0.05 129.959
0.35,0.3,0.1 589.21
0.35,0.3,0.15 507.323
0.35,0.3,0.2 583.13
0.35,0.3,0.25 613.169
0.35,0.3,0.3 494.786
0.35,0.3,0.35 67.875
0.35,0.3,0.4 0.259343
0.35,0.35,0 8.41148e-11
0.35,0.35,0.05 95.5982
0.35,0.35,0.1 432.159
0.35,0.35,0.15 351.591
0.35,0.35,0.2 409.391
0.35,0.35,0.25 128.622
0.35,0.35,0.3 54.1648
0.35,0.35,0.35 5.73236
0.35,0.35,0.4 0.00173604
0.35,0.4,0 1.70157e-10
0.35,0.4,0.05 174.539
0.35,0.4,0.1 873.18
0.35,0.4,0.15 608.753
0.35,0.4,0.2 305.101
0.35,0.4,0.25 37.5001
0.35,0.4,0.3 25.2897
0.35,0.4,0.35 20.2967
0.35,0.4,0.4 4.90668
0.35,0.4,0.45 0.000178587
0.35,0.45,0 3.14403e-11
0.35,0.45,0.05 113.043
0.35,0.45,0.1 674.395
0.35,0.45,0.15 707.4
0.35,0.45,0.2 606.152
0.35,0.45,0.25 106.313
0.35,0.45,0.3 92.8784
0.35,0.45,0.35 207.924
0.35,0.45,0.4 45.7665
0.35,0.45,0.45 0.000903891
0.35,0.5,0 1.13148e-10
0.35,0.5,0.05 146.102
0.35,0.5,0.1 620.326
0.35,0.5,0.15 392.428
0.35,0.5,0.2 543.311
0.35,0.5,0.25 499.392
0.35,0.5,0.3 499.905
0.35,0.5,0.35 368.131
0.35,0.5,0.4 55.815
0.35,0.5,0.45 0.000285298
0.35,0.55,0 7.22304e-08
0.35,0.55,0.05 92.2723
0.35,0.55,0.1 420.585
0.35,0.55,0.15 528.606
0.35,0.55,0.2 551.812
0.35,0.55,0.25 503.808
0.35,0.55,0.3 375.96
0.35,0.55,0.35 101.748
0.35,0.55,0.4 6.62164
0.35,0.55,0.45 1.08901e-07
0.35,0.6,0 5.9946e-07
0.35,0.6,0.05 93.953
0.35,0.6,0.1 443.902
0.35,0.6,0.15 724.613
0.35,0.6,0.2 858.738
0.35,0.6,0.25 403.642
0.35,0.6,0.3 442.939
0.35,0.6,0.35 126.355
0.35,0.6,0.4 15.1048
0.35,0.6,0.45 0.123618
0.35,0.65,0 2.97947e-07
0.35,0.65,0.05 114.835
0.35,0.65,0.1 536.209
0.35,0.65,0.15 589.376
0.35,0.65,0.2 568.778
0.35,0.65,0.25 427.209
0.35,0.65,0.3 780.439
0.35,0.65,0.35 672.939
0.35,0.65,0.4 184.682
0.35,0.65,0.45 1.56106
0.35,0.7,0 2.1823e-09
0.35,0.7,0.05 86.1425
0.35,0.7,0.1 423.067
0.35,0.7,0.15 396.639
0.35,0.7,0.2 615.211
0.35,0.7,0.25 229.013
0.35,0.7,0.3 223.418
0.35,0.7,0.35 373.855
0.35,0.7,0.4 124.178
0.35,0.7,0.45 1.06932
0.35,0.75,0 2.51622e-13
0.35,0.75,0.05 30.2514
0.35,0.75,0.1 327.665
0.35,0.75,0.15 565.889
0.35,0.75,0.2 435.061
0.35,0.75,0.25 171.158
0.35,0.75,0.3 5.43273
0.35,0.75,0.35 5.60968
0.35,0.75,0.4 2.338
0.35,0.75,0.45 0.0208362
0.35,0.8,0.05 6.26428
0.35,0.8,0.1 63.2472
0.35,0.8,0.15 108.521
0.35,0.8,0.2 58.8952
0.35,0.8,0.25 26.0212
0.35,0.8,0.3 0.71032
0.35,0.85,0.05 0.416264
0.35,0.85,0.1 1.66553
0.35,0.85,0.15 0.418519
0.35,0.85,0.2 0.00794398
0.35,0.85,0.25 0.00195477
0.4,0,0.2 4.56167e-15
0.4,0,0.25 9.59092e-14
0.4,0,0.3 9.1156e-14
0.4,0,0.35 3.61026e-15
0.4,0.05,0 1.10857e-12
0.4,0.05,0.05 0.42021
0.4,0.05,0.1 1.68014
0.4,0.05,0.15 1.48933
0.4,0.05,0.2 8.26134
0.4,0.05,0.25 4.96241
0.4,0.05,0.3 1.61172
0.4,0.05,0.35 0.11886
0.4,0.1,0 5.51184e-11
0.4,0.1,0.05 30.3298
0.4,0.1,0.1 121.278
0.4,0.1,0.15 61.4803
0.4,0.1,0.2 261.768
0.4,0.1,0.25 178.54
0.4,0.1,0.3 39.0465
0.4,0.1,0.35 2.5132
0.4,0.15,0 1.40409e-10
0.4,0.15,0.05 135.776
0.4,0.15,0.1 544.688
0.4,0.15,0.15 213.816
0.4,0.15,0.2 499.751
0.4,0.15,0.25 512.541
0.4,0.15,0.3 74.615
0.4,0.15,0.35 2.45942
0.4,0.15,0.4 3.83549e-05
0.4,0.2,0 1.11601e-10
0.4,0.2,0.05 99.4694
0.4,0.2,0.1 422.887
0.4,0.2,0.15 389.469
0.4,0.2,0.2 395.102
0.4,0.2,0.25 278.013
0.4,0.2,0.3 49.8565
0.4,0.2,0.35 6.91311
0.4,0.2,0.4 0.0508828
0.4,0.25,0 5.50664e-11
0.4,0.25,0.05 91.8639
0.4,0.25,0.1 449.7
0.4,0.25,0.15 424.445
0.4,0.25,0.2 243.784
0.4,0.25,0.25 291.741
0.4,0.25,0.3 207.175
0.4,0.25,0.35 24.9646
0.4,0.25,0.4 0.151187
0.4,0.3,0 6.00799e-11
0.4,0.3,0.05 102.266
0.4,0.3,0.1 434.989
0.4,0.3,0.15 304.399
0.4,0.3,0.2 565.719
0.4,0.3,0.25 537.893
0.4,0.3,0.3 281.818
0.4,0.3,0.35 11.0799
0.4,0.3,0.4 0.028148
0.4,0.35,0 2.3256e-10
0.4,0.35,0.05 48.6055
0.4,0.35,0.1 195.619
0.4,0.35,0.15 139.89
0.4,0.35,0.2 390.225
0.4,0.35,0.25 457.407
0.4,0.35,0.3 273.022
0.4,0.35,0.35 27.501
0.4,0.35,0.4 0.167332
0.4,0.4,0 1.95859e-10
0.4,0.4,0.05 51.8943
0.4,0.4,0.1 270.078
0.4,0.4,0.15 330.614
0.4,0.4,0.2 283.526
0.4,0.4,0.25 334.587
0.4,0.4,0.3 375.515
0.4,0.4,0.35 132.514
0.4,0.4,0.4 23.1149
0.4,0.4,0.45 0.000836669
0.4,0.45,0 1.53375e-11
0.4,0.45,0.05 58.5967
0.4,0.45,0.1 349.653
0.4,0.45,0.15 614.042
0.4,0.45,0.2 595.62
0.4,0.45,0.25 294.116
0.4,0.45,0.3 415.275
0.4,0.45,0.35 584.168
0.4,0.45,0.4 140.118
0.4,0.45,0.45 0.00501097
0.4,0.5,0 2.64819e-11
0.4,0.5,0.05 70.4333
0.4,0.5,0.1 365.874
0.4,0.5,0.15 561.251
0.4,0.5,0.2 776.06
0.4,0.5,0.25 473.258
0.4,0.5,0.3 616.536
0.4,0.5,0.35 584.902
0.4,0.5,0.4 103.239
0.4,0.5,0.45 0.363763
0.4,0.55,0 1.12239e-08
0.4,0.55,0.05 52.3183
0.4,0.55,0.1 286.931
0.4,0.55,0.15 490.182
0.4,0.55,0.2 627.99
0.4,0.55,0.25 350.01
0.4,0.55,0.3 280.008
0.4,0.55,0.35 148.525
0.4,0.55,0.4 30.5863
0.4,0.55,0.45 0.938425
0.4,0.6,0 6.01524e-08
0.4,0.6,0.05 148.082
0.4,0.6,0.1 626.602
0.4,0.6,0.15 480.73
0.4,0.6,0.2 598.385
0.4,0.6,0.25 234.938
0.4,0.6,0.3 103.669
0.4,0.6,0.35 24.4932
0.4,0.6,0.4 6.78227
0.4,0.6,0.45 0.177153
0.4,0.65,0 2.32289e-08
0.4,0.65,0.05 72.1381
0.4,0.65,0.1 336.935
0.4,0.65,0.15 443.856
0.4,0.65,0.2 600.911
0.4,0.65,0.25 332.208
0.4,0.65,0.3 355.673
0.4,0.65,0.35 136.267
0.4,0.65,0.4 39.5261
0.4,0.65,0.45 0.344355
0.4,0.7,0 1.41188e-10
0.4,0.7,0.05 17.2825
0.4,0.7,0.1 85.5698
0.4,0.7,0.15 153.457
0.4,0.7,0.2 381.566
0.4,0.7,0.25 200.494
0.4,0.7,0.3 104.085
0.4,0.7,0.35 75.2885
0.4,0.7,0.4 26.7483
0.4,0.7,0.45 0.235882
0.4,0.75,0 1.26345e-14
0.4,0.75,0.05 23.0125
0.4,0.75,0.1 131.446
0.4,0.75,0.15 269.168
0.4,0.75,0.2 631.017
0.4,0.75,0.25 314.453
0.4,0.75,0.3 7.29049
0.4,0.75,0.35 1.12573
0.4,0.75,0.4 0.509746
0.4,0.75,0.45 0.00459627
0.4,0.8,0.05 67.9816
0.4,0.8,0.1 280.325
0.4,0.8,0.15 130.919
0.4,0.8,0.2 169.442
0.4,0.8,0.25 71.3435
0.4,0.8,0.3 1.32268
0.4,0.85,0.05 13.169
0.4,0.85,0.1 52.691
0.4,0.85,0.15 13.235
0.4,0.85,0.2 0.230269
0.4,0.85,0.25 0.0566621
0.45,0.05,0 1.5661e-16
0.45,0.05,0.05 5.9364e-05
0.45,0.05,0.1 0.000237358
0.45,0.05,0.15 0.59177
0.45,0.05,0.2 4.73228
0.45,0.05,0.25 10.3001
0.45,0.05,0.3 11.514
