0.45,0.2,0.4 0.0132863
0.45,0.25,0 9.65844e-10
0.45,0.25,0.05 116.558
0.45,0.25,0.1 470.702
0.45,0.25,0.15 197.885
0.45,0.25,0.2 281.002
0.45,0.25,0.25 384.815
0.45,0.25,0.3 90.3058
0.45,0.25,0.35 0.280531
0.45,0.3,0 7.09171e-10
0.45,0.3,0.05 137.685
0.45,0.3,0.1 573.788
0.45,0.3,0.15 545.022
0.45,0.3,0.2 701.953
0.45,0.3,0.25 224.044
0.45,0.3,0.3 28.5625
0.45,0.3,0.35 3.18682
0.45,0.3,0.4 0.601901
0.45,0.3,0.45 0.000669682
0.45,0.35,0 4.1733e-10
0.45,0.35,0.05 143.338
0.45,0.35,0.1 587.162
0.45,0.35,0.15 415.722
0.45,0.35,0.2 548.14
0.45,0.35,0.25 432.716
0.45,0.35,0.3 410.727
0.45,0.35,0.35 142.68
0.45,0.35,0.4 10.3071
0.45,0.35,0.45 0.00797516
0.45,0.4,0 8.24765e-11
0.45,0.4,0.05 76.7261
0.45,0.4,0.1 317.853
0.45,0.4,0.15 256.891
0.45,0.4,0.2 314.843
0.45,0.4,0.25 354.361
0.45,0.4,0.3 771.815
0.45,0.4,0.35 414.214
0.45,0.4,0.4 32.0601
0.45,0.4,0.45 0.69495
0.45,0.45,0 1.20401e-10
0.45,0.45,0.05 73.9858
0.45,0.45,0.1 342.107
0.45,0.45,0.15 497.893
0.45,0.45,0.2 446.645
0.45,0.45,0.25 576.919
0.45,0.45,0.3 564.019
0.45,0.45,0.35 251.194
0.45,0.45,0.4 84.1459
0.45,0.45,0.45 3.81775
0.45,0.5,0 8.52769e-10
0.45,0.5,0.05 115.365
0.45,0.5,0.1 485.679
0.45,0.5,0.15 394.988
0.45,0.5,0.2 685.341
0.45,0.5,0.25 526.176
0.45,0.5,0.3 804.907
0.45,0.5,0.35 748.613
0.45,0.5,0.4 255.851
0.45,0.5,0.45 15.6354
0.45,0.55,0 4.45494e-09
0.45,0.55,0.05 109.75
0.45,0.55,0.1 452.176
0.45,0.55,0.15 330.889
0.45,0.55,0.2 593.189
0.45,0.55,0.25 244.98
0.45,0.55,0.3 554.634
0.45,0.55,0.35 672.355
0.45,0.55,0.4 242.1
0.45,0.55,0.45 15.193
0.45,0.6,0 1.45697e-08
0.45,0.6,0.05 141.653
0.45,0.6,0.1 575.999
0.45,0.6,0.15 367.461
0.45,0.6,0.2 775.179
0.45,0.6,0.25 283.596
0.45,0.6,0.3 51.4623
0.45,0.6,0.35 49.1774
0.45,0.6,0.4 12.7628
0.45,0.6,0.45 0.724712
0.45,0.65,0 4.32448e-09
0.45,0.65,0.05 85.4887
0.45,0.65,0.1 373.984
0.45,0.65,0.15 181.698
0.45,0.65,0.2 290.933
0.45,0.65,0.25 105.625
0.45,0.65,0.3 25.3029
0.45,0.65,0.35 4.34353
0.45,0.65,0.4 1.29555
0.45,0.65,0.45 0.049111
0.45,0.7,0 1.04913e-10
0.45,0.7,0.05 6.91288
0.45,0.7,0.1 39.0815
0.45,0.7,0.15 25.2594
0.45,0.7,0.2 22.5155
0.45,0.7,0.25 48.8662
0.45,0.7,0.3 46.6032
0.45,0.7,0.35 2.79519
0.45,0.7,0.4 0.157696
0.45,0.7,0.45 0.00597784
0.45,0.75,0 2.42916e-07
0.45,0.75,0.05 25.032
0.45,0.75,0.1 104.084
0.45,0.75,0.15 44.4758
0.45,0.75,0.2 10.7825
0.45,0.75,0.25 114.451
0.45,0.75,0.3 124.838
0.45,0.75,0.35 6.39391
0.45,0.8,0 7.85732e-07
0.45,0.8,0.05 80.9672
0.45,0.8,0.1 322.394
0.45,0.8,0.15 82.4702
0.45,0.8,0.2 1.46531
0.45,0.8,0.25 20.6351
0.45,0.8,0.3 22.6146
0.45,0.8,0.35 1.15825
0.45,0.85,0 1.58594e-07
0.45,0.85,0.05 16.3439
0.45,0.85,0.1 64.9577
0.45,0.85,0.15 16.1356
0.45,0.85,0.2 0.00124085
0.45,0.85,0.25 0.00204926
0.45,0.85,0.3 0.000191868
0.45,0.9,0 1.66874e-12
0.45,0.9,0.05 0.000257712
0.45,0.9,0.1 0.00102509
0.45,0.9,0.15 0.00025484
0.5,0.05,0.15 8.40334e-06
0.5,0.05,0.2 0.0013532
0.5,0.05,0.25 0.324017
0.5,0.05,0.3 1.87265
0.5,0.05,0.35 0.676565
0.5,0.05,0.4 0.00092175
0.5,0.1,0 6.30253e-12
0.5,0.1,0.05 5.48151
0.5,0.1,0.1 21.9664
0.5,0.1,0.15 12.5371
0.5,0.1,0.2 27.6507
0.5,0.1,0.25 61.6741
0.5,0.1,0.3 146.927
0.5,0.1,0.35 41.051
0.5,0.1,0.4 0.0523951
0.5,0.15,0 6.94958e-10
0.5,0.15,0.05 37.6585
0.5,0.15,0.1 151.801
0.5,0.15,0.15 164.165
0.5,0.15,0.2 513.145
0.5,0.15,0.25 593.183
0.5,0.15,0.3 630.52
0.5,0.15,0.35 97.1716
0.5,0.15,0.4 0.07961
0.5,0.2,0 8.03207e-09
0.5,0.2,0.05 113.499
0.5,0.2,0.1 460.825
0.5,0.2,0.15 423.07
0.5,0.2,0.2 829.78
0.5,0.2,0.25 655.265
0.5,0.2,0.3 454.037
0.5,0.2,0.35 46.6116
0.5,0.2,0.4 0.020495
0.5,0.25,0 5.61121e-09
0.5,0.25,0.05 100.952
0.5,0.25,0.1 412.397
0.5,0.25,0.15 340.345
0.5,0.25,0.2 462.303
0.5,0.25,0.25 430.232
0.5,0.25,0.3 154.168
0.5,0.25,0.35 9.50536
0.5,0.25,0.4 0.0361574
0.5,0.3,0 8.80363e-10
0.5,0.3,0.05 158.173
0.5,0.3,0.1 673.591
0.5,0.3,0.15 774.622
0.5,0.3,0.2 620.858
0.5,0.3,0.25 205.255
0.5,0.3,0.3 65.1234
0.5,0.3,0.35 25.5377
0.5,0.3,0.4 8.50436
0.5,0.3,0.45 0.00945558
0.5,0.35,0 1.0822e-09
0.5,0.35,0.05 184.305
0.5,0.35,0.1 761.067
0.5,0.35,0.15 581.227
0.5,0.35,0.2 532.297
0.5,0.35,0.25 110.245
0.5,0.35,0.3 148.954
0.5,0.35,0.35 351.747
0.5,0.35,0.4 103.377
0.5,0.35,0.45 0.112605
0.5,0.4,0 8.55786e-10
0.5,0.4,0.05 97.0878
0.5,0.4,0.1 392.562
0.5,0.4,0.15 293.499
0.5,0.4,0.2 389.675
0.5,0.4,0.25 239.753
0.5,0.4,0.3 601.398
0.5,0.4,0.35 524.575
0.5,0.4,0.4 75.4432
0.5,0.4,0.45 0.0739437
0.5,0.45,0 1.66423e-09
0.5,0.45,0.05 106.812
0.5,0.45,0.1 434.436
0.5,0.45,0.15 340.794
0.5,0.45,0.2 452.58
0.5,0.45,0.25 538.986
0.5,0.45,0.3 375.517
0.5,0.45,0.35 141.795
0.5,0.45,0.4 8.75167
0.5,0.45,0.45 0.343475
0.5,0.5,0 4.99493e-09
0.5,0.5,0.05 145.839
0.5,0.5,0.1 586.777
0.5,0.5,0.15 382.861
0.5,0.5,0.2 547.013
0.5,0.5,0.25 286.014
0.5,0.5,0.3 170.371
0.5,0.5,0.35 199.15
0.5,0.5,0.4 126.182
0.5,0.5,0.45 8.36008
0.5,0.55,0 4.86634e-09
0.5,0.55,0.05 166.016
0.5,0.55,0.1 713.989
0.5,0.55,0.15 668.817
0.5,0.55,0.2 858.715
0.5,0.55,0.25 120.066
0.5,0.55,0.3 155.62
0.5,0.55,0.35 248.182
0.5,0.55,0.4 133.094
0.5,0.55,0.45 8.64164
0.5,0.6,0 5.14502e-10
0.5,0.6,0.05 70.5563
0.5,0.6,0.1 388.791
0.5,0.6,0.15 427.809
0.5,0.6,0.2 549.809
0.5,0.6,0.25 80.8645
0.5,0.6,0.3 15.8696
0.5,0.6,0.35 20.8633
0.5,0.6,0.4 6.63383
0.5,0.6,0.45 0.398514
0.5,0.65,0 1.70935e-10
0.5,0.65,0.05 81.4021
0.5,0.65,0.1 454.948
0.5,0.65,0.15 287.357
0.5,0.65,0.2 210.043
0.5,0.65,0.25 26.3976
0.5,0.65,0.3 0.0426572
0.5,0.65,0.35 7.03629e-06
0.5,0.7,0 7.70559e-12
0.5,0.7,0.05 21.4824
0.5,0.7,0.1 160.847
0.5,0.7,0.15 332.434
0.5,0.7,0.2 215.994
0.5,0.7,0.25 15.2846
0.5,0.7,0.3 0.152664
0.5,0.7,0.35 0.00781963
0.5,0.75,0 1.82803e-08
0.5,0.75,0.05 8.34783
0.5,0.75,0.1 108.649
0.5,0.75,0.15 334.452
0.5,0.75,0.2 96.7719
0.5,0.75,0.25 1.33039
0.5,0.75,0.3 0.444779
0.5,0.75,0.35 0.0227857
0.5,0.8,0 1.78869e-07
0.5,0.8,0.05 31.8907
0.5,0.8,0.1 136.591
0.5,0.8,0.15 72.1734
0.5,0.8,0.2 10.7523
0.5,0.8,0.25 0.0734029
0.5,0.8,0.3 0.0805712
0.5,0.8,0.35 0.0041276
0.5,0.85,0 1.65992e-07
0.5,0.85,0.05 25.4838
0.5,0.85,0.1 101.369
0.5,0.85,0.15 25.2017
0.5,0.9,0 8.96276e-09
0.5,0.9,0.05 1.38416
0.5,0.9,0.1 5.50572
0.5,0.9,0.15 1.36874
0.55,0.05,0.25 0.00240284
0.55,0.05,0.3 0.014007
0.55,0.05,0.35 0.00506151
0.55,0.05,0.4 6.89578e-06
0.55,0.1,0 6.64637e-12
0.55,0.1,0.05 0.102167
0.55,0.1,0.1 1.16331
0.55,0.1,0.15 21.6731
0.55,0.1,0.2 28.6443
0.55,0.1,0.25 29.1218
0.55,0.1,0.3 30.5679
0.55,0.1,0.35 2.14295
0.55,0.1,0.4 0.000391977
0.55,0.15,0 2.0149e-09
0.55,0.15,0.05 29.9263
0.55,0.15,0.1 125.218
0.55,0.15,0.15 198.287
0.55,0.15,0.2 296.324
0.55,0.15,0.25 319.817
0.55,0.15,0.3 310.782
0.55,0.15,0.35 24.7964
0.55,0.15,0.4 0.0011286
0.55,0.2,0 7.32836e-09
0.55,0.2,0.05 102.104
0.55,0.2,0.1 421.085
0.55,0.2,0.15 489.953
0.55,0.2,0.2 681.968
0.55,0.2,0.25 363.901
0.55,0.2,0.3 368.823
0.55,0.2,0.35 73.5703
0.55,0.2,0.4 0.263866
0.55,0.25,0 2.83416e-09
0.55,0.25,0.05 61.0912
0.55,0.25,0.1 264.015
0.55,0.25,0.15 523.945
0.55,0.25,0.2 724.435
0.55,0.25,0.25 785.706
0.55,0.25,0.3 569.22
0.55,0.25,0.35 137.692
0.55,0.25,0.4 0.699575
0.55,0.3,0 4.06648e-10
0.55,0.3,0.05 101.954
0.55,0.3,0.1 425.926
0.55,0.3,0.15 423.979
0.55,0.3,0.2 553.838
0.55,0.3,0.25 774.848
0.55,0.3,0.3 342.291
0.55,0.3,0.35 59.7637
0.55,0.3,0.4 6.47854
0.55,0.3,0.45 0.00700043
0.55,0.35,0 1.67284e-09
0.55,0.35,0.05 146.229
0.55,0.35,0.1 601.499
0.55,0.35,0.15 212.943
0.55,0.35,0.2 177.624
0.55,0.35,0.25 172.766
0.55,0.35,0.3 82.8363
0.55,0.35,0.35 225.112
0.55,0.35,0.4 75.0153
0.55,0.35,0.45 0.0833672
0.55,0.4,0 1.13906e-09
0.55,0.4,0.05 77.8476
0.55,0.4,0.1 316.101
0.55,0.4,0.15 122.917
0.55,0.4,0.2 118.507
0.55,0.4,0.25 168.272
0.55,0.4,0.3 124.728
0.55,0.4,0.35 168.005
0.55,0.4,0.4 49.4804
0.55,0.4,0.45 0.0547442
0.55,0.45,0 1.94604e-09
0.55,0.45,0.05 112.883
0.55,0.45,0.1 452.244
0.55,0.45,0.15 279.797
0.55,0.45,0.2 488.221
0.55,0.45,0.25 408.237
0.55,0.45,0.3 127.637
0.55,0.45,0.35 16.6569
0.55,0.45,0.4 1.02201
0.55,0.45,0.45 0.00491059
0.55,0.5,0 2.94974e-09
0.55,0.5,0.05 100.492
0.55,0.5,0.1 406.346
0.55,0.5,0.15 459.813
0.55,0.5,0.2 792.412
0.55,0.5,0.25 180.613
0.55,0.5,0.3 20.2518
0.55,0.5,0.35 1.45055
0.55,0.5,0.4 1.42364
0.55,0.5,0.45 0.0966055
0.55,0.55,0 1.91213e-09
0.55,0.55,0.05 65.7388
0.55,0.55,0.1 351.958
0.55,0.55,0.15 600.668
0.55,0.55,0.2 740.477
0.55,0.55,0.25 220.917
0.55,0.55,0.3 41.2217
0.55,0.55,0.35 1.64958
0.55,0.55,0.4 1.48518
0.55,0.55,0.45 0.0998591
0.55,0.6,0 8.47764e-11
0.55,0.6,0.05 54.8582
0.55,0.6,0.1 360.002
0.55,0.6,0.15 409.609
0.55,0.6,0.2 348.718
0.55,0.6,0.25 106.865
0.55,0.6,0.3 18.8355
0.55,0.6,0.35 0.121728
0.55,0.6,0.4 0.0707748
0.55,0.6,0.45 0.00460506
0.55,0.65,0 1.15116e-10
0.55,0.65,0.05 50.3336
0.55,0.65,0.1 287.838
0.55,0.65,0.15 471.738
0.55,0.65,0.2 693.917
0.55,0.65,0.25 129.253
0.55,0.65,0.3 0.392372
0.55,0.65,0.35 2.99381e-06
0.55,0.7,0 1.048e-10
0.55,0.7,0.05 34.7466
0.55,0.7,0.1 301.541
0.55,0.7,0.15 727.919
0.55,0.7,0.2 737.375
0.55,0.7,0.25 106.578
0.55,0.7,0.3 0.0237175
0.55,0.75,0 1.43038e-08
0.55,0.75,0.05 72.6312
0.55,0.75,0.1 452.833
0.55,0.75,0.15 511.564
0.55,0.75,0.2 118.603
0.55,0.75,0.25 4.50747
0.55,0.8,0 4.45858e-07
0.55,0.8,0.05 145.116
0.55,0.8,0.1 593.593
0.55,0.8,0.15 187.906
0.55,0.8,0.2 9.51891
0.55,0.8,0.25 6.86558e-05
0.55,0.85,0 5.23551e-07
0.55,0.85,0.05 89.3176
0.55,0.85,0.1 355.453
0.55,0.85,0.15 88.4116
0.55,0.9,0 2.99179e-08
0.55,0.9,0.05 5.75641
0.55,0.9,0.1 22.9211
0.55,0.9,0.15 5.70429
0.55,0.95,0 9.51499e-18
0.55,0.95,0.05 1.11451e-05
0.55,0.95,0.1 4.45676e-05
0.55,0.95,0.15 1.11387e-05
0.6,0.1,0 8.30241e-12
0.6,0.1,0.05 0.127398
0.6,0.1,0.1 2.23008
0.6,0.1,0.15 48.396
0.6,0.1,0.2 53.6888
0.6,0.1,0.25 3.41091
0.6,0.1,0.3 0.710816
0.6,0.1,0.35 0.0422034
0.6,0.15,0 2.20988e-09
0.6,0.15,0.05 35.9643
0.6,0.15,0.1 155.863
0.6,0.15,0.15 379.424
0.6,0.15,0.2 384.247
0.6,0.15,0.25 28.2311
0.6,0.15,0.3 10.6114
0.6,0.15,0.35 0.878652
0.6,0.15,0.4 0.000478454
0.6,0.2,0 5.21643e-09
0.6,0.2,0.05 138.514
0.6,0.2,0.1 566.562
0.6,0.2,0.15 397.472
0.6,0.2,0.2 272.698
0.6,0.2,0.25 136.789
0.6,0.2,0.3 241.389
0.6,0.2,0.35 57.1622
0.6,0.2,0.4 0.236717
0.6,0.25,0 7.91371e-10
0.6,0.25,0.05 79.5037
0.6,0.25,0.1 400.569
0.6,0.25,0.15 608.964
0.6,0.25,0.2 510.579
0.6,0.25,0.25 622.463
0.6,0.25,0.3 588.622
0.6,0.25,0.35 152.954
0.6,0.25,0.4 0.698883
0.6,0.3,0 1.03369e-10
0.6,0.3,0.05 22.6787
0.6,0.3,0.1 252.886
0.6,0.3,0.15 569.453
0.6,0.3,0.2 678.919
0.6,0.3,0.25 772.346
0.6,0.3,0.3 548.419
0.6,0.3,0.35 172.549
0.6,0.3,0.4 0.84384
0.6,0.3,0.45 0.000164699
0.6,0.35,0 5.7752e-10
0.6,0.35,0.05 77.6554
0.6,0.35,0.1 619.86
0.6,0.35,0.15 455.41
0.6,0.35,0.2 264.762
0.6,0.35,0.25 240.024
0.6,0.35,0.3 176.007
0.6,0.35,0.35 73.2319
0.6,0.35,0.4 2.03103
0.6,0.35,0.45 0.00196138
0.6,0.4,0 2.65865e-10
0.6,0.4,0.05 46.7107
0.6,0.4,0.1 292.778
0.6,0.4,0.15 198.245
0.6,0.4,0.2 157.678
0.6,0.4,0.25 43.8468
0.6,0.4,0.3 4.86958
0.6,0.4,0.35 3.61608
0.6,0.4,0.4 1.15889
0.6,0.4,0.45 0.00128796
0.6,0.45,0 9.10978e-10
0.6,0.45,0.05 154.972
0.6,0.45,0.1 620.151
0.6,0.45,0.15 351.979
0.6,0.45,0.2 604.058
0.6,0.45,0.25 158.96
0.6,0.45,0.3 7.98544
0.6,0.45,0.35 0.0582385
0.6,0.45,0.4 0.0202252
0.6,0.45,0.45 2.25028e-05
0.6,0.5,0 1.86219e-09
0.6,0.5,0.05 144.194
0.6,0.5,0.1 580.336
0.6,0.5,0.15 352.391
0.6,0.5,0.2 589.323
0.6,0.5,0.25 216.789
0.6,0.5,0.3 16.6677
0.6,0.5,0.35 0.000547573
0.6,0.55,0 3.03679e-10
0.6,0.55,0.05 18.749
0.6,0.55,0.1 119.029
0.6,0.55,0.15 428.459
0.6,0.55,0.2 467.401
0.6,0.55,0.25 431.02
0.6,0.55,0.3 105.225
0.6,0.55,0.35 0.00330395
0.6,0.6,0 1.66258e-11
0.6,0.6,0.05 8.27281
0.6,0.6,0.1 85.4088
0.6,0.6,0.15 546.529
0.6,0.6,0.2 661.653
0.6,0.6,0.25 318.477
0.6,0.6,0.3 50.0222
0.6,0.6,0.35 0.00150829
0.6,0.65,0 3.13502e-10
0.6,0.65,0.05 78.7083
0.6,0.65,0.1 463.519
0.6,0.65,0.15 672.593
0.6,0.65,0.2 856.289
0.6,0.65,0.25 272.855
0.6,0.65,0.3 3.36289
0.6,0.65,0.35 7.72297e-06
0.6,0.7,0 2.84968e-10
0.6,0.7,0.05 74.7003
0.6,0.7,0.1 604.502
0.6,0.7,0.15 858.431
0.6,0.7,0.2 481.65
0.6,0.7,0.25 90.6538
0.6,0.7,0.3 0.252015
0.6,0.75,0 3.4835e-09
0.6,0.75,0.05 82.4047
0.6,0.75,0.1 523.354
0.6,0.75,0.15 468.518
0.6,0.75,0.2 66.1752
0.6,0.75,0.25 2.63492
0.6,0.75,0.3 0.00215826
0.6,0.8,0 9.40025e-08
0.6,0.8,0.05 157.243
0.6,0.8,0.1 651.292
0.6,0.8,0.15 217.469
0.6,0.8,0.2 11.2501
0.6,0.8,0.25 0.00194396
0.6,0.8,0.3 3.65822e-05
0.6,0.85,0 1.09315e-07
0.6,0.85,0.05 109.325
0.6,0.85,0.1 437.219
0.6,0.85,0.15 110.602
0.6,0.85,0.2 0.347681
0.6,0.9,0 6.2527e-09
0.6,0.9,0.05 22.1589
0.6,0.9,0.1 88.5901
0.6,0.9,0.15 22.1361
0.6,0.95,0 1.77506e-16
0.6,0.95,0.05 0.000207916
0.6,0.95,0.1 0.000831427
0.6,0.95,0.15 0.000207798
0.65,0.1,0 5.2276e-13
0.65,0.1,0.05 0.00802165
0.65,0.1,0.1 0.83137
0.65,0.1,0.15 23.3062
0.65,0.1,0.2 26.4113
0.65,0.1,0.25 1.4251
0.65,0.15,0 1.40031e-10
0.65,0.15,0.05 3.75208
0.65,0.15,0.1 29.2511
0.65,0.15,0.15 271.511
0.65,0.15,0.2 296.361
0.65,0.15,0.25 20.4256
0.65,0.15,0.3 6.78767
0.65,0.15,0.35 0.583067
0.65,0.15,0.4 1.69709e-05
0.65,0.2,0 3.54334e-10
0.65,0.2,0.05 47.522
0.65,0.2,0.1 233.821
0.65,0.2,0.15 287.388
0.65,0.2,0.2 211.026
0.65,0.2,0.25 145.983
0.65,0.2,0.3 209.211
0.65,0.2,0.35 19.1748
0.65,0.2,0.4 0.00839641
0.65,0.25,0 7.89719e-11
0.65,0.25,0.05 50.26
0.65,0.25,0.1 374.158
0.65,0.25,0.15 449.506
0.65,0.25,0.2 220.703
0.65,0.25,0.25 251.713
0.65,0.25,0.3 276.647
0.65,0.25,0.35 34.2026
0.65,0.25,0.4 0.0600587
0.65,0.3,0 1.95602e-12
0.65,0.3,0.05 11.8278
0.65,0.3,0.1 307.806
0.65,0.3,0.15 720.816
0.65,0.3,0.2 657.655
0.65,0.3,0.25 297.946
0.65,0.3,0.3 191.566
0.65,0.3,0.35 73.7594
0.65,0.3,0.4 0.286498
0.65,0.35,0 3.67445e-12
0.65,0.35,0.05 40.7778
0.65,0.35,0.1 535.206
0.65,0.35,0.15 556.645
0.65,0.35,0.2 224.168
0.65,0.35,0.25 79.632
0.65,0.35,0.3 76.5991
0.65,0.35,0.35 32.37
0.65,0.35,0.4 0.127313
0.65,0.4,0 4.29691e-11
0.65,0.4,0.05 69.661
0.65,0.4,0.1 414.657
0.65,0.4,0.15 220.033
0.65,0.4,0.2 40.1261
0.65,0.4,0.25 6.83511
0.65,0.4,0.3 0.392608
0.65,0.4,0.35 0.155379
0.65,0.4,0.4 0.000611126
0.65,0.45,0 3.01326e-10
