0.65,0.4,0.15 131.454
0.65,0.4,0.2 56.5244
0.65,0.4,0.25 6.92816
0.65,0.4,0.3 1.29014
0.65,0.4,0.35 0.357193
0.65,0.4,0.4 1.27724e-05
0.65,0.45,0 2.3451e-10
0.65,0.45,0.05 154.858
0.65,0.45,0.1 620.236
0.65,0.45,0.15 303.675
0.65,0.45,0.2 307.781
0.65,0.45,0.25 38.2746
0.65,0.5,0 2.66291e-10
0.65,0.5,0.05 93.5659
0.65,0.5,0.1 376.156
0.65,0.5,0.15 387.045
0.65,0.5,0.2 641.674
0.65,0.5,0.25 92.5544
0.65,0.5,0.3 0.373821
0.65,0.55,0 5.75296e-11
0.65,0.55,0.05 45.0978
0.65,0.55,0.1 189.127
0.65,0.55,0.15 304.382
0.65,0.55,0.2 606.982
0.65,0.55,0.25 159.687
0.65,0.55,0.3 3.4416
0.65,0.6,0 4.93358e-11
0.65,0.6,0.05 49.5823
0.65,0.6,0.1 228.644
0.65,0.6,0.15 397.029
0.65,0.6,0.2 603.684
0.65,0.6,0.25 160.185
0.65,0.6,0.3 2.04349
0.65,0.65,0 1.44239e-10
0.65,0.65,0.05 91.6233
0.65,0.65,0.1 452.934
0.65,0.65,0.15 424.941
0.65,0.65,0.2 320.651
0.65,0.65,0.25 68.9788
0.65,0.65,0.3 0.187904
0.65,0.7,0 4.39244e-11
0.65,0.7,0.05 46.9247
0.65,0.7,0.1 442.454
0.65,0.7,0.15 498.166
0.65,0.7,0.2 142.453
0.65,0.7,0.25 7.55086
0.65,0.7,0.3 0.00545363
0.65,0.75,0 3.29656e-10
0.65,0.75,0.05 45.6118
0.65,0.75,0.1 436.628
0.65,0.75,0.15 327.392
0.65,0.75,0.2 16.9447
0.65,0.75,0.25 0.263429
0.65,0.8,0 7.41904e-10
0.65,0.8,0.05 82.9772
0.65,0.8,0.1 468.166
0.65,0.8,0.15 225.405
0.65,0.8,0.2 5.06837
0.65,0.85,0 1.7205e-10
0.65,0.85,0.05 78.0682
0.65,0.85,0.1 314.835
0.65,0.85,0.15 80.8018
0.65,0.85,0.2 0.099104
0.65,0.9,0 1.99767e-11
0.65,0.9,0.05 18.789
0.65,0.9,0.1 75.1345
0.65,0.9,0.15 18.7783
0.65,0.95,0 1.57188e-16
0.65,0.95,0.05 0.000184117
0.65,0.95,0.1 0.000736258
0.65,0.95,0.15 0.000184012
0.7,0.1,0 -7.72849e-19
0.7,0.1,0.05 0.000580121
0.7,0.1,0.1 0.766979
0.7,0.1,0.15 4.681
0.7,0.1,0.2 1.77019
0.7,0.1,0.25 0.00331666
0.7,0.15,0 1.43851e-13
0.7,0.15,0.05 25.3634
0.7,0.15,0.1 115.012
0.7,0.15,0.15 108.74
0.7,0.15,0.2 38.917
0.7,0.15,0.25 7.07809
0.7,0.15,0.3 0.268545
0.7,0.2,0 5.03492e-12
0.7,0.2,0.05 114.39
0.7,0.2,0.1 469.26
0.7,0.2,0.15 189.533
0.7,0.2,0.2 104.297
0.7,0.2,0.25 72.1295
0.7,0.2,0.3 2.75691
0.7,0.25,0 5.80839e-12
0.7,0.25,0.05 132.143
0.7,0.25,0.1 530.967
0.7,0.25,0.15 171.585
0.7,0.25,0.2 133.131
0.7,0.25,0.25 58.286
0.7,0.25,0.3 6.09071
0.7,0.25,0.35 1.23794
0.7,0.25,0.4 4.42658e-05
0.7,0.3,0 7.36434e-12
0.7,0.3,0.05 41.4598
0.7,0.3,0.1 177.014
0.7,0.3,0.15 179.538
0.7,0.3,0.2 258.375
0.7,0.3,0.25 51.0708
0.7,0.3,0.3 37.5603
0.7,0.3,0.35 10.3934
0.7,0.3,0.4 0.000371643
0.7,0.35,0 4.23207e-11
0.7,0.35,0.05 45.3713
0.7,0.35,0.1 190.639
0.7,0.35,0.15 116.119
0.7,0.35,0.2 65.2322
0.7,0.35,0.25 11.7357
0.7,0.35,0.3 18.7603
0.7,0.35,0.35 5.19405
0.7,0.35,0.4 0.000185727
0.7,0.4,0 2.56468e-11
0.7,0.4,0.05 145.926
0.7,0.4,0.1 590.031
0.7,0.4,0.15 206.452
0.7,0.4,0.2 36.7489
0.7,0.4,0.25 0.588121
0.7,0.4,0.3 0.138853
0.7,0.4,0.35 0.0384435
0.7,0.4,0.4 1.37465e-06
0.7,0.45,0 5.59037e-11
0.7,0.45,0.05 141.596
0.7,0.45,0.1 568.436
0.7,0.45,0.15 185.686
0.7,0.45,0.2 69.3789
0.7,0.45,0.25 7.84011
0.7,0.5,0 6.87564e-11
0.7,0.5,0.05 151.877
0.7,0.5,0.1 623.85
0.7,0.5,0.15 321.183
0.7,0.5,0.2 331.813
0.7,0.5,0.25 44.5261
0.7,0.5,0.3 0.000287405
0.7,0.55,0 5.1424e-11
0.7,0.55,0.05 125.227
0.7,0.55,0.1 529.462
0.7,0.55,0.15 403.28
0.7,0.55,0.2 532.613
0.7,0.55,0.25 66.7546
0.7,0.55,0.3 0.00283942
0.7,0.6,0 7.00066e-11
0.7,0.6,0.05 89.2985
0.7,0.6,0.1 362.632
0.7,0.6,0.15 324.015
0.7,0.6,0.2 448.182
0.7,0.6,0.25 52.5477
0.7,0.6,0.3 0.00496557
0.7,0.65,0 1.46026e-10
0.7,0.65,0.05 79.3715
0.7,0.65,0.1 370.047
0.7,0.65,0.15 174.29
0.7,0.65,0.2 38.766
0.7,0.65,0.25 4.41781
0.7,0.65,0.3 0.00303972
0.7,0.7,0 4.2527e-11
0.7,0.7,0.05 28.811
0.7,0.7,0.1 351.382
0.7,0.7,0.15 393.939
0.7,0.7,0.2 30.9251
0.7,0.7,0.25 0.0362142
0.7,0.7,0.3 9.69725e-05
0.7,0.75,0 6.10148e-12
0.7,0.75,0.05 8.43572
0.7,0.75,0.1 189.047
0.7,0.75,0.15 208.798
0.7,0.75,0.2 12.9796
0.7,0.75,0.25 6.90241e-05
0.7,0.8,0 2.01839e-09
0.7,0.8,0.05 15.688
0.7,0.8,0.1 124.65
0.7,0.8,0.15 80.4608
0.7,0.8,0.2 2.31172
0.7,0.85,0 8.01202e-09
0.7,0.85,0.05 41.3665
0.7,0.85,0.1 166.399
0.7,0.85,0.15 42.4937
0.7,0.85,0.2 0.0450596
0.7,0.9,0 2.00013e-09
0.7,0.9,0.05 10.3149
0.7,0.9,0.1 41.1903
0.7,0.9,0.15 10.2803
0.7,0.95,0 5.43256e-18
0.7,0.95,0.05 6.36324e-06
0.7,0.95,0.1 2.54457e-05
0.7,0.95,0.15 6.35962e-06
0.75,0.1,0 -4.45664e-19
0.75,0.1,0.05 0.000334528
0.75,0.1,0.1 0.00134344
0.75,0.1,0.15 0.000367436
0.75,0.1,0.2 1.24555e-05
0.75,0.1,0.25 2.33368e-08
0.75,0.15,0 -1.9462e-14
0.75,0.15,0.05 14.6087
0.75,0.15,0.1 58.4328
0.75,0.15,0.15 14.6082
0.75,0.15,0.2 0.000639445
0.75,0.15,0.25 0.00039098
0.75,0.15,0.3 1.49424e-05
0.75,0.2,0 -7.13191e-14
0.75,0.2,0.05 58.209
0.75,0.2,0.1 232.834
0.75,0.2,0.15 58.2094
0.75,0.2,0.2 0.00679667
0.75,0.2,0.25 0.00441355
0.75,0.2,0.3 0.0001534
0.75,0.25,0 -1.63324e-14
0.75,0.25,0.05 35.8879
0.75,0.25,0.1 143.579
0.75,0.25,0.15 36.5857
0.75,0.25,0.2 1.92947
0.75,0.25,0.25 0.338995
0.75,0.25,0.3 9.01084e-05
0.75,0.3,0.05 7.53183
0.75,0.3,0.1 30.1406
0.75,0.3,0.15 9.47627
0.75,0.3,0.2 5.4309
0.75,0.3,0.25 0.947495
0.75,0.3,0.3 1.14963e-06
0.75,0.35,0 6.35392e-19
0.75,0.35,0.05 50.1578
0.75,0.35,0.1 210.671
0.75,0.35,0.15 154.73
0.75,0.35,0.2 64.5252
0.75,0.35,0.25 1.07698
0.75,0.4,0 1.42122e-12
0.75,0.4,0.05 165.356
0.75,0.4,0.1 695.405
0.75,0.4,0.15 520.787
0.75,0.4,0.2 216.875
0.75,0.4,0.25 3.10943
0.75,0.45,0 1.8113e-11
0.75,0.45,0.05 118.19
0.75,0.45,0.1 491.321
0.75,0.45,0.15 238.482
0.75,0.45,0.2 57.6171
0.75,0.45,0.25 0.736501
0.75,0.5,0 1.91164e-11
0.75,0.5,0.05 99.893
0.75,0.5,0.1 502.629
0.75,0.5,0.15 421.737
0.75,0.5,0.2 85.4001
0.75,0.5,0.25 1.46982
0.75,0.55,0 4.3733e-11
0.75,0.55,0.05 101.68
0.75,0.55,0.1 495.464
0.75,0.55,0.15 324.266
0.75,0.55,0.2 148.78
0.75,0.55,0.25 12.2866
0.75,0.6,0 3.92023e-11
0.75,0.6,0.05 39.6387
0.75,0.6,0.1 166.835
0.75,0.6,0.15 131.245
0.75,0.6,0.2 153.945
0.75,0.6,0.25 15.6833
0.75,0.65,0 7.81737e-12
0.75,0.65,0.05 15.198
0.75,0.65,0.1 91.0794
0.75,0.65,0.15 79.419
0.75,0.65,0.2 17.6176
0.75,0.65,0.25 1.15335
0.75,0.7,0 1.87689e-12
0.75,0.7,0.05 3.21124
0.75,0.7,0.1 180.316
0.75,0.7,0.15 323.858
0.75,0.7,0.2 34.9178
0.75,0.75,0 2.65199e-11
0.75,0.75,0.05 0.738606
0.75,0.75,0.1 61.1354
0.75,0.75,0.15 111.853
0.75,0.75,0.2 12.0769
0.75,0.8,0 6.47176e-09
0.75,0.8,0.05 30.6677
0.75,0.8,0.1 122.818
0.75,0.8,0.15 30.9896
0.75,0.8,0.2 0.0231151
0.75,0.85,0 2.26947e-08
0.75,0.85,0.05 108.817
0.75,0.85,0.1 434.499
0.75,0.85,0.15 108.436
0.75,0.85,0.2 0.000226648
0.75,0.9,0 5.3693e-09
0.75,0.9,0.05 25.8896
0.75,0.9,0.1 103.375
0.75,0.9,0.15 25.7978
0.8,0.05,0 1.96048e-11
0.8,0.05,0.05 1.15495
0.8,0.05,0.1 4.61623
0.8,0.05,0.15 1.15317
0.8,0.1,0 2.31151e-10
0.8,0.1,0.05 13.6174
0.8,0.1,0.1 54.4276
0.8,0.1,0.15 13.5964
0.8,0.15,0 1.50684e-10
0.8,0.15,0.05 9.05319
0.8,0.15,0.1 36.1854
0.8,0.15,0.15 9.0395
0.8,0.2,0 2.58135e-12
0.8,0.2,0.05 0.797686
0.8,0.2,0.1 3.19018
0.8,0.2,0.15 0.797405
0.8,0.25,0 -1.96951e-16
0.8,0.25,0.05 0.147837
0.8,0.25,0.1 0.591326
0.8,0.25,0.15 0.147826
0.8,0.3,0.05 0.0111496
0.8,0.3,0.1 0.0451738
0.8,0.3,0.15 0.0161986
0.8,0.3,0.2 0.00305104
0.8,0.3,0.25 4.37441e-05
0.8,0.35,0 1.42955e-13
0.8,0.35,0.05 5.5312
0.8,0.35,0.1 25.7483
0.8,0.35,0.15 44.1861
0.8,0.35,0.2 23.6094
0.8,0.35,0.25 0.338498
0.8,0.4,0 3.38364e-12
0.8,0.4,0.05 21.6779
0.8,0.4,0.1 99.025
0.8,0.4,0.15 153.512
0.8,0.4,0.2 80.5351
0.8,0.4,0.25 1.15467
0.8,0.45,0 5.90768e-12
0.8,0.45,0.05 17.2471
0.8,0.45,0.1 81.7183
0.8,0.45,0.15 85.0802
0.8,0.45,0.2 26.9284
0.8,0.45,0.25 0.24599
0.8,0.5,0 1.68438e-11
0.8,0.5,0.05 14.6242
0.8,0.5,0.1 131.027
0.8,0.5,0.15 287.976
0.8,0.5,0.2 66.7526
0.8,0.5,0.25 0.00236141
0.8,0.55,0 2.5589e-10
0.8,0.55,0.05 89.7265
0.8,0.55,0.1 395.183
0.8,0.55,0.15 207.81
0.8,0.55,0.2 28.953
0.8,0.55,0.25 0.107786
0.8,0.6,0 2.26559e-10
0.8,0.6,0.05 139.215
0.8,0.6,0.1 557.802
0.8,0.6,0.15 140.898
0.8,0.6,0.2 1.57352
0.8,0.6,0.25 0.15004
0.8,0.65,0 8.71427e-12
0.8,0.65,0.05 76.2355
0.8,0.65,0.1 307.49
0.8,0.65,0.15 81.2239
0.8,0.65,0.2 0.648695
0.8,0.65,0.25 0.011103
0.8,0.7,0 2.27173e-13
0.8,0.7,0.05 4.86103
0.8,0.7,0.1 33.7481
0.8,0.7,0.15 32.3287
0.8,0.7,0.2 2.99935
0.8,0.75,0 2.78316e-10
0.8,0.75,0.05 1.45652
0.8,0.75,0.1 10.7623
0.8,0.75,0.15 10.9475
0.8,0.75,0.2 1.03683
0.8,0.8,0 1.35993e-08
0.8,0.8,0.05 59.6748
0.8,0.8,0.1 238.271
0.8,0.8,0.15 59.4721
0.8,0.8,0.2 0.00169863
0.8,0.85,0 2.1173e-08
0.8,0.85,0.05 93.7072
0.8,0.85,0.1 374.202
0.8,0.85,0.15 93.4832
0.8,0.85,0.2 0.0143632
0.8,0.9,0 2.16719e-09
0.8,0.9,0.05 9.81933
0.8,0.9,0.1 39.2583
0.8,0.9,0.15 9.89289
0.8,0.9,0.2 0.013391
0.8,0.95,0.05 1.3846e-05
0.8,0.95,0.1 0.00204156
0.8,0.95,0.15 0.00417905
0.8,0.95,0.2 0.00051143
0.85,0.05,0 1.24806e-10
0.85,0.05,0.05 7.35247
0.85,0.05,0.1 29.3872
0.85,0.05,0.15 7.34114
0.85,0.1,0 1.47152e-09
0.85,0.1,0.05 86.6892
0.85,0.1,0.1 346.489
0.85,0.1,0.15 86.5556
0.85,0.15,0 9.59267e-10
0.85,0.15,0.05 56.5117
0.85,0.15,0.1 225.873
0.85,0.15,0.15 56.4246
0.85,0.2,0 1.64385e-11
0.85,0.2,0.05 0.968414
0.85,0.2,0.1 3.87067
0.85,0.2,0.15 0.966922
0.85,0.3,0.1 7.64667e-07
0.85,0.3,0.15 8.26779e-06
0.85,0.3,0.2 5.05307e-06
0.85,0.3,0.25 7.24479e-08
0.85,0.35,0 1.40313e-12
0.85,0.35,0.05 2.98423
0.85,0.35,0.1 11.94
0.85,0.35,0.15 3.04681
0.85,0.35,0.2 0.0391013
0.85,0.35,0.25 0.000560612
0.85,0.4,0 3.33299e-11
0.85,0.4,0.05 67.8177
0.85,0.4,0.1 271.227
0.85,0.4,0.15 68.0041
0.85,0.4,0.2 0.13338
0.85,0.4,0.25 0.00191233
0.85,0.45,0 1.52084e-10
0.85,0.45,0.05 93.7238
0.85,0.45,0.1 375.142
0.85,0.45,0.15 95.121
0.85,0.45,0.2 0.374693
0.85,0.45,0.25 0.000407402
0.85,0.5,0 2.0941e-10
0.85,0.5,0.05 49.6953
0.85,0.5,0.1 201.132
0.85,0.5,0.15 59.2666
0.85,0.5,0.2 2.36475
0.85,0.55,0 1.26872e-10
0.85,0.55,0.05 37.5247
0.85,0.55,0.1 151.054
0.85,0.55,0.15 41.5115
0.85,0.55,0.2 0.98831
0.85,0.6,0 9.53156e-11
0.85,0.6,0.05 57.5219
0.85,0.6,0.1 230.032
0.85,0.6,0.15 57.5061
0.85,0.6,0.2 0.0033181
0.85,0.65,0 7.27743e-12
0.85,0.65,0.05 56.8567
0.85,0.65,0.1 227.401
0.85,0.65,0.15 56.8437
0.85,0.7,0 8.47068e-12
0.85,0.7,0.05 60.7193
0.85,0.7,0.1 242.84
0.85,0.7,0.15 60.7005
0.85,0.75,0 1.79695e-10
0.85,0.75,0.05 10.525
0.85,0.75,0.1 42.0858
0.85,0.75,0.15 10.5179
0.85,0.8,0 7.95205e-09
0.85,0.8,0.05 72.5897
0.85,0.8,0.1 292.36
0.85,0.8,0.15 77.3283
0.85,0.8,0.2 0.602679
0.85,0.85,0 1.09868e-08
0.85,0.85,0.05 89.8976
0.85,0.85,0.1 406.751
0.85,0.85,0.15 189.508
0.85,0.85,0.2 12.2581
0.85,0.9,0 8.06315e-10
0.85,0.9,0.05 5.95768
0.85,0.9,0.1 68.1828
0.85,0.9,0.15 99.017
0.85,0.9,0.2 11.4283
0.85,0.95,0.05 0.0118166
0.85,0.95,0.1 1.74234
0.85,0.95,0.15 3.56654
0.85,0.95,0.2 0.436472
0.9,0.05,0 4.89436e-11
0.9,0.05,0.05 2.88334
0.9,0.05,0.1 11.5245
0.9,0.05,0.15 2.87889
0.9,0.1,0 5.77069e-10
0.9,0.1,0.05 33.9959
0.9,0.1,0.1 135.879
0.9,0.1,0.15 33.9435
0.9,0.15,0 3.76185e-10
0.9,0.15,0.05 22.1616
0.9,0.15,0.1 88.578
0.9,0.15,0.15 22.1274
0.9,0.2,0 6.4465e-12
0.9,0.2,0.05 0.379772
0.9,0.2,0.1 1.51792
0.9,0.2,0.15 0.379187
0.9,0.35,0 7.95838e-13
0.9,0.35,0.05 1.69262
0.9,0.35,0.1 6.7689
0.9,0.35,0.15 1.69183
0.9,0.4,0 2.09749e-11
0.9,0.4,0.05 38.9273
0.9,0.4,0.1 155.672
0.9,0.4,0.15 38.9087
0.9,0.45,0 2.41221e-10
0.9,0.45,0.05 87.7214
0.9,0.45,0.1 350.751
0.9,0.45,0.15 87.6544
0.9,0.5,0 3.75262e-10
0.9,0.5,0.05 85.1487
0.9,0.5,0.1 340.428
0.9,0.5,0.15 85.0654
0.9,0.55,0 3.61249e-11
0.9,0.55,0.05 8.08891
0.9,0.55,0.1 32.3396
0.9,0.55,0.15 8.08092
0.9,0.6,0 3.50992e-13
0.9,0.6,0.05 0.330887
0.9,0.6,0.1 1.32326
0.9,0.6,0.15 0.330743
0.9,0.65,0 5.08442e-12
0.9,0.65,0.05 35.6834
0.9,0.65,0.1 142.711
0.9,0.65,0.15 35.6722
0.9,0.7,0 1.17393e-11
0.9,0.7,0.05 82.3675
0.9,0.7,0.1 329.418
0.9,0.7,0.15 82.3416
0.9,0.75,0 2.30819e-11
0.9,0.75,0.05 13.8493
0.9,0.75,0.1 55.3843
0.9,0.75,0.15 13.8429
0.9,0.8,0 6.31785e-10
0.9,0.8,0.05 61.7592
0.9,0.8,0.1 253.489
0.9,0.8,0.15 75.5353
0.9,0.8,0.2 1.70097
0.9,0.85,0 7.26178e-10
0.9,0.85,0.05 69.0925
0.9,0.85,0.1 410.557
0.9,0.85,0.15 350.769
0.9,0.85,0.2 34.5965
0.9,0.9,0 4.0616e-11
0.9,0.9,0.05 4.39674
0.9,0.9,0.1 142.841
0.9,0.9,0.15 267.081
0.9,0.9,0.2 32.2546
0.9,0.95,0.05 0.0333507
0.9,0.95,0.1 4.91748
0.9,0.95,0.15 10.066
0.9,0.95,0.2 1.23187
0.95,0.05,0 1.15116e-13
0.95,0.05,0.05 0.00678165
0.95,0.05,0.1 0.0271057
0.95,0.05,0.15 0.0067712
0.95,0.1,0 1.35728e-12
0.95,0.1,0.05 0.079959
0.95,0.1,0.1 0.319589
0.95,0.1,0.15 0.0798357
0.95,0.15,0 8.84793e-13
0.95,0.15,0.05 0.0521244
0.95,0.15,0.1 0.208337
0.95,0.15,0.15 0.052044
0.95,0.2,0 1.51623e-14
0.95,0.2,0.05 0.000893231
0.95,0.2,0.1 0.00357017
0.95,0.2,0.15 0.000891854
0.95,0.35,0 9.11412e-15
0.95,0.35,0.05 0.0193843
0.95,0.35,0.1 0.0775191
0.95,0.35,0.15 0.0193752
0.95,0.4,0 5.29405e-13
0.95,0.4,0.05 0.510306
0.95,0.4,0.1 2.04067
0.95,0.4,0.15 0.51003
0.95,0.45,0 2.44059e-11
0.95,0.45,0.05 5.83192
0.95,0.45,0.1 23.3166
0.95,0.45,0.15 5.82637
0.95,0.5,0 4.0577e-11
0.95,0.5,0.05 9.06684
0.95,0.5,0.1 36.2494
0.95,0.5,0.15 9.05788
0.95,0.55,0 3.87302e-12
0.95,0.55,0.05 0.863833
0.95,0.55,0.1 3.45362
0.95,0.55,0.15 0.862979
0.95,0.6,0 1.48447e-15
0.95,0.6,0.05 0.0104151
0.95,0.6,0.1 0.041654
0.95,0.6,0.15 0.0104119
0.95,0.65,0 3.7401e-13
0.95,0.65,0.05 2.62407
0.95,0.65,0.1 10.4946
0.95,0.65,0.15 2.62325
0.95,0.7,0 8.6566e-13
0.95,0.7,0.05 6.07352
0.95,0.7,0.1 24.2903
0.95,0.7,0.15 6.07161
0.95,0.75,0 1.75853e-12
0.95,0.75,0.05 1.04604
0.95,0.75,0.1 4.18317
0.95,0.75,0.15 1.04554
0.95,0.8,0 4.51572e-11
0.95,0.8,0.05 5.22991
0.95,0.8,0.1 22.0639
0.95,0.8,0.15 7.65002
0.95,0.8,0.2 0.297946
0.95,0.85,0 4.97777e-11
0.95,0.85,0.05 5.92021
0.95,0.85,0.1 47.2011
0.95,0.85,0.15 55.2672
0.95,0.85,0.2 6.06001
0.95,0.9,0 2.56326e-12
0.95,0.9,0.05 0.449366
0.95,0.9,0.1 23.7381
0.95,0.9,0.15 46.4622
0.95,0.9,0.2 5.6498
0.95,0.95,0.05 0.00584179
0.95,0.95,0.1 0.861357
0.95,0.95,0.15 1.76319
0.95,0.95,0.2 0.215778
