0,0.4,0.15 1.71373e-14
0,0.4,0.2 7.33012e-14
0,0.4,0.25 1.95945e-14
0,0.4,0.3 2.04337e-19
0,0.45,0.15 1.61833e-11
0,0.45,0.2 6.92205e-11
0,0.45,0.25 1.85037e-11
0,0.45,0.3 1.92962e-16
0,0.5,0.15 4.6253e-11
0,0.5,0.2 1.97838e-10
0,0.5,0.25 5.2885e-11
0,0.5,0.3 5.515e-16
0,0.55,0.15 8.21008e-12
0,0.55,0.2 3.51169e-11
0,0.55,0.25 9.38728e-12
0,0.55,0.3 9.78933e-17
0,0.65,0.15 4.31381e-14
0,0.65,0.2 5.93819e-13
0,0.65,0.25 4.32066e-13
0,0.65,0.3 9.75849e-15
0,0.7,0.15 5.30933e-13
0,0.7,0.2 7.30859e-12
0,0.7,0.25 5.31777e-12
0,0.7,0.3 1.20105e-13
0,0.75,0.15 3.57062e-13
0,0.75,0.2 4.91516e-12
0,0.75,0.25 3.5763e-12
0,0.75,0.3 8.07729e-14
0,0.8,0.15 6.639e-15
0,0.8,0.2 9.13895e-14
0,0.8,0.25 6.64955e-14
0,0.8,0.3 1.50184e-15
0.05,0.1,0.1 0.399739
0.05,0.1,0.15 10.4514
0.05,0.1,0.2 11.2017
0.05,0.1,0.25 0.550029
0.05,0.15,0.05 0.000320999
0.05,0.15,0.1 2.01529
0.05,0.15,0.15 52.9262
0.05,0.15,0.2 59.8037
0.05,0.15,0.25 5.065
0.05,0.15,0.3 0.045043
0.05,0.15,0.35 0.00647108
0.05,0.15,0.4 0.00275509
0.05,0.15,0.45 1.01695e-05
0.05,0.2,0.05 0.0328646
0.05,0.2,0.1 0.764568
0.05,0.2,0.15 18.1716
0.05,0.2,0.2 37.3913
0.05,0.2,0.25 17.6981
0.05,0.2,0.3 8.62969
0.05,0.2,0.35 7.40641
0.05,0.2,0.4 2.74731
0.05,0.2,0.45 0.0101408
0.05,0.25,0.05 0.372843
0.05,0.25,0.1 1.49463
0.05,0.25,0.15 1.97883
0.05,0.25,0.2 10.6746
0.05,0.25,0.25 27.6085
0.05,0.25,0.3 49.7185
0.05,0.25,0.35 24.5769
0.05,0.25,0.4 7.90375
0.05,0.25,0.45 0.0291741
0.05,0.3,0.05 0.251764
0.05,0.3,0.1 1.00918
0.05,0.3,0.15 1.43835
0.05,0.3,0.2 4.07695
0.05,0.3,0.25 9.44007
0.05,0.3,0.3 18.7318
0.05,0.3,0.35 5.65532
0.05,0.3,0.4 1.41268
0.05,0.3,0.45 0.00521443
0.05,0.35,0 2.9298e-10
0.05,0.35,0.05 1.34774
0.05,0.35,0.1 5.38132
0.05,0.35,0.15 1.40748
0.05,0.35,0.2 0.219046
0.05,0.35,0.25 0.065498
0.05,0.35,0.3 0.0407013
0.05,0.35,0.35 0.00521093
0.05,0.4,0 1.17859e-09
0.05,0.4,0.05 5.4024
0.05,0.4,0.1 21.5716
0.05,0.4,0.15 5.49702
0.05,0.4,0.2 0.631911
0.05,0.4,0.25 0.270474
0.05,0.4,0.3 0.00144885
0.05,0.45,0 2.96324e-10
0.05,0.45,0.05 1.36852
0.05,0.45,0.1 5.6461
0.05,0.45,0.15 13.5361
0.05,0.45,0.2 60.3488
0.05,0.45,0.25 21.6962
0.05,0.45,0.3 1.74119
0.05,0.45,0.35 0.171132
0.05,0.5,0 1.9949e-18
0.05,0.5,0.05 0.178849
0.05,0.5,0.1 3.63223
0.05,0.5,0.15 31.9164
0.05,0.5,0.2 135.641
0.05,0.5,0.25 54.1283
0.05,0.5,0.3 20.208
0.05,0.5,0.35 4.35943
0.05,0.5,0.4 0.534938
0.05,0.55,0.05 0.15219
0.05,0.55,0.1 3.0805
0.05,0.55,0.15 7.42353
0.05,0.55,0.2 21.7438
0.05,0.55,0.25 49.1706
0.05,0.55,0.3 62.0234
0.05,0.55,0.35 16.8109
0.05,0.55,0.4 3.72409
0.05,0.55,0.45 0.0592467
0.05,0.6,0.05 0.00485371
0.05,0.6,0.1 0.098234
0.05,0.6,0.15 0.0913196
0.05,0.6,0.2 0.871154
0.05,0.6,0.25 32.0962
0.05,0.6,0.3 43.3887
0.05,0.6,0.35 17.5222
0.05,0.6,0.4 12.4611
0.05,0.6,0.45 0.536142
0.05,0.65,0.15 0.431787
0.05,0.65,0.2 5.96976
0.05,0.65,0.25 5.33896
0.05,0.65,0.3 1.68564
0.05,0.65,0.35 6.19093
0.05,0.65,0.4 6.25923
0.05,0.65,0.45 0.284983
0.05,0.7,0.15 5.31433
0.05,0.7,0.2 73.1546
0.05,0.7,0.25 53.2277
0.05,0.7,0.3 1.20452
0.05,0.7,0.35 0.0563972
0.05,0.7,0.4 0.0578753
0.05,0.7,0.45 0.00263508
0.05,0.75,0.15 3.57398
0.05,0.75,0.2 49.1978
0.05,0.75,0.25 35.7966
0.05,0.75,0.3 0.808489
0.05,0.8,0.15 0.0664524
0.05,0.8,0.2 0.914754
0.05,0.8,0.25 0.66558
0.05,0.8,0.3 0.0150325
0.1,0,0.1 2.01027e-19
0.1,0,0.15 6.84176e-17
0.1,0,0.2 1.67834e-16
0.1,0,0.25 2.52659e-17
0.1,0.05,0.1 2.64753e-06
0.1,0.05,0.15 0.000901064
0.1,0.05,0.2 0.00503707
0.1,0.05,0.25 0.733644
0.1,0.05,0.3 1.70744
0.1,0.05,0.35 0.242501
0.1,0.1,0.1 2.1485
0.1,0.1,0.15 56.2178
0.1,0.1,0.2 60.5876
0.1,0.1,0.25 6.86547
0.1,0.1,0.3 8.67296
0.1,0.1,0.35 1.24052
0.1,0.1,0.4 0.00073029
0.1,0.15,0.05 2.84793
0.1,0.15,0.1 22.2224
0.1,0.15,0.15 290.089
0.1,0.15,0.2 355.152
0.1,0.15,0.25 51.3218
0.1,0.15,0.3 6.87164
0.1,0.15,0.35 5.18162
0.1,0.15,0.4 0.388312
0.1,0.15,0.45 0.000168621
0.1,0.2,0.05 30.6035
0.1,0.2,0.1 125.898
0.1,0.2,0.15 143.879
0.1,0.2,0.2 388.721
0.1,0.2,0.25 236.238
0.1,0.2,0.3 86.1932
0.1,0.2,0.35 126.387
0.1,0.2,0.4 46.4411
0.1,0.2,0.45 0.168145
0.1,0.25,0.05 57.3788
0.1,0.25,0.1 229.975
0.1,0.25,0.15 114.376
0.1,0.25,0.2 271.562
0.1,0.25,0.25 282.927
0.1,0.25,0.3 406.058
0.1,0.25,0.35 355.456
0.1,0.25,0.4 131.195
0.1,0.25,0.45 0.483737
0.1,0.3,0.05 29.1003
0.1,0.3,0.1 117.187
0.1,0.3,0.15 85.0326
0.1,0.3,0.2 188.809
0.1,0.3,0.25 105.797
0.1,0.3,0.3 146.852
0.1,0.3,0.35 72.7766
0.1,0.3,0.4 23.4237
0.1,0.3,0.45 0.0864608
0.1,0.35,0 4.53765e-09
0.1,0.35,0.05 21.4567
0.1,0.35,0.1 85.8881
0.1,0.35,0.15 24.5317
0.1,0.35,0.2 10.2513
0.1,0.35,0.25 2.31592
0.1,0.35,0.3 0.309105
0.1,0.35,0.35 0.0395743
0.1,0.4,0 1.82539e-08
0.1,0.4,0.05 83.6723
0.1,0.4,0.1 334.345
0.1,0.4,0.15 91.5294
0.1,0.4,0.2 13.7615
0.1,0.4,0.25 2.91298
0.1,0.4,0.3 0.0224896
0.1,0.4,0.35 0.0600701
0.1,0.4,0.4 0.248289
0.1,0.4,0.45 0.0641407
0.1,0.4,0.5 8.10305e-08
0.1,0.45,0 4.58965e-09
0.1,0.45,0.05 22.6382
0.1,0.45,0.1 100.428
0.1,0.45,0.15 194.044
0.1,0.45,0.2 483.441
0.1,0.45,0.25 165.688
0.1,0.45,0.3 28.1301
0.1,0.45,0.35 13.2031
0.1,0.45,0.4 43.2591
0.1,0.45,0.45 11.1751
0.1,0.45,0.5 1.41256e-05
0.1,0.5,0 1.00188e-12
0.1,0.5,0.05 13.4187
0.1,0.5,0.1 174.714
0.1,0.5,0.15 369.69
0.1,0.5,0.2 843.42
0.1,0.5,0.25 441.963
0.1,0.5,0.3 313.702
0.1,0.5,0.35 137.624
0.1,0.5,0.4 111.081
0.1,0.5,0.45 23.8405
0.1,0.5,0.5 3.0233e-05
0.1,0.55,0 3.22651e-13
0.1,0.55,0.05 8.18454
0.1,0.55,0.1 133.835
0.1,0.55,0.15 167.206
0.1,0.55,0.2 198.123
0.1,0.55,0.25 483.052
0.1,0.55,0.3 581.091
0.1,0.55,0.35 433.997
0.1,0.55,0.4 116.043
0.1,0.55,0.45 4.13461
0.1,0.55,0.5 3.95927e-06
0.1,0.6,0 1.55456e-16
0.1,0.6,0.05 0.35147
0.1,0.6,0.1 12.0727
0.1,0.6,0.15 19.9732
0.1,0.6,0.2 31.803
0.1,0.6,0.25 262.707
0.1,0.6,0.3 303.215
0.1,0.6,0.35 329.027
0.1,0.6,0.4 234.451
0.1,0.6,0.45 9.67876
0.1,0.6,0.5 2.27344e-09
0.1,0.65,0.05 0.829938
0.1,0.65,0.1 43.8841
0.1,0.65,0.15 80.4828
0.1,0.65,0.2 57.2294
0.1,0.65,0.25 36.5035
0.1,0.65,0.3 93.3696
0.1,0.65,0.35 152.8
0.1,0.65,0.4 113.385
0.1,0.65,0.45 5.14465
0.1,0.7,0.05 0.281319
0.1,0.7,0.1 14.8947
0.1,0.7,0.15 58.3815
0.1,0.7,0.2 334.984
0.1,0.7,0.25 227.015
0.1,0.7,0.3 60.1125
0.1,0.7,0.35 27.848
0.1,0.7,0.4 1.24339
0.1,0.7,0.45 0.0475697
0.1,0.75,0.05 0.000226476
0.1,0.75,0.1 0.0133009
0.1,0.75,0.15 17.1457
0.1,0.75,0.2 206.103
0.1,0.75,0.25 146.211
0.1,0.75,0.3 5.58956
0.1,0.75,0.35 0.956503
0.1,0.75,0.4 0.0039827
0.1,0.8,0.1 9.19647e-08
0.1,0.8,0.15 0.266592
0.1,0.8,0.2 3.88683
0.1,0.8,0.25 3.23584
0.1,0.8,0.3 0.149142
0.1,0.85,0.15 7.56697e-06
0.1,0.85,0.2 0.00300928
0.1,0.85,0.25 0.0075876
0.1,0.85,0.3 0.00117729
0.15,0,0.1 2.5992e-15
0.15,0,0.15 8.84613e-13
0.15,0,0.2 2.17003e-12
0.15,0,0.25 3.26679e-13
0.15,0.05,0 3.77742e-13
0.15,0.05,0.05 0.00767793
0.15,0.05,0.1 0.0649096
0.15,0.05,0.15 11.6581
0.15,0.05,0.2 28.6652
0.15,0.05,0.25 26.8194
0.15,0.05,0.3 53.0023
0.15,0.05,0.35 7.68458
0.15,0.05,0.4 2.60178e-06
0.15,0.1,0 2.55832e-10
0.15,0.1,0.05 5.19999
0.15,0.1,0.1 21.6327
0.15,0.1,0.15 73.1599
0.15,0.1,0.2 157.739
0.15,0.1,0.25 145.101
0.15,0.1,0.3 272.124
0.15,0.1,0.35 39.9727
0.15,0.1,0.4 0.0149662
0.15,0.15,0 7.00245e-10
0.15,0.15,0.05 24.1281
0.15,0.15,0.1 100.324
0.15,0.15,0.15 158.907
0.15,0.15,0.2 371.324
0.15,0.15,0.25 184.231
0.15,0.15,0.3 163.221
0.15,0.15,0.35 115.217
0.15,0.15,0.4 7.6756
0.15,0.15,0.45 0.000138772
0.15,0.2,0 1.18728e-10
0.15,0.2,0.05 104.064
0.15,0.2,0.1 419.534
0.15,0.2,0.15 192.136
0.15,0.2,0.2 496.653
0.15,0.2,0.25 475.94
0.15,0.2,0.3 313.071
0.15,0.2,0.35 385.003
0.15,0.2,0.4 59.9529
0.15,0.2,0.45 0.13838
0.15,0.25,0 1.07418e-14
0.15,0.25,0.05 146.676
0.15,0.25,0.1 598.568
0.15,0.25,0.15 241.397
0.15,0.25,0.2 433.59
0.15,0.25,0.25 538.091
0.15,0.25,0.3 405.941
0.15,0.25,0.35 339.215
0.15,0.25,0.4 112.653
0.15,0.25,0.45 0.398106
0.15,0.3,0 7.95102e-15
0.15,0.3,0.05 94.0955
0.15,0.3,0.1 437.286
0.15,0.3,0.15 210.03
0.15,0.3,0.2 275.709
0.15,0.3,0.25 131.9
0.15,0.3,0.3 104.33
0.15,0.3,0.35 55.0798
0.15,0.3,0.4 19.3046
0.15,0.3,0.45 0.0711556
0.15,0.35,0 3.57347e-09
0.15,0.35,0.05 30.176
0.15,0.35,0.1 143.11
0.15,0.35,0.15 48.1398
0.15,0.35,0.2 14.7967
0.15,0.35,0.25 3.22186
0.15,0.35,0.3 0.141916
0.15,0.35,0.35 0.0181617
0.15,0.4,0 1.43752e-08
0.15,0.4,0.05 66.2582
0.15,0.4,0.1 270.008
0.15,0.4,0.15 132.487
0.15,0.4,0.2 57.3373
0.15,0.4,0.25 5.13976
0.15,0.4,0.3 0.365389
0.15,0.4,0.35 0.339002
0.15,0.4,0.4 1.05917
0.15,0.4,0.45 0.271728
0.15,0.4,0.5 3.43281e-07
0.15,0.45,0 3.61696e-09
0.15,0.45,0.05 33.5904
0.15,0.45,0.1 167.176
0.15,0.45,0.15 517.277
0.15,0.45,0.2 650.098
0.15,0.45,0.25 241.267
0.15,0.45,0.3 76.0906
0.15,0.45,0.35 80.6052
0.15,0.45,0.4 192.786
0.15,0.45,0.45 49.2146
0.15,0.45,0.5 0.00011306
0.15,0.5,0 1.39311e-11
0.15,0.5,0.05 94.7242
0.15,0.5,0.1 546.37
0.15,0.5,0.15 641.955
0.15,0.5,0.2 829.328
0.15,0.5,0.25 588.624
0.15,0.5,0.3 480.975
0.15,0.5,0.35 412.235
0.15,0.5,0.4 536.658
0.15,0.5,0.45 128.411
0.15,0.5,0.5 0.000908293
0.15,0.55,0 4.48659e-12
0.15,0.55,0.05 35.6369
0.15,0.55,0.1 279.024
0.15,0.55,0.15 353.282
0.15,0.55,0.2 478.538
0.15,0.55,0.25 707.767
0.15,0.55,0.3 830.226
0.15,0.55,0.35 836.466
0.15,0.55,0.4 303.287
0.15,0.55,0.45 34.755
0.15,0.55,0.5 0.000609263
0.15,0.6,0 2.51649e-10
0.15,0.6,0.05 5.28377
0.15,0.6,0.1 68.0863
0.15,0.6,0.15 119.094
0.15,0.6,0.2 127.144
0.15,0.6,0.25 345.325
0.15,0.6,0.3 377.62
0.15,0.6,0.35 414.736
0.15,0.6,0.4 226.291
0.15,0.6,0.45 8.95199
0.15,0.6,0.5 1.47888e-05
0.15,0.65,0 1.34118e-09
0.15,0.65,0.05 26.7667
0.15,0.65,0.1 328.489
0.15,0.65,0.15 573.537
0.15,0.65,0.2 409.933
0.15,0.65,0.25 132.582
0.15,0.65,0.3 599.626
0.15,0.65,0.35 397.247
0.15,0.65,0.4 100.861
0.15,0.65,0.45 4.4665
0.15,0.7,0 4.45021e-10
0.15,0.7,0.05 8.91559
0.15,0.7,0.1 124.218
0.15,0.7,0.15 367.386
0.15,0.7,0.2 591.657
0.15,0.7,0.25 233.709
0.15,0.7,0.3 473.829
0.15,0.7,0.35 213.353
0.15,0.7,0.4 2.34826
0.15,0.7,0.45 0.0412881
0.15,0.75,0 2.92762e-13
0.15,0.75,0.05 0.00673505
0.15,0.75,0.1 3.92137
0.15,0.75,0.15 58.7636
0.15,0.75,0.2 237.99
0.15,0.75,0.25 244.536
0.15,0.75,0.3 104.546
0.15,0.75,0.35 21.8617
0.15,0.75,0.4 0.035701
0.15,0.8,0.1 0.256973
0.15,0.8,0.15 6.17675
0.15,0.8,0.2 46.9887
0.15,0.8,0.25 103.835
0.15,0.8,0.3 40.4241
0.15,0.8,0.35 6.24753
0.15,0.85,0.1 0.00278409
0.15,0.85,0.15 0.0640379
0.15,0.85,0.2 0.556103
0.15,0.85,0.25 1.29267
0.15,0.85,0.3 0.368472
0.15,0.85,0.35 0.042533
0.2,0,0.1 9.10015e-15
0.2,0,0.15 3.09715e-12
0.2,0,0.2 7.59759e-12
0.2,0,0.25 1.14375e-12
0.2,0.05,0 2.59192e-12
0.2,0.05,0.05 0.0526829
0.2,0.05,0.1 0.334049
0.2,0.05,0.15 41.0333
0.2,0.05,0.2 100.473
0.2,0.05,0.25 49.3629
0.2,0.05,0.3 96.0348
0.2,0.05,0.35 18.1164
0.2,0.05,0.4 7.42753e-05
0.2,0.1,0 1.75541e-09
0.2,0.1,0.05 35.6802
0.2,0.1,0.1 143.061
0.2,0.1,0.15 205.269
0.2,0.1,0.2 465.166
0.2,0.1,0.25 321.489
0.2,0.1,0.3 576.998
0.2,0.1,0.35 114.219
0.2,0.1,0.4 0.0145339
0.2,0.1,0.45 1.73532e-15
0.2,0.15,0 4.8048e-09
0.2,0.15,0.05 103.871
0.2,0.15,0.1 422
0.2,0.15,0.15 218.619
0.2,0.15,0.2 552.272
0.2,0.15,0.25 399.521
0.2,0.15,0.3 330.082
0.2,0.15,0.35 184.83
0.2,0.15,0.4 11.5036
0.2,0.15,0.45 4.13637e-06
0.2,0.2,0 8.14668e-10
0.2,0.2,0.05 83.8705
0.2,0.2,0.1 402.118
0.2,0.2,0.15 324.642
0.2,0.2,0.2 637.472
0.2,0.2,0.25 445.566
0.2,0.2,0.3 532.82
0.2,0.2,0.35 637.021
0.2,0.2,0.4 54.6955
0.2,0.2,0.45 0.0041169
0.2,0.25,0 1.0309e-13
0.2,0.25,0.05 131.394
0.2,0.25,0.1 582.66
0.2,0.25,0.15 319.96
0.2,0.25,0.2 551.027
0.2,0.25,0.25 592.275
0.2,0.25,0.3 557.01
0.2,0.25,0.35 361.413
0.2,0.25,0.4 28.6016
0.2,0.25,0.45 0.0118439
0.2,0.3,0 8.65642e-14
0.2,0.3,0.05 126.872
0.2,0.3,0.1 622.157
0.2,0.3,0.15 278.028
0.2,0.3,0.2 331.913
0.2,0.3,0.25 167.495
0.2,0.3,0.3 91.0765
0.2,0.3,0.35 33.0982
0.2,0.3,0.4 2.38097
0.2,0.3,0.45 0.00211691
0.2,0.35,0 9.69376e-11
0.2,0.35,0.05 62.0517
0.2,0.35,0.1 292.397
0.2,0.35,0.15 96.4444
0.2,0.35,0.2 18.1247
0.2,0.35,0.25 4.92455
0.2,0.35,0.3 0.109066
0.2,0.35,0.35 0.319509
0.2,0.35,0.4 0.0639098
0.2,0.4,0 4.11939e-10
0.2,0.4,0.05 45.3805
0.2,0.4,0.1 217.546
0.2,0.4,0.15 252.72
0.2,0.4,0.2 91.4026
0.2,0.4,0.25 6.72667
0.2,0.4,0.3 0.879806
0.2,0.4,0.35 0.446933
0.2,0.4,0.4 0.311305
0.2,0.4,0.45 0.0719449
0.2,0.4,0.5 9.08897e-08
0.2,0.45,0 2.51694e-10
0.2,0.45,0.05 45.3866
0.2,0.45,0.1 263.519
0.2,0.45,0.15 653.415
0.2,0.45,0.2 441.665
0.2,0.45,0.25 237.682
0.2,0.45,0.3 185.355
0.2,0.45,0.35 177.978
0.2,0.45,0.4 103.872
0.2,0.45,0.45 20.6022
0.2,0.45,0.5 0.000195687
0.2,0.5,0 2.25835e-10
0.2,0.5,0.05 86.2911
0.2,0.5,0.1 371.263
0.2,0.5,0.15 404.283
0.2,0.5,0.2 550.167
0.2,0.5,0.25 598.163
0.2,0.5,0.3 769.551
0.2,0.5,0.35 645.515
0.2,0.5,0.4 615.13
0.2,0.5,0.45 130.983
0.2,0.5,0.5 0.00267055
0.2,0.55,0 5.23116e-11
0.2,0.55,0.05 28.4232
0.2,0.55,0.1 175.376
0.2,0.55,0.15 321.39
0.2,0.55,0.2 394.527
0.2,0.55,0.25 446.814
0.2,0.55,0.3 675.618
0.2,0.55,0.35 557.374
0.2,0.55,0.4 475.823
0.2,0.55,0.45 86.8
0.2,0.55,0.5 0.00200669
0.2,0.6,0 1.15922e-09
0.2,0.6,0.05 20.0234
0.2,0.6,0.1 179.919
0.2,0.6,0.15 358.571
0.2,0.6,0.2 326.488
0.2,0.6,0.25 481.673
0.2,0.6,0.3 410.457
0.2,0.6,0.35 289.79
0.2,0.6,0.4 129.899
0.2,0.6,0.45 10.0003
0.2,0.6,0.5 4.99471e-05
0.2,0.65,0 6.25721e-09
0.2,0.65,0.05 109.37
0.2,0.65,0.1 553.141
0.2,0.65,0.15 635.482
0.2,0.65,0.2 523.186
0.2,0.65,0.25 243.43
0.2,0.65,0.3 602.149
0.2,0.65,0.35 333.592
0.2,0.65,0.4 13.2537
0.2,0.65,0.45 0.456396
0.2,0.7,0 2.20837e-09
0.2,0.7,0.05 43.8727
0.2,0.7,0.1 319.748
0.2,0.7,0.15 662.259
0.2,0.7,0.2 554.746
0.2,0.7,0.25 427.631
0.2,0.7,0.3 584.717
0.2,0.7,0.35 168.879
0.2,0.7,0.4 1.80444
0.2,0.7,0.45 0.00169043
0.2,0.75,0 1.83253e-11
0.2,0.75,0.05 1.03477
0.2,0.75,0.1 53.5469
0.2,0.75,0.15 367.314
0.2,0.75,0.2 670.493
0.2,0.75,0.25 698.682
0.2,0.75,0.3 507.583
0.2,0.75,0.35 97.5885
0.2,0.75,0.4 0.019014
0.2,0.8,0.05 0.0195821
0.2,0.8,0.1 12.4334
0.2,0.8,0.15 137.551
0.2,0.8,0.2 265.888
0.2,0.8,0.25 301.523
0.2,0.8,0.3 212.667
0.2,0.8,0.35 43.851
0.2,0.85,0.05 0.000184722
0.2,0.85,0.1 0.124345
0.2,0.85,0.15 1.40835
0.2,0.85,0.2 2.29236
0.2,0.85,0.25 2.99322
0.2,0.85,0.3 1.637
0.2,0.85,0.35 0.298536
0.25,0,0.1 1.99043e-15
0.25,0,0.15 6.77425e-13
0.25,0,0.2 6.08537e-12
0.25,0,0.25 9.32561e-11
0.25,0,0.3 8.83967e-11
0.25,0,0.35 3.50098e-12
0.25,0.05,0 1.08787e-12
0.25,0.05,0.05 0.0221119
0.25,0.05,0.1 0.635821
0.25,0.05,0.15 35.8373
0.25,0.05,0.2 62.0172
0.25,0.05,0.25 32.0306
0.25,0.05,0.3 57.699
