0.65,0.45,0.25 64.4844
0.65,0.45,0.3 0.00142415
0.65,0.5,0 2.49804e-10
0.65,0.5,0.05 93.5838
0.65,0.5,0.1 375.854
0.65,0.5,0.15 301.854
0.65,0.5,0.2 682.77
0.65,0.5,0.25 160.874
0.65,0.5,0.3 0.822937
0.65,0.55,0 5.41055e-11
0.65,0.55,0.05 44.0826
0.65,0.55,0.1 183.853
0.65,0.55,0.15 291.813
0.65,0.55,0.2 644.033
0.65,0.55,0.25 194.961
0.65,0.55,0.3 7.4281
0.65,0.6,0 1.89026e-11
0.65,0.6,0.05 43.3696
0.65,0.6,0.1 207.702
0.65,0.6,0.15 365.677
0.65,0.6,0.2 627.229
0.65,0.6,0.25 187.053
0.65,0.6,0.3 4.69336
0.65,0.65,0 8.30426e-13
0.65,0.65,0.05 62.7264
0.65,0.65,0.1 392.713
0.65,0.65,0.15 416.649
0.65,0.65,0.2 298.603
0.65,0.65,0.25 88.5247
0.65,0.65,0.3 0.875882
0.65,0.7,0 1.72209e-12
0.65,0.7,0.05 28.4717
0.65,0.7,0.1 310.232
0.65,0.7,0.15 587.06
0.65,0.7,0.2 156.286
0.65,0.7,0.25 8.72331
0.65,0.7,0.3 0.0426539
0.65,0.75,0 3.2965e-10
0.65,0.75,0.05 30.66
0.65,0.75,0.1 333.345
0.65,0.75,0.15 431.498
0.65,0.75,0.2 51.2365
0.65,0.75,0.25 0.257059
0.65,0.8,0 7.41904e-10
0.65,0.8,0.05 75.3211
0.65,0.8,0.1 429.456
0.65,0.8,0.15 291.815
0.65,0.8,0.2 19.6719
0.65,0.8,0.25 3.93541e-05
0.65,0.85,0 1.7205e-10
0.65,0.85,0.05 77.9348
0.65,0.85,0.1 315.079
0.65,0.85,0.15 83.7113
0.65,0.85,0.2 0.530788
0.65,0.9,0 1.99767e-11
0.65,0.9,0.05 18.789
0.65,0.9,0.1 75.1345
0.65,0.9,0.15 18.7783
0.65,0.95,0 1.57188e-16
0.65,0.95,0.05 0.000184117
0.65,0.95,0.1 0.000736258
0.65,0.95,0.15 0.000184012
0.7,0.1,0.05 0.000471546
0.7,0.1,0.1 0.294065
0.7,0.1,0.15 4.83471
0.7,0.1,0.2 3.9738
0.7,0.1,0.25 0.117931
0.7,0.15,0 1.44708e-14
0.7,0.15,0.05 24.0222
0.7,0.15,0.1 104.623
0.7,0.15,0.15 87.0773
0.7,0.15,0.2 50.7909
0.7,0.15,0.25 5.15469
0.7,0.15,0.3 0.834546
0.7,0.2,0 4.1016e-13
0.7,0.2,0.05 108.046
0.7,0.2,0.1 475.795
0.7,0.2,0.15 171.925
0.7,0.2,0.2 51.7922
0.7,0.2,0.25 65.8444
0.7,0.2,0.3 14.7143
0.7,0.25,0 4.58364e-13
0.7,0.25,0.05 101.724
0.7,0.25,0.1 522.056
0.7,0.25,0.15 188.604
0.7,0.25,0.2 62.2346
0.7,0.25,0.25 68.3317
0.7,0.25,0.3 13.9066
0.7,0.25,0.35 0.518485
0.7,0.25,0.4 0.00123844
0.7,0.3,0 2.41489e-14
0.7,0.3,0.05 23.7878
0.7,0.3,0.1 147.416
0.7,0.3,0.15 151.969
0.7,0.3,0.2 193.878
0.7,0.3,0.25 52.3138
0.7,0.3,0.3 11.4431
0.7,0.3,0.35 4.33737
0.7,0.3,0.4 0.0103601
0.7,0.35,0 4.01662e-09
0.7,0.35,0.05 48.1191
0.7,0.35,0.1 209.78
0.7,0.35,0.15 124.826
0.7,0.35,0.2 71.546
0.7,0.35,0.25 12.8772
0.7,0.35,0.3 5.49787
0.7,0.35,0.35 2.16107
0.7,0.35,0.4 0.00516187
0.7,0.4,0 1.94911e-08
0.7,0.4,0.05 151.87
0.7,0.4,0.1 625
0.7,0.4,0.15 231.623
0.7,0.4,0.2 43.7539
0.7,0.4,0.25 0.676305
0.7,0.4,0.3 0.040222
0.7,0.4,0.35 0.0158136
0.7,0.4,0.4 3.77718e-05
0.7,0.45,0 5.93443e-09
0.7,0.45,0.05 111.447
0.7,0.45,0.1 545.772
0.7,0.45,0.15 228.008
0.7,0.45,0.2 62.7922
0.7,0.45,0.25 12.6116
0.7,0.45,0.3 0.000336228
0.7,0.5,0 2.91652e-11
0.7,0.5,0.05 114.459
0.7,0.5,0.1 576.493
0.7,0.5,0.15 372.044
0.7,0.5,0.2 301.298
0.7,0.5,0.25 51.6269
0.7,0.5,0.3 0.000981823
0.7,0.55,0 4.41239e-11
0.7,0.55,0.05 90.9686
0.7,0.55,0.1 455.265
0.7,0.55,0.15 442.819
0.7,0.55,0.2 535.905
0.7,0.55,0.25 76.7549
0.7,0.55,0.3 0.00235625
0.7,0.6,0 3.93614e-11
0.7,0.6,0.05 79.9249
0.7,0.6,0.1 348.351
0.7,0.6,0.15 303.696
0.7,0.6,0.2 464.537
0.7,0.6,0.25 67.4149
0.7,0.6,0.3 0.00908983
0.7,0.65,0 1.6194e-12
0.7,0.65,0.05 56.446
0.7,0.65,0.1 333.646
0.7,0.65,0.15 209.003
0.7,0.65,0.2 75.5245
0.7,0.65,0.25 6.28715
0.7,0.65,0.3 0.00881437
0.7,0.7,0 3.08274e-14
0.7,0.7,0.05 16.8513
0.7,0.7,0.1 168.591
0.7,0.7,0.15 441.745
0.7,0.7,0.2 217.64
0.7,0.7,0.25 5.00197
0.7,0.7,0.3 0.000447183
0.7,0.75,0 6.0956e-12
0.7,0.75,0.05 1.62054
0.7,0.75,0.1 96.1377
0.7,0.75,0.15 242.345
0.7,0.75,0.2 79.9985
0.7,0.75,0.25 1.62481
0.7,0.8,0 2.01839e-09
0.7,0.8,0.05 12.1918
0.7,0.8,0.1 104.247
0.7,0.8,0.15 106.259
0.7,0.8,0.2 8.60246
0.7,0.8,0.25 0.000938395
0.7,0.85,0 8.01202e-09
0.7,0.85,0.05 41.3048
0.7,0.85,0.1 166.442
0.7,0.85,0.15 43.7066
0.7,0.85,0.2 0.231411
0.7,0.9,0 2.00013e-09
0.7,0.9,0.05 10.3149
0.7,0.9,0.1 41.1903
0.7,0.9,0.15 10.2803
0.7,0.95,0 5.43256e-18
0.7,0.95,0.05 6.36324e-06
0.7,0.95,0.1 2.54457e-05
0.7,0.95,0.15 6.35962e-06
0.75,0.1,0.05 0.000272
0.75,0.1,0.1 0.00114328
0.75,0.1,0.15 0.000300335
0.75,0.1,0.2 1.2884e-09
0.75,0.15,0.05 13.8391
0.75,0.15,0.1 58.1689
0.75,0.15,0.15 15.2807
0.75,0.15,0.2 6.55526e-05
0.75,0.2,0.05 55.9977
0.75,0.2,0.1 240.437
0.75,0.2,0.15 64.7837
0.75,0.2,0.2 0.00468128
0.75,0.2,0.25 7.8916e-08
0.75,0.2,0.3 9.09572e-12
0.75,0.25,0.05 32.984
0.75,0.25,0.1 159.941
0.75,0.25,0.15 48.8689
0.75,0.25,0.2 0.168705
0.75,0.25,0.25 0.0436944
0.75,0.25,0.3 5.03614e-06
0.75,0.3,0.05 5.84634
0.75,0.3,0.1 30.138
0.75,0.3,0.15 10.0011
0.75,0.3,0.2 0.695946
0.75,0.3,0.25 0.170054
0.75,0.3,0.3 1.94133e-05
0.75,0.35,0 1.99453e-09
0.75,0.35,0.05 53.366
0.75,0.35,0.1 225.512
0.75,0.35,0.15 182.359
0.75,0.35,0.2 78.959
0.75,0.35,0.25 1.17238
0.75,0.35,0.3 4.67708e-06
0.75,0.4,0 9.67417e-09
0.75,0.4,0.05 141.817
0.75,0.4,0.1 614.825
0.75,0.4,0.15 508.794
0.75,0.4,0.2 216.894
0.75,0.4,0.25 3.11087
0.75,0.45,0 2.92989e-09
0.75,0.45,0.05 53.6542
0.75,0.45,0.1 407.683
0.75,0.45,0.15 325.519
0.75,0.45,0.2 78.0284
0.75,0.45,0.25 1.35415
0.75,0.5,0 3.41507e-12
0.75,0.5,0.05 32.3133
0.75,0.5,0.1 391.439
0.75,0.5,0.15 611.652
0.75,0.5,0.2 244.337
0.75,0.5,0.25 5.61364
0.75,0.55,0 7.20702e-12
0.75,0.55,0.05 28.6904
0.75,0.55,0.1 332.896
0.75,0.55,0.15 471.077
0.75,0.55,0.2 207.742
0.75,0.55,0.25 15.3211
0.75,0.6,0 6.74582e-12
0.75,0.6,0.05 29.9238
0.75,0.6,0.1 142.625
0.75,0.6,0.15 122.463
0.75,0.6,0.2 134.951
0.75,0.6,0.25 16.7604
0.75,0.65,0 4.06947e-13
0.75,0.65,0.05 14.4705
0.75,0.65,0.1 65.7639
0.75,0.65,0.15 67.2687
0.75,0.65,0.2 44.503
0.75,0.65,0.25 2.05167
0.75,0.7,0 6.07228e-15
0.75,0.7,0.05 1.38552
0.75,0.7,0.1 22.8207
0.75,0.7,0.15 242.824
0.75,0.7,0.2 188.468
0.75,0.7,0.25 5.06004
0.75,0.75,0 2.65197e-11
0.75,0.75,0.05 0.119253
0.75,0.75,0.1 5.91542
0.75,0.75,0.15 79.3591
0.75,0.75,0.2 61.7713
0.75,0.75,0.25 1.65745
0.75,0.8,0 6.47176e-09
0.75,0.8,0.05 30.6488
0.75,0.8,0.1 122.609
0.75,0.8,0.15 30.9748
0.75,0.8,0.2 0.0711563
0.75,0.8,0.25 0.000957248
0.75,0.85,0 2.26947e-08
0.75,0.85,0.05 108.816
0.75,0.85,0.1 434.497
0.75,0.85,0.15 108.44
0.75,0.85,0.2 0.000959492
0.75,0.9,0 5.3693e-09
0.75,0.9,0.05 25.8896
0.75,0.9,0.1 103.375
0.75,0.9,0.15 25.7978
0.8,0.05,0 1.96048e-11
0.8,0.05,0.05 1.15495
0.8,0.05,0.1 4.61623
0.8,0.05,0.15 1.15317
0.8,0.1,0 2.31151e-10
0.8,0.1,0.05 13.6174
0.8,0.1,0.1 54.4276
0.8,0.1,0.15 13.5964
0.8,0.1,0.2 1.55514e-11
0.8,0.15,0 1.50684e-10
0.8,0.15,0.05 9.04407
0.8,0.15,0.1 36.1829
0.8,0.15,0.15 9.04779
0.8,0.15,0.2 7.91238e-07
0.8,0.2,0 2.58221e-12
0.8,0.2,0.05 0.767053
0.8,0.2,0.1 3.19278
0.8,0.2,0.15 0.830913
0.8,0.2,0.2 2.96883e-06
0.8,0.25,0.05 0.141709
0.8,0.25,0.1 0.595907
0.8,0.25,0.15 0.156629
0.8,0.25,0.2 9.06893e-07
0.8,0.3,0.05 0.0346743
0.8,0.3,0.1 0.14428
0.8,0.3,0.15 0.0925254
0.8,0.3,0.2 0.0352964
0.8,0.3,0.25 0.000506831
0.8,0.35,0 1.47255e-11
0.8,0.35,0.05 6.13571
0.8,0.35,0.1 28.2939
0.8,0.35,0.15 46.4461
0.8,0.35,0.2 24.6416
0.8,0.35,0.25 0.353837
0.8,0.4,0 7.78504e-11
0.8,0.4,0.05 18.2624
0.8,0.4,0.1 84.9382
0.8,0.4,0.15 130.425
0.8,0.4,0.2 67.7573
0.8,0.4,0.25 0.972558
0.8,0.45,0 3.06739e-11
0.8,0.45,0.05 10.0661
0.8,0.45,0.1 63.8247
0.8,0.45,0.15 69.8851
0.8,0.45,0.2 28.687
0.8,0.45,0.25 0.523551
0.8,0.5,0 2.92814e-12
0.8,0.5,0.05 6.10552
0.8,0.5,0.1 65.0192
0.8,0.5,0.15 181.746
0.8,0.5,0.2 102.768
0.8,0.5,0.25 2.15902
0.8,0.55,0 1.29552e-11
0.8,0.55,0.05 74.8339
0.8,0.55,0.1 333.118
0.8,0.55,0.15 167.069
0.8,0.55,0.2 40.4967
0.8,0.55,0.25 0.863842
0.8,0.6,0 1.35796e-11
0.8,0.6,0.05 141.536
0.8,0.6,0.1 569.176
0.8,0.6,0.15 145.918
0.8,0.6,0.2 0.904755
0.8,0.6,0.25 0.0771319
0.8,0.65,0 1.51337e-12
0.8,0.65,0.05 76.9784
0.8,0.65,0.1 308.025
0.8,0.65,0.15 79.0419
0.8,0.65,0.2 1.65292
0.8,0.65,0.25 0.0482702
0.8,0.7,0 2.27173e-13
0.8,0.7,0.05 4.71673
0.8,0.7,0.1 19.5667
0.8,0.7,0.15 15.5263
0.8,0.7,0.2 8.48575
0.8,0.7,0.25 0.227961
0.8,0.75,0 2.78316e-10
0.8,0.75,0.05 1.40664
0.8,0.75,0.1 5.8473
0.8,0.75,0.15 4.94317
0.8,0.75,0.2 2.77957
0.8,0.75,0.25 0.0746702
0.8,0.8,0 1.35993e-08
0.8,0.8,0.05 59.6748
0.8,0.8,0.1 238.268
0.8,0.8,0.15 59.476
0.8,0.8,0.2 0.00616062
0.8,0.8,0.25 4.32117e-05
0.8,0.85,0 2.1173e-08
0.8,0.85,0.05 93.7068
0.8,0.85,0.1 374.195
0.8,0.85,0.15 93.5865
0.8,0.85,0.2 0.059908
0.8,0.85,0.25 1.13874e-06
0.8,0.9,0 2.16719e-09
0.8,0.9,0.05 9.81897
0.8,0.9,0.1 39.2406
0.8,0.9,0.15 9.93906
0.8,0.9,0.2 0.0422303
0.8,0.9,0.25 8.02718e-07
0.8,0.95,0.1 0.000749658
0.8,0.95,0.15 0.00325583
0.8,0.95,0.2 0.00088368
0.8,0.95,0.25 1.67971e-08
0.85,0.05,0 1.24806e-10
0.85,0.05,0.05 7.35247
0.85,0.05,0.1 29.3872
0.85,0.05,0.15 7.34114
0.85,0.1,0 1.47152e-09
0.85,0.1,0.05 86.6892
0.85,0.1,0.1 346.489
0.85,0.1,0.15 86.5556
0.85,0.15,0 9.59267e-10
0.85,0.15,0.05 56.5117
0.85,0.15,0.1 225.873
0.85,0.15,0.15 56.4246
0.85,0.2,0 1.64385e-11
0.85,0.2,0.05 0.968414
0.85,0.2,0.1 3.87067
0.85,0.2,0.15 0.966922
0.85,0.3,0.1 1.80976e-06
0.85,0.3,0.15 1.95813e-05
0.85,0.3,0.2 1.1974e-05
0.85,0.3,0.25 1.71938e-07
0.85,0.35,0 3.73888e-12
0.85,0.35,0.05 2.49988
0.85,0.35,0.1 9.99736
0.85,0.35,0.15 2.51184
0.85,0.35,0.2 0.00835946
0.85,0.35,0.25 0.000120036
0.85,0.4,0 9.55032e-11
0.85,0.4,0.05 63.1366
0.85,0.4,0.1 252.463
0.85,0.4,0.15 63.1308
0.85,0.4,0.2 0.0229769
0.85,0.4,0.25 0.000329932
0.85,0.45,0 2.19171e-10
0.85,0.45,0.05 92.7727
0.85,0.45,0.1 370.956
0.85,0.45,0.15 92.8146
0.85,0.45,0.2 0.0800791
0.85,0.45,0.25 0.00167879
0.85,0.5,0 2.07187e-10
0.85,0.5,0.05 49.6249
0.85,0.5,0.1 198.454
0.85,0.5,0.15 50.2242
0.85,0.5,0.2 0.459109
0.85,0.5,0.25 0.0097806
0.85,0.55,0 2.50876e-11
0.85,0.55,0.05 37.5337
0.85,0.55,0.1 150.123
0.85,0.55,0.15 37.7595
0.85,0.55,0.2 0.171182
0.85,0.55,0.25 0.00364677
0.85,0.6,0 6.1264e-12
0.85,0.6,0.05 61.2836
0.85,0.6,0.1 245.105
0.85,0.6,0.15 61.2693
0.85,0.6,0.2 0.00029153
0.85,0.6,0.25 6.2106e-06
0.85,0.65,0 4.26584e-12
0.85,0.65,0.05 57.2783
0.85,0.65,0.1 229.088
0.85,0.65,0.15 57.2658
0.85,0.7,0 8.47068e-12
0.85,0.7,0.05 60.7193
0.85,0.7,0.1 242.84
0.85,0.7,0.15 60.7005
0.85,0.75,0 1.79695e-10
0.85,0.75,0.05 10.525
0.85,0.75,0.1 42.0858
0.85,0.75,0.15 10.5179
0.85,0.8,0 7.95205e-09
0.85,0.8,0.05 72.5733
0.85,0.8,0.1 292.174
0.85,0.8,0.15 82.0483
0.85,0.8,0.2 2.61769
0.85,0.8,0.25 4.97574e-05
0.85,0.85,0 1.09868e-08
0.85,0.85,0.05 89.5657
0.85,0.85,0.1 387.023
0.85,0.85,0.15 216.182
0.85,0.85,0.2 34.4259
0.85,0.85,0.25 0.000654373
0.85,0.9,0 8.06315e-10
0.85,0.9,0.05 5.64828
0.85,0.9,0.1 43.1495
0.85,0.9,0.15 95.0442
0.85,0.9,0.2 24.2675
0.85,0.9,0.25 0.000461279
0.85,0.95,0.1 0.430788
0.85,0.95,0.15 1.87095
0.85,0.95,0.2 0.507804
0.85,0.95,0.25 9.6524e-06
0.9,0.05,0 4.89436e-11
0.9,0.05,0.05 2.88334
0.9,0.05,0.1 11.5245
0.9,0.05,0.15 2.87889
0.9,0.1,0 5.77069e-10
0.9,0.1,0.05 33.9959
0.9,0.1,0.1 135.879
0.9,0.1,0.15 33.9435
0.9,0.15,0 3.76185e-10
0.9,0.15,0.05 22.1616
0.9,0.15,0.1 88.578
0.9,0.15,0.15 22.1274
0.9,0.2,0 6.4465e-12
0.9,0.2,0.05 0.379772
0.9,0.2,0.1 1.51792
0.9,0.2,0.15 0.379187
0.9,0.35,0 2.44136e-12
0.9,0.35,0.05 1.63233
0.9,0.35,0.1 6.5271
0.9,0.35,0.15 1.63122
0.9,0.4,0 6.42924e-11
0.9,0.4,0.05 41.657
0.9,0.4,0.1 166.57
0.9,0.4,0.15 41.6282
0.9,0.45,0 2.87721e-10
0.9,0.45,0.05 92.831
0.9,0.45,0.1 371.166
0.9,0.45,0.15 92.7522
0.9,0.5,0 3.77526e-10
0.9,0.5,0.05 85.5656
0.9,0.5,0.1 342.094
0.9,0.5,0.15 85.4816
0.9,0.55,0 3.57798e-11
0.9,0.55,0.05 8.13557
0.9,0.55,0.1 32.5264
0.9,0.55,0.15 8.12763
0.9,0.6,0 4.9626e-14
0.9,0.6,0.05 0.390584
0.9,0.6,0.1 1.56212
0.9,0.6,0.15 0.390474
0.9,0.65,0 5.07433e-12
0.9,0.65,0.05 35.6869
0.9,0.65,0.1 142.725
0.9,0.65,0.15 35.6757
0.9,0.7,0 1.17393e-11
0.9,0.7,0.05 82.3675
0.9,0.7,0.1 329.418
0.9,0.7,0.15 82.3416
0.9,0.75,0 2.30819e-11
0.9,0.75,0.05 13.8493
0.9,0.75,0.1 55.3843
0.9,0.75,0.15 13.8429
0.9,0.8,0 6.31785e-10
0.9,0.8,0.05 61.7132
0.9,0.8,0.1 252.636
0.9,0.8,0.15 87.4209
0.9,0.8,0.2 6.99835
0.9,0.8,0.25 0.000133025
0.9,0.85,0 7.26178e-10
0.9,0.85,0.05 68.1559
0.9,0.85,0.1 350.531
0.9,0.85,0.15 407.172
0.9,0.85,0.2 92.0371
0.9,0.85,0.25 0.00174945
0.9,0.9,0 4.0616e-11
0.9,0.9,0.05 3.52351
0.9,0.9,0.1 69.124
0.9,0.9,0.15 242.558
0.9,0.9,0.2 64.8786
0.9,0.9,0.25 0.00123322
0.9,0.95,0.1 1.1517
0.9,0.95,0.15 5.00196
0.9,0.95,0.2 1.3576
0.9,0.95,0.25 2.58055e-05
0.95,0.05,0 1.15116e-13
0.95,0.05,0.05 0.00678165
0.95,0.05,0.1 0.0271057
0.95,0.05,0.15 0.0067712
0.95,0.1,0 1.35728e-12
0.95,0.1,0.05 0.079959
0.95,0.1,0.1 0.319589
0.95,0.1,0.15 0.0798357
0.95,0.15,0 8.84793e-13
0.95,0.15,0.05 0.0521244
0.95,0.15,0.1 0.208337
0.95,0.15,0.15 0.052044
0.95,0.2,0 1.51623e-14
0.95,0.2,0.05 0.000893231
0.95,0.2,0.1 0.00357017
0.95,0.2,0.15 0.000891854
0.95,0.35,0 4.20204e-14
0.95,0.35,0.05 0.0280956
0.95,0.35,0.1 0.112344
0.95,0.35,0.15 0.0280763
0.95,0.4,0 1.3786e-12
0.95,0.4,0.05 0.777662
0.95,0.4,0.1 3.10954
0.95,0.4,0.15 0.777107
0.95,0.45,0 2.53089e-11
0.95,0.45,0.05 6.13812
0.95,0.45,0.1 24.5408
0.95,0.45,0.15 6.13227
0.95,0.5,0 4.06207e-11
0.95,0.5,0.05 9.08332
0.95,0.5,0.1 36.3153
0.95,0.5,0.15 9.07435
0.95,0.55,0 3.87302e-12
0.95,0.55,0.05 0.863833
0.95,0.55,0.1 3.45362
0.95,0.55,0.15 0.862979
0.95,0.6,0 1.48447e-15
0.95,0.6,0.05 0.0104151
0.95,0.6,0.1 0.041654
0.95,0.6,0.15 0.0104119
0.95,0.65,0 3.7401e-13
0.95,0.65,0.05 2.62407
0.95,0.65,0.1 10.4946
0.95,0.65,0.15 2.62325
0.95,0.7,0 8.6566e-13
0.95,0.7,0.05 6.07352
0.95,0.7,0.1 24.2903
0.95,0.7,0.15 6.07161
0.95,0.75,0 1.75853e-12
0.95,0.75,0.05 1.04604
0.95,0.75,0.1 4.18317
0.95,0.75,0.15 1.04554
0.95,0.8,0 4.51572e-11
0.95,0.8,0.05 5.22184
0.95,0.8,0.1 21.8561
0.95,0.8,0.15 9.47851
0.95,0.8,0.2 1.15707
0.95,0.8,0.25 2.19937e-05
0.95,0.85,0 4.97777e-11
0.95,0.85,0.05 5.75614
0.95,0.85,0.1 35.9194
0.95,0.85,0.15 61.8142
0.95,0.85,0.2 15.2169
0.95,0.85,0.25 0.000289244
0.95,0.9,0 2.56326e-12
0.95,0.9,0.05 0.296408
0.95,0.9,0.1 10.2847
0.95,0.9,0.15 39.8174
0.95,0.9,0.2 10.7267
0.95,0.9,0.25 0.000203894
0.95,0.95,0.1 0.190416
0.95,0.95,0.15 0.826995
0.95,0.95,0.2 0.224458
0.95,0.95,0.25 4.26653e-06
