0.35,0.5,0.6 6.67965
0.35,0.5,0.65 1.40326e-05
0.35,0.55,0 1.59281e-06
0.35,0.55,0.05 5.43373
0.35,0.55,0.1 87.2321
0.35,0.55,0.15 273.886
0.35,0.55,0.2 396.792
0.35,0.55,0.25 385.303
0.35,0.55,0.3 240.637
0.35,0.55,0.35 264.416
0.35,0.55,0.4 701.32
0.35,0.55,0.45 310.582
0.35,0.55,0.5 313.011
0.35,0.55,0.55 221.387
0.35,0.55,0.6 35.4414
0.35,0.55,0.65 8.09142e-05
0.35,0.6,0.05 5.2563
0.35,0.6,0.1 163.161
0.35,0.6,0.15 424.826
0.35,0.6,0.2 275.549
0.35,0.6,0.25 113.645
0.35,0.6,0.3 446.296
0.35,0.6,0.35 475.466
0.35,0.6,0.4 558.176
0.35,0.6,0.45 255.928
0.35,0.6,0.5 417.393
0.35,0.6,0.55 237.526
0.35,0.6,0.6 14.0221
0.35,0.6,0.65 2.89403e-05
0.35,0.65,0.05 2.2946
0.35,0.65,0.1 143.714
0.35,0.65,0.15 421.913
0.35,0.65,0.2 368.503
0.35,0.65,0.25 278.177
0.35,0.65,0.3 476.887
0.35,0.65,0.35 568.985
0.35,0.65,0.4 345.723
0.35,0.65,0.45 191.233
0.35,0.65,0.5 385.392
0.35,0.65,0.55 138.953
0.35,0.65,0.6 0.567334
0.35,0.65,0.65 3.64867e-08
0.35,0.7,0 1.90395e-12
0.35,0.7,0.05 0.0151039
0.35,0.7,0.1 62.9921
0.35,0.7,0.15 267.843
0.35,0.7,0.2 328.141
0.35,0.7,0.25 278.352
0.35,0.7,0.3 269.174
0.35,0.7,0.35 483.858
0.35,0.7,0.4 497.106
0.35,0.7,0.45 336.811
0.35,0.7,0.5 119.948
0.35,0.7,0.55 12.64
0.35,0.7,0.6 0.00463088
0.35,0.75,0 6.48471e-09
0.35,0.75,0.05 0.668219
0.35,0.75,0.1 9.50142
0.35,0.75,0.15 29.8906
0.35,0.75,0.2 30.4873
0.35,0.75,0.25 30.3995
0.35,0.75,0.3 224.844
0.35,0.75,0.35 357.869
0.35,0.75,0.4 227.591
0.35,0.75,0.45 212.539
0.35,0.75,0.5 55.1354
0.35,0.75,0.55 0.28335
0.35,0.8,0 2.09747e-08
0.35,0.8,0.05 2.16134
0.35,0.8,0.1 8.59011
0.35,0.8,0.15 2.1338
0.35,0.8,0.25 0.426042
0.35,0.8,0.3 19.1999
0.35,0.8,0.35 30.258
0.35,0.8,0.4 23.8459
0.35,0.8,0.45 15.4491
0.35,0.8,0.5 1.23961
0.35,0.8,0.55 0.00531549
0.35,0.85,0 4.23295e-09
0.35,0.85,0.05 0.436185
0.35,0.85,0.1 1.73359
0.35,0.85,0.15 0.430627
0.4,0.1,0.1 0.000718244
0.4,0.1,0.15 0.243643
0.4,0.1,0.2 0.990461
0.4,0.1,0.25 4.14241
0.4,0.1,0.3 20.3342
0.4,0.1,0.35 63.4397
0.4,0.1,0.4 28.41
0.4,0.1,0.45 11.1417
0.4,0.1,0.5 13.1389
0.4,0.1,0.55 2.54705
0.4,0.15,0.1 0.313949
0.4,0.15,0.15 14.2524
0.4,0.15,0.2 42.0328
0.4,0.15,0.25 214.679
0.4,0.15,0.3 249.104
0.4,0.15,0.35 434.454
0.4,0.15,0.4 188.726
0.4,0.15,0.45 154.34
0.4,0.15,0.5 297.195
0.4,0.15,0.55 55.8903
0.4,0.2,0.05 0.108528
0.4,0.2,0.1 6.71739
0.4,0.2,0.15 117.859
0.4,0.2,0.2 196.478
0.4,0.2,0.25 410.221
0.4,0.2,0.3 479.552
0.4,0.2,0.35 715.598
0.4,0.2,0.4 309.343
0.4,0.2,0.45 190.8
0.4,0.2,0.5 308.819
0.4,0.2,0.55 54.6292
0.4,0.2,0.6 1.784e-05
0.4,0.25,0 7.35922e-10
0.4,0.25,0.05 3.29506
0.4,0.25,0.1 148.285
0.4,0.25,0.15 469.694
0.4,0.25,0.2 516.793
0.4,0.25,0.25 479.815
0.4,0.25,0.3 496.251
0.4,0.25,0.35 518.329
0.4,0.25,0.4 243.14
0.4,0.25,0.45 410.286
0.4,0.25,0.5 349.665
0.4,0.25,0.55 43.4626
0.4,0.25,0.6 0.00690515
0.4,0.3,0 7.75555e-09
0.4,0.3,0.05 5.29354
0.4,0.3,0.1 227.574
0.4,0.3,0.15 460.112
0.4,0.3,0.2 374.362
0.4,0.3,0.25 374.334
0.4,0.3,0.3 250.405
0.4,0.3,0.35 247.329
0.4,0.3,0.4 366.606
0.4,0.3,0.45 869.329
0.4,0.3,0.5 765.106
0.4,0.3,0.55 101.042
0.4,0.3,0.6 0.0189019
0.4,0.35,0 4.64893e-09
0.4,0.35,0.05 15.2772
0.4,0.35,0.1 175.133
0.4,0.35,0.15 259.689
0.4,0.35,0.2 500.785
0.4,0.35,0.25 715.288
0.4,0.35,0.3 609.928
0.4,0.35,0.35 563.191
0.4,0.35,0.4 386.681
0.4,0.35,0.45 333.081
0.4,0.35,0.5 170.716
0.4,0.35,0.55 18.3047
0.4,0.35,0.6 0.0556313
0.4,0.4,0 4.32546e-07
0.4,0.4,0.05 17.6856
0.4,0.4,0.1 332.428
0.4,0.4,0.15 659.456
0.4,0.4,0.2 690.081
0.4,0.4,0.25 383.887
0.4,0.4,0.3 222.423
0.4,0.4,0.35 140.516
0.4,0.4,0.4 46.5435
0.4,0.4,0.45 156.649
0.4,0.4,0.5 185.433
0.4,0.4,0.55 76.6579
0.4,0.4,0.6 1.3141
0.4,0.45,0 1.58386e-05
0.4,0.45,0.05 48.1032
0.4,0.45,0.1 370.054
0.4,0.45,0.15 642.065
0.4,0.45,0.2 595.643
0.4,0.45,0.25 491.663
0.4,0.45,0.3 470.086
0.4,0.45,0.35 290.259
0.4,0.45,0.4 307.581
0.4,0.45,0.45 562.635
0.4,0.45,0.5 555.046
0.4,0.45,0.55 118.062
0.4,0.45,0.6 1.38111
0.4,0.5,0 2.00284e-05
0.4,0.5,0.05 61.2222
0.4,0.5,0.1 389.935
0.4,0.5,0.15 504.892
0.4,0.5,0.2 343.153
0.4,0.5,0.25 440.928
0.4,0.5,0.3 521.384
0.4,0.5,0.35 559.055
0.4,0.5,0.4 744.301
0.4,0.5,0.45 492.602
0.4,0.5,0.5 458.526
0.4,0.5,0.55 58.1807
0.4,0.5,0.6 0.0757871
0.4,0.5,0.65 9.41781e-09
0.4,0.55,0 1.28494e-06
0.4,0.55,0.05 12.0261
0.4,0.55,0.1 276.977
0.4,0.55,0.15 739.369
0.4,0.55,0.2 675.629
0.4,0.55,0.25 339.814
0.4,0.55,0.3 266.75
0.4,0.55,0.35 329.08
0.4,0.55,0.4 528.841
0.4,0.55,0.45 463.239
0.4,0.55,0.5 279.881
0.4,0.55,0.55 33.793
0.4,0.55,0.6 0.286996
0.4,0.55,0.65 5.43046e-08
0.4,0.6,0.05 55.7065
0.4,0.6,0.1 419.87
0.4,0.6,0.15 580.961
0.4,0.6,0.2 669.358
0.4,0.6,0.25 232.004
0.4,0.6,0.3 655.236
0.4,0.6,0.35 708.272
0.4,0.6,0.4 428.928
0.4,0.6,0.45 420.689
0.4,0.6,0.5 555.401
0.4,0.6,0.55 183.126
0.4,0.6,0.6 1.45031
0.4,0.6,0.65 1.94229e-08
0.4,0.65,0.05 37.6356
0.4,0.65,0.1 267.889
0.4,0.65,0.15 419.015
0.4,0.65,0.2 499.297
0.4,0.65,0.25 349.755
0.4,0.65,0.3 737.043
0.4,0.65,0.35 614.097
0.4,0.65,0.4 332.567
0.4,0.65,0.45 391.906
0.4,0.65,0.5 563.536
0.4,0.65,0.55 142.882
0.4,0.65,0.6 0.518706
0.4,0.65,0.65 2.44876e-11
0.4,0.7,0 6.03642e-11
0.4,0.7,0.05 2.19751
0.4,0.7,0.1 81.8773
0.4,0.7,0.15 313.455
0.4,0.7,0.2 225.742
0.4,0.7,0.25 163.671
0.4,0.7,0.3 220.282
0.4,0.7,0.35 504.675
0.4,0.7,0.4 719.929
0.4,0.7,0.45 433.161
0.4,0.7,0.5 144.588
0.4,0.7,0.55 13.7321
0.4,0.7,0.6 0.00472085
0.4,0.75,0 2.05596e-07
0.4,0.75,0.05 21.1856
0.4,0.75,0.1 92.4288
0.4,0.75,0.15 55.1304
0.4,0.75,0.2 12.2077
0.4,0.75,0.25 5.54116
0.4,0.75,0.3 136.651
0.4,0.75,0.35 485.452
0.4,0.75,0.4 592.292
0.4,0.75,0.45 338.704
0.4,0.75,0.5 50.1546
0.4,0.75,0.55 0.275324
0.4,0.8,0 6.64996e-07
0.4,0.8,0.05 68.5247
0.4,0.8,0.1 272.347
0.4,0.8,0.15 67.6514
0.4,0.8,0.25 0.185992
0.4,0.8,0.3 10.6949
0.4,0.8,0.35 34.0258
0.4,0.8,0.4 63.426
0.4,0.8,0.45 35.5461
0.4,0.8,0.5 1.22163
0.4,0.8,0.55 0.0036929
0.4,0.85,0 1.34204e-07
0.4,0.85,0.05 13.8291
0.4,0.85,0.1 54.9628
0.4,0.85,0.15 13.6529
0.45,0.1,0.1 0.0337864
0.45,0.1,0.15 11.4666
0.45,0.1,0.2 28.473
0.45,0.1,0.25 5.51632
0.45,0.1,0.3 7.51967
0.45,0.1,0.35 32.83
0.45,0.1,0.4 72.7849
0.45,0.1,0.45 31.5047
0.45,0.1,0.5 2.18818
0.45,0.1,0.55 0.360493
0.45,0.15,0.1 1.50274
0.45,0.15,0.15 104.313
0.45,0.15,0.2 291.477
0.45,0.15,0.25 150.218
0.45,0.15,0.3 81.5072
0.45,0.15,0.35 213.256
0.45,0.15,0.4 445.923
0.45,0.15,0.45 335.087
0.45,0.15,0.5 111.09
0.45,0.15,0.55 8.31547
0.45,0.2,0.05 0.163306
0.45,0.2,0.1 22.2335
0.45,0.2,0.15 222.714
0.45,0.2,0.2 362.96
0.45,0.2,0.25 326.638
0.45,0.2,0.3 276.622
0.45,0.2,0.35 360.315
0.45,0.2,0.4 429.057
0.45,0.2,0.45 498.617
0.45,0.2,0.5 214.26
0.45,0.2,0.55 8.77225
0.45,0.2,0.6 8.66617e-07
0.45,0.25,0 9.51493e-08
0.45,0.25,0.05 8.21539
0.45,0.25,0.1 186.316
0.45,0.25,0.15 467.605
0.45,0.25,0.2 536.349
0.45,0.25,0.25 577.894
0.45,0.25,0.3 520.62
0.45,0.25,0.35 383.166
0.45,0.25,0.4 410.972
0.45,0.25,0.45 335.404
0.45,0.25,0.5 140.168
0.45,0.25,0.55 4.55164
0.45,0.25,0.6 0.000291752
0.45,0.3,0 1.00372e-06
0.45,0.3,0.05 50.7411
0.45,0.3,0.1 370.065
0.45,0.3,0.15 526.8
0.45,0.3,0.2 511.486
0.45,0.3,0.25 476.103
0.45,0.3,0.3 354.61
0.45,0.3,0.35 258.587
0.45,0.3,0.4 528.775
0.45,0.3,0.45 676.592
0.45,0.3,0.5 278.841
0.45,0.3,0.55 10.0176
0.45,0.3,0.6 0.000714274
0.45,0.35,0 6.23466e-07
0.45,0.35,0.05 101.016
0.45,0.35,0.1 443.059
0.45,0.35,0.15 350.711
0.45,0.35,0.2 379.804
0.45,0.35,0.25 391.977
0.45,0.35,0.3 749.494
0.45,0.35,0.35 474.725
0.45,0.35,0.4 409.764
0.45,0.35,0.45 395.776
0.45,0.35,0.5 102.617
0.45,0.35,0.55 1.61059
0.45,0.35,0.6 0.000482622
0.45,0.4,0 4.28017e-08
0.45,0.4,0.05 76.9859
0.45,0.4,0.1 357.341
0.45,0.4,0.15 283.817
0.45,0.4,0.2 399.805
0.45,0.4,0.25 191.133
0.45,0.4,0.3 218.942
0.45,0.4,0.35 114.256
0.45,0.4,0.4 79.5992
0.45,0.4,0.45 68.5508
0.45,0.4,0.5 21.3556
0.45,0.4,0.55 0.816639
0.45,0.4,0.6 0.00944893
0.45,0.45,0 4.52543e-07
0.45,0.45,0.05 50.9738
0.45,0.45,0.1 253.357
0.45,0.45,0.15 298.248
0.45,0.45,0.2 511.028
0.45,0.45,0.25 433.201
0.45,0.45,0.3 457.706
0.45,0.45,0.35 340.681
0.45,0.45,0.4 242.656
0.45,0.45,0.45 271.013
0.45,0.45,0.5 162.226
0.45,0.45,0.55 9.19355
0.45,0.45,0.6 0.00992601
0.45,0.5,0 5.71125e-07
0.45,0.5,0.05 77.4421
0.45,0.5,0.1 400.535
0.45,0.5,0.15 409.802
0.45,0.5,0.2 348.188
0.45,0.5,0.25 589.65
0.45,0.5,0.3 647.792
0.45,0.5,0.35 682.408
0.45,0.5,0.4 612.475
0.45,0.5,0.45 606.094
0.45,0.5,0.5 315.776
0.45,0.5,0.55 13.1031
0.45,0.5,0.6 0.000470819
0.45,0.55,0 3.67985e-08
0.45,0.55,0.05 12.1947
0.45,0.55,0.1 176.571
0.45,0.55,0.15 469.066
0.45,0.55,0.2 266.383
0.45,0.55,0.25 411.312
0.45,0.55,0.3 533.847
0.45,0.55,0.35 632.474
0.45,0.55,0.4 744.977
0.45,0.55,0.45 761.868
0.45,0.55,0.5 344.877
0.45,0.55,0.55 5.65356
0.45,0.55,0.6 0.0099957
0.45,0.6,0 1.83889e-11
0.45,0.6,0.05 73.2316
0.45,0.6,0.1 396.729
0.45,0.6,0.15 251.178
0.45,0.6,0.2 279.065
0.45,0.6,0.25 296.673
0.45,0.6,0.3 311.284
0.45,0.6,0.35 518.399
0.45,0.6,0.4 485.455
0.45,0.6,0.45 641.157
0.45,0.6,0.5 321.288
0.45,0.6,0.55 10.9377
0.45,0.6,0.6 0.0555005
0.45,0.65,0.05 102.391
0.45,0.65,0.1 459.567
0.45,0.65,0.15 194.567
0.45,0.65,0.2 249.831
0.45,0.65,0.25 318.164
0.45,0.65,0.3 588.794
0.45,0.65,0.35 411.692
0.45,0.65,0.4 224.751
0.45,0.65,0.45 395.631
0.45,0.65,0.5 253.249
0.45,0.65,0.55 11.7829
0.45,0.65,0.6 0.0201548
0.45,0.7,0 7.13216e-11
0.45,0.7,0.05 10.47
0.45,0.7,0.1 47.7538
0.45,0.7,0.15 37.0324
0.45,0.7,0.2 34.8118
0.45,0.7,0.25 86.6847
0.45,0.7,0.3 351.211
0.45,0.7,0.35 458.488
0.45,0.7,0.4 336.545
0.45,0.7,0.45 468.249
0.45,0.7,0.5 185.958
0.45,0.7,0.55 2.30354
0.45,0.7,0.6 0.000212718
0.45,0.75,0 2.42916e-07
0.45,0.75,0.05 25.0314
0.45,0.75,0.1 99.9748
0.45,0.75,0.15 26.7799
0.45,0.75,0.2 0.732006
0.45,0.75,0.25 1.23041
0.45,0.75,0.3 135.626
0.45,0.75,0.35 414.499
0.45,0.75,0.4 214.576
0.45,0.75,0.45 237.982
0.45,0.75,0.5 90.7773
0.45,0.75,0.55 0.533301
0.45,0.8,0 7.85732e-07
0.45,0.8,0.05 80.9672
0.45,0.8,0.1 321.799
0.45,0.8,0.15 79.9354
0.45,0.8,0.25 0.0218633
0.45,0.8,0.3 6.89404
0.45,0.8,0.35 22.2075
0.45,0.8,0.4 14.9598
0.45,0.8,0.45 8.00219
0.45,0.8,0.5 1.28914
0.45,0.8,0.55 0.00711697
0.45,0.85,0 1.58594e-07
0.45,0.85,0.05 16.3439
0.45,0.85,0.1 64.9577
0.45,0.85,0.15 16.1356
0.45,0.9,0 1.66874e-12
0.45,0.9,0.05 0.000257712
0.45,0.9,0.1 0.00102509
0.45,0.9,0.15 0.00025484
0.5,0.1,0.1 0.0476205
0.5,0.1,0.15 16.1723
0.5,0.1,0.2 40.2302
0.5,0.1,0.25 6.69036
0.5,0.1,0.3 0.314043
0.5,0.1,0.35 2.70017
0.5,0.1,0.4 18.738
0.5,0.1,0.45 8.60146
0.5,0.1,0.5 0.121745
0.5,0.1,0.55 0.000510943
0.5,0.15,0.1 3.6344
0.5,0.15,0.15 159.385
0.5,0.15,0.2 462.819
0.5,0.15,0.25 198.707
0.5,0.15,0.3 59.9165
0.5,0.15,0.35 49.6636
0.5,0.15,0.4 127.778
0.5,0.15,0.45 112.13
0.5,0.15,0.5 29.0688
0.5,0.15,0.55 0.1821
0.5,0.2,0.05 0.0137423
0.5,0.2,0.1 49.5395
0.5,0.2,0.15 440.717
0.5,0.2,0.2 645.078
0.5,0.2,0.25 418.594
0.5,0.2,0.3 427.36
0.5,0.2,0.35 342.541
0.5,0.2,0.4 357.683
0.5,0.2,0.45 256.679
0.5,0.2,0.5 71.4945
0.5,0.2,0.55 0.450528
0.5,0.25,0 1.88171e-07
0.5,0.25,0.05 8.79965
0.5,0.25,0.1 87.1251
0.5,0.25,0.15 329.314
0.5,0.25,0.2 297.857
0.5,0.25,0.25 319.745
0.5,0.25,0.3 576.45
0.5,0.25,0.35 456.073
0.5,0.25,0.4 728.146
0.5,0.25,0.45 229.369
0.5,0.25,0.5 12.8077
0.5,0.25,0.55 0.0795976
0.5,0.3,0 2.0211e-06
0.5,0.3,0.05 90.0764
0.5,0.3,0.1 407.75
0.5,0.3,0.15 480.618
0.5,0.3,0.2 617.828
0.5,0.3,0.25 422.298
0.5,0.3,0.3 473.738
0.5,0.3,0.35 371.169
0.5,0.3,0.4 668.281
0.5,0.3,0.45 296.298
0.5,0.3,0.5 8.0736
0.5,0.3,0.55 0.0286911
0.5,0.35,0 2.05414e-06
0.5,0.35,0.05 123.75
0.5,0.35,0.1 567.987
0.5,0.35,0.15 774.911
0.5,0.35,0.2 726.857
0.5,0.35,0.25 424.376
0.5,0.35,0.3 885.975
0.5,0.35,0.35 526.531
0.5,0.35,0.4 379.81
0.5,0.35,0.45 160.505
0.5,0.35,0.5 4.84224
0.5,0.35,0.55 0.00728164
0.5,0.4,0 8.76281e-07
0.5,0.4,0.05 73.7992
0.5,0.4,0.1 314.829
0.5,0.4,0.15 314.18
0.5,0.4,0.2 365.244
0.5,0.4,0.25 244.502
0.5,0.4,0.3 329.676
0.5,0.4,0.35 168.885
0.5,0.4,0.4 455.157
0.5,0.4,0.45 218.259
0.5,0.4,0.5 5.58492
0.5,0.4,0.55 0.0003529
0.5,0.45,0 3.70266e-08
0.5,0.45,0.05 38.8644
0.5,0.45,0.1 180.455
0.5,0.45,0.15 412.624
0.5,0.45,0.2 623.765
0.5,0.45,0.25 382.839
0.5,0.45,0.3 221.831
0.5,0.45,0.35 330.376
0.5,0.45,0.4 435.609
0.5,0.45,0.45 221.61
0.5,0.45,0.5 31.5299
0.5,0.45,0.55 0.135641
0.5,0.5,0 5.53424e-09
0.5,0.5,0.05 80.6615
0.5,0.5,0.1 352.957
0.5,0.5,0.15 450.108
0.5,0.5,0.2 585.046
0.5,0.5,0.25 566.326
0.5,0.5,0.3 366.302
0.5,0.5,0.35 446.855
0.5,0.5,0.4 321.744
0.5,0.5,0.45 218.819
0.5,0.5,0.5 86.0366
0.5,0.5,0.55 0.470718
0.5,0.55,0 1.05952e-08
0.5,0.55,0.05 57.0208
0.5,0.55,0.1 254.253
0.5,0.55,0.15 408.749
0.5,0.55,0.2 494.896
0.5,0.55,0.25 502.14
0.5,0.55,0.3 303.888
0.5,0.55,0.35 398.133
0.5,0.55,0.4 531.209
0.5,0.55,0.45 519.35
0.5,0.55,0.5 172.092
0.5,0.55,0.55 0.666392
0.5,0.6,0 1.19623e-09
0.5,0.6,0.05 21.3638
0.5,0.6,0.1 109.04
0.5,0.6,0.15 239.264
0.5,0.6,0.2 472.557
0.5,0.6,0.25 576.609
0.5,0.6,0.3 141.215
0.5,0.6,0.35 182.851
0.5,0.6,0.4 478.608
0.5,0.6,0.45 339.864
0.5,0.6,0.5 96.1503
0.5,0.6,0.55 0.444261
0.5,0.65,0.05 28.4704
0.5,0.65,0.1 127.543
0.5,0.65,0.15 261.391
0.5,0.65,0.2 510.591
0.5,0.65,0.25 337.437
0.5,0.65,0.3 150.839
0.5,0.65,0.35 92.1867
0.5,0.65,0.4 384.725
0.5,0.65,0.45 388.484
0.5,0.65,0.5 44.5676
0.5,0.65,0.55 0.332851
0.5,0.7,0 4.11456e-12
0.5,0.7,0.05 3.1856
0.5,0.7,0.1 16.4512
0.5,0.7,0.15 103.83
0.5,0.7,0.2 134.141
0.5,0.7,0.25 49.6562
0.5,0.7,0.3 113.845
0.5,0.7,0.35 111.492
0.5,0.7,0.4 347.623
0.5,0.7,0.45 575.714
0.5,0.7,0.5 72.3043
0.5,0.7,0.55 0.149621
0.5,0.75,0 1.82775e-08
0.5,0.75,0.05 2.10251
0.5,0.75,0.1 8.38066
0.5,0.75,0.15 2.74455
0.5,0.75,0.2 0.768769
0.5,0.75,0.25 1.84397
0.5,0.75,0.3 49.5009
0.5,0.75,0.35 97.8868
0.5,0.75,0.4 69.3309
0.5,0.75,0.45 122.432
0.5,0.75,0.5 21.8407
0.5,0.75,0.55 0.0620086
0.5,0.8,0 1.78866e-07
