0.25,0.15,0.05 48.6364
0.25,0.15,0.1 225.963
0.25,0.15,0.15 509.013
0.25,0.15,0.2 716.019
0.25,0.15,0.25 366.978
0.25,0.15,0.3 295.072
0.25,0.15,0.35 119.271
0.25,0.15,0.4 11.8913
0.25,0.2,0 1.87744e-09
0.25,0.2,0.05 86.8159
0.25,0.2,0.1 370.89
0.25,0.2,0.15 426.594
0.25,0.2,0.2 437.587
0.25,0.2,0.25 240.035
0.25,0.2,0.3 580.799
0.25,0.2,0.35 457.922
0.25,0.2,0.4 44.3226
0.25,0.25,0 8.9566e-10
0.25,0.25,0.05 89.4627
0.25,0.25,0.1 362.58
0.25,0.25,0.15 359.407
0.25,0.25,0.2 616.837
0.25,0.25,0.25 291.253
0.25,0.25,0.3 500.743
0.25,0.25,0.35 329.467
0.25,0.25,0.4 16.5194
0.25,0.3,0 1.67548e-11
0.25,0.3,0.05 45.9624
0.25,0.3,0.1 197.06
0.25,0.3,0.15 313.91
0.25,0.3,0.2 584.636
0.25,0.3,0.25 214.73
0.25,0.3,0.3 182.655
0.25,0.3,0.35 174.455
0.25,0.3,0.4 9.94157
0.25,0.35,0 1.68771e-13
0.25,0.35,0.05 77.4038
0.25,0.35,0.1 401.898
0.25,0.35,0.15 319.613
0.25,0.35,0.2 129.404
0.25,0.35,0.25 22.0289
0.25,0.35,0.3 30.7242
0.25,0.35,0.35 35.1291
0.25,0.35,0.4 2.1984
0.25,0.4,0 2.80854e-12
0.25,0.4,0.05 104.362
0.25,0.4,0.1 494.78
0.25,0.4,0.15 371.138
0.25,0.4,0.2 129.698
0.25,0.4,0.25 26.2275
0.25,0.4,0.3 1.37342
0.25,0.45,0 5.80011e-10
0.25,0.45,0.05 149.219
0.25,0.45,0.1 655.051
0.25,0.45,0.15 455.355
0.25,0.45,0.2 330.72
0.25,0.45,0.25 300.639
0.25,0.45,0.3 95.9499
0.25,0.45,0.35 67.5585
0.25,0.45,0.4 21.1584
0.25,0.45,0.45 1.22425
0.25,0.5,0 1.63125e-09
0.25,0.5,0.05 181.421
0.25,0.5,0.1 735.53
0.25,0.5,0.15 337.607
0.25,0.5,0.2 414.428
0.25,0.5,0.25 631.416
0.25,0.5,0.3 622.933
0.25,0.5,0.35 538.676
0.25,0.5,0.4 312.478
0.25,0.5,0.45 22.3273
0.25,0.55,0 2.49178e-09
0.25,0.55,0.05 86.809
0.25,0.55,0.1 465.808
0.25,0.55,0.15 331.54
0.25,0.55,0.2 275.231
0.25,0.55,0.25 498.845
0.25,0.55,0.3 680.099
0.25,0.55,0.35 662.579
0.25,0.55,0.4 412.594
0.25,0.55,0.45 25.8281
0.25,0.6,0 1.73455e-08
0.25,0.6,0.05 19.9656
0.25,0.6,0.1 280.29
0.25,0.6,0.15 463.582
0.25,0.6,0.2 568.793
0.25,0.6,0.25 446.341
0.25,0.6,0.3 449.061
0.25,0.6,0.35 560.395
0.25,0.6,0.4 315.015
0.25,0.6,0.45 12.4754
0.25,0.65,0 1.10698e-08
0.25,0.65,0.05 78.7848
0.25,0.65,0.1 353.046
0.25,0.65,0.15 384.852
0.25,0.65,0.2 541.693
0.25,0.65,0.25 255.653
0.25,0.65,0.3 354.97
0.25,0.65,0.35 277.675
0.25,0.65,0.4 143.733
0.25,0.65,0.45 5.96829
0.25,0.7,0 2.14309e-09
0.25,0.7,0.05 105.06
0.25,0.7,0.1 501.987
0.25,0.7,0.15 442.87
0.25,0.7,0.2 409.249
0.25,0.7,0.25 355.777
0.25,0.7,0.3 235.182
0.25,0.7,0.35 70.1937
0.25,0.7,0.4 11.4177
0.25,0.7,0.45 0.478136
0.25,0.75,0 1.56936e-10
0.25,0.75,0.05 74.2692
0.25,0.75,0.1 469.417
0.25,0.75,0.15 491.529
0.25,0.75,0.2 399.4
0.25,0.75,0.25 278.097
0.25,0.75,0.3 117.906
0.25,0.75,0.35 5.35956
0.25,0.75,0.4 0.00166226
0.25,0.8,0.05 26.4001
0.25,0.8,0.1 174.556
0.25,0.8,0.15 227.68
0.25,0.8,0.2 229.406
0.25,0.8,0.25 114.902
0.25,0.8,0.3 78.3793
0.25,0.8,0.35 4.20075
0.25,0.85,0.05 0.0739852
0.25,0.85,0.1 0.674464
0.25,0.85,0.15 3.20306
0.25,0.85,0.2 5.19587
0.25,0.85,0.25 4.17209
0.25,0.85,0.3 3.51384
0.25,0.85,0.35 0.190284
0.3,0,0.1 8.98235e-13
0.3,0,0.15 3.69085e-11
0.3,0,0.2 7.2462e-11
0.3,0,0.25 4.93977e-10
0.3,0,0.3 4.6626e-10
0.3,0,0.35 1.84664e-11
0.3,0.05,0 3.73392e-15
0.3,0.05,0.05 0.294826
0.3,0.05,0.1 2.65059
0.3,0.05,0.15 59.701
0.3,0.05,0.2 83.235
0.3,0.05,0.25 82.7634
0.3,0.05,0.3 73.7675
0.3,0.05,0.35 3.00993
0.3,0.1,0 2.52885e-12
0.3,0.1,0.05 13.0143
0.3,0.1,0.1 61.2406
0.3,0.1,0.15 283.794
0.3,0.1,0.2 398.989
0.3,0.1,0.25 382.699
0.3,0.1,0.3 362.365
0.3,0.1,0.35 24.9102
0.3,0.1,0.4 0.00223377
0.3,0.15,0 1.78153e-11
0.3,0.15,0.05 23.3171
0.3,0.15,0.1 126.159
0.3,0.15,0.15 416.914
0.3,0.15,0.2 503.242
0.3,0.15,0.25 329.312
0.3,0.15,0.3 550.567
0.3,0.15,0.35 191.109
0.3,0.15,0.4 18.3853
0.3,0.2,0 3.54429e-10
0.3,0.2,0.05 78.3711
0.3,0.2,0.1 371.692
0.3,0.2,0.15 626.272
0.3,0.2,0.2 617.046
0.3,0.2,0.25 404.599
0.3,0.2,0.3 701.756
0.3,0.2,0.35 456.604
0.3,0.2,0.4 63.9472
0.3,0.25,0 9.60497e-10
0.3,0.25,0.05 97.2629
0.3,0.25,0.1 403.329
0.3,0.25,0.15 246.95
0.3,0.25,0.2 230.266
0.3,0.25,0.25 419.653
0.3,0.25,0.3 591.53
0.3,0.25,0.35 344.124
0.3,0.25,0.4 23.3498
0.3,0.3,0 2.07664e-10
0.3,0.3,0.05 34.2471
0.3,0.3,0.1 168.853
0.3,0.3,0.15 401.317
0.3,0.3,0.2 480.866
0.3,0.3,0.25 473.286
0.3,0.3,0.3 466.325
0.3,0.3,0.35 363.968
0.3,0.3,0.4 20.7397
0.3,0.35,0 2.56026e-11
0.3,0.35,0.05 40.5451
0.3,0.35,0.1 345.131
0.3,0.35,0.15 757.527
0.3,0.35,0.2 544.607
0.3,0.35,0.25 82.3854
0.3,0.35,0.3 76.8034
0.3,0.35,0.35 73.1863
0.3,0.35,0.4 4.53036
0.3,0.4,0 5.57017e-11
0.3,0.4,0.05 110.143
0.3,0.4,0.1 590.12
0.3,0.4,0.15 768.012
0.3,0.4,0.2 459.822
0.3,0.4,0.25 40.7456
0.3,0.4,0.3 0.939786
0.3,0.4,0.35 0.104033
0.3,0.4,0.4 0.0522375
0.3,0.4,0.45 0.00149156
0.3,0.45,0 4.62628e-10
0.3,0.45,0.05 79.459
0.3,0.45,0.1 377.89
0.3,0.45,0.15 525.906
0.3,0.45,0.2 493.038
0.3,0.45,0.25 212.742
0.3,0.45,0.3 84.9785
0.3,0.45,0.35 54.0551
0.3,0.45,0.4 6.93972
0.3,0.45,0.45 0.117787
0.3,0.5,0 1.12061e-09
0.3,0.5,0.05 120.746
0.3,0.5,0.1 486.795
0.3,0.5,0.15 210.766
0.3,0.5,0.2 237.838
0.3,0.5,0.25 358.254
0.3,0.5,0.3 566.3
0.3,0.5,0.35 334.155
0.3,0.5,0.4 49.0895
0.3,0.5,0.45 1.61622
0.3,0.55,0 6.19814e-08
0.3,0.55,0.05 81.3848
0.3,0.55,0.1 342.269
0.3,0.55,0.15 251.97
0.3,0.55,0.2 296.675
0.3,0.55,0.25 430.721
0.3,0.55,0.3 640.099
0.3,0.55,0.35 224.951
0.3,0.55,0.4 53.1296
0.3,0.55,0.45 2.05356
0.3,0.6,0 5.15624e-07
0.3,0.6,0.05 69.8118
0.3,0.6,0.1 309.469
0.3,0.6,0.15 323.457
0.3,0.6,0.2 560.666
0.3,0.6,0.25 436.67
0.3,0.6,0.3 720.391
0.3,0.6,0.35 460.943
0.3,0.6,0.4 203.058
0.3,0.6,0.45 7.89211
0.3,0.65,0 2.57486e-07
0.3,0.65,0.05 79.0159
0.3,0.65,0.1 324.46
0.3,0.65,0.15 204.018
0.3,0.65,0.2 370.613
0.3,0.65,0.25 471.496
0.3,0.65,0.3 661.59
0.3,0.65,0.35 589.963
0.3,0.65,0.4 284.95
0.3,0.65,0.45 10.929
0.3,0.7,0 2.71045e-09
0.3,0.7,0.05 71.124
0.3,0.7,0.1 304.797
0.3,0.7,0.15 284.252
0.3,0.7,0.2 482.567
0.3,0.7,0.25 268.078
0.3,0.7,0.3 105.364
0.3,0.7,0.35 56.0792
0.3,0.7,0.4 26.0126
0.3,0.7,0.45 0.962168
0.3,0.75,0 8.54123e-11
0.3,0.75,0.05 26.5688
0.3,0.75,0.1 180.942
0.3,0.75,0.15 406.749
0.3,0.75,0.2 291.033
0.3,0.75,0.25 140.385
0.3,0.75,0.3 28.6428
0.3,0.75,0.35 0.0330675
0.3,0.75,0.4 4.00143e-05
0.3,0.8,0.05 8.39004
0.3,0.8,0.1 55.2379
0.3,0.8,0.15 74.5551
0.3,0.8,0.2 52.2369
0.3,0.8,0.25 62.5235
0.3,0.8,0.3 15.9291
0.3,0.8,0.35 0.00331812
0.3,0.85,0.05 0.0235128
0.3,0.85,0.1 0.140822
0.3,0.85,0.15 0.125581
0.3,0.85,0.2 0.361077
0.3,0.85,0.25 0.877887
0.3,0.85,0.3 0.22582
0.3,0.85,0.35 0.000148929
0.35,0,0.1 1.0915e-13
0.35,0,0.15 4.48499e-12
0.35,0,0.2 1.36352e-11
0.35,0,0.25 1.61573e-10
0.35,0,0.3 1.53173e-10
0.35,0,0.35 6.06646e-12
0.35,0.05,0.05 1.3891
0.35,0.05,0.1 5.86008
0.35,0.05,0.15 8.66525
0.35,0.05,0.2 11.2274
0.35,0.05,0.25 26.7955
0.35,0.05,0.3 23.9147
0.35,0.05,0.35 0.939581
0.35,0.1,0.05 61.4289
0.35,0.1,0.1 253.641
0.35,0.1,0.15 94.5391
0.35,0.1,0.2 64.9998
0.35,0.1,0.25 163.47
0.35,0.1,0.3 121.084
0.35,0.1,0.35 7.23716
0.35,0.1,0.4 0.000209746
0.35,0.15,0 9.98691e-13
0.35,0.15,0.05 93.5863
0.35,0.15,0.1 405.43
0.35,0.15,0.15 185.014
0.35,0.15,0.2 175.315
0.35,0.15,0.25 264.882
0.35,0.15,0.3 198.885
0.35,0.15,0.35 36.26
0.35,0.15,0.4 1.72576
0.35,0.2,0 4.54939e-10
0.35,0.2,0.05 104.437
0.35,0.2,0.1 460.139
0.35,0.2,0.15 452.617
0.35,0.2,0.2 412.945
0.35,0.2,0.25 364.449
0.35,0.2,0.3 455.415
0.35,0.2,0.35 114.686
0.35,0.2,0.4 7.1967
0.35,0.25,0 1.64375e-09
0.35,0.25,0.05 165.71
0.35,0.25,0.1 732.658
0.35,0.25,0.15 586.11
0.35,0.25,0.2 252.894
0.35,0.25,0.25 425.722
0.35,0.25,0.3 715.696
0.35,0.25,0.35 273.685
0.35,0.25,0.4 8.43596
0.35,0.3,0 3.80253e-10
0.35,0.3,0.05 130.516
0.35,0.3,0.1 554.829
0.35,0.3,0.15 514.268
0.35,0.3,0.2 440.437
0.35,0.3,0.25 691.097
0.35,0.3,0.3 685.202
0.35,0.3,0.35 149.09
0.35,0.3,0.4 4.44633
0.35,0.35,0 1.63522e-10
0.35,0.35,0.05 93.6634
0.35,0.35,0.1 409.722
0.35,0.35,0.15 463.491
0.35,0.35,0.2 449.683
0.35,0.35,0.25 207.046
0.35,0.35,0.3 105.292
0.35,0.35,0.35 16.5263
0.35,0.35,0.4 0.559526
0.35,0.4,0 3.75969e-10
0.35,0.4,0.05 165.868
0.35,0.4,0.1 818.847
0.35,0.4,0.15 718.441
0.35,0.4,0.2 376.76
0.35,0.4,0.25 40.9866
0.35,0.4,0.3 12.8488
0.35,0.4,0.35 24.127
0.35,0.4,0.4 27.2125
0.35,0.4,0.45 1.76176
0.35,0.45,0 1.96219e-09
0.35,0.45,0.05 98.9505
0.35,0.45,0.1 557.379
0.35,0.45,0.15 737.93
0.35,0.45,0.2 648.417
0.35,0.45,0.25 155.01
0.35,0.45,0.3 99.6254
0.35,0.45,0.35 265.738
0.35,0.45,0.4 166.713
0.35,0.45,0.45 7.45961
0.35,0.5,0 2.49667e-09
0.35,0.5,0.05 145.059
0.35,0.5,0.1 610.211
0.35,0.5,0.15 414.026
0.35,0.5,0.2 566.753
0.35,0.5,0.25 583.882
0.35,0.5,0.3 590.243
0.35,0.5,0.35 479.789
0.35,0.5,0.4 133.797
0.35,0.5,0.45 2.04689
0.35,0.55,0 7.25879e-08
0.35,0.55,0.05 90.4856
0.35,0.55,0.1 390.237
0.35,0.55,0.15 469.959
0.35,0.55,0.2 633.335
0.35,0.55,0.25 441.962
0.35,0.55,0.3 431.464
0.35,0.55,0.35 134.968
0.35,0.55,0.4 15.1881
0.35,0.55,0.45 0.135283
0.35,0.6,0 5.99473e-07
0.35,0.6,0.05 93.6075
0.35,0.6,0.1 420.047
0.35,0.6,0.15 641.955
0.35,0.6,0.2 969.256
0.35,0.6,0.25 420.529
0.35,0.6,0.3 553.225
0.35,0.6,0.35 452.618
0.35,0.6,0.4 204.625
0.35,0.6,0.45 6.85569
0.35,0.65,0 2.98019e-07
0.35,0.65,0.05 114.475
0.35,0.65,0.1 500.346
0.35,0.65,0.15 461.088
0.35,0.65,0.2 516.945
0.35,0.65,0.25 613.276
0.35,0.65,0.3 629.731
0.35,0.65,0.35 740.461
0.35,0.65,0.4 334.384
0.35,0.65,0.45 10.3072
0.35,0.7,0 2.2604e-09
0.35,0.7,0.05 76.3821
0.35,0.7,0.1 313.041
0.35,0.7,0.15 164.658
0.35,0.7,0.2 377.104
0.35,0.7,0.25 605.485
0.35,0.7,0.3 197.162
0.35,0.7,0.35 86.2775
0.35,0.7,0.4 31.8692
0.35,0.7,0.45 0.850778
0.35,0.75,0 6.48878e-09
0.35,0.75,0.05 4.15545
0.35,0.75,0.1 31.1932
0.35,0.75,0.15 159.476
0.35,0.75,0.2 356.939
0.35,0.75,0.25 588.132
0.35,0.75,0.3 174.692
0.35,0.75,0.35 9.39757
0.35,0.8,0 2.09747e-08
0.35,0.8,0.05 2.16482
0.35,0.8,0.1 10.8671
0.35,0.8,0.15 25.0982
0.35,0.8,0.2 72.3402
0.35,0.8,0.25 231.903
0.35,0.8,0.3 66.5811
0.35,0.8,0.35 1.16036
0.35,0.85,0 4.23295e-09
0.35,0.85,0.05 0.436195
0.35,0.85,0.1 1.73365
0.35,0.85,0.15 0.430648
0.35,0.85,0.2 0.749703
0.35,0.85,0.25 3.12983
0.35,0.85,0.3 0.81663
0.35,0.85,0.35 2.26599e-06
0.4,0,0.2 4.56167e-15
0.4,0,0.25 9.59092e-14
0.4,0,0.3 9.1156e-14
0.4,0,0.35 3.61026e-15
0.4,0.05,0.05 0.408836
0.4,0.05,0.1 1.67307
0.4,0.05,0.15 0.43201
0.4,0.05,0.2 2.18756
0.4,0.05,0.25 5.84219
0.4,0.05,0.3 1.28846
0.4,0.05,0.35 0.149579
0.4,0.05,0.4 0.000734125
0.4,0.1,0.05 25.5173
0.4,0.1,0.1 117.719
0.4,0.1,0.15 37.0811
0.4,0.1,0.2 101.629
0.4,0.1,0.25 266.234
0.4,0.1,0.3 64.2967
0.4,0.1,0.35 9.8777
0.4,0.1,0.4 0.048649
0.4,0.15,0 2.72598e-12
0.4,0.15,0.05 86.5102
0.4,0.15,0.1 511.485
0.4,0.15,0.15 238.816
0.4,0.15,0.2 309.343
0.4,0.15,0.25 647.208
0.4,0.15,0.3 134.732
0.4,0.15,0.35 16.335
0.4,0.15,0.4 0.078178
0.4,0.2,0 7.63964e-11
0.4,0.2,0.05 69.9732
0.4,0.2,0.1 401.655
0.4,0.2,0.15 407.529
0.4,0.2,0.2 413.793
0.4,0.2,0.25 353.739
0.4,0.2,0.3 104.826
0.4,0.2,0.35 9.29574
0.4,0.2,0.4 0.108543
0.4,0.25,0 2.13217e-10
0.4,0.25,0.05 92.6262
0.4,0.25,0.1 430.248
0.4,0.25,0.15 464.794
0.4,0.25,0.2 256.261
0.4,0.25,0.25 193.973
0.4,0.25,0.3 172.218
0.4,0.25,0.35 27.6042
0.4,0.25,0.4 0.514545
0.4,0.3,0 6.83051e-11
0.4,0.3,0.05 107.221
0.4,0.3,0.1 447.662
0.4,0.3,0.15 267.961
0.4,0.3,0.2 343.981
0.4,0.3,0.25 520.604
0.4,0.3,0.3 294.514
0.4,0.3,0.35 25.4435
0.4,0.3,0.4 0.162707
0.4,0.35,0 6.59199e-11
0.4,0.35,0.05 52.6377
0.4,0.35,0.1 214.576
0.4,0.35,0.15 135.475
0.4,0.35,0.2 309.891
0.4,0.35,0.25 587.466
0.4,0.35,0.3 390.709
0.4,0.35,0.35 61.8592
0.4,0.35,0.4 0.363772
0.4,0.4,0 1.62326e-10
0.4,0.4,0.05 53.8544
0.4,0.4,0.1 271.38
0.4,0.4,0.15 384.961
0.4,0.4,0.2 341.505
0.4,0.4,0.25 261.113
0.4,0.4,0.3 354.177
0.4,0.4,0.35 149.361
0.4,0.4,0.4 80.4219
0.4,0.4,0.45 5.17878
0.4,0.45,0 1.18058e-09
0.4,0.45,0.05 53.521
0.4,0.45,0.1 301.504
0.4,0.45,0.15 566.905
0.4,0.45,0.2 586.63
0.4,0.45,0.25 292.893
0.4,0.45,0.3 263.261
0.4,0.45,0.35 453.888
0.4,0.45,0.4 379.168
0.4,0.45,0.45 22.108
0.4,0.5,0 1.37084e-09
0.4,0.5,0.05 68.185
0.4,0.5,0.1 339.94
0.4,0.5,0.15 500.164
0.4,0.5,0.2 760.736
0.4,0.5,0.25 541.002
0.4,0.5,0.3 508.982
0.4,0.5,0.35 653.164
0.4,0.5,0.4 223.531
0.4,0.5,0.45 9.73897
0.4,0.55,0 1.13367e-08
0.4,0.55,0.05 51.0756
0.4,0.55,0.1 265.444
0.4,0.55,0.15 418.601
0.4,0.55,0.2 531.423
0.4,0.55,0.25 334.398
0.4,0.55,0.3 223.811
0.4,0.55,0.35 228.37
0.4,0.55,0.4 49.9897
0.4,0.55,0.45 2.92441
0.4,0.6,0 6.01546e-08
0.4,0.6,0.05 147.957
0.4,0.6,0.1 611.877
0.4,0.6,0.15 378.624
0.4,0.6,0.2 615.894
0.4,0.6,0.25 316.257
0.4,0.6,0.3 186.122
0.4,0.6,0.35 162.945
0.4,0.6,0.4 99.1281
0.4,0.6,0.45 3.73635
0.4,0.65,0 2.32439e-08
0.4,0.65,0.05 72.0673
0.4,0.65,0.1 305.281
0.4,0.65,0.15 258.683
0.4,0.65,0.2 528.066
0.4,0.65,0.25 437.53
0.4,0.65,0.3 371.013
0.4,0.65,0.35 269.214
0.4,0.65,0.4 152.637
0.4,0.65,0.45 5.48561
0.4,0.7,0 2.16872e-10
0.4,0.7,0.05 17.1987
0.4,0.7,0.1 69.5193
0.4,0.7,0.15 33.3838
0.4,0.7,0.2 200.748
0.4,0.7,0.25 373.144
0.4,0.7,0.3 258.567
0.4,0.7,0.35 52.9445
0.4,0.7,0.4 13.5167
0.4,0.7,0.45 0.448458
0.4,0.75,0 2.05596e-07
0.4,0.75,0.05 21.9332
0.4,0.75,0.1 87.2457
0.4,0.75,0.15 27.1565
0.4,0.75,0.2 135.132
0.4,0.75,0.25 361.964
0.4,0.75,0.3 392.171
0.4,0.75,0.35 50.4004
0.4,0.8,0 6.64996e-07
0.4,0.8,0.05 68.5247
0.4,0.8,0.1 272.355
0.4,0.8,0.15 67.9075
0.4,0.8,0.2 16.1691
0.4,0.8,0.25 74.3709
0.4,0.8,0.3 58.3417
0.4,0.8,0.35 6.2225
0.4,0.85,0 1.34204e-07
0.4,0.85,0.05 13.8291
0.4,0.85,0.1 54.9628
0.4,0.85,0.15 13.6529
0.4,0.85,0.2 0.171494
0.4,0.85,0.25 0.715944
0.4,0.85,0.3 0.186803
0.4,0.85,0.35 5.18342e-07
0.45,0.05,0.05 5.66765e-05
0.45,0.05,0.1 0.000231937
0.45,0.05,0.15 0.00132168
0.45,0.05,0.2 0.674673
0.45,0.05,0.25 2.178
0.45,0.05,0.3 3.23425
0.45,0.05,0.35 1.3317
0.45,0.05,0.4 0.00656044
0.45,0.1,0.05 21.1519
0.45,0.1,0.1 91.9768
0.45,0.1,0.15 32.7283
0.45,0.1,0.2 48.6518
0.45,0.1,0.25 111.538
0.45,0.1,0.3 210.882
0.45,0.1,0.35 88.4757
0.45,0.1,0.4 0.434747
0.45,0.15,0 8.62203e-12
0.45,0.15,0.05 130.908
0.45,0.15,0.1 609.07
