0,0.5,0.2 4.93552e-13
0,0.5,0.25 4.92794e-12
0,0.5,0.3 2.83284e-12
0,0.5,0.35 3.38326e-14
0,0.55,0.2 1.47834e-11
0,0.55,0.25 1.47607e-10
0,0.55,0.3 8.48524e-11
0,0.55,0.35 1.01339e-12
0,0.6,0.2 1.6986e-11
0,0.6,0.25 1.696e-10
0,0.6,0.3 9.74949e-11
0,0.6,0.35 1.16438e-12
0,0.65,0.2 9.36747e-13
0,0.65,0.25 9.35309e-12
0,0.65,0.3 5.37665e-12
0,0.65,0.35 6.42133e-14
0.05,0.1,0.05 0.461592
0.05,0.1,0.1 10.1099
0.05,0.1,0.15 9.83758
0.05,0.1,0.2 0.410071
0.05,0.1,0.25 0.00045595
0.05,0.15,0 1.83915e-16
0.05,0.15,0.05 2.62613
0.05,0.15,0.1 57.5214
0.05,0.15,0.15 58.1374
0.05,0.15,0.2 7.35737
0.05,0.15,0.25 0.717507
0.05,0.15,0.3 0.0865104
0.05,0.15,0.35 0.14395
0.05,0.15,0.4 0.0148135
0.05,0.2,0 6.19752e-15
0.05,0.2,0.05 0.959092
0.05,0.2,0.1 20.4623
0.05,0.2,0.15 26.4266
0.05,0.2,0.2 17.0591
0.05,0.2,0.25 17.6438
0.05,0.2,0.3 16.9035
0.05,0.2,0.35 7.43718
0.05,0.2,0.4 0.724991
0.05,0.25,0 5.6899e-14
0.05,0.25,0.05 0.367659
0.05,0.25,0.1 1.4973
0.05,0.25,0.15 2.74492
0.05,0.25,0.2 8.47764
0.05,0.25,0.25 49.2324
0.05,0.25,0.3 46.2047
0.05,0.25,0.35 11.3336
0.05,0.25,0.4 1.03847
0.05,0.3,0 3.84023e-14
0.05,0.3,0.05 0.250637
0.05,0.3,0.1 1.00563
0.05,0.3,0.15 1.46084
0.05,0.3,0.2 3.57006
0.05,0.3,0.25 9.90248
0.05,0.3,0.3 8.34924
0.05,0.3,0.35 1.02189
0.05,0.3,0.4 0.0800594
0.05,0.35,0 2.9298e-10
0.05,0.35,0.05 1.34787
0.05,0.35,0.1 5.38196
0.05,0.35,0.15 1.40371
0.05,0.35,0.2 0.151308
0.05,0.35,0.25 0.023191
0.05,0.4,0 1.17859e-09
0.05,0.4,0.05 5.4024
0.05,0.4,0.1 21.5752
0.05,0.4,0.15 5.52349
0.05,0.4,0.2 0.273452
0.05,0.4,0.25 0.0500561
0.05,0.4,0.3 1.587e-07
0.05,0.45,0 2.96394e-10
0.05,0.45,0.05 1.40132
0.05,0.45,0.1 5.67228
0.05,0.45,0.15 16.2153
0.05,0.45,0.2 56.3908
0.05,0.45,0.25 14.318
0.05,0.45,0.3 0.00341633
0.05,0.45,0.35 0.000825405
0.05,0.45,0.4 0.000432504
0.05,0.45,0.45 5.76287e-06
0.05,0.5,0 1.42835e-12
0.05,0.5,0.05 0.876939
0.05,0.5,0.1 3.57008
0.05,0.5,0.15 34.6958
0.05,0.5,0.2 137.049
0.05,0.5,0.25 39.2749
0.05,0.5,0.3 2.69785
0.05,0.5,0.35 0.0747422
0.05,0.5,0.4 0.00862433
0.05,0.5,0.45 0.000114914
0.05,0.55,0 1.33311e-12
0.05,0.55,0.05 0.818467
0.05,0.55,0.1 3.27462
0.05,0.55,0.15 6.58887
0.05,0.55,0.2 32.3929
0.05,0.55,0.25 74.334
0.05,0.55,0.3 39.6727
0.05,0.55,0.35 0.572586
0.05,0.55,0.4 0.0079495
0.05,0.55,0.45 0.000105897
0.05,0.6,0 5.10195e-14
0.05,0.6,0.05 0.0313236
0.05,0.6,0.1 0.12525
0.05,0.6,0.15 1.23408
0.05,0.6,0.2 15.1457
0.05,0.6,0.25 75.651
0.05,0.6,0.3 45.7851
0.05,0.6,0.35 3.89441
0.05,0.6,0.4 0.105189
0.05,0.6,0.45 3.95557e-06
0.05,0.65,0.15 0.963631
0.05,0.65,0.2 7.41209
0.05,0.65,0.25 8.00092
0.05,0.65,0.3 18.6874
0.05,0.65,0.35 13.8619
0.05,0.65,0.4 0.433551
0.05,0.7,0.15 11.1914
0.05,0.7,0.2 82.4198
0.05,0.7,0.25 37.0724
0.05,0.7,0.3 4.40424
0.05,0.7,0.35 3.57229
0.05,0.7,0.4 0.112004
0.05,0.75,0.15 7.83744
0.05,0.75,0.2 57.7195
0.05,0.75,0.25 25.7904
0.05,0.75,0.3 0.119961
0.05,0.75,0.35 4.53057e-06
0.05,0.75,0.4 1.4205e-07
0.05,0.8,0.15 0.161379
0.05,0.8,0.2 1.18849
0.05,0.8,0.25 0.531045
0.05,0.8,0.3 0.00246999
0.1,0,0.1 2.01027e-19
0.1,0,0.15 6.84176e-17
0.1,0,0.2 2.02121e-14
0.1,0,0.25 1.40043e-13
0.1,0,0.3 5.97136e-14
0.1,0,0.35 2.22277e-16
0.1,0.05,0.1 2.64753e-06
0.1,0.05,0.15 0.000901064
0.1,0.05,0.2 0.275795
0.1,0.05,0.25 1.91144
0.1,0.05,0.3 0.81503
0.1,0.05,0.35 0.00303385
0.1,0.1,0.05 2.36953
0.1,0.1,0.1 51.8982
0.1,0.1,0.15 50.5349
0.1,0.1,0.2 3.52088
0.1,0.1,0.25 7.95378
0.1,0.1,0.3 3.36412
0.1,0.1,0.35 0.0310202
0.1,0.15,0 1.61724e-12
0.1,0.15,0.05 16.2706
0.1,0.15,0.1 306.565
0.1,0.15,0.15 333.302
0.1,0.15,0.2 115.906
0.1,0.15,0.25 21.8386
0.1,0.15,0.3 7.59433
0.1,0.15,0.35 4.20906
0.1,0.15,0.4 0.333527
0.1,0.2,0 1.6235e-11
0.1,0.2,0.05 35.2183
0.1,0.2,0.1 226.621
0.1,0.2,0.15 269.611
0.1,0.2,0.2 330.482
0.1,0.2,0.25 153.599
0.1,0.2,0.3 181.231
0.1,0.2,0.35 162.44
0.1,0.2,0.4 16.3232
0.1,0.25,0 1.52925e-11
0.1,0.25,0.05 57.3684
0.1,0.25,0.1 229.82
0.1,0.25,0.15 148.446
0.1,0.25,0.2 240.215
0.1,0.25,0.25 357.162
0.1,0.25,0.3 395.598
0.1,0.25,0.35 235.196
0.1,0.25,0.4 23.3814
0.1,0.3,0 4.52776e-12
0.1,0.3,0.05 29.4396
0.1,0.3,0.1 117.923
0.1,0.3,0.15 97.5982
0.1,0.3,0.2 173.773
0.1,0.3,0.25 89.5279
0.1,0.3,0.3 62.274
0.1,0.3,0.35 19.0889
0.1,0.3,0.4 1.80255
0.1,0.35,0 4.53774e-09
0.1,0.35,0.05 21.5211
0.1,0.35,0.1 85.943
0.1,0.35,0.15 24.8615
0.1,0.35,0.2 8.51645
0.1,0.35,0.25 1.30531
0.1,0.4,0 1.82539e-08
0.1,0.4,0.05 83.6724
0.1,0.4,0.1 334.482
0.1,0.4,0.15 91.513
0.1,0.4,0.2 8.603
0.1,0.4,0.25 0.623385
0.1,0.4,0.3 8.7757e-05
0.1,0.45,0 4.59742e-09
0.1,0.45,0.05 24.2627
0.1,0.45,0.1 103.353
0.1,0.45,0.15 232.293
0.1,0.45,0.2 442.894
0.1,0.45,0.25 87.5366
0.1,0.45,0.3 0.565686
0.1,0.45,0.35 4.10661
0.1,0.45,0.4 2.4451
0.1,0.45,0.45 0.0325795
0.1,0.5,0 9.01174e-11
0.1,0.5,0.05 48.8525
0.1,0.5,0.1 201.247
0.1,0.5,0.15 370.196
0.1,0.5,0.2 907.259
0.1,0.5,0.25 287.104
0.1,0.5,0.3 76.1906
0.1,0.5,0.35 85.0628
0.1,0.5,0.4 48.8855
0.1,0.5,0.45 0.65034
0.1,0.55,0 7.23519e-11
0.1,0.55,0.05 42.8698
0.1,0.55,0.1 172.853
0.1,0.55,0.15 148.65
0.1,0.55,0.2 375.21
0.1,0.55,0.25 556.938
0.1,0.55,0.3 395.5
0.1,0.55,0.35 147.997
0.1,0.55,0.4 49.8137
0.1,0.55,0.45 0.602128
0.1,0.6,0 2.61038e-12
0.1,0.6,0.05 2.04419
0.1,0.6,0.1 11.177
0.1,0.6,0.15 44.98
0.1,0.6,0.2 271.97
0.1,0.6,0.25 452.74
0.1,0.6,0.3 437.238
0.1,0.6,0.35 168.074
0.1,0.6,0.4 9.76479
0.1,0.6,0.45 0.0234428
0.1,0.65,0.05 0.549554
0.1,0.65,0.1 13.6338
0.1,0.65,0.15 26.7158
0.1,0.65,0.2 57.0952
0.1,0.65,0.25 62.2864
0.1,0.65,0.3 300.917
0.1,0.65,0.35 230.854
0.1,0.65,0.4 7.28484
0.1,0.65,0.45 3.64836e-07
0.1,0.7,0.05 0.531603
0.1,0.7,0.1 30.2887
0.1,0.7,0.15 103.478
0.1,0.7,0.2 370.046
0.1,0.7,0.25 187.8
0.1,0.7,0.3 89.5416
0.1,0.7,0.35 57.6393
0.1,0.7,0.4 1.76737
0.1,0.75,0.05 0.101756
0.1,0.75,0.1 6.08227
0.1,0.75,0.15 49.7356
0.1,0.75,0.2 249.888
0.1,0.75,0.25 118.824
0.1,0.75,0.3 7.81013
0.1,0.75,0.35 0.241258
0.1,0.75,0.4 2.24147e-06
0.1,0.8,0.1 0.148822
0.1,0.8,0.15 6.26166
0.1,0.8,0.2 12.2068
0.1,0.8,0.25 3.08304
0.1,0.8,0.3 0.0855392
0.1,0.8,0.35 0.0001371
0.1,0.85,0.1 0.00514859
0.1,0.85,0.15 0.195747
0.1,0.85,0.2 0.365556
0.1,0.85,0.25 0.209023
0.1,0.85,0.3 0.0180195
0.1,0.9,0.15 1.17969e-05
0.1,0.9,0.2 0.000842469
0.1,0.9,0.25 0.00138977
0.1,0.9,0.3 0.00012993
0.15,0,0.1 2.5992e-15
0.15,0,0.15 8.84613e-13
0.15,0,0.2 2.8455e-12
0.15,0,0.25 5.0451e-12
0.15,0,0.3 2.01227e-12
0.15,0,0.35 7.49043e-15
0.15,0.05,0 3.77742e-13
0.15,0.05,0.05 0.00767793
0.15,0.05,0.1 0.0649096
0.15,0.05,0.15 11.6581
0.15,0.05,0.2 38.2035
0.15,0.05,0.25 70.0755
0.15,0.05,0.3 27.7558
0.15,0.05,0.35 0.102237
0.15,0.1,0 2.55832e-10
0.15,0.1,0.05 5.95824
0.15,0.1,0.1 37.5214
0.15,0.1,0.15 68.3514
0.15,0.1,0.2 163.555
0.15,0.1,0.25 293.48
0.15,0.1,0.3 115.091
0.15,0.1,0.35 1.0325
0.15,0.15,0 7.0896e-10
0.15,0.15,0.05 28.2886
0.15,0.15,0.1 190.576
0.15,0.15,0.15 188.649
0.15,0.15,0.2 318.756
0.15,0.15,0.25 293.352
0.15,0.15,0.3 201.946
0.15,0.15,0.35 37.1908
0.15,0.15,0.4 0.329585
0.15,0.2,0 2.0535e-10
0.15,0.2,0.05 105.648
0.15,0.2,0.1 451.057
0.15,0.2,0.15 403.991
0.15,0.2,0.2 719.385
0.15,0.2,0.25 397.121
0.15,0.2,0.3 429.817
0.15,0.2,0.35 212.071
0.15,0.2,0.4 16.1303
0.15,0.25,0 6.20458e-11
0.15,0.25,0.05 149.868
0.15,0.25,0.1 600.206
0.15,0.25,0.15 343.836
0.15,0.25,0.2 488.654
0.15,0.25,0.25 467.146
0.15,0.25,0.3 407.728
0.15,0.25,0.35 234.855
0.15,0.25,0.4 23.105
0.15,0.3,0 1.07221e-11
0.15,0.3,0.05 110.086
0.15,0.3,0.1 440.575
0.15,0.3,0.15 214.377
0.15,0.3,0.2 267.732
0.15,0.3,0.25 125.811
0.15,0.3,0.3 64.977
0.15,0.3,0.35 18.3379
0.15,0.3,0.4 1.78124
0.15,0.35,0 3.57402e-09
0.15,0.35,0.05 35.8024
0.15,0.35,0.1 143.101
0.15,0.35,0.15 40.9415
0.15,0.35,0.2 12.9806
0.15,0.35,0.25 1.99875
0.15,0.35,0.3 1.99757e-07
0.15,0.4,0 1.43752e-08
0.15,0.4,0.05 65.9331
0.15,0.4,0.1 271.721
0.15,0.4,0.15 111.833
0.15,0.4,0.2 23.7967
0.15,0.4,0.25 0.835853
0.15,0.4,0.3 0.0159082
0.15,0.45,0 3.70555e-09
0.15,0.45,0.05 39.9228
0.15,0.45,0.1 210.781
0.15,0.45,0.15 529.508
0.15,0.45,0.2 475.05
0.15,0.45,0.25 106.182
0.15,0.45,0.3 9.89167
0.15,0.45,0.35 15.9404
0.15,0.45,0.4 8.40655
0.15,0.45,0.45 0.109099
0.15,0.5,0 4.41487e-10
0.15,0.5,0.05 143.757
0.15,0.5,0.1 604.254
0.15,0.5,0.15 673.343
0.15,0.5,0.2 845.903
0.15,0.5,0.25 417.315
0.15,0.5,0.3 179.982
0.15,0.5,0.35 351.594
0.15,0.5,0.4 190.058
0.15,0.5,0.45 3.48116
0.15,0.55,0 1.80927e-10
0.15,0.55,0.05 81.0388
0.15,0.55,0.1 335.32
0.15,0.55,0.15 358.266
0.15,0.55,0.2 619.599
0.15,0.55,0.25 764.314
0.15,0.55,0.3 713.541
0.15,0.55,0.35 665.49
0.15,0.55,0.4 282.233
0.15,0.55,0.45 8.54632
0.15,0.6,0 3.80676e-12
0.15,0.6,0.05 22.8842
0.15,0.6,0.1 201.584
0.15,0.6,0.15 174.509
0.15,0.6,0.2 332.266
0.15,0.6,0.25 497.295
0.15,0.6,0.3 803.706
0.15,0.6,0.35 500.58
0.15,0.6,0.4 67.992
0.15,0.6,0.45 2.11925
0.15,0.65,0 5.34872e-17
0.15,0.65,0.05 39.4948
0.15,0.65,0.1 318.9
0.15,0.65,0.15 267.391
0.15,0.65,0.2 150.156
0.15,0.65,0.25 154.482
0.15,0.65,0.3 405.593
0.15,0.65,0.35 226.117
0.15,0.65,0.4 7.39833
0.15,0.65,0.45 0.000699887
0.15,0.7,0 3.56858e-10
0.15,0.7,0.05 15.3339
0.15,0.7,0.1 271.978
0.15,0.7,0.15 522.235
0.15,0.7,0.2 539.197
0.15,0.7,0.25 563.795
0.15,0.7,0.3 462.873
0.15,0.7,0.35 75.3621
0.15,0.7,0.4 1.4089
0.15,0.7,0.45 2.53921e-08
0.15,0.75,0 2.34651e-09
0.15,0.75,0.05 13.4344
0.15,0.75,0.1 103.854
0.15,0.75,0.15 308.695
0.15,0.75,0.2 443.322
0.15,0.75,0.25 270.622
0.15,0.75,0.3 119.36
0.15,0.75,0.35 5.89353
0.15,0.75,0.4 1.7868e-06
0.15,0.8,0 9.47779e-10
0.15,0.8,0.05 5.11904
0.15,0.8,0.1 39.5684
0.15,0.8,0.15 213.137
0.15,0.8,0.2 297.102
0.15,0.8,0.25 153.794
0.15,0.8,0.3 12.927
0.15,0.8,0.35 0.00199327
0.15,0.85,0 2.64585e-12
0.15,0.85,0.05 0.0142934
0.15,0.85,0.1 3.25477
0.15,0.85,0.15 19.1314
0.15,0.85,0.2 49.8338
0.15,0.85,0.25 66.3825
0.15,0.85,0.3 6.16752
0.15,0.9,0.15 0.00403774
0.15,0.9,0.2 0.288352
0.15,0.9,0.25 0.475677
0.15,0.9,0.3 0.0444711
0.2,0,0.1 1.21643e-14
0.2,0,0.15 3.22306e-12
0.2,0,0.2 8.58693e-12
0.2,0,0.25 6.89561e-12
0.2,0,0.3 2.44805e-12
0.2,0,0.35 9.11257e-15
0.2,0.05,0 2.59192e-12
0.2,0.05,0.05 0.0526829
0.2,0.05,0.1 0.998601
0.2,0.05,0.15 48.9273
0.2,0.05,0.2 129.513
0.2,0.05,0.25 136.915
0.2,0.05,0.3 42.6002
0.2,0.05,0.35 0.124377
0.2,0.1,0 1.75541e-09
0.2,0.1,0.05 35.8026
0.2,0.1,0.1 151.147
0.2,0.1,0.15 275.922
0.2,0.1,0.2 584.802
0.2,0.1,0.25 652.964
0.2,0.1,0.3 194.089
0.2,0.1,0.35 1.25247
0.2,0.1,0.4 0.000260852
0.2,0.15,0 4.92556e-09
0.2,0.15,0.05 107.098
0.2,0.15,0.1 448.256
0.2,0.15,0.15 255.782
0.2,0.15,0.2 471.446
0.2,0.15,0.25 490.768
0.2,0.15,0.3 352.371
0.2,0.15,0.35 61.2046
0.2,0.15,0.4 0.109857
0.2,0.2,0 2.02103e-09
0.2,0.2,0.05 102.248
0.2,0.2,0.1 421.083
0.2,0.2,0.15 366.698
0.2,0.2,0.2 781.651
0.2,0.2,0.25 550.626
0.2,0.2,0.3 807.64
0.2,0.2,0.35 170.968
0.2,0.2,0.4 0.924725
0.2,0.25,0 7.042e-10
0.2,0.25,0.05 146.56
0.2,0.25,0.1 589.264
0.2,0.25,0.15 359.923
0.2,0.25,0.2 490.45
0.2,0.25,0.25 423.012
0.2,0.25,0.3 432.148
0.2,0.25,0.35 74.6752
0.2,0.25,0.4 1.01962
0.2,0.3,0 2.3313e-11
0.2,0.3,0.05 157.264
0.2,0.3,0.1 630.954
0.2,0.3,0.15 267.803
0.2,0.3,0.2 266.074
0.2,0.3,0.25 116.882
0.2,0.3,0.3 49.4705
0.2,0.3,0.35 4.44189
0.2,0.3,0.4 0.0757978
0.2,0.35,0 2.14505e-10
0.2,0.35,0.05 57.306
0.2,0.35,0.1 229.322
0.2,0.35,0.15 62.4611
0.2,0.35,0.2 15.6798
0.2,0.35,0.25 3.65847
0.2,0.35,0.3 0.038369
0.2,0.35,0.35 0.00892831
0.2,0.4,0 5.11013e-10
0.2,0.4,0.05 27.1849
0.2,0.4,0.1 155.5
0.2,0.4,0.15 178.85
0.2,0.4,0.2 36.5992
0.2,0.4,0.25 0.937765
0.2,0.4,0.3 0.0467925
0.2,0.45,0 2.74156e-10
0.2,0.45,0.05 40.9542
0.2,0.45,0.1 335.182
0.2,0.45,0.15 769.755
0.2,0.45,0.2 366.442
0.2,0.45,0.25 157.783
0.2,0.45,0.3 23.5421
0.2,0.45,0.35 14.0234
0.2,0.45,0.4 2.8073
0.2,0.45,0.45 0.0228105
0.2,0.5,0 5.01028e-10
0.2,0.5,0.05 97.4954
0.2,0.5,0.1 443.028
0.2,0.5,0.15 612.988
0.2,0.5,0.2 752.667
0.2,0.5,0.25 685.476
0.2,0.5,0.3 294.855
0.2,0.5,0.35 406.207
0.2,0.5,0.4 135.624
0.2,0.5,0.45 4.48657
0.2,0.55,0 1.17019e-10
0.2,0.55,0.05 47.3347
0.2,0.55,0.1 199.955
0.2,0.55,0.15 198.959
0.2,0.55,0.2 386.783
0.2,0.55,0.25 791.398
0.2,0.55,0.3 660.122
0.2,0.55,0.35 865.429
0.2,0.55,0.4 451.063
0.2,0.55,0.45 20.6281
0.2,0.6,0 4.36113e-12
0.2,0.6,0.05 65.3523
0.2,0.6,0.1 403.932
0.2,0.6,0.15 221.911
0.2,0.6,0.2 200.525
0.2,0.6,0.25 465.283
0.2,0.6,0.3 493.245
0.2,0.6,0.35 427.353
0.2,0.6,0.4 174.169
0.2,0.6,0.45 6.36806
0.2,0.65,0 1.01127e-11
0.2,0.65,0.05 129.472
0.2,0.65,0.1 684.35
0.2,0.65,0.15 532.332
0.2,0.65,0.2 490.235
0.2,0.65,0.25 262.585
0.2,0.65,0.3 244.805
0.2,0.65,0.35 101.664
0.2,0.65,0.4 18.4544
0.2,0.65,0.45 0.0170377
0.2,0.7,0 2.82747e-09
0.2,0.7,0.05 71.7567
0.2,0.7,0.1 435.177
0.2,0.7,0.15 687.497
0.2,0.7,0.2 582.868
0.2,0.7,0.25 555.477
0.2,0.7,0.3 665.025
0.2,0.7,0.35 84.2571
0.2,0.7,0.4 0.145965
0.2,0.7,0.45 3.94245e-05
0.2,0.75,0 1.85033e-08
0.2,0.75,0.05 130.217
0.2,0.75,0.1 594.027
0.2,0.75,0.15 677.566
0.2,0.75,0.2 750.225
0.2,0.75,0.25 334.715
0.2,0.75,0.3 188.041
0.2,0.75,0.35 19.2792
0.2,0.75,0.4 0.00173845
0.2,0.8,0 7.47934e-09
0.2,0.8,0.05 52.2499
0.2,0.8,0.1 300.53
0.2,0.8,0.15 627.454
0.2,0.8,0.2 651.889
0.2,0.8,0.25 385.408
0.2,0.8,0.3 30.8968
0.2,0.8,0.35 0.00750993
0.2,0.85,0 2.09824e-11
0.2,0.85,0.05 0.14982
0.2,0.85,0.1 18.0026
0.2,0.85,0.15 85.31
0.2,0.85,0.2 127.364
0.2,0.85,0.25 162.606
0.2,0.85,0.3 15.145
0.2,0.9,0.15 0.00991511
0.2,0.9,0.2 0.70808
0.2,0.9,0.25 1.16808
0.2,0.9,0.3 0.109204
0.25,0,0.1 4.4342e-13
0.25,0,0.15 1.88157e-11
0.25,0,0.2 3.02791e-11
0.25,0,0.25 9.52765e-11
0.25,0,0.3 8.85446e-11
0.25,0,0.35 3.50153e-12
0.25,0.05,0 1.08787e-12
0.25,0.05,0.05 0.0221119
0.25,0.05,0.1 3.69484
0.25,0.05,0.15 72.2115
0.25,0.05,0.2 99.5315
0.25,0.05,0.25 76.7355
0.25,0.05,0.3 26.5538
