0.45,0.2,0.3 125.966
0.45,0.2,0.35 13.3519
0.45,0.2,0.4 0.0100153
0.45,0.25,0 1.52436e-10
0.45,0.25,0.05 116.614
0.45,0.25,0.1 470.946
0.45,0.25,0.15 196.891
0.45,0.25,0.2 282.972
0.45,0.25,0.25 387.108
0.45,0.25,0.3 88.211
0.45,0.25,0.35 0.281011
0.45,0.3,0 6.78363e-10
0.45,0.3,0.05 137.65
0.45,0.3,0.1 573.766
0.45,0.3,0.15 542.415
0.45,0.3,0.2 700.755
0.45,0.3,0.25 226.906
0.45,0.3,0.3 28.1807
0.45,0.3,0.35 3.15251
0.45,0.3,0.4 0.59648
0.45,0.3,0.45 0.000484214
0.45,0.35,0 4.16459e-10
0.45,0.35,0.05 143.327
0.45,0.35,0.1 587.184
0.45,0.35,0.15 414.129
0.45,0.35,0.2 546.748
0.45,0.35,0.25 435.036
0.45,0.35,0.3 407.363
0.45,0.35,0.35 140.815
0.45,0.35,0.4 10.0657
0.45,0.35,0.45 0.00566867
0.45,0.4,0 8.24765e-11
0.45,0.4,0.05 76.7245
0.45,0.4,0.1 317.89
0.45,0.4,0.15 256.397
0.45,0.4,0.2 313.584
0.45,0.4,0.25 358.248
0.45,0.4,0.3 772.02
0.45,0.4,0.35 410.374
0.45,0.4,0.4 31.6212
0.45,0.4,0.45 0.657538
0.45,0.45,0 1.20401e-10
0.45,0.45,0.05 73.9857
0.45,0.45,0.1 342.184
0.45,0.45,0.15 498.391
0.45,0.45,0.2 444.522
0.45,0.45,0.25 577.741
0.45,0.45,0.3 564.801
0.45,0.45,0.35 250.93
0.45,0.45,0.4 83.8251
0.45,0.45,0.45 3.58955
0.45,0.5,0 8.52769e-10
0.45,0.5,0.05 115.365
0.45,0.5,0.1 485.848
0.45,0.5,0.15 396.112
0.45,0.5,0.2 683.671
0.45,0.5,0.25 522.021
0.45,0.5,0.3 815.712
0.45,0.5,0.35 736.51
0.45,0.5,0.4 244.662
0.45,0.5,0.45 14.1727
0.45,0.55,0 4.45494e-09
0.45,0.55,0.05 109.758
0.45,0.55,0.1 452.336
0.45,0.55,0.15 331.652
0.45,0.55,0.2 597.549
0.45,0.55,0.25 248.372
0.45,0.55,0.3 569.37
0.45,0.55,0.35 666.438
0.45,0.55,0.4 239.555
0.45,0.55,0.45 14.366
0.45,0.6,0 1.45697e-08
0.45,0.6,0.05 141.826
0.45,0.6,0.1 576.116
0.45,0.6,0.15 368.334
0.45,0.6,0.2 772.818
0.45,0.6,0.25 281.334
0.45,0.6,0.3 52.8998
0.45,0.6,0.35 49.2445
0.45,0.6,0.4 13.3239
0.45,0.6,0.45 0.740201
0.45,0.65,0 4.32448e-09
0.45,0.65,0.05 86.2295
0.45,0.65,0.1 374.298
0.45,0.65,0.15 181.275
0.45,0.65,0.2 291.699
0.45,0.65,0.25 105.661
0.45,0.65,0.3 25.4646
0.45,0.65,0.35 4.27751
0.45,0.65,0.4 1.22532
0.45,0.65,0.45 0.0458724
0.45,0.7,0 1.04913e-10
0.45,0.7,0.05 7.12651
0.45,0.7,0.1 39.2676
0.45,0.7,0.15 25.1662
0.45,0.7,0.2 23.2015
0.45,0.7,0.25 50.7362
0.45,0.7,0.3 44.6816
0.45,0.7,0.35 2.39269
0.45,0.7,0.4 0.156685
0.45,0.7,0.45 0.0058658
0.45,0.75,0 2.42916e-07
0.45,0.75,0.05 25.032
0.45,0.75,0.1 104.312
0.45,0.75,0.15 44.7857
0.45,0.75,0.2 11.7813
0.45,0.75,0.25 123.547
0.45,0.75,0.3 123.071
0.45,0.75,0.35 5.37403
0.45,0.8,0 7.85732e-07
0.45,0.8,0.05 80.9672
0.45,0.8,0.1 322.425
0.45,0.8,0.15 82.5147
0.45,0.8,0.2 1.72945
0.45,0.8,0.25 23.139
0.45,0.8,0.3 23.1069
0.45,0.8,0.35 1.00889
0.45,0.85,0 1.58594e-07
0.45,0.85,0.05 16.3439
0.45,0.85,0.1 64.9577
0.45,0.85,0.15 16.1357
0.45,0.85,0.2 0.00250714
0.45,0.85,0.25 0.00370929
0.45,0.85,0.3 0.000299276
0.45,0.9,0 1.66874e-12
0.45,0.9,0.05 0.000257712
0.45,0.9,0.1 0.00102509
0.45,0.9,0.15 0.00025484
0.5,0.05,0.15 1.14443e-05
0.5,0.05,0.2 0.00162047
0.5,0.05,0.25 0.345924
0.5,0.05,0.3 1.93379
0.5,0.05,0.35 0.677484
0.5,0.05,0.4 0.000726303
0.5,0.1,0 1.13747e-13
0.5,0.1,0.05 5.49206
0.5,0.1,0.1 22.0157
0.5,0.1,0.15 12.506
0.5,0.1,0.2 27.4265
0.5,0.1,0.25 62.9137
0.5,0.1,0.3 147.645
0.5,0.1,0.35 40.0771
0.5,0.1,0.4 0.0402367
0.5,0.15,0 3.38349e-11
0.5,0.15,0.05 37.6976
0.5,0.15,0.1 152.018
0.5,0.15,0.15 165.077
0.5,0.15,0.2 513.507
0.5,0.15,0.25 594.05
0.5,0.15,0.3 629.628
0.5,0.15,0.35 95.4604
0.5,0.15,0.4 0.0605404
0.5,0.2,0 1.12759e-10
0.5,0.2,0.05 113.444
0.5,0.2,0.1 461.109
0.5,0.2,0.15 424.176
0.5,0.2,0.2 829.15
0.5,0.2,0.25 649.872
0.5,0.2,0.3 450.184
0.5,0.2,0.35 46.6743
0.5,0.2,0.4 0.0159175
0.5,0.25,0 1.38189e-10
0.5,0.25,0.05 100.883
0.5,0.25,0.1 412.506
0.5,0.25,0.15 339.536
0.5,0.25,0.2 458.774
0.5,0.25,0.25 426.345
0.5,0.25,0.3 150.659
0.5,0.25,0.35 8.94935
0.5,0.25,0.4 0.0284399
0.5,0.3,0 7.69519e-10
0.5,0.3,0.05 158.171
0.5,0.3,0.1 673.86
0.5,0.3,0.15 775.294
0.5,0.3,0.2 619.668
0.5,0.3,0.25 203.429
0.5,0.3,0.3 64.2544
0.5,0.3,0.35 26.0669
0.5,0.3,0.4 8.40829
0.5,0.3,0.45 0.00682203
0.5,0.35,0 1.08218e-09
0.5,0.35,0.05 184.305
0.5,0.35,0.1 761.246
0.5,0.35,0.15 581.958
0.5,0.35,0.2 534.005
0.5,0.35,0.25 111.932
0.5,0.35,0.3 151.312
0.5,0.35,0.35 353.764
0.5,0.35,0.4 100.527
0.5,0.35,0.45 0.0798651
0.5,0.4,0 8.55786e-10
0.5,0.4,0.05 97.0878
0.5,0.4,0.1 392.748
0.5,0.4,0.15 294.916
0.5,0.4,0.2 389.397
0.5,0.4,0.25 240.627
0.5,0.4,0.3 604.127
0.5,0.4,0.35 520.683
0.5,0.4,0.4 72.619
0.5,0.4,0.45 0.0517926
0.5,0.45,0 1.66423e-09
0.5,0.45,0.05 106.812
0.5,0.45,0.1 434.658
0.5,0.45,0.15 342.883
0.5,0.45,0.2 451.787
0.5,0.45,0.25 541.93
0.5,0.45,0.3 377.247
0.5,0.45,0.35 140.093
0.5,0.45,0.4 8.08047
0.5,0.45,0.45 0.292064
0.5,0.5,0 4.99493e-09
0.5,0.5,0.05 145.847
0.5,0.5,0.1 586.751
0.5,0.5,0.15 382.354
0.5,0.5,0.2 546.975
0.5,0.5,0.25 284.575
0.5,0.5,0.3 173.37
0.5,0.5,0.35 198.311
0.5,0.5,0.4 123.55
0.5,0.5,0.45 7.7734
0.5,0.55,0 4.86634e-09
0.5,0.55,0.05 166.565
0.5,0.55,0.1 714.502
0.5,0.55,0.15 666.895
0.5,0.55,0.2 857.155
0.5,0.55,0.25 120.709
0.5,0.55,0.3 161.324
0.5,0.55,0.35 250.922
0.5,0.55,0.4 135.988
0.5,0.55,0.45 8.42283
0.5,0.6,0 5.14498e-10
0.5,0.6,0.05 72.0556
0.5,0.6,0.1 389.601
0.5,0.6,0.15 428.335
0.5,0.6,0.2 550.829
0.5,0.6,0.25 80.2772
0.5,0.6,0.3 16.6762
0.5,0.6,0.35 21.3295
0.5,0.6,0.4 7.21713
0.5,0.6,0.45 0.421336
0.5,0.65,0 1.70855e-10
0.5,0.65,0.05 84.2663
0.5,0.65,0.1 456.402
0.5,0.65,0.15 284.488
0.5,0.65,0.2 209.609
0.5,0.65,0.25 25.7957
0.5,0.65,0.3 0.0406936
0.5,0.65,0.35 4.87287e-06
0.5,0.7,0 7.6338e-12
0.5,0.7,0.05 22.2874
0.5,0.7,0.1 162.54
0.5,0.7,0.15 332.289
0.5,0.7,0.2 213.538
0.5,0.7,0.25 14.794
0.5,0.7,0.3 0.170501
0.5,0.7,0.35 0.00744567
0.5,0.75,0 1.82803e-08
0.5,0.75,0.05 8.35004
0.5,0.75,0.1 111.35
0.5,0.75,0.15 335.572
0.5,0.75,0.2 94.3186
0.5,0.75,0.25 1.41102
0.5,0.75,0.3 0.514038
0.5,0.75,0.35 0.0224512
0.5,0.8,0 1.78869e-07
0.5,0.8,0.05 31.8908
0.5,0.8,0.1 136.956
0.5,0.8,0.15 72.3813
0.5,0.8,0.2 10.4649
0.5,0.8,0.25 0.0962676
0.5,0.8,0.3 0.0965023
0.5,0.8,0.35 0.00421485
0.5,0.85,0 1.65992e-07
0.5,0.85,0.05 25.4838
0.5,0.85,0.1 101.369
0.5,0.85,0.15 25.2017
0.5,0.9,0 8.96276e-09
0.5,0.9,0.05 1.38416
0.5,0.9,0.1 5.50572
0.5,0.9,0.15 1.36874
0.55,0.05,0.25 0.00251778
0.55,0.05,0.3 0.0142069
0.55,0.05,0.35 0.00497825
0.55,0.05,0.4 5.33698e-06
0.55,0.1,0 4.04135e-12
0.55,0.1,0.05 0.102169
0.55,0.1,0.1 1.18654
0.55,0.1,0.15 21.7104
0.55,0.1,0.2 28.3948
0.55,0.1,0.25 29.6877
0.55,0.1,0.3 30.6998
0.55,0.1,0.35 2.09338
0.55,0.1,0.4 0.000295665
0.55,0.15,0 1.07631e-09
0.55,0.15,0.05 29.947
0.55,0.15,0.1 125.495
0.55,0.15,0.15 198.899
0.55,0.15,0.2 295.654
0.55,0.15,0.25 321.902
0.55,0.15,0.3 311.007
0.55,0.15,0.35 24.7972
0.55,0.15,0.4 0.00089481
0.55,0.2,0 2.52895e-09
0.55,0.2,0.05 102.157
0.55,0.2,0.1 421.79
0.55,0.2,0.15 493.397
0.55,0.2,0.2 684.998
0.55,0.2,0.25 363.538
0.55,0.2,0.3 367.167
0.55,0.2,0.35 71.9067
0.55,0.2,0.4 0.217746
0.55,0.25,0 3.92059e-10
0.55,0.25,0.05 61.0886
0.55,0.25,0.1 264.47
0.55,0.25,0.15 526.197
0.55,0.25,0.2 722.407
0.55,0.25,0.25 785.831
0.55,0.25,0.3 568.032
0.55,0.25,0.35 132.316
0.55,0.25,0.4 0.576484
0.55,0.3,0 3.61949e-10
0.55,0.3,0.05 101.968
0.55,0.3,0.1 426.258
0.55,0.3,0.15 426.276
0.55,0.3,0.2 554.984
0.55,0.3,0.25 771.087
0.55,0.3,0.3 341.255
0.55,0.3,0.35 58.7052
0.55,0.3,0.4 6.37611
0.55,0.3,0.45 0.00504322
0.55,0.35,0 1.67284e-09
0.55,0.35,0.05 146.309
0.55,0.35,0.1 601.532
0.55,0.35,0.15 213.489
0.55,0.35,0.2 180.448
0.55,0.35,0.25 168.37
0.55,0.35,0.3 83.4722
0.55,0.35,0.35 226.418
0.55,0.35,0.4 72.8136
0.55,0.35,0.45 0.0590407
0.55,0.4,0 1.13906e-09
0.55,0.4,0.05 77.876
0.55,0.4,0.1 316.162
0.55,0.4,0.15 123.419
0.55,0.4,0.2 118.817
0.55,0.4,0.25 165.346
0.55,0.4,0.3 124.177
0.55,0.4,0.35 166.723
0.55,0.4,0.4 47.4281
0.55,0.4,0.45 0.0382879
0.55,0.45,0 1.94604e-09
0.55,0.45,0.05 112.883
0.55,0.45,0.1 452.292
0.55,0.45,0.15 280.547
0.55,0.45,0.2 487.922
0.55,0.45,0.25 409.33
0.55,0.45,0.3 126.859
0.55,0.45,0.35 16.3597
0.55,0.45,0.4 0.950639
0.55,0.45,0.45 0.00434141
0.55,0.5,0 2.94974e-09
0.55,0.5,0.05 100.504
0.55,0.5,0.1 406.516
0.55,0.5,0.15 461.322
0.55,0.5,0.2 792.202
0.55,0.5,0.25 180.348
0.55,0.5,0.3 19.8849
0.55,0.5,0.35 1.57326
0.55,0.5,0.4 1.5332
0.55,0.5,0.45 0.0986226
0.55,0.55,0 1.91213e-09
0.55,0.55,0.05 66.6222
0.55,0.55,0.1 354.361
0.55,0.55,0.15 603.981
0.55,0.55,0.2 742.457
0.55,0.55,0.25 215.112
0.55,0.55,0.3 36.8746
0.55,0.55,0.35 1.83426
0.55,0.55,0.4 1.67282
0.55,0.55,0.45 0.106862
0.55,0.6,0 8.20803e-11
0.55,0.6,0.05 56.4462
0.55,0.6,0.1 362.072
0.55,0.6,0.15 409.729
0.55,0.6,0.2 349.014
0.55,0.6,0.25 104.731
0.55,0.6,0.3 16.976
0.55,0.6,0.35 0.135354
0.55,0.6,0.4 0.0856431
0.55,0.6,0.45 0.00534557
0.55,0.65,0 6.35632e-11
0.55,0.65,0.05 51.0636
0.55,0.65,0.1 287.491
0.55,0.65,0.15 473.842
0.55,0.65,0.2 691.095
0.55,0.65,0.25 125.803
0.55,0.65,0.3 0.391689
0.55,0.65,0.35 5.24001e-08
0.55,0.7,0 5.84632e-11
0.55,0.7,0.05 35.0259
0.55,0.7,0.1 302.83
0.55,0.7,0.15 728.344
0.55,0.7,0.2 733.021
0.55,0.7,0.25 103.375
0.55,0.7,0.3 0.0239383
0.55,0.75,0 1.43022e-08
0.55,0.75,0.05 72.8187
0.55,0.75,0.1 455.796
0.55,0.75,0.15 507.783
0.55,0.75,0.2 115.296
0.55,0.75,0.25 4.39415
0.55,0.8,0 4.45858e-07
0.55,0.8,0.05 145.129
0.55,0.8,0.1 593.875
0.55,0.8,0.15 187.563
0.55,0.8,0.2 9.16584
0.55,0.8,0.25 7.03143e-06
0.55,0.85,0 5.23551e-07
0.55,0.85,0.05 89.3176
0.55,0.85,0.1 355.453
0.55,0.85,0.15 88.4116
0.55,0.9,0 2.99179e-08
0.55,0.9,0.05 5.75641
0.55,0.9,0.1 22.9211
0.55,0.9,0.15 5.70429
0.55,0.95,0 9.51499e-18
0.55,0.95,0.05 1.11451e-05
0.55,0.95,0.1 4.45676e-05
0.55,0.95,0.15 1.11387e-05
0.6,0.1,0 5.03972e-12
0.6,0.1,0.05 0.127168
0.6,0.1,0.1 2.29315
0.6,0.1,0.15 48.8435
0.6,0.1,0.2 53.4389
0.6,0.1,0.25 3.35776
0.6,0.1,0.3 0.72202
0.6,0.1,0.35 0.0414
0.6,0.15,0 1.34236e-09
0.6,0.15,0.05 35.9316
0.6,0.15,0.1 156.159
0.6,0.15,0.15 381.673
0.6,0.15,0.2 381.787
0.6,0.15,0.25 27.8723
0.6,0.15,0.3 10.5478
0.6,0.15,0.35 0.841534
0.6,0.15,0.4 0.000414704
0.6,0.2,0 3.17225e-09
0.6,0.2,0.05 138.458
0.6,0.2,0.1 566.634
0.6,0.2,0.15 398.728
0.6,0.2,0.2 272.246
0.6,0.2,0.25 138.512
0.6,0.2,0.3 239.349
0.6,0.2,0.35 55.597
0.6,0.2,0.4 0.200581
0.6,0.25,0 4.86735e-10
0.6,0.25,0.05 79.55
0.6,0.25,0.1 402.164
0.6,0.25,0.15 610.425
0.6,0.25,0.2 509.047
0.6,0.25,0.25 625.158
0.6,0.25,0.3 588.606
0.6,0.25,0.35 149.478
0.6,0.25,0.4 0.599873
0.6,0.3,0 1.02768e-10
0.6,0.3,0.05 23.0879
0.6,0.3,0.1 255.213
0.6,0.3,0.15 568.123
0.6,0.3,0.2 679.954
0.6,0.3,0.25 771.227
0.6,0.3,0.3 547.398
0.6,0.3,0.35 170.857
0.6,0.3,0.4 0.816247
0.6,0.3,0.45 0.000118243
0.6,0.35,0 5.7752e-10
0.6,0.35,0.05 79.4867
0.6,0.35,0.1 624.089
0.6,0.35,0.15 449.865
0.6,0.35,0.2 267.459
0.6,0.35,0.25 235.865
0.6,0.35,0.3 176.535
0.6,0.35,0.35 73.7574
0.6,0.35,0.4 1.97345
0.6,0.35,0.45 0.00138426
0.6,0.4,0 2.65865e-10
0.6,0.4,0.05 47.3581
0.6,0.4,0.1 294.247
0.6,0.4,0.15 196.512
0.6,0.4,0.2 158.523
0.6,0.4,0.25 43.3955
0.6,0.4,0.3 4.787
0.6,0.4,0.35 3.61381
0.6,0.4,0.4 1.10721
0.6,0.4,0.45 0.000897696
0.6,0.45,0 9.10978e-10
0.6,0.45,0.05 154.972
0.6,0.45,0.1 620.152
0.6,0.45,0.15 353.004
0.6,0.45,0.2 602.817
0.6,0.45,0.25 156.549
0.6,0.45,0.3 7.80507
0.6,0.45,0.35 0.0556276
0.6,0.45,0.4 0.018688
0.6,0.45,0.45 1.51707e-05
0.6,0.5,0 1.86219e-09
0.6,0.5,0.05 144.196
0.6,0.5,0.1 580.543
0.6,0.5,0.15 354.13
0.6,0.5,0.2 588.908
0.6,0.5,0.25 212.187
0.6,0.5,0.3 15.4621
0.6,0.5,0.35 8.63667e-05
0.6,0.55,0 3.03679e-10
0.6,0.55,0.05 18.8284
0.6,0.55,0.1 121.362
0.6,0.55,0.15 431.672
0.6,0.55,0.2 470.068
0.6,0.55,0.25 432.153
0.6,0.55,0.3 98.4969
0.6,0.55,0.35 5.81775e-05
0.6,0.6,0 9.29578e-12
0.6,0.6,0.05 8.4005
0.6,0.6,0.1 87.282
0.6,0.6,0.15 548.803
0.6,0.6,0.2 661.05
0.6,0.6,0.25 321.478
0.6,0.6,0.3 47.3364
0.6,0.6,0.35 2.67678e-05
0.6,0.65,0 1.73343e-10
0.6,0.65,0.05 78.6597
0.6,0.65,0.1 462.263
0.6,0.65,0.15 678.047
0.6,0.65,0.2 857.542
0.6,0.65,0.25 270.191
0.6,0.65,0.3 3.35909
0.6,0.65,0.35 1.41834e-07
0.6,0.7,0 1.58991e-10
0.6,0.7,0.05 74.8907
0.6,0.7,0.1 605.202
0.6,0.7,0.15 862.321
0.6,0.7,0.2 484.827
0.6,0.7,0.25 88.3328
0.6,0.7,0.3 0.247422
0.6,0.75,0 3.47901e-09
0.6,0.75,0.05 82.733
0.6,0.75,0.1 526.948
0.6,0.75,0.15 466.601
0.6,0.75,0.2 65.4541
0.6,0.75,0.25 2.51557
0.6,0.75,0.3 0.000717133
0.6,0.8,0 9.40025e-08
0.6,0.8,0.05 157.265
0.6,0.8,0.1 651.762
0.6,0.8,0.15 216.979
0.6,0.8,0.2 10.8356
0.6,0.8,0.25 0.000702926
0.6,0.8,0.3 1.10686e-05
0.6,0.85,0 1.09315e-07
0.6,0.85,0.05 109.325
0.6,0.85,0.1 437.228
0.6,0.85,0.15 110.59
0.6,0.85,0.2 0.334901
0.6,0.9,0 6.2527e-09
0.6,0.9,0.05 22.1589
0.6,0.9,0.1 88.5901
0.6,0.9,0.15 22.1361
0.6,0.95,0 1.77506e-16
0.6,0.95,0.05 0.000207916
0.6,0.95,0.1 0.000831427
0.6,0.95,0.15 0.000207798
0.65,0.1,0 3.16477e-13
0.65,0.1,0.05 0.00798583
0.65,0.1,0.1 0.85196
0.65,0.1,0.15 23.445
0.65,0.1,0.2 26.3084
0.65,0.1,0.25 1.39682
0.65,0.15,0 8.50458e-11
0.65,0.15,0.05 3.78185
0.65,0.15,0.1 29.7493
0.65,0.15,0.15 273.193
0.65,0.15,0.2 295.729
0.65,0.15,0.25 20.3752
0.65,0.15,0.3 6.79211
0.65,0.15,0.35 0.546172
0.65,0.15,0.4 1.54841e-05
0.65,0.2,0 2.20521e-10
0.65,0.2,0.05 47.7236
0.65,0.2,0.1 235.6
0.65,0.2,0.15 287.536
0.65,0.2,0.2 211.08
0.65,0.2,0.25 151.687
0.65,0.2,0.3 208.381
0.65,0.2,0.35 18.021
0.65,0.2,0.4 0.00748922
0.65,0.25,0 5.43488e-11
0.65,0.25,0.05 50.6887
0.65,0.25,0.1 378.801
0.65,0.25,0.15 447.488
0.65,0.25,0.2 219.874
0.65,0.25,0.25 257.165
0.65,0.25,0.3 275.286
0.65,0.25,0.35 32.8288
0.65,0.25,0.4 0.0570823
0.65,0.3,0 1.83113e-12
0.65,0.3,0.05 12.4186
0.65,0.3,0.1 312.01
0.65,0.3,0.15 720.789
0.65,0.3,0.2 657.888
0.65,0.3,0.25 296.044
0.65,0.3,0.3 193.632
0.65,0.3,0.35 74.5273
0.65,0.3,0.4 0.287333
0.65,0.35,0 5.24388e-10
0.65,0.35,0.05 42.7772
0.65,0.35,0.1 542.187
0.65,0.35,0.15 552.861
0.65,0.35,0.2 224.801
0.65,0.35,0.25 79.3214
0.65,0.35,0.3 78.7227
0.65,0.35,0.35 33.2755
0.65,0.35,0.4 0.129948
0.65,0.4,0 2.49408e-09
0.65,0.4,0.05 70.1143
0.65,0.4,0.1 415.333
0.65,0.4,0.15 216.592
0.65,0.4,0.2 39.8888
0.65,0.4,0.25 6.79936
0.65,0.4,0.3 0.426959
0.65,0.4,0.35 0.171582
