0.45,0.1,0.25 88.043
0.45,0.1,0.3 197.184
0.45,0.1,0.35 103.034
0.45,0.1,0.4 1.19374
0.45,0.15,0 2.76949e-12
0.45,0.15,0.05 112.446
0.45,0.15,0.1 598.494
0.45,0.15,0.15 325.068
0.45,0.15,0.2 310.801
0.45,0.15,0.25 283.594
0.45,0.15,0.3 355.074
0.45,0.15,0.35 163.929
0.45,0.15,0.4 1.87246
0.45,0.2,0 2.92924e-11
0.45,0.2,0.05 143.664
0.45,0.2,0.1 662.323
0.45,0.2,0.15 298.289
0.45,0.2,0.2 272.135
0.45,0.2,0.25 407.335
0.45,0.2,0.3 180.051
0.45,0.2,0.35 16.8463
0.45,0.2,0.4 0.163691
0.45,0.25,0 2.01077e-10
0.45,0.25,0.05 114.663
0.45,0.25,0.1 464.217
0.45,0.25,0.15 209.804
0.45,0.25,0.2 245.323
0.45,0.25,0.25 322.069
0.45,0.25,0.3 120.575
0.45,0.25,0.35 0.637499
0.45,0.3,0 2.10437e-09
0.45,0.3,0.05 138.535
0.45,0.3,0.1 575.519
0.45,0.3,0.15 572.557
0.45,0.3,0.2 717.212
0.45,0.3,0.25 188.339
0.45,0.3,0.3 36.2673
0.45,0.3,0.35 6.30554
0.45,0.3,0.4 1.7584
0.45,0.3,0.45 0.0370743
0.45,0.35,0 1.37593e-08
0.45,0.35,0.05 143.745
0.45,0.35,0.1 586.715
0.45,0.35,0.15 439.05
0.45,0.35,0.2 561.727
0.45,0.35,0.25 382.903
0.45,0.35,0.3 471.098
0.45,0.35,0.35 200.929
0.45,0.35,0.4 28.1337
0.45,0.35,0.45 0.467665
0.45,0.4,0 9.72902e-09
0.45,0.4,0.05 77.6189
0.45,0.4,0.1 322.558
0.45,0.4,0.15 281.354
0.45,0.4,0.2 342.995
0.45,0.4,0.25 293.717
0.45,0.4,0.3 714.753
0.45,0.4,0.35 516.387
0.45,0.4,0.4 52.5279
0.45,0.4,0.45 1.52711
0.45,0.45,0 3.44825e-10
0.45,0.45,0.05 74.0163
0.45,0.45,0.1 342.584
0.45,0.45,0.15 493.697
0.45,0.45,0.2 491.205
0.45,0.45,0.25 569.759
0.45,0.45,0.3 525.189
0.45,0.45,0.35 278.217
0.45,0.45,0.4 108.928
0.45,0.45,0.45 11.404
0.45,0.5,0 8.36729e-10
0.45,0.5,0.05 103.956
0.45,0.5,0.1 477.473
0.45,0.5,0.15 396.868
0.45,0.5,0.2 695.297
0.45,0.5,0.25 612.771
0.45,0.5,0.3 638.28
0.45,0.5,0.35 899.435
0.45,0.5,0.4 461.571
0.45,0.5,0.45 53.4623
0.45,0.55,0 4.41203e-09
0.45,0.55,0.05 80.2588
0.45,0.55,0.1 443.037
0.45,0.55,0.15 378.289
0.45,0.55,0.2 538.184
0.45,0.55,0.25 214.333
0.45,0.55,0.3 316.952
0.45,0.55,0.35 712.164
0.45,0.55,0.4 264.546
0.45,0.55,0.45 24.4054
0.45,0.6,0 1.45626e-08
0.45,0.6,0.05 133.881
0.45,0.6,0.1 570.151
0.45,0.6,0.15 352.126
0.45,0.6,0.2 793.605
0.45,0.6,0.25 332.635
0.45,0.6,0.3 33.18
0.45,0.6,0.35 42.3708
0.45,0.6,0.4 9.16612
0.45,0.6,0.45 0.206651
0.45,0.65,0 4.32448e-09
0.45,0.65,0.05 72.3856
0.45,0.65,0.1 355.723
0.45,0.65,0.15 198.637
0.45,0.65,0.2 285.754
0.45,0.65,0.25 109.282
0.45,0.65,0.3 24.2816
0.45,0.65,0.35 5.44414
0.45,0.65,0.4 1.63227
0.45,0.65,0.45 0.0723696
0.45,0.7,0 1.04913e-10
0.45,0.7,0.05 3.17395
0.45,0.7,0.1 33.1428
0.45,0.7,0.15 30.8839
0.45,0.7,0.2 18.2089
0.45,0.7,0.25 20.5019
0.45,0.7,0.3 79.2792
0.45,0.7,0.35 28.526
0.45,0.7,0.4 0.117971
0.45,0.7,0.45 0.00334267
0.45,0.75,0 2.42916e-07
0.45,0.75,0.05 25.0318
0.45,0.75,0.1 100.826
0.45,0.75,0.15 37.3991
0.45,0.75,0.2 8.0926
0.45,0.75,0.25 16.9318
0.45,0.75,0.3 86.5625
0.45,0.75,0.35 31.611
0.45,0.75,0.4 0.0477037
0.45,0.8,0 7.85732e-07
0.45,0.8,0.05 80.9672
0.45,0.8,0.1 321.956
0.45,0.8,0.15 81.4245
0.45,0.8,0.2 0.921305
0.45,0.8,0.25 1.00655
0.45,0.8,0.3 4.60598
0.45,0.8,0.35 1.67708
0.45,0.8,0.4 0.00253086
0.45,0.85,0 1.58594e-07
0.45,0.85,0.05 16.3439
0.45,0.85,0.1 64.9577
0.45,0.85,0.15 16.1356
0.45,0.9,0 1.66874e-12
0.45,0.9,0.05 0.000257712
0.45,0.9,0.1 0.00102509
0.45,0.9,0.15 0.00025484
0.5,0.05,0.15 6.40352e-13
0.5,0.05,0.2 9.59846e-09
0.5,0.05,0.25 0.179128
0.5,0.05,0.3 1.76805
0.5,0.05,0.35 1.00724
0.5,0.05,0.4 0.0116959
0.5,0.1,0 3.85282e-15
0.5,0.1,0.05 4.45327
0.5,0.1,0.1 20.0981
0.5,0.1,0.15 16.3306
0.5,0.1,0.2 33.3492
0.5,0.1,0.25 49.7033
0.5,0.1,0.3 147.507
0.5,0.1,0.35 65.3909
0.5,0.1,0.4 0.724802
0.5,0.15,0 2.81493e-12
0.5,0.15,0.05 32.7908
0.5,0.15,0.1 144.608
0.5,0.15,0.15 177.741
0.5,0.15,0.2 499.982
0.5,0.15,0.25 621.557
0.5,0.15,0.3 624.496
0.5,0.15,0.35 129.6
0.5,0.15,0.4 1.13743
0.5,0.2,0 2.30599e-11
0.5,0.2,0.05 111.88
0.5,0.2,0.1 457.229
0.5,0.2,0.15 421.161
0.5,0.2,0.2 835.382
0.5,0.2,0.25 800.281
0.5,0.2,0.3 495.917
0.5,0.2,0.35 43.5328
0.5,0.2,0.4 0.312906
0.5,0.25,0 1.52082e-10
0.5,0.25,0.05 99.2916
0.5,0.25,0.1 404.296
0.5,0.25,0.15 354.705
0.5,0.25,0.2 538.406
0.5,0.25,0.25 510.344
0.5,0.25,0.3 209.781
0.5,0.25,0.35 24.9544
0.5,0.25,0.4 0.539276
0.5,0.3,0 1.57252e-09
0.5,0.3,0.05 154.401
0.5,0.3,0.1 653.778
0.5,0.3,0.15 765.577
0.5,0.3,0.2 663.15
0.5,0.3,0.25 255.283
0.5,0.3,0.3 78.6272
0.5,0.3,0.35 25.3228
0.5,0.3,0.4 15.236
0.5,0.3,0.45 0.319525
0.5,0.35,0 6.82347e-09
0.5,0.35,0.05 179.925
0.5,0.35,0.1 739.862
0.5,0.35,0.15 564.177
0.5,0.35,0.2 506.367
0.5,0.35,0.25 89.5133
0.5,0.35,0.3 118.034
0.5,0.35,0.35 359.534
0.5,0.35,0.4 195.842
0.5,0.35,0.45 4.03055
0.5,0.4,0 4.49329e-09
0.5,0.4,0.05 96.6405
0.5,0.4,0.1 388.431
0.5,0.4,0.15 267.448
0.5,0.4,0.2 390.142
0.5,0.4,0.25 231.512
0.5,0.4,0.3 483.081
0.5,0.4,0.35 626.572
0.5,0.4,0.4 154.284
0.5,0.4,0.45 2.75875
0.5,0.45,0 1.73323e-09
0.5,0.45,0.05 106.802
0.5,0.45,0.1 431.861
0.5,0.45,0.15 302.421
0.5,0.45,0.2 458.588
0.5,0.45,0.25 469.203
0.5,0.45,0.3 286.796
0.5,0.45,0.35 165.94
0.5,0.45,0.4 26.8176
0.5,0.45,0.45 2.32359
0.5,0.5,0 4.97947e-09
0.5,0.5,0.05 134.612
0.5,0.5,0.1 581.227
0.5,0.5,0.15 398.342
0.5,0.5,0.2 538.349
0.5,0.5,0.25 306.865
0.5,0.5,0.3 128.621
0.5,0.5,0.35 202.605
0.5,0.5,0.4 146.616
0.5,0.5,0.45 17.553
0.5,0.55,0 4.82499e-09
0.5,0.55,0.05 129.912
0.5,0.55,0.1 692.839
0.5,0.55,0.15 734.436
0.5,0.55,0.2 869.268
0.5,0.55,0.25 138.66
0.5,0.55,0.3 91
0.5,0.55,0.35 209.971
0.5,0.55,0.4 89.8142
0.5,0.55,0.45 8.18187
0.5,0.6,0 5.07669e-10
0.5,0.6,0.05 42.2186
0.5,0.6,0.1 348.503
0.5,0.6,0.15 424.88
0.5,0.6,0.2 505.388
0.5,0.6,0.25 93.321
0.5,0.6,0.3 10.1421
0.5,0.6,0.35 13.8051
0.5,0.6,0.4 2.86142
0.5,0.6,0.45 0.0458352
0.5,0.65,0 1.71046e-10
0.5,0.65,0.05 31.6999
0.5,0.65,0.1 382.864
0.5,0.65,0.15 359.902
0.5,0.65,0.2 215.796
0.5,0.65,0.25 40.1108
0.5,0.65,0.3 0.12696
0.5,0.65,0.35 5.36047e-05
0.5,0.65,0.4 6.78655e-08
0.5,0.7,0 7.80375e-12
0.5,0.7,0.05 7.66987
0.5,0.7,0.1 121.591
0.5,0.7,0.15 334.227
0.5,0.7,0.2 301.761
0.5,0.7,0.25 34.1624
0.5,0.7,0.3 0.0295657
0.5,0.7,0.35 0.00128526
0.5,0.7,0.4 1.93957e-06
0.5,0.75,0 1.82803e-08
0.5,0.75,0.05 8.35425
0.5,0.75,0.1 63.7669
0.5,0.75,0.15 284.903
0.5,0.75,0.2 164.207
0.5,0.75,0.25 3.94003
0.5,0.75,0.3 0.00471484
0.5,0.75,0.35 0.00144236
0.5,0.75,0.4 2.17665e-06
0.5,0.8,0 1.78869e-07
0.5,0.8,0.05 31.8914
0.5,0.8,0.1 130.427
0.5,0.8,0.15 62.5091
0.5,0.8,0.2 16.8214
0.5,0.8,0.25 0.173659
0.5,0.8,0.3 0.000208818
0.5,0.8,0.35 7.65228e-05
0.5,0.8,0.4 1.1548e-07
0.5,0.85,0 1.65992e-07
0.5,0.85,0.05 25.4838
0.5,0.85,0.1 101.369
0.5,0.85,0.15 25.2017
0.5,0.9,0 8.96276e-09
0.5,0.9,0.05 1.38416
0.5,0.9,0.1 5.50572
0.5,0.9,0.15 1.36874
0.55,0.05,0.25 0.00252003
0.55,0.05,0.3 0.0248735
0.55,0.05,0.35 0.0141702
0.55,0.05,0.4 0.000164541
0.55,0.1,0 1.42999e-13
0.55,0.1,0.05 0.0928048
0.55,0.1,0.1 0.720332
0.55,0.1,0.15 20.6822
0.55,0.1,0.2 34.6131
0.55,0.1,0.25 23.7655
0.55,0.1,0.3 27.6701
0.55,0.1,0.35 2.94844
0.55,0.1,0.4 0.0101967
0.55,0.15,0 4.13143e-11
0.55,0.15,0.05 29.3085
0.55,0.15,0.1 120.044
0.55,0.15,0.15 185.777
0.55,0.15,0.2 307.547
0.55,0.15,0.25 308.859
0.55,0.15,0.3 292.293
0.55,0.15,0.35 22.6716
0.55,0.15,0.4 0.0210402
0.55,0.2,0 1.03103e-10
0.55,0.2,0.05 101.136
0.55,0.2,0.1 413.613
0.55,0.2,0.15 439.052
0.55,0.2,0.2 615.216
0.55,0.2,0.25 386.325
0.55,0.2,0.3 386.636
0.55,0.2,0.35 105.78
0.55,0.2,0.4 2.02809
0.55,0.25,0 2.9192e-11
0.55,0.25,0.05 61.0926
0.55,0.25,0.1 260.657
0.55,0.25,0.15 489.749
0.55,0.25,0.2 740.52
0.55,0.25,0.25 788.557
0.55,0.25,0.3 567.999
0.55,0.25,0.35 231.84
0.55,0.25,0.4 5.15355
0.55,0.3,0 3.95772e-10
0.55,0.3,0.05 102.168
0.55,0.3,0.1 423.79
0.55,0.3,0.15 400.645
0.55,0.3,0.2 535.531
0.55,0.3,0.25 812.144
0.55,0.3,0.3 363.994
0.55,0.3,0.35 81.8926
0.55,0.3,0.4 8.69879
0.55,0.3,0.45 0.163192
0.55,0.35,0 2.25243e-09
0.55,0.35,0.05 144.886
0.55,0.35,0.1 600.465
0.55,0.35,0.15 214.86
0.55,0.35,0.2 122.121
0.55,0.35,0.25 237.77
0.55,0.35,0.3 91.6222
0.55,0.35,0.35 157.177
0.55,0.35,0.4 98.0839
0.55,0.35,0.45 2.05853
0.55,0.4,0 1.42529e-09
0.55,0.4,0.05 77.8346
0.55,0.4,0.1 317.011
0.55,0.4,0.15 113.984
0.55,0.4,0.2 103.946
0.55,0.4,0.25 227.895
0.55,0.4,0.3 137.939
0.55,0.4,0.35 145.483
0.55,0.4,0.4 69.3198
0.55,0.4,0.45 1.40899
0.55,0.45,0 1.94798e-09
0.55,0.45,0.05 112.895
0.55,0.45,0.1 451.721
0.55,0.45,0.15 256.214
0.55,0.45,0.2 464.76
0.55,0.45,0.25 363.879
0.55,0.45,0.3 128.074
0.55,0.45,0.35 21.0451
0.55,0.45,0.4 2.24375
0.55,0.45,0.45 0.0290522
0.55,0.5,0 2.94912e-09
0.55,0.5,0.05 99.9145
0.55,0.5,0.1 403.98
0.55,0.5,0.15 418.754
0.55,0.5,0.2 789.381
0.55,0.5,0.25 216.553
0.55,0.5,0.3 58.5318
0.55,0.5,0.35 1.90909
0.55,0.5,0.4 0.154293
0.55,0.5,0.45 0.0127709
0.55,0.55,0 1.91045e-09
0.55,0.55,0.05 54.1873
0.55,0.55,0.1 323.92
0.55,0.55,0.15 519.105
0.55,0.55,0.2 722.301
0.55,0.55,0.25 352.922
0.55,0.55,0.3 225.128
0.55,0.55,0.35 7.30606
0.55,0.55,0.4 0.137231
0.55,0.55,0.45 0.00595282
0.55,0.6,0 8.70964e-11
0.55,0.6,0.05 33.7911
0.55,0.6,0.1 325.825
0.55,0.6,0.15 404.111
0.55,0.6,0.2 371.985
0.55,0.6,0.25 124.228
0.55,0.6,0.3 63.7926
0.55,0.6,0.35 1.96508
0.55,0.6,0.4 0.00820276
0.55,0.6,0.45 3.3348e-05
0.55,0.65,0 1.63007e-10
0.55,0.65,0.05 38.5682
0.55,0.65,0.1 288.745
0.55,0.65,0.15 420.338
0.55,0.65,0.2 681.148
0.55,0.65,0.25 208.517
0.55,0.65,0.3 1.55853
0.55,0.65,0.35 0.000115941
0.55,0.7,0 1.46887e-10
0.55,0.7,0.05 32.3086
0.55,0.7,0.1 301.672
0.55,0.7,0.15 701.077
0.55,0.7,0.2 850.389
0.55,0.7,0.25 195.5
0.55,0.7,0.3 1.06787
0.55,0.75,0 1.43052e-08
0.55,0.75,0.05 72.1936
0.55,0.75,0.1 426.481
0.55,0.75,0.15 536.391
0.55,0.75,0.2 207.486
0.55,0.75,0.25 11.144
0.55,0.75,0.3 0.0307465
0.55,0.8,0 4.45858e-07
0.55,0.8,0.05 145.09
0.55,0.8,0.1 590.017
0.55,0.8,0.15 187.184
0.55,0.8,0.2 17.0775
0.55,0.8,0.25 0.16272
0.55,0.85,0 5.23551e-07
0.55,0.85,0.05 89.3176
0.55,0.85,0.1 355.453
0.55,0.85,0.15 88.4116
0.55,0.9,0 2.99179e-08
0.55,0.9,0.05 5.75641
0.55,0.9,0.1 22.9211
0.55,0.9,0.15 5.70429
0.55,0.95,0 9.51499e-18
0.55,0.95,0.05 1.11451e-05
0.55,0.95,0.1 4.45676e-05
0.55,0.95,0.15 1.11387e-05
0.6,0.1,0 1.8193e-13
0.6,0.1,0.05 0.118068
0.6,0.1,0.1 1.22183
0.6,0.1,0.15 40.8307
0.6,0.1,0.2 60.8753
0.6,0.1,0.25 5.35082
0.6,0.1,0.3 0.526553
0.6,0.1,0.35 0.0423214
0.6,0.15,0 5.19563e-11
0.6,0.15,0.05 35.4752
0.6,0.15,0.1 147.42
0.6,0.15,0.15 329.56
0.6,0.15,0.2 435.618
0.6,0.15,0.25 41.4902
0.6,0.15,0.3 13.5103
0.6,0.15,0.35 2.1855
0.6,0.15,0.4 0.00278711
0.6,0.2,0 1.23808e-10
0.6,0.2,0.05 137.204
0.6,0.2,0.1 558.049
0.6,0.2,0.15 361.144
0.6,0.2,0.2 275.747
0.6,0.2,0.25 118.66
0.6,0.2,0.3 295.792
0.6,0.2,0.35 93.2848
0.6,0.2,0.4 1.11944
0.6,0.25,0 1.88872e-11
0.6,0.25,0.05 81.2332
0.6,0.25,0.1 387.115
0.6,0.25,0.15 586.357
0.6,0.25,0.2 522.353
0.6,0.25,0.25 581.525
0.6,0.25,0.3 593.733
0.6,0.25,0.35 207.321
0.6,0.25,0.4 2.99506
0.6,0.3,0 9.85192e-11
0.6,0.3,0.05 17.2418
0.6,0.3,0.1 206.148
0.6,0.3,0.15 582.863
0.6,0.3,0.2 672.592
0.6,0.3,0.25 779.387
0.6,0.3,0.3 571.428
0.6,0.3,0.35 195.687
0.6,0.3,0.4 1.29382
0.6,0.3,0.45 0.00130953
0.6,0.35,0 5.77067e-10
0.6,0.35,0.05 50.7196
0.6,0.35,0.1 523.615
0.6,0.35,0.15 569.842
0.6,0.35,0.2 220.61
0.6,0.35,0.25 287.569
0.6,0.35,0.3 165.281
0.6,0.35,0.35 52.4523
0.6,0.35,0.4 1.01699
0.6,0.35,0.45 0.0165186
0.6,0.4,0 2.67981e-10
0.6,0.4,0.05 37.9213
0.6,0.4,0.1 266.638
0.6,0.4,0.15 243.035
0.6,0.4,0.2 137.882
0.6,0.4,0.25 50.3866
0.6,0.4,0.3 8.48856
0.6,0.4,0.35 0.781272
0.6,0.4,0.4 0.536189
0.6,0.4,0.45 0.0113063
0.6,0.45,0 9.17719e-10
0.6,0.45,0.05 155.422
0.6,0.45,0.1 622.204
0.6,0.45,0.15 339.52
0.6,0.45,0.2 630.428
0.6,0.45,0.25 220.665
0.6,0.45,0.3 14.3651
0.6,0.45,0.35 0.0357859
0.6,0.45,0.4 0.0104267
0.6,0.45,0.45 0.000219875
0.6,0.5,0 1.86354e-09
0.6,0.5,0.05 144.296
0.6,0.5,0.1 578.088
0.6,0.5,0.15 338.88
0.6,0.5,0.2 630.269
0.6,0.5,0.25 314.124
0.6,0.5,0.3 48.117
0.6,0.5,0.35 1.07991
0.6,0.55,0 3.03679e-10
0.6,0.55,0.05 17.991
0.6,0.55,0.1 86.7499
0.6,0.55,0.15 308.44
0.6,0.55,0.2 487.605
0.6,0.55,0.25 289.971
0.6,0.55,0.3 163.661
0.6,0.55,0.35 4.87585
0.6,0.6,0 2.32277e-11
0.6,0.6,0.05 7.02284
0.6,0.6,0.1 58.3879
0.6,0.6,0.15 451.749
0.6,0.6,0.2 745.736
0.6,0.6,0.25 216.358
0.6,0.6,0.3 47.7747
0.6,0.6,0.35 1.37733
0.6,0.65,0 4.34972e-10
0.6,0.65,0.05 80.2055
0.6,0.65,0.1 478.42
0.6,0.65,0.15 556.244
0.6,0.65,0.2 809.387
0.6,0.65,0.25 356.444
0.6,0.65,0.3 5.32683
0.6,0.65,0.35 8.29297e-05
0.6,0.7,0 3.91591e-10
0.6,0.7,0.05 75.0844
0.6,0.7,0.1 585.812
0.6,0.7,0.15 723.199
0.6,0.7,0.2 454.641
0.6,0.7,0.25 178.14
0.6,0.7,0.3 2.96563
0.6,0.75,0 3.48711e-09
0.6,0.75,0.05 81.2738
0.6,0.75,0.1 492.221
0.6,0.75,0.15 452.096
0.6,0.75,0.2 97.1764
0.6,0.75,0.25 25.1669
0.6,0.75,0.3 1.23156
0.6,0.8,0 9.40025e-08
0.6,0.8,0.05 157.17
0.6,0.8,0.1 647.312
0.6,0.8,0.15 228.431
0.6,0.8,0.2 22.8775
0.6,0.8,0.25 0.868246
0.6,0.8,0.3 0.0485254
0.6,0.85,0 1.09315e-07
0.6,0.85,0.05 109.325
0.6,0.85,0.1 437.123
0.6,0.85,0.15 111.079
0.6,0.85,0.2 0.767347
0.6,0.85,0.25 0.00155974
0.6,0.9,0 6.2527e-09
0.6,0.9,0.05 22.1589
0.6,0.9,0.1 88.5901
0.6,0.9,0.15 22.1361
0.6,0.95,0 1.77506e-16
0.6,0.95,0.05 0.000207916
0.6,0.95,0.1 0.000831427
0.6,0.95,0.15 0.000207798
0.65,0.1,0 1.1781e-14
0.65,0.1,0.05 0.00764553
0.65,0.1,0.1 0.504227
0.65,0.1,0.15 22.2813
0.65,0.1,0.2 31.4228
0.65,0.1,0.25 2.3734
0.65,0.15,0 3.37479e-12
0.65,0.15,0.05 3.41354
0.65,0.15,0.1 20.1517
0.65,0.15,0.15 236.059
0.65,0.15,0.2 316.989
0.65,0.15,0.25 25.7199
0.65,0.15,0.3 7.03008
0.65,0.15,0.35 1.42431
0.65,0.15,0.4 2.93143e-05
0.65,0.2,0 8.35391e-12
0.65,0.2,0.05 45.0952
0.65,0.2,0.1 199.378
0.65,0.2,0.15 264.345
0.65,0.2,0.2 216.993
0.65,0.2,0.25 73.9756
0.65,0.2,0.3 188.933
0.65,0.2,0.35 38.5552
0.65,0.2,0.4 0.0117741
0.65,0.25,0 1.60271e-12
0.65,0.25,0.05 48.6291
0.65,0.25,0.1 300.94
0.65,0.25,0.15 474.352
0.65,0.25,0.2 262.931
0.65,0.25,0.25 181.089
0.65,0.25,0.3 238.151
0.65,0.25,0.35 53.6294
0.65,0.25,0.4 0.0802074
0.65,0.3,0 2.39318e-13
0.65,0.3,0.05 4.95036
0.65,0.3,0.1 225.931
0.65,0.3,0.15 711.798
0.65,0.3,0.2 657.643
0.65,0.3,0.25 331.971
0.65,0.3,0.3 142.604
0.65,0.3,0.35 54.6352
0.65,0.3,0.4 0.242997
0.65,0.35,0 1.27903e-12
0.65,0.35,0.05 13.8977
0.65,0.35,0.1 386.123
0.65,0.35,0.15 605.942
0.65,0.35,0.2 213.929
0.65,0.35,0.25 78.111
