0.25,0.05,0.3 26.8324
0.25,0.05,0.35 0.549752
0.25,0.1,0 7.36776e-10
0.25,0.1,0.05 16.2705
0.25,0.1,0.1 108.053
0.25,0.1,0.15 503.725
0.25,0.1,0.2 572.058
0.25,0.1,0.25 430.092
0.25,0.1,0.3 141.835
0.25,0.1,0.35 3.41823
0.25,0.1,0.4 0.0153679
0.25,0.15,0 2.17013e-09
0.25,0.15,0.05 64.7728
0.25,0.15,0.1 458.607
0.25,0.15,0.15 526.503
0.25,0.15,0.2 468.896
0.25,0.15,0.25 297.828
0.25,0.15,0.3 235.446
0.25,0.15,0.35 96.8496
0.25,0.15,0.4 5.77367
0.25,0.2,0 1.87484e-09
0.25,0.2,0.05 97.7448
0.25,0.2,0.1 521.174
0.25,0.2,0.15 381.195
0.25,0.2,0.2 389.166
0.25,0.2,0.25 401.292
0.25,0.2,0.3 744.781
0.25,0.2,0.35 299.125
0.25,0.2,0.4 14.4188
0.25,0.25,0 8.86408e-10
0.25,0.25,0.05 89.6097
0.25,0.25,0.1 371.109
0.25,0.25,0.15 397.143
0.25,0.25,0.2 578.124
0.25,0.25,0.25 318.455
0.25,0.25,0.3 531.657
0.25,0.25,0.35 139.431
0.25,0.25,0.4 2.22248
0.25,0.3,0 5.83313e-10
0.25,0.3,0.05 46.2176
0.25,0.3,0.1 223.09
0.25,0.3,0.15 379.561
0.25,0.3,0.2 574.992
0.25,0.3,0.25 186.287
0.25,0.3,0.3 175.918
0.25,0.3,0.35 41.332
0.25,0.3,0.4 0.00169153
0.25,0.35,0 1.27604e-08
0.25,0.35,0.05 83.9551
0.25,0.35,0.1 420.306
0.25,0.35,0.15 271.731
0.25,0.35,0.2 114.532
0.25,0.35,0.25 21.8516
0.25,0.35,0.3 20.1212
0.25,0.35,0.35 4.74908
0.25,0.4,0 1.2587e-08
0.25,0.4,0.05 115.343
0.25,0.4,0.1 537.724
0.25,0.4,0.15 328.167
0.25,0.4,0.2 123.745
0.25,0.4,0.25 14.7654
0.25,0.4,0.3 0.181416
0.25,0.45,0 1.1032e-09
0.25,0.45,0.05 146.484
0.25,0.45,0.1 654.729
0.25,0.45,0.15 422.432
0.25,0.45,0.2 312.751
0.25,0.45,0.25 183.433
0.25,0.45,0.3 24.3489
0.25,0.45,0.35 10.7197
0.25,0.45,0.4 0.399958
0.25,0.5,0 1.45539e-09
0.25,0.5,0.05 179.327
0.25,0.5,0.1 732.325
0.25,0.5,0.15 346.247
0.25,0.5,0.2 467.506
0.25,0.5,0.25 559.861
0.25,0.5,0.3 366.403
0.25,0.5,0.35 263.782
0.25,0.5,0.4 48.1656
0.25,0.5,0.45 0.853677
0.25,0.55,0 2.30657e-09
0.25,0.55,0.05 136.94
0.25,0.55,0.1 549.106
0.25,0.55,0.15 182.039
0.25,0.55,0.2 218.013
0.25,0.55,0.25 718.28
0.25,0.55,0.3 665.681
0.25,0.55,0.35 694.447
0.25,0.55,0.4 231.727
0.25,0.55,0.45 4.2039
0.25,0.6,0 1.69959e-08
0.25,0.6,0.05 103.215
0.25,0.6,0.1 426.772
0.25,0.6,0.15 193.549
0.25,0.6,0.2 330.913
0.25,0.6,0.25 583.792
0.25,0.6,0.3 518.987
0.25,0.6,0.35 612.585
0.25,0.6,0.4 200.807
0.25,0.6,0.45 1.4129
0.25,0.65,0 8.47872e-09
0.25,0.65,0.05 89.3418
0.25,0.65,0.1 395.443
0.25,0.65,0.15 554.495
0.25,0.65,0.2 695.603
0.25,0.65,0.25 374.275
0.25,0.65,0.3 498.797
0.25,0.65,0.35 319.482
0.25,0.65,0.4 54.2922
0.25,0.65,0.45 0.0528823
0.25,0.7,0 2.83506e-09
0.25,0.7,0.05 120.071
0.25,0.7,0.1 536.41
0.25,0.7,0.15 548.864
0.25,0.7,0.2 362.513
0.25,0.7,0.25 207.332
0.25,0.7,0.3 539.868
0.25,0.7,0.35 157.014
0.25,0.7,0.4 0.959954
0.25,0.7,0.45 0.000352056
0.25,0.75,0 1.74785e-08
0.25,0.75,0.05 154.99
0.25,0.75,0.1 653.139
0.25,0.75,0.15 375.57
0.25,0.75,0.2 240.723
0.25,0.75,0.25 91.9793
0.25,0.75,0.3 101.081
0.25,0.75,0.35 16.964
0.25,0.75,0.4 0.025158
0.25,0.75,0.45 1.09892e-05
0.25,0.8,0 6.82384e-09
0.25,0.8,0.05 57.9539
0.25,0.8,0.1 262.8
0.25,0.8,0.15 220.868
0.25,0.8,0.2 141.16
0.25,0.8,0.25 67.7457
0.25,0.8,0.3 4.7674
0.25,0.8,0.35 0.00506028
0.25,0.85,0 1.56616e-11
0.25,0.85,0.05 0.159591
0.25,0.85,0.1 6.60389
0.25,0.85,0.15 28.1464
0.25,0.85,0.2 23.0354
0.25,0.85,0.25 24.3649
0.25,0.85,0.3 2.30104
0.25,0.9,0.15 0.00132026
0.25,0.9,0.2 0.0973083
0.25,0.9,0.25 0.162269
0.25,0.9,0.3 0.0153871
0.3,0,0.1 8.98235e-13
0.3,0,0.15 3.69085e-11
0.3,0,0.2 7.2462e-11
0.3,0,0.25 4.93977e-10
0.3,0,0.3 4.6626e-10
0.3,0,0.35 1.84664e-11
0.3,0.05,0 8.01219e-13
0.3,0.05,0.05 0.302368
0.3,0.05,0.1 3.37356
0.3,0.05,0.15 68.6404
0.3,0.05,0.2 89.5457
0.3,0.05,0.25 84.4789
0.3,0.05,0.3 72.8517
0.3,0.05,0.35 2.8601
0.3,0.1,0 3.75156e-11
0.3,0.1,0.05 14.1137
0.3,0.1,0.1 78.1889
0.3,0.1,0.15 353.24
0.3,0.1,0.2 428.94
0.3,0.1,0.25 399.872
0.3,0.1,0.3 368.734
0.3,0.1,0.35 19.1508
0.3,0.1,0.4 0.0236615
0.3,0.15,0 6.5408e-11
0.3,0.15,0.05 33.6804
0.3,0.15,0.1 265.657
0.3,0.15,0.15 436.108
0.3,0.15,0.2 537.635
0.3,0.15,0.25 456.543
0.3,0.15,0.3 535.921
0.3,0.15,0.35 153.834
0.3,0.15,0.4 8.88989
0.3,0.2,0 1.11971e-10
0.3,0.2,0.05 84.7228
0.3,0.2,0.1 456.506
0.3,0.2,0.15 569.915
0.3,0.2,0.2 482.891
0.3,0.2,0.25 532.793
0.3,0.2,0.3 628.608
0.3,0.2,0.35 347.589
0.3,0.2,0.4 22.4638
0.3,0.25,0 8.06245e-11
0.3,0.25,0.05 96.0253
0.3,0.25,0.1 417.935
0.3,0.25,0.15 282.789
0.3,0.25,0.2 325.264
0.3,0.25,0.25 483.616
0.3,0.25,0.3 576.416
0.3,0.25,0.35 197.095
0.3,0.25,0.4 4.1539
0.3,0.3,0 2.23877e-10
0.3,0.3,0.05 37.1481
0.3,0.3,0.1 290.02
0.3,0.3,0.15 508.949
0.3,0.3,0.2 460.294
0.3,0.3,0.25 431.39
0.3,0.3,0.3 470.163
0.3,0.3,0.35 110.451
0.3,0.3,0.4 0.128611
0.3,0.35,0 3.30589e-09
0.3,0.35,0.05 58.9321
0.3,0.35,0.1 498.399
0.3,0.35,0.15 698.202
0.3,0.35,0.2 397.779
0.3,0.35,0.25 71.9705
0.3,0.35,0.3 55.4218
0.3,0.35,0.35 12.6133
0.3,0.4,0 3.61632e-09
0.3,0.4,0.05 142.852
0.3,0.4,0.1 765.003
0.3,0.4,0.15 785.141
0.3,0.4,0.2 485.243
0.3,0.4,0.25 38.809
0.3,0.4,0.3 0.142868
0.3,0.4,0.35 0.0361352
0.3,0.4,0.4 0.00555986
0.3,0.45,0 4.87075e-10
0.3,0.45,0.05 98.5863
0.3,0.45,0.1 454.549
0.3,0.45,0.15 502.233
0.3,0.45,0.2 514.246
0.3,0.45,0.25 147.776
0.3,0.45,0.3 38.2499
0.3,0.45,0.35 16.8774
0.3,0.45,0.4 0.746749
0.3,0.5,0 7.52512e-10
0.3,0.5,0.05 121.462
0.3,0.5,0.1 492.056
0.3,0.5,0.15 208.428
0.3,0.5,0.2 287.478
0.3,0.5,0.25 367.996
0.3,0.5,0.3 514.099
0.3,0.5,0.35 190.604
0.3,0.5,0.4 6.20084
0.3,0.5,0.45 0.00484344
0.3,0.55,0 6.17967e-08
0.3,0.55,0.05 92.3785
0.3,0.55,0.1 397.557
0.3,0.55,0.15 273.846
0.3,0.55,0.2 212.657
0.3,0.55,0.25 602.938
0.3,0.55,0.3 572
0.3,0.55,0.35 200.034
0.3,0.55,0.4 25.5979
0.3,0.55,0.45 0.0293431
0.3,0.6,0 5.15611e-07
0.3,0.6,0.05 88.188
0.3,0.6,0.1 375.375
0.3,0.6,0.15 286.656
0.3,0.6,0.2 514.128
0.3,0.6,0.25 686.146
0.3,0.6,0.3 583.766
0.3,0.6,0.35 181.309
0.3,0.6,0.4 34.3409
0.3,0.6,0.45 0.0376722
0.3,0.65,0 2.57024e-07
0.3,0.65,0.05 79.7479
0.3,0.65,0.1 329.587
0.3,0.65,0.15 211.42
0.3,0.65,0.2 467.319
0.3,0.65,0.25 561.313
0.3,0.65,0.3 898.387
0.3,0.65,0.35 407.939
0.3,0.65,0.4 55.229
0.3,0.65,0.45 0.117229
0.3,0.7,0 1.9303e-09
0.3,0.7,0.05 95.1426
0.3,0.7,0.1 399.618
0.3,0.7,0.15 272.576
0.3,0.7,0.2 391.954
0.3,0.7,0.25 132.867
0.3,0.7,0.3 286.952
0.3,0.7,0.35 245.478
0.3,0.7,0.4 46.2843
0.3,0.7,0.45 0.113414
0.3,0.75,0 2.52694e-10
0.3,0.75,0.05 99.4386
0.3,0.75,0.1 446.634
0.3,0.75,0.15 292.668
0.3,0.75,0.2 295.703
0.3,0.75,0.25 48.0801
0.3,0.75,0.3 9.54019
0.3,0.75,0.35 8.50524
0.3,0.75,0.4 2.14488
0.3,0.75,0.45 0.00542852
0.3,0.8,0 1.01663e-10
0.3,0.8,0.05 19.469
0.3,0.8,0.1 87.8014
0.3,0.8,0.15 43.1925
0.3,0.8,0.2 15.1399
0.3,0.8,0.25 1.99621
0.3,0.8,0.3 0.00177941
0.3,0.8,0.35 0.000229828
0.3,0.85,0 2.837e-13
0.3,0.85,0.05 0.0225689
0.3,0.85,0.1 0.0967629
0.3,0.85,0.15 0.0528489
0.3,0.85,0.2 0.00906097
0.3,0.85,0.25 9.53504e-05
0.3,0.85,0.3 4.33451e-09
0.35,0,0.1 1.0915e-13
0.35,0,0.15 4.48499e-12
0.35,0,0.2 1.36352e-11
0.35,0,0.25 1.61573e-10
0.35,0,0.3 1.53173e-10
0.35,0,0.35 6.06646e-12
0.35,0.05,0 3.76251e-12
0.35,0.05,0.05 1.42621
0.35,0.05,0.1 5.87795
0.35,0.05,0.15 8.79817
0.35,0.05,0.2 11.5655
0.35,0.05,0.25 25.8598
0.35,0.05,0.3 23.7236
0.35,0.05,0.35 0.939581
0.35,0.1,0 1.65787e-10
0.35,0.1,0.05 63.5495
0.35,0.1,0.1 254.933
0.35,0.1,0.15 98.9327
0.35,0.1,0.2 83.7085
0.35,0.1,0.25 147.263
0.35,0.1,0.3 130.977
0.35,0.1,0.35 7.18351
0.35,0.1,0.4 0.00201695
0.35,0.15,0 2.34673e-10
0.35,0.15,0.05 102.58
0.35,0.15,0.1 418.769
0.35,0.15,0.15 208.304
0.35,0.15,0.2 233.559
0.35,0.15,0.25 296.168
0.35,0.15,0.3 206.707
0.35,0.15,0.35 26.5357
0.35,0.15,0.4 0.758364
0.35,0.2,0 3.00627e-11
0.35,0.2,0.05 108.965
0.35,0.2,0.1 486.515
0.35,0.2,0.15 513.301
0.35,0.2,0.2 513.205
0.35,0.2,0.25 492.093
0.35,0.2,0.3 253.126
0.35,0.2,0.35 90.1788
0.35,0.2,0.4 2.34542
0.35,0.25,0 8.27906e-11
0.35,0.25,0.05 163.167
0.35,0.25,0.1 793.572
0.35,0.25,0.15 624.628
0.35,0.25,0.2 335.463
0.35,0.25,0.25 616.296
0.35,0.25,0.3 655.192
0.35,0.25,0.35 185.758
0.35,0.25,0.4 1.54949
0.35,0.3,0 4.14474e-10
0.35,0.3,0.05 129.946
0.35,0.3,0.1 598.574
0.35,0.3,0.15 504.347
0.35,0.3,0.2 587.616
0.35,0.3,0.25 611.055
0.35,0.3,0.3 449.192
0.35,0.3,0.35 52.7937
0.35,0.3,0.4 0.216736
0.35,0.35,0 1.93313e-09
0.35,0.35,0.05 96.2942
0.35,0.35,0.1 439.968
0.35,0.35,0.15 346.848
0.35,0.35,0.2 390.776
0.35,0.35,0.25 117.522
0.35,0.35,0.3 46.3828
0.35,0.35,0.35 3.86662
0.35,0.4,0 3.72926e-09
0.35,0.4,0.05 180.584
0.35,0.4,0.1 885.916
0.35,0.4,0.15 578.13
0.35,0.4,0.2 290.432
0.35,0.4,0.25 37.661
0.35,0.4,0.3 29.5959
0.35,0.4,0.35 26.0721
0.35,0.4,0.4 4.51378
0.35,0.45,0 4.97147e-10
0.35,0.45,0.05 123.115
0.35,0.45,0.1 699.663
0.35,0.45,0.15 680.113
0.35,0.45,0.2 603.719
0.35,0.45,0.25 98.316
0.35,0.45,0.3 117.835
0.35,0.45,0.35 237.331
0.35,0.45,0.4 39.4354
0.35,0.5,0 2.04529e-10
0.35,0.5,0.05 147.242
0.35,0.5,0.1 624.128
0.35,0.5,0.15 386.559
0.35,0.5,0.2 540.16
0.35,0.5,0.25 481.093
0.35,0.5,0.3 490.833
0.35,0.5,0.35 348.245
0.35,0.5,0.4 43.9853
0.35,0.55,0 7.23037e-08
0.35,0.55,0.05 92.8606
0.35,0.55,0.1 438.664
0.35,0.55,0.15 543.964
0.35,0.55,0.2 527.494
0.35,0.55,0.25 524.724
0.35,0.55,0.3 358.508
0.35,0.55,0.35 83.2742
0.35,0.55,0.4 4.46337
0.35,0.6,0 5.99464e-07
0.35,0.6,0.05 94.1091
0.35,0.6,0.1 466.633
0.35,0.6,0.15 745.347
0.35,0.6,0.2 809.177
0.35,0.6,0.25 402.341
0.35,0.6,0.3 364.102
0.35,0.6,0.35 76.2622
0.35,0.6,0.4 4.84804
0.35,0.6,0.45 0.0110309
0.35,0.65,0 2.97949e-07
0.35,0.65,0.05 115.121
0.35,0.65,0.1 553.255
0.35,0.65,0.15 589.342
0.35,0.65,0.2 575.518
0.35,0.65,0.25 453.379
0.35,0.65,0.3 819.653
0.35,0.65,0.35 552.832
0.35,0.65,0.4 115.001
0.35,0.65,0.45 0.2805
0.35,0.7,0 2.18295e-09
0.35,0.7,0.05 98.5788
0.35,0.7,0.1 448.734
0.35,0.7,0.15 388.082
0.35,0.7,0.2 595.195
0.35,0.7,0.25 212.208
0.35,0.7,0.3 296.487
0.35,0.7,0.35 429.499
0.35,0.7,0.4 118.737
0.35,0.7,0.45 0.296243
0.35,0.75,0 1.75004e-13
0.35,0.75,0.05 62.8461
0.35,0.75,0.1 419.97
0.35,0.75,0.15 553.879
0.35,0.75,0.2 400.495
0.35,0.75,0.25 105.301
0.35,0.75,0.3 5.02174
0.35,0.75,0.35 15.7423
0.35,0.75,0.4 5.55904
0.35,0.75,0.45 0.0141825
0.35,0.8,0.05 11.2784
0.35,0.8,0.1 85.2787
0.35,0.8,0.15 118.44
0.35,0.8,0.2 58.1754
0.35,0.8,0.25 17.6663
0.35,0.8,0.3 0.102874
0.35,0.85,0.05 0.361258
0.35,0.85,0.1 1.44542
0.35,0.85,0.15 0.361908
0.35,0.85,0.2 0.000717851
0.35,0.85,0.25 6.22665e-05
0.4,0,0.2 4.56167e-15
0.4,0,0.25 9.59092e-14
0.4,0,0.3 9.1156e-14
0.4,0,0.35 3.61026e-15
0.4,0.05,0 1.10857e-12
0.4,0.05,0.05 0.42021
0.4,0.05,0.1 1.68014
0.4,0.05,0.15 1.92104
0.4,0.05,0.2 7.40132
0.4,0.05,0.25 4.96786
0.4,0.05,0.3 2.12504
0.4,0.05,0.35 0.052669
0.4,0.1,0 5.4647e-11
0.4,0.1,0.05 30.3111
0.4,0.1,0.1 121.204
0.4,0.1,0.15 81.5873
0.4,0.1,0.2 280.65
0.4,0.1,0.25 163.239
0.4,0.1,0.3 32.8712
0.4,0.1,0.35 0.716275
0.4,0.15,0 1.37932e-10
0.4,0.15,0.05 135.63
0.4,0.15,0.1 544.482
0.4,0.15,0.15 246.296
0.4,0.15,0.2 572.984
0.4,0.15,0.25 471.606
0.4,0.15,0.3 50.8655
0.4,0.15,0.35 0.586143
0.4,0.15,0.4 5.79765e-05
0.4,0.2,0 1.1079e-10
0.4,0.2,0.05 99.4268
0.4,0.2,0.1 425.411
0.4,0.2,0.15 396.747
0.4,0.2,0.2 401.222
0.4,0.2,0.25 241.644
0.4,0.2,0.3 36.3898
0.4,0.2,0.35 5.95526
0.4,0.2,0.4 0.0435975
0.4,0.25,0 7.52536e-11
0.4,0.25,0.05 91.576
0.4,0.25,0.1 454.945
0.4,0.25,0.15 420.035
0.4,0.25,0.2 243.732
0.4,0.25,0.25 303.85
0.4,0.25,0.3 206.756
0.4,0.25,0.35 20.5088
0.4,0.25,0.4 0.121041
0.4,0.3,0 1.75137e-10
0.4,0.3,0.05 101.057
0.4,0.3,0.1 432.347
0.4,0.3,0.15 357.501
0.4,0.3,0.2 573.544
0.4,0.3,0.25 497.485
0.4,0.3,0.3 274.855
0.4,0.3,0.35 9.28123
0.4,0.3,0.4 0.0214777
0.4,0.35,0 8.11775e-10
0.4,0.35,0.05 47.5624
0.4,0.35,0.1 191.509
0.4,0.35,0.15 169.676
0.4,0.35,0.2 392.263
0.4,0.35,0.25 437.39
0.4,0.35,0.3 244.748
0.4,0.35,0.35 22.3293
0.4,0.35,0.4 0.123308
0.4,0.4,0 1.32103e-09
0.4,0.4,0.05 53.1993
0.4,0.4,0.1 272.08
0.4,0.4,0.15 319.774
0.4,0.4,0.2 279.2
0.4,0.4,0.25 351.227
0.4,0.4,0.3 371.07
0.4,0.4,0.35 132.744
0.4,0.4,0.4 17.7082
0.4,0.45,0 1.68158e-10
0.4,0.45,0.05 62.4533
0.4,0.45,0.1 362.477
0.4,0.45,0.15 614.573
0.4,0.45,0.2 588.511
0.4,0.45,0.25 284.871
0.4,0.45,0.3 474.974
0.4,0.45,0.35 591.404
0.4,0.45,0.4 100.638
0.4,0.45,0.45 0.00211739
0.4,0.5,0 5.47193e-11
0.4,0.5,0.05 71.0788
0.4,0.5,0.1 373.585
0.4,0.5,0.15 574.563
0.4,0.5,0.2 772.73
0.4,0.5,0.25 451.689
0.4,0.5,0.3 646.822
0.4,0.5,0.35 536.545
0.4,0.5,0.4 78.3553
0.4,0.5,0.45 0.636173
0.4,0.55,0 1.12394e-08
0.4,0.55,0.05 52.546
0.4,0.55,0.1 295.961
0.4,0.55,0.15 512.371
0.4,0.55,0.2 636.152
0.4,0.55,0.25 344.239
0.4,0.55,0.3 274.026
0.4,0.55,0.35 132.441
0.4,0.55,0.4 35.4305
0.4,0.55,0.45 1.52472
0.4,0.6,0 6.01531e-08
0.4,0.6,0.05 148.126
0.4,0.6,0.1 641.3
0.4,0.6,0.15 531.793
0.4,0.6,0.2 585.657
0.4,0.6,0.25 212.768
0.4,0.6,0.3 77.4
0.4,0.6,0.35 15.3639
0.4,0.6,0.4 5.21171
0.4,0.6,0.45 0.225463
0.4,0.65,0 2.32295e-08
0.4,0.65,0.05 72.3155
0.4,0.65,0.1 359.171
0.4,0.65,0.15 506.671
0.4,0.65,0.2 584.992
0.4,0.65,0.25 319.216
0.4,0.65,0.3 337.732
0.4,0.65,0.35 92.2883
0.4,0.65,0.4 18.2949
0.4,0.65,0.45 0.0452383
0.4,0.7,0 1.41758e-10
0.4,0.7,0.05 17.7777
0.4,0.7,0.1 92.583
0.4,0.7,0.15 178.477
0.4,0.7,0.2 371.952
0.4,0.7,0.25 174.399
0.4,0.7,0.3 125.817
0.4,0.7,0.35 69.569
0.4,0.7,0.4 18.9951
0.4,0.7,0.45 0.0477773
0.4,0.75,0 3.74894e-14
0.4,0.75,0.05 25.5621
0.4,0.75,0.1 159.261
0.4,0.75,0.15 366.183
0.4,0.75,0.2 648.23
0.4,0.75,0.25 204.934
0.4,0.75,0.3 1.82807
0.4,0.75,0.35 2.46352
0.4,0.75,0.4 0.894319
0.4,0.75,0.45 0.00228731
0.4,0.8,0.05 66.9351
0.4,0.8,0.1 282.016
0.4,0.8,0.15 159.022
0.4,0.8,0.2 165.819
0.4,0.8,0.25 48.503
0.4,0.8,0.3 0.262549
