0.65,0.4,0.3 0.305657
0.65,0.4,0.35 0.112827
0.65,0.4,0.4 0.000453864
0.65,0.45,0 4.01463e-10
0.65,0.45,0.05 161.183
0.65,0.45,0.1 645.957
0.65,0.45,0.15 207.177
0.65,0.45,0.2 236.065
0.65,0.45,0.25 121.001
0.65,0.45,0.3 2.52601
0.65,0.5,0 4.43238e-10
0.65,0.5,0.05 93.5118
0.65,0.5,0.1 374.813
0.65,0.5,0.15 163.064
0.65,0.5,0.2 561.208
0.65,0.5,0.25 334.373
0.65,0.5,0.3 8.31475
0.65,0.5,0.35 0.00188782
0.65,0.55,0 8.64303e-11
0.65,0.55,0.05 43.737
0.65,0.55,0.1 179.74
0.65,0.55,0.15 268.595
0.65,0.55,0.2 676.481
0.65,0.55,0.25 248.034
0.65,0.55,0.3 17.9493
0.65,0.55,0.35 0.013745
0.65,0.6,0 2.03038e-11
0.65,0.6,0.05 33.7633
0.65,0.6,0.1 144.622
0.65,0.6,0.15 361.793
0.65,0.6,0.2 634.339
0.65,0.6,0.25 156.135
0.65,0.6,0.3 8.71989
0.65,0.6,0.35 0.00608037
0.65,0.65,0 2.76094e-11
0.65,0.65,0.05 14.5906
0.65,0.65,0.1 109.511
0.65,0.65,0.15 318.499
0.65,0.65,0.2 385.19
0.65,0.65,0.25 130.659
0.65,0.65,0.3 2.16435
0.65,0.65,0.35 2.70044e-05
0.65,0.7,0 2.57842e-11
0.65,0.7,0.05 12.2581
0.65,0.7,0.1 183.556
0.65,0.7,0.15 537.154
0.65,0.7,0.2 312.414
0.65,0.7,0.25 119.725
0.65,0.7,0.3 3.03146
0.65,0.75,0 3.30506e-10
0.65,0.75,0.05 26.7097
0.65,0.75,0.1 227.782
0.65,0.75,0.15 490.455
0.65,0.75,0.2 207.178
0.65,0.75,0.25 74.6369
0.65,0.75,0.3 2.03267
0.65,0.8,0 7.41904e-10
0.65,0.8,0.05 73.1815
0.65,0.8,0.1 363.241
0.65,0.8,0.15 350.842
0.65,0.8,0.2 70.4058
0.65,0.8,0.25 1.57218
0.65,0.8,0.3 0.0428834
0.65,0.85,0 1.7205e-10
0.65,0.85,0.05 77.8794
0.65,0.85,0.1 313.966
0.65,0.85,0.15 87.9187
0.65,0.85,0.2 2.49526
0.65,0.9,0 1.99767e-11
0.65,0.9,0.05 18.789
0.65,0.9,0.1 75.1345
0.65,0.9,0.15 18.7783
0.65,0.95,0 1.57188e-16
0.65,0.95,0.05 0.000184117
0.65,0.95,0.1 0.000736258
0.65,0.95,0.15 0.000184012
0.7,0.1,0.05 9.51871e-08
0.7,0.1,0.1 0.0946689
0.7,0.1,0.15 2.92997
0.7,0.1,0.2 3.42144
0.7,0.1,0.25 0.193702
0.7,0.15,0 5.59948e-14
0.7,0.15,0.05 0.823878
0.7,0.15,0.1 52.7773
0.7,0.15,0.15 118.139
0.7,0.15,0.2 49.3637
0.7,0.15,0.25 2.67175
0.7,0.15,0.3 0.515235
0.7,0.15,0.35 0.0523424
0.7,0.2,0 1.59724e-12
0.7,0.2,0.05 4.73221
0.7,0.2,0.1 260.89
0.7,0.2,0.15 437.683
0.7,0.2,0.2 65.6178
0.7,0.2,0.25 10.5657
0.7,0.2,0.3 15.7761
0.7,0.2,0.35 1.60268
0.7,0.25,0 1.79074e-12
0.7,0.25,0.05 4.92924
0.7,0.25,0.1 286.772
0.7,0.25,0.15 472.629
0.7,0.25,0.2 66.1113
0.7,0.25,0.25 22.0199
0.7,0.25,0.3 18.5801
0.7,0.25,0.35 1.90796
0.7,0.25,0.4 0.000186356
0.7,0.3,0 9.48522e-14
0.7,0.3,0.05 1.56378
0.7,0.3,0.1 84.2855
0.7,0.3,0.15 165.582
0.7,0.3,0.2 109.388
0.7,0.3,0.25 46.9936
0.7,0.3,0.3 2.36838
0.7,0.3,0.35 0.429467
0.7,0.3,0.4 0.00130724
0.7,0.35,0 3.40244e-10
0.7,0.35,0.05 46.1547
0.7,0.35,0.1 216.993
0.7,0.35,0.15 131.985
0.7,0.35,0.2 52.8335
0.7,0.35,0.25 11.9604
0.7,0.35,0.3 0.467862
0.7,0.35,0.35 0.139108
0.7,0.35,0.4 0.000559583
0.7,0.4,0 1.64375e-09
0.7,0.4,0.05 154.942
0.7,0.4,0.1 647.164
0.7,0.4,0.15 266.202
0.7,0.4,0.2 48.4791
0.7,0.4,0.25 0.588107
0.7,0.4,0.3 0.00272156
0.7,0.4,0.35 0.000527516
0.7,0.4,0.4 2.12201e-06
0.7,0.45,0 6.709e-10
0.7,0.45,0.05 101.192
0.7,0.45,0.1 484.491
0.7,0.45,0.15 308.561
0.7,0.45,0.2 76.0655
0.7,0.45,0.25 18.0956
0.7,0.45,0.3 0.358512
0.7,0.5,0 4.18631e-10
0.7,0.5,0.05 103.815
0.7,0.5,0.1 486.649
0.7,0.5,0.15 409.509
0.7,0.5,0.2 333.509
0.7,0.5,0.25 90.3322
0.7,0.5,0.3 0.922371
0.7,0.55,0 1.09361e-10
0.7,0.55,0.05 86.7922
0.7,0.55,0.1 383.194
0.7,0.55,0.15 434.589
0.7,0.55,0.2 595.963
0.7,0.55,0.25 117.943
0.7,0.55,0.3 0.268243
0.7,0.6,0 3.93614e-11
0.7,0.6,0.05 68.8859
0.7,0.6,0.1 280.786
0.7,0.6,0.15 300.017
0.7,0.6,0.2 455.016
0.7,0.6,0.25 62.5595
0.7,0.6,0.3 0.0311282
0.7,0.65,0 1.6194e-12
0.7,0.65,0.05 2.83408
0.7,0.65,0.1 29.1343
0.7,0.65,0.15 323.593
0.7,0.65,0.2 316.157
0.7,0.65,0.25 29.4013
0.7,0.65,0.3 0.443916
0.7,0.7,0 3.08274e-14
0.7,0.7,0.05 0.0023924
0.7,0.7,0.1 19.1541
0.7,0.7,0.15 193.842
0.7,0.7,0.2 379.862
0.7,0.7,0.25 205.16
0.7,0.7,0.3 5.48706
0.7,0.75,0 6.0956e-12
0.7,0.75,0.05 0.473044
0.7,0.75,0.1 36.1276
0.7,0.75,0.15 149.193
0.7,0.75,0.2 214.47
0.7,0.75,0.25 142.231
0.7,0.75,0.3 3.87921
0.7,0.8,0 2.01839e-09
0.7,0.8,0.05 11.2981
0.7,0.8,0.1 72.8423
0.7,0.8,0.15 121.198
0.7,0.8,0.2 30.9231
0.7,0.8,0.25 3.0004
0.7,0.8,0.3 0.0818401
0.7,0.85,0 8.01202e-09
0.7,0.85,0.05 41.2806
0.7,0.85,0.1 165.858
0.7,0.85,0.15 45.1516
0.7,0.85,0.2 0.991606
0.7,0.9,0 2.00013e-09
0.7,0.9,0.05 10.3149
0.7,0.9,0.1 41.1903
0.7,0.9,0.15 10.2803
0.7,0.95,0 5.43256e-18
0.7,0.95,0.05 6.36324e-06
0.7,0.95,0.1 2.54457e-05
0.7,0.95,0.15 6.35962e-06
0.75,0.1,0.05 5.45518e-08
0.75,0.1,0.1 3.53926e-06
0.75,0.1,0.15 5.64463e-06
0.75,0.1,0.2 5.04603e-07
0.75,0.15,0.05 0.454867
0.75,0.15,0.1 29.5113
0.75,0.15,0.15 47.0664
0.75,0.15,0.2 4.20751
0.75,0.2,0.05 1.96635
0.75,0.2,0.1 128.856
0.75,0.2,0.15 206.277
0.75,0.2,0.2 18.5356
0.75,0.25,0.05 1.15891
0.75,0.25,0.1 80.4782
0.75,0.25,0.15 131.535
0.75,0.25,0.2 12.1525
0.75,0.3,0.05 0.720547
0.75,0.3,0.1 15.6524
0.75,0.3,0.15 24.0036
0.75,0.3,0.2 2.83099
0.75,0.3,0.25 0.00873455
0.75,0.35,0 1.03482e-10
0.75,0.35,0.05 55.5764
0.75,0.35,0.1 239.93
0.75,0.35,0.15 228.607
0.75,0.35,0.2 98.6793
0.75,0.35,0.25 1.15108
0.75,0.4,0 4.9713e-10
0.75,0.4,0.05 119.228
0.75,0.4,0.1 526.401
0.75,0.4,0.15 496.974
0.75,0.4,0.2 200.886
0.75,0.4,0.25 2.28813
0.75,0.45,0 1.67386e-10
0.75,0.45,0.05 23.3107
0.75,0.45,0.1 236.779
0.75,0.45,0.15 422.604
0.75,0.45,0.2 133.831
0.75,0.45,0.25 8.02982
0.75,0.45,0.3 8.60839e-06
0.75,0.5,0 4.98122e-11
0.75,0.5,0.05 12.4935
0.75,0.5,0.1 188.413
0.75,0.5,0.15 624.368
0.75,0.5,0.2 463.44
0.75,0.5,0.25 45.5417
0.75,0.5,0.3 0.000419188
0.75,0.55,0 1.50571e-11
0.75,0.55,0.05 20.6717
0.75,0.55,0.1 160.207
0.75,0.55,0.15 438.717
0.75,0.55,0.2 306.875
0.75,0.55,0.25 30.0063
0.75,0.55,0.3 0.000599222
0.75,0.6,0 6.74582e-12
0.75,0.6,0.05 28.567
0.75,0.6,0.1 119.584
0.75,0.6,0.15 95.7636
0.75,0.6,0.2 105.947
0.75,0.6,0.25 13.8929
0.75,0.6,0.3 4.60624e-05
0.75,0.65,0 4.06947e-13
0.75,0.65,0.05 11.6588
0.75,0.65,0.1 49.7734
0.75,0.65,0.15 73.5058
0.75,0.65,0.2 60.1373
0.75,0.65,0.25 4.2137
0.75,0.65,0.3 0.0466798
0.75,0.7,0 6.07228e-15
0.75,0.7,0.05 0.506462
0.75,0.7,0.1 3.31195
0.75,0.7,0.15 26.9177
0.75,0.7,0.2 50.7097
0.75,0.7,0.25 23.4023
0.75,0.7,0.3 0.61684
0.75,0.75,0 2.65197e-11
0.75,0.75,0.05 0.114227
0.75,0.75,0.1 0.537275
0.75,0.75,0.15 1.79254
0.75,0.75,0.2 20.3775
0.75,0.75,0.25 15.9971
0.75,0.75,0.3 0.436278
0.75,0.8,0 6.47176e-09
0.75,0.8,0.05 30.6451
0.75,0.8,0.1 122.432
0.75,0.8,0.15 30.8422
0.75,0.8,0.2 0.495916
0.75,0.8,0.25 0.337443
0.75,0.8,0.3 0.00920421
0.75,0.85,0 2.26947e-08
0.75,0.85,0.05 108.816
0.75,0.85,0.1 434.493
0.75,0.85,0.15 108.44
0.75,0.85,0.2 0.00252257
0.75,0.9,0 5.3693e-09
0.75,0.9,0.05 25.8896
0.75,0.9,0.1 103.375
0.75,0.9,0.15 25.7978
0.8,0.05,0 1.96048e-11
0.8,0.05,0.05 1.15495
0.8,0.05,0.1 4.61623
0.8,0.05,0.15 1.15317
0.8,0.1,0 2.31151e-10
0.8,0.1,0.05 13.6174
0.8,0.1,0.1 54.4276
0.8,0.1,0.15 13.5964
0.8,0.1,0.2 5.96962e-09
0.8,0.15,0 1.50684e-10
0.8,0.15,0.05 8.88241
0.8,0.15,0.1 35.8299
0.8,0.15,0.15 9.42016
0.8,0.15,0.2 0.0497762
0.8,0.2,0 2.58221e-12
0.8,0.2,0.05 0.173329
0.8,0.2,0.1 1.98392
0.8,0.2,0.15 2.34626
0.8,0.2,0.2 0.196167
0.8,0.25,0.05 0.00522357
0.8,0.25,0.1 0.3389
0.8,0.25,0.15 0.540498
0.8,0.25,0.2 0.0483179
0.8,0.3,0.05 0.0684943
0.8,0.3,0.1 0.310305
0.8,0.3,0.15 0.425724
0.8,0.3,0.2 0.203746
0.8,0.3,0.25 0.00237668
0.8,0.35,0 1.93625e-12
0.8,0.35,0.05 6.45505
0.8,0.35,0.1 30.5986
0.8,0.35,0.15 53.5282
0.8,0.35,0.2 26.8507
0.8,0.35,0.25 0.313212
0.8,0.4,0 5.02451e-11
0.8,0.4,0.05 15.9495
0.8,0.4,0.1 74.761
0.8,0.4,0.15 112.958
0.8,0.4,0.2 53.8555
0.8,0.4,0.25 0.622602
0.8,0.45,0 5.49928e-11
0.8,0.45,0.05 6.53751
0.8,0.45,0.1 41.5185
0.8,0.45,0.15 56.4262
0.8,0.45,0.2 21.9114
0.8,0.45,0.25 1.38192
0.8,0.5,0 5.17552e-12
0.8,0.5,0.05 3.79976
0.8,0.5,0.1 31.241
0.8,0.5,0.15 85.735
0.8,0.5,0.2 73.4091
0.8,0.5,0.25 7.55344
0.8,0.55,0 1.29552e-11
0.8,0.55,0.05 73.7109
0.8,0.55,0.1 305.017
0.8,0.55,0.15 126.082
0.8,0.55,0.2 32.9506
0.8,0.55,0.25 2.71261
0.8,0.6,0 1.35796e-11
0.8,0.6,0.05 141.422
0.8,0.6,0.1 566.248
0.8,0.6,0.15 143.984
0.8,0.6,0.2 0.736893
0.8,0.6,0.25 0.0114276
0.8,0.65,0 1.51337e-12
0.8,0.65,0.05 76.9784
0.8,0.65,0.1 307.891
0.8,0.65,0.15 76.9683
0.8,0.65,0.2 0.00231048
0.8,0.65,0.25 0.000338325
0.8,0.7,0 2.27173e-13
0.8,0.7,0.05 4.71673
0.8,0.7,0.1 18.8652
0.8,0.7,0.15 4.71587
0.8,0.75,0 2.78316e-10
0.8,0.75,0.05 1.40664
0.8,0.75,0.1 5.61753
0.8,0.75,0.15 1.40214
0.8,0.8,0 1.35993e-08
0.8,0.8,0.05 59.6748
0.8,0.8,0.1 238.267
0.8,0.8,0.15 59.4921
0.8,0.8,0.2 0.0184883
0.8,0.8,0.25 0.000169218
0.8,0.85,0 2.1173e-08
0.8,0.85,0.05 93.7068
0.8,0.85,0.1 374.179
0.8,0.85,0.15 93.6765
0.8,0.85,0.2 0.164683
0.8,0.85,0.25 0.00150729
0.8,0.9,0 2.16719e-09
0.8,0.9,0.05 9.81897
0.8,0.9,0.1 39.2229
0.8,0.9,0.15 9.94653
0.8,0.9,0.2 0.0864177
0.8,0.9,0.25 0.000790954
0.8,0.95,0.1 0.0001599
0.8,0.95,0.15 0.00144174
0.8,0.95,0.2 0.000764089
0.8,0.95,0.25 6.99346e-06
0.85,0.05,0 1.24806e-10
0.85,0.05,0.05 7.35247
0.85,0.05,0.1 29.3872
0.85,0.05,0.15 7.34114
0.85,0.1,0 1.47152e-09
0.85,0.1,0.05 86.6892
0.85,0.1,0.1 346.489
0.85,0.1,0.15 86.5556
0.85,0.15,0 9.59267e-10
0.85,0.15,0.05 56.5117
0.85,0.15,0.1 225.873
0.85,0.15,0.15 56.4246
0.85,0.2,0 1.64385e-11
0.85,0.2,0.05 0.968414
0.85,0.2,0.1 3.87067
0.85,0.2,0.15 0.966922
0.85,0.3,0.1 7.50036e-07
0.85,0.3,0.15 7.41684e-06
0.85,0.3,0.2 4.23146e-06
0.85,0.3,0.25 4.93596e-08
0.85,0.35,0 2.46841e-11
0.85,0.35,0.05 2.31665
0.85,0.35,0.1 9.26058
0.85,0.35,0.15 2.31457
0.85,0.35,0.2 0.000557644
0.85,0.35,0.25 6.50487e-06
0.85,0.4,0 6.48561e-10
0.85,0.4,0.05 61.0769
0.85,0.4,0.1 244.147
0.85,0.4,0.15 60.9983
0.85,0.4,0.2 0.00110849
0.85,0.4,0.25 1.29304e-05
0.85,0.45,0 8.1495e-10
0.85,0.45,0.05 92.0737
0.85,0.45,0.1 368.069
0.85,0.45,0.15 91.9613
0.85,0.45,0.2 0.000130984
0.85,0.45,0.25 1.52792e-06
0.85,0.5,0 2.3669e-10
0.85,0.5,0.05 49.7147
0.85,0.5,0.1 198.76
0.85,0.5,0.15 49.6654
0.85,0.55,0 2.50876e-11
0.85,0.55,0.05 37.5337
0.85,0.55,0.1 150.104
0.85,0.55,0.15 37.5184
0.85,0.6,0 6.1264e-12
0.85,0.6,0.05 61.2836
0.85,0.6,0.1 245.105
0.85,0.6,0.15 61.2689
0.85,0.65,0 4.26584e-12
0.85,0.65,0.05 57.2783
0.85,0.65,0.1 229.088
0.85,0.65,0.15 57.2658
0.85,0.7,0 8.47068e-12
0.85,0.7,0.05 60.7193
0.85,0.7,0.1 242.84
0.85,0.7,0.15 60.7005
0.85,0.75,0 1.79695e-10
0.85,0.75,0.05 10.525
0.85,0.75,0.1 42.0858
0.85,0.75,0.15 10.5179
0.85,0.8,0 7.95205e-09
0.85,0.8,0.05 72.5733
0.85,0.8,0.1 291.596
0.85,0.8,0.15 87.2105
0.85,0.8,0.2 7.84733
0.85,0.8,0.25 0.071824
0.85,0.85,0 1.09868e-08
0.85,0.85,0.05 89.5657
0.85,0.85,0.1 372.446
0.85,0.85,0.15 221.235
0.85,0.85,0.2 69.8994
0.85,0.85,0.25 0.639766
0.85,0.9,0 8.06315e-10
0.85,0.9,0.05 5.64828
0.85,0.9,0.1 30.2385
0.85,0.9,0.15 74.843
0.85,0.9,0.2 36.6798
0.85,0.9,0.25 0.335718
0.85,0.95,0.1 0.0678691
0.85,0.95,0.15 0.611942
0.85,0.95,0.2 0.324316
0.85,0.95,0.25 0.00296836
0.9,0.05,0 4.89436e-11
0.9,0.05,0.05 2.88334
0.9,0.05,0.1 11.5245
0.9,0.05,0.15 2.87889
0.9,0.1,0 5.77069e-10
0.9,0.1,0.05 33.9959
0.9,0.1,0.1 135.879
0.9,0.1,0.15 33.9435
0.9,0.15,0 3.76185e-10
0.9,0.15,0.05 22.1616
0.9,0.15,0.1 88.578
0.9,0.15,0.15 22.1274
0.9,0.2,0 6.4465e-12
0.9,0.2,0.05 0.379772
0.9,0.2,0.1 1.51792
0.9,0.2,0.15 0.379187
0.9,0.35,0 1.71751e-11
0.9,0.35,0.05 1.61191
0.9,0.35,0.1 6.44338
0.9,0.35,0.15 1.60978
0.9,0.4,0 4.53128e-10
0.9,0.4,0.05 42.9125
0.9,0.4,0.1 171.537
0.9,0.4,0.15 42.8561
0.9,0.45,0 7.06479e-10
0.9,0.45,0.05 95.1652
0.9,0.45,0.1 380.443
0.9,0.45,0.15 95.0561
0.9,0.5,0 3.98254e-10
0.9,0.5,0.05 85.7616
0.9,0.5,0.1 342.875
0.9,0.5,0.15 85.676
0.9,0.55,0 3.57798e-11
0.9,0.55,0.05 8.13557
0.9,0.55,0.1 32.5264
0.9,0.55,0.15 8.12763
0.9,0.6,0 4.9626e-14
0.9,0.6,0.05 0.390584
0.9,0.6,0.1 1.56212
0.9,0.6,0.15 0.390474
0.9,0.65,0 5.07433e-12
0.9,0.65,0.05 35.6869
0.9,0.65,0.1 142.725
0.9,0.65,0.15 35.6757
0.9,0.7,0 1.17393e-11
0.9,0.7,0.05 82.3675
0.9,0.7,0.1 329.418
0.9,0.7,0.15 82.3416
0.9,0.75,0 2.30819e-11
0.9,0.75,0.05 13.8493
0.9,0.75,0.1 55.3843
0.9,0.75,0.15 13.8429
0.9,0.8,0 6.31785e-10
0.9,0.8,0.05 61.7132
0.9,0.8,0.1 250.885
0.9,0.8,0.15 99.3828
0.9,0.8,0.2 20.0049
0.9,0.8,0.25 0.183099
0.9,0.85,0 7.26178e-10
0.9,0.85,0.05 68.1559
0.9,0.85,0.1 309.743
0.9,0.85,0.15 404.296
0.9,0.85,0.2 178.192
0.9,0.85,0.25 1.63094
0.9,0.9,0 4.0616e-11
0.9,0.9,0.05 3.52351
0.9,0.9,0.1 33.6531
0.9,0.9,0.15 179.954
0.9,0.9,0.2 93.5065
0.9,0.9,0.25 0.855835
0.9,0.95,0.1 0.173017
0.9,0.95,0.15 1.56
0.9,0.95,0.2 0.826767
0.9,0.95,0.25 0.00756713
0.95,0.05,0 1.15116e-13
0.95,0.05,0.05 0.00678165
0.95,0.05,0.1 0.0271057
0.95,0.05,0.15 0.0067712
0.95,0.1,0 1.35728e-12
0.95,0.1,0.05 0.079959
0.95,0.1,0.1 0.319589
0.95,0.1,0.15 0.0798357
0.95,0.15,0 8.84793e-13
0.95,0.15,0.05 0.0521244
0.95,0.15,0.1 0.208337
0.95,0.15,0.15 0.052044
0.95,0.2,0 1.51623e-14
0.95,0.2,0.05 0.000893231
0.95,0.2,0.1 0.00357017
0.95,0.2,0.15 0.000891854
0.95,0.35,0 3.48028e-13
0.95,0.35,0.05 0.0326631
0.95,0.35,0.1 0.130566
0.95,0.35,0.15 0.0326199
0.95,0.4,0 9.44488e-12
0.95,0.4,0.05 0.928195
0.95,0.4,0.1 3.71038
0.95,0.4,0.15 0.926994
0.95,0.45,0 3.39907e-11
0.95,0.45,0.05 6.31665
0.95,0.45,0.1 25.2535
0.95,0.45,0.15 6.3101
0.95,0.5,0 4.105e-11
0.95,0.5,0.05 9.09351
0.95,0.5,0.1 36.356
0.95,0.5,0.15 9.0845
0.95,0.55,0 3.87302e-12
0.95,0.55,0.05 0.863833
0.95,0.55,0.1 3.45362
0.95,0.55,0.15 0.862979
0.95,0.6,0 1.48447e-15
0.95,0.6,0.05 0.0104151
0.95,0.6,0.1 0.041654
0.95,0.6,0.15 0.0104119
0.95,0.65,0 3.7401e-13
0.95,0.65,0.05 2.62407
0.95,0.65,0.1 10.4946
0.95,0.65,0.15 2.62325
0.95,0.7,0 8.6566e-13
0.95,0.7,0.05 6.07352
0.95,0.7,0.1 24.2903
0.95,0.7,0.15 6.07161
0.95,0.75,0 1.75853e-12
0.95,0.75,0.05 1.04604
0.95,0.75,0.1 4.18317
0.95,0.75,0.15 1.04554
0.95,0.8,0 4.51572e-11
0.95,0.8,0.05 5.22184
0.95,0.8,0.1 21.5319
0.95,0.8,0.15 11.143
0.95,0.8,0.2 3.14147
0.95,0.8,0.25 0.0287528
0.95,0.85,0 4.97777e-11
0.95,0.85,0.05 5.75614
0.95,0.85,0.1 28.8662
0.95,0.85,0.15 58.5481
0.95,0.85,0.2 27.9823
0.95,0.85,0.25 0.256113
0.95,0.9,0 2.56326e-12
0.95,0.9,0.05 0.296408
0.95,0.9,0.1 4.25776
0.95,0.9,0.15 28.0024
0.95,0.9,0.2 14.6838
0.95,0.9,0.25 0.134396
0.95,0.95,0.1 0.0271696
0.95,0.95,0.15 0.244974
0.95,0.95,0.2 0.129831
0.95,0.95,0.25 0.0011883
