0.25,0.15,0.35 113.677
0.25,0.15,0.4 10.9659
0.25,0.2,0 1.87517e-09
0.25,0.2,0.05 86.8004
0.25,0.2,0.1 382.864
0.25,0.2,0.15 441.23
0.25,0.2,0.2 438.086
0.25,0.2,0.25 246.044
0.25,0.2,0.3 603.371
0.25,0.2,0.35 439.426
0.25,0.2,0.4 38.5131
0.25,0.25,0 8.8765e-10
0.25,0.25,0.05 89.4165
0.25,0.25,0.1 363.482
0.25,0.25,0.15 376.243
0.25,0.25,0.2 614.871
0.25,0.25,0.25 283.06
0.25,0.25,0.3 497.231
0.25,0.25,0.35 289.091
0.25,0.25,0.4 11.7299
0.25,0.3,0 1.49263e-11
0.25,0.3,0.05 45.9936
0.25,0.3,0.1 199.227
0.25,0.3,0.15 334.801
0.25,0.3,0.2 577.22
0.25,0.3,0.25 199.279
0.25,0.3,0.3 189.234
0.25,0.3,0.35 142.403
0.25,0.3,0.4 4.50312
0.25,0.35,0 1.68996e-13
0.25,0.35,0.05 78.8728
0.25,0.35,0.1 406.77
0.25,0.35,0.15 307.296
0.25,0.35,0.2 124.988
0.25,0.35,0.25 21.045
0.25,0.35,0.3 32.338
0.25,0.35,0.35 27.2114
0.25,0.35,0.4 0.932026
0.25,0.4,0 4.43559e-12
0.25,0.4,0.05 106.718
0.25,0.4,0.1 504.59
0.25,0.4,0.15 359.162
0.25,0.4,0.2 126.789
0.25,0.4,0.25 22.4661
0.25,0.4,0.3 0.936903
0.25,0.45,0 5.85462e-10
0.25,0.45,0.05 149.276
0.25,0.45,0.1 656.952
0.25,0.45,0.15 452.152
0.25,0.45,0.2 329.536
0.25,0.45,0.25 275.465
0.25,0.45,0.3 80.8032
0.25,0.45,0.35 53.2075
0.25,0.45,0.4 11.32
0.25,0.45,0.45 0.525306
0.25,0.5,0 1.63204e-09
0.25,0.5,0.05 181.274
0.25,0.5,0.1 735.963
0.25,0.5,0.15 341.75
0.25,0.5,0.2 432.904
0.25,0.5,0.25 634.338
0.25,0.5,0.3 584.657
0.25,0.5,0.35 503.216
0.25,0.5,0.4 256.073
0.25,0.5,0.45 15.2099
0.25,0.55,0 2.49164e-09
0.25,0.55,0.05 91.7412
0.25,0.55,0.1 490.182
0.25,0.55,0.15 299.906
0.25,0.55,0.2 232.173
0.25,0.55,0.25 539.115
0.25,0.55,0.3 681.822
0.25,0.55,0.35 666.268
0.25,0.55,0.4 403.918
0.25,0.55,0.45 21.2571
0.25,0.6,0 1.73455e-08
0.25,0.6,0.05 28.5549
0.25,0.6,0.1 327.552
0.25,0.6,0.15 466.857
0.25,0.6,0.2 517.647
0.25,0.6,0.25 458.437
0.25,0.6,0.3 472.283
0.25,0.6,0.35 564.679
0.25,0.6,0.4 293.213
0.25,0.6,0.45 8.59481
0.25,0.65,0 1.10698e-08
0.25,0.65,0.05 79.7358
0.25,0.65,0.1 357.855
0.25,0.65,0.15 398.392
0.25,0.65,0.2 567.564
0.25,0.65,0.25 255.656
0.25,0.65,0.3 317.736
0.25,0.65,0.35 306.54
0.25,0.65,0.4 149.596
0.25,0.65,0.45 3.05423
0.25,0.7,0 2.20483e-09
0.25,0.7,0.05 113.105
0.25,0.7,0.1 518.497
0.25,0.7,0.15 441.702
0.25,0.7,0.2 413.099
0.25,0.7,0.25 330.621
0.25,0.7,0.3 244.49
0.25,0.7,0.35 78.7613
0.25,0.7,0.4 18.2248
0.25,0.7,0.45 0.346262
0.25,0.75,0 5.0652e-10
0.25,0.75,0.05 110.715
0.25,0.75,0.1 513.338
0.25,0.75,0.15 470.573
0.25,0.75,0.2 347.61
0.25,0.75,0.25 277.295
0.25,0.75,0.3 80.3263
0.25,0.75,0.35 3.2649
0.25,0.75,0.4 1.89034e-06
0.25,0.8,0 1.22902e-10
0.25,0.8,0.05 35.7866
0.25,0.8,0.1 171.765
0.25,0.8,0.15 235.378
0.25,0.8,0.2 213.181
0.25,0.8,0.25 119.973
0.25,0.8,0.3 60.3464
0.25,0.8,0.35 1.13586
0.25,0.85,0 1.35324e-13
0.25,0.85,0.05 0.0396763
0.25,0.85,0.1 0.541251
0.25,0.85,0.15 5.75877
0.25,0.85,0.2 8.03851
0.25,0.85,0.25 8.56288
0.25,0.85,0.3 5.2307
0.25,0.85,0.35 0.100446
0.3,0,0.1 8.98235e-13
0.3,0,0.15 3.69085e-11
0.3,0,0.2 7.2462e-11
0.3,0,0.25 4.93977e-10
0.3,0,0.3 4.6626e-10
0.3,0,0.35 1.84664e-11
0.3,0.05,0 8.01219e-13
0.3,0.05,0.05 0.302368
0.3,0.05,0.1 2.65306
0.3,0.05,0.15 59.9136
0.3,0.05,0.2 84.3038
0.3,0.05,0.25 83.1598
0.3,0.05,0.3 73.4405
0.3,0.05,0.35 2.9265
0.3,0.1,0 3.75156e-11
0.3,0.1,0.05 13.3133
0.3,0.1,0.1 64.2036
0.3,0.1,0.15 292.747
0.3,0.1,0.2 417.064
0.3,0.1,0.25 383.325
0.3,0.1,0.3 359.876
0.3,0.1,0.35 23.0688
0.3,0.1,0.4 0.00302372
0.3,0.15,0 6.54085e-11
0.3,0.15,0.05 23.7074
0.3,0.15,0.1 141.676
0.3,0.15,0.15 442.8
0.3,0.15,0.2 532.04
0.3,0.15,0.25 348.066
0.3,0.15,0.3 547.944
0.3,0.15,0.35 180.214
0.3,0.15,0.4 16.3846
0.3,0.2,0 1.46858e-10
0.3,0.2,0.05 78.0319
0.3,0.2,0.1 376.097
0.3,0.2,0.15 625.851
0.3,0.2,0.2 571.939
0.3,0.2,0.25 438.625
0.3,0.2,0.3 697.17
0.3,0.2,0.35 430.996
0.3,0.2,0.4 55.3915
0.3,0.25,0 1.94215e-10
0.3,0.25,0.05 96.2226
0.3,0.25,0.1 402.725
0.3,0.25,0.15 260.705
0.3,0.25,0.2 235.613
0.3,0.25,0.25 435.351
0.3,0.25,0.3 591.902
0.3,0.25,0.35 307.7
0.3,0.25,0.4 16.9191
0.3,0.3,0 3.15952e-11
0.3,0.3,0.05 34.2858
0.3,0.3,0.1 175.812
0.3,0.3,0.15 424.699
0.3,0.3,0.2 491.797
0.3,0.3,0.25 458.939
0.3,0.3,0.3 482.271
0.3,0.3,0.35 309.935
0.3,0.3,0.4 9.86896
0.3,0.35,0 1.04617e-15
0.3,0.35,0.05 43.165
0.3,0.35,0.1 371.071
0.3,0.35,0.15 749.863
0.3,0.35,0.2 526.474
0.3,0.35,0.25 80.965
0.3,0.35,0.3 80.071
0.3,0.35,0.35 59.1565
0.3,0.35,0.4 2.00548
0.3,0.4,0 7.79488e-12
0.3,0.4,0.05 114.296
0.3,0.4,0.1 617.856
0.3,0.4,0.15 765.146
0.3,0.4,0.2 471.065
0.3,0.4,0.25 41.3979
0.3,0.4,0.3 0.634175
0.3,0.4,0.35 0.0453131
0.3,0.4,0.4 0.0147702
0.3,0.4,0.45 9.77992e-06
0.3,0.45,0 4.56366e-10
0.3,0.45,0.05 82.4156
0.3,0.45,0.1 389.822
0.3,0.45,0.15 516.4
0.3,0.45,0.2 488.913
0.3,0.45,0.25 194.576
0.3,0.45,0.3 75.9549
0.3,0.45,0.35 46.9364
0.3,0.45,0.4 4.37401
0.3,0.45,0.45 0.0387114
0.3,0.5,0 1.06548e-09
0.3,0.5,0.05 120.996
0.3,0.5,0.1 488.099
0.3,0.5,0.15 210.883
0.3,0.5,0.2 243.16
0.3,0.5,0.25 355.614
0.3,0.5,0.3 549.55
0.3,0.5,0.35 313.728
0.3,0.5,0.4 38.14
0.3,0.5,0.45 0.922955
0.3,0.55,0 6.19266e-08
0.3,0.55,0.05 82.1415
0.3,0.55,0.1 350.163
0.3,0.55,0.15 264.279
0.3,0.55,0.2 287.311
0.3,0.55,0.25 451.786
0.3,0.55,0.3 616.257
0.3,0.55,0.35 217.257
0.3,0.55,0.4 49.1494
0.3,0.55,0.45 1.46732
0.3,0.6,0 5.15622e-07
0.3,0.6,0.05 71.1615
0.3,0.6,0.1 320.836
0.3,0.6,0.15 328.273
0.3,0.6,0.2 531.885
0.3,0.6,0.25 478.411
0.3,0.6,0.3 748.734
0.3,0.6,0.35 420.361
0.3,0.6,0.4 136.388
0.3,0.6,0.45 2.95102
0.3,0.65,0 2.57486e-07
0.3,0.65,0.05 79.1498
0.3,0.65,0.1 326.047
0.3,0.65,0.15 202.477
0.3,0.65,0.2 331.288
0.3,0.65,0.25 490.529
0.3,0.65,0.3 661.013
0.3,0.65,0.35 647.671
0.3,0.65,0.4 252.016
0.3,0.65,0.45 4.821
0.3,0.7,0 2.72939e-09
0.3,0.7,0.05 73.4813
0.3,0.7,0.1 328.801
0.3,0.7,0.15 338.076
0.3,0.7,0.2 513.769
0.3,0.7,0.25 270.935
0.3,0.7,0.3 98.1528
0.3,0.7,0.35 84.4671
0.3,0.7,0.4 35.8704
0.3,0.7,0.45 0.661993
0.3,0.75,0 1.92677e-10
0.3,0.75,0.05 37.0197
0.3,0.75,0.1 221.82
0.3,0.75,0.15 431.189
0.3,0.75,0.2 241.085
0.3,0.75,0.25 81.6747
0.3,0.75,0.3 5.48457
0.3,0.75,0.35 0.0525366
0.3,0.75,0.4 3.96809e-08
0.3,0.8,0 3.77107e-11
0.3,0.8,0.05 10.9719
0.3,0.8,0.1 53.5337
0.3,0.8,0.15 63.8902
0.3,0.8,0.2 49.6562
0.3,0.8,0.25 40.3425
0.3,0.8,0.3 2.87322
0.3,0.8,0.35 8.08979e-05
0.3,0.85,0 4.15224e-14
0.3,0.85,0.05 0.0120812
0.3,0.85,0.1 0.0523828
0.3,0.85,0.15 0.19268
0.3,0.85,0.2 1.40561
0.3,0.85,0.25 1.65082
0.3,0.85,0.3 0.116974
0.3,0.85,0.35 7.15394e-06
0.35,0,0.1 1.0915e-13
0.35,0,0.15 4.48499e-12
0.35,0,0.2 1.36352e-11
0.35,0,0.25 1.61573e-10
0.35,0,0.3 1.53173e-10
0.35,0,0.35 6.06646e-12
0.35,0.05,0 3.76251e-12
0.35,0.05,0.05 1.42621
0.35,0.05,0.1 5.87794
0.35,0.05,0.15 8.63999
0.35,0.05,0.2 11.355
0.35,0.05,0.25 26.7498
0.35,0.05,0.3 23.8552
0.35,0.05,0.35 0.939581
0.35,0.1,0 1.65066e-10
0.35,0.1,0.05 63.2405
0.35,0.1,0.1 254.516
0.35,0.1,0.15 93.1193
0.35,0.1,0.2 67.9928
0.35,0.1,0.25 156.116
0.35,0.1,0.3 118.66
0.35,0.1,0.35 7.04745
0.35,0.1,0.4 0.000260493
0.35,0.15,0 2.26611e-10
0.35,0.15,0.05 99.0931
0.35,0.15,0.1 412.285
0.35,0.15,0.15 182.932
0.35,0.15,0.2 177.585
0.35,0.15,0.25 258.555
0.35,0.15,0.3 197.02
0.35,0.15,0.35 32.8557
0.35,0.15,0.4 1.41117
0.35,0.2,0 8.99652e-11
0.35,0.2,0.05 106.646
0.35,0.2,0.1 470.221
0.35,0.2,0.15 470.705
0.35,0.2,0.2 376.207
0.35,0.2,0.25 395.311
0.35,0.2,0.3 439.359
0.35,0.2,0.35 99.3548
0.35,0.2,0.4 5.6261
0.35,0.25,0 2.51452e-10
0.35,0.25,0.05 165.261
0.35,0.25,0.1 746.533
0.35,0.25,0.15 604.053
0.35,0.25,0.2 243.153
0.35,0.25,0.25 456.424
0.35,0.25,0.3 721.689
0.35,0.25,0.35 251.438
0.35,0.25,0.4 5.6578
0.35,0.3,0 5.74607e-11
0.35,0.3,0.05 130.604
0.35,0.3,0.1 558.416
0.35,0.3,0.15 511.828
0.35,0.3,0.2 489.702
0.35,0.3,0.25 692.696
0.35,0.3,0.3 650.7
0.35,0.3,0.35 131.396
0.35,0.3,0.4 2.4611
0.35,0.35,0 2.33856e-21
0.35,0.35,0.05 94.6236
0.35,0.35,0.1 415.003
0.35,0.35,0.15 428.959
0.35,0.35,0.2 455.472
0.35,0.35,0.25 194.265
0.35,0.35,0.3 88.7907
0.35,0.35,0.35 13.3495
0.35,0.35,0.4 0.260418
0.35,0.4,0 6.72283e-11
0.35,0.4,0.05 166.215
0.35,0.4,0.1 831.34
0.35,0.4,0.15 695.159
0.35,0.4,0.2 357.3
0.35,0.4,0.25 38.4725
0.35,0.4,0.3 13.3239
0.35,0.4,0.35 19.283
0.35,0.4,0.4 16.3997
0.35,0.4,0.45 0.680056
0.35,0.45,0 1.92027e-09
0.35,0.45,0.05 100.586
0.35,0.45,0.1 581.966
0.35,0.45,0.15 743.457
0.35,0.45,0.2 638.966
0.35,0.45,0.25 140.553
0.35,0.45,0.3 86.2333
0.35,0.45,0.35 235.308
0.35,0.45,0.4 122.637
0.35,0.45,0.45 3.27732
0.35,0.5,0 2.32543e-09
0.35,0.5,0.05 145.1
0.35,0.5,0.1 611.772
0.35,0.5,0.15 409.997
0.35,0.5,0.2 546.444
0.35,0.5,0.25 556.444
0.35,0.5,0.3 569.747
0.35,0.5,0.35 467.237
0.35,0.5,0.4 119.376
0.35,0.5,0.45 1.02308
0.35,0.55,0 7.24189e-08
0.35,0.55,0.05 90.5403
0.35,0.55,0.1 392.425
0.35,0.55,0.15 485.887
0.35,0.55,0.2 621.672
0.35,0.55,0.25 449.66
0.35,0.55,0.3 434.201
0.35,0.55,0.35 139.954
0.35,0.55,0.4 13.0506
0.35,0.55,0.45 0.0282527
0.35,0.6,0 5.99466e-07
0.35,0.6,0.05 93.6178
0.35,0.6,0.1 418.006
0.35,0.6,0.15 653.376
0.35,0.6,0.2 969.61
0.35,0.6,0.25 401.414
0.35,0.6,0.3 543.08
0.35,0.6,0.35 376.48
0.35,0.6,0.4 146.102
0.35,0.6,0.45 4.30225
0.35,0.65,0 2.98019e-07
0.35,0.65,0.05 114.475
0.35,0.65,0.1 504.08
0.35,0.65,0.15 490.199
0.35,0.65,0.2 533.574
0.35,0.65,0.25 555.159
0.35,0.65,0.3 627.766
0.35,0.65,0.35 789.582
0.35,0.65,0.4 341.265
0.35,0.65,0.45 9.46998
0.35,0.7,0 2.2604e-09
0.35,0.7,0.05 76.3822
0.35,0.7,0.1 322.107
0.35,0.7,0.15 214.074
0.35,0.7,0.2 542.672
0.35,0.7,0.25 626.686
0.35,0.7,0.3 173.955
0.35,0.7,0.35 122.542
0.35,0.7,0.4 49.3903
0.35,0.7,0.45 1.26172
0.35,0.75,0 6.48881e-09
0.35,0.75,0.05 4.15512
0.35,0.75,0.1 46.7665
0.35,0.75,0.15 178.15
0.35,0.75,0.2 385.159
0.35,0.75,0.25 399.999
0.35,0.75,0.3 63.78
0.35,0.75,0.35 1.39651
0.35,0.8,0 2.09747e-08
0.35,0.8,0.05 2.16425
0.35,0.8,0.1 12.5178
0.35,0.8,0.15 26.1149
0.35,0.8,0.2 181.621
0.35,0.8,0.25 244.533
0.35,0.8,0.3 23.9255
0.35,0.8,0.35 0.269189
0.35,0.85,0 4.23295e-09
0.35,0.85,0.05 0.436189
0.35,0.85,0.1 1.7336
0.35,0.85,0.15 0.598046
0.35,0.85,0.2 7.18136
0.35,0.85,0.25 9.73804
0.35,0.85,0.3 0.693667
0.4,0,0.2 4.56167e-15
0.4,0,0.25 9.59092e-14
0.4,0,0.3 9.1156e-14
0.4,0,0.35 3.61026e-15
0.4,0.05,0 1.10857e-12
0.4,0.05,0.05 0.42021
0.4,0.05,0.1 1.68014
0.4,0.05,0.15 0.44616
0.4,0.05,0.2 3.37053
0.4,0.05,0.25 6.7501
0.4,0.05,0.3 1.27114
0.4,0.05,0.35 0.164106
0.4,0.05,0.4 0.000141757
0.4,0.1,0 4.86521e-11
0.4,0.1,0.05 28.4194
0.4,0.1,0.1 121.31
0.4,0.1,0.15 34.0233
0.4,0.1,0.2 132.298
0.4,0.1,0.25 265.065
0.4,0.1,0.3 56.4952
0.4,0.1,0.35 8.87784
0.4,0.1,0.4 0.00769264
0.4,0.15,0 6.73956e-11
0.4,0.15,0.05 113.158
0.4,0.15,0.1 539.029
0.4,0.15,0.15 198.706
0.4,0.15,0.2 353.603
0.4,0.15,0.25 625.78
0.4,0.15,0.3 116.003
0.4,0.15,0.35 13.561
0.4,0.15,0.4 0.0114783
0.4,0.2,0 1.97702e-11
0.4,0.2,0.05 85.3594
0.4,0.2,0.1 414.533
0.4,0.2,0.15 388.45
0.4,0.2,0.2 415.004
0.4,0.2,0.25 337.159
0.4,0.2,0.3 93.7227
0.4,0.2,0.35 7.55015
0.4,0.2,0.4 0.0782949
0.4,0.25,0 3.63662e-11
0.4,0.25,0.05 93.1362
0.4,0.25,0.1 439.289
0.4,0.25,0.15 455.955
0.4,0.25,0.2 242.984
0.4,0.25,0.25 216.17
0.4,0.25,0.3 177.186
0.4,0.25,0.35 26.4882
0.4,0.25,0.4 0.368251
0.4,0.3,0 4.07165e-11
0.4,0.3,0.05 106.75
0.4,0.3,0.1 447.409
0.4,0.3,0.15 262.692
0.4,0.3,0.2 387.382
0.4,0.3,0.25 537.667
0.4,0.3,0.3 279.052
0.4,0.3,0.35 21.2893
0.4,0.3,0.4 0.10946
0.4,0.35,0 1.50565e-11
0.4,0.35,0.05 51.662
0.4,0.35,0.1 209.951
0.4,0.35,0.15 126.316
0.4,0.35,0.2 342.435
0.4,0.35,0.25 565.612
0.4,0.35,0.3 349.954
0.4,0.35,0.35 49.7232
0.4,0.35,0.4 0.239646
0.4,0.4,0 4.10086e-11
0.4,0.4,0.05 52.3379
0.4,0.4,0.1 269.389
0.4,0.4,0.15 374.945
0.4,0.4,0.2 324.623
0.4,0.4,0.25 269.982
0.4,0.4,0.3 360.691
0.4,0.4,0.35 140.677
0.4,0.4,0.4 62.9937
0.4,0.4,0.45 2.60631
0.4,0.45,0 1.16563e-09
0.4,0.45,0.05 53.8051
0.4,0.45,0.1 311.204
0.4,0.45,0.15 587.69
0.4,0.45,0.2 597.826
0.4,0.45,0.25 301.474
0.4,0.45,0.3 281.169
0.4,0.45,0.35 479.295
0.4,0.45,0.4 337.726
0.4,0.45,0.45 12.5307
0.4,0.5,0 1.33864e-09
0.4,0.5,0.05 68.3105
0.4,0.5,0.1 344.069
0.4,0.5,0.15 516.461
0.4,0.5,0.2 771.164
0.4,0.5,0.25 526.074
0.4,0.5,0.3 542.906
0.4,0.5,0.35 639.487
0.4,0.5,0.4 198.656
0.4,0.5,0.45 4.92392
0.4,0.55,0 1.13062e-08
0.4,0.55,0.05 51.3177
0.4,0.55,0.1 268.926
0.4,0.55,0.15 433.557
0.4,0.55,0.2 566.759
0.4,0.55,0.25 347.216
0.4,0.55,0.3 261.329
0.4,0.55,0.35 208.73
0.4,0.55,0.4 36.2752
0.4,0.55,0.45 1.31568
0.4,0.6,0 6.01535e-08
0.4,0.6,0.05 147.993
0.4,0.6,0.1 611.474
0.4,0.6,0.15 384.385
0.4,0.6,0.2 611.727
0.4,0.6,0.25 292.99
0.4,0.6,0.3 163.011
0.4,0.6,0.35 116.919
0.4,0.6,0.4 65.8779
0.4,0.6,0.45 2.26673
0.4,0.65,0 2.32439e-08
0.4,0.65,0.05 72.0674
0.4,0.65,0.1 307.639
0.4,0.65,0.15 277.98
0.4,0.65,0.2 553.447
0.4,0.65,0.25 425.436
0.4,0.65,0.3 366.809
0.4,0.65,0.35 261.04
0.4,0.65,0.4 145.828
0.4,0.65,0.45 4.8289
0.4,0.7,0 2.16872e-10
0.4,0.7,0.05 17.1987
0.4,0.7,0.1 69.9276
0.4,0.7,0.15 52.2942
0.4,0.7,0.2 293.237
0.4,0.7,0.25 399.125
0.4,0.7,0.3 174.969
0.4,0.7,0.35 42.8502
0.4,0.7,0.4 20.1828
0.4,0.7,0.45 0.642042
0.4,0.75,0 2.05596e-07
0.4,0.75,0.05 21.9332
0.4,0.75,0.1 87.2818
0.4,0.75,0.15 32.3751
0.4,0.75,0.2 164.714
0.4,0.75,0.25 440.815
0.4,0.75,0.3 281.347
0.4,0.75,0.35 10.3209
0.4,0.8,0 6.64996e-07
0.4,0.8,0.05 68.5247
0.4,0.8,0.1 272.358
0.4,0.8,0.15 69.235
0.4,0.8,0.2 67.3001
0.4,0.8,0.25 143.313
0.4,0.8,0.3 58.3784
0.4,0.8,0.35 1.98944
0.4,0.85,0 1.34204e-07
0.4,0.85,0.05 13.8291
0.4,0.85,0.1 54.9628
0.4,0.85,0.15 13.7145
0.4,0.85,0.2 2.64497
0.4,0.85,0.25 3.58663
0.4,0.85,0.3 0.255485
0.45,0.05,0 1.5661e-16
0.45,0.05,0.05 5.9364e-05
0.45,0.05,0.1 0.000237358
0.45,0.05,0.15 0.00969377
0.45,0.05,0.2 1.23455
0.45,0.05,0.25 3.16181
0.45,0.05,0.3 4.27685
0.45,0.05,0.35 1.36419
0.45,0.05,0.4 0.00118244
0.45,0.1,0 8.59303e-14
0.45,0.1,0.05 22.4986
0.45,0.1,0.1 93.764
0.45,0.1,0.15 30.1476
0.45,0.1,0.2 61.7269
0.45,0.1,0.25 136.938
0.45,0.1,0.3 230.287
0.45,0.1,0.35 74.2233
0.45,0.1,0.4 0.0641664
0.45,0.15,0 2.79285e-12
