0.75,0.7,0.4 77.6621
0.75,0.7,0.45 6.95145
0.75,0.7,0.5 0.181248
0.75,0.75,0 9.3913e-11
0.75,0.75,0.05 0.139822
0.75,0.75,0.1 0.55782
0.75,0.75,0.15 0.98115
0.75,0.75,0.2 16.0863
0.75,0.75,0.25 257.71
0.75,0.75,0.3 417.031
0.75,0.75,0.35 50.9426
0.75,0.75,0.4 6.35389
0.75,0.75,0.45 0.924537
0.75,0.75,0.5 0.054159
0.75,0.8,0 4.29048e-09
0.75,0.8,0.05 31.0315
0.75,0.8,0.1 126.442
0.75,0.8,0.15 32.2614
0.75,0.8,0.2 1.01766
0.75,0.8,0.25 53.3811
0.75,0.8,0.3 112.024
0.75,0.8,0.35 14.3557
0.75,0.8,0.4 0.000191893
0.75,0.8,0.45 9.16342e-05
0.75,0.8,0.5 9.69245e-06
0.75,0.85,0 5.97463e-09
0.75,0.85,0.05 107.79
0.75,0.85,0.1 440.631
0.75,0.85,0.15 112.584
0.75,0.85,0.2 0.000258483
0.75,0.85,0.25 0.036447
0.75,0.85,0.3 0.0779103
0.75,0.85,0.35 0.0100331
0.75,0.9,0 4.42362e-10
0.75,0.9,0.05 25.4625
0.75,0.9,0.1 104.242
0.75,0.9,0.15 26.6731
0.75,0.9,0.2 1.28351e-05
0.75,0.95,0.05 3.11856e-08
0.75,0.95,0.1 1.27759e-07
0.75,0.95,0.15 3.2712e-08
0.75,0.95,0.2 1.61374e-14
0.8,0.05,0.35 0.479112
0.8,0.05,0.4 4.84752
0.8,0.05,0.45 2.81551
0.8,0.05,0.5 0.0347109
0.8,0.1,0.35 4.96633
0.8,0.1,0.4 50.2479
0.8,0.1,0.45 29.1847
0.8,0.1,0.5 0.359802
0.8,0.15,0.15 0.617103
0.8,0.15,0.2 10.6902
0.8,0.15,0.25 9.04429
0.8,0.15,0.3 0.285039
0.8,0.15,0.35 2.93906
0.8,0.15,0.4 29.7366
0.8,0.15,0.45 17.2715
0.8,0.15,0.5 0.21293
0.8,0.2,0.05 0.0233429
0.8,0.2,0.1 0.116514
0.8,0.2,0.15 8.33696
0.8,0.2,0.2 142.701
0.8,0.2,0.25 120.897
0.8,0.2,0.3 4.42577
0.8,0.2,0.35 0.127818
0.8,0.2,0.4 0.387963
0.8,0.2,0.45 0.225335
0.8,0.2,0.5 0.00277803
0.8,0.25,0.05 0.351575
0.8,0.25,0.1 7.00421
0.8,0.25,0.15 100.856
0.8,0.25,0.2 236.869
0.8,0.25,0.25 114.096
0.8,0.25,0.3 36.3614
0.8,0.25,0.35 4.82192
0.8,0.3,0.05 0.530186
0.8,0.3,0.1 33.976
0.8,0.3,0.15 365.822
0.8,0.3,0.2 425.701
0.8,0.3,0.25 63.1273
0.8,0.3,0.3 50.2118
0.8,0.3,0.35 7.20528
0.8,0.3,0.4 0.0002442
0.8,0.35,0.05 2.60946
0.8,0.35,0.1 41.911
0.8,0.35,0.15 243.443
0.8,0.35,0.2 284.032
0.8,0.35,0.25 103.053
0.8,0.35,0.3 31.4392
0.8,0.35,0.35 11.4109
0.8,0.35,0.4 0.089649
0.8,0.4,0.05 1.53437
0.8,0.4,0.1 44.2604
0.8,0.4,0.15 366.275
0.8,0.4,0.2 564.922
0.8,0.4,0.25 374.14
0.8,0.4,0.3 84.6638
0.8,0.4,0.35 28.6879
0.8,0.4,0.4 0.224131
0.8,0.4,0.8 0.0417146
0.8,0.4,0.85 0.361376
0.8,0.4,0.9 0.185354
0.8,0.4,0.95 0.0015106
0.8,0.45,0.05 0.557116
0.8,0.45,0.1 72.3388
0.8,0.45,0.15 538.824
0.8,0.45,0.2 637.696
0.8,0.45,0.25 328.246
0.8,0.45,0.3 50.2216
0.8,0.45,0.35 9.85464
0.8,0.45,0.4 0.0680587
0.8,0.45,0.8 0.315013
0.8,0.45,0.85 2.72897
0.8,0.45,0.9 1.39972
0.8,0.45,0.95 0.0114075
0.8,0.5,0.05 2.03825
0.8,0.5,0.1 27.894
0.8,0.5,0.15 191.421
0.8,0.5,0.2 544.227
0.8,0.5,0.25 628.004
0.8,0.5,0.3 158.584
0.8,0.5,0.35 3.27074
0.8,0.5,0.4 0.0393613
0.8,0.5,0.8 0.143861
0.8,0.5,0.85 1.24628
0.8,0.5,0.9 0.639229
0.8,0.5,0.95 0.0052096
0.8,0.55,0.05 44.638
0.8,0.55,0.1 261.114
0.8,0.55,0.15 147.813
0.8,0.55,0.2 295.842
0.8,0.55,0.25 609.039
0.8,0.55,0.3 287.679
0.8,0.55,0.35 6.28854
0.8,0.55,0.4 0.0142984
0.8,0.55,0.45 7.35878e-05
0.8,0.55,0.8 0.000737846
0.8,0.55,0.85 0.006392
0.8,0.55,0.9 0.00327853
0.8,0.55,0.95 2.67194e-05
0.8,0.6,0.05 103.406
0.8,0.6,0.1 550.137
0.8,0.6,0.15 319.363
0.8,0.6,0.2 454.992
0.8,0.6,0.25 238.72
0.8,0.6,0.3 70.9351
0.8,0.6,0.35 3.72726
0.8,0.6,0.4 0.0407374
0.8,0.6,0.45 0.000297489
0.8,0.65,0.05 66.1815
0.8,0.65,0.1 320.944
0.8,0.65,0.15 130.127
0.8,0.65,0.2 148.435
0.8,0.65,0.25 199.486
0.8,0.65,0.3 126.06
0.8,0.65,0.35 19.3461
0.8,0.65,0.4 0.0108265
0.8,0.65,0.45 0.000118907
0.8,0.7,0.05 4.10828
0.8,0.7,0.1 21.1624
0.8,0.7,0.15 6.98212
0.8,0.7,0.2 17.2075
0.8,0.7,0.25 279.131
0.8,0.7,0.3 285.893
0.8,0.7,0.35 20.6113
0.8,0.7,0.4 0.000947286
0.8,0.7,0.45 6.44514e-05
0.8,0.75,0 8.36995e-10
0.8,0.75,0.05 1.31293
0.8,0.75,0.1 5.48757
0.8,0.75,0.15 1.48004
0.8,0.75,0.2 7.82521
0.8,0.75,0.25 229.325
0.8,0.75,0.3 325.316
0.8,0.75,0.35 31.2312
0.8,0.75,0.4 7.54387e-05
0.8,0.75,0.45 5.09918e-06
0.8,0.8,0 3.82387e-08
0.8,0.8,0.05 60.909
0.8,0.8,0.1 243.423
0.8,0.8,0.15 60.805
0.8,0.8,0.2 0.260016
0.8,0.8,0.25 35.501
0.8,0.8,0.3 76.2085
0.8,0.8,0.35 10.2503
0.8,0.8,0.4 0.00105402
0.8,0.8,0.45 0.277892
0.8,0.8,0.5 0.651924
0.8,0.8,0.55 0.093377
0.8,0.85,0 5.32486e-08
0.8,0.85,0.05 95.2402
0.8,0.85,0.1 381.672
0.8,0.85,0.15 95.6055
0.8,0.85,0.2 0.00014131
0.8,0.85,0.25 1.21475
0.8,0.85,0.3 5.24326
0.8,0.85,0.35 1.42114
0.8,0.85,0.4 0.0046709
0.8,0.85,0.45 1.24963
0.8,0.85,0.5 2.9316
0.8,0.85,0.55 0.419901
0.8,0.9,0 3.94253e-09
0.8,0.9,0.05 9.87306
0.8,0.9,0.1 39.8178
0.8,0.9,0.15 10.0382
0.8,0.9,0.2 2.07152e-06
0.8,0.9,0.25 0.0872614
0.8,0.9,0.3 0.380381
0.8,0.9,0.35 0.10362
0.8,0.9,0.4 0.00130603
0.8,0.9,0.45 0.351108
0.8,0.9,0.5 0.823686
0.8,0.9,0.55 0.117979
0.8,0.95,0.05 5.0332e-09
0.8,0.95,0.1 2.06196e-08
0.8,0.95,0.15 5.27955e-09
0.8,0.95,0.2 2.6045e-15
0.8,0.95,0.4 6.8929e-08
0.8,0.95,0.45 1.85624e-05
0.8,0.95,0.5 4.35467e-05
0.8,0.95,0.55 6.23732e-06
0.85,0.05,0.35 3.03037
0.85,0.05,0.4 30.6605
0.85,0.05,0.45 17.808
0.85,0.05,0.5 0.219546
0.85,0.1,0.35 31.4119
0.85,0.1,0.4 317.817
0.85,0.1,0.45 184.593
0.85,0.1,0.5 2.27574
0.85,0.15,0.15 0.00837051
0.85,0.15,0.2 0.145004
0.85,0.15,0.25 0.122679
0.85,0.15,0.3 0.00386632
0.85,0.15,0.35 18.5895
0.85,0.15,0.4 188.083
0.85,0.15,0.45 109.242
0.85,0.15,0.5 1.34678
0.85,0.2,0.1 0.000285718
0.85,0.2,0.15 0.143328
0.85,0.2,0.2 1.99386
0.85,0.2,0.25 1.64275
0.85,0.2,0.3 0.0515616
0.85,0.2,0.35 0.242531
0.85,0.2,0.4 2.45386
0.85,0.2,0.45 1.42524
0.85,0.2,0.5 0.017571
0.85,0.25,0.1 0.291089
0.85,0.25,0.15 29.3945
0.85,0.25,0.2 56.668
0.85,0.25,0.25 7.32277
0.85,0.25,0.3 0.0367027
0.85,0.3,0.1 0.951169
0.85,0.3,0.15 84.7822
0.85,0.3,0.2 158.463
0.85,0.3,0.25 17.5993
0.85,0.3,0.3 0.000786477
0.85,0.35,0.05 1.82277e-12
0.85,0.35,0.1 3.57659
0.85,0.35,0.15 94.1818
0.85,0.35,0.2 124.338
0.85,0.35,0.25 30.3244
0.85,0.35,0.3 1.75158
0.85,0.4,0.05 0.0423358
0.85,0.4,0.1 7.363
0.85,0.4,0.15 163.769
0.85,0.4,0.2 234.066
0.85,0.4,0.25 104.6
0.85,0.4,0.3 7.17133
0.85,0.4,0.8 2.94774
0.85,0.4,0.85 25.5365
0.85,0.4,0.9 13.0979
0.85,0.4,0.95 0.106746
0.85,0.45,0.05 12.7904
0.85,0.45,0.1 84.0211
0.85,0.45,0.15 122.921
0.85,0.45,0.2 132.15
0.85,0.45,0.25 50.7478
0.85,0.45,0.3 3.7765
0.85,0.45,0.35 0.000249566
0.85,0.45,0.8 22.2602
0.85,0.45,0.85 192.842
0.85,0.45,0.9 98.9106
0.85,0.45,0.95 0.806104
0.85,0.5,0.05 31.3728
0.85,0.5,0.1 196.997
0.85,0.5,0.15 104.018
0.85,0.5,0.2 65.7463
0.85,0.5,0.25 106.587
0.85,0.5,0.3 28.6571
0.85,0.5,0.35 0.0736104
0.85,0.5,0.8 10.1659
0.85,0.5,0.85 88.0675
0.85,0.5,0.9 45.1708
0.85,0.5,0.95 0.368134
0.85,0.55,0.05 26.1026
0.85,0.55,0.1 154.525
0.85,0.55,0.15 64.949
0.85,0.55,0.2 46.9029
0.85,0.55,0.25 112.251
0.85,0.55,0.3 37.1226
0.85,0.55,0.35 0.223998
0.85,0.55,0.8 0.0521396
0.85,0.55,0.85 0.451688
0.85,0.55,0.9 0.231676
0.85,0.55,0.95 0.00188812
0.85,0.6,0.05 48.7797
0.85,0.6,0.1 260.413
0.85,0.6,0.15 118.384
0.85,0.6,0.2 97.379
0.85,0.6,0.25 26.0796
0.85,0.6,0.3 3.18027
0.85,0.6,0.35 0.0441925
0.85,0.65,0.05 42.6462
0.85,0.65,0.1 242.192
0.85,0.65,0.15 96.4977
0.85,0.65,0.2 23.8602
0.85,0.65,0.25 6.68304
0.85,0.65,0.3 1.6617
0.85,0.65,0.35 0.0524244
0.85,0.7,0.05 28.8878
0.85,0.7,0.1 218.416
0.85,0.7,0.15 100.443
0.85,0.7,0.2 1.5213
0.85,0.7,0.25 17.4711
0.85,0.7,0.3 15.4156
0.85,0.7,0.35 0.566287
0.85,0.75,0 4.39417e-10
0.85,0.75,0.05 4.28487
0.85,0.75,0.1 30.6703
0.85,0.75,0.15 13.7244
0.85,0.75,0.2 0.600388
0.85,0.75,0.25 11.6544
0.85,0.75,0.3 14.871
0.85,0.75,0.35 1.64175
0.85,0.75,0.4 2.00808e-05
0.85,0.8,0 2.00751e-08
0.85,0.8,0.05 29.8887
0.85,0.8,0.1 119.241
0.85,0.8,0.15 29.732
0.85,0.8,0.2 0.0081248
0.85,0.8,0.25 35.7827
0.85,0.8,0.3 154.45
0.85,0.8,0.35 41.8869
0.85,0.8,0.4 0.0752263
0.85,0.8,0.45 20.0155
0.85,0.8,0.5 46.9557
0.85,0.8,0.55 6.72561
0.85,0.85,0 2.79552e-08
0.85,0.85,0.05 41.621
0.85,0.85,0.1 166.047
0.85,0.85,0.15 41.4027
0.85,0.85,0.2 2.1864e-06
0.85,0.85,0.25 48.5769
0.85,0.85,0.3 211.751
0.85,0.85,0.35 57.683
0.85,0.85,0.4 0.335474
0.85,0.85,0.45 90.0067
0.85,0.85,0.5 211.152
0.85,0.85,0.55 30.244
0.85,0.9,0 2.0698e-09
0.85,0.9,0.05 3.08162
0.85,0.9,0.1 12.2941
0.85,0.9,0.15 3.06546
0.85,0.9,0.25 3.558
0.85,0.9,0.3 15.5097
0.85,0.9,0.35 4.225
0.85,0.9,0.4 0.0939988
0.85,0.9,0.45 25.289
0.85,0.9,0.5 59.3271
0.85,0.9,0.55 8.4976
0.85,0.95,0.4 4.96471e-06
0.85,0.95,0.45 0.00133698
0.85,0.95,0.5 0.00313651
0.85,0.95,0.55 0.000449252
0.9,0.05,0.35 1.18135
0.9,0.05,0.4 11.9526
0.9,0.05,0.45 6.94222
0.9,0.05,0.5 0.0855868
0.9,0.1,0.35 12.2455
0.9,0.1,0.4 123.896
0.9,0.1,0.45 71.9609
0.9,0.1,0.5 0.887166
0.9,0.15,0.35 7.24687
0.9,0.15,0.4 73.3217
0.9,0.15,0.45 42.5863
0.9,0.15,0.5 0.525023
0.9,0.2,0.1 1.29472e-06
0.9,0.2,0.15 0.000143637
0.9,0.2,0.2 0.00027222
0.9,0.2,0.25 3.03553e-05
0.9,0.2,0.35 0.0945474
0.9,0.2,0.4 0.956604
0.9,0.2,0.45 0.555609
0.9,0.2,0.5 0.0068498
0.9,0.25,0.1 0.00119021
0.9,0.25,0.15 0.132043
0.9,0.25,0.2 0.250247
0.9,0.25,0.25 0.027905
0.9,0.3,0.1 0.00386748
0.9,0.3,0.15 0.387258
0.9,0.3,0.2 0.724061
0.9,0.3,0.25 0.0799849
0.9,0.35,0.1 0.0539216
0.9,0.35,0.15 1.30869
0.9,0.35,0.2 1.37785
0.9,0.35,0.25 0.0702647
0.9,0.35,0.3 8.26946e-05
0.9,0.4,0.05 0.0773721
0.9,0.4,0.1 0.585016
0.9,0.4,0.15 2.54598
0.9,0.4,0.2 2.37974
0.9,0.4,0.25 0.109185
0.9,0.4,0.3 0.000336472
0.9,0.4,0.8 4.84501
0.9,0.4,0.85 41.9726
0.9,0.4,0.9 21.5282
0.9,0.4,0.95 0.175451
0.9,0.45,0.05 23.3755
0.9,0.45,0.1 146.157
0.9,0.45,0.15 56.6325
0.9,0.45,0.2 0.386646
0.9,0.45,0.25 0.0135003
0.9,0.45,0.3 0.000280155
0.9,0.45,0.35 5.87108e-08
0.9,0.45,0.8 36.5877
0.9,0.45,0.85 316.961
0.9,0.45,0.9 162.573
0.9,0.45,0.95 1.32494
0.9,0.5,0.05 56.088
0.9,0.5,0.1 350.665
0.9,0.5,0.15 135.251
0.9,0.5,0.2 0.291603
0.9,0.5,0.25 0.0207259
0.9,0.5,0.3 0.00641922
0.9,0.5,0.35 1.93679e-06
0.9,0.5,0.8 16.709
0.9,0.5,0.85 144.751
0.9,0.5,0.9 74.2443
0.9,0.5,0.95 0.605078
0.9,0.55,0.05 8.37916
0.9,0.55,0.1 52.3315
0.9,0.55,0.15 20.1657
0.9,0.55,0.2 0.0476597
0.9,0.55,0.25 0.0249537
0.9,0.55,0.3 0.00773076
0.9,0.55,0.35 2.3325e-06
0.9,0.55,0.8 0.0856984
0.9,0.55,0.85 0.742409
0.9,0.55,0.9 0.38079
0.9,0.55,0.95 0.00310337
0.9,0.6,0.05 0.379542
0.9,0.6,0.1 2.26498
0.9,0.6,0.15 0.858319
0.9,0.6,0.2 0.00269249
0.9,0.6,0.25 0.00148397
0.9,0.6,0.3 0.000459741
0.9,0.6,0.35 1.38712e-07
0.9,0.65,0.05 18.6263
0.9,0.65,0.1 143.5
0.9,0.65,0.15 66.7331
0.9,0.65,0.2 0.371878
0.9,0.7,0.05 40.6799
0.9,0.7,0.1 314.378
0.9,0.7,0.15 146.466
0.9,0.7,0.2 0.818861
0.9,0.75,0 3.89154e-12
0.9,0.75,0.05 5.42745
0.9,0.75,0.1 41.9256
0.9,0.75,0.15 19.5286
0.9,0.75,0.2 0.109157
0.9,0.75,0.25 1.03895
0.9,0.75,0.3 4.52889
0.9,0.75,0.35 1.23372
0.9,0.75,0.4 2.664e-05
0.9,0.8,0 1.77788e-10
0.9,0.8,0.05 0.264699
0.9,0.8,0.1 1.05602
0.9,0.8,0.15 0.263311
0.9,0.8,0.25 46.6246
0.9,0.8,0.3 203.241
0.9,0.8,0.35 55.3651
0.9,0.8,0.4 0.124166
0.9,0.8,0.45 33.1156
0.9,0.8,0.5 77.688
0.9,0.8,0.55 11.1275
0.9,0.85,0 2.47575e-10
0.9,0.85,0.05 0.368602
0.9,0.85,0.1 1.47053
0.9,0.85,0.15 0.366668
0.9,0.85,0.25 64.4435
0.9,0.85,0.3 280.916
0.9,0.85,0.35 76.5245
0.9,0.85,0.4 0.554631
0.9,0.85,0.45 148.915
0.9,0.85,0.5 349.35
0.9,0.85,0.55 50.0385
0.9,0.9,0 1.83305e-11
0.9,0.9,0.05 0.0272913
0.9,0.9,0.1 0.108879
0.9,0.9,0.15 0.0271482
0.9,0.9,0.25 4.72018
0.9,0.9,0.3 20.5757
0.9,0.9,0.35 5.60505
0.9,0.9,0.4 0.15549
0.9,0.9,0.45 41.8405
0.9,0.9,0.5 98.1564
0.9,0.9,0.55 14.0592
0.9,0.95,0.4 8.21408e-06
0.9,0.95,0.45 0.00221203
0.9,0.95,0.5 0.00518934
0.9,0.95,0.55 0.000743284
0.95,0.05,0.35 0.00268048
0.95,0.05,0.4 0.0271204
0.95,0.05,0.45 0.0157519
0.95,0.05,0.5 0.000194197
0.95,0.1,0.35 0.027785
0.95,0.1,0.4 0.281121
0.95,0.1,0.45 0.163279
0.95,0.1,0.5 0.00201298
0.95,0.15,0.35 0.0164431
0.95,0.15,0.4 0.166367
0.95,0.15,0.45 0.0966284
0.95,0.15,0.5 0.00119128
0.95,0.2,0.35 0.000214528
0.95,0.2,0.4 0.00217053
0.95,0.2,0.45 0.00126068
0.95,0.2,0.5 1.55422e-05
0.95,0.4,0.05 0.00824805
0.95,0.4,0.1 0.0515675
0.95,0.4,0.15 0.0198896
0.95,0.4,0.2 4.22545e-05
0.95,0.4,0.8 0.450792
0.95,0.4,0.85 3.90523
0.95,0.4,0.9 2.00304
0.95,0.4,0.95 0.0163244
0.95,0.45,0.05 2.49189
0.95,0.45,0.1 15.5795
0.95,0.45,0.15 6.00902
0.95,0.45,0.2 0.0127659
0.95,0.45,0.8 3.40421
0.95,0.45,0.85 29.4908
0.95,0.45,0.9 15.1262
0.95,0.45,0.95 0.123276
0.95,0.5,0.05 5.97864
0.95,0.5,0.1 37.379
0.95,0.5,0.15 14.4171
0.95,0.5,0.2 0.0306284
0.95,0.5,0.8 1.55464
0.95,0.5,0.85 13.468
0.95,0.5,0.9 6.90787
0.95,0.5,0.95 0.056298
0.95,0.55,0.05 0.878128
0.95,0.55,0.1 5.49013
0.95,0.55,0.15 2.11755
0.95,0.55,0.2 0.00449862
0.95,0.55,0.8 0.00797358
0.95,0.55,0.85 0.0690756
0.95,0.55,0.9 0.0354297
0.95,0.55,0.95 0.000288745
0.95,0.6,0.05 0.00754692
0.95,0.6,0.1 0.0583281
0.95,0.6,0.15 0.0271758
0.95,0.6,0.2 0.000151947
0.95,0.65,0.05 1.50936
0.95,0.65,0.1 11.6654
0.95,0.65,0.15 5.43506
0.95,0.65,0.2 0.0303889
0.95,0.7,0.05 3.32415
0.95,0.7,0.1 25.6914
0.95,0.7,0.15 11.9699
0.95,0.7,0.2 0.066927
0.95,0.75,0.05 0.443123
0.95,0.75,0.1 3.42478
0.95,0.75,0.15 1.59564
0.95,0.75,0.2 0.00892166
0.95,0.75,0.25 0.0716529
0.95,0.75,0.3 0.312342
0.95,0.75,0.35 0.0850853
0.95,0.75,0.4 1.83727e-06
0.95,0.8,0.25 3.21554
0.95,0.8,0.3 14.0169
0.95,0.8,0.35 3.81834
0.95,0.8,0.4 0.0116234
0.95,0.8,0.45 3.10795
0.95,0.8,0.5 7.29114
0.95,0.8,0.55 1.04433
0.95,0.85,0.25 4.44445
0.95,0.85,0.3 19.3738
0.95,0.85,0.35 5.27764
0.95,0.85,0.4 0.0520119
0.95,0.85,0.45 13.976
0.95,0.85,0.5 32.7871
0.95,0.85,0.55 4.69619
0.95,0.9,0.25 0.325535
0.95,0.9,0.3 1.41904
0.95,0.9,0.35 0.386562
0.95,0.9,0.4 0.01459
0.95,0.9,0.45 3.9268
0.95,0.9,0.5 9.21213
0.95,0.9,0.55 1.31948
0.95,0.95,0.4 7.70905e-07
0.95,0.95,0.45 0.000207602
0.95,0.95,0.5 0.000487027
0.95,0.95,0.55 6.97584e-05
