0.45,0.4,0.45 0.000337805
0.45,0.4,0.5 0.00143337
0.45,0.4,0.55 0.000380116
0.45,0.4,0.6 2.72869e-09
0.45,0.45,0.45 0.137683
0.45,0.45,0.5 0.584217
0.45,0.45,0.55 0.154928
0.45,0.45,0.6 1.11216e-06
0.45,0.5,0.45 0.348609
0.45,0.5,0.5 1.47922
0.45,0.5,0.55 0.392272
0.45,0.5,0.6 2.81596e-06
0.45,0.55,0.45 0.054338
0.45,0.55,0.5 0.230567
0.45,0.55,0.55 0.0611439
0.45,0.55,0.6 4.38926e-07
0.5,0.35,0.45 0.000367395
0.5,0.35,0.5 0.0054197
0.5,0.35,0.55 0.00413275
0.5,0.35,0.6 0.000104061
0.5,0.4,0.45 0.0452756
0.5,0.4,0.5 0.214613
0.5,0.4,0.55 0.0726186
0.5,0.4,0.6 0.000610784
0.5,0.4,0.65 4.09681e-07
0.5,0.45,0.45 17.5458
0.5,0.45,0.5 74.4586
0.5,0.45,0.55 19.7515
0.5,0.45,0.6 0.000683594
0.5,0.45,0.65 3.33113e-05
0.5,0.45,0.7 9.08367e-07
0.5,0.45,0.75 7.58522e-11
0.5,0.5,0.45 44.4208
0.5,0.5,0.5 188.487
0.5,0.5,0.55 49.985
0.5,0.5,0.6 0.00134512
0.5,0.5,0.65 0.0021056
0.5,0.5,0.7 0.000589167
0.5,0.5,0.75 4.91978e-08
0.5,0.55,0.45 6.92384
0.5,0.55,0.5 29.3818
0.5,0.55,0.55 7.79491
0.5,0.55,0.6 0.0020837
0.5,0.55,0.65 0.00567847
0.5,0.55,0.7 0.00160291
0.5,0.55,0.75 1.33849e-07
0.5,0.6,0.45 0.00300741
0.5,0.6,0.5 0.132671
0.5,0.6,0.55 0.186468
0.5,0.6,0.6 0.0249115
0.5,0.6,0.65 0.00281969
0.5,0.6,0.7 0.000270026
0.5,0.6,0.75 2.25483e-08
0.5,0.65,0.45 0.00444429
0.5,0.65,0.5 0.196559
0.5,0.65,0.55 0.274348
0.5,0.65,0.6 0.0310803
0.5,0.65,0.65 0.00187537
0.5,0.7,0.45 0.000360179
0.5,0.7,0.5 0.01593
0.5,0.7,0.55 0.0220714
0.5,0.7,0.6 0.00208661
0.5,0.7,0.65 8.13571e-05
0.55,0.25,0.4 0.774443
0.55,0.25,0.45 4.051
0.55,0.25,0.5 1.86635
0.55,0.25,0.55 5.8972
0.55,0.25,0.6 6.54486
0.55,0.25,0.65 0.362576
0.55,0.3,0.35 4.17608e-06
0.55,0.3,0.4 8.90274
0.55,0.3,0.45 47.0669
0.55,0.3,0.5 26.5071
0.55,0.3,0.55 63.5219
0.55,0.3,0.6 66.8296
0.55,0.3,0.65 3.70005
0.55,0.35,0.3 0.0834406
0.55,0.35,0.35 2.83217
0.55,0.35,0.4 18.821
0.55,0.35,0.45 63.6888
0.55,0.35,0.5 44.9322
0.55,0.35,0.55 56.4853
0.55,0.35,0.6 48.2655
0.55,0.35,0.65 10.1634
0.55,0.35,0.7 1.82343
0.55,0.35,0.75 1.28232e-06
0.55,0.4,0.25 7.12757e-06
0.55,0.4,0.3 0.603875
0.55,0.4,0.35 13.4377
0.55,0.4,0.4 41.3536
0.55,0.4,0.45 94.3378
0.55,0.4,0.5 126.523
0.55,0.4,0.55 101.667
0.55,0.4,0.6 62.7138
0.55,0.4,0.65 68.9678
0.55,0.4,0.7 16.5924
0.55,0.4,0.75 0.00713962
0.55,0.45,0.25 0.000281672
0.55,0.45,0.3 9.30144
0.55,0.45,0.35 36.9077
0.55,0.45,0.4 21.5255
0.55,0.45,0.45 87.2826
0.55,0.45,0.5 283.536
0.55,0.45,0.55 132.045
0.55,0.45,0.6 80.263
0.55,0.45,0.65 72.4865
0.55,0.45,0.7 27.0133
0.55,0.45,0.75 0.208664
0.55,0.5,0.25 0.000368579
0.55,0.5,0.3 12.1614
0.55,0.5,0.35 46.2313
0.55,0.5,0.4 31.5586
0.55,0.5,0.45 163.359
0.55,0.5,0.5 463.928
0.55,0.5,0.55 180.989
0.55,0.5,0.6 115.764
0.55,0.5,0.65 91.3484
0.55,0.5,0.7 33.3242
0.55,0.5,0.75 0.238002
0.55,0.55,0.25 2.49038e-05
0.55,0.55,0.3 1.88738
0.55,0.55,0.35 24.4207
0.55,0.55,0.4 33.1357
0.55,0.55,0.45 71.032
0.55,0.55,0.5 146.138
0.55,0.55,0.55 108.109
0.55,0.55,0.6 111.118
0.55,0.55,0.65 131.59
0.55,0.55,0.7 33.6952
0.55,0.55,0.75 0.015544
0.55,0.6,0.3 0.54683
0.55,0.6,0.35 10.9729
0.55,0.6,0.4 27.0771
0.55,0.6,0.45 49.2618
0.55,0.6,0.5 110.905
0.55,0.6,0.55 155.647
0.55,0.6,0.6 115.395
0.55,0.6,0.65 36.9223
0.55,0.6,0.7 5.48217
0.55,0.6,0.75 0.000457783
0.55,0.65,0.3 0.00433674
0.55,0.65,0.35 0.144089
0.55,0.65,0.4 18.9058
0.55,0.65,0.45 47.7511
0.55,0.65,0.5 88.9447
0.55,0.65,0.55 144.484
0.55,0.65,0.6 93.3993
0.55,0.65,0.65 13.933
0.55,0.7,0.35 0.00350466
0.55,0.7,0.4 1.14868
0.55,0.7,0.45 2.94706
0.55,0.7,0.5 6.9938
0.55,0.7,0.55 10.429
0.55,0.7,0.6 4.35528
0.55,0.7,0.65 0.604438
0.6,0.15,0.5 1.05988e-08
0.6,0.15,0.55 0.00139411
0.6,0.15,0.6 0.00525092
0.6,0.15,0.65 0.00123605
0.6,0.2,0.35 0.00232228
0.6,0.2,0.4 0.0883781
0.6,0.2,0.45 0.296811
0.6,0.2,0.5 0.497068
0.6,0.2,0.55 1.4088
0.6,0.2,0.6 5.00235
0.6,0.2,0.65 1.17754
0.6,0.25,0.3 0.198238
0.6,0.25,0.35 0.929527
0.6,0.25,0.4 6.84206
0.6,0.25,0.45 33.4499
0.6,0.25,0.5 23.8311
0.6,0.25,0.55 34.0703
0.6,0.25,0.6 42.9068
0.6,0.25,0.65 5.26552
0.6,0.25,0.7 0.453584
0.6,0.25,0.75 0.0339739
0.6,0.3,0.3 3.60931
0.6,0.3,0.35 16.5194
0.6,0.3,0.4 73.9373
0.6,0.3,0.45 381.831
0.6,0.3,0.5 345.233
0.6,0.3,0.55 371.932
0.6,0.3,0.6 295.683
0.6,0.3,0.65 31.1085
0.6,0.3,0.7 20.2775
0.6,0.3,0.75 1.51949
0.6,0.35,0.2 0.0126576
0.6,0.35,0.25 0.575289
0.6,0.35,0.3 5.57714
0.6,0.35,0.35 63.59
0.6,0.35,0.4 159.077
0.6,0.35,0.45 429.875
0.6,0.35,0.5 392.911
0.6,0.35,0.55 343.427
0.6,0.35,0.6 241.826
0.6,0.35,0.65 81.7517
0.6,0.35,0.7 43.4442
0.6,0.35,0.75 2.82838
0.6,0.35,0.8 0.0579527
0.6,0.4,0.2 0.213673
0.6,0.4,0.25 9.71074
0.6,0.4,0.3 22.0424
0.6,0.4,0.35 222.592
0.6,0.4,0.4 392.344
0.6,0.4,0.45 463.009
0.6,0.4,0.5 490.652
0.6,0.4,0.55 484.242
0.6,0.4,0.6 467.762
0.6,0.4,0.65 435.528
0.6,0.4,0.7 114.853
0.6,0.4,0.75 7.31503
0.6,0.4,0.8 1.19327
0.6,0.45,0.2 0.182689
0.6,0.45,0.25 8.14748
0.6,0.45,0.3 81.1331
0.6,0.45,0.35 306.362
0.6,0.45,0.4 202.313
0.6,0.45,0.45 308.989
0.6,0.45,0.5 578.505
0.6,0.45,0.55 420.931
0.6,0.45,0.6 424.773
0.6,0.45,0.65 488.003
0.6,0.45,0.7 208.627
0.6,0.45,0.75 29.7493
0.6,0.45,0.8 2.93754
0.6,0.5,0.2 0.255024
0.6,0.5,0.25 2.5392
0.6,0.5,0.3 94.2256
0.6,0.5,0.35 356.759
0.6,0.5,0.4 278.594
0.6,0.5,0.45 602.92
0.6,0.5,0.5 468.332
0.6,0.5,0.55 368.415
0.6,0.5,0.6 524.928
0.6,0.5,0.65 494.941
0.6,0.5,0.7 234.389
0.6,0.5,0.75 48.8136
0.6,0.5,0.8 4.06394
0.6,0.55,0.2 0.521402
0.6,0.55,0.25 4.69671
0.6,0.55,0.3 22.1161
0.6,0.55,0.35 277.963
0.6,0.55,0.4 356.507
0.6,0.55,0.45 487.527
0.6,0.55,0.5 447.259
0.6,0.55,0.55 432.227
0.6,0.55,0.6 568.769
0.6,0.55,0.65 518.961
0.6,0.55,0.7 178.395
0.6,0.55,0.75 68.2326
0.6,0.55,0.8 5.99024
0.6,0.6,0.2 0.0673426
0.6,0.6,0.25 0.605664
0.6,0.6,0.3 14.422
0.6,0.6,0.35 168.97
0.6,0.6,0.4 252.278
0.6,0.6,0.45 337.955
0.6,0.6,0.5 410.667
0.6,0.6,0.55 520.118
0.6,0.6,0.6 447.656
0.6,0.6,0.65 147.848
0.6,0.6,0.7 34.5176
0.6,0.6,0.75 11.0799
0.6,0.6,0.8 0.945962
0.6,0.65,0.3 8.81842
0.6,0.65,0.35 45.8947
0.6,0.65,0.4 145.121
0.6,0.65,0.45 322.235
0.6,0.65,0.5 274.808
0.6,0.65,0.55 416.764
0.6,0.65,0.6 335.738
0.6,0.65,0.65 75.6264
0.6,0.65,0.7 23.7755
0.6,0.65,0.75 1.01579
0.6,0.7,0.3 0.483173
0.6,0.7,0.35 2.50544
0.6,0.7,0.4 30.016
0.6,0.7,0.45 80.9646
0.6,0.7,0.5 34.6431
0.6,0.7,0.55 57.2978
0.6,0.7,0.6 42.4268
0.6,0.7,0.65 11.4247
0.6,0.7,0.7 7.94149
0.6,0.7,0.75 0.339267
0.6,0.75,0.35 0.0102343
0.6,0.75,0.4 10.7416
0.6,0.75,0.45 31.2728
0.6,0.75,0.5 6.40594
0.6,0.75,0.55 6.42235
0.6,0.75,0.6 5.93273
0.6,0.75,0.65 0.234054
0.6,0.75,0.7 0.00557923
0.6,0.75,0.75 0.000238349
0.6,0.8,0.35 8.5687e-05
0.6,0.8,0.4 0.0899541
0.6,0.8,0.45 0.260807
0.6,0.8,0.5 0.048052
0.6,0.8,0.55 0.000208292
0.65,0.15,0.3 0.0264434
0.65,0.15,0.35 0.279123
0.65,0.15,0.4 0.168144
0.65,0.15,0.45 0.077505
0.65,0.15,0.5 0.565548
0.65,0.15,0.55 0.291016
0.65,0.15,0.6 0.112054
0.65,0.15,0.65 0.0260426
0.65,0.15,0.7 3.85185e-08
0.65,0.15,0.75 1.05243e-09
0.65,0.2,0.3 0.934363
0.65,0.2,0.35 10.1533
0.65,0.2,0.4 17.0248
0.65,0.2,0.45 31.5067
0.65,0.2,0.5 55.6209
0.65,0.2,0.55 41.2092
0.65,0.2,0.6 105.926
0.65,0.2,0.65 25.242
0.65,0.2,0.7 0.222116
0.65,0.2,0.75 0.00606712
0.65,0.25,0.2 1.45109e-05
0.65,0.25,0.25 0.00151376
0.65,0.25,0.3 4.23455
0.65,0.25,0.35 29.1922
0.65,0.25,0.4 123.942
0.65,0.25,0.45 247.68
0.65,0.25,0.5 279.613
0.65,0.25,0.55 156.088
0.65,0.25,0.6 329.395
0.65,0.25,0.65 77.4093
0.65,0.25,0.7 6.45606
0.65,0.25,0.75 3.38585
0.65,0.25,0.8 0.535451
0.65,0.3,0.2 6.63291e-05
0.65,0.3,0.25 0.00691936
0.65,0.3,0.3 56.0992
0.65,0.3,0.35 258.838
0.65,0.3,0.4 207.905
0.65,0.3,0.45 548.71
0.65,0.3,0.5 678.783
0.65,0.3,0.55 441.418
0.65,0.3,0.6 320.122
0.65,0.3,0.65 163.027
0.65,0.3,0.7 201.705
0.65,0.3,0.75 40.733
0.65,0.3,0.8 4.66206
0.65,0.35,0.2 0.201793
0.65,0.35,0.25 9.27798
0.65,0.35,0.3 76.488
0.65,0.35,0.35 362.767
0.65,0.35,0.4 318.542
0.65,0.35,0.45 606.777
0.65,0.35,0.5 531.188
0.65,0.35,0.55 357.708
0.65,0.35,0.6 233.865
0.65,0.35,0.65 295.231
0.65,0.35,0.7 394.576
0.65,0.35,0.75 57.2033
0.65,0.35,0.8 4.90076
0.65,0.4,0.2 3.43486
0.65,0.4,0.25 155.638
0.65,0.4,0.3 254.48
0.65,0.4,0.35 428.426
0.65,0.4,0.4 575.764
0.65,0.4,0.45 416.573
0.65,0.4,0.5 415.811
0.65,0.4,0.55 551.009
0.65,0.4,0.6 504.477
0.65,0.4,0.65 411.03
0.65,0.4,0.7 397.62
0.65,0.4,0.75 240.6
0.65,0.4,0.8 45.9651
0.65,0.4,0.85 1.07051e-06
0.65,0.45,0.2 6.84385
0.65,0.45,0.25 184.072
0.65,0.45,0.3 281.066
0.65,0.45,0.35 268.446
0.65,0.45,0.4 295.952
0.65,0.45,0.45 421.942
0.65,0.45,0.5 668.806
0.65,0.45,0.55 513.819
0.65,0.45,0.6 417.067
0.65,0.45,0.65 490.821
0.65,0.45,0.7 417.074
0.65,0.45,0.75 426.485
0.65,0.45,0.8 61.1779
0.65,0.45,0.85 0.000171573
0.65,0.5,0.2 19.0305
0.65,0.5,0.25 212.609
0.65,0.5,0.3 288.142
0.65,0.5,0.35 444.406
0.65,0.5,0.4 401.108
0.65,0.5,0.45 663.976
0.65,0.5,0.5 541.74
0.65,0.5,0.55 517.317
0.65,0.5,0.6 540.586
0.65,0.5,0.65 485.453
0.65,0.5,0.7 461.225
0.65,0.5,0.75 378.481
0.65,0.5,0.8 35.2443
0.65,0.5,0.85 0.000358636
0.65,0.55,0.2 24.6304
0.65,0.55,0.25 226.746
0.65,0.55,0.3 173.02
0.65,0.55,0.35 426.818
0.65,0.55,0.4 620.34
0.65,0.55,0.45 490.187
0.65,0.55,0.5 519.543
0.65,0.55,0.55 570.356
0.65,0.55,0.6 520.405
0.65,0.55,0.65 368.516
0.65,0.55,0.7 523.081
0.65,0.55,0.75 395.946
0.65,0.55,0.8 35.3877
0.65,0.55,0.85 4.49888e-05
0.65,0.6,0.2 3.06434
0.65,0.6,0.25 28.0379
0.65,0.6,0.3 78.8637
0.65,0.6,0.35 483.495
0.65,0.6,0.4 461.072
0.65,0.6,0.45 302.27
0.65,0.6,0.5 456.455
0.65,0.6,0.55 432.71
0.65,0.6,0.6 402.03
0.65,0.6,0.65 205.43
0.65,0.6,0.7 181.908
0.65,0.6,0.75 74.0818
0.65,0.6,0.8 6.27527
0.65,0.65,0.2 1.08181e-05
0.65,0.65,0.25 0.0126442
0.65,0.65,0.3 61.4413
0.65,0.65,0.35 322.101
0.65,0.65,0.4 314.909
0.65,0.65,0.45 416.585
0.65,0.65,0.5 406.976
0.65,0.65,0.55 381.791
0.65,0.65,0.6 433.83
0.65,0.65,0.65 345.093
0.65,0.65,0.7 276.943
0.65,0.65,0.75 38.6739
0.65,0.65,0.8 2.6901
0.65,0.7,0.2 4.96153e-07
0.65,0.7,0.25 5.41841e-06
0.65,0.7,0.3 3.43394
0.65,0.7,0.35 19.6112
0.65,0.7,0.4 179.546
0.65,0.7,0.45 507.063
0.65,0.7,0.5 297.179
0.65,0.7,0.55 335.944
0.65,0.7,0.6 292.612
0.65,0.7,0.65 106.299
0.65,0.7,0.7 95.4818
0.65,0.7,0.75 12.9283
0.65,0.7,0.8 0.876976
