0,0.5,0.2 3.19158e-14
0,0.5,0.25 3.32003e-13
0,0.5,0.3 1.97015e-13
0,0.5,0.35 2.59138e-15
0,0.55,0.2 9.29753e-13
0,0.55,0.25 9.67173e-12
0,0.55,0.3 5.73934e-12
0,0.55,0.35 7.54905e-14
0,0.6,0.2 1.05353e-12
0,0.6,0.25 1.09593e-11
0,0.6,0.3 6.50339e-12
0,0.6,0.35 8.55402e-14
0,0.65,0.15 4.77857e-11
0,0.65,0.2 3.71322e-10
0,0.65,0.25 1.74349e-10
0,0.65,0.3 1.34076e-12
0,0.65,0.35 4.61116e-15
0,0.7,0.15 6.06137e-10
0,0.7,0.2 4.70931e-09
0,0.7,0.25 2.20403e-09
0,0.7,0.3 1.256e-11
0,0.75,0.15 4.16522e-10
0,0.75,0.2 3.23611e-09
0,0.75,0.25 1.51455e-09
0,0.75,0.3 8.6309e-12
0,0.8,0.15 8.1813e-12
0,0.8,0.2 6.35636e-11
0,0.8,0.25 2.97488e-11
0,0.8,0.3 1.69528e-13
0.05,0.1,0.05 0.283659
0.05,0.1,0.1 9.24294
0.05,0.1,0.15 11.0671
0.05,0.1,0.2 0.654609
0.05,0.1,0.25 0.000356095
0.05,0.15,0 1.83915e-16
0.05,0.15,0.05 1.57992
0.05,0.15,0.1 51.4826
0.05,0.15,0.15 63.8251
0.05,0.15,0.2 8.53273
0.05,0.15,0.25 0.665729
0.05,0.15,0.3 0.0604283
0.05,0.15,0.35 0.111172
0.05,0.15,0.4 0.0128433
0.05,0.2,0 6.19752e-15
0.05,0.2,0.05 0.578485
0.05,0.2,0.1 17.9711
0.05,0.2,0.15 28.1663
0.05,0.2,0.2 17.0841
0.05,0.2,0.25 15.9602
0.05,0.2,0.3 16.4695
0.05,0.2,0.35 6.83387
0.05,0.2,0.4 0.729468
0.05,0.25,0 5.6899e-14
0.05,0.25,0.05 0.367129
0.05,0.25,0.1 1.49238
0.05,0.25,0.15 2.76764
0.05,0.25,0.2 7.74003
0.05,0.25,0.25 46.0339
0.05,0.25,0.3 47.9927
0.05,0.25,0.35 11.2927
0.05,0.25,0.4 1.10764
0.05,0.3,0 3.84023e-14
0.05,0.3,0.05 0.250637
0.05,0.3,0.1 1.0054
0.05,0.3,0.15 1.40585
0.05,0.3,0.2 3.32828
0.05,0.3,0.25 9.62574
0.05,0.3,0.3 9.16079
0.05,0.3,0.35 1.14959
0.05,0.3,0.4 0.0926381
0.05,0.35,0 2.9298e-10
0.05,0.35,0.05 1.34787
0.05,0.35,0.1 5.38194
0.05,0.35,0.15 1.39916
0.05,0.35,0.2 0.140632
0.05,0.35,0.25 0.0216674
0.05,0.4,0 1.17859e-09
0.05,0.4,0.05 5.4024
0.05,0.4,0.1 21.5737
0.05,0.4,0.15 5.49654
0.05,0.4,0.2 0.251394
0.05,0.4,0.25 0.0504707
0.05,0.4,0.3 1.25205e-07
0.05,0.45,0 2.96394e-10
0.05,0.45,0.05 1.40132
0.05,0.45,0.1 5.65123
0.05,0.45,0.15 15.9838
0.05,0.45,0.2 56.9177
0.05,0.45,0.25 14.5927
0.05,0.45,0.3 0.00671508
0.05,0.45,0.35 0.000525964
0.05,0.45,0.4 0.000207788
0.05,0.45,0.45 4.3747e-06
0.05,0.5,0 1.42835e-12
0.05,0.5,0.05 0.876939
0.05,0.5,0.1 3.5548
0.05,0.5,0.15 34.8159
0.05,0.5,0.2 138.643
0.05,0.5,0.25 39.8201
0.05,0.5,0.3 2.85622
0.05,0.5,0.35 0.0767782
0.05,0.5,0.4 0.00320333
0.05,0.5,0.45 6.74356e-05
0.05,0.55,0 1.33311e-12
0.05,0.55,0.05 0.818467
0.05,0.55,0.1 3.2743
0.05,0.55,0.15 6.35826
0.05,0.55,0.2 31.478
0.05,0.55,0.25 73.8876
0.05,0.55,0.3 40.6188
0.05,0.55,0.35 0.665402
0.05,0.55,0.4 0.00262601
0.05,0.55,0.45 5.29421e-05
0.05,0.6,0 5.10195e-14
0.05,0.6,0.05 0.0313236
0.05,0.6,0.1 0.12525
0.05,0.6,0.15 0.776991
0.05,0.6,0.2 13.3834
0.05,0.6,0.25 74.4918
0.05,0.6,0.3 45.8414
0.05,0.6,0.35 4.37943
0.05,0.6,0.4 0.199306
0.05,0.6,0.45 1.42271e-06
0.05,0.65,0.15 0.901201
0.05,0.65,0.2 7.43423
0.05,0.65,0.25 7.55526
0.05,0.65,0.3 14.5055
0.05,0.65,0.35 13.8649
0.05,0.65,0.4 0.745425
0.05,0.7,0.15 10.6262
0.05,0.7,0.2 82.559
0.05,0.7,0.25 38.7368
0.05,0.7,0.3 3.07356
0.05,0.7,0.35 3.2348
0.05,0.7,0.4 0.174515
0.05,0.75,0.15 7.30205
0.05,0.75,0.2 56.7324
0.05,0.75,0.25 26.5516
0.05,0.75,0.3 0.151308
0.05,0.8,0.15 0.143427
0.05,0.8,0.2 1.11434
0.05,0.8,0.25 0.521526
0.05,0.8,0.3 0.002972
0.1,0,0.1 2.01027e-19
0.1,0,0.15 6.84176e-17
0.1,0,0.2 2.02121e-14
0.1,0,0.25 1.40043e-13
0.1,0,0.3 5.97136e-14
0.1,0,0.35 2.22277e-16
0.1,0.05,0.1 2.64753e-06
0.1,0.05,0.15 0.000901064
0.1,0.05,0.2 0.275795
0.1,0.05,0.25 1.91144
0.1,0.05,0.3 0.81503
0.1,0.05,0.35 0.00303385
0.1,0.1,0.05 1.46027
0.1,0.1,0.1 47.5825
0.1,0.1,0.15 57.0069
0.1,0.1,0.2 4.80348
0.1,0.1,0.25 7.96339
0.1,0.1,0.3 3.36172
0.1,0.1,0.35 0.033991
0.1,0.15,0 1.61724e-12
0.1,0.15,0.05 10.923
0.1,0.15,0.1 276.34
0.1,0.15,0.15 363.779
0.1,0.15,0.2 120.503
0.1,0.15,0.25 20.8349
0.1,0.15,0.3 7.4825
0.1,0.15,0.35 3.93314
0.1,0.15,0.4 0.311581
0.1,0.2,0 1.6235e-11
0.1,0.2,0.05 33.2725
0.1,0.2,0.1 214.161
0.1,0.2,0.15 281.439
0.1,0.2,0.2 329.572
0.1,0.2,0.25 141.944
0.1,0.2,0.3 173.955
0.1,0.2,0.35 158.317
0.1,0.2,0.4 17.697
0.1,0.25,0 1.52925e-11
0.1,0.25,0.05 57.3657
0.1,0.25,0.1 229.8
0.1,0.25,0.15 149.444
0.1,0.25,0.2 237.492
0.1,0.25,0.25 338.753
0.1,0.25,0.3 406.09
0.1,0.25,0.35 243.711
0.1,0.25,0.4 26.8715
0.1,0.3,0 4.52776e-12
0.1,0.3,0.05 29.4396
0.1,0.3,0.1 117.914
0.1,0.3,0.15 96.2887
0.1,0.3,0.2 170.551
0.1,0.3,0.25 88.0582
0.1,0.3,0.3 68.3297
0.1,0.3,0.35 21.7163
0.1,0.3,0.4 2.24742
0.1,0.35,0 4.53774e-09
0.1,0.35,0.05 21.5211
0.1,0.35,0.1 85.9423
0.1,0.35,0.15 24.6918
0.1,0.35,0.2 8.13201
0.1,0.35,0.25 1.25291
0.1,0.4,0 1.82539e-08
0.1,0.4,0.05 83.6724
0.1,0.4,0.1 334.41
0.1,0.4,0.15 90.4636
0.1,0.4,0.2 7.86957
0.1,0.4,0.25 0.620179
0.1,0.4,0.3 0.000127926
0.1,0.45,0 4.6136e-09
0.1,0.45,0.05 24.2881
0.1,0.45,0.1 102.569
0.1,0.45,0.15 221.118
0.1,0.45,0.2 438.867
0.1,0.45,0.25 89.6509
0.1,0.45,0.3 0.732419
0.1,0.45,0.35 5.10485
0.1,0.45,0.4 3.60027
0.1,0.45,0.45 0.075799
0.1,0.5,0 1.56009e-10
0.1,0.5,0.05 49.0986
0.1,0.5,0.1 201.711
0.1,0.5,0.15 363.114
0.1,0.5,0.2 906.886
0.1,0.5,0.25 295.555
0.1,0.5,0.3 83.2897
0.1,0.5,0.35 83.4295
0.1,0.5,0.4 55.748
0.1,0.5,0.45 1.16892
0.1,0.55,0 8.91094e-11
0.1,0.55,0.05 42.9733
0.1,0.55,0.1 173.46
0.1,0.55,0.15 144.3
0.1,0.55,0.2 363.533
0.1,0.55,0.25 555.396
0.1,0.55,0.3 411.595
0.1,0.55,0.35 152.626
0.1,0.55,0.4 50.0356
0.1,0.55,0.45 0.919273
0.1,0.6,0 2.61038e-12
0.1,0.6,0.05 2.14702
0.1,0.6,0.1 12.3596
0.1,0.6,0.15 35.4897
0.1,0.6,0.2 251.71
0.1,0.6,0.25 451.776
0.1,0.6,0.3 434.794
0.1,0.6,0.35 191.778
0.1,0.6,0.4 11.6952
0.1,0.6,0.45 0.0251493
0.1,0.65,0.05 0.515118
0.1,0.65,0.1 12.1846
0.1,0.65,0.15 26.9538
0.1,0.65,0.2 57.4443
0.1,0.65,0.25 55.4953
0.1,0.65,0.3 255.128
0.1,0.65,0.35 257.738
0.1,0.65,0.4 13.5993
0.1,0.65,0.45 7.84565e-11
0.1,0.7,0.05 0.16774
0.1,0.7,0.1 22.9565
0.1,0.7,0.15 102.422
0.1,0.7,0.2 371.294
0.1,0.7,0.25 193.557
0.1,0.7,0.3 74.1489
0.1,0.7,0.35 58.4357
0.1,0.7,0.4 3.10051
0.1,0.75,0.05 0.0301043
0.1,0.75,0.1 4.59931
0.1,0.75,0.15 45.865
0.1,0.75,0.2 242.554
0.1,0.75,0.25 119.602
0.1,0.75,0.3 7.70917
0.1,0.75,0.35 0.185627
0.1,0.8,0.1 0.090507
0.1,0.8,0.15 4.71315
0.1,0.8,0.2 10.4272
0.1,0.8,0.25 2.90901
0.1,0.8,0.3 0.0650442
0.1,0.8,0.35 0.000127505
0.1,0.85,0.1 0.00307273
0.1,0.85,0.15 0.141503
0.1,0.85,0.2 0.286859
0.1,0.85,0.25 0.176189
0.1,0.85,0.3 0.0165956
0.1,0.9,0.15 4.37336e-06
0.1,0.9,0.2 0.000388947
0.1,0.9,0.25 0.00068973
0.1,0.9,0.3 7.07906e-05
0.15,0,0.1 2.5992e-15
0.15,0,0.15 8.84613e-13
0.15,0,0.2 2.8455e-12
0.15,0,0.25 5.0451e-12
0.15,0,0.3 2.01227e-12
0.15,0,0.35 7.49043e-15
0.15,0.05,0 3.77742e-13
0.15,0.05,0.05 0.00767793
0.15,0.05,0.1 0.0649096
0.15,0.05,0.15 11.6581
0.15,0.05,0.2 38.1171
0.15,0.05,0.25 70.1046
0.15,0.05,0.3 27.8506
0.15,0.05,0.35 0.102248
0.15,0.1,0 2.55832e-10
0.15,0.1,0.05 5.66856
0.15,0.1,0.1 36.1823
0.15,0.1,0.15 70.5305
0.15,0.1,0.2 164.353
0.15,0.1,0.25 294.421
0.15,0.1,0.3 115.521
0.15,0.1,0.35 1.08098
0.15,0.15,0 7.0896e-10
0.15,0.15,0.05 26.5845
0.15,0.15,0.1 181.127
0.15,0.15,0.15 198.242
0.15,0.15,0.2 322.585
0.15,0.15,0.25 285.014
0.15,0.15,0.3 200.884
0.15,0.15,0.35 42.8301
0.15,0.15,0.4 0.320848
0.15,0.2,0 2.0535e-10
0.15,0.2,0.05 105.028
0.15,0.2,0.1 446.931
0.15,0.2,0.15 401.571
0.15,0.2,0.2 718.679
0.15,0.2,0.25 377.878
0.15,0.2,0.3 430.137
0.15,0.2,0.35 224.754
0.15,0.2,0.4 18.2233
0.15,0.25,0 6.20458e-11
0.15,0.25,0.05 149.867
0.15,0.25,0.1 600.058
0.15,0.25,0.15 343.684
0.15,0.25,0.2 497.531
0.15,0.25,0.25 457.535
0.15,0.25,0.3 415.594
0.15,0.25,0.35 252.657
0.15,0.25,0.4 27.6707
0.15,0.3,0 1.0722e-11
0.15,0.3,0.05 110.086
0.15,0.3,0.1 440.563
0.15,0.3,0.15 213.542
0.15,0.3,0.2 266.506
0.15,0.3,0.25 125.403
0.15,0.3,0.3 68.9553
0.15,0.3,0.35 21.4042
0.15,0.3,0.4 2.31426
0.15,0.35,0 3.57402e-09
0.15,0.35,0.05 35.8042
0.15,0.35,0.1 143.107
0.15,0.35,0.15 40.7363
0.15,0.35,0.2 12.5251
0.15,0.35,0.25 1.93827
0.15,0.35,0.3 2.31839e-08
0.15,0.4,0 1.43752e-08
0.15,0.4,0.05 65.9307
0.15,0.4,0.1 270.852
0.15,0.4,0.15 110.447
0.15,0.4,0.2 23.6919
0.15,0.4,0.25 0.87151
0.15,0.4,0.3 0.0176488
0.15,0.45,0 4.00531e-09
0.15,0.45,0.05 39.4673
0.15,0.45,0.1 205.832
0.15,0.45,0.15 521.312
0.15,0.45,0.2 480.121
0.15,0.45,0.25 111.866
0.15,0.45,0.3 10.968
0.15,0.45,0.35 20.7653
0.15,0.45,0.4 13.009
0.15,0.45,0.45 0.268811
0.15,0.5,0 1.66246e-09
0.15,0.5,0.05 144.799
0.15,0.5,0.1 607.285
0.15,0.5,0.15 665.076
0.15,0.5,0.2 842.217
0.15,0.5,0.25 435.429
0.15,0.5,0.3 196.789
0.15,0.5,0.35 362.799
0.15,0.5,0.4 228.364
0.15,0.5,0.45 6.02812
0.15,0.55,0 4.91611e-10
0.15,0.55,0.05 82.0539
0.15,0.55,0.1 340.458
0.15,0.55,0.15 362.172
0.15,0.55,0.2 607.436
0.15,0.55,0.25 751.065
0.15,0.55,0.3 752.606
0.15,0.55,0.35 672.714
0.15,0.55,0.4 291.492
0.15,0.55,0.45 10.9147
0.15,0.6,0 4.94091e-12
0.15,0.6,0.05 23.6442
0.15,0.6,0.1 211.286
0.15,0.6,0.15 173.453
0.15,0.6,0.2 320.09
0.15,0.6,0.25 480.756
0.15,0.6,0.3 765.768
0.15,0.6,0.35 513.836
0.15,0.6,0.4 63.9919
0.15,0.6,0.45 2.03434
0.15,0.65,0 6.75123e-12
0.15,0.65,0.05 38.4493
0.15,0.65,0.1 308.196
0.15,0.65,0.15 284.797
0.15,0.65,0.2 165.749
0.15,0.65,0.25 159.29
0.15,0.65,0.3 377.196
0.15,0.65,0.35 257.308
0.15,0.65,0.4 12.8984
0.15,0.65,0.45 2.69364e-05
0.15,0.7,0 1.16316e-09
0.15,0.7,0.05 12.381
0.15,0.7,0.1 228.296
0.15,0.7,0.15 556.18
0.15,0.7,0.2 545.21
0.15,0.7,0.25 559.421
0.15,0.7,0.3 463.926
0.15,0.7,0.35 77.6329
0.15,0.7,0.4 2.66472
0.15,0.7,0.45 1.85007e-08
0.15,0.75,0 7.0727e-09
0.15,0.75,0.05 13.6082
0.15,0.75,0.1 97.1932
0.15,0.75,0.15 293.483
0.15,0.75,0.2 415.955
0.15,0.75,0.25 243.11
0.15,0.75,0.3 111.018
0.15,0.75,0.35 5.11264
0.15,0.8,0 2.66391e-09
0.15,0.8,0.05 5.03305
0.15,0.8,0.1 35.7987
0.15,0.8,0.15 190.803
0.15,0.8,0.2 282.986
0.15,0.8,0.25 158.905
0.15,0.8,0.3 14.2968
0.15,0.8,0.35 0.00147173
0.15,0.85,0 4.85621e-12
0.15,0.85,0.05 0.00917822
0.15,0.85,0.1 2.43434
0.15,0.85,0.15 15.909
0.15,0.85,0.2 43.1168
0.15,0.85,0.25 60.7137
0.15,0.85,0.3 6.18728
0.15,0.9,0.15 0.0016305
0.15,0.9,0.2 0.145009
0.15,0.9,0.25 0.257148
0.15,0.9,0.3 0.0263925
0.2,0,0.1 1.21643e-14
0.2,0,0.15 3.22306e-12
0.2,0,0.2 8.58693e-12
0.2,0,0.25 6.89561e-12
0.2,0,0.3 2.44805e-12
0.2,0,0.35 9.11257e-15
0.2,0.05,0 2.59192e-12
0.2,0.05,0.05 0.0526829
0.2,0.05,0.1 0.665613
0.2,0.05,0.15 47.0564
0.2,0.05,0.2 126.235
0.2,0.05,0.25 135.18
0.2,0.05,0.3 44.8484
0.2,0.05,0.35 0.124714
0.2,0.1,0 1.75541e-09
0.2,0.1,0.05 35.773
0.2,0.1,0.1 148.368
0.2,0.1,0.15 264.919
0.2,0.1,0.2 574.777
0.2,0.1,0.25 657.745
0.2,0.1,0.3 211.436
0.2,0.1,0.35 1.28473
0.2,0.1,0.4 0.000245456
0.2,0.15,0 4.92556e-09
0.2,0.15,0.05 106.638
0.2,0.15,0.1 445.403
0.2,0.15,0.15 257.079
0.2,0.15,0.2 479.027
0.2,0.15,0.25 482.465
0.2,0.15,0.3 351.358
0.2,0.15,0.35 68.5214
0.2,0.15,0.4 0.127029
0.2,0.2,0 2.02103e-09
0.2,0.2,0.05 101.893
0.2,0.2,0.1 419.083
0.2,0.2,0.15 366.974
0.2,0.2,0.2 777.949
0.2,0.2,0.25 515.017
0.2,0.2,0.3 811.01
0.2,0.2,0.35 195.374
0.2,0.2,0.4 1.12685
0.2,0.25,0 7.042e-10
0.2,0.25,0.05 146.551
0.2,0.25,0.1 588.925
0.2,0.25,0.15 357.624
0.2,0.25,0.2 494.627
0.2,0.25,0.25 419.246
0.2,0.25,0.3 451.236
0.2,0.25,0.35 89.0681
0.2,0.25,0.4 1.31707
0.2,0.3,0 1.80979e-11
0.2,0.3,0.05 157.324
0.2,0.3,0.1 631.133
0.2,0.3,0.15 268.292
0.2,0.3,0.2 266.011
0.2,0.3,0.25 116.98
0.2,0.3,0.3 52.6863
0.2,0.3,0.35 5.55769
0.2,0.3,0.4 0.106293
0.2,0.35,0 9.75666e-11
0.2,0.35,0.05 58.6254
0.2,0.35,0.1 234.791
0.2,0.35,0.15 63.8736
0.2,0.35,0.2 14.9504
0.2,0.35,0.25 3.34125
0.2,0.35,0.3 0.0284945
0.2,0.35,0.35 0.00790155
0.2,0.35,0.4 2.96339e-07
0.2,0.4,0 3.89489e-10
0.2,0.4,0.05 28.7416
0.2,0.4,0.1 157.971
0.2,0.4,0.15 180.726
0.2,0.4,0.2 39.2127
0.2,0.4,0.25 1.01653
0.2,0.4,0.3 0.0516166
0.2,0.45,0 5.14432e-10
0.2,0.45,0.05 41.2996
0.2,0.45,0.1 324.633
0.2,0.45,0.15 765.169
0.2,0.45,0.2 369.689
0.2,0.45,0.25 158.912
0.2,0.45,0.3 26.3803
0.2,0.45,0.35 18.1807
0.2,0.45,0.4 4.08934
0.2,0.45,0.45 0.0595618
0.2,0.5,0 1.57389e-09
0.2,0.5,0.05 96.7763
0.2,0.5,0.1 436.564
0.2,0.5,0.15 590.945
0.2,0.5,0.2 736.372
0.2,0.5,0.25 693.399
0.2,0.5,0.3 331.157
0.2,0.5,0.35 434.576
0.2,0.5,0.4 165.948
0.2,0.5,0.45 7.10173
0.2,0.55,0 3.88854e-10
0.2,0.55,0.05 48.484
0.2,0.55,0.1 204.444
0.2,0.55,0.15 202.799
0.2,0.55,0.2 373.299
0.2,0.55,0.25 760.683
0.2,0.55,0.3 686.18
0.2,0.55,0.35 843.491
0.2,0.55,0.4 476.179
0.2,0.55,0.45 25.8959
0.2,0.6,0 6.04064e-12
0.2,0.6,0.05 66.1975
0.2,0.6,0.1 404.452
0.2,0.6,0.15 225.499
0.2,0.6,0.2 203.555
0.2,0.6,0.25 451.815
0.2,0.6,0.3 485.055
0.2,0.6,0.35 401.281
0.2,0.6,0.4 165.096
0.2,0.6,0.45 6.53757
0.2,0.65,0 6.59113e-11
0.2,0.65,0.05 128.194
0.2,0.65,0.1 673.371
0.2,0.65,0.15 547.71
0.2,0.65,0.2 495.086
0.2,0.65,0.25 273.062
0.2,0.65,0.3 259.255
0.2,0.65,0.35 99.297
0.2,0.65,0.4 18.3328
0.2,0.65,0.45 0.0412978
0.2,0.7,0 8.47065e-09
0.2,0.7,0.05 69.5538
0.2,0.7,0.1 426.925
0.2,0.7,0.15 730.612
0.2,0.7,0.2 578.835
0.2,0.7,0.25 563.379
0.2,0.7,0.3 685.004
0.2,0.7,0.35 84.2916
0.2,0.7,0.4 0.433131
0.2,0.7,0.45 2.86942e-05
0.2,0.75,0 5.11831e-08
0.2,0.75,0.05 129.324
0.2,0.75,0.1 587.798
0.2,0.75,0.15 653.856
0.2,0.75,0.2 748.505
0.2,0.75,0.25 345.678
0.2,0.75,0.3 170.689
0.2,0.75,0.35 16.3096
0.2,0.75,0.4 0.00764301
0.2,0.8,0 1.92757e-08
0.2,0.8,0.05 48.866
0.2,0.8,0.1 276.65
0.2,0.8,0.15 599.914
0.2,0.8,0.2 650.199
0.2,0.8,0.25 412.379
0.2,0.8,0.3 35.3602
0.2,0.8,0.35 0.00126854
0.2,0.85,0 3.5139e-11
0.2,0.85,0.05 0.0971353
0.2,0.85,0.1 14.2543
0.2,0.85,0.15 74.6714
0.2,0.85,0.2 112.948
0.2,0.85,0.25 150.943
0.2,0.85,0.3 15.4273
0.2,0.9,0.15 0.00406543
0.2,0.9,0.2 0.361561
0.2,0.9,0.25 0.641165
0.2,0.9,0.3 0.0658061
0.25,0,0.1 4.4342e-13
0.25,0,0.15 1.88157e-11
0.25,0,0.2 3.02791e-11
0.25,0,0.25 9.52765e-11
0.25,0,0.3 8.85446e-11
0.25,0,0.35 3.50153e-12
