0.45,0.1,0.35 112.642
0.45,0.1,0.4 1.81748
0.45,0.15,0 3.23827e-14
0.45,0.15,0.05 92.0764
0.45,0.15,0.1 582.537
0.45,0.15,0.15 383.236
0.45,0.15,0.2 298.081
0.45,0.15,0.25 270.085
0.45,0.15,0.3 323.692
0.45,0.15,0.35 160.995
0.45,0.15,0.4 2.5665
0.45,0.2,0 6.99141e-13
0.45,0.2,0.05 131.853
0.45,0.2,0.1 658.171
0.45,0.2,0.15 335.271
0.45,0.2,0.2 261.256
0.45,0.2,0.25 428.132
0.45,0.2,0.3 199.294
0.45,0.2,0.35 14.7494
0.45,0.2,0.4 0.193877
0.45,0.25,0 9.87581e-12
0.45,0.25,0.05 111.258
0.45,0.25,0.1 460.387
0.45,0.25,0.15 215.778
0.45,0.25,0.2 238.214
0.45,0.25,0.25 295.552
0.45,0.25,0.3 127.28
0.45,0.25,0.35 1.11535
0.45,0.3,0 1.87369e-11
0.45,0.3,0.05 137.179
0.45,0.3,0.1 570.396
0.45,0.3,0.15 579.764
0.45,0.3,0.2 725.691
0.45,0.3,0.25 183.493
0.45,0.3,0.3 40.9814
0.45,0.3,0.35 8.69991
0.45,0.3,0.4 3.10212
0.45,0.3,0.45 0.117466
0.45,0.35,0 6.11752e-11
0.45,0.35,0.05 142.61
0.45,0.35,0.1 583.103
0.45,0.35,0.15 446.426
0.45,0.35,0.2 565.476
0.45,0.35,0.25 364.692
0.45,0.35,0.3 493.898
0.45,0.35,0.35 228.771
0.45,0.35,0.4 45.009
0.45,0.35,0.45 1.38435
0.45,0.4,0 5.29149e-11
0.45,0.4,0.05 77.8629
0.45,0.4,0.1 325.965
0.45,0.4,0.15 294.915
0.45,0.4,0.2 355.333
0.45,0.4,0.25 278.81
0.45,0.4,0.3 678.508
0.45,0.4,0.35 556.374
0.45,0.4,0.4 69.8109
0.45,0.4,0.45 2.19875
0.45,0.45,0 1.23702e-10
0.45,0.45,0.05 74.0416
0.45,0.45,0.1 344.396
0.45,0.45,0.15 494.055
0.45,0.45,0.2 504.461
0.45,0.45,0.25 574.956
0.45,0.45,0.3 518.937
0.45,0.45,0.35 297.629
0.45,0.45,0.4 128.198
0.45,0.45,0.45 16.5683
0.45,0.5,0 8.37357e-10
0.45,0.5,0.05 98.5044
0.45,0.5,0.1 468.24
0.45,0.5,0.15 406.046
0.45,0.5,0.2 687.575
0.45,0.5,0.25 638.042
0.45,0.5,0.3 591.809
0.45,0.5,0.35 928.942
0.45,0.5,0.4 528.465
0.45,0.5,0.45 67.7656
0.45,0.55,0 4.41203e-09
0.45,0.55,0.05 66.6951
0.45,0.55,0.1 430.659
0.45,0.55,0.15 413.392
0.45,0.55,0.2 527.494
0.45,0.55,0.25 211.725
0.45,0.55,0.3 247.598
0.45,0.55,0.35 693.447
0.45,0.55,0.4 269.715
0.45,0.55,0.45 23.6275
0.45,0.6,0 1.45626e-08
0.45,0.6,0.05 131.054
0.45,0.6,0.1 566.798
0.45,0.6,0.15 348.655
0.45,0.6,0.2 790.592
0.45,0.6,0.25 352.286
0.45,0.6,0.3 31.0031
0.45,0.6,0.35 37.0393
0.45,0.6,0.4 9.06777
0.45,0.6,0.45 0.0903488
0.45,0.65,0 4.32448e-09
0.45,0.65,0.05 69.0796
0.45,0.65,0.1 343.439
0.45,0.65,0.15 207.803
0.45,0.65,0.2 280.901
0.45,0.65,0.25 111.751
0.45,0.65,0.3 25.874
0.45,0.65,0.35 7.30072
0.45,0.65,0.4 1.12614
0.45,0.65,0.45 0.049545
0.45,0.7,0 1.04913e-10
0.45,0.7,0.05 2.21541
0.45,0.7,0.1 29.8798
0.45,0.7,0.15 35.2649
0.45,0.7,0.2 18.8703
0.45,0.7,0.25 15.0147
0.45,0.7,0.3 87.289
0.45,0.7,0.35 51.0056
0.45,0.7,0.4 0.702896
0.45,0.7,0.45 0.00138072
0.45,0.75,0 2.42916e-07
0.45,0.75,0.05 25.0317
0.45,0.75,0.1 100.333
0.45,0.75,0.15 35.7469
0.45,0.75,0.2 8.22592
0.45,0.75,0.25 7.69362
0.45,0.75,0.3 62.7183
0.45,0.75,0.35 37.078
0.45,0.75,0.4 0.49077
0.45,0.8,0 7.85732e-07
0.45,0.8,0.05 80.9672
0.45,0.8,0.1 321.894
0.45,0.8,0.15 81.1776
0.45,0.8,0.2 0.925313
0.45,0.8,0.25 0.370296
0.45,0.8,0.3 1.4716
0.45,0.8,0.35 0.8446
0.45,0.8,0.4 0.0111793
0.45,0.85,0 1.58594e-07
0.45,0.85,0.05 16.3439
0.45,0.85,0.1 64.9577
0.45,0.85,0.15 16.1356
0.45,0.9,0 1.66874e-12
0.45,0.9,0.05 0.000257712
0.45,0.9,0.1 0.00102509
0.45,0.9,0.15 0.00025484
0.5,0.05,0.25 0.235519
0.5,0.05,0.3 2.69632
0.5,0.05,0.35 1.72001
0.5,0.05,0.4 0.0278013
0.5,0.1,0 2.51955e-14
0.5,0.1,0.05 3.59295
0.5,0.1,0.1 19.42
0.5,0.1,0.15 20.4605
0.5,0.1,0.2 35.626
0.5,0.1,0.25 47.0586
0.5,0.1,0.3 160.896
0.5,0.1,0.35 83.9151
0.5,0.1,0.4 1.3138
0.5,0.15,0 7.9195e-12
0.5,0.15,0.05 28.1753
0.5,0.15,0.1 141.297
0.5,0.15,0.15 201.349
0.5,0.15,0.2 484.326
0.5,0.15,0.25 635.501
0.5,0.15,0.3 608.657
0.5,0.15,0.35 142.439
0.5,0.15,0.4 1.85644
0.5,0.2,0 2.11617e-11
0.5,0.2,0.05 109.854
0.5,0.2,0.1 456.396
0.5,0.2,0.15 427.03
0.5,0.2,0.2 822.135
0.5,0.2,0.25 862.722
0.5,0.2,0.3 505.17
0.5,0.2,0.35 43.5102
0.5,0.2,0.4 0.587271
0.5,0.25,0 4.70752e-12
0.5,0.25,0.05 98.1929
0.5,0.25,0.1 401.061
0.5,0.25,0.15 359.483
0.5,0.25,0.2 566.517
0.5,0.25,0.25 537.198
0.5,0.25,0.3 224.454
0.5,0.25,0.35 35.6069
0.5,0.25,0.4 1.11537
0.5,0.3,0 7.63179e-11
0.5,0.3,0.05 152.038
0.5,0.3,0.1 642.823
0.5,0.3,0.15 759.015
0.5,0.3,0.2 684.464
0.5,0.3,0.25 279.004
0.5,0.3,0.3 80.6369
0.5,0.3,0.35 27.358
0.5,0.3,0.4 20.4373
0.5,0.3,0.45 0.767581
0.5,0.35,0 5.31971e-10
0.5,0.35,0.05 177.133
0.5,0.35,0.1 727.95
0.5,0.35,0.15 554.781
0.5,0.35,0.2 499.069
0.5,0.35,0.25 87.467
0.5,0.35,0.3 104.526
0.5,0.35,0.35 362.959
0.5,0.35,0.4 247.547
0.5,0.35,0.45 9.04591
0.5,0.4,0 7.59663e-10
0.5,0.4,0.05 96.7453
0.5,0.4,0.1 388.867
0.5,0.4,0.15 259.378
0.5,0.4,0.2 389.715
0.5,0.4,0.25 235.537
0.5,0.4,0.3 406.962
0.5,0.4,0.35 654.401
0.5,0.4,0.4 197.61
0.5,0.4,0.45 5.89491
0.5,0.45,0 1.74842e-09
0.5,0.45,0.05 106.799
0.5,0.45,0.1 431.529
0.5,0.45,0.15 288.256
0.5,0.45,0.2 455.235
0.5,0.45,0.25 447.158
0.5,0.45,0.3 247.427
0.5,0.45,0.35 168.189
0.5,0.45,0.4 36.5105
0.5,0.45,0.45 3.40568
0.5,0.5,0 4.99491e-09
0.5,0.5,0.05 129.273
0.5,0.5,0.1 572.011
0.5,0.5,0.15 404.675
0.5,0.5,0.2 538.333
0.5,0.5,0.25 321.184
0.5,0.5,0.3 128.673
0.5,0.5,0.35 207.987
0.5,0.5,0.4 149.257
0.5,0.5,0.45 18.8841
0.5,0.55,0 4.82499e-09
0.5,0.55,0.05 114.548
0.5,0.55,0.1 673.046
0.5,0.55,0.15 757.915
0.5,0.55,0.2 874.228
0.5,0.55,0.25 165.838
0.5,0.55,0.3 97.5111
0.5,0.55,0.35 201.278
0.5,0.55,0.4 84.3651
0.5,0.55,0.45 6.69812
0.5,0.6,0 5.08459e-10
0.5,0.6,0.05 33.4121
0.5,0.6,0.1 321.462
0.5,0.6,0.15 422.916
0.5,0.6,0.2 484.618
0.5,0.6,0.25 97.8528
0.5,0.6,0.3 11.8703
0.5,0.6,0.35 11.373
0.5,0.6,0.4 2.81923
0.5,0.6,0.45 0.00807721
0.5,0.65,0 1.85934e-10
0.5,0.65,0.05 18.9616
0.5,0.65,0.1 332.104
0.5,0.65,0.15 397.71
0.5,0.65,0.2 224.298
0.5,0.65,0.25 47.5459
0.5,0.65,0.3 0.241043
0.5,0.65,0.35 0.000206003
0.5,0.65,0.4 2.72669e-06
0.5,0.7,0 2.10608e-11
0.5,0.7,0.05 4.10654
0.5,0.7,0.1 104.422
0.5,0.7,0.15 339.186
0.5,0.7,0.2 354.256
0.5,0.7,0.25 49.7003
0.5,0.7,0.3 0.112611
0.5,0.7,0.35 0.00285066
0.5,0.7,0.4 3.77317e-05
0.5,0.75,0 1.82807e-08
0.5,0.75,0.05 8.35688
0.5,0.75,0.1 54.61
0.5,0.75,0.15 263.052
0.5,0.75,0.2 193.19
0.5,0.75,0.25 7.44663
0.5,0.75,0.3 0.00734694
0.5,0.75,0.35 0.00208164
0.5,0.75,0.4 2.75529e-05
0.5,0.8,0 1.78869e-07
0.5,0.8,0.05 31.8916
0.5,0.8,0.1 129.258
0.5,0.8,0.15 58.6986
0.5,0.8,0.2 18.7096
0.5,0.8,0.25 0.382746
0.5,0.8,0.3 7.97377e-05
0.5,0.8,0.35 4.74177e-05
0.5,0.8,0.4 6.27627e-07
0.5,0.85,0 1.65992e-07
0.5,0.85,0.05 25.4838
0.5,0.85,0.1 101.369
0.5,0.85,0.15 25.2017
0.5,0.9,0 8.96276e-09
0.5,0.9,0.05 1.38416
0.5,0.9,0.1 5.50572
0.5,0.9,0.15 1.36874
0.55,0.05,0.25 0.00523731
0.55,0.05,0.3 0.0599589
0.55,0.05,0.35 0.0382485
0.55,0.05,0.4 0.000618226
0.55,0.1,0 9.39665e-13
0.55,0.1,0.05 0.0855391
0.55,0.1,0.1 0.565537
0.55,0.1,0.15 20.0256
0.55,0.1,0.2 37.5701
0.55,0.1,0.25 22.5966
0.55,0.1,0.3 26.1946
0.55,0.1,0.35 3.68152
0.55,0.1,0.4 0.0292154
0.55,0.15,0 2.87669e-10
0.55,0.15,0.05 29.0228
0.55,0.15,0.1 117.968
0.55,0.15,0.15 179.479
0.55,0.15,0.2 315.234
0.55,0.15,0.25 316.12
0.55,0.15,0.3 284.81
0.55,0.15,0.35 22.2295
0.55,0.15,0.4 0.0501479
0.55,0.2,0 6.94186e-10
0.55,0.2,0.05 101.214
0.55,0.2,0.1 412.683
0.55,0.2,0.15 425.252
0.55,0.2,0.2 593.862
0.55,0.2,0.25 409.007
0.55,0.2,0.3 399.182
0.55,0.2,0.35 121.13
0.55,0.2,0.4 3.32719
0.55,0.25,0 1.04519e-10
0.55,0.25,0.05 61.603
0.55,0.25,0.1 262.628
0.55,0.25,0.15 482.363
0.55,0.25,0.2 740.354
0.55,0.25,0.25 785.914
0.55,0.25,0.3 563.428
0.55,0.25,0.35 271.132
0.55,0.25,0.4 8.34124
0.55,0.3,0 2.78125e-10
0.55,0.3,0.05 102.628
0.55,0.3,0.1 424.922
0.55,0.3,0.15 396.007
0.55,0.3,0.2 533.996
0.55,0.3,0.25 807.634
0.55,0.3,0.3 382.878
0.55,0.3,0.35 92.2812
0.55,0.3,0.4 9.59773
0.55,0.3,0.45 0.308276
0.55,0.35,0 1.67274e-09
0.55,0.35,0.05 144.589
0.55,0.35,0.1 599.264
0.55,0.35,0.15 218.703
0.55,0.35,0.2 102.947
0.55,0.35,0.25 246.861
0.55,0.35,0.3 109.542
0.55,0.35,0.35 125.293
0.55,0.35,0.4 97.0232
0.55,0.35,0.45 3.63302
0.55,0.4,0 1.17199e-09
0.55,0.4,0.05 78.1794
0.55,0.4,0.1 318.576
0.55,0.4,0.15 111.367
0.55,0.4,0.2 96.2605
0.55,0.4,0.25 252.454
0.55,0.4,0.3 140.013
0.55,0.4,0.35 126.829
0.55,0.4,0.4 67.9839
0.55,0.4,0.45 2.36751
0.55,0.45,0 2.03384e-09
0.55,0.45,0.05 112.931
0.55,0.45,0.1 451.73
0.55,0.45,0.15 239.828
0.55,0.45,0.2 443.391
0.55,0.45,0.25 347.953
0.55,0.45,0.3 119.617
0.55,0.45,0.35 20.624
0.55,0.45,0.4 2.84175
0.55,0.45,0.45 0.0407505
0.55,0.5,0 2.96512e-09
0.55,0.5,0.05 99.6866
0.55,0.5,0.1 403.243
0.55,0.5,0.15 392.952
0.55,0.5,0.2 792.683
0.55,0.5,0.25 258.202
0.55,0.5,0.3 96.4543
0.55,0.5,0.35 4.33387
0.55,0.5,0.4 0.110349
0.55,0.5,0.45 0.00124417
0.55,0.55,0 1.91045e-09
0.55,0.55,0.05 51.0047
0.55,0.55,0.1 320.782
0.55,0.55,0.15 483.342
0.55,0.55,0.2 723.133
0.55,0.55,0.25 380.068
0.55,0.55,0.3 284.801
0.55,0.55,0.35 12.9625
0.55,0.55,0.4 0.133061
0.55,0.55,0.45 0.000448137
0.55,0.6,0 5.26559e-10
0.55,0.6,0.05 27.7226
0.55,0.6,0.1 312.116
0.55,0.6,0.15 397.808
0.55,0.6,0.2 395.02
0.55,0.6,0.25 117.23
0.55,0.6,0.3 56.7717
0.55,0.6,0.35 2.50166
0.55,0.6,0.4 0.00850646
0.55,0.6,0.45 1.14579e-06
0.55,0.65,0 8.4364e-09
0.55,0.65,0.05 35.293
0.55,0.65,0.1 277.388
0.55,0.65,0.15 396.763
0.55,0.65,0.2 650.777
0.55,0.65,0.25 251.947
0.55,0.65,0.3 4.71522
0.55,0.7,0 7.51379e-09
0.55,0.7,0.05 31.5833
0.55,0.7,0.1 296.08
0.55,0.7,0.15 674.21
0.55,0.7,0.2 891.312
0.55,0.7,0.25 250.932
0.55,0.7,0.3 3.71777
0.55,0.75,0 1.45626e-08
0.55,0.75,0.05 72.1955
0.55,0.75,0.1 419.313
0.55,0.75,0.15 524.375
0.55,0.75,0.2 245.14
0.55,0.75,0.25 17.6367
0.55,0.75,0.3 0.122359
0.55,0.8,0 4.45858e-07
0.55,0.8,0.05 145.089
0.55,0.8,0.1 588.959
0.55,0.8,0.15 184.31
0.55,0.8,0.2 19.3316
0.55,0.8,0.25 0.368514
0.55,0.85,0 5.23551e-07
0.55,0.85,0.05 89.3176
0.55,0.85,0.1 355.453
0.55,0.85,0.15 88.4116
0.55,0.9,0 2.99179e-08
0.55,0.9,0.05 5.75641
0.55,0.9,0.1 22.9211
0.55,0.9,0.15 5.70429
0.55,0.95,0 9.51499e-18
0.55,0.95,0.05 1.11451e-05
0.55,0.95,0.1 4.45676e-05
0.55,0.95,0.15 1.11387e-05
0.6,0.1,0 1.19812e-12
0.6,0.1,0.05 0.109066
0.6,0.1,0.1 0.903611
0.6,0.1,0.15 37.4609
0.6,0.1,0.2 64.179
0.6,0.1,0.25 6.67122
0.6,0.1,0.3 0.49177
0.6,0.1,0.35 0.0402156
0.6,0.15,0 3.67219e-10
0.6,0.15,0.05 34.9877
0.6,0.15,0.1 143.342
0.6,0.15,0.15 303.197
0.6,0.15,0.2 456.079
0.6,0.15,0.25 51.1958
0.6,0.15,0.3 16.8891
0.6,0.15,0.35 3.4813
0.6,0.15,0.4 0.00401053
0.6,0.2,0 9.02428e-10
0.6,0.2,0.05 136.347
0.6,0.2,0.1 553.57
0.6,0.2,0.15 343.099
0.6,0.2,0.2 276.902
0.6,0.2,0.25 116.624
0.6,0.2,0.3 322.119
0.6,0.2,0.35 113.207
0.6,0.2,0.4 1.49764
0.6,0.25,0 1.554e-10
0.6,0.25,0.05 82.4283
0.6,0.25,0.1 386.511
0.6,0.25,0.15 578.751
0.6,0.25,0.2 520.296
0.6,0.25,0.25 570.998
0.6,0.25,0.3 593.877
0.6,0.25,0.35 226.443
0.6,0.25,0.4 3.9288
0.6,0.3,0 1.05765e-10
0.6,0.3,0.05 16.3676
0.6,0.3,0.1 186.106
0.6,0.3,0.15 578.892
0.6,0.3,0.2 678.002
0.6,0.3,0.25 777.885
0.6,0.3,0.3 582.157
0.6,0.3,0.35 193.927
0.6,0.3,0.4 1.32767
0.6,0.3,0.45 0.000833411
0.6,0.35,0 6.18072e-10
0.6,0.35,0.05 44.9078
0.6,0.35,0.1 479.319
0.6,0.35,0.15 613.538
0.6,0.35,0.2 212.733
0.6,0.35,0.25 287.384
0.6,0.35,0.3 167.898
0.6,0.35,0.35 41.4511
0.6,0.35,0.4 0.433185
0.6,0.35,0.45 0.00982172
0.6,0.4,0 2.83979e-10
0.6,0.4,0.05 36.1966
0.6,0.4,0.1 258.176
0.6,0.4,0.15 265.968
0.6,0.4,0.2 126.879
0.6,0.4,0.25 51.8272
0.6,0.4,0.3 11.419
0.6,0.4,0.35 0.209786
0.6,0.4,0.4 0.16899
0.6,0.4,0.45 0.00640047
0.6,0.45,0 9.2029e-10
0.6,0.45,0.05 155.824
0.6,0.45,0.1 624.023
0.6,0.45,0.15 334.274
0.6,0.45,0.2 637.662
0.6,0.45,0.25 250.918
0.6,0.45,0.3 18.423
0.6,0.45,0.35 0.0335015
0.6,0.45,0.4 0.00289325
0.6,0.45,0.45 0.000109582
0.6,0.5,0 1.86465e-09
0.6,0.5,0.05 144.421
0.6,0.5,0.1 578.248
0.6,0.5,0.15 337.762
0.6,0.5,0.2 658.46
0.6,0.5,0.25 350.455
0.6,0.5,0.3 56.9401
0.6,0.5,0.35 1.68307
0.6,0.55,0 3.0379e-10
0.6,0.55,0.05 17.85
0.6,0.55,0.1 83.499
0.6,0.55,0.15 246.084
0.6,0.55,0.2 499.397
0.6,0.55,0.25 249.877
0.6,0.55,0.3 127.302
0.6,0.55,0.35 5.33038
0.6,0.6,0 1.19227e-09
0.6,0.6,0.05 6.73823
0.6,0.6,0.1 54.0493
0.6,0.6,0.15 386.975
0.6,0.6,0.2 807.904
0.6,0.6,0.25 223.95
0.6,0.6,0.3 27.5725
0.6,0.6,0.35 1.05373
0.6,0.65,0 2.24436e-08
0.6,0.65,0.05 80.3815
0.6,0.65,0.1 476.928
0.6,0.65,0.15 514.573
0.6,0.65,0.2 780.162
0.6,0.65,0.25 419.573
0.6,0.65,0.3 10.6774
0.6,0.7,0 1.99888e-08
0.6,0.7,0.05 74.9578
0.6,0.7,0.1 570.642
0.6,0.7,0.15 682.872
0.6,0.7,0.2 447.119
0.6,0.7,0.25 231.692
0.6,0.7,0.3 7.64264
0.6,0.75,0 4.17184e-09
0.6,0.75,0.05 81.1957
0.6,0.75,0.1 484.801
0.6,0.75,0.15 445.689
0.6,0.75,0.2 119.103
0.6,0.75,0.25 44.9734
0.6,0.75,0.3 2.81558
0.6,0.8,0 9.40025e-08
0.6,0.8,0.05 157.164
0.6,0.8,0.1 646.414
0.6,0.8,0.15 234.49
0.6,0.8,0.2 30.2923
0.6,0.8,0.25 2.06729
0.6,0.8,0.3 0.135296
0.6,0.85,0 1.09315e-07
0.6,0.85,0.05 109.325
0.6,0.85,0.1 437.127
0.6,0.85,0.15 111.517
0.6,0.85,0.2 1.10499
0.6,0.85,0.25 0.00544608
0.6,0.9,0 6.2527e-09
0.6,0.9,0.05 22.1589
0.6,0.9,0.1 88.5901
0.6,0.9,0.15 22.1361
0.6,0.95,0 1.77506e-16
0.6,0.95,0.05 0.000207916
0.6,0.95,0.1 0.000831427
0.6,0.95,0.15 0.000207798
0.65,0.1,0 7.7844e-14
0.65,0.1,0.05 0.00708625
0.65,0.1,0.1 0.358394
0.65,0.1,0.15 21.7353
0.65,0.1,0.2 34.8806
0.65,0.1,0.25 3.14957
0.65,0.15,0 2.4235e-11
0.65,0.15,0.05 3.29193
0.65,0.15,0.1 17.1695
0.65,0.15,0.15 215.187
0.65,0.15,0.2 330.177
0.65,0.15,0.25 31.0674
0.65,0.15,0.3 7.34221
0.65,0.15,0.35 1.90142
0.65,0.15,0.4 2.22668e-05
0.65,0.2,0 7.17408e-11
0.65,0.2,0.05 44.3813
0.65,0.2,0.1 189.694
0.65,0.2,0.15 243.329
0.65,0.2,0.2 224.003
0.65,0.2,0.25 58.7401
0.65,0.2,0.3 166.956
0.65,0.2,0.35 43.2997
0.65,0.2,0.4 0.00729659
0.65,0.25,0 2.62995e-11
0.65,0.25,0.05 49.2317
0.65,0.25,0.1 280.99
0.65,0.25,0.15 469.208
0.65,0.25,0.2 289.079
0.65,0.25,0.25 168.801
0.65,0.25,0.3 199.777
0.65,0.25,0.35 54.4764
0.65,0.25,0.4 0.0654166
0.65,0.3,0 1.33685e-12
0.65,0.3,0.05 3.9143
0.65,0.3,0.1 195.087
0.65,0.3,0.15 702.026
0.65,0.3,0.2 659.877
0.65,0.3,0.25 344.444
0.65,0.3,0.3 122.384
0.65,0.3,0.35 44.4307
0.65,0.3,0.4 0.182389
0.65,0.35,0 1.3787e-12
0.65,0.35,0.05 7.90829
0.65,0.35,0.1 327.542
0.65,0.35,0.15 610.897
0.65,0.35,0.2 212.547
0.65,0.35,0.25 75.5318
0.65,0.35,0.3 28.7899
0.65,0.35,0.35 10.0877
0.65,0.35,0.4 0.0426164
0.65,0.4,0 4.43863e-11
