0,0.4,0.15 7.78042e-11
0,0.4,0.2 4.47074e-10
0,0.4,0.25 2.18242e-10
0,0.4,0.3 1.06806e-11
0,0.45,0.15 8.10111e-08
0,0.45,0.2 4.39675e-07
0,0.45,0.25 1.7263e-07
0,0.45,0.3 4.38285e-09
0,0.5,0.15 2.34277e-07
0,0.5,0.2 1.26553e-06
0,0.5,0.25 4.86609e-07
0,0.5,0.3 1.11173e-08
0,0.55,0.15 4.21038e-08
0,0.55,0.2 2.26438e-07
0,0.55,0.25 8.53361e-08
0,0.55,0.3 1.73685e-09
0.05,0.1,0.15 0.00929336
0.05,0.1,0.2 3.51214
0.05,0.1,0.25 8.77787
0.05,0.1,0.3 1.34888
0.05,0.15,0.05 0.00291976
0.05,0.15,0.1 0.0179522
0.05,0.15,0.15 0.0784939
0.05,0.15,0.2 27.196
0.05,0.15,0.25 69.0095
0.05,0.15,0.3 11.2724
0.05,0.15,0.35 0.0156148
0.05,0.2,0.05 0.0283782
0.05,0.2,0.1 0.273845
0.05,0.2,0.15 0.206985
0.05,0.2,0.2 15.5954
0.05,0.2,0.25 67.8242
0.05,0.2,0.3 29.192
0.05,0.2,0.35 3.23442
0.05,0.2,0.4 5.25895
0.05,0.2,0.45 0.60341
0.05,0.25,0.05 0.123028
0.05,0.25,0.1 1.94701
0.05,0.25,0.15 1.57415
0.05,0.25,0.2 3.45802
0.05,0.25,0.25 42.5243
0.05,0.25,0.3 46.4694
0.05,0.25,0.35 45.8196
0.05,0.25,0.4 59.5969
0.05,0.25,0.45 6.79206
0.05,0.3,0.05 0.0762901
0.05,0.3,0.1 1.25437
0.05,0.3,0.15 1.02684
0.05,0.3,0.2 0.218612
0.05,0.3,0.25 4.97474
0.05,0.3,0.3 41.3176
0.05,0.3,0.35 51.1471
0.05,0.3,0.4 38.1961
0.05,0.3,0.45 4.27855
0.05,0.35,0.05 0.00134837
0.05,0.35,0.1 0.349927
0.05,0.35,0.15 10.4513
0.05,0.35,0.2 12.3516
0.05,0.35,0.25 1.02953
0.05,0.35,0.3 5.11325
0.05,0.35,0.35 4.45273
0.05,0.35,0.4 0.702295
0.05,0.35,0.45 0.0668868
0.05,0.35,0.5 5.53775e-06
0.05,0.4,0.1 1.36896
0.05,0.4,0.15 43.6384
0.05,0.4,0.2 51.776
0.05,0.4,0.25 3.10036
0.05,0.4,0.3 0.0124058
0.05,0.4,0.35 0.00364307
0.05,0.4,0.4 0.132204
0.05,0.4,0.45 0.170543
0.05,0.4,0.5 0.0112783
0.05,0.45,0.1 0.459564
0.05,0.45,0.15 18.9966
0.05,0.45,0.2 67.5148
0.05,0.45,0.25 52.6156
0.05,0.45,0.3 12.7715
0.05,0.45,0.35 1.50373
0.05,0.45,0.4 0.619265
0.05,0.45,0.45 0.541091
0.05,0.45,0.5 0.0349597
0.05,0.5,0.1 2.22195
0.05,0.5,0.15 29.708
0.05,0.5,0.2 150.747
0.05,0.5,0.25 139.453
0.05,0.5,0.3 47.1583
0.05,0.5,0.35 20.7059
0.05,0.5,0.4 20.8878
0.05,0.5,0.45 5.34904
0.05,0.5,0.5 0.219264
0.05,0.55,0.1 2.20076
0.05,0.55,0.15 13.2581
0.05,0.55,0.2 28.1635
0.05,0.55,0.25 39.7523
0.05,0.55,0.3 82.4254
0.05,0.55,0.35 47.7114
0.05,0.55,0.4 79.5848
0.05,0.55,0.45 55.857
0.05,0.55,0.5 2.72867
0.05,0.6,0.1 0.09412
0.05,0.6,0.15 0.414707
0.05,0.6,0.2 0.114185
0.05,0.6,0.25 12.1422
0.05,0.6,0.3 51.6555
0.05,0.6,0.35 17.5645
0.05,0.6,0.4 37.4736
0.05,0.6,0.45 37.6237
0.05,0.6,0.5 1.89136
0.05,0.65,0.25 0.469746
0.05,0.65,0.3 2.02301
0.05,0.65,0.35 0.570756
0.05,0.65,0.4 0.689219
0.05,0.65,0.45 0.751265
0.05,0.65,0.5 0.0379633
0.05,0.7,0.25 1.61033
0.05,0.7,0.3 7.31116
0.05,0.7,0.35 2.07384
0.05,0.7,0.4 0.000137523
0.05,0.75,0.25 0.949835
0.05,0.75,0.3 4.31241
0.05,0.75,0.35 1.22323
0.05,0.75,0.4 8.11162e-05
0.05,0.8,0.25 0.0122698
0.05,0.8,0.3 0.055707
0.05,0.8,0.35 0.0158015
0.05,0.8,0.4 1.04785e-06
0.1,0.05,0.15 0.000190483
0.1,0.05,0.2 0.0044136
0.1,0.05,0.25 0.00443173
0.1,0.05,0.3 0.0419514
0.1,0.05,0.35 0.27887
0.1,0.05,0.4 0.114232
0.1,0.05,0.45 0.000344631
0.1,0.1,0.15 0.0524053
0.1,0.1,0.2 19.3462
0.1,0.1,0.25 48.4384
0.1,0.1,0.3 8.14499
0.1,0.1,0.35 4.13506
0.1,0.1,0.4 1.69298
0.1,0.1,0.45 0.00510761
0.1,0.15,0.05 3.34626
0.1,0.15,0.1 20.5746
0.1,0.15,0.15 8.21113
0.1,0.15,0.2 149.985
0.1,0.15,0.25 383.426
0.1,0.15,0.3 65.0369
0.1,0.15,0.35 4.28529
0.1,0.15,0.4 3.62809
0.1,0.15,0.45 0.339466
0.1,0.2,0.05 22.2087
0.1,0.2,0.1 144.265
0.1,0.2,0.15 68.5151
0.1,0.2,0.2 119.308
0.1,0.2,0.25 457.229
0.1,0.2,0.3 214.759
0.1,0.2,0.35 37.3248
0.1,0.2,0.4 70.1613
0.1,0.2,0.45 9.2406
0.1,0.25,0.05 17.436
0.1,0.25,0.1 200.757
0.1,0.25,0.15 174.544
0.1,0.25,0.2 119.152
0.1,0.25,0.25 449.593
0.1,0.25,0.3 465.504
0.1,0.25,0.35 304.33
0.1,0.25,0.4 365.196
0.1,0.25,0.45 42.5735
0.1,0.3,0.05 6.03656
0.1,0.3,0.1 103.695
0.1,0.3,0.15 97.1424
0.1,0.3,0.2 25.0331
0.1,0.3,0.25 84.3721
0.1,0.3,0.3 354.673
0.1,0.3,0.35 347.243
0.1,0.3,0.4 213.951
0.1,0.3,0.45 23.8014
0.1,0.35,0.05 0.136133
0.1,0.35,0.1 5.41767
0.1,0.35,0.15 67.7841
0.1,0.35,0.2 75.8576
0.1,0.35,0.25 6.75869
0.1,0.35,0.3 38.179
0.1,0.35,0.35 32.6406
0.1,0.35,0.4 4.12933
0.1,0.35,0.45 0.390688
0.1,0.35,0.5 0.00142845
0.1,0.4,0.05 8.72582e-09
0.1,0.4,0.1 8.76466
0.1,0.4,0.15 293.866
0.1,0.4,0.2 360.508
0.1,0.4,0.25 22.8958
0.1,0.4,0.3 0.200059
0.1,0.4,0.35 1.11725
0.1,0.4,0.4 34.15
0.1,0.4,0.45 43.9992
0.1,0.4,0.5 2.90967
0.1,0.45,0.05 1.02014
0.1,0.45,0.1 10.0045
0.1,0.45,0.15 201.219
0.1,0.45,0.2 452.195
0.1,0.45,0.25 265.194
0.1,0.45,0.3 133.885
0.1,0.45,0.35 38.73
0.1,0.45,0.4 114.194
0.1,0.45,0.45 137.238
0.1,0.45,0.5 9.05206
0.1,0.5,0.05 5.31546
0.1,0.5,0.1 72.4726
0.1,0.5,0.15 354.136
0.1,0.5,0.2 743.103
0.1,0.5,0.25 694.861
0.1,0.5,0.3 528.229
0.1,0.5,0.35 339.111
0.1,0.5,0.4 306.054
0.1,0.5,0.45 62.8062
0.1,0.5,0.5 2.82688
0.1,0.55,0.05 1.72569
0.1,0.55,0.1 56.6515
0.1,0.55,0.15 268.772
0.1,0.55,0.2 230.746
0.1,0.55,0.25 247.57
0.1,0.55,0.3 707.482
0.1,0.55,0.35 552.425
0.1,0.55,0.4 645.575
0.1,0.55,0.45 285.959
0.1,0.55,0.5 13.2361
0.1,0.6,0.05 0.000907547
0.1,0.6,0.1 2.12374
0.1,0.6,0.15 11.4921
0.1,0.6,0.2 7.10913
0.1,0.6,0.25 72.8689
0.1,0.6,0.3 320.055
0.1,0.6,0.35 127.807
0.1,0.6,0.4 227.523
0.1,0.6,0.45 206.177
0.1,0.6,0.5 10.0692
0.1,0.65,0.1 0.225383
0.1,0.65,0.15 4.96675
0.1,0.65,0.2 36.7991
0.1,0.65,0.25 38.3486
0.1,0.65,0.3 35.2918
0.1,0.65,0.35 12.3519
0.1,0.65,0.4 39.1658
0.1,0.65,0.45 31.5147
0.1,0.65,0.5 1.23173
0.1,0.7,0.1 0.394986
0.1,0.7,0.15 9.84013
0.1,0.7,0.2 79.3657
0.1,0.7,0.25 114.623
0.1,0.7,0.3 245.837
0.1,0.7,0.35 69.4584
0.1,0.7,0.4 5.89626
0.1,0.7,0.45 2.4236
0.1,0.7,0.5 0.0569873
0.1,0.75,0.1 0.0399354
0.1,0.75,0.15 1.18873
0.1,0.75,0.2 10.6685
0.1,0.75,0.25 39.0233
0.1,0.75,0.3 141.917
0.1,0.75,0.35 40.1615
0.1,0.75,0.4 0.0329928
0.1,0.75,0.45 0.00698114
0.1,0.8,0.25 0.402709
0.1,0.8,0.3 1.82837
0.1,0.8,0.35 0.518623
0.1,0.8,0.4 3.43915e-05
0.15,0.05,0 3.77742e-13
0.15,0.05,0.05 0.00767793
0.15,0.05,0.1 0.030678
0.15,0.05,0.15 0.555644
0.15,0.05,0.2 12.6971
0.15,0.05,0.25 12.7492
0.15,0.05,0.3 2.50517
0.15,0.05,0.35 13.0102
0.15,0.05,0.4 5.33505
0.15,0.05,0.45 0.0163611
0.15,0.1,0 2.55832e-10
0.15,0.1,0.05 5.19999
0.15,0.1,0.1 20.7771
0.15,0.1,0.15 9.03636
0.15,0.1,0.2 96.2045
0.15,0.1,0.25 116.058
0.15,0.1,0.3 42.3031
0.15,0.1,0.35 193.271
0.15,0.1,0.4 79.3092
0.15,0.1,0.45 0.248207
0.15,0.15,0 7.00245e-10
0.15,0.15,0.05 24.0169
0.15,0.15,0.1 117.069
0.15,0.15,0.15 40.8861
0.15,0.15,0.2 106.785
0.15,0.15,0.25 331.497
0.15,0.15,0.3 152.671
0.15,0.15,0.35 157.435
0.15,0.15,0.4 77.851
0.15,0.15,0.45 2.60319
0.15,0.2,0 1.18728e-10
0.15,0.2,0.05 66.9274
0.15,0.2,0.1 418.931
0.15,0.2,0.15 222.179
0.15,0.2,0.2 265.424
0.15,0.2,0.25 521.685
0.15,0.2,0.3 235.412
0.15,0.2,0.35 178.739
0.15,0.2,0.4 337.322
0.15,0.2,0.45 44.4475
0.15,0.25,0.05 47.796
0.15,0.25,0.1 475.381
0.15,0.25,0.15 516.005
0.15,0.25,0.2 627.916
0.15,0.25,0.25 760.349
0.15,0.25,0.3 560.325
0.15,0.25,0.35 372.154
0.15,0.25,0.4 446.864
0.15,0.25,0.45 51.0633
0.15,0.3,0 2.09957e-10
0.15,0.3,0.05 18.5452
0.15,0.3,0.1 356.499
0.15,0.3,0.15 438.48
0.15,0.3,0.2 200.776
0.15,0.3,0.25 202.239
0.15,0.3,0.3 313.84
0.15,0.3,0.35 221.046
0.15,0.3,0.4 109.634
0.15,0.3,0.45 9.60309
0.15,0.35,0 4.53044e-09
0.15,0.35,0.05 1.73197
0.15,0.35,0.1 49.5561
0.15,0.35,0.15 92.339
0.15,0.35,0.2 42.1601
0.15,0.35,0.25 8.44286
0.15,0.35,0.3 18.9101
0.15,0.35,0.35 16.222
0.15,0.35,0.4 2.18672
0.15,0.35,0.45 0.1804
0.15,0.35,0.5 0.00332213
0.15,0.4,0 4.37054e-09
0.15,0.4,0.05 0.600724
0.15,0.4,0.1 9.70129
0.15,0.4,0.15 204.041
0.15,0.4,0.2 252.178
0.15,0.4,0.25 18.6718
0.15,0.4,0.3 2.26833
0.15,0.4,0.35 6.0826
0.15,0.4,0.4 83.113
0.15,0.4,0.45 104.114
0.15,0.4,0.5 6.8296
0.15,0.45,0 1.77984e-10
0.15,0.45,0.05 15.214
0.15,0.45,0.1 74.8918
0.15,0.45,0.15 407.505
0.15,0.45,0.2 643.3
0.15,0.45,0.25 270.866
0.15,0.45,0.3 292.159
0.15,0.45,0.35 281.877
0.15,0.45,0.4 374.591
0.15,0.45,0.45 402.049
0.15,0.45,0.5 25.5784
0.15,0.5,0 4.8352e-15
0.15,0.5,0.05 79.1422
0.15,0.5,0.1 386.08
0.15,0.5,0.15 609.682
0.15,0.5,0.2 739.912
0.15,0.5,0.25 581.411
0.15,0.5,0.3 774.203
0.15,0.5,0.35 735.213
0.15,0.5,0.4 498.95
0.15,0.5,0.45 216.699
0.15,0.5,0.5 12.0111
0.15,0.55,0.05 25.6939
0.15,0.55,0.1 158.226
0.15,0.55,0.15 415.542
0.15,0.55,0.2 412.74
0.15,0.55,0.25 223.45
0.15,0.55,0.3 684.986
0.15,0.55,0.35 559.588
0.15,0.55,0.4 466.248
0.15,0.55,0.45 119.115
0.15,0.55,0.5 4.96992
0.15,0.6,0.05 0.0135125
0.15,0.6,0.1 2.32202
0.15,0.6,0.15 32.067
0.15,0.6,0.2 84.3177
0.15,0.6,0.25 100.638
0.15,0.6,0.3 296.648
0.15,0.6,0.35 134.037
0.15,0.6,0.4 308.44
0.15,0.6,0.45 248.366
0.15,0.6,0.5 10.2304
0.15,0.65,0.1 10.1211
0.15,0.65,0.15 134.905
0.15,0.65,0.2 391.516
0.15,0.65,0.25 419.012
0.15,0.65,0.3 176.617
0.15,0.65,0.35 102.051
0.15,0.65,0.4 489.926
0.15,0.65,0.45 271.752
0.15,0.65,0.5 8.56144
0.15,0.7,0.1 17.7371
0.15,0.7,0.15 221.418
0.15,0.7,0.2 515.013
0.15,0.7,0.25 522.88
0.15,0.7,0.3 431.671
0.15,0.7,0.35 128.43
0.15,0.7,0.4 144.333
0.15,0.7,0.45 41.2712
0.15,0.7,0.5 0.462491
0.15,0.75,0.1 1.79332
0.15,0.75,0.15 22.9308
0.15,0.75,0.2 57.7592
0.15,0.75,0.25 79.7752
0.15,0.75,0.3 195.88
0.15,0.75,0.35 63.3441
0.15,0.75,0.4 2.66741
0.15,0.75,0.45 0.328175
0.15,0.8,0.15 0.000305897
0.15,0.8,0.2 0.0233083
0.15,0.8,0.25 0.803987
0.15,0.8,0.3 5.93171
0.15,0.8,0.35 3.32162
0.15,0.8,0.4 0.134246
0.15,0.8,0.45 0.00662605
0.2,0.05,0 2.59192e-12
0.2,0.05,0.05 0.0526829
0.2,0.05,0.1 0.2105
0.2,0.05,0.15 1.80198
0.2,0.05,0.2 40.5568
0.2,0.05,0.25 40.7804
0.2,0.05,0.3 4.73739
0.2,0.05,0.35 21.1459
0.2,0.05,0.4 9.63185
0.2,0.05,0.45 0.0738978
0.2,0.1,0 1.75541e-09
0.2,0.1,0.05 35.6802
0.2,0.1,0.1 142.564
0.2,0.1,0.15 47.8434
0.2,0.1,0.2 285.919
0.2,0.1,0.25 309.019
0.2,0.1,0.3 74.5453
0.2,0.1,0.35 368.306
0.2,0.1,0.4 183.418
0.2,0.1,0.45 2.0622
0.2,0.15,0 4.8048e-09
0.2,0.15,0.05 99.4401
0.2,0.15,0.1 401.996
0.2,0.15,0.15 149.591
0.2,0.15,0.2 235.033
0.2,0.15,0.25 541.847
0.2,0.15,0.3 292.35
0.2,0.15,0.35 334.454
0.2,0.15,0.4 181.922
0.2,0.15,0.45 3.45343
0.2,0.2,0 8.14661e-10
0.2,0.2,0.05 32.8152
0.2,0.2,0.1 163.703
0.2,0.2,0.15 258.993
0.2,0.2,0.2 435.17
0.2,0.2,0.25 510.692
0.2,0.2,0.3 283.667
0.2,0.2,0.35 319.708
0.2,0.2,0.4 304.708
0.2,0.2,0.45 23.7848
0.2,0.25,0.05 74.5004
0.2,0.25,0.1 402.872
0.2,0.25,0.15 323.718
0.2,0.25,0.2 624.087
0.2,0.25,0.25 530.233
0.2,0.25,0.3 493.081
0.2,0.25,0.35 852.183
0.2,0.25,0.4 547.53
0.2,0.25,0.45 26.0388
0.2,0.3,0 1.40098e-08
0.2,0.3,0.05 56.857
0.2,0.3,0.1 429.363
0.2,0.3,0.15 408.188
0.2,0.3,0.2 648.068
0.2,0.3,0.25 488.345
0.2,0.3,0.3 288.792
0.2,0.3,0.35 346.761
0.2,0.3,0.4 152.072
0.2,0.3,0.45 2.43904
0.2,0.35,0 3.02302e-07
0.2,0.35,0.05 43.621
0.2,0.35,0.1 220.97
0.2,0.35,0.15 163.884
0.2,0.35,0.2 105.329
0.2,0.35,0.25 52.4193
0.2,0.35,0.3 6.92989
0.2,0.35,0.35 8.62935
0.2,0.35,0.4 4.99552
0.2,0.35,0.45 0.404055
0.2,0.35,0.5 0.000471213
0.2,0.4,0 2.91925e-07
0.2,0.4,0.05 48.275
0.2,0.4,0.1 215.897
0.2,0.4,0.15 317.771
0.2,0.4,0.2 183.087
0.2,0.4,0.25 16.5818
0.2,0.4,0.3 6.75134
0.2,0.4,0.35 13.18
0.2,0.4,0.4 56.982
0.2,0.4,0.45 29.964
0.2,0.4,0.5 1.0899
0.2,0.45,0 1.28893e-08
0.2,0.45,0.05 43.1669
0.2,0.45,0.1 223.933
0.2,0.45,0.15 531.925
0.2,0.45,0.2 491.437
0.2,0.45,0.25 185.671
0.2,0.45,0.3 374.802
0.2,0.45,0.35 392.541
0.2,0.45,0.4 513.564
0.2,0.45,0.45 303.146
0.2,0.45,0.5 12.3758
0.2,0.5,0 2.18887e-10
0.2,0.5,0.05 75.3337
0.2,0.5,0.1 403.102
0.2,0.5,0.15 590.385
0.2,0.5,0.2 563.256
0.2,0.5,0.25 299.86
0.2,0.5,0.3 776.084
0.2,0.5,0.35 700.936
0.2,0.5,0.4 604.735
0.2,0.5,0.45 412.789
0.2,0.5,0.5 18.3359
0.2,0.55,0.05 25.2077
0.2,0.55,0.1 135.942
0.2,0.55,0.15 238.394
0.2,0.55,0.2 362.264
0.2,0.55,0.25 209.825
0.2,0.55,0.3 700.017
0.2,0.55,0.35 471.257
0.2,0.55,0.4 425.371
0.2,0.55,0.45 126.01
0.2,0.55,0.5 3.43691
0.2,0.6,0.05 0.262911
0.2,0.6,0.1 2.1394
0.2,0.6,0.15 156.15
0.2,0.6,0.2 577.541
0.2,0.6,0.25 284.515
0.2,0.6,0.3 539.594
0.2,0.6,0.35 323.34
0.2,0.6,0.4 472.053
0.2,0.6,0.45 151.23
0.2,0.6,0.5 3.73215
0.2,0.65,0.05 2.07955
0.2,0.65,0.1 33.3459
0.2,0.65,0.15 258.617
0.2,0.65,0.2 718.618
0.2,0.65,0.25 559.066
0.2,0.65,0.3 246.284
0.2,0.65,0.35 302.331
0.2,0.65,0.4 724.535
0.2,0.65,0.45 208.99
0.2,0.65,0.5 4.1345
0.2,0.7,0.05 3.84701
0.2,0.7,0.1 60.3233
0.2,0.7,0.15 305.104
0.2,0.7,0.2 447.993
0.2,0.7,0.25 503.573
0.2,0.7,0.3 436.201
0.2,0.7,0.35 378.836
0.2,0.7,0.4 363.966
0.2,0.7,0.45 58.1109
0.2,0.7,0.5 0.224639
0.2,0.75,0.05 0.416358
0.2,0.75,0.1 6.35432
0.2,0.75,0.15 31.2098
0.2,0.75,0.2 105.834
0.2,0.75,0.25 188.382
0.2,0.75,0.3 362.243
0.2,0.75,0.35 327.48
0.2,0.75,0.4 143.037
0.2,0.75,0.45 11.8231
0.2,0.8,0.15 0.067379
0.2,0.8,0.2 5.1464
0.2,0.8,0.25 13.0198
0.2,0.8,0.3 56.2054
0.2,0.8,0.35 43.7214
0.2,0.8,0.4 7.95431
0.2,0.8,0.45 0.606261
0.25,0.05,0 1.08787e-12
0.25,0.05,0.05 0.0221119
0.25,0.05,0.1 0.0883507
0.25,0.05,0.15 0.370538
0.25,0.05,0.2 10.6039
0.25,0.05,0.25 17.7738
0.25,0.05,0.3 9.47817
0.25,0.05,0.35 11.6059
0.25,0.05,0.4 5.19771
0.25,0.05,0.45 0.110412
0.25,0.1,0 7.36776e-10
0.25,0.1,0.05 14.9756
0.25,0.1,0.1 59.8911
0.25,0.1,0.15 19.7523
0.25,0.1,0.2 104.766
0.25,0.1,0.25 232.981
0.25,0.1,0.3 150.687
0.25,0.1,0.35 283.915
0.25,0.1,0.4 163.126
0.25,0.1,0.45 3.68357
0.25,0.15,0 2.01665e-09
0.25,0.15,0.05 41.3067
0.25,0.15,0.1 167.097
0.25,0.15,0.15 113.613
0.25,0.15,0.2 324.638
0.25,0.15,0.25 604.609
0.25,0.15,0.3 318.022
0.25,0.15,0.35 352.773
0.25,0.15,0.4 207.23
0.25,0.15,0.45 4.5395
0.25,0.2,0 3.41926e-10
0.25,0.2,0.05 12.2734
0.25,0.2,0.1 65.452
0.25,0.2,0.15 256.263
0.25,0.2,0.2 681.501
0.25,0.2,0.25 664.236
0.25,0.2,0.3 339.767
0.25,0.2,0.35 411.498
0.25,0.2,0.4 227.26
0.25,0.2,0.45 12.2248
0.25,0.25,0.05 39.174
0.25,0.25,0.1 199.273
0.25,0.25,0.15 159.298
0.25,0.25,0.2 337.241
0.25,0.25,0.25 215.313
0.25,0.25,0.3 230.538
0.25,0.25,0.35 733.487
0.25,0.25,0.4 443.174
0.25,0.25,0.45 26.682
0.25,0.3,0 2.25687e-08
0.25,0.3,0.05 31.4304
0.25,0.3,0.1 158.168
0.25,0.3,0.15 130.131
0.25,0.3,0.2 396.365
0.25,0.3,0.25 358.878
0.25,0.3,0.3 183.095
0.25,0.3,0.35 224.455
0.25,0.3,0.4 215.86
0.25,0.3,0.45 33.1191
