0.25,0.15,0.45 0.0248491
0.25,0.2,0 3.45875e-10
0.25,0.2,0.05 14.5714
0.25,0.2,0.1 217.236
0.25,0.2,0.15 539.547
0.25,0.2,0.2 584.26
0.25,0.2,0.25 373.958
0.25,0.2,0.3 499.214
0.25,0.2,0.35 517.903
0.25,0.2,0.4 111.494
0.25,0.2,0.45 0.166156
0.25,0.25,0 5.32372e-11
0.25,0.25,0.05 47.7351
0.25,0.25,0.1 268.45
0.25,0.25,0.15 319.677
0.25,0.25,0.2 548.965
0.25,0.25,0.25 268.89
0.25,0.25,0.3 529.148
0.25,0.25,0.35 615.804
0.25,0.25,0.4 108.432
0.25,0.25,0.45 0.277614
0.25,0.3,0 3.97648e-11
0.25,0.3,0.05 37.4133
0.25,0.3,0.1 180.747
0.25,0.3,0.15 244.436
0.25,0.3,0.2 640.776
0.25,0.3,0.25 328.723
0.25,0.3,0.3 174.878
0.25,0.3,0.35 279.478
0.25,0.3,0.4 102.382
0.25,0.3,0.45 0.753628
0.25,0.35,0 3.4043e-11
0.25,0.35,0.05 71.3179
0.25,0.35,0.1 376.472
0.25,0.35,0.15 401.439
0.25,0.35,0.2 168.897
0.25,0.35,0.25 51.06
0.25,0.35,0.3 23.7437
0.25,0.35,0.35 40.7081
0.25,0.35,0.4 20.7235
0.25,0.35,0.45 0.16932
0.25,0.4,0 1.22504e-10
0.25,0.4,0.05 99.5442
0.25,0.4,0.1 459.484
0.25,0.4,0.15 418.933
0.25,0.4,0.2 184.079
0.25,0.4,0.25 79.9576
0.25,0.4,0.3 11.1306
0.25,0.4,0.35 0.529512
0.25,0.4,0.4 0.105727
0.25,0.4,0.45 0.0073259
0.25,0.4,0.5 3.11848e-05
0.25,0.45,0 8.80595e-10
0.25,0.45,0.05 148.451
0.25,0.45,0.1 639.721
0.25,0.45,0.15 448.716
0.25,0.45,0.2 291.09
0.25,0.45,0.25 425.749
0.25,0.45,0.3 237.134
0.25,0.45,0.35 141.98
0.25,0.45,0.4 137.665
0.25,0.45,0.45 22.7449
0.25,0.45,0.5 0.0192407
0.25,0.5,0 1.46034e-09
0.25,0.5,0.05 169.431
0.25,0.5,0.1 734.313
0.25,0.5,0.15 362.233
0.25,0.5,0.2 301.376
0.25,0.5,0.25 423.111
0.25,0.5,0.3 783.513
0.25,0.5,0.35 562.84
0.25,0.5,0.4 544.502
0.25,0.5,0.45 107.456
0.25,0.5,0.5 0.183284
0.25,0.55,0 2.23998e-09
0.25,0.55,0.05 69.0263
0.25,0.55,0.1 344.786
0.25,0.55,0.15 360.561
0.25,0.55,0.2 360.548
0.25,0.55,0.25 289.667
0.25,0.55,0.3 635.456
0.25,0.55,0.35 658.706
0.25,0.55,0.4 558.631
0.25,0.55,0.45 100.75
0.25,0.55,0.5 0.105362
0.25,0.6,0 1.73335e-08
0.25,0.6,0.05 10.7672
0.25,0.6,0.1 66.788
0.25,0.6,0.15 355.818
0.25,0.6,0.2 628.791
0.25,0.6,0.25 532.913
0.25,0.6,0.3 479.42
0.25,0.6,0.35 490.818
0.25,0.6,0.4 324.025
0.25,0.6,0.45 44.6704
0.25,0.6,0.5 0.00128738
0.25,0.65,0 1.10698e-08
0.25,0.65,0.05 77.8858
0.25,0.65,0.1 331.378
0.25,0.65,0.15 426.924
0.25,0.65,0.2 448.745
0.25,0.65,0.25 209.655
0.25,0.65,0.3 410.427
0.25,0.65,0.35 367.138
0.25,0.65,0.4 73.3908
0.25,0.65,0.45 5.14135
0.25,0.7,0 2.14309e-09
0.25,0.7,0.05 95.1179
0.25,0.7,0.1 428.569
0.25,0.7,0.15 487.058
0.25,0.7,0.2 464.263
0.25,0.7,0.25 271.832
0.25,0.7,0.3 248.366
0.25,0.7,0.35 126.98
0.25,0.7,0.4 4.47067
0.25,0.7,0.45 0.0643447
0.25,0.75,0 1.56936e-10
0.25,0.75,0.05 8.95134
0.25,0.75,0.1 54.2776
0.25,0.75,0.15 353.872
0.25,0.75,0.2 769.316
0.25,0.75,0.25 460.357
0.25,0.75,0.3 254.282
0.25,0.75,0.35 116.081
0.25,0.75,0.4 1.86446
0.25,0.8,0.1 0.571198
0.25,0.8,0.15 87.8786
0.25,0.8,0.2 210.043
0.25,0.8,0.25 78.7595
0.25,0.8,0.3 68.377
0.25,0.8,0.35 36.6909
0.25,0.8,0.4 0.61821
0.25,0.85,0.1 0.00190273
0.25,0.85,0.15 0.211697
0.25,0.85,0.2 0.412297
0.25,0.85,0.25 0.110897
0.25,0.85,0.3 0.0775467
0.25,0.85,0.35 0.0362191
0.25,0.85,0.4 0.000609974
0.3,0.05,0 3.73392e-15
0.3,0.05,0.05 0.000891285
0.3,0.05,0.1 0.154136
0.3,0.05,0.15 19.0255
0.3,0.05,0.2 65.7635
0.3,0.05,0.25 72.7816
0.3,0.05,0.3 69.0631
0.3,0.05,0.35 4.83054
0.3,0.05,0.4 0.0234091
0.3,0.1,0 2.52885e-12
0.3,0.1,0.05 0.202302
0.3,0.1,0.1 28.2946
0.3,0.1,0.15 170.348
0.3,0.1,0.2 402.074
0.3,0.1,0.25 377.959
0.3,0.1,0.3 365.866
0.3,0.1,0.35 50.8762
0.3,0.1,0.4 0.733047
0.3,0.15,0 6.92181e-12
0.3,0.15,0.05 6.47267
0.3,0.15,0.1 91.4015
0.3,0.15,0.15 304.912
0.3,0.15,0.2 499.983
0.3,0.15,0.25 341.845
0.3,0.15,0.3 462.195
0.3,0.15,0.35 293.337
0.3,0.15,0.4 26.4783
0.3,0.15,0.45 0.0516506
0.3,0.2,0 1.22057e-12
0.3,0.2,0.05 66.9364
0.3,0.2,0.1 330.194
0.3,0.2,0.15 400.454
0.3,0.2,0.2 633.621
0.3,0.2,0.25 305.833
0.3,0.2,0.3 578.973
0.3,0.2,0.35 586.213
0.3,0.2,0.4 149.212
0.3,0.2,0.45 0.345366
0.3,0.25,0 6.3325e-13
0.3,0.25,0.05 69.3472
0.3,0.25,0.1 416.888
0.3,0.25,0.15 291.695
0.3,0.25,0.2 341.344
0.3,0.25,0.25 254.471
0.3,0.25,0.3 522.116
0.3,0.25,0.35 564.63
0.3,0.25,0.4 137.659
0.3,0.25,0.45 0.55209
0.3,0.3,0 6.48064e-13
0.3,0.3,0.05 27.0464
0.3,0.3,0.1 159.53
0.3,0.3,0.15 321.336
0.3,0.3,0.2 502.295
0.3,0.3,0.25 474.554
0.3,0.3,0.3 496.875
0.3,0.3,0.35 514.142
0.3,0.3,0.4 194.743
0.3,0.3,0.45 1.47673
0.3,0.35,0 7.94599e-12
0.3,0.35,0.05 33.3031
0.3,0.35,0.1 241.064
0.3,0.35,0.15 688.711
0.3,0.35,0.2 529.787
0.3,0.35,0.25 134.68
0.3,0.35,0.3 96.1894
0.3,0.35,0.35 87.689
0.3,0.35,0.4 40.7005
0.3,0.35,0.45 0.331775
0.3,0.4,0 4.16252e-11
0.3,0.4,0.05 104.701
0.3,0.4,0.1 505.46
0.3,0.4,0.15 749.966
0.3,0.4,0.2 501.477
0.3,0.4,0.25 83.1852
0.3,0.4,0.3 8.37672
0.3,0.4,0.35 0.62533
0.3,0.4,0.4 2.48616
0.3,0.4,0.45 0.782856
0.3,0.4,0.5 0.000412544
0.3,0.45,0 5.23961e-10
0.3,0.45,0.05 76.9162
0.3,0.45,0.1 361.521
0.3,0.45,0.15 565.698
0.3,0.45,0.2 537.376
0.3,0.45,0.25 332.461
0.3,0.45,0.3 167.691
0.3,0.45,0.35 106.448
0.3,0.45,0.4 37.1714
0.3,0.45,0.45 6.45914
0.3,0.45,0.5 0.00177583
0.3,0.5,0 8.73028e-10
0.3,0.5,0.05 100.924
0.3,0.5,0.1 493.901
0.3,0.5,0.15 250.047
0.3,0.5,0.2 204.372
0.3,0.5,0.25 286.07
0.3,0.5,0.3 723.931
0.3,0.5,0.35 515.072
0.3,0.5,0.4 99.2911
0.3,0.5,0.45 11.9745
0.3,0.5,0.5 0.000478467
0.3,0.55,0 6.17099e-08
0.3,0.55,0.05 59.7607
0.3,0.55,0.1 323.805
0.3,0.55,0.15 240.644
0.3,0.55,0.2 326.979
0.3,0.55,0.25 232.527
0.3,0.55,0.3 678.528
0.3,0.55,0.35 372.925
0.3,0.55,0.4 150.014
0.3,0.55,0.45 17.8074
0.3,0.55,0.5 4.61217e-07
0.3,0.6,0 5.15612e-07
0.3,0.6,0.05 67.7776
0.3,0.6,0.1 279.845
0.3,0.6,0.15 273.775
0.3,0.6,0.2 658.713
0.3,0.6,0.25 440.975
0.3,0.6,0.3 584.641
0.3,0.6,0.35 490.916
0.3,0.6,0.4 469.288
0.3,0.6,0.45 46.0629
0.3,0.6,0.5 5.56186e-09
0.3,0.65,0 2.57486e-07
0.3,0.65,0.05 78.9181
0.3,0.65,0.1 320.483
0.3,0.65,0.15 265.302
0.3,0.65,0.2 401.164
0.3,0.65,0.25 431.198
0.3,0.65,0.3 643.257
0.3,0.65,0.35 345.281
0.3,0.65,0.4 229.77
0.3,0.65,0.45 22.5259
0.3,0.7,0 2.71045e-09
0.3,0.7,0.05 67.9695
0.3,0.7,0.1 275.153
0.3,0.7,0.15 267.558
0.3,0.7,0.2 464.866
0.3,0.7,0.25 329.338
0.3,0.7,0.3 254.969
0.3,0.7,0.35 139.02
0.3,0.7,0.4 8.03003
0.3,0.7,0.45 0.301406
0.3,0.75,0 8.54123e-11
0.3,0.75,0.05 5.81105
0.3,0.75,0.1 24.955
0.3,0.75,0.15 177.356
0.3,0.75,0.2 512.205
0.3,0.75,0.25 369.004
0.3,0.75,0.3 158.28
0.3,0.75,0.35 51.4995
0.3,0.75,0.4 1.23264
0.3,0.8,0.1 0.545735
0.3,0.8,0.15 63.2755
0.3,0.8,0.2 135.251
0.3,0.8,0.25 38.9619
0.3,0.8,0.3 15.9843
0.3,0.8,0.35 3.20524
0.3,0.8,0.4 0.00462156
0.3,0.85,0.1 0.00201539
0.3,0.85,0.15 0.224232
0.3,0.85,0.2 0.425314
0.3,0.85,0.25 0.0475104
0.3,0.85,0.3 0.000417372
0.3,0.85,0.35 0.000270387
0.3,0.85,0.4 4.55681e-06
0.35,0.05,0.05 0.00224056
0.35,0.05,0.1 0.416199
0.35,0.05,0.15 2.77884
0.35,0.05,0.2 7.14667
0.35,0.05,0.25 19.904
0.35,0.05,0.3 21.1479
0.35,0.05,0.35 1.15231
0.35,0.1,0.05 0.449948
0.35,0.1,0.1 77.6678
0.35,0.1,0.15 178.812
0.35,0.1,0.2 63.8904
0.35,0.1,0.25 142.85
0.35,0.1,0.3 162.021
0.35,0.1,0.35 15.0395
0.35,0.1,0.4 0.150935
0.35,0.15,0.05 8.16446
0.35,0.15,0.1 202.981
0.35,0.15,0.15 412.313
0.35,0.15,0.2 127.699
0.35,0.15,0.25 226.438
0.35,0.15,0.3 312.198
0.35,0.15,0.35 85.9518
0.35,0.15,0.4 4.11773
0.35,0.15,0.45 0.00643653
0.35,0.2,0 7.88597e-11
0.35,0.2,0.05 79.743
0.35,0.2,0.1 399.131
0.35,0.2,0.15 389.97
0.35,0.2,0.2 503.042
0.35,0.2,0.25 413.405
0.35,0.2,0.3 497.293
0.35,0.2,0.35 165.054
0.35,0.2,0.4 22.4085
0.35,0.2,0.45 0.0430383
0.35,0.25,0 1.99402e-09
0.35,0.25,0.05 111.217
0.35,0.25,0.1 646.028
0.35,0.25,0.15 595.231
0.35,0.25,0.2 418.629
0.35,0.25,0.25 270.183
0.35,0.25,0.3 575.035
0.35,0.25,0.35 382.348
0.35,0.25,0.4 45.6289
0.35,0.25,0.45 0.0653186
0.35,0.3,0 2.09985e-09
0.35,0.3,0.05 118.611
0.35,0.3,0.1 540.219
0.35,0.3,0.15 469.212
0.35,0.3,0.2 378.424
0.35,0.3,0.25 499.363
0.35,0.3,0.3 883.927
0.35,0.3,0.35 322.421
0.35,0.3,0.4 37.3877
0.35,0.3,0.45 0.171506
0.35,0.35,0 1.34567e-10
0.35,0.35,0.05 82.2677
0.35,0.35,0.1 361.551
0.35,0.35,0.15 513.507
0.35,0.35,0.2 442.325
0.35,0.35,0.25 261.693
0.35,0.35,0.3 266.049
0.35,0.35,0.35 48.2383
0.35,0.35,0.4 4.84043
0.35,0.35,0.45 0.0385312
0.35,0.4,0 1.37985e-10
0.35,0.4,0.05 163.813
0.35,0.4,0.1 756.801
0.35,0.4,0.15 806.947
0.35,0.4,0.2 502.954
0.35,0.4,0.25 52.5882
0.35,0.4,0.3 8.44603
0.35,0.4,0.35 20.0594
0.35,0.4,0.4 68.6422
0.35,0.4,0.45 21.3411
0.35,0.4,0.5 0.0112564
0.35,0.45,0 1.92082e-09
0.35,0.45,0.05 96.3882
0.35,0.45,0.1 463.812
0.35,0.45,0.15 630.659
0.35,0.45,0.2 704.153
0.35,0.45,0.25 292.915
0.35,0.45,0.3 142.342
0.35,0.45,0.35 265.077
0.35,0.45,0.4 363.688
0.35,0.45,0.45 92.3404
0.35,0.45,0.5 0.0484585
0.35,0.5,0 2.142e-09
0.35,0.5,0.05 104.993
0.35,0.5,0.1 582.428
0.35,0.5,0.15 427.897
0.35,0.5,0.2 566.786
0.35,0.5,0.25 740.752
0.35,0.5,0.3 575.784
0.35,0.5,0.35 410.793
0.35,0.5,0.4 167.56
0.35,0.5,0.45 25.3262
0.35,0.5,0.5 0.013044
0.35,0.55,0 7.22371e-08
0.35,0.55,0.05 48.4093
0.35,0.55,0.1 343.62
0.35,0.55,0.15 436.387
0.35,0.55,0.2 616.258
0.35,0.55,0.25 455.518
0.35,0.55,0.3 484.492
0.35,0.55,0.35 267.363
0.35,0.55,0.4 123.77
0.35,0.55,0.45 5.23705
0.35,0.55,0.5 1.01022e-06
0.35,0.6,0 5.99459e-07
0.35,0.6,0.05 91.6334
0.35,0.6,0.1 408.634
0.35,0.6,0.15 596.897
0.35,0.6,0.2 968.886
0.35,0.6,0.25 520.943
0.35,0.6,0.3 582.626
0.35,0.6,0.35 696.317
0.35,0.6,0.4 523.132
0.35,0.6,0.45 23.7498
0.35,0.65,0 2.98019e-07
0.35,0.65,0.05 114.475
0.35,0.65,0.1 478.199
0.35,0.65,0.15 352.542
0.35,0.65,0.2 399.713
0.35,0.65,0.25 434.55
0.35,0.65,0.3 551.678
0.35,0.65,0.35 467.619
0.35,0.65,0.4 246.007
0.35,0.65,0.45 9.87213
0.35,0.7,0 2.2604e-09
0.35,0.7,0.05 76.3808
0.35,0.7,0.1 305.879
0.35,0.7,0.15 95.1733
0.35,0.7,0.2 81.7801
0.35,0.7,0.25 346.338
0.35,0.7,0.3 723.608
0.35,0.7,0.35 420.594
0.35,0.7,0.4 29.9793
0.35,0.7,0.45 0.145135
0.35,0.75,0 6.48878e-09
0.35,0.75,0.05 4.14685
0.35,0.75,0.1 16.6475
0.35,0.75,0.15 13.1769
0.35,0.75,0.2 72.4263
0.35,0.75,0.25 222.091
0.35,0.75,0.3 496.007
0.35,0.75,0.35 169.634
0.35,0.75,0.4 4.65902
0.35,0.8,0 2.09747e-08
0.35,0.8,0.05 2.16134
0.35,0.8,0.1 8.61623
0.35,0.8,0.15 5.10203
0.35,0.8,0.2 9.4157
0.35,0.8,0.25 22.7374
0.35,0.8,0.3 55.4474
0.35,0.8,0.35 11.7894
0.35,0.8,0.4 8.12552e-06
0.35,0.85,0 4.23295e-09
0.35,0.85,0.05 0.436185
0.35,0.85,0.1 1.73369
0.35,0.85,0.15 0.441416
0.35,0.85,0.2 0.0204645
0.35,0.85,0.25 0.0022843
0.4,0.05,0.05 0.000381476
0.4,0.05,0.1 0.0708195
0.4,0.05,0.15 0.153335
0.4,0.05,0.2 0.0251063
0.4,0.05,0.25 0.151192
0.4,0.05,0.3 0.192678
0.4,0.05,0.35 0.0256044
0.4,0.05,0.4 0.000387983
0.4,0.1,0.05 3.2856
0.4,0.1,0.1 54.2879
0.4,0.1,0.15 67.5564
0.4,0.1,0.2 11.3735
0.4,0.1,0.25 92.3192
0.4,0.1,0.3 105.574
0.4,0.1,0.35 5.9551
0.4,0.1,0.4 0.00505213
0.4,0.15,0.05 16.6512
0.4,0.15,0.1 287.116
0.4,0.15,0.15 463.657
0.4,0.15,0.2 126.69
0.4,0.15,0.25 344.393
0.4,0.15,0.3 326.111
0.4,0.15,0.35 16.5335
0.4,0.15,0.4 0.00367528
0.4,0.2,0 8.3443e-10
0.4,0.2,0.05 18.7252
0.4,0.2,0.1 246.883
0.4,0.2,0.15 508.91
0.4,0.2,0.2 398.518
0.4,0.2,0.25 523.708
0.4,0.2,0.3 277.52
0.4,0.2,0.35 12.5086
0.4,0.2,0.4 0.241904
0.4,0.25,0 2.11e-08
0.4,0.25,0.05 83.8847
0.4,0.25,0.1 430.822
0.4,0.25,0.15 513.899
0.4,0.25,0.2 327.247
0.4,0.25,0.25 207.66
0.4,0.25,0.3 160.98
0.4,0.25,0.35 32.9123
0.4,0.25,0.4 2.05064
0.4,0.3,0 2.22223e-08
0.4,0.3,0.05 110.531
0.4,0.3,0.1 465.531
0.4,0.3,0.15 321.726
0.4,0.3,0.2 275.029
0.4,0.3,0.25 434.899
0.4,0.3,0.3 424.635
0.4,0.3,0.35 68.8119
0.4,0.3,0.4 1.05389
0.4,0.3,0.45 0.00314265
0.4,0.35,0 1.07642e-09
0.4,0.35,0.05 57.9427
0.4,0.35,0.1 237.881
0.4,0.35,0.15 161.405
0.4,0.35,0.2 202.792
0.4,0.35,0.25 449.434
0.4,0.35,0.3 598.244
0.4,0.35,0.35 123.57
0.4,0.35,0.4 2.16922
0.4,0.35,0.45 0.0293294
0.4,0.4,0 7.44151e-11
0.4,0.4,0.05 65.0019
0.4,0.4,0.1 305.131
0.4,0.4,0.15 421.875
0.4,0.4,0.2 394.172
0.4,0.4,0.25 164.77
0.4,0.4,0.3 310.108
0.4,0.4,0.35 138.297
0.4,0.4,0.4 84.455
0.4,0.4,0.45 23.9065
0.4,0.4,0.5 0.0124085
0.4,0.45,0 1.18589e-09
0.4,0.45,0.05 53.9358
0.4,0.45,0.1 282.679
0.4,0.45,0.15 466.742
0.4,0.45,0.2 493.309
0.4,0.45,0.25 302.45
0.4,0.45,0.3 249.955
0.4,0.45,0.35 448.019
0.4,0.45,0.4 521.035
0.4,0.45,0.45 127.363
0.4,0.45,0.5 0.0568905
0.4,0.5,0 1.32218e-09
0.4,0.5,0.05 57.9144
0.4,0.5,0.1 313.311
0.4,0.5,0.15 464.06
0.4,0.5,0.2 571.258
0.4,0.5,0.25 597.394
0.4,0.5,0.3 336.219
0.4,0.5,0.35 619.212
0.4,0.5,0.4 416.362
0.4,0.5,0.45 67.5756
0.4,0.5,0.5 0.0198578
0.4,0.55,0 1.12705e-08
0.4,0.55,0.05 38.5689
0.4,0.55,0.1 225.347
0.4,0.55,0.15 379.279
0.4,0.55,0.2 388.852
0.4,0.55,0.25 363.516
0.4,0.55,0.3 116.518
0.4,0.55,0.35 149.026
0.4,0.55,0.4 91.0826
0.4,0.55,0.45 5.06262
0.4,0.55,0.5 0.000445896
0.4,0.6,0 6.01517e-08
0.4,0.6,0.05 147.001
0.4,0.6,0.1 607.2
0.4,0.6,0.15 374.474
0.4,0.6,0.2 604.514
0.4,0.6,0.25 450.715
0.4,0.6,0.3 303.817
0.4,0.6,0.35 257.535
0.4,0.6,0.4 149.856
0.4,0.6,0.45 3.58295
0.4,0.65,0 2.32439e-08
0.4,0.65,0.05 72.067
0.4,0.65,0.1 296.659
0.4,0.65,0.15 205.306
0.4,0.65,0.2 412.309
0.4,0.65,0.25 327.2
0.4,0.65,0.3 344.22
0.4,0.65,0.35 364.902
0.4,0.65,0.4 120.695
0.4,0.65,0.45 1.43136
0.4,0.7,0 2.16872e-10
0.4,0.7,0.05 17.1986
0.4,0.7,0.1 68.8637
0.4,0.7,0.15 21.2121
0.4,0.7,0.2 25.6119
0.4,0.7,0.25 155.817
0.4,0.7,0.3 371.537
0.4,0.7,0.35 441.903
0.4,0.7,0.4 65.7847
0.4,0.7,0.45 0.0373824
0.4,0.75,0 2.05596e-07
0.4,0.75,0.05 21.9332
0.4,0.75,0.1 87.1903
0.4,0.75,0.15 21.663
0.4,0.75,0.2 0.358129
0.4,0.75,0.25 37.7497
0.4,0.75,0.3 137.865
0.4,0.75,0.35 80.8751
0.4,0.75,0.4 8.18169
0.4,0.8,0 6.64996e-07
0.4,0.8,0.05 68.5247
0.4,0.8,0.1 272.347
0.4,0.8,0.15 67.6514
0.4,0.8,0.2 0.00149439
0.4,0.8,0.25 4.01666
0.4,0.8,0.3 13.8024
0.4,0.8,0.35 2.96359
0.4,0.8,0.4 1.26011e-06
0.4,0.85,0 1.34204e-07
0.4,0.85,0.05 13.8291
0.4,0.85,0.1 54.9628
0.4,0.85,0.15 13.6529
0.45,0.05,0.2 0.000557286
0.45,0.05,0.25 0.612541
0.45,0.05,0.3 8.50097
0.45,0.05,0.35 6.31418
0.45,0.05,0.4 0.150372
0.45,0.1,0.05 5.74408
0.45,0.1,0.1 70.055
0.45,0.1,0.15 74.1545
0.45,0.1,0.2 32.1107
0.45,0.1,0.25 27.6973
0.45,0.1,0.3 124.883
0.45,0.1,0.35 82.6802
0.45,0.1,0.4 1.95174
0.45,0.15,0.05 30.5031
0.45,0.15,0.1 405.938
