0.25,0.15,0.3 244.514
0.25,0.15,0.35 102.353
0.25,0.15,0.4 7.73428
0.25,0.2,0 1.87484e-09
0.25,0.2,0.05 90.8259
0.25,0.2,0.1 478.289
0.25,0.2,0.15 411.841
0.25,0.2,0.2 401.374
0.25,0.2,0.25 326.899
0.25,0.2,0.3 730.961
0.25,0.2,0.35 350.99
0.25,0.2,0.4 21.509
0.25,0.25,0 8.86408e-10
0.25,0.25,0.05 89.4499
0.25,0.25,0.1 368.237
0.25,0.25,0.15 399.603
0.25,0.25,0.2 592.356
0.25,0.25,0.25 299.903
0.25,0.25,0.3 533.456
0.25,0.25,0.35 179.015
0.25,0.25,0.4 3.79419
0.25,0.3,0 1.46373e-11
0.25,0.3,0.05 46.1469
0.25,0.3,0.1 213.882
0.25,0.3,0.15 375.653
0.25,0.3,0.2 575.454
0.25,0.3,0.25 188.047
0.25,0.3,0.3 171.333
0.25,0.3,0.35 56.6866
0.25,0.3,0.4 0.0567591
0.25,0.35,0 2.13474e-13
0.25,0.35,0.05 82.4872
0.25,0.35,0.1 414.585
0.25,0.35,0.15 278.573
0.25,0.35,0.2 110.719
0.25,0.35,0.25 20.9243
0.25,0.35,0.3 21.6921
0.25,0.35,0.35 7.41979
0.25,0.35,0.4 0.00765575
0.25,0.4,0 1.33681e-10
0.25,0.4,0.05 112.457
0.25,0.4,0.1 525.431
0.25,0.4,0.15 336.286
0.25,0.4,0.2 125.673
0.25,0.4,0.25 16.3497
0.25,0.4,0.3 0.292193
0.25,0.45,0 1.00203e-09
0.25,0.45,0.05 148.009
0.25,0.45,0.1 656.028
0.25,0.45,0.15 433.904
0.25,0.45,0.2 311.323
0.25,0.45,0.25 205.007
0.25,0.45,0.3 34.2496
0.25,0.45,0.35 16.9469
0.25,0.45,0.4 0.654004
0.25,0.45,0.45 0.00134351
0.25,0.5,0 1.72002e-09
0.25,0.5,0.05 180.47
0.25,0.5,0.1 735.895
0.25,0.5,0.15 347.617
0.25,0.5,0.2 460.325
0.25,0.5,0.25 599.584
0.25,0.5,0.3 424.868
0.25,0.5,0.35 329.85
0.25,0.5,0.4 82.4619
0.25,0.5,0.45 2.43473
0.25,0.55,0 2.48348e-09
0.25,0.55,0.05 126.193
0.25,0.55,0.1 550.483
0.25,0.55,0.15 204.454
0.25,0.55,0.2 202.417
0.25,0.55,0.25 659.603
0.25,0.55,0.3 667.855
0.25,0.55,0.35 717.012
0.25,0.55,0.4 298.468
0.25,0.55,0.45 7.8113
0.25,0.6,0 1.70046e-08
0.25,0.6,0.05 83.6359
0.25,0.6,0.1 419.678
0.25,0.6,0.15 246.068
0.25,0.6,0.2 326.372
0.25,0.6,0.25 566.906
0.25,0.6,0.3 516.315
0.25,0.6,0.35 592.292
0.25,0.6,0.4 238.167
0.25,0.6,0.45 2.6586
0.25,0.65,0 8.54156e-09
0.25,0.65,0.05 87.7066
0.25,0.65,0.1 393.14
0.25,0.65,0.15 568.977
0.25,0.65,0.2 674.714
0.25,0.65,0.25 331.739
0.25,0.65,0.3 394.141
0.25,0.65,0.35 386.725
0.25,0.65,0.4 66.9133
0.25,0.65,0.45 0.302303
0.25,0.7,0 4.00068e-09
0.25,0.7,0.05 119.64
0.25,0.7,0.1 536.762
0.25,0.7,0.15 493.038
0.25,0.7,0.2 363.84
0.25,0.7,0.25 201.505
0.25,0.7,0.3 411.655
0.25,0.7,0.35 197.041
0.25,0.7,0.4 12.605
0.25,0.7,0.45 2.16526e-07
0.25,0.75,0 2.32627e-08
0.25,0.75,0.05 155.067
0.25,0.75,0.1 661.916
0.25,0.75,0.15 339.919
0.25,0.75,0.2 268.11
0.25,0.75,0.25 132.554
0.25,0.75,0.3 70.0679
0.25,0.75,0.35 11.4289
0.25,0.75,0.4 0.173672
0.25,0.75,0.45 3.11134e-09
0.25,0.8,0 8.75525e-09
0.25,0.8,0.05 54.3608
0.25,0.8,0.1 245.961
0.25,0.8,0.15 218.709
0.25,0.8,0.2 153.559
0.25,0.8,0.25 86.145
0.25,0.8,0.3 6.28067
0.25,0.8,0.35 3.11026e-06
0.25,0.85,0 1.5936e-11
0.25,0.85,0.05 0.0949262
0.25,0.85,0.1 4.26835
0.25,0.85,0.15 22.3873
0.25,0.85,0.2 19.4146
0.25,0.85,0.25 21.5934
0.25,0.85,0.3 2.42187
0.25,0.9,0.15 0.000267925
0.25,0.9,0.2 0.0306014
0.25,0.9,0.25 0.0584793
0.25,0.9,0.3 0.00658774
0.3,0,0.1 8.98235e-13
0.3,0,0.15 3.69085e-11
0.3,0,0.2 7.2462e-11
0.3,0,0.25 4.93977e-10
0.3,0,0.3 4.6626e-10
0.3,0,0.35 1.84664e-11
0.3,0.05,0 8.01219e-13
0.3,0.05,0.05 0.302368
0.3,0.05,0.1 2.77968
0.3,0.05,0.15 64.5484
0.3,0.05,0.2 89.344
0.3,0.05,0.25 84.1064
0.3,0.05,0.3 73.0299
0.3,0.05,0.35 2.86132
0.3,0.1,0 3.75156e-11
0.3,0.1,0.05 13.7308
0.3,0.1,0.1 73.5458
0.3,0.1,0.15 332.329
0.3,0.1,0.2 437.616
0.3,0.1,0.25 391.215
0.3,0.1,0.3 370.7
0.3,0.1,0.35 20.7431
0.3,0.1,0.4 0.0157895
0.3,0.15,0 6.5408e-11
0.3,0.15,0.05 27.9747
0.3,0.15,0.1 241.205
0.3,0.15,0.15 456.639
0.3,0.15,0.2 534.291
0.3,0.15,0.25 412.037
0.3,0.15,0.3 536.303
0.3,0.15,0.35 161.964
0.3,0.15,0.4 11.8187
0.3,0.2,0 1.11971e-10
0.3,0.2,0.05 80.4508
0.3,0.2,0.1 429.665
0.3,0.2,0.15 590.307
0.3,0.2,0.2 496.521
0.3,0.2,0.25 500.422
0.3,0.2,0.3 636.799
0.3,0.2,0.35 376.848
0.3,0.2,0.4 33.0225
0.3,0.25,0 6.67656e-11
0.3,0.25,0.05 95.85
0.3,0.25,0.1 411.424
0.3,0.25,0.15 284.481
0.3,0.25,0.2 298.167
0.3,0.25,0.25 484.373
0.3,0.25,0.3 581.728
0.3,0.25,0.35 215.514
0.3,0.25,0.4 6.3886
0.3,0.3,0 1.42852e-11
0.3,0.3,0.05 35.7173
0.3,0.3,0.1 249.904
0.3,0.3,0.15 510.155
0.3,0.3,0.2 459.619
0.3,0.3,0.25 439.918
0.3,0.3,0.3 493.592
0.3,0.3,0.35 155.914
0.3,0.3,0.4 0.270168
0.3,0.35,0 4.29253e-12
0.3,0.35,0.05 52.119
0.3,0.35,0.1 449.632
0.3,0.35,0.15 712.812
0.3,0.35,0.2 419.5
0.3,0.35,0.25 75.7936
0.3,0.35,0.3 65.5214
0.3,0.35,0.35 21.4346
0.3,0.35,0.4 0.0219961
0.3,0.4,0 4.59665e-11
0.3,0.4,0.05 131.415
0.3,0.4,0.1 712.612
0.3,0.4,0.15 791.799
0.3,0.4,0.2 497.044
0.3,0.4,0.25 42.7393
0.3,0.4,0.3 0.204225
0.3,0.4,0.35 0.0122684
0.3,0.4,0.4 0.00244288
0.3,0.45,0 4.18235e-10
0.3,0.45,0.05 92.4467
0.3,0.45,0.1 434.588
0.3,0.45,0.15 500.224
0.3,0.45,0.2 487.75
0.3,0.45,0.25 156.256
0.3,0.45,0.3 46.7889
0.3,0.45,0.35 22.2252
0.3,0.45,0.4 0.844166
0.3,0.45,0.45 3.18355e-06
0.3,0.5,0 8.39786e-10
0.3,0.5,0.05 121.011
0.3,0.5,0.1 489.988
0.3,0.5,0.15 209.325
0.3,0.5,0.2 271.883
0.3,0.5,0.25 365.358
0.3,0.5,0.3 530.343
0.3,0.5,0.35 234.94
0.3,0.5,0.4 11.0392
0.3,0.5,0.45 0.0354678
0.3,0.55,0 6.18614e-08
0.3,0.55,0.05 88.8962
0.3,0.55,0.1 382.533
0.3,0.55,0.15 282.049
0.3,0.55,0.2 228.889
0.3,0.55,0.25 542.185
0.3,0.55,0.3 572.669
0.3,0.55,0.35 218.195
0.3,0.55,0.4 35.339
0.3,0.55,0.45 0.177269
0.3,0.6,0 5.15615e-07
0.3,0.6,0.05 82.414
0.3,0.6,0.1 359.101
0.3,0.6,0.15 299.893
0.3,0.6,0.2 479.375
0.3,0.6,0.25 681.882
0.3,0.6,0.3 684.571
0.3,0.6,0.35 229.478
0.3,0.6,0.4 45.0715
0.3,0.6,0.45 0.292546
0.3,0.65,0 2.57059e-07
0.3,0.65,0.05 80.5554
0.3,0.65,0.1 334.337
0.3,0.65,0.15 217.928
0.3,0.65,0.2 369.442
0.3,0.65,0.25 558.882
0.3,0.65,0.3 812.565
0.3,0.65,0.35 533.094
0.3,0.65,0.4 79.0924
0.3,0.65,0.45 0.603262
0.3,0.7,0 1.99337e-09
0.3,0.7,0.05 82.3005
0.3,0.7,0.1 410.728
0.3,0.7,0.15 279.694
0.3,0.7,0.2 428.359
0.3,0.7,0.25 155.985
0.3,0.7,0.3 187.79
0.3,0.7,0.35 239.013
0.3,0.7,0.4 42.4287
0.3,0.7,0.45 0.336246
0.3,0.75,0 2.66982e-10
0.3,0.75,0.05 59.1976
0.3,0.75,0.1 439.066
0.3,0.75,0.15 342.968
0.3,0.75,0.2 292.823
0.3,0.75,0.25 70.516
0.3,0.75,0.3 4.11169
0.3,0.75,0.35 3.14675
0.3,0.75,0.4 0.578187
0.3,0.75,0.45 0.00483163
0.3,0.8,0 9.7704e-11
0.3,0.8,0.05 13.2906
0.3,0.8,0.1 85.1078
0.3,0.8,0.15 52.3263
0.3,0.8,0.2 12.346
0.3,0.8,0.25 2.29358
0.3,0.8,0.3 0.0142701
0.3,0.85,0 1.7267e-13
0.3,0.85,0.05 0.0147319
0.3,0.85,0.1 0.0670529
0.3,0.85,0.15 0.0608952
0.3,0.85,0.2 0.0167889
0.3,0.85,0.25 0.00033104
0.3,0.85,0.3 2.58354e-06
0.35,0,0.1 1.0915e-13
0.35,0,0.15 4.48499e-12
0.35,0,0.2 1.36352e-11
0.35,0,0.25 1.61573e-10
0.35,0,0.3 1.53173e-10
0.35,0,0.35 6.06646e-12
0.35,0.05,0 3.76251e-12
0.35,0.05,0.05 1.42621
0.35,0.05,0.1 5.87795
0.35,0.05,0.15 8.73612
0.35,0.05,0.2 11.6741
0.35,0.05,0.25 26.0899
0.35,0.05,0.3 23.7276
0.35,0.05,0.35 0.939581
0.35,0.1,0 1.65787e-10
0.35,0.1,0.05 63.5439
0.35,0.1,0.1 254.942
0.35,0.1,0.15 96.0683
0.35,0.1,0.2 78.3501
0.35,0.1,0.25 146.849
0.35,0.1,0.3 129.654
0.35,0.1,0.35 7.73135
0.35,0.1,0.4 0.00133256
0.35,0.15,0 2.34673e-10
0.35,0.15,0.05 102.496
0.35,0.15,0.1 417.622
0.35,0.15,0.15 195.931
0.35,0.15,0.2 208.397
0.35,0.15,0.25 306.753
0.35,0.15,0.3 214.091
0.35,0.15,0.35 29.6773
0.35,0.15,0.4 0.997697
0.35,0.2,0 3.00627e-11
0.35,0.2,0.05 108.865
0.35,0.2,0.1 481.164
0.35,0.2,0.15 498.844
0.35,0.2,0.2 459.732
0.35,0.2,0.25 529.62
0.35,0.2,0.3 284.114
0.35,0.2,0.35 91.6671
0.35,0.2,0.4 3.20601
0.35,0.25,0 2.16314e-11
0.35,0.25,0.05 163.712
0.35,0.25,0.1 778.915
0.35,0.25,0.15 626.732
0.35,0.25,0.2 296.83
0.35,0.25,0.25 571.91
0.35,0.25,0.3 691.634
0.35,0.25,0.35 202.538
0.35,0.25,0.4 1.81466
0.35,0.3,0 6.24859e-11
0.35,0.3,0.05 129.999
0.35,0.3,0.1 586.443
0.35,0.3,0.15 506.023
0.35,0.3,0.2 582.968
0.35,0.3,0.25 614.575
0.35,0.3,0.3 507.425
0.35,0.3,0.35 72.2983
0.35,0.3,0.4 0.275746
0.35,0.35,0 2.01005e-11
0.35,0.35,0.05 95.4591
0.35,0.35,0.1 430.358
0.35,0.35,0.15 352.732
0.35,0.35,0.2 415.627
0.35,0.35,0.25 133.044
0.35,0.35,0.3 56.083
0.35,0.35,0.35 6.29506
0.35,0.35,0.4 0.00392607
0.35,0.4,0 9.65721e-14
0.35,0.4,0.05 173.16
0.35,0.4,0.1 868.95
0.35,0.4,0.15 616.343
0.35,0.4,0.2 308.818
0.35,0.4,0.25 37.3987
0.35,0.4,0.3 24.2152
0.35,0.4,0.35 19.0688
0.35,0.4,0.4 5.10975
0.35,0.4,0.45 0.00157787
0.35,0.45,0 4.4694e-12
0.35,0.45,0.05 111.012
0.35,0.45,0.1 667.181
0.35,0.45,0.15 714.437
0.35,0.45,0.2 607.724
0.35,0.45,0.25 108.806
0.35,0.45,0.3 88.3281
0.35,0.45,0.35 200.981
0.35,0.45,0.4 47.833
0.35,0.45,0.45 0.00819134
0.35,0.5,0 4.25962e-11
0.35,0.5,0.05 145.891
0.35,0.5,0.1 619.626
0.35,0.5,0.15 394.086
0.35,0.5,0.2 542.836
0.35,0.5,0.25 503.753
0.35,0.5,0.3 504.651
0.35,0.5,0.35 374.475
0.35,0.5,0.4 59.2281
0.35,0.5,0.45 0.00264992
0.35,0.55,0 7.21624e-08
0.35,0.55,0.05 92.1182
0.35,0.55,0.1 416.652
0.35,0.55,0.15 523.6
0.35,0.55,0.2 557.042
0.35,0.55,0.25 497.792
0.35,0.55,0.3 380.08
0.35,0.55,0.35 107.06
0.35,0.55,0.4 7.30612
0.35,0.55,0.45 1.34113e-06
0.35,0.6,0 5.99458e-07
0.35,0.6,0.05 93.9011
0.35,0.6,0.1 438.999
0.35,0.6,0.15 717.079
0.35,0.6,0.2 869.738
0.35,0.6,0.25 403.838
0.35,0.6,0.3 462.412
0.35,0.6,0.35 142.25
0.35,0.6,0.4 19.3362
0.35,0.6,0.45 0.197928
0.35,0.65,0 2.97954e-07
0.35,0.65,0.05 114.699
0.35,0.65,0.1 531.681
0.35,0.65,0.15 584.924
0.35,0.65,0.2 564.897
0.35,0.65,0.25 420.84
0.35,0.65,0.3 765.904
0.35,0.65,0.35 700.382
0.35,0.65,0.4 204.162
0.35,0.65,0.45 2.14224
0.35,0.7,0 2.1887e-09
0.35,0.7,0.05 83.8252
0.35,0.7,0.1 414.877
0.35,0.7,0.15 395.536
0.35,0.7,0.2 620.788
0.35,0.7,0.25 240.117
0.35,0.7,0.3 206.128
0.35,0.7,0.35 356.34
0.35,0.7,0.4 122.894
0.35,0.7,0.45 1.3103
0.35,0.75,0 4.63982e-13
0.35,0.75,0.05 23.5209
0.35,0.75,0.1 298.271
0.35,0.75,0.15 566.972
0.35,0.75,0.2 443.994
0.35,0.75,0.25 192.451
0.35,0.75,0.3 6.88684
0.35,0.75,0.35 4.01043
0.35,0.75,0.4 1.70387
0.35,0.75,0.45 0.0188281
0.35,0.8,0.05 5.14571
0.35,0.8,0.1 56.9825
0.35,0.8,0.15 107.195
0.35,0.8,0.2 59.1507
0.35,0.8,0.25 27.8143
0.35,0.8,0.3 0.986587
0.35,0.85,0.05 0.425429
0.35,0.85,0.1 1.70237
0.35,0.85,0.15 0.428052
0.35,0.85,0.2 0.0120023
0.35,0.85,0.25 0.00390782
0.35,0.85,0.3 2.11893e-06
0.4,0,0.2 4.56167e-15
0.4,0,0.25 9.59092e-14
0.4,0,0.3 9.1156e-14
0.4,0,0.35 3.61026e-15
0.4,0.05,0 1.10857e-12
0.4,0.05,0.05 0.42021
0.4,0.05,0.1 1.68014
0.4,0.05,0.15 1.3508
0.4,0.05,0.2 8.25639
0.4,0.05,0.25 5.20947
0.4,0.05,0.3 1.49558
0.4,0.05,0.35 0.132545
0.4,0.1,0 5.42818e-11
0.4,0.1,0.05 30.3379
0.4,0.1,0.1 121.314
0.4,0.1,0.15 56.9897
0.4,0.1,0.2 255.584
0.4,0.1,0.25 184.842
0.4,0.1,0.3 39.7947
0.4,0.1,0.35 3.08888
0.4,0.15,0 1.3602e-10
0.4,0.15,0.05 135.824
0.4,0.15,0.1 544.837
0.4,0.15,0.15 207.745
0.4,0.15,0.2 484.838
0.4,0.15,0.25 521.887
0.4,0.15,0.3 79.2901
0.4,0.15,0.35 3.17135
0.4,0.15,0.4 3.13216e-05
0.4,0.2,0 1.10167e-10
0.4,0.2,0.05 99.4838
0.4,0.2,0.1 422.482
0.4,0.2,0.15 388.882
0.4,0.2,0.2 393.585
0.4,0.2,0.25 286.291
0.4,0.2,0.3 53.547
0.4,0.2,0.35 6.95683
0.4,0.2,0.4 0.0502483
0.4,0.25,0 5.8397e-11
0.4,0.25,0.05 91.9413
0.4,0.25,0.1 448.451
0.4,0.25,0.15 425.363
0.4,0.25,0.2 242.177
0.4,0.25,0.25 288.178
0.4,0.25,0.3 206.737
0.4,0.25,0.35 25.7316
0.4,0.25,0.4 0.152259
0.4,0.3,0 7.76107e-11
0.4,0.3,0.05 102.566
0.4,0.3,0.1 435.615
0.4,0.3,0.15 293.232
0.4,0.3,0.2 558.434
0.4,0.3,0.25 547.47
0.4,0.3,0.3 282.216
0.4,0.3,0.35 11.7234
0.4,0.3,0.4 0.0288618
0.4,0.35,0 2.10601e-10
0.4,0.35,0.05 48.8609
0.4,0.35,0.1 196.715
0.4,0.35,0.15 134.286
0.4,0.35,0.2 389.556
0.4,0.35,0.25 462.799
0.4,0.35,0.3 278.972
0.4,0.35,0.35 28.7617
0.4,0.35,0.4 0.175562
0.4,0.4,0 1.39505e-10
0.4,0.4,0.05 51.6422
0.4,0.4,0.1 269.27
0.4,0.4,0.15 334.007
0.4,0.4,0.2 285.555
0.4,0.4,0.25 330.039
0.4,0.4,0.3 376.545
0.4,0.4,0.35 131.954
0.4,0.4,0.4 24.9958
0.4,0.4,0.45 0.00765098
0.4,0.45,0 5.60168e-12
0.4,0.45,0.05 57.8148
0.4,0.45,0.1 346.084
0.4,0.45,0.15 613.606
0.4,0.45,0.2 596.814
0.4,0.45,0.25 296.856
0.4,0.45,0.3 399.274
0.4,0.45,0.35 577.047
0.4,0.45,0.4 153.295
0.4,0.45,0.45 0.0403587
0.4,0.5,0 1.03197e-11
0.4,0.5,0.05 70.2812
0.4,0.5,0.1 364.212
0.4,0.5,0.15 557.702
0.4,0.5,0.2 776.602
0.4,0.5,0.25 479.856
0.4,0.5,0.3 609.307
0.4,0.5,0.35 595.876
0.4,0.5,0.4 111.301
0.4,0.5,0.45 0.324231
0.4,0.55,0 1.121e-08
0.4,0.55,0.05 52.2558
0.4,0.55,0.1 285.038
0.4,0.55,0.15 484.237
0.4,0.55,0.2 624.931
0.4,0.55,0.25 351.89
0.4,0.55,0.3 282.619
0.4,0.55,0.35 154.032
0.4,0.55,0.4 29.6497
0.4,0.55,0.45 0.811687
0.4,0.6,0 6.01518e-08
0.4,0.6,0.05 148.07
0.4,0.6,0.1 623.927
0.4,0.6,0.15 469.384
0.4,0.6,0.2 602.715
0.4,0.6,0.25 241.554
0.4,0.6,0.3 111.182
0.4,0.6,0.35 27.9901
0.4,0.6,0.4 7.79623
0.4,0.6,0.45 0.178792
0.4,0.65,0 2.32306e-08
0.4,0.65,0.05 72.1092
0.4,0.65,0.1 332.667
0.4,0.65,0.15 427.563
0.4,0.65,0.2 602.349
0.4,0.65,0.25 336.638
0.4,0.65,0.3 359.37
0.4,0.65,0.35 150.308
0.4,0.65,0.4 47.8767
0.4,0.65,0.45 0.521745
0.4,0.7,0 1.42895e-10
0.4,0.7,0.05 17.2554
0.4,0.7,0.1 83.7236
0.4,0.7,0.15 147.04
0.4,0.7,0.2 381.276
0.4,0.7,0.25 211.57
0.4,0.7,0.3 99.6835
0.4,0.7,0.35 76.4035
0.4,0.7,0.4 28.9948
0.4,0.7,0.45 0.319124
0.4,0.75,0 8.92552e-14
0.4,0.75,0.05 22.5475
0.4,0.75,0.1 124.826
0.4,0.75,0.15 247.147
0.4,0.75,0.2 611.967
0.4,0.75,0.25 346.53
0.4,0.75,0.3 9.81201
0.4,0.75,0.35 0.860082
0.4,0.75,0.4 0.4076
0.4,0.75,0.45 0.0045856
0.4,0.8,0.05 68.0915
0.4,0.8,0.1 279.668
0.4,0.8,0.15 123.89
0.4,0.8,0.2 166.995
0.4,0.8,0.25 79.6772
0.4,0.8,0.3 1.68082
0.4,0.85,0.05 13.4189
0.4,0.85,0.1 53.696
0.4,0.85,0.15 13.4911
0.4,0.85,0.2 0.323574
0.4,0.85,0.25 0.105352
0.4,0.85,0.3 5.71247e-05
0.45,0.05,0 1.5661e-16
0.45,0.05,0.05 5.9364e-05
0.45,0.05,0.1 0.000237358
0.45,0.05,0.15 0.504872
0.45,0.05,0.2 4.56601
0.45,0.05,0.25 8.88663
0.45,0.05,0.3 10.6463
