0.45,0.15,0.35 345.467
0.45,0.15,0.4 54.6325
0.45,0.15,0.45 2.20613e-09
0.45,0.2,0 4.91121e-10
0.45,0.2,0.05 9.30873
0.45,0.2,0.1 320.62
0.45,0.2,0.15 596.339
0.45,0.2,0.2 415.642
0.45,0.2,0.25 528.545
0.45,0.2,0.3 636.522
0.45,0.2,0.35 135.208
0.45,0.2,0.4 14
0.45,0.2,0.45 1.71227e-07
0.45,0.25,0 1.0137e-08
0.45,0.25,0.05 51.4017
0.45,0.25,0.1 344.785
0.45,0.25,0.15 338.755
0.45,0.25,0.2 312.347
0.45,0.25,0.25 372.043
0.45,0.25,0.3 404.114
0.45,0.25,0.35 221.12
0.45,0.25,0.4 44.8562
0.45,0.25,0.45 2.90546e-07
0.45,0.3,0 1.07586e-08
0.45,0.3,0.05 114.056
0.45,0.3,0.1 497.258
0.45,0.3,0.15 654.488
0.45,0.3,0.2 883.749
0.45,0.3,0.25 343.893
0.45,0.3,0.3 149.321
0.45,0.3,0.35 124.934
0.45,0.3,0.4 61.8749
0.45,0.3,0.45 7.32098
0.45,0.35,0 1.79916e-08
0.45,0.35,0.05 120.78
0.45,0.35,0.1 557.128
0.45,0.35,0.15 733.42
0.45,0.35,0.2 676.766
0.45,0.35,0.25 302.124
0.45,0.35,0.3 664.45
0.45,0.35,0.35 325.756
0.45,0.35,0.4 306.301
0.45,0.35,0.45 45.9098
0.45,0.35,0.5 1.11176e-05
0.45,0.4,0 1.42297e-08
0.45,0.4,0.05 75.2927
0.45,0.4,0.1 338.95
0.45,0.4,0.15 341.056
0.45,0.4,0.2 414.561
0.45,0.4,0.25 264.324
0.45,0.4,0.3 807.638
0.45,0.4,0.35 529.811
0.45,0.4,0.4 285.226
0.45,0.4,0.45 35.5615
0.45,0.4,0.5 0.0709281
0.45,0.45,0 6.05118e-10
0.45,0.45,0.05 72.2063
0.45,0.45,0.1 330.946
0.45,0.45,0.15 431.777
0.45,0.45,0.2 568.319
0.45,0.45,0.25 521.81
0.45,0.45,0.3 595.158
0.45,0.45,0.35 515.043
0.45,0.45,0.4 488.57
0.45,0.45,0.45 119.502
0.45,0.45,0.5 0.275043
0.45,0.5,0 1.11953e-09
0.45,0.5,0.05 87.035
0.45,0.5,0.1 393.976
0.45,0.5,0.15 526.386
0.45,0.5,0.2 484.014
0.45,0.5,0.25 541.93
0.45,0.5,0.3 447.926
0.45,0.5,0.35 846.544
0.45,0.5,0.4 917.666
0.45,0.5,0.45 126.148
0.45,0.5,0.5 0.0849148
0.45,0.55,0 4.41476e-09
0.45,0.55,0.05 34.0709
0.45,0.55,0.1 203.794
0.45,0.55,0.15 621.784
0.45,0.55,0.2 601.197
0.45,0.55,0.25 425.967
0.45,0.55,0.3 236.428
0.45,0.55,0.35 237.125
0.45,0.55,0.4 273.849
0.45,0.55,0.45 21.8669
0.45,0.55,0.5 0.00102221
0.45,0.6,0 1.24128e-08
0.45,0.6,0.05 112.496
0.45,0.6,0.1 518.441
0.45,0.6,0.15 388.293
0.45,0.6,0.2 612.26
0.45,0.6,0.25 501.357
0.45,0.6,0.3 79.6959
0.45,0.6,0.35 19.8964
0.45,0.6,0.4 6.17485
0.45,0.6,0.45 0.229839
0.45,0.65,0 2.77989e-09
0.45,0.65,0.05 57.5194
0.45,0.65,0.1 265.939
0.45,0.65,0.15 226.572
0.45,0.65,0.2 355.007
0.45,0.65,0.25 238.827
0.45,0.65,0.3 73.4985
0.45,0.65,0.35 93.2682
0.45,0.65,0.4 47.7816
0.45,0.65,0.45 0.50021
0.45,0.7,0 7.13216e-11
0.45,0.7,0.05 1.04941
0.45,0.7,0.1 6.09957
0.45,0.7,0.15 48.5241
0.45,0.7,0.2 215.124
0.45,0.7,0.25 317.031
0.45,0.7,0.3 79.9091
0.45,0.7,0.35 80.4379
0.45,0.7,0.4 41.6513
0.45,0.7,0.45 0.405573
0.45,0.75,0 2.42916e-07
0.45,0.75,0.05 25.0314
0.45,0.75,0.1 99.4868
0.45,0.75,0.15 25.2898
0.45,0.75,0.2 40.8668
0.45,0.75,0.25 118.963
0.45,0.75,0.3 30.1203
0.45,0.75,0.35 2.95788
0.45,0.75,0.4 1.45483
0.45,0.75,0.45 0.014132
0.45,0.8,0 7.85732e-07
0.45,0.8,0.05 80.9672
0.45,0.8,0.1 321.799
0.45,0.8,0.15 79.9354
0.45,0.8,0.2 1.21668
0.45,0.8,0.25 6.0032
0.45,0.8,0.3 1.84831
0.45,0.8,0.35 0.000513174
0.45,0.85,0 1.58594e-07
0.45,0.85,0.05 16.3439
0.45,0.85,0.1 64.9577
0.45,0.85,0.15 16.1356
0.45,0.9,0 1.66874e-12
0.45,0.9,0.05 0.000257712
0.45,0.9,0.1 0.00102509
0.45,0.9,0.15 0.00025484
0.5,0.05,0.25 0.000172168
0.5,0.05,0.3 0.154993
0.5,0.05,0.35 0.440384
0.5,0.05,0.4 0.0776864
0.5,0.1,0.05 0.03953
0.5,0.1,0.1 2.61777
0.5,0.1,0.15 10.936
0.5,0.1,0.2 24.3727
0.5,0.1,0.25 22.4719
0.5,0.1,0.3 49.0711
0.5,0.1,0.35 108.186
0.5,0.1,0.4 19.0268
0.5,0.15,0.05 0.92422
0.5,0.15,0.1 34.5738
0.5,0.15,0.15 136.464
0.5,0.15,0.2 324.818
0.5,0.15,0.25 387.591
0.5,0.15,0.3 414.93
0.5,0.15,0.35 281.843
0.5,0.15,0.4 44.1292
0.5,0.15,0.45 2.42844e-07
0.5,0.2,0 3.65505e-12
0.5,0.2,0.05 6.47499
0.5,0.2,0.1 257.008
0.5,0.2,0.15 528.751
0.5,0.2,0.2 765.716
0.5,0.2,0.25 746.988
0.5,0.2,0.3 807.792
0.5,0.2,0.35 277.615
0.5,0.2,0.4 44.745
0.5,0.2,0.45 1.88481e-05
0.5,0.25,0 7.4848e-11
0.5,0.25,0.05 22.4077
0.5,0.25,0.1 282.081
0.5,0.25,0.15 470.24
0.5,0.25,0.2 704.579
0.5,0.25,0.25 535.555
0.5,0.25,0.3 598.781
0.5,0.25,0.35 607.883
0.5,0.25,0.4 130.646
0.5,0.25,0.45 3.19824e-05
0.5,0.3,0 2.96891e-10
0.5,0.3,0.05 94.9377
0.5,0.3,0.1 537.371
0.5,0.3,0.15 589.537
0.5,0.3,0.2 753.492
0.5,0.3,0.25 430.467
0.5,0.3,0.3 636.784
0.5,0.3,0.35 406.127
0.5,0.3,0.4 102.937
0.5,0.3,0.45 10.1666
0.5,0.35,0 3.65674e-09
0.5,0.35,0.05 88.1543
0.5,0.35,0.1 572.708
0.5,0.35,0.15 509.717
0.5,0.35,0.2 448.222
0.5,0.35,0.25 297.02
0.5,0.35,0.3 459.975
0.5,0.35,0.35 508.997
0.5,0.35,0.4 454.455
0.5,0.35,0.45 65.2001
0.5,0.4,0 2.95436e-09
0.5,0.4,0.05 51.9163
0.5,0.4,0.1 388.635
0.5,0.4,0.15 281.447
0.5,0.4,0.2 363.515
0.5,0.4,0.25 331.703
0.5,0.4,0.3 284.018
0.5,0.4,0.35 435.543
0.5,0.4,0.4 413.774
0.5,0.4,0.45 39.8368
0.5,0.4,0.5 0.000355075
0.5,0.45,0 3.81963e-10
0.5,0.45,0.05 54.3095
0.5,0.45,0.1 380.144
0.5,0.45,0.15 270.506
0.5,0.45,0.2 474.315
0.5,0.45,0.25 501.591
0.5,0.45,0.3 223.876
0.5,0.45,0.35 141.741
0.5,0.45,0.4 130.391
0.5,0.45,0.45 18.0805
0.5,0.45,0.5 0.00559701
0.5,0.5,0 5.67498e-09
0.5,0.5,0.05 109.288
0.5,0.5,0.1 489.926
0.5,0.5,0.15 420.869
0.5,0.5,0.2 666.062
0.5,0.5,0.25 724.231
0.5,0.5,0.3 344.7
0.5,0.5,0.35 293.011
0.5,0.5,0.4 340.704
0.5,0.5,0.45 32.2459
0.5,0.5,0.5 0.00445864
0.5,0.55,0 5.72663e-09
0.5,0.55,0.05 76.3076
0.5,0.55,0.1 379.471
0.5,0.55,0.15 654.997
0.5,0.55,0.2 892.029
0.5,0.55,0.25 453.483
0.5,0.55,0.3 527.366
0.5,0.55,0.35 241.715
0.5,0.55,0.4 134.384
0.5,0.55,0.45 10.177
0.5,0.55,0.5 0.000123705
0.5,0.6,0 3.34617e-10
0.5,0.6,0.05 10.3071
0.5,0.6,0.1 148.137
0.5,0.6,0.15 413.795
0.5,0.6,0.2 415.684
0.5,0.6,0.25 218.234
0.5,0.6,0.3 162.378
0.5,0.6,0.35 57.1183
0.5,0.6,0.4 1.1069
0.5,0.6,0.45 0.0470141
0.5,0.65,0 1.78479e-11
0.5,0.65,0.05 4.69866
0.5,0.65,0.1 40.4165
0.5,0.65,0.15 278.351
0.5,0.65,0.2 434.163
0.5,0.65,0.25 550.633
0.5,0.65,0.3 281.96
0.5,0.65,0.35 6.72248
0.5,0.65,0.4 0.0128414
0.5,0.65,0.45 0.000100312
0.5,0.7,0 4.11456e-12
0.5,0.7,0.05 0.258232
0.5,0.7,0.1 4.7312
0.5,0.7,0.15 93.9725
0.5,0.7,0.2 399.75
0.5,0.7,0.25 843.933
0.5,0.7,0.3 294.844
0.5,0.7,0.35 4.83767
0.5,0.7,0.4 0.00914965
0.5,0.7,0.45 8.92106e-05
0.5,0.75,0 1.82775e-08
0.5,0.75,0.05 5.10248
0.5,0.75,0.1 34.128
0.5,0.75,0.15 19.4337
0.5,0.75,0.2 107.483
0.5,0.75,0.25 395.41
0.5,0.75,0.3 112.844
0.5,0.75,0.35 0.210254
0.5,0.75,0.4 0.000318904
0.5,0.75,0.45 3.10937e-06
0.5,0.8,0 1.78866e-07
0.5,0.8,0.05 28.2259
0.5,0.8,0.1 124.523
0.5,0.8,0.15 37.1103
0.5,0.8,0.2 4.97858
0.5,0.8,0.25 23.7116
0.5,0.8,0.3 7.3645
0.5,0.8,0.35 0.0126968
0.5,0.85,0 1.65992e-07
0.5,0.85,0.05 25.2874
0.5,0.85,0.1 101.084
0.5,0.85,0.15 25.3616
0.5,0.85,0.2 0.00312113
0.5,0.9,0 8.96276e-09
0.5,0.9,0.05 1.38416
0.5,0.9,0.1 5.50572
0.5,0.9,0.15 1.36874
0.55,0.05,0.25 4.83982e-06
0.55,0.05,0.3 0.00435702
0.55,0.05,0.35 0.0123797
0.55,0.05,0.4 0.00218385
0.55,0.1,0.05 0.0374489
0.55,0.1,0.1 0.256145
0.55,0.1,0.15 0.392266
0.55,0.1,0.2 2.56326
0.55,0.1,0.25 8.27884
0.55,0.1,0.3 3.77597
0.55,0.1,0.35 3.0572
0.55,0.1,0.4 0.534865
0.55,0.15,0.05 13.2896
0.55,0.15,0.1 97.3514
0.55,0.15,0.15 53.977
0.55,0.15,0.2 78.1672
0.55,0.15,0.25 289.107
0.55,0.15,0.3 109.07
0.55,0.15,0.35 12.7379
0.55,0.15,0.4 1.8877
0.55,0.15,0.45 4.59205e-07
0.55,0.2,0.05 34.3662
0.55,0.2,0.1 310.965
0.55,0.2,0.15 269.354
0.55,0.2,0.2 333.167
0.55,0.2,0.25 496.397
0.55,0.2,0.3 243.461
0.55,0.2,0.35 215.714
0.55,0.2,0.4 52.4712
0.55,0.2,0.45 3.56408e-05
0.55,0.25,0.05 18.9658
0.55,0.25,0.1 221.356
0.55,0.25,0.15 386.858
0.55,0.25,0.2 548.621
0.55,0.25,0.25 431.066
0.55,0.25,0.3 533.996
0.55,0.25,0.35 450.009
0.55,0.25,0.4 96.1005
0.55,0.25,0.45 6.04769e-05
0.55,0.3,0.05 38.604
0.55,0.3,0.1 409.726
0.55,0.3,0.15 576.023
0.55,0.3,0.2 519.781
0.55,0.3,0.25 671.631
0.55,0.3,0.3 1012.03
0.55,0.3,0.35 310.051
0.55,0.3,0.4 19.0927
0.55,0.3,0.45 0.749826
0.55,0.35,0.05 26.9673
0.55,0.35,0.1 418.257
0.55,0.35,0.15 508.525
0.55,0.35,0.2 359.264
0.55,0.35,0.25 382.182
0.55,0.35,0.3 401.655
0.55,0.35,0.35 256.863
0.55,0.35,0.4 43.7259
0.55,0.35,0.45 4.99853
0.55,0.4,0 9.8318e-15
0.55,0.4,0.05 19.9994
0.55,0.4,0.1 259.237
0.55,0.4,0.15 275.795
0.55,0.4,0.2 197.163
0.55,0.4,0.25 247.224
0.55,0.4,0.3 98.9825
0.55,0.4,0.35 75.8437
0.55,0.4,0.4 39.6327
0.55,0.4,0.45 3.37704
0.55,0.45,0 8.67379e-11
0.55,0.45,0.05 26.4214
0.55,0.45,0.1 364.462
0.55,0.45,0.15 314.378
0.55,0.45,0.2 145.376
0.55,0.45,0.25 505.784
0.55,0.45,0.3 336.244
0.55,0.45,0.35 20.8045
0.55,0.45,0.4 4.96665
0.55,0.45,0.45 0.322655
0.55,0.5,0 2.0487e-09
0.55,0.5,0.05 35.932
0.55,0.5,0.1 343.106
0.55,0.5,0.15 361.54
0.55,0.5,0.2 438.368
0.55,0.5,0.25 833.739
0.55,0.5,0.3 404.374
0.55,0.5,0.35 34.9902
0.55,0.5,0.4 2.59021
0.55,0.5,0.45 0.175961
0.55,0.55,0 2.08202e-09
0.55,0.55,0.05 28.1998
0.55,0.55,0.1 207.398
0.55,0.55,0.15 366.015
0.55,0.55,0.2 652.333
0.55,0.55,0.25 480.658
0.55,0.55,0.3 399.77
0.55,0.55,0.35 164.755
0.55,0.55,0.4 2.54305
0.55,0.55,0.45 0.0758219
0.55,0.6,0 9.31946e-11
0.55,0.6,0.05 2.66653
0.55,0.6,0.1 151.345
0.55,0.6,0.15 368.549
0.55,0.6,0.2 357.892
0.55,0.6,0.25 658.256
0.55,0.6,0.3 427.705
0.55,0.6,0.35 84.7972
0.55,0.6,0.4 0.700691
0.55,0.6,0.45 0.000345966
0.55,0.65,0.05 15.8498
0.55,0.65,0.1 129.623
0.55,0.65,0.15 169.506
0.55,0.65,0.2 161.654
0.55,0.65,0.25 587.973
0.55,0.65,0.3 473.177
0.55,0.65,0.35 27.468
0.55,0.65,0.4 0.0646126
0.55,0.7,0 2.02185e-13
0.55,0.7,0.05 15.2452
0.55,0.7,0.1 144.098
0.55,0.7,0.15 302.372
0.55,0.7,0.2 275.269
0.55,0.7,0.25 387.57
0.55,0.7,0.3 325.737
0.55,0.7,0.35 28.7016
0.55,0.7,0.4 0.0634863
0.55,0.75,0 1.42716e-08
0.55,0.75,0.05 36.8921
0.55,0.75,0.1 361.304
0.55,0.75,0.15 381.216
0.55,0.75,0.2 100.636
0.55,0.75,0.25 173.885
0.55,0.75,0.3 187.111
0.55,0.75,0.35 22.8599
0.55,0.75,0.4 0.00295217
0.55,0.8,0 4.45828e-07
0.55,0.8,0.05 106.959
0.55,0.8,0.1 563.67
0.55,0.8,0.15 230.837
0.55,0.8,0.2 11.2221
0.55,0.8,0.25 19.2613
0.55,0.8,0.3 27.243
0.55,0.8,0.35 3.68105
0.55,0.85,0 5.23549e-07
0.55,0.85,0.05 87.2796
0.55,0.85,0.1 352.463
0.55,0.85,0.15 90.067
0.55,0.85,0.2 0.24587
0.55,0.85,0.25 0.168193
0.55,0.85,0.3 0.00454799
0.55,0.9,0 2.99179e-08
0.55,0.9,0.05 5.75641
0.55,0.9,0.1 22.9211
0.55,0.9,0.15 5.70429
0.55,0.95,0 9.51499e-18
0.55,0.95,0.05 1.11451e-05
0.55,0.95,0.1 4.45676e-05
0.55,0.95,0.15 1.11387e-05
0.6,0.1,0.05 0.055119
0.6,0.1,0.1 0.376918
0.6,0.1,0.15 0.15794
0.6,0.1,0.2 3.58603
0.6,0.1,0.25 13.4027
0.6,0.1,0.3 3.19237
0.6,0.1,0.35 0.000269442
0.6,0.15,0.05 19.3092
0.6,0.15,0.1 132.069
0.6,0.15,0.15 55.3052
0.6,0.15,0.2 91.2966
0.6,0.15,0.25 350.293
0.6,0.15,0.3 86.3756
0.6,0.15,0.35 0.294991
0.6,0.15,0.4 0.0730541
0.6,0.15,0.45 5.10646e-08
0.6,0.2,0.05 47.6235
0.6,0.2,0.1 334.798
0.6,0.2,0.15 229.467
0.6,0.2,0.2 217.456
0.6,0.2,0.25 409.45
0.6,0.2,0.3 104.073
0.6,0.2,0.35 22.1687
0.6,0.2,0.4 5.67003
0.6,0.2,0.45 3.96333e-06
0.6,0.25,0.05 8.33398
0.6,0.25,0.1 92.5577
0.6,0.25,0.15 393.246
0.6,0.25,0.2 575.486
0.6,0.25,0.25 305.348
0.6,0.25,0.3 133.69
0.6,0.25,0.35 54.052
0.6,0.25,0.4 9.62188
0.6,0.25,0.45 6.72517e-06
0.6,0.3,0.05 3.69075
0.6,0.3,0.1 61.1072
0.6,0.3,0.15 205.07
0.6,0.3,0.2 612.159
0.6,0.3,0.25 797.225
0.6,0.3,0.3 343.088
0.6,0.3,0.35 52.6622
0.6,0.3,0.4 1.00152
0.6,0.3,0.45 6.52321e-07
0.6,0.35,0.05 3.78612
0.6,0.35,0.1 143.825
0.6,0.35,0.15 490.084
0.6,0.35,0.2 678.86
0.6,0.35,0.25 396.565
0.6,0.35,0.3 105.242
0.6,0.35,0.35 16.0207
0.6,0.35,0.4 0.256731
0.6,0.4,0.05 1.68254
0.6,0.4,0.1 110.162
0.6,0.4,0.15 502.281
0.6,0.4,0.2 328.011
0.6,0.4,0.25 72.595
0.6,0.4,0.3 58.8316
0.6,0.4,0.35 7.5324
0.6,0.4,0.4 0.0627522
0.6,0.45,0 1.27272e-13
0.6,0.45,0.05 5.04111
0.6,0.45,0.1 277.737
0.6,0.45,0.15 517.255
0.6,0.45,0.2 120.145
0.6,0.45,0.25 455.333
0.6,0.45,0.3 503.835
0.6,0.45,0.35 34.7405
0.6,0.45,0.4 0.00148052
0.6,0.5,0 3.01477e-12
0.6,0.5,0.05 6.99364
0.6,0.5,0.1 311.07
0.6,0.5,0.15 493.74
0.6,0.5,0.2 153.911
0.6,0.5,0.25 548.999
0.6,0.5,0.3 488.53
0.6,0.5,0.35 49.7544
0.6,0.5,0.4 1.38692
0.6,0.55,0 3.06421e-12
0.6,0.55,0.05 1.22601
0.6,0.55,0.1 49.3575
0.6,0.55,0.15 87.0381
0.6,0.55,0.2 141.67
0.6,0.55,0.25 309.037
0.6,0.55,0.3 280.706
0.6,0.55,0.35 103.074
0.6,0.55,0.4 4.22142
0.6,0.6,0 1.3716e-13
0.6,0.6,0.05 2.42853
0.6,0.6,0.1 28.4742
0.6,0.6,0.15 37.8068
0.6,0.6,0.2 166.107
0.6,0.6,0.25 830.327
0.6,0.6,0.3 731.936
0.6,0.6,0.35 93.3821
0.6,0.6,0.4 0.846255
0.6,0.65,0.05 43.2591
0.6,0.65,0.1 302.699
0.6,0.65,0.15 202.246
0.6,0.65,0.2 138.16
0.6,0.65,0.25 463.624
0.6,0.65,0.3 562.19
0.6,0.65,0.35 132.932
0.6,0.65,0.4 0.647701
0.6,0.7,0 2.48195e-12
0.6,0.7,0.05 38.8581
0.6,0.7,0.1 323.741
0.6,0.7,0.15 459.066
0.6,0.7,0.2 393.672
0.6,0.7,0.25 472.481
0.6,0.7,0.3 491.426
0.6,0.7,0.35 139.732
0.6,0.7,0.4 0.67244
0.6,0.75,0 3.45659e-09
0.6,0.75,0.05 58.3518
0.6,0.75,0.1 441.376
0.6,0.75,0.15 498.688
0.6,0.75,0.2 278.873
0.6,0.75,0.25 415.079
0.6,0.75,0.3 419.904
0.6,0.75,0.35 59.8719
0.6,0.75,0.4 0.0312691
0.6,0.8,0 9.39846e-08
0.6,0.8,0.05 134.513
0.6,0.8,0.1 631.38
0.6,0.8,0.15 251.262
0.6,0.8,0.2 167.232
0.6,0.8,0.25 151.264
0.6,0.8,0.3 65.8898
0.6,0.8,0.35 9.05037
0.6,0.85,0 1.09314e-07
0.6,0.85,0.05 108.118
0.6,0.85,0.1 435.017
0.6,0.85,0.15 110.681
0.6,0.85,0.2 9.94526
0.6,0.85,0.25 7.81488
0.6,0.85,0.3 0.211317
0.6,0.9,0 6.2527e-09
0.6,0.9,0.05 22.1589
0.6,0.9,0.1 88.5901
0.6,0.9,0.15 22.1361
0.6,0.95,0 1.77506e-16
0.6,0.95,0.05 0.000207916
0.6,0.95,0.1 0.000831427
0.6,0.95,0.15 0.000207798
0.65,0.1,0.05 0.00441509
0.65,0.1,0.1 0.0301916
0.65,0.1,0.15 0.0127958
0.65,0.1,0.2 2.20905
0.65,0.1,0.25 7.75413
0.65,0.1,0.3 1.70071
0.65,0.1,0.35 8.96192e-07
0.65,0.15,0.05 1.54664
0.65,0.15,0.1 10.5769
0.65,0.15,0.15 4.43373
0.65,0.15,0.2 51.563
0.65,0.15,0.25 183.868
0.65,0.15,0.3 42.2142
0.65,0.15,0.35 0.0543762
0.65,0.2,0.05 3.81389
0.65,0.2,0.1 37.1769
0.65,0.2,0.15 100.567
0.65,0.2,0.2 119.293
0.65,0.2,0.25 328.466
0.65,0.2,0.3 124.695
0.65,0.2,0.35 1.53189
0.65,0.2,0.4 3.96733e-13
0.65,0.25,0.05 0.577466
0.65,0.25,0.1 43.5025
0.65,0.25,0.15 330.394
0.65,0.25,0.2 341.221
0.65,0.25,0.25 530.14
0.65,0.25,0.3 173.197
