0.45,0.15,0.35 61.6003
0.45,0.15,0.4 1.35183
0.45,0.2,0 8.24773e-18
0.45,0.2,0.05 44.4746
0.45,0.2,0.1 499.571
0.45,0.2,0.15 565.456
0.45,0.2,0.2 269.189
0.45,0.2,0.25 473.464
0.45,0.2,0.3 320.915
0.45,0.2,0.35 13.2054
0.45,0.2,0.4 0.210673
0.45,0.25,0 1.8402e-13
0.45,0.25,0.05 73.589
0.45,0.25,0.1 433.29
0.45,0.25,0.15 320.534
0.45,0.25,0.2 254
0.45,0.25,0.25 267.036
0.45,0.25,0.3 156.533
0.45,0.25,0.35 11.407
0.45,0.25,0.4 0.511073
0.45,0.3,0 7.37027e-13
0.45,0.3,0.05 128.216
0.45,0.3,0.1 539.583
0.45,0.3,0.15 660.359
0.45,0.3,0.2 808.973
0.45,0.3,0.25 183.931
0.45,0.3,0.3 78.0141
0.45,0.3,0.35 20.959
0.45,0.3,0.4 14.22
0.45,0.3,0.45 2.21304
0.45,0.35,0 1.15976e-11
0.45,0.35,0.05 133.817
0.45,0.35,0.1 553.379
0.45,0.35,0.15 511.471
0.45,0.35,0.2 628.003
0.45,0.35,0.25 314.121
0.45,0.35,0.3 618.688
0.45,0.35,0.35 302.81
0.45,0.35,0.4 160.954
0.45,0.35,0.45 20.4655
0.45,0.4,0 5.24749e-11
0.45,0.4,0.05 79.2413
0.45,0.4,0.1 342.716
0.45,0.4,0.15 309.273
0.45,0.4,0.2 373.26
0.45,0.4,0.25 262.258
0.45,0.4,0.3 647.374
0.45,0.4,0.35 606.928
0.45,0.4,0.4 195.024
0.45,0.4,0.45 14.1677
0.45,0.4,0.5 0.000766638
0.45,0.45,0 2.58973e-10
0.45,0.45,0.05 74.0755
0.45,0.45,0.1 362.309
0.45,0.45,0.15 490.573
0.45,0.45,0.2 549.427
0.45,0.45,0.25 577.652
0.45,0.45,0.3 548.63
0.45,0.45,0.35 404.244
0.45,0.45,0.4 328.343
0.45,0.45,0.45 74.3716
0.45,0.45,0.5 0.0123881
0.45,0.5,0 9.77124e-10
0.45,0.5,0.05 87.431
0.45,0.5,0.1 402.171
0.45,0.5,0.15 464.577
0.45,0.5,0.2 632.449
0.45,0.5,0.25 690.819
0.45,0.5,0.3 454.662
0.45,0.5,0.35 936.423
0.45,0.5,0.4 788.362
0.45,0.5,0.45 112.65
0.45,0.5,0.5 0.0154058
0.45,0.55,0 4.41897e-09
0.45,0.55,0.05 35.3337
0.45,0.55,0.1 277.632
0.45,0.55,0.15 604.153
0.45,0.55,0.2 541.538
0.45,0.55,0.25 233.597
0.45,0.55,0.3 77.1212
0.45,0.55,0.35 436.058
0.45,0.55,0.4 310.974
0.45,0.55,0.45 14.5024
0.45,0.55,0.5 0.0012024
0.45,0.6,0 1.45626e-08
0.45,0.6,0.05 124.666
0.45,0.6,0.1 541.305
0.45,0.6,0.15 394.407
0.45,0.6,0.2 728.129
0.45,0.6,0.25 406.462
0.45,0.6,0.3 32.5565
0.45,0.6,0.35 13.9003
0.45,0.6,0.4 7.8039
0.45,0.6,0.45 0.134678
0.45,0.65,0 4.32448e-09
0.45,0.65,0.05 65.7758
0.45,0.65,0.1 285.372
0.45,0.65,0.15 223.253
0.45,0.65,0.2 253.115
0.45,0.65,0.25 110.198
0.45,0.65,0.3 31.9599
0.45,0.65,0.35 56.4796
0.45,0.65,0.4 9.72058
0.45,0.65,0.45 0.0141055
0.45,0.7,0 1.04913e-10
0.45,0.7,0.05 1.20881
0.45,0.7,0.1 12.4129
0.45,0.7,0.15 49.0212
0.45,0.7,0.2 60.0458
0.45,0.7,0.25 23.7675
0.45,0.7,0.3 46.9007
0.45,0.7,0.35 114.148
0.45,0.7,0.4 18.2523
0.45,0.7,0.45 0.000535397
0.45,0.75,0 2.42916e-07
0.45,0.75,0.05 25.0314
0.45,0.75,0.1 99.4916
0.45,0.75,0.15 30.8119
0.45,0.75,0.2 25.5644
0.45,0.75,0.25 7.54684
0.45,0.75,0.3 5.82362
0.45,0.75,0.35 14.6012
0.45,0.75,0.4 2.33197
0.45,0.8,0 7.85732e-07
0.45,0.8,0.05 80.9672
0.45,0.8,0.1 321.799
0.45,0.8,0.15 80.5066
0.45,0.8,0.2 2.15641
0.45,0.8,0.25 0.508758
0.45,0.8,0.3 3.11281e-06
0.45,0.8,0.35 6.48982e-07
0.45,0.85,0 1.58594e-07
0.45,0.85,0.05 16.3439
0.45,0.85,0.1 64.9577
0.45,0.85,0.15 16.1356
0.45,0.9,0 1.66874e-12
0.45,0.9,0.05 0.000257712
0.45,0.9,0.1 0.00102509
0.45,0.9,0.15 0.00025484
0.5,0.05,0.25 1.50104
0.5,0.05,0.3 21.1962
0.5,0.05,0.35 15.6937
0.5,0.05,0.4 0.369289
0.5,0.1,0 9.42476e-15
0.5,0.1,0.05 0.614403
0.5,0.1,0.1 7.82549
0.5,0.1,0.15 32.2842
0.5,0.1,0.2 44.324
0.5,0.1,0.25 54.8956
0.5,0.1,0.3 292.776
0.5,0.1,0.35 205.317
0.5,0.1,0.4 4.81487
0.5,0.15,0 2.86728e-12
0.5,0.15,0.05 9.66029
0.5,0.15,0.1 72.1204
0.5,0.15,0.15 258.224
0.5,0.15,0.2 421.666
0.5,0.15,0.25 635.103
0.5,0.15,0.3 554.688
0.5,0.15,0.35 159.389
0.5,0.15,0.4 3.38534
0.5,0.2,0 6.88844e-12
0.5,0.2,0.05 86.1174
0.5,0.2,0.1 412.673
0.5,0.2,0.15 493.842
0.5,0.2,0.2 757.83
0.5,0.2,0.25 884.115
0.5,0.2,0.3 643.93
0.5,0.2,0.35 107.711
0.5,0.2,0.4 5.83697
0.5,0.25,0 1.01325e-12
0.5,0.25,0.05 91.833
0.5,0.25,0.1 408.348
0.5,0.25,0.15 408.714
0.5,0.25,0.2 672.201
0.5,0.25,0.25 578.159
0.5,0.25,0.3 362.089
0.5,0.25,0.35 234.294
0.5,0.25,0.4 15.9713
0.5,0.3,0 1.72323e-10
0.5,0.3,0.05 136.692
0.5,0.3,0.1 572.574
0.5,0.3,0.15 661.175
0.5,0.3,0.2 741.796
0.5,0.3,0.25 370.904
0.5,0.3,0.3 143.272
0.5,0.3,0.35 69.9924
0.5,0.3,0.4 42.0255
0.5,0.3,0.45 6.14751
0.5,0.35,0 1.14438e-09
0.5,0.35,0.05 156.078
0.5,0.35,0.1 641.773
0.5,0.35,0.15 494.296
0.5,0.35,0.2 481.618
0.5,0.35,0.25 127.198
0.5,0.35,0.3 125.215
0.5,0.35,0.35 282.354
0.5,0.35,0.4 413.805
0.5,0.35,0.45 56.7599
0.5,0.4,0 1.08705e-09
0.5,0.4,0.05 100.657
0.5,0.4,0.1 405.728
0.5,0.4,0.15 206.253
0.5,0.4,0.2 375.857
0.5,0.4,0.25 274.724
0.5,0.4,0.3 196.137
0.5,0.4,0.35 559.039
0.5,0.4,0.4 402.806
0.5,0.4,0.45 32.4249
0.5,0.4,0.5 2.98905e-05
0.5,0.45,0 2.06136e-09
0.5,0.45,0.05 105.52
0.5,0.45,0.1 427.925
0.5,0.45,0.15 222.633
0.5,0.45,0.2 459.247
0.5,0.45,0.25 400.637
0.5,0.45,0.3 160.721
0.5,0.45,0.35 156.01
0.5,0.45,0.4 103.83
0.5,0.45,0.45 12.3096
0.5,0.45,0.5 0.00162171
0.5,0.5,0 5.09309e-09
0.5,0.5,0.05 118.641
0.5,0.5,0.1 505.531
0.5,0.5,0.15 416.578
0.5,0.5,0.2 593.358
0.5,0.5,0.25 511.305
0.5,0.5,0.3 316.108
0.5,0.5,0.35 270.215
0.5,0.5,0.4 212.208
0.5,0.5,0.45 20.4252
0.5,0.5,0.5 0.0024196
0.5,0.55,0 4.82648e-09
0.5,0.55,0.05 78.5038
0.5,0.55,0.1 485.197
0.5,0.55,0.15 816.232
0.5,0.55,0.2 926.413
0.5,0.55,0.25 297.997
0.5,0.55,0.3 223.7
0.5,0.55,0.35 178.119
0.5,0.55,0.4 109.488
0.5,0.55,0.45 3.7266
0.5,0.55,0.5 0.000197519
0.5,0.6,0 5.08459e-10
0.5,0.6,0.05 14.2891
0.5,0.6,0.1 199.517
0.5,0.6,0.15 426.732
0.5,0.6,0.2 396.258
0.5,0.6,0.25 96.5967
0.5,0.6,0.3 11.1698
0.5,0.6,0.35 4.75753
0.5,0.6,0.4 2.3782
0.5,0.6,0.45 0.0442193
0.5,0.65,0 1.85934e-10
0.5,0.65,0.05 5.84224
0.5,0.65,0.1 107.983
0.5,0.65,0.15 446.286
0.5,0.65,0.2 361.176
0.5,0.65,0.25 195.733
0.5,0.65,0.3 17.1744
0.5,0.65,0.35 0.0332326
0.5,0.65,0.4 0.00183068
0.5,0.7,0 2.10608e-11
0.5,0.7,0.05 0.419745
0.5,0.7,0.1 29.469
0.5,0.7,0.15 234.818
0.5,0.7,0.2 687.838
0.5,0.7,0.25 391.875
0.5,0.7,0.3 22.2532
0.5,0.7,0.35 0.0478053
0.5,0.7,0.4 0.00389497
0.5,0.75,0 1.82807e-08
0.5,0.75,0.05 8.33116
0.5,0.75,0.1 36.1902
0.5,0.75,0.15 104.479
0.5,0.75,0.2 382.642
0.5,0.75,0.25 117.471
0.5,0.75,0.3 1.63536
0.5,0.75,0.35 0.00427998
0.5,0.75,0.4 0.00049884
0.5,0.8,0 1.78869e-07
0.5,0.8,0.05 31.8899
0.5,0.8,0.1 127.223
0.5,0.8,0.15 40.672
0.5,0.8,0.2 32.324
0.5,0.8,0.25 7.61055
0.5,0.85,0 1.65992e-07
0.5,0.85,0.05 25.4838
0.5,0.85,0.1 101.369
0.5,0.85,0.15 25.2017
0.5,0.9,0 8.96276e-09
0.5,0.9,0.05 1.38416
0.5,0.9,0.1 5.50572
0.5,0.9,0.15 1.36874
0.55,0.05,0.25 0.230328
0.55,0.05,0.3 3.25246
0.55,0.05,0.35 2.40814
0.55,0.05,0.4 0.0566658
0.55,0.1,0 4.02363e-13
0.55,0.1,0.05 0.0830358
0.55,0.1,0.1 0.380585
0.55,0.1,0.15 7.57695
0.55,0.1,0.2 43.6718
0.55,0.1,0.25 30.1832
0.55,0.1,0.3 49.5744
0.55,0.1,0.35 31.7614
0.55,0.1,0.4 0.738822
0.55,0.15,0 1.22411e-10
0.55,0.15,0.05 27.6912
0.55,0.15,0.1 111.618
0.55,0.15,0.15 94.42
0.55,0.15,0.2 353.427
0.55,0.15,0.25 347.668
0.55,0.15,0.3 213.747
0.55,0.15,0.35 37.5155
0.55,0.15,0.4 0.79496
0.55,0.2,0 2.94082e-10
0.55,0.2,0.05 95.0581
0.55,0.2,0.1 394.135
0.55,0.2,0.15 332.684
0.55,0.2,0.2 524.941
0.55,0.2,0.25 476.841
0.55,0.2,0.3 509.831
0.55,0.2,0.35 231.576
0.55,0.2,0.4 11.5995
0.55,0.25,0 4.3258e-11
0.55,0.25,0.05 64.3992
0.55,0.25,0.1 282.888
0.55,0.25,0.15 455.93
0.55,0.25,0.2 672.154
0.55,0.25,0.25 716.845
0.55,0.25,0.3 710.309
0.55,0.25,0.35 434.435
0.55,0.25,0.4 23.0105
0.55,0.3,0 1.36562e-09
0.55,0.3,0.05 104.664
0.55,0.3,0.1 430.325
0.55,0.3,0.15 409.279
0.55,0.3,0.2 543.899
0.55,0.3,0.25 706.12
0.55,0.3,0.3 739.7
0.55,0.3,0.35 196.182
0.55,0.3,0.4 10.3002
0.55,0.3,0.45 1.05884
0.55,0.35,0 9.0651e-09
0.55,0.35,0.05 140.356
0.55,0.35,0.1 575.909
0.55,0.35,0.15 257.695
0.55,0.35,0.2 107.525
0.55,0.35,0.25 247.505
0.55,0.35,0.3 373.44
0.55,0.35,0.35 87.6335
0.55,0.35,0.4 69.3553
0.55,0.35,0.45 9.76181
0.55,0.4,0 4.36087e-09
0.55,0.4,0.05 85.0353
0.55,0.4,0.1 347.531
0.55,0.4,0.15 121.36
0.55,0.4,0.2 138.495
0.55,0.4,0.25 395.746
0.55,0.4,0.3 124.267
0.55,0.4,0.35 68.6128
0.55,0.4,0.4 62.0622
0.55,0.4,0.45 5.49383
0.55,0.45,0 2.02871e-09
0.55,0.45,0.05 102.26
0.55,0.45,0.1 458.168
0.55,0.45,0.15 188.435
0.55,0.45,0.2 418.618
0.55,0.45,0.25 344.711
0.55,0.45,0.3 53.1863
0.55,0.45,0.35 14.039
0.55,0.45,0.4 7.30253
0.55,0.45,0.45 0.123061
0.55,0.5,0 2.07058e-09
0.55,0.5,0.05 81.518
0.55,0.5,0.1 416.95
0.55,0.5,0.15 258.974
0.55,0.5,0.2 780.25
0.55,0.5,0.25 471.292
0.55,0.5,0.3 208.713
0.55,0.5,0.35 28.0231
0.55,0.5,0.4 0.303036
0.55,0.5,0.45 0.00798703
0.55,0.55,0 1.74893e-09
0.55,0.55,0.05 37.1063
0.55,0.55,0.1 286.476
0.55,0.55,0.15 398.822
0.55,0.55,0.2 706.063
0.55,0.55,0.25 357.987
0.55,0.55,0.3 205.447
0.55,0.55,0.35 27.4982
0.55,0.55,0.4 0.191554
0.55,0.55,0.45 0.00475314
0.55,0.6,0 5.26559e-10
0.55,0.6,0.05 8.44211
0.55,0.6,0.1 224.538
0.55,0.6,0.15 352.404
0.55,0.6,0.2 448.298
0.55,0.6,0.25 313.314
0.55,0.6,0.3 26.1428
0.55,0.6,0.35 1.21675
0.55,0.6,0.4 0.00363335
0.55,0.6,0.45 7.39717e-05
0.55,0.65,0 8.4364e-09
0.55,0.65,0.05 29.5584
0.55,0.65,0.1 188.248
0.55,0.65,0.15 275.815
0.55,0.65,0.2 415.266
0.55,0.65,0.25 602.015
0.55,0.65,0.3 122.519
0.55,0.65,0.35 0.234034
0.55,0.7,0 7.51379e-09
0.55,0.7,0.05 28.8307
0.55,0.7,0.1 227.108
0.55,0.7,0.15 398.056
0.55,0.7,0.2 644.205
0.55,0.7,0.25 642.121
0.55,0.7,0.3 121.312
0.55,0.7,0.35 0.251805
0.55,0.75,0 1.45626e-08
0.55,0.75,0.05 71.1828
0.55,0.75,0.1 387.608
0.55,0.75,0.15 361.098
0.55,0.75,0.2 328.264
0.55,0.75,0.25 114.559
0.55,0.75,0.3 7.8307
0.55,0.75,0.35 0.0124459
0.55,0.8,0 4.45858e-07
0.55,0.8,0.05 145.025
0.55,0.8,0.1 587.17
0.55,0.8,0.15 169.339
0.55,0.8,0.2 27.5518
0.55,0.8,0.25 7.0689
0.55,0.8,0.3 0.266682
0.55,0.85,0 5.23551e-07
0.55,0.85,0.05 89.3176
0.55,0.85,0.1 355.454
0.55,0.85,0.15 88.4157
0.55,0.85,0.2 0.00316393
0.55,0.85,0.25 7.96505e-05
0.55,0.9,0 2.99179e-08
0.55,0.9,0.05 5.75641
0.55,0.9,0.1 22.9211
0.55,0.9,0.15 5.70429
0.55,0.95,0 9.51499e-18
0.55,0.95,0.05 1.11451e-05
0.55,0.95,0.1 4.45676e-05
0.55,0.95,0.15 1.11387e-05
0.6,0.1,0 5.44505e-13
0.6,0.1,0.05 0.11237
0.6,0.1,0.1 0.44925
0.6,0.1,0.15 10.3754
0.6,0.1,0.2 61.6534
0.6,0.1,0.25 23.5292
0.6,0.1,0.3 0.116391
0.6,0.1,0.35 0.00311365
0.6,0.15,0 1.65654e-10
0.6,0.15,0.05 34.3259
0.6,0.15,0.1 138.127
0.6,0.15,0.15 115.822
0.6,0.15,0.2 476.297
0.6,0.15,0.25 181.477
0.6,0.15,0.3 13.6734
0.6,0.15,0.35 10.566
0.6,0.15,0.4 0.41427
0.6,0.2,0 3.97972e-10
0.6,0.2,0.05 95.0854
0.6,0.2,0.1 473.272
0.6,0.2,0.15 293.449
0.6,0.2,0.2 297.559
0.6,0.2,0.25 115.666
0.6,0.2,0.3 218.716
0.6,0.2,0.35 197.814
0.6,0.2,0.4 7.97503
0.6,0.25,0 5.85396e-11
0.6,0.25,0.05 37.8143
0.6,0.25,0.1 338.716
0.6,0.25,0.15 595.8
0.6,0.25,0.2 497.671
0.6,0.25,0.25 455.206
0.6,0.25,0.3 447.997
0.6,0.25,0.35 220.433
0.6,0.25,0.4 7.76821
0.6,0.3,0 6.50045e-10
0.6,0.3,0.05 15.6349
0.6,0.3,0.1 113.978
0.6,0.3,0.15 471.05
0.6,0.3,0.2 776.726
0.6,0.3,0.25 757.241
0.6,0.3,0.3 482.893
0.6,0.3,0.35 89.7599
0.6,0.3,0.4 0.506398
0.6,0.35,0 4.31481e-09
0.6,0.35,0.05 45.8871
0.6,0.35,0.1 296.438
0.6,0.35,0.15 725.121
0.6,0.35,0.2 359.458
0.6,0.35,0.25 176.476
0.6,0.35,0.3 177.582
0.6,0.35,0.35 23.8642
0.6,0.35,0.4 0.0112657
0.6,0.4,0 1.83799e-09
0.6,0.4,0.05 34.1316
0.6,0.4,0.1 205.464
0.6,0.4,0.15 349.532
0.6,0.4,0.2 156.433
0.6,0.4,0.25 77.1328
0.6,0.4,0.3 25.1092
0.6,0.4,0.35 1.36517
0.6,0.45,0 2.56786e-10
0.6,0.45,0.05 108.908
0.6,0.45,0.1 600.337
0.6,0.45,0.15 300.587
0.6,0.45,0.2 579.438
0.6,0.45,0.25 397.153
0.6,0.45,0.3 30.5474
0.6,0.45,0.35 0.0542781
0.6,0.5,0 5.18289e-11
0.6,0.5,0.05 92.4371
0.6,0.5,0.1 552.695
0.6,0.5,0.15 297.97
0.6,0.5,0.2 721.045
0.6,0.5,0.25 505.538
0.6,0.5,0.3 104.643
0.6,0.5,0.35 7.67359
0.6,0.55,0 2.58914e-12
0.6,0.55,0.05 11.0304
0.6,0.55,0.1 81.5796
0.6,0.55,0.15 75.6731
0.6,0.55,0.2 347.333
0.6,0.55,0.25 404.929
0.6,0.55,0.3 245.778
0.6,0.55,0.35 20.7373
0.6,0.6,0 1.19215e-09
0.6,0.6,0.05 4.95433
0.6,0.6,0.1 44.8841
0.6,0.6,0.15 83.3646
0.6,0.6,0.2 669.38
0.6,0.6,0.25 758.007
0.6,0.6,0.3 113.345
0.6,0.6,0.35 3.70998
0.6,0.65,0 2.24436e-08
0.6,0.65,0.05 77.3869
0.6,0.65,0.1 396.467
0.6,0.65,0.15 370.853
0.6,0.65,0.2 489.123
0.6,0.65,0.25 720.439
0.6,0.65,0.3 127.734
0.6,0.65,0.35 0.175937
0.6,0.7,0 1.99888e-08
0.6,0.7,0.05 71.0575
0.6,0.7,0.1 458.67
0.6,0.7,0.15 583.873
0.6,0.7,0.2 363.943
0.6,0.7,0.25 392.443
0.6,0.7,0.3 101.803
0.6,0.7,0.35 0.189923
0.6,0.75,0 4.17184e-09
0.6,0.75,0.05 79.8151
0.6,0.75,0.1 454.588
0.6,0.75,0.15 461.361
0.6,0.75,0.2 241.553
0.6,0.75,0.25 283.889
0.6,0.75,0.3 59.5285
0.6,0.75,0.35 0.00945007
0.6,0.8,0 9.40025e-08
0.6,0.8,0.05 157.08
0.6,0.8,0.1 644.06
0.6,0.8,0.15 262.631
0.6,0.8,0.2 81.0807
0.6,0.8,0.25 52.4971
0.6,0.8,0.3 11.1925
0.6,0.85,0 1.09315e-07
0.6,0.85,0.05 109.325
0.6,0.85,0.1 437.021
0.6,0.85,0.15 112.322
0.6,0.85,0.2 2.47559
0.6,0.85,0.25 0.0623218
0.6,0.9,0 6.2527e-09
0.6,0.9,0.05 22.1589
0.6,0.9,0.1 88.5901
0.6,0.9,0.15 22.1361
0.6,0.95,0 1.77506e-16
0.6,0.95,0.05 0.000207916
0.6,0.95,0.1 0.000831427
0.6,0.95,0.15 0.000207798
0.65,0.1,0 3.86712e-14
0.65,0.1,0.05 0.00798057
0.65,0.1,0.1 0.0319061
0.65,0.1,0.15 8.07532
0.65,0.1,0.2 40.1771
0.65,0.1,0.25 12.5268
0.65,0.1,0.3 0.00561548
0.65,0.15,0 1.17649e-11
0.65,0.15,0.05 2.54318
0.65,0.15,0.1 10.9477
0.65,0.15,0.15 72.1096
0.65,0.15,0.2 344.708
0.65,0.15,0.25 108.076
0.65,0.15,0.3 0.99237
0.65,0.15,0.35 0.890644
0.65,0.15,0.4 0.0352458
0.65,0.2,0 2.82643e-11
0.65,0.2,0.05 17.1363
0.65,0.2,0.1 146.157
0.65,0.2,0.15 151.253
0.65,0.2,0.2 281.626
0.65,0.2,0.25 86.7026
0.65,0.2,0.3 17.6914
0.65,0.2,0.35 16.3585
0.65,0.2,0.4 0.647075
0.65,0.25,0 4.15752e-12
0.65,0.25,0.05 21.5158
0.65,0.25,0.1 239.1
0.65,0.25,0.15 376.003
0.65,0.25,0.2 442.522
0.65,0.25,0.25 171.062
0.65,0.25,0.3 37.5702
0.65,0.25,0.35 14.8926
0.65,0.25,0.4 0.568049
0.65,0.3,0 3.97381e-12
0.65,0.3,0.05 2.24341
0.65,0.3,0.1 69.7728
0.65,0.3,0.15 519.167
0.65,0.3,0.2 627.511
0.65,0.3,0.25 382.268
0.65,0.3,0.3 54.2552
0.65,0.3,0.35 1.51625
0.65,0.3,0.4 0.0204186
0.65,0.35,0 2.64265e-11
0.65,0.35,0.05 0.290815
0.65,0.35,0.1 92.9136
0.65,0.35,0.15 530.389
0.65,0.35,0.2 267.877
0.65,0.35,0.25 82.8828
0.65,0.35,0.3 10.577
