0.15,0.35,0.25 0.0156494
0.15,0.35,0.3 0.75441
0.15,0.35,0.35 1.07401
0.15,0.35,0.4 0.0820804
0.15,0.4,0.25 0.109208
0.15,0.4,0.3 5.26458
0.15,0.4,0.35 7.4949
0.15,0.4,0.4 0.572791
0.15,0.45,0.2 0.000131481
0.15,0.45,0.25 0.0501232
0.15,0.45,0.3 2.24712
0.15,0.45,0.35 3.1937
0.15,0.45,0.4 0.244061
0.15,0.5,0.2 0.00350208
0.15,0.5,0.25 0.0958255
0.15,0.5,0.3 0.115069
0.15,0.5,0.35 0.0215816
0.15,0.5,0.4 0.0015295
0.15,0.55,0.2 0.00379022
0.15,0.55,0.25 0.103536
0.15,0.55,0.3 0.118847
0.15,0.55,0.35 0.0182575
0.15,0.55,0.4 0.00177273
0.15,0.6,0.2 0.000189222
0.15,0.6,0.25 0.00517149
0.15,0.6,0.3 0.00660775
0.15,0.6,0.35 0.00248376
0.15,0.6,0.4 0.000312103
0.2,0.15,0.25 0.00074715
0.2,0.15,0.3 0.157729
0.2,0.15,0.35 0.351588
0.2,0.15,0.4 0.0475215
0.2,0.2,0.2 0.0160604
0.2,0.2,0.25 0.206803
0.2,0.2,0.3 10.6239
0.2,0.2,0.35 23.4847
0.2,0.2,0.4 3.17412
0.2,0.25,0.2 0.277988
0.2,0.25,0.25 3.30864
0.2,0.25,0.3 24.2207
0.2,0.25,0.35 46.0395
0.2,0.25,0.4 5.86657
0.2,0.3,0.15 2.25222e-06
0.2,0.3,0.2 0.293881
0.2,0.3,0.25 6.69015
0.2,0.3,0.3 40.9313
0.2,0.3,0.35 56.4103
0.2,0.3,0.4 5.32325
0.2,0.35,0.15 0.0100792
0.2,0.35,0.2 0.383926
0.2,0.35,0.25 2.99543
0.2,0.35,0.3 38.0665
0.2,0.35,0.35 53.0563
0.2,0.35,0.4 4.37527
0.2,0.4,0.15 0.0394732
0.2,0.4,0.2 1.31005
0.2,0.4,0.25 4.88606
0.2,0.4,0.3 157.564
0.2,0.4,0.35 223.738
0.2,0.4,0.4 17.0724
0.2,0.4,0.45 0.000803753
0.2,0.4,0.5 1.27338e-06
0.2,0.45,0.15 0.0796801
0.2,0.45,0.2 2.36452
0.2,0.45,0.25 7.4578
0.2,0.45,0.3 86.6683
0.2,0.45,0.35 114.79
0.2,0.45,0.4 23.572
0.2,0.45,0.45 4.69607
0.2,0.45,0.5 0.00698227
0.2,0.5,0.15 0.0471872
0.2,0.5,0.2 3.87348
0.2,0.5,0.25 72.5756
0.2,0.5,0.3 112.479
0.2,0.5,0.35 85.0971
0.2,0.5,0.4 73.5213
0.2,0.5,0.45 16.7954
0.2,0.5,0.5 0.0233368
0.2,0.55,0.15 0.000795307
0.2,0.55,0.2 2.78772
0.2,0.55,0.25 76.9231
0.2,0.55,0.3 138.166
0.2,0.55,0.35 129.627
0.2,0.55,0.4 36.316
0.2,0.55,0.45 3.971
0.2,0.55,0.5 0.00486979
0.2,0.6,0.2 0.138065
0.2,0.6,0.25 4.01605
0.2,0.6,0.3 13.7898
0.2,0.6,0.35 20.5124
0.2,0.6,0.4 2.87848
0.2,0.6,0.45 0.00362469
0.25,0.1,0.25 0.0712153
0.25,0.1,0.3 0.321961
0.25,0.1,0.35 0.125013
0.25,0.1,0.4 0.144807
0.25,0.1,0.45 0.0384622
0.25,0.1,0.5 2.9903e-07
0.25,0.15,0.25 0.985286
0.25,0.15,0.3 5.75156
0.25,0.15,0.35 4.37454
0.25,0.15,0.4 2.56512
0.25,0.15,0.45 5.64135
0.25,0.15,0.5 1.28503
0.25,0.2,0.2 0.990665
0.25,0.2,0.25 10.8092
0.25,0.2,0.3 97.2336
0.25,0.2,0.35 198.396
0.25,0.2,0.4 45.2526
0.25,0.2,0.45 69.2992
0.25,0.2,0.5 16.3271
0.25,0.2,0.55 1.35375e-05
0.25,0.25,0.2 16.8955
0.25,0.25,0.25 181.653
0.25,0.25,0.3 295.351
0.25,0.25,0.35 382.202
0.25,0.25,0.4 68.4803
0.25,0.25,0.45 65.6986
0.25,0.25,0.5 20.0869
0.25,0.25,0.55 0.0814881
0.25,0.3,0.1 3.91473e-07
0.25,0.3,0.15 0.000264902
0.25,0.3,0.2 16.2187
0.25,0.3,0.25 278.714
0.25,0.3,0.3 514.825
0.25,0.3,0.35 428.355
0.25,0.3,0.4 73.6657
0.25,0.3,0.45 67.774
0.25,0.3,0.5 31.1229
0.25,0.3,0.55 0.40069
0.25,0.3,0.6 0.00198212
0.25,0.35,0.1 0.000146649
0.25,0.35,0.15 1.1413
0.25,0.35,0.2 40.4232
0.25,0.35,0.25 118.39
0.25,0.35,0.3 213.315
0.25,0.35,0.35 192.886
0.25,0.35,0.4 26.9523
0.25,0.35,0.45 16.4347
0.25,0.35,0.5 7.95209
0.25,0.35,0.55 0.784542
0.25,0.35,0.6 0.0113691
0.25,0.4,0.1 0.000365956
0.25,0.4,0.15 4.17369
0.25,0.4,0.2 140.561
0.25,0.4,0.25 176.315
0.25,0.4,0.3 200.462
0.25,0.4,0.35 264.858
0.25,0.4,0.4 20.1936
0.25,0.4,0.45 0.118893
0.25,0.4,0.5 0.441124
0.25,0.4,0.55 0.258951
0.25,0.4,0.6 0.00404612
0.25,0.45,0.1 5.61409e-05
0.25,0.45,0.15 6.22147
0.25,0.45,0.2 169.182
0.25,0.45,0.25 212.833
0.25,0.45,0.3 318.698
0.25,0.45,0.35 398.306
0.25,0.45,0.4 199.851
0.25,0.45,0.45 51.6161
0.25,0.45,0.5 3.68744
0.25,0.45,0.55 0.0259499
0.25,0.45,0.6 4.90849e-06
0.25,0.5,0.15 14.329
0.25,0.5,0.2 166.351
0.25,0.5,0.25 348.863
0.25,0.5,0.3 589.133
0.25,0.5,0.35 726.481
0.25,0.5,0.4 751.953
0.25,0.5,0.45 203.788
0.25,0.5,0.5 23.6487
0.25,0.5,0.55 0.235885
0.25,0.5,0.6 2.59106e-08
0.25,0.5,0.65 4.94057e-10
0.25,0.55,0.1 0.000991663
0.25,0.55,0.15 17.834
0.25,0.55,0.2 98.927
0.25,0.55,0.25 289.273
0.25,0.55,0.3 657.245
0.25,0.55,0.35 602.851
0.25,0.55,0.4 278.858
0.25,0.55,0.45 174.352
0.25,0.55,0.5 82.2724
0.25,0.55,0.55 1.30489
0.25,0.55,0.6 1.38334e-07
0.25,0.55,0.65 2.63772e-09
0.25,0.6,0.1 0.0213758
0.25,0.6,0.15 3.26934
0.25,0.6,0.2 13.476
0.25,0.6,0.25 22.7675
0.25,0.6,0.3 86.935
0.25,0.6,0.35 84.645
0.25,0.6,0.4 14.5708
0.25,0.6,0.45 50.0714
0.25,0.6,0.5 33.0942
0.25,0.6,0.55 0.62658
0.25,0.6,0.6 4.59778e-08
0.25,0.6,0.65 8.76694e-10
0.25,0.65,0.1 0.0206091
0.25,0.65,0.15 0.152744
0.25,0.65,0.2 0.555654
0.25,0.65,0.25 1.95872
0.25,0.65,0.3 3.33687
0.25,0.65,0.35 8.30998
0.25,0.65,0.4 8.23227
0.25,0.65,0.45 3.02606
0.25,0.65,0.5 0.256138
0.25,0.65,0.55 0.00522792
0.25,0.65,0.6 3.07476e-11
0.25,0.65,0.65 5.86289e-13
0.25,0.7,0.1 0.00083825
0.25,0.7,0.15 0.00621269
0.25,0.7,0.2 1.30463
0.25,0.7,0.25 5.27311
0.25,0.7,0.3 22.8569
0.25,0.7,0.35 59.6131
0.25,0.7,0.4 44.4409
0.25,0.7,0.45 13.6141
0.25,0.7,0.5 0.0244295
0.25,0.75,0.2 0.2152
0.25,0.75,0.25 0.889413
0.25,0.75,0.3 10.326
0.25,0.75,0.35 27.0607
0.25,0.75,0.4 15.3738
0.25,0.75,0.45 4.33028
0.25,0.75,0.5 0.00777034
0.25,0.8,0.25 0.000158135
0.25,0.8,0.3 0.0583758
0.25,0.8,0.35 0.146092
0.25,0.8,0.4 0.0270472
0.25,0.8,0.45 0.00181116
0.25,0.8,0.5 3.24999e-06
0.3,0.1,0.25 3.28701
0.3,0.1,0.3 14.8604
0.3,0.1,0.35 12.318
0.3,0.1,0.4 34.5129
0.3,0.1,0.45 9.16723
0.3,0.1,0.5 7.12721e-05
0.3,0.15,0.1 2.67706e-06
0.3,0.15,0.15 1.01722
0.3,0.15,0.2 3.90158
0.3,0.15,0.25 46.1255
0.3,0.15,0.3 204.97
0.3,0.15,0.35 99.6757
0.3,0.15,0.4 179.59
0.3,0.15,0.45 73.4481
0.3,0.15,0.5 6.50287
0.3,0.2,0.1 0.00390065
0.3,0.2,0.15 7.59612
0.3,0.2,0.2 30.5217
0.3,0.2,0.25 55.3502
0.3,0.2,0.3 223.313
0.3,0.2,0.35 194.137
0.3,0.2,0.4 169.253
0.3,0.2,0.45 372.208
0.3,0.2,0.5 83.1061
0.3,0.2,0.55 9.16155e-05
0.3,0.25,0.1 2.09954
0.3,0.25,0.15 14.2946
0.3,0.25,0.2 49.1025
0.3,0.25,0.25 283.126
0.3,0.25,0.3 339.127
0.3,0.25,0.35 390.251
0.3,0.25,0.4 234.429
0.3,0.25,0.45 420.624
0.3,0.25,0.5 125.356
0.3,0.25,0.55 16.265
0.3,0.25,0.6 5.23356
0.3,0.25,0.65 0.00357152
0.3,0.3,0.1 5.57227
0.3,0.3,0.15 24.47
0.3,0.3,0.2 35.9349
0.3,0.3,0.25 388.888
0.3,0.3,0.3 548.748
0.3,0.3,0.35 657.493
0.3,0.3,0.4 544.933
0.3,0.3,0.45 700.547
0.3,0.3,0.5 284.551
0.3,0.3,0.55 106.69
0.3,0.3,0.6 29.2483
0.3,0.3,0.65 0.0197692
0.3,0.35,0.1 2.08044
0.3,0.35,0.15 38.2374
0.3,0.35,0.2 138.282
0.3,0.35,0.25 235.221
0.3,0.35,0.3 207.01
0.3,0.35,0.35 250.256
0.3,0.35,0.4 160.839
0.3,0.35,0.45 208.089
0.3,0.35,0.5 226.099
0.3,0.35,0.55 132.745
0.3,0.35,0.6 11.569
0.3,0.35,0.65 0.00680192
0.3,0.4,0 3.3355e-08
0.3,0.4,0.05 0.0907511
0.3,0.4,0.1 3.34668
0.3,0.4,0.15 90.69
0.3,0.4,0.2 414.321
0.3,0.4,0.25 456.135
0.3,0.4,0.3 57.3699
0.3,0.4,0.35 26.1136
0.3,0.4,0.4 3.21344
0.3,0.4,0.45 6.78923
0.3,0.4,0.5 58.4577
0.3,0.4,0.55 36.4848
0.3,0.4,0.6 0.579201
0.3,0.4,0.65 6.25334e-06
0.3,0.45,0 1.22154e-06
0.3,0.45,0.05 3.32353
0.3,0.45,0.1 14.4791
0.3,0.45,0.15 58.4683
0.3,0.45,0.2 465.262
0.3,0.45,0.25 606.024
0.3,0.45,0.3 377.495
0.3,0.45,0.35 468.386
0.3,0.45,0.4 244.476
0.3,0.45,0.45 186.742
0.3,0.45,0.5 79.8925
0.3,0.45,0.55 7.71089
0.3,0.45,0.6 0.353411
0.3,0.5,0 1.54468e-06
0.3,0.5,0.05 4.20271
0.3,0.5,0.1 17.1673
0.3,0.5,0.15 99.8085
0.3,0.5,0.2 631.817
0.3,0.5,0.25 504.613
0.3,0.5,0.3 606.861
0.3,0.5,0.35 868.092
0.3,0.5,0.4 704.287
0.3,0.5,0.45 601.482
0.3,0.5,0.5 326.022
0.3,0.5,0.55 77.1878
0.3,0.5,0.6 13.7237
0.3,0.5,0.65 0.212192
0.3,0.55,0 9.91006e-08
0.3,0.55,0.05 0.269629
0.3,0.55,0.1 1.71805
0.3,0.55,0.15 131.581
0.3,0.55,0.2 619.059
0.3,0.55,0.25 327.828
0.3,0.55,0.3 479.098
0.3,0.55,0.35 349.255
0.3,0.55,0.4 247.486
0.3,0.55,0.45 756.075
0.3,0.55,0.5 471.57
0.3,0.55,0.55 122.754
0.3,0.55,0.6 60.5718
0.3,0.55,0.65 1.13287
0.3,0.6,0.1 13.9652
0.3,0.6,0.15 127.297
0.3,0.6,0.2 145.643
0.3,0.6,0.25 41.4891
0.3,0.6,0.3 133.255
0.3,0.6,0.35 220.75
0.3,0.6,0.4 61.5635
0.3,0.6,0.45 225.87
0.3,0.6,0.5 146.628
0.3,0.6,0.55 31.9139
0.3,0.6,0.6 19.7524
0.3,0.6,0.65 0.376531
0.3,0.65,0.1 13.4704
0.3,0.65,0.15 99.8579
0.3,0.65,0.2 67.5087
0.3,0.65,0.25 90.791
0.3,0.65,0.3 110.107
0.3,0.65,0.35 324.707
0.3,0.65,0.4 171.885
0.3,0.65,0.45 48.3651
0.3,0.65,0.5 7.79724
0.3,0.65,0.55 0.531905
0.3,0.65,0.6 0.0132058
0.3,0.65,0.65 0.000251805
0.3,0.7,0.1 0.559767
0.3,0.7,0.15 4.19044
0.3,0.7,0.2 62.2107
0.3,0.7,0.25 241.871
0.3,0.7,0.3 222.5
0.3,0.7,0.35 507.854
0.3,0.7,0.4 468.91
0.3,0.7,0.45 198.085
0.3,0.7,0.5 64.9872
0.3,0.7,0.55 5.18005
0.3,0.75,0.1 0.00139215
0.3,0.75,0.15 0.0150817
0.3,0.75,0.2 9.96913
0.3,0.75,0.25 40.0794
0.3,0.75,0.3 79.3196
0.3,0.75,0.35 193.199
0.3,0.75,0.4 143.274
0.3,0.75,0.45 69.9983
0.3,0.75,0.5 38.4439
0.3,0.75,0.55 3.10528
0.3,0.8,0.25 0.00106884
0.3,0.8,0.3 0.494863
0.3,0.8,0.35 1.36329
0.3,0.8,0.4 0.291382
0.3,0.8,0.45 0.367855
0.3,0.8,0.5 0.519364
0.3,0.8,0.55 0.0420896
0.35,0.1,0.2 0.00180479
0.35,0.1,0.25 4.66673
0.35,0.1,0.3 20.9074
0.35,0.1,0.35 24.6969
0.35,0.1,0.4 79.0679
0.35,0.1,0.45 20.9831
0.35,0.1,0.5 0.055037
0.35,0.1,0.55 0.0232176
0.35,0.1,0.6 8.30446e-05
0.35,0.15,0.1 3.21962e-05
0.35,0.15,0.15 12.2338
0.35,0.15,0.2 47.1422
0.35,0.15,0.25 82.937
0.35,0.15,0.3 298.151
0.35,0.15,0.35 182.79
0.35,0.15,0.4 405.053
0.35,0.15,0.45 121.058
0.35,0.15,0.5 5.41699
0.35,0.15,0.55 1.12836
0.35,0.15,0.6 0.00403591
0.35,0.2,0.05 5.20131e-05
0.35,0.2,0.1 0.0707026
0.35,0.2,0.15 95.8986
0.35,0.2,0.2 364.234
0.35,0.2,0.25 154.117
0.35,0.2,0.3 328.249
0.35,0.2,0.35 368.429
0.35,0.2,0.4 370.381
0.35,0.2,0.45 340.103
0.35,0.2,0.5 48.4865
0.35,0.2,0.55 1.61172
0.35,0.2,0.6 0.00576465
0.35,0.25,0.05 0.00134735
0.35,0.25,0.1 30.6109
0.35,0.25,0.15 237.429
0.35,0.25,0.2 431.295
0.35,0.25,0.25 134.832
0.35,0.25,0.3 287.115
0.35,0.25,0.35 617.399
0.35,0.25,0.4 474.518
0.35,0.25,0.45 426.213
0.35,0.25,0.5 91.173
0.35,0.25,0.55 77.6129
0.35,0.25,0.6 24.3187
0.35,0.25,0.65 0.0165687
0.35,0.3,0.05 0.00160305
0.35,0.3,0.1 80.6857
0.35,0.3,0.15 374.361
0.35,0.3,0.2 234.785
0.35,0.3,0.25 84.2576
0.35,0.3,0.3 214.806
0.35,0.3,0.35 684.625
0.35,0.3,0.4 729.639
0.35,0.3,0.45 579.204
0.35,0.3,0.5 291.161
0.35,0.3,0.55 457.673
0.35,0.3,0.6 135.111
0.35,0.3,0.65 0.0917121
0.35,0.35,0.05 0.0385468
0.35,0.35,0.1 32.1712
0.35,0.35,0.15 204.441
0.35,0.35,0.2 287.011
0.35,0.35,0.25 330.081
0.35,0.35,0.3 186.489
0.35,0.35,0.35 426.35
0.35,0.35,0.4 241.156
0.35,0.35,0.45 196.461
0.35,0.35,0.5 397.734
0.35,0.35,0.55 351.825
0.35,0.35,0.6 49.5993
0.35,0.35,0.65 0.0315551
0.35,0.4,0 5.36103e-07
0.35,0.4,0.05 1.55119
0.35,0.4,0.1 58.6494
0.35,0.4,0.15 412.331
0.35,0.4,0.2 633.057
0.35,0.4,0.25 507.182
0.35,0.4,0.3 81.7108
0.35,0.4,0.35 40.874
0.35,0.4,0.4 14.7205
0.35,0.4,0.45 20.6254
0.35,0.4,0.5 146.978
0.35,0.4,0.55 108.391
0.35,0.4,0.6 3.29555
0.35,0.4,0.65 2.90101e-05
0.35,0.45,0 1.96334e-05
0.35,0.45,0.05 53.4443
0.35,0.45,0.1 245.759
0.35,0.45,0.15 402.253
0.35,0.45,0.2 530.169
0.35,0.45,0.25 422.801
0.35,0.45,0.3 296.371
0.35,0.45,0.35 194.03
0.35,0.45,0.4 273.688
0.35,0.45,0.45 423.471
0.35,0.45,0.5 181.675
0.35,0.45,0.55 86.6191
0.35,0.45,0.6 4.77658
0.35,0.5,0 2.48271e-05
0.35,0.5,0.05 67.5937
0.35,0.5,0.1 290.712
0.35,0.5,0.15 305.518
0.35,0.5,0.2 422.848
0.35,0.5,0.25 394.037
0.35,0.5,0.3 493.645
0.35,0.5,0.35 289.917
0.35,0.5,0.4 586.639
0.35,0.5,0.45 898.87
0.35,0.5,0.5 788.07
0.35,0.5,0.55 463.944
0.35,0.5,0.6 63.1066
0.35,0.5,0.65 0.845397
0.35,0.55,0 1.59281e-06
0.35,0.55,0.05 4.74269
0.35,0.55,0.1 53.727
0.35,0.55,0.15 186.754
0.35,0.55,0.2 404.605
0.35,0.55,0.25 361.177
0.35,0.55,0.3 317.759
0.35,0.55,0.35 191.398
0.35,0.55,0.4 394.13
0.35,0.55,0.45 536.624
0.35,0.55,0.5 509.589
0.35,0.55,0.55 549.553
0.35,0.55,0.6 245.221
0.35,0.55,0.65 4.51349
0.35,0.6,0.05 2.64131
0.35,0.6,0.1 74.3916
0.35,0.6,0.15 364.436
0.35,0.6,0.2 267.47
0.35,0.6,0.25 66.69
0.35,0.6,0.3 232.184
0.35,0.6,0.35 604.1
0.35,0.6,0.4 330.975
0.35,0.6,0.45 238.611
0.35,0.6,0.5 93.8679
0.35,0.6,0.55 147.079
0.35,0.6,0.6 79.6732
0.35,0.6,0.65 1.50014
0.35,0.65,0.05 1.25101
0.35,0.65,0.1 57.9172
0.35,0.65,0.15 358.031
0.35,0.65,0.2 269.202
0.35,0.65,0.25 256.81
0.35,0.65,0.3 292.3
0.35,0.65,0.35 883.228
0.35,0.65,0.4 492.249
0.35,0.65,0.45 221.03
0.35,0.65,0.5 67.5614
0.35,0.65,0.55 24.3076
0.35,0.65,0.6 0.572057
0.35,0.65,0.65 0.00100322
0.35,0.7,0 1.90395e-12
0.35,0.7,0.05 0.00778027
0.35,0.7,0.1 12.3076
0.35,0.7,0.15 127.734
0.35,0.7,0.2 196.91
0.35,0.7,0.25 421.149
0.35,0.7,0.3 243.079
0.35,0.7,0.35 603.537
0.35,0.7,0.4 596.434
0.35,0.7,0.45 500.017
0.35,0.7,0.5 322.185
0.35,0.7,0.55 27.0331
0.35,0.7,0.6 0.0344446
0.35,0.75,0 6.48471e-09
0.35,0.75,0.05 0.668219
0.35,0.75,0.1 3.88573
0.35,0.75,0.15 13.9827
0.35,0.75,0.2 22.7376
0.35,0.75,0.25 57.5037
0.35,0.75,0.3 99.2897
0.35,0.75,0.35 295.686
0.35,0.75,0.4 150.494
0.35,0.75,0.45 173.349
0.35,0.75,0.5 187.327
0.35,0.75,0.55 15.0682
0.35,0.8,0 2.09747e-08
0.35,0.8,0.05 2.16134
0.35,0.8,0.1 8.59011
0.35,0.8,0.15 2.1338
0.35,0.8,0.25 0.000520547
0.35,0.8,0.3 5.90335
0.35,0.8,0.35 21.8221
0.35,0.8,0.4 6.24835
0.35,0.8,0.45 3.2969
0.35,0.8,0.5 2.64456
0.35,0.8,0.55 0.204237
0.35,0.85,0 4.23295e-09
0.35,0.85,0.05 0.436185
0.35,0.85,0.1 1.73359
0.35,0.85,0.15 0.430627
0.4,0.1,0.1 2.22772e-10
0.4,0.1,0.15 0.00790131
0.4,0.1,0.2 0.0534634
0.4,0.1,0.25 1.20879
0.4,0.1,0.3 5.60902
0.4,0.1,0.35 23.4831
0.4,0.1,0.4 19.9768
0.4,0.1,0.45 3.68743
0.4,0.1,0.5 2.79988
0.4,0.1,0.55 1.17985
0.4,0.1,0.6 0.00422008
0.4,0.15,0.1 0.000320815
0.4,0.15,0.15 8.16928
0.4,0.15,0.2 34.017
0.4,0.15,0.25 116.472
0.4,0.15,0.3 186.078
0.4,0.15,0.35 233.504
0.4,0.15,0.4 157.171
0.4,0.15,0.45 45.2687
0.4,0.15,0.5 136.285
0.4,0.15,0.55 57.34
0.4,0.15,0.6 0.205093
0.4,0.2,0.05 0.00767924
0.4,0.2,0.1 2.11749
0.4,0.2,0.15 75.934
0.4,0.2,0.2 272.152
