0.65,0.4,0.35 0.331262
0.65,0.4,0.4 0.000116925
0.65,0.45,0 2.5039e-10
0.65,0.45,0.05 155.48
0.65,0.45,0.1 622.627
0.65,0.45,0.15 286.788
0.65,0.45,0.2 310.452
0.65,0.45,0.25 45.3113
0.65,0.5,0 2.57369e-10
0.65,0.5,0.05 93.533
0.65,0.5,0.1 375.533
0.65,0.5,0.15 357.911
0.65,0.5,0.2 659.283
0.65,0.5,0.25 108.846
0.65,0.5,0.3 0.477699
0.65,0.55,0 5.57314e-11
0.65,0.55,0.05 44.8516
0.65,0.55,0.1 187.742
0.65,0.55,0.15 298.63
0.65,0.55,0.2 615.225
0.65,0.55,0.25 169.699
0.65,0.55,0.3 4.45156
0.65,0.6,0 4.93358e-11
0.65,0.6,0.05 49.5728
0.65,0.6,0.1 224.182
0.65,0.6,0.15 388.505
0.65,0.6,0.2 612.44
0.65,0.6,0.25 171.123
0.65,0.6,0.3 2.77431
0.65,0.65,0 1.44239e-10
0.65,0.65,0.05 90.2505
0.65,0.65,0.1 441.76
0.65,0.65,0.15 419.848
0.65,0.65,0.2 315.282
0.65,0.65,0.25 76.5263
0.65,0.65,0.3 0.35836
0.65,0.7,0 4.39244e-11
0.65,0.7,0.05 41.1344
0.65,0.7,0.1 405.296
0.65,0.7,0.15 520.886
0.65,0.7,0.2 137.876
0.65,0.7,0.25 8.17095
0.65,0.7,0.3 0.0120314
0.65,0.75,0 3.29656e-10
0.65,0.75,0.05 39.4165
0.65,0.75,0.1 407.775
0.65,0.75,0.15 356.757
0.65,0.75,0.2 22.3676
0.65,0.75,0.25 0.271076
0.65,0.8,0 7.41904e-10
0.65,0.8,0.05 79.9934
0.65,0.8,0.1 457.652
0.65,0.8,0.15 243.668
0.65,0.8,0.2 7.88695
0.65,0.85,0 1.7205e-10
0.65,0.85,0.05 78.0207
0.65,0.85,0.1 314.886
0.65,0.85,0.15 81.4253
0.65,0.85,0.2 0.16667
0.65,0.9,0 1.99767e-11
0.65,0.9,0.05 18.789
0.65,0.9,0.1 75.1345
0.65,0.9,0.15 18.7783
0.65,0.95,0 1.57188e-16
0.65,0.95,0.05 0.000184117
0.65,0.95,0.1 0.000736258
0.65,0.95,0.15 0.000184012
0.7,0.1,0 -7.72849e-19
0.7,0.1,0.05 0.000580121
0.7,0.1,0.1 0.61863
0.7,0.1,0.15 5.21671
0.7,0.1,0.2 2.62426
0.7,0.1,0.25 0.0199187
0.7,0.15,0 -1.92792e-14
0.7,0.15,0.05 25.3641
0.7,0.15,0.1 110.638
0.7,0.15,0.15 103.221
0.7,0.15,0.2 43.9072
0.7,0.15,0.25 6.59597
0.7,0.15,0.3 0.427874
0.7,0.2,0 3.09317e-09
0.7,0.2,0.05 116.247
0.7,0.2,0.1 472.257
0.7,0.2,0.15 177.557
0.7,0.2,0.2 87.3175
0.7,0.2,0.25 75.3786
0.7,0.2,0.3 5.1039
0.7,0.25,0 1.43842e-08
0.7,0.25,0.05 130.577
0.7,0.25,0.1 532.027
0.7,0.25,0.15 166.686
0.7,0.25,0.2 115.46
0.7,0.25,0.25 65.0981
0.7,0.25,0.3 6.91402
0.7,0.25,0.35 1.11601
0.7,0.25,0.4 0.000393919
0.7,0.3,0 4.18038e-09
0.7,0.3,0.05 36.6197
0.7,0.3,0.1 166.319
0.7,0.3,0.15 169.166
0.7,0.3,0.2 244.379
0.7,0.3,0.25 51.1328
0.7,0.3,0.3 28.8487
0.7,0.3,0.35 9.0292
0.7,0.3,0.4 0.00318703
0.7,0.35,0 3.41761e-10
0.7,0.35,0.05 47.1076
0.7,0.35,0.1 197.691
0.7,0.35,0.15 119.18
0.7,0.35,0.2 66.9743
0.7,0.35,0.25 11.192
0.7,0.35,0.3 13.9472
0.7,0.35,0.35 4.37417
0.7,0.35,0.4 0.00154395
0.7,0.4,0 1.18363e-09
0.7,0.4,0.05 148.401
0.7,0.4,0.1 601.883
0.7,0.4,0.15 213.864
0.7,0.4,0.2 39.4164
0.7,0.4,0.25 0.629095
0.7,0.4,0.3 0.0915164
0.7,0.4,0.35 0.0287017
0.7,0.4,0.4 1.01308e-05
0.7,0.45,0 3.2742e-10
0.7,0.45,0.05 132.591
0.7,0.45,0.1 564.774
0.7,0.45,0.15 190.527
0.7,0.45,0.2 68.6204
0.7,0.45,0.25 9.32459
0.7,0.5,0 4.42988e-11
0.7,0.5,0.05 141.109
0.7,0.5,0.1 623.849
0.7,0.5,0.15 328.168
0.7,0.5,0.2 326.264
0.7,0.5,0.25 47.4437
0.7,0.5,0.3 0.000307898
0.7,0.55,0 4.75609e-11
0.7,0.55,0.05 111.753
0.7,0.55,0.1 518.183
0.7,0.55,0.15 411.696
0.7,0.55,0.2 534.079
0.7,0.55,0.25 70.2683
0.7,0.55,0.3 0.00317562
0.7,0.6,0 7.00066e-11
0.7,0.6,0.05 87.4632
0.7,0.6,0.1 359.789
0.7,0.6,0.15 314.712
0.7,0.6,0.2 451.51
0.7,0.6,0.25 56.565
0.7,0.6,0.3 0.00769944
0.7,0.65,0 1.46026e-10
0.7,0.65,0.05 78.4184
0.7,0.65,0.1 357.323
0.7,0.65,0.15 184.145
0.7,0.65,0.2 44.8597
0.7,0.65,0.25 4.73964
0.7,0.65,0.3 0.00557259
0.7,0.7,0 4.2527e-11
0.7,0.7,0.05 24.8106
0.7,0.7,0.1 291.272
0.7,0.7,0.15 440.349
0.7,0.7,0.2 60.4662
0.7,0.7,0.25 0.0403692
0.7,0.7,0.3 0.000199854
0.7,0.75,0 6.10148e-12
0.7,0.75,0.05 5.32257
0.7,0.75,0.1 159.905
0.7,0.75,0.15 228.449
0.7,0.75,0.2 23.6349
0.7,0.75,0.25 3.26845e-07
0.7,0.8,0 2.01839e-09
0.7,0.8,0.05 14.3243
0.7,0.8,0.1 119.45
0.7,0.8,0.15 88.3431
0.7,0.8,0.2 3.57975
0.7,0.85,0 8.01202e-09
0.7,0.85,0.05 41.3446
0.7,0.85,0.1 166.416
0.7,0.85,0.15 42.7701
0.7,0.85,0.2 0.0754516
0.7,0.9,0 2.00013e-09
0.7,0.9,0.05 10.3149
0.7,0.9,0.1 41.1903
0.7,0.9,0.15 10.2803
0.7,0.95,0 5.43256e-18
0.7,0.95,0.05 6.36324e-06
0.7,0.95,0.1 2.54457e-05
0.7,0.95,0.15 6.35962e-06
0.75,0.1,0 -4.45664e-19
0.75,0.1,0.05 0.000334528
0.75,0.1,0.1 0.00133806
0.75,0.1,0.15 0.000334504
0.75,0.15,0 -1.9462e-14
0.75,0.15,0.05 14.6087
0.75,0.15,0.1 58.4327
0.75,0.15,0.15 14.6076
0.75,0.15,0.2 8.58926e-06
0.75,0.15,0.25 1.12792e-05
0.75,0.15,0.3 7.66152e-07
0.75,0.2,0 7.62656e-10
0.75,0.2,0.05 59.0534
0.75,0.2,0.1 236.172
0.75,0.2,0.15 59.0328
0.75,0.2,0.2 0.00101188
0.75,0.2,0.25 0.00031502
0.75,0.2,0.3 9.13906e-06
0.75,0.25,0 3.54713e-09
0.75,0.25,0.05 37.928
0.75,0.25,0.1 151.551
0.75,0.25,0.15 38.2276
0.75,0.25,0.2 1.20935
0.75,0.25,0.25 0.240071
0.75,0.25,0.3 6.0085e-06
0.75,0.3,0 1.03165e-09
0.75,0.3,0.05 7.58384
0.75,0.3,0.1 30.2915
0.75,0.3,0.15 8.71534
0.75,0.3,0.2 3.60951
0.75,0.3,0.25 0.71346
0.75,0.3,0.3 1.05312e-07
0.75,0.35,0 4.91647e-10
0.75,0.35,0.05 51.3972
0.75,0.35,0.1 215.403
0.75,0.35,0.15 159.811
0.75,0.35,0.2 67.1821
0.75,0.35,0.25 1.0999
0.75,0.4,0 1.42949e-09
0.75,0.4,0.05 158.359
0.75,0.4,0.1 670.365
0.75,0.4,0.15 516.758
0.75,0.4,0.2 218.744
0.75,0.4,0.25 3.18326
0.75,0.45,0 2.87681e-10
0.75,0.45,0.05 100.215
0.75,0.45,0.1 474.161
0.75,0.45,0.15 254.364
0.75,0.45,0.2 60.6407
0.75,0.45,0.25 0.719892
0.75,0.5,0 7.51026e-12
0.75,0.5,0.05 80.1696
0.75,0.5,0.1 497.577
0.75,0.5,0.15 475.334
0.75,0.5,0.2 108.941
0.75,0.5,0.25 1.38108
0.75,0.55,0 6.28182e-11
0.75,0.55,0.05 71.8321
0.75,0.55,0.1 466.115
0.75,0.55,0.15 361.969
0.75,0.55,0.2 155.91
0.75,0.55,0.25 13.0049
0.75,0.6,0 6.06152e-11
0.75,0.6,0.05 35.4227
0.75,0.6,0.1 160.925
0.75,0.6,0.15 128.221
0.75,0.6,0.2 150.355
0.75,0.6,0.25 16.5195
0.75,0.65,0 8.84991e-12
0.75,0.65,0.05 14.9443
0.75,0.65,0.1 80.5399
0.75,0.65,0.15 85.445
0.75,0.65,0.2 23.4278
0.75,0.65,0.25 1.18605
0.75,0.7,0 1.87689e-12
0.75,0.7,0.05 1.54861
0.75,0.7,0.1 116.209
0.75,0.7,0.15 346.002
0.75,0.7,0.2 67.2937
0.75,0.75,0 2.65199e-11
0.75,0.75,0.05 0.156255
0.75,0.75,0.1 37.4556
0.75,0.75,0.15 114.822
0.75,0.75,0.2 22.347
0.75,0.8,0 6.47176e-09
0.75,0.8,0.05 30.66
0.75,0.8,0.1 122.752
0.75,0.8,0.15 30.9909
0.75,0.8,0.2 0.0323207
0.75,0.85,0 2.26947e-08
0.75,0.85,0.05 108.817
0.75,0.85,0.1 434.499
0.75,0.85,0.15 108.438
0.75,0.85,0.2 0.000372263
0.75,0.9,0 5.3693e-09
0.75,0.9,0.05 25.8896
0.75,0.9,0.1 103.375
0.75,0.9,0.15 25.7978
0.8,0.05,0 1.96048e-11
0.8,0.05,0.05 1.15495
0.8,0.05,0.1 4.61623
0.8,0.05,0.15 1.15317
0.8,0.1,0 2.31151e-10
0.8,0.1,0.05 13.6174
0.8,0.1,0.1 54.4276
0.8,0.1,0.15 13.5964
0.8,0.15,0 1.50684e-10
0.8,0.15,0.05 9.05319
0.8,0.15,0.1 36.1854
0.8,0.15,0.15 9.0395
0.8,0.2,0 2.58135e-12
0.8,0.2,0.05 0.797686
0.8,0.2,0.1 3.19018
0.8,0.2,0.15 0.797405
0.8,0.25,0 -1.96951e-16
0.8,0.25,0.05 0.147837
0.8,0.25,0.1 0.591326
0.8,0.25,0.15 0.147826
0.8,0.3,0 1.68357e-13
0.8,0.3,0.05 0.0169618
0.8,0.3,0.1 0.068615
0.8,0.3,0.15 0.0257755
0.8,0.3,0.2 0.00542825
0.8,0.3,0.25 7.89952e-05
0.8,0.35,0 5.37723e-11
0.8,0.35,0.05 5.70224
0.8,0.35,0.1 26.2739
0.8,0.35,0.15 43.5728
0.8,0.35,0.2 23.2707
0.8,0.35,0.25 0.338649
0.8,0.4,0 1.37992e-10
0.8,0.4,0.05 20.4763
0.8,0.4,0.1 93.7633
0.8,0.4,0.15 145.269
0.8,0.4,0.2 76.5255
0.8,0.4,0.25 1.11364
0.8,0.45,0 2.68516e-11
0.8,0.45,0.05 15.2873
0.8,0.45,0.1 77.0535
0.8,0.45,0.15 83.0763
0.8,0.45,0.2 27.7607
0.8,0.45,0.25 0.231974
0.8,0.5,0 2.16122e-11
0.8,0.5,0.05 11.7662
0.8,0.5,0.1 112.041
0.8,0.5,0.15 273.018
0.8,0.5,0.2 77.8575
0.8,0.5,0.25 0.024192
0.8,0.55,0 4.10889e-10
0.8,0.55,0.05 82.6367
0.8,0.55,0.1 371.43
0.8,0.55,0.15 197.132
0.8,0.55,0.2 31.8934
0.8,0.55,0.25 0.108658
0.8,0.6,0 3.92348e-10
0.8,0.6,0.05 140.958
0.8,0.6,0.1 566.236
0.8,0.6,0.15 143.473
0.8,0.6,0.2 1.33634
0.8,0.6,0.25 0.136723
0.8,0.65,0 1.65536e-11
0.8,0.65,0.05 76.6696
0.8,0.65,0.1 308.242
0.8,0.65,0.15 81.7077
0.8,0.65,0.2 1.07035
0.8,0.65,0.25 0.00985944
0.8,0.7,0 2.27173e-13
0.8,0.7,0.05 4.7203
0.8,0.7,0.1 27.3536
0.8,0.7,0.15 31.3912
0.8,0.7,0.2 5.22646
0.8,0.75,0 2.78316e-10
0.8,0.75,0.05 1.40782
0.8,0.75,0.1 8.43498
0.8,0.75,0.15 10.2561
0.8,0.75,0.2 1.73474
0.8,0.8,0 1.35993e-08
0.8,0.8,0.05 59.6748
0.8,0.8,0.1 238.269
0.8,0.8,0.15 59.4714
0.8,0.8,0.2 0.00247161
0.8,0.85,0 2.1173e-08
0.8,0.85,0.05 93.707
0.8,0.85,0.1 374.201
0.8,0.85,0.15 93.513
0.8,0.85,0.2 0.0235124
0.8,0.9,0 2.16719e-09
0.8,0.9,0.05 9.81907
0.8,0.9,0.1 39.2536
0.8,0.9,0.15 9.90977
0.8,0.9,0.2 0.0201747
0.8,0.95,0.05 3.38588e-06
0.8,0.95,0.1 0.00158205
0.8,0.95,0.15 0.0040969
0.8,0.95,0.2 0.000654446
0.85,0.05,0 1.24806e-10
0.85,0.05,0.05 7.35247
0.85,0.05,0.1 29.3872
0.85,0.05,0.15 7.34114
0.85,0.1,0 1.47152e-09
0.85,0.1,0.05 86.6892
0.85,0.1,0.1 346.489
0.85,0.1,0.15 86.5556
0.85,0.15,0 9.59267e-10
0.85,0.15,0.05 56.5117
0.85,0.15,0.1 225.873
0.85,0.15,0.15 56.4246
0.85,0.2,0 1.64385e-11
0.85,0.2,0.05 0.968414
0.85,0.2,0.1 3.87067
0.85,0.2,0.15 0.966922
0.85,0.3,0.1 8.58564e-07
0.85,0.3,0.15 9.34711e-06
0.85,0.3,0.2 5.74252e-06
0.85,0.3,0.25 8.35686e-08
0.85,0.35,0 2.05334e-12
0.85,0.35,0.05 2.81838
0.85,0.35,0.1 11.2741
0.85,0.35,0.15 2.85693
0.85,0.35,0.2 0.0246179
0.85,0.35,0.25 0.000358255
0.85,0.4,0 4.9675e-11
0.85,0.4,0.05 66.3295
0.85,0.4,0.1 265.258
0.85,0.4,0.15 66.4253
0.85,0.4,0.2 0.0809558
0.85,0.4,0.25 0.00117812
0.85,0.45,0 1.69203e-10
0.85,0.45,0.05 93.5279
0.85,0.45,0.1 374.204
0.85,0.45,0.15 94.5522
0.85,0.45,0.2 0.343248
0.85,0.45,0.25 0.000333796
0.85,0.5,0 2.12954e-10
0.85,0.5,0.05 49.5774
0.85,0.5,0.1 199.599
0.85,0.5,0.15 56.3709
0.85,0.5,0.2 2.10857
0.85,0.5,0.25 0.000593791
0.85,0.55,0 1.99659e-10
0.85,0.55,0.05 37.5137
0.85,0.55,0.1 150.528
0.85,0.55,0.15 40.1924
0.85,0.55,0.2 0.837514
0.85,0.55,0.25 0.000235851
0.85,0.6,0 1.72282e-10
0.85,0.6,0.05 59.7681
0.85,0.6,0.1 239.001
0.85,0.6,0.15 59.7385
0.85,0.6,0.2 0.00212433
0.85,0.6,0.25 5.98229e-07
0.85,0.65,0 1.08629e-11
0.85,0.65,0.05 57.101
0.85,0.65,0.1 228.377
0.85,0.65,0.15 57.0876
0.85,0.7,0 8.47068e-12
0.85,0.7,0.05 60.7193
0.85,0.7,0.1 242.84
0.85,0.7,0.15 60.7005
0.85,0.75,0 1.79695e-10
0.85,0.75,0.05 10.525
0.85,0.75,0.1 42.0858
0.85,0.75,0.15 10.5179
0.85,0.8,0 7.95205e-09
0.85,0.8,0.05 72.5785
0.85,0.8,0.1 292.355
0.85,0.8,0.15 78.6229
0.85,0.8,0.2 0.99348
0.85,0.85,0 1.09868e-08
0.85,0.85,0.05 89.6568
0.85,0.85,0.1 400.374
0.85,0.85,0.15 199.548
0.85,0.85,0.2 17.6043
0.85,0.9,0 8.06315e-10
0.85,0.9,0.05 5.72643
0.85,0.9,0.1 59.0778
0.85,0.9,0.15 100.194
0.85,0.9,0.2 15.1053
0.85,0.95,0.05 0.00253509
0.85,0.95,0.1 1.18452
0.85,0.95,0.15 3.06745
0.85,0.95,0.2 0.49
0.9,0.05,0 4.89436e-11
0.9,0.05,0.05 2.88334
0.9,0.05,0.1 11.5245
0.9,0.05,0.15 2.87889
0.9,0.1,0 5.77069e-10
0.9,0.1,0.05 33.9959
0.9,0.1,0.1 135.879
0.9,0.1,0.15 33.9435
0.9,0.15,0 3.76185e-10
0.9,0.15,0.05 22.1616
0.9,0.15,0.1 88.578
0.9,0.15,0.15 22.1274
0.9,0.2,0 6.4465e-12
0.9,0.2,0.05 0.379772
0.9,0.2,0.1 1.51792
0.9,0.2,0.15 0.379187
0.9,0.35,0 1.21741e-12
0.9,0.35,0.05 1.671
0.9,0.35,0.1 6.68218
0.9,0.35,0.15 1.6701
0.9,0.4,0 3.14811e-11
0.9,0.4,0.05 39.7789
0.9,0.4,0.1 159.072
0.9,0.4,0.15 39.7571
0.9,0.45,0 2.52178e-10
0.9,0.45,0.05 89.3225
0.9,0.45,0.1 357.149
0.9,0.45,0.15 89.2519
0.9,0.5,0 3.7579e-10
0.9,0.5,0.05 85.2775
0.9,0.5,0.1 340.943
0.9,0.5,0.15 85.194
0.9,0.55,0 3.65251e-11
0.9,0.55,0.05 8.11505
0.9,0.55,0.1 32.4441
0.9,0.55,0.15 8.10701
0.9,0.6,0 7.58837e-13
0.9,0.6,0.05 0.363647
0.9,0.6,0.1 1.45419
0.9,0.6,0.15 0.36345
0.9,0.65,0 5.10247e-12
0.9,0.65,0.05 35.6853
0.9,0.65,0.1 142.719
0.9,0.65,0.15 35.6741
0.9,0.7,0 1.17393e-11
0.9,0.7,0.05 82.3675
0.9,0.7,0.1 329.418
0.9,0.7,0.15 82.3416
0.9,0.75,0 2.30819e-11
0.9,0.75,0.05 13.8493
0.9,0.75,0.1 55.3843
0.9,0.75,0.15 13.8429
0.9,0.8,0 6.31785e-10
0.9,0.8,0.05 61.7275
0.9,0.8,0.1 253.362
0.9,0.8,0.15 78.893
0.9,0.8,0.2 2.75663
0.9,0.85,0 7.26178e-10
0.9,0.85,0.05 68.4086
0.9,0.85,0.1 390.535
0.9,0.85,0.15 373.858
0.9,0.85,0.2 48.8471
0.9,0.9,0 4.0616e-11
0.9,0.9,0.05 3.74035
0.9,0.9,0.1 115.405
0.9,0.9,0.15 265.899
0.9,0.9,0.2 41.913
0.9,0.95,0.05 0.00703418
0.9,0.95,0.1 3.28671
0.9,0.95,0.15 8.51133
0.9,0.95,0.2 1.35961
0.95,0.05,0 1.15116e-13
0.95,0.05,0.05 0.00678165
0.95,0.05,0.1 0.0271057
0.95,0.05,0.15 0.0067712
0.95,0.1,0 1.35728e-12
0.95,0.1,0.05 0.079959
0.95,0.1,0.1 0.319589
0.95,0.1,0.15 0.0798357
0.95,0.15,0 8.84793e-13
0.95,0.15,0.05 0.0521244
0.95,0.15,0.1 0.208337
0.95,0.15,0.15 0.052044
0.95,0.2,0 1.51623e-14
0.95,0.2,0.05 0.000893231
0.95,0.2,0.1 0.00357017
0.95,0.2,0.15 0.000891854
0.95,0.35,0 1.5971e-14
0.95,0.35,0.05 0.0219214
0.95,0.35,0.1 0.0876621
0.95,0.35,0.15 0.0219096
0.95,0.4,0 6.97214e-13
0.95,0.4,0.05 0.585243
0.95,0.4,0.1 2.34027
0.95,0.4,0.15 0.584895
0.95,0.45,0 2.45793e-11
0.95,0.45,0.05 5.91607
0.95,0.45,0.1 23.6531
0.95,0.45,0.15 5.91045
0.95,0.5,0 4.0585e-11
0.95,0.5,0.05 9.07122
0.95,0.5,0.1 36.267
0.95,0.5,0.15 9.06226
0.95,0.55,0 3.87302e-12
0.95,0.55,0.05 0.863833
0.95,0.55,0.1 3.45362
0.95,0.55,0.15 0.862979
0.95,0.6,0 1.48447e-15
0.95,0.6,0.05 0.0104151
0.95,0.6,0.1 0.041654
0.95,0.6,0.15 0.0104119
0.95,0.65,0 3.7401e-13
0.95,0.65,0.05 2.62407
0.95,0.65,0.1 10.4946
0.95,0.65,0.15 2.62325
0.95,0.7,0 8.6566e-13
0.95,0.7,0.05 6.07352
0.95,0.7,0.1 24.2903
0.95,0.7,0.15 6.07161
0.95,0.75,0 1.75853e-12
0.95,0.75,0.05 1.04604
0.95,0.75,0.1 4.18317
0.95,0.75,0.15 1.04554
0.95,0.8,0 4.51572e-11
0.95,0.8,0.05 5.2243
0.95,0.8,0.1 22.0209
0.95,0.8,0.15 8.18413
0.95,0.8,0.2 0.474227
0.95,0.85,0 4.97777e-11
0.95,0.85,0.05 5.79962
0.95,0.85,0.1 43.3242
0.95,0.85,0.15 58.3542
0.95,0.85,0.2 8.40323
0.95,0.9,0 2.56326e-12
0.95,0.9,0.05 0.333712
0.95,0.9,0.1 18.6151
0.95,0.9,0.15 45.4336
0.95,0.9,0.2 7.21035
0.95,0.95,0.05 0.0012101
0.95,0.95,0.1 0.565417
0.95,0.95,0.15 1.46422
0.95,0.95,0.2 0.233896
