0.25,0.2,0 3.41991e-10
0.25,0.2,0.05 21.526
0.25,0.2,0.1 273.897
0.25,0.2,0.15 492.397
0.25,0.2,0.2 554.336
0.25,0.2,0.25 350.102
0.25,0.2,0.3 511.167
0.25,0.2,0.35 513.278
0.25,0.2,0.4 96.4564
0.25,0.2,0.45 0.0439124
0.25,0.25,0 8.77406e-13
0.25,0.25,0.05 51.0548
0.25,0.25,0.1 302.764
0.25,0.25,0.15 327.113
0.25,0.25,0.2 579.039
0.25,0.25,0.25 296.165
0.25,0.25,0.3 530.884
0.25,0.25,0.35 567.379
0.25,0.25,0.4 85.3437
0.25,0.25,0.45 0.0824429
0.25,0.3,0 6.45656e-13
0.25,0.3,0.05 37.8985
0.25,0.3,0.1 184.314
0.25,0.3,0.15 255.779
0.25,0.3,0.2 646.955
0.25,0.3,0.25 320.607
0.25,0.3,0.3 169.608
0.25,0.3,0.35 262.962
0.25,0.3,0.4 82.0808
0.25,0.3,0.45 0.219425
0.25,0.35,0 1.10059e-10
0.25,0.35,0.05 71.6406
0.25,0.35,0.1 384.124
0.25,0.35,0.15 383.442
0.25,0.35,0.2 157.163
0.25,0.35,0.25 43.7569
0.25,0.35,0.3 20.334
0.25,0.35,0.35 37.3541
0.25,0.35,0.4 15.115
0.25,0.35,0.45 0.0439342
0.25,0.4,0 6.09481e-10
0.25,0.4,0.05 100.274
0.25,0.4,0.1 466.135
0.25,0.4,0.15 410.299
0.25,0.4,0.2 178.435
0.25,0.4,0.25 69.6668
0.25,0.4,0.3 7.55398
0.25,0.4,0.35 0.434706
0.25,0.4,0.4 0.0498409
0.25,0.4,0.45 0.000253728
0.25,0.4,0.5 2.34315e-06
0.25,0.45,0 1.03217e-09
0.25,0.45,0.05 148.812
0.25,0.45,0.1 642.382
0.25,0.45,0.15 452.164
0.25,0.45,0.2 311.676
0.25,0.45,0.25 409.699
0.25,0.45,0.3 199.025
0.25,0.45,0.35 132.529
0.25,0.45,0.4 108.201
0.25,0.45,0.45 14.7583
0.25,0.45,0.5 0.00403386
0.25,0.5,0 1.46036e-09
0.25,0.5,0.05 177.068
0.25,0.5,0.1 733.675
0.25,0.5,0.15 349.363
0.25,0.5,0.2 310.765
0.25,0.5,0.25 482.942
0.25,0.5,0.3 765.31
0.25,0.5,0.35 560.364
0.25,0.5,0.4 513.993
0.25,0.5,0.45 83.5723
0.25,0.5,0.5 0.0469704
0.25,0.55,0 2.23998e-09
0.25,0.55,0.05 76.8547
0.25,0.55,0.1 350.49
0.25,0.55,0.15 352.307
0.25,0.55,0.2 374.067
0.25,0.55,0.25 348.333
0.25,0.55,0.3 660.346
0.25,0.55,0.35 653.944
0.25,0.55,0.4 531.181
0.25,0.55,0.45 78.9208
0.25,0.55,0.5 0.0309159
0.25,0.6,0 1.73335e-08
0.25,0.6,0.05 11.1223
0.25,0.6,0.1 76.7707
0.25,0.6,0.15 360.61
0.25,0.6,0.2 603.211
0.25,0.6,0.25 520.505
0.25,0.6,0.3 469.875
0.25,0.6,0.35 498.244
0.25,0.6,0.4 335.837
0.25,0.6,0.45 38.0116
0.25,0.6,0.5 0.000549101
0.25,0.65,0 1.10698e-08
0.25,0.65,0.05 77.8858
0.25,0.65,0.1 334.438
0.25,0.65,0.15 442.17
0.25,0.65,0.2 460.942
0.25,0.65,0.25 205.292
0.25,0.65,0.3 440.093
0.25,0.65,0.35 347.569
0.25,0.65,0.4 75.9768
0.25,0.65,0.45 5.2192
0.25,0.7,0 2.14309e-09
0.25,0.7,0.05 95.1179
0.25,0.7,0.1 434.665
0.25,0.7,0.15 477.724
0.25,0.7,0.2 434.121
0.25,0.7,0.25 243.494
0.25,0.7,0.3 266.672
0.25,0.7,0.35 88.8604
0.25,0.7,0.4 3.40066
0.25,0.7,0.45 0.0924612
0.25,0.75,0 1.56936e-10
0.25,0.75,0.05 8.95135
0.25,0.75,0.1 64.0198
0.25,0.75,0.15 465.342
0.25,0.75,0.2 717.165
0.25,0.75,0.25 437.46
0.25,0.75,0.3 238.696
0.25,0.75,0.35 87.306
0.25,0.75,0.4 0.637335
0.25,0.8,0.05 5.70634e-10
0.25,0.8,0.1 6.2529
0.25,0.8,0.15 164.489
0.25,0.8,0.2 230.594
0.25,0.8,0.25 91.3177
0.25,0.8,0.3 71.3871
0.25,0.8,0.35 30.2475
0.25,0.8,0.4 0.235634
0.25,0.85,0.1 0.0343366
0.25,0.85,0.15 0.695273
0.25,0.85,0.2 0.712924
0.25,0.85,0.25 0.190817
0.25,0.85,0.3 0.140373
0.25,0.85,0.35 0.0507203
0.25,0.85,0.4 0.000395108
0.3,0.05,0 3.73392e-15
0.3,0.05,0.05 0.0077547
0.3,0.05,0.1 0.458471
0.3,0.05,0.15 28.5755
0.3,0.05,0.2 74.7871
0.3,0.05,0.25 84.3013
0.3,0.05,0.3 73.5343
0.3,0.05,0.35 4.00763
0.3,0.05,0.4 0.00836803
0.3,0.1,0 2.52885e-12
0.3,0.1,0.05 0.775292
0.3,0.1,0.1 37.6449
0.3,0.1,0.15 200.528
0.3,0.1,0.2 406.952
0.3,0.1,0.25 385.31
0.3,0.1,0.3 354.786
0.3,0.1,0.35 43.8581
0.3,0.1,0.4 0.331116
0.3,0.15,0 6.92181e-12
0.3,0.15,0.05 6.82302
0.3,0.15,0.1 97.9627
0.3,0.15,0.15 313.252
0.3,0.15,0.2 513.714
0.3,0.15,0.25 319.25
0.3,0.15,0.3 486.191
0.3,0.15,0.35 279.845
0.3,0.15,0.4 27.302
0.3,0.15,0.45 0.0187024
0.3,0.2,0 1.17434e-12
0.3,0.2,0.05 65.8032
0.3,0.2,0.1 334.165
0.3,0.2,0.15 432.081
0.3,0.2,0.2 656.397
0.3,0.2,0.25 308.374
0.3,0.2,0.3 609.492
0.3,0.2,0.35 576.025
0.3,0.2,0.4 134.299
0.3,0.2,0.45 0.0963155
0.3,0.25,0 1.00782e-14
0.3,0.25,0.05 72.4008
0.3,0.25,0.1 413.133
0.3,0.25,0.15 274.322
0.3,0.25,0.2 327.488
0.3,0.25,0.25 289.656
0.3,0.25,0.3 540.243
0.3,0.25,0.35 541.808
0.3,0.25,0.4 113.66
0.3,0.25,0.45 0.16624
0.3,0.3,0 4.81967e-12
0.3,0.3,0.05 27.8346
0.3,0.3,0.1 157.726
0.3,0.3,0.15 342.219
0.3,0.3,0.2 501.811
0.3,0.3,0.25 470.837
0.3,0.3,0.3 472.482
0.3,0.3,0.35 498.703
0.3,0.3,0.4 160.009
0.3,0.3,0.45 0.434452
0.3,0.35,0 2.78345e-09
0.3,0.35,0.05 34.7514
0.3,0.35,0.1 263.09
0.3,0.35,0.15 701.529
0.3,0.35,0.2 534.055
0.3,0.35,0.25 117.259
0.3,0.35,0.3 78.8264
0.3,0.35,0.35 78.9058
0.3,0.35,0.4 29.965
0.3,0.35,0.45 0.0869876
0.3,0.4,0 1.13935e-08
0.3,0.4,0.05 105.501
0.3,0.4,0.1 519.545
0.3,0.4,0.15 753.824
0.3,0.4,0.2 496.202
0.3,0.4,0.25 74.8307
0.3,0.4,0.3 5.46967
0.3,0.4,0.35 0.589636
0.3,0.4,0.4 2.06378
0.3,0.4,0.45 0.551816
0.3,0.4,0.5 1.45824e-05
0.3,0.45,0 3.64339e-09
0.3,0.45,0.05 76.6858
0.3,0.45,0.1 363.301
0.3,0.45,0.15 559.688
0.3,0.45,0.2 536.654
0.3,0.45,0.25 311.184
0.3,0.45,0.3 146.268
0.3,0.45,0.35 94.4181
0.3,0.45,0.4 29.4652
0.3,0.45,0.45 4.31903
0.3,0.45,0.5 6.155e-05
0.3,0.5,0 8.73453e-10
0.3,0.5,0.05 108.708
0.3,0.5,0.1 493.664
0.3,0.5,0.15 231.734
0.3,0.5,0.2 205.457
0.3,0.5,0.25 303.446
0.3,0.5,0.3 702.886
0.3,0.5,0.35 473.566
0.3,0.5,0.4 89.9557
0.3,0.5,0.45 9.23592
0.3,0.5,0.5 1.62365e-05
0.3,0.55,0 6.17099e-08
0.3,0.55,0.05 68.0642
0.3,0.55,0.1 327.485
0.3,0.55,0.15 233.224
0.3,0.55,0.2 310.517
0.3,0.55,0.25 273.445
0.3,0.55,0.3 693.698
0.3,0.55,0.35 328.461
0.3,0.55,0.4 123.62
0.3,0.55,0.45 12.5122
0.3,0.55,0.5 8.84351e-11
0.3,0.6,0 5.15612e-07
0.3,0.6,0.05 68.1752
0.3,0.6,0.1 280.804
0.3,0.6,0.15 274.536
0.3,0.6,0.2 635.005
0.3,0.6,0.25 440.359
0.3,0.6,0.3 578.726
0.3,0.6,0.35 498.256
0.3,0.6,0.4 430.164
0.3,0.6,0.45 33.9861
0.3,0.65,0 2.57486e-07
0.3,0.65,0.05 78.9181
0.3,0.65,0.1 319.941
0.3,0.65,0.15 252.149
0.3,0.65,0.2 412.818
0.3,0.65,0.25 440.175
0.3,0.65,0.3 619.444
0.3,0.65,0.35 385.998
0.3,0.65,0.4 244.452
0.3,0.65,0.45 18.452
0.3,0.7,0 2.71045e-09
0.3,0.7,0.05 67.9695
0.3,0.7,0.1 274.581
0.3,0.7,0.15 244.405
0.3,0.7,0.2 461.108
0.3,0.7,0.25 290.041
0.3,0.7,0.3 242.333
0.3,0.7,0.35 109.694
0.3,0.7,0.4 6.61116
0.3,0.7,0.45 0.351645
0.3,0.75,0 8.54123e-11
0.3,0.75,0.05 5.81105
0.3,0.75,0.1 34.5053
0.3,0.75,0.15 241.989
0.3,0.75,0.2 474.259
0.3,0.75,0.25 361.735
0.3,0.75,0.3 148.569
0.3,0.75,0.35 45.356
0.3,0.75,0.4 0.648677
0.3,0.8,0.05 4.87765e-12
0.3,0.8,0.1 5.22334
0.3,0.8,0.15 101.543
0.3,0.8,0.2 119.375
0.3,0.8,0.25 42.7956
0.3,0.8,0.3 13.8796
0.3,0.8,0.35 1.49282
0.3,0.8,0.4 0.00384998
0.3,0.85,0.1 0.030881
0.3,0.85,0.15 0.579799
0.3,0.85,0.2 0.51788
0.3,0.85,0.25 0.018587
0.3,0.85,0.3 0.000498977
0.3,0.85,0.35 0.000252799
0.3,0.85,0.4 1.96933e-06
0.35,0.05,0.05 0.0248014
0.35,0.05,0.1 1.27534
0.35,0.05,0.15 4.83356
0.35,0.05,0.2 8.84666
0.35,0.05,0.25 25.2482
0.35,0.05,0.3 23.6025
0.35,0.05,0.35 0.9927
0.35,0.1,0.05 2.35016
0.35,0.1,0.1 120.065
0.35,0.1,0.15 190.63
0.35,0.1,0.2 61.8082
0.35,0.1,0.25 165.451
0.35,0.1,0.3 154.893
0.35,0.1,0.35 12.6838
0.35,0.1,0.4 0.084205
0.35,0.15,0.05 10.6252
0.35,0.15,0.1 250.097
0.35,0.15,0.15 370.797
0.35,0.15,0.2 118.242
0.35,0.15,0.25 249.251
0.35,0.15,0.3 293.035
0.35,0.15,0.35 80.4974
0.35,0.15,0.4 4.024
0.35,0.15,0.45 0.00248152
0.35,0.2,0.05 79.8643
0.35,0.2,0.1 409.822
0.35,0.2,0.15 388.606
0.35,0.2,0.2 505.981
0.35,0.2,0.25 404.449
0.35,0.2,0.3 495.636
0.35,0.2,0.35 169.711
0.35,0.2,0.4 21.5541
0.35,0.2,0.45 0.0127789
0.35,0.25,0.05 118.108
0.35,0.25,0.1 669.04
0.35,0.25,0.15 580.665
0.35,0.25,0.2 379.908
0.35,0.25,0.25 275.923
0.35,0.25,0.3 606.215
0.35,0.25,0.35 378.171
0.35,0.25,0.4 40.0215
0.35,0.25,0.45 0.0200163
0.35,0.3,0 3.53853e-11
0.35,0.3,0.05 120.167
0.35,0.3,0.1 542.091
0.35,0.3,0.15 473.165
0.35,0.3,0.2 357.737
0.35,0.3,0.25 508.569
0.35,0.3,0.3 875.171
0.35,0.3,0.35 284.258
0.35,0.3,0.4 30.1711
0.35,0.3,0.45 0.0510934
0.35,0.35,0 6.74302e-09
0.35,0.35,0.05 85.2772
0.35,0.35,0.1 374.241
0.35,0.35,0.15 518.838
0.35,0.35,0.2 443.394
0.35,0.35,0.25 241.914
0.35,0.35,0.3 236.35
0.35,0.35,0.35 41.1491
0.35,0.35,0.4 3.57026
0.35,0.35,0.45 0.0102301
0.35,0.4,0 1.88281e-08
0.35,0.4,0.05 164.695
0.35,0.4,0.1 765.803
0.35,0.4,0.15 802.807
0.35,0.4,0.2 484.474
0.35,0.4,0.25 49.5681
0.35,0.4,0.3 9.97242
0.35,0.4,0.35 20.4626
0.35,0.4,0.4 66.2589
0.35,0.4,0.45 17.724
0.35,0.4,0.5 0.000468379
0.35,0.45,0 5.75083e-09
0.35,0.45,0.05 96.0933
0.35,0.45,0.1 471.072
0.35,0.45,0.15 647.295
0.35,0.45,0.2 708.344
0.35,0.45,0.25 268.222
0.35,0.45,0.3 136.348
0.35,0.45,0.35 268.791
0.35,0.45,0.4 339.197
0.35,0.45,0.45 74.9827
0.35,0.45,0.5 0.00197708
0.35,0.5,0 2.14239e-09
0.35,0.5,0.05 112.769
0.35,0.5,0.1 592.139
0.35,0.5,0.15 423.948
0.35,0.5,0.2 583.47
0.35,0.5,0.25 712.769
0.35,0.5,0.3 580.694
0.35,0.5,0.35 440.899
0.35,0.5,0.4 162.5
0.35,0.5,0.45 19.9965
0.35,0.5,0.5 0.000521792
0.35,0.55,0 7.22371e-08
0.35,0.55,0.05 56.8263
0.35,0.55,0.1 360.677
0.35,0.55,0.15 446.753
0.35,0.55,0.2 619.976
0.35,0.55,0.25 454.446
0.35,0.55,0.3 467.353
0.35,0.55,0.35 220.11
0.35,0.55,0.4 95.1872
0.35,0.55,0.45 4.3084
0.35,0.55,0.5 3.87213e-08
0.35,0.6,0 5.99459e-07
0.35,0.6,0.05 92.0396
0.35,0.6,0.1 413.439
0.35,0.6,0.15 602.302
0.35,0.6,0.2 952.038
0.35,0.6,0.25 539.209
0.35,0.6,0.3 582.405
0.35,0.6,0.35 675.58
0.35,0.6,0.4 500.289
0.35,0.6,0.45 21.7547
0.35,0.65,0 2.98019e-07
0.35,0.65,0.05 114.475
0.35,0.65,0.1 482.495
0.35,0.65,0.15 369.736
0.35,0.65,0.2 412.22
0.35,0.65,0.25 510.33
0.35,0.65,0.3 543.25
0.35,0.65,0.35 482.95
0.35,0.65,0.4 261.209
0.35,0.65,0.45 8.72262
0.35,0.7,0 2.2604e-09
0.35,0.7,0.05 76.3808
0.35,0.7,0.1 305.92
0.35,0.7,0.15 94.1834
0.35,0.7,0.2 91.2024
0.35,0.7,0.25 392.869
0.35,0.7,0.3 682.844
0.35,0.7,0.35 328.573
0.35,0.7,0.4 20.9992
0.35,0.7,0.45 0.129512
0.35,0.75,0 6.48878e-09
0.35,0.75,0.05 4.14685
0.35,0.75,0.1 16.9776
0.35,0.75,0.15 14.9592
0.35,0.75,0.2 87.148
0.35,0.75,0.25 314.667
0.35,0.75,0.3 524.356
0.35,0.75,0.35 145.768
0.35,0.75,0.4 3.29965
0.35,0.8,0 2.09747e-08
0.35,0.8,0.05 2.16134
0.35,0.8,0.1 8.78153
0.35,0.8,0.15 5.93417
0.35,0.8,0.2 11.4511
0.35,0.8,0.25 41.8092
0.35,0.8,0.3 59.0357
0.35,0.8,0.35 6.50238
0.35,0.8,0.4 0.00666997
0.35,0.85,0 4.23295e-09
0.35,0.85,0.05 0.436185
0.35,0.85,0.1 1.73473
0.35,0.85,0.15 0.451871
0.35,0.85,0.2 0.0188085
0.35,0.85,0.25 0.000649742
0.4,0.05,0.05 0.0049979
0.4,0.05,0.1 0.255595
0.4,0.05,0.15 0.372615
0.4,0.05,0.2 0.0611175
0.4,0.05,0.25 0.471908
0.4,0.05,0.3 0.410162
0.4,0.05,0.35 0.0477633
0.4,0.05,0.4 0.000920581
0.4,0.1,0.05 3.54121
0.4,0.1,0.1 59.5596
0.4,0.1,0.15 67.1172
0.4,0.1,0.2 14.8277
0.4,0.1,0.25 128.679
0.4,0.1,0.3 98.3498
0.4,0.1,0.35 3.01993
0.4,0.1,0.4 0.0140528
0.4,0.15,0.05 17.4446
0.4,0.15,0.1 295.951
0.4,0.15,0.15 429.294
0.4,0.15,0.2 127.901
0.4,0.15,0.25 427.627
0.4,0.15,0.3 277.015
0.4,0.15,0.35 7.03433
0.4,0.15,0.4 0.0112318
0.4,0.2,0.05 21.8484
0.4,0.2,0.1 268.606
0.4,0.2,0.15 500.129
0.4,0.2,0.2 405.085
0.4,0.2,0.25 534.729
0.4,0.2,0.3 246.064
0.4,0.2,0.35 11.1692
0.4,0.2,0.4 0.262931
0.4,0.25,0.05 84.0202
0.4,0.25,0.1 434.173
0.4,0.25,0.15 512.467
0.4,0.25,0.2 316.732
0.4,0.25,0.25 187.552
0.4,0.25,0.3 158.239
0.4,0.25,0.35 33.9154
0.4,0.25,0.4 1.86766
0.4,0.3,0 1.5793e-11
0.4,0.3,0.05 109.532
0.4,0.3,0.1 464.019
0.4,0.3,0.15 311.137
0.4,0.3,0.2 277.323
0.4,0.3,0.25 447.694
0.4,0.3,0.3 413.978
0.4,0.3,0.35 65.1807
0.4,0.3,0.4 0.814106
0.4,0.3,0.45 0.000522394
0.4,0.35,0 2.21794e-09
0.4,0.35,0.05 57.1488
0.4,0.35,0.1 234.531
0.4,0.35,0.15 159.406
0.4,0.35,0.2 211.731
0.4,0.35,0.25 470.134
0.4,0.35,0.3 592.111
0.4,0.35,0.35 126.556
0.4,0.35,0.4 2.27217
0.4,0.35,0.45 0.00555913
0.4,0.4,0 4.67689e-09
0.4,0.4,0.05 62.9557
0.4,0.4,0.1 296.761
0.4,0.4,0.15 426.571
0.4,0.4,0.2 388.16
0.4,0.4,0.25 177.588
0.4,0.4,0.3 332.362
0.4,0.4,0.35 149.19
0.4,0.4,0.4 87.3668
0.4,0.4,0.45 21.1814
0.4,0.4,0.5 0.00055768
0.4,0.45,0 1.77971e-09
0.4,0.45,0.05 53.7102
0.4,0.45,0.1 280.468
0.4,0.45,0.15 477.307
0.4,0.45,0.2 497.825
0.4,0.45,0.25 287.817
0.4,0.45,0.3 249.687
0.4,0.45,0.35 431.503
0.4,0.45,0.4 480.155
0.4,0.45,0.45 106.12
0.4,0.45,0.5 0.00247904
0.4,0.5,0 1.30773e-09
0.4,0.5,0.05 59.7692
0.4,0.5,0.1 321.42
0.4,0.5,0.15 469.985
0.4,0.5,0.2 593.158
0.4,0.5,0.25 589.863
0.4,0.5,0.3 369.05
0.4,0.5,0.35 654.963
0.4,0.5,0.4 396.338
0.4,0.5,0.45 59.9864
0.4,0.5,0.5 0.00088963
0.4,0.55,0 1.12698e-08
0.4,0.55,0.05 40.5396
0.4,0.55,0.1 234.304
0.4,0.55,0.15 372.85
0.4,0.55,0.2 405.304
0.4,0.55,0.25 354.098
0.4,0.55,0.3 115.573
0.4,0.55,0.35 169.775
0.4,0.55,0.4 94.1594
0.4,0.55,0.45 6.00318
0.4,0.55,0.5 3.39643e-05
0.4,0.6,0 6.01517e-08
0.4,0.6,0.05 147.111
0.4,0.6,0.1 609.636
0.4,0.6,0.15 376.715
0.4,0.6,0.2 598.294
0.4,0.6,0.25 431.964
0.4,0.6,0.3 295.307
0.4,0.6,0.35 241.516
0.4,0.6,0.4 143.218
0.4,0.6,0.45 4.31619
0.4,0.65,0 2.32439e-08
0.4,0.65,0.05 72.067
0.4,0.65,0.1 298.902
0.4,0.65,0.15 219.246
0.4,0.65,0.2 430.196
0.4,0.65,0.25 369.257
0.4,0.65,0.3 351.668
0.4,0.65,0.35 318.574
0.4,0.65,0.4 104
0.4,0.65,0.45 1.44529
0.4,0.7,0 2.16872e-10
0.4,0.7,0.05 17.1986
0.4,0.7,0.1 68.9314
0.4,0.7,0.15 22.1812
0.4,0.7,0.2 34.041
0.4,0.7,0.25 185.6
0.4,0.7,0.3 387.955
0.4,0.7,0.35 424.835
0.4,0.7,0.4 49.7686
0.4,0.7,0.45 0.0250611
0.4,0.75,0 2.05596e-07
0.4,0.75,0.05 21.9332
0.4,0.75,0.1 87.1903
0.4,0.75,0.15 21.6636
0.4,0.75,0.2 1.21475
0.4,0.75,0.25 72.9386
0.4,0.75,0.3 175.663
0.4,0.75,0.35 93.2009
0.4,0.75,0.4 8.29929
0.4,0.8,0 6.64996e-07
0.4,0.8,0.05 68.5247
0.4,0.8,0.1 272.347
0.4,0.8,0.15 67.6515
0.4,0.8,0.2 0.109506
0.4,0.8,0.25 10.2437
0.4,0.8,0.3 18.6685
0.4,0.8,0.35 2.02341
0.4,0.8,0.4 0.0010221
0.4,0.85,0 1.34204e-07
0.4,0.85,0.05 13.8291
0.4,0.85,0.1 54.9628
0.4,0.85,0.15 13.6529
0.45,0.05,0.2 0.00401859
0.45,0.05,0.25 0.627692
0.45,0.05,0.3 8.14428
0.45,0.05,0.35 6.03189
0.45,0.05,0.4 0.143775
0.45,0.1,0.05 7.15294
0.45,0.1,0.1 75.3471
0.45,0.1,0.15 71.0903
0.45,0.1,0.2 30.9776
0.45,0.1,0.25 33.0993
0.45,0.1,0.3 138.207
0.45,0.1,0.35 92.2032
