0.65,0.25,0.75 154.18
0.65,0.25,0.8 1.29465
0.65,0.3,0.15 2.89591e-05
0.65,0.3,0.2 18.5564
0.65,0.3,0.25 343.021
0.65,0.3,0.3 348.494
0.65,0.3,0.35 317.967
0.65,0.3,0.4 719.392
0.65,0.3,0.45 628.421
0.65,0.3,0.5 563.681
0.65,0.3,0.55 217.508
0.65,0.3,0.6 114.382
0.65,0.3,0.65 580.838
0.65,0.3,0.7 496.778
0.65,0.3,0.75 154.253
0.65,0.3,0.8 1.19848
0.65,0.35,0.1 0.0754958
0.65,0.35,0.15 2.62194
0.65,0.35,0.2 12.7387
0.65,0.35,0.25 319.749
0.65,0.35,0.3 646.255
0.65,0.35,0.35 734.267
0.65,0.35,0.4 497.995
0.65,0.35,0.45 362.206
0.65,0.35,0.5 558.384
0.65,0.35,0.55 143.298
0.65,0.35,0.6 132.658
0.65,0.35,0.65 756.5
0.65,0.35,0.7 630.788
0.65,0.35,0.75 143.049
0.65,0.35,0.8 0.378159
0.65,0.4,0.1 2.3536
0.65,0.4,0.15 81.8706
0.65,0.4,0.2 108.686
0.65,0.4,0.25 128.21
0.65,0.4,0.3 409.381
0.65,0.4,0.35 512.166
0.65,0.4,0.4 119.153
0.65,0.4,0.45 355.894
0.65,0.4,0.5 835.716
0.65,0.4,0.55 262.984
0.65,0.4,0.6 49.9599
0.65,0.4,0.65 191.039
0.65,0.4,0.7 288.851
0.65,0.4,0.75 84.175
0.65,0.4,0.8 0.121967
0.65,0.45,0.1 2.93861
0.65,0.45,0.15 109.063
0.65,0.45,0.2 275.322
0.65,0.45,0.25 187.906
0.65,0.45,0.3 194.705
0.65,0.45,0.35 404.992
0.65,0.45,0.4 264.063
0.65,0.45,0.45 601.672
0.65,0.45,0.5 330.881
0.65,0.45,0.55 163.396
0.65,0.45,0.6 353.805
0.65,0.45,0.65 299.61
0.65,0.45,0.7 302.875
0.65,0.45,0.75 117.764
0.65,0.45,0.8 2.02712
0.65,0.5,0.1 2.68919
0.65,0.5,0.15 46.5602
0.65,0.5,0.2 269.031
0.65,0.5,0.25 458.518
0.65,0.5,0.3 492.432
0.65,0.5,0.35 664.603
0.65,0.5,0.4 281.461
0.65,0.5,0.45 691.67
0.65,0.5,0.5 446.869
0.65,0.5,0.55 279.355
0.65,0.5,0.6 651.619
0.65,0.5,0.65 757.084
0.65,0.5,0.7 741.997
0.65,0.5,0.75 315.104
0.65,0.5,0.8 6.77849
0.65,0.55,0.1 4.70494
0.65,0.55,0.15 38.9879
0.65,0.55,0.2 98.7884
0.65,0.55,0.25 428.846
0.65,0.55,0.3 753.157
0.65,0.55,0.35 346.708
0.65,0.55,0.4 143.236
0.65,0.55,0.45 643.347
0.65,0.55,0.5 573.415
0.65,0.55,0.55 396.06
0.65,0.55,0.6 372.87
0.65,0.55,0.65 477.09
0.65,0.55,0.7 581.99
0.65,0.55,0.75 150.181
0.65,0.55,0.8 1.85778
0.65,0.6,0.1 0.609599
0.65,0.6,0.15 4.75055
0.65,0.6,0.2 74.207
0.65,0.6,0.25 469.718
0.65,0.6,0.3 762.267
0.65,0.6,0.35 494.814
0.65,0.6,0.4 93.8918
0.65,0.6,0.45 355.544
0.65,0.6,0.5 245.544
0.65,0.6,0.55 151.174
0.65,0.6,0.6 255.001
0.65,0.6,0.65 396.005
0.65,0.6,0.7 184.705
0.65,0.6,0.75 20.5261
0.65,0.6,0.8 0.0788406
0.65,0.65,0.15 0.0028811
0.65,0.65,0.2 68.1256
0.65,0.65,0.25 358.749
0.65,0.65,0.3 451.346
0.65,0.65,0.35 535.805
0.65,0.65,0.4 153.035
0.65,0.65,0.45 440.74
0.65,0.65,0.5 318.362
0.65,0.65,0.55 433.17
0.65,0.65,0.6 464.795
0.65,0.65,0.65 432.043
0.65,0.65,0.7 191.116
0.65,0.65,0.75 24.4181
0.65,0.65,0.8 0.0449115
0.65,0.7,0.2 2.96116
0.65,0.7,0.25 17.6144
0.65,0.7,0.3 67.3562
0.65,0.7,0.35 188.38
0.65,0.7,0.4 114.853
0.65,0.7,0.45 182.398
0.65,0.7,0.5 320.042
0.65,0.7,0.55 257.13
0.65,0.7,0.6 288.185
0.65,0.7,0.65 415.541
0.65,0.7,0.7 429.127
0.65,0.7,0.75 93.0523
0.65,0.7,0.8 0.104271
0.65,0.75,0.25 4.53255
0.65,0.75,0.3 192.636
0.65,0.75,0.35 394.704
0.65,0.75,0.4 392.635
0.65,0.75,0.45 156.638
0.65,0.75,0.5 339.595
0.65,0.75,0.55 83.8241
0.65,0.75,0.6 71.5745
0.65,0.75,0.65 161.746
0.65,0.75,0.7 110.269
0.65,0.75,0.75 22.4264
0.65,0.75,0.8 0.0147613
0.65,0.8,0.25 3.87865
0.65,0.8,0.3 164.831
0.65,0.8,0.35 269.59
0.65,0.8,0.4 142.877
0.65,0.8,0.45 86.022
0.65,0.8,0.5 257.572
0.65,0.8,0.55 64.5137
0.65,0.8,0.6 4.4919
0.65,0.8,0.65 10.3585
0.65,0.8,0.7 1.45526
0.65,0.85,0.25 0.125129
0.65,0.85,0.3 5.34545
0.65,0.85,0.35 7.65776
0.65,0.85,0.4 0.916656
0.65,0.85,0.45 2.95922
0.65,0.85,0.5 11.7708
0.65,0.85,0.55 2.94855
0.65,0.85,0.6 8.57226e-10
0.7,0.1,0.2 1.75169e-08
0.7,0.1,0.25 1.49146e-05
0.7,0.1,0.3 4.20817e-05
0.7,0.1,0.35 0.00136901
0.7,0.1,0.4 0.170958
0.7,0.1,0.45 0.335414
0.7,0.1,0.5 0.039014
0.7,0.1,0.55 5.17311e-05
0.7,0.1,0.6 0.00018438
0.7,0.1,0.65 4.10612e-05
0.7,0.15,0.2 0.025427
0.7,0.15,0.25 21.6506
0.7,0.15,0.3 62.2291
0.7,0.15,0.35 27.1917
0.7,0.15,0.4 86.2346
0.7,0.15,0.45 134.187
0.7,0.15,0.5 16.151
0.7,0.15,0.55 12.8882
0.7,0.15,0.6 49.9562
0.7,0.15,0.65 67.5033
0.7,0.15,0.7 11.7258
0.7,0.15,0.75 0.0935835
0.7,0.15,0.8 8.85783e-06
0.7,0.2,0.15 0.0688483
0.7,0.2,0.2 1.23506
0.7,0.2,0.25 85.3181
0.7,0.2,0.3 294.318
0.7,0.2,0.35 320.276
0.7,0.2,0.4 481.242
0.7,0.2,0.45 506.307
0.7,0.2,0.5 87.2566
0.7,0.2,0.55 267.347
0.7,0.2,0.6 331.193
0.7,0.2,0.65 346.766
0.7,0.2,0.7 77.2789
0.7,0.2,0.75 22.8965
0.7,0.2,0.8 1.8939
0.7,0.25,0.15 1.27711
0.7,0.25,0.2 23.6106
0.7,0.25,0.25 87.5817
0.7,0.25,0.3 201.753
0.7,0.25,0.35 368.779
0.7,0.25,0.4 387.22
0.7,0.25,0.45 393.456
0.7,0.25,0.5 269.669
0.7,0.25,0.55 412.089
0.7,0.25,0.6 470.354
0.7,0.25,0.65 639.106
0.7,0.25,0.7 225.375
0.7,0.25,0.75 111.369
0.7,0.25,0.8 7.44836
0.7,0.25,0.85 0.000251573
0.7,0.3,0.15 1.14809
0.7,0.3,0.2 30.3277
0.7,0.3,0.25 340.252
0.7,0.3,0.3 509.284
0.7,0.3,0.35 280.031
0.7,0.3,0.4 297.4
0.7,0.3,0.45 522.372
0.7,0.3,0.5 579.855
0.7,0.3,0.55 278.992
0.7,0.3,0.6 251.71
0.7,0.3,0.65 610.296
0.7,0.3,0.7 329.835
0.7,0.3,0.75 157.593
0.7,0.3,0.8 18.1609
0.7,0.3,0.85 0.250306
0.7,0.35,0.1 0.151216
0.7,0.35,0.15 7.15762
0.7,0.35,0.2 64.9557
0.7,0.35,0.25 378.826
0.7,0.35,0.3 892.753
0.7,0.35,0.35 905.5
0.7,0.35,0.4 439.849
0.7,0.35,0.45 519.766
0.7,0.35,0.5 549.271
0.7,0.35,0.55 233.975
0.7,0.35,0.6 331.783
0.7,0.35,0.65 676.821
0.7,0.35,0.7 555.595
0.7,0.35,0.75 288.455
0.7,0.35,0.8 43.169
0.7,0.35,0.85 0.719918
0.7,0.4,0.1 4.72029
0.7,0.4,0.15 167.237
0.7,0.4,0.2 294.897
0.7,0.4,0.25 192.671
0.7,0.4,0.3 412.261
0.7,0.4,0.35 632.825
0.7,0.4,0.4 211.164
0.7,0.4,0.45 418.089
0.7,0.4,0.5 591.437
0.7,0.4,0.55 326.641
0.7,0.4,0.6 283.337
0.7,0.4,0.65 177.103
0.7,0.4,0.7 121.184
0.7,0.4,0.75 52.4657
0.7,0.4,0.8 7.20732
0.7,0.4,0.85 0.128639
0.7,0.45,0.1 7.41396
0.7,0.45,0.15 285.042
0.7,0.45,0.2 401.913
0.7,0.45,0.25 135.032
0.7,0.45,0.3 215.282
0.7,0.45,0.35 286.427
0.7,0.45,0.4 362.287
0.7,0.45,0.45 314.661
0.7,0.45,0.5 167.053
0.7,0.45,0.55 267.125
0.7,0.45,0.6 423.005
0.7,0.45,0.65 247.88
0.7,0.45,0.7 260.349
0.7,0.45,0.75 117.607
0.7,0.45,0.8 4.57278
0.7,0.5,0.1 24.3138
0.7,0.5,0.15 375.196
0.7,0.5,0.2 514.201
0.7,0.5,0.25 561.849
0.7,0.5,0.3 738.384
0.7,0.5,0.35 428.539
0.7,0.5,0.4 409.142
0.7,0.5,0.45 467.293
0.7,0.5,0.5 449.575
0.7,0.5,0.55 486.837
0.7,0.5,0.6 449.362
0.7,0.5,0.65 547.827
0.7,0.5,0.7 801.032
0.7,0.5,0.75 462.703
0.7,0.5,0.8 21.3383
0.7,0.55,0.1 43.7939
0.7,0.55,0.15 377.423
0.7,0.55,0.2 366.072
0.7,0.55,0.25 453.401
0.7,0.55,0.3 777.872
0.7,0.55,0.35 547.521
0.7,0.55,0.4 234.826
0.7,0.55,0.45 559.134
0.7,0.55,0.5 492.621
0.7,0.55,0.55 304.079
0.7,0.55,0.6 326.607
0.7,0.55,0.65 453.85
0.7,0.55,0.7 474.571
0.7,0.55,0.75 389.583
0.7,0.55,0.8 31.4498
0.7,0.6,0.1 5.66583
0.7,0.6,0.15 63.3779
0.7,0.6,0.2 159.081
0.7,0.6,0.25 292.3
0.7,0.6,0.3 833.291
0.7,0.6,0.35 719.245
0.7,0.6,0.4 148.369
0.7,0.6,0.45 173.805
0.7,0.6,0.5 160.481
0.7,0.6,0.55 379.96
0.7,0.6,0.6 628.181
0.7,0.6,0.65 685.12
0.7,0.6,0.7 221.334
0.7,0.6,0.75 73.8868
0.7,0.6,0.8 8.82682
0.7,0.65,0.15 1.41014
0.7,0.65,0.2 21.5359
0.7,0.65,0.25 178.335
0.7,0.65,0.3 467.714
0.7,0.65,0.35 259.532
0.7,0.65,0.4 88.2265
0.7,0.65,0.45 342.553
0.7,0.65,0.5 352.414
0.7,0.65,0.55 613.619
0.7,0.65,0.6 710.551
0.7,0.65,0.65 865.289
0.7,0.65,0.7 396.806
0.7,0.65,0.75 80.2831
0.7,0.65,0.8 1.9917
0.7,0.7,0.2 0.552433
0.7,0.7,0.25 11.7706
0.7,0.7,0.3 38.1014
0.7,0.7,0.35 53.7874
0.7,0.7,0.4 80.67
0.7,0.7,0.45 182.751
0.7,0.7,0.5 396.834
0.7,0.7,0.55 316.7
0.7,0.7,0.6 314.14
0.7,0.7,0.65 615.16
0.7,0.7,0.7 521.489
0.7,0.7,0.75 205.73
0.7,0.7,0.8 4.59388
0.7,0.75,0.2 0.00740047
0.7,0.75,0.25 9.85389
0.7,0.75,0.3 96.5164
0.7,0.75,0.35 222.242
0.7,0.75,0.4 245.038
0.7,0.75,0.45 101.851
0.7,0.75,0.5 235.359
0.7,0.75,0.55 105.377
0.7,0.75,0.6 201.168
0.7,0.75,0.65 400.929
0.7,0.75,0.7 129.257
0.7,0.75,0.75 34.338
0.7,0.75,0.8 0.650323
0.7,0.8,0.2 0.00986109
0.7,0.8,0.25 12.3699
0.7,0.8,0.3 104.235
0.7,0.8,0.35 289.175
0.7,0.8,0.4 238.832
0.7,0.8,0.45 126.82
0.7,0.8,0.5 182.228
0.7,0.8,0.55 48.1255
0.7,0.8,0.6 18.6694
0.7,0.8,0.65 33.1561
0.7,0.8,0.7 4.23565
0.7,0.85,0.2 0.000684546
0.7,0.85,0.25 0.807993
0.7,0.85,0.3 6.78955
0.7,0.85,0.35 37.7157
0.7,0.85,0.4 36.0273
0.7,0.85,0.45 19.7337
0.7,0.85,0.5 9.44171
0.7,0.85,0.55 2.0088
0.7,0.85,0.6 5.84015e-10
0.7,0.9,0.35 1.06584e-05
0.7,0.9,0.4 0.000480182
0.7,0.9,0.45 0.000664781
0.7,0.9,0.5 4.88074e-05
0.75,0.1,0.2 2.53319e-08
0.75,0.1,0.25 2.15686e-05
0.75,0.1,0.3 6.08561e-05
0.75,0.1,0.35 0.000113067
0.75,0.1,0.4 0.012858
0.75,0.1,0.45 0.0252269
0.75,0.1,0.5 0.00293431
0.75,0.1,0.55 0.000244047
0.75,0.1,0.6 0.000869832
0.75,0.1,0.65 0.00019371
0.75,0.15,0.2 0.0367711
0.75,0.15,0.25 31.3085
0.75,0.15,0.3 89.1566
0.75,0.15,0.35 43.0179
0.75,0.15,0.4 46.8286
0.75,0.15,0.45 26.0366
0.75,0.15,0.5 2.83878
0.75,0.15,0.55 33.1898
0.75,0.15,0.6 118.919
0.75,0.15,0.65 72.314
0.75,0.15,0.7 42.1321
0.75,0.15,0.75 1.64161
0.75,0.15,0.8 4.14189e-05
0.75,0.2,0.15 0.722052
0.75,0.2,0.2 12.0574
0.75,0.2,0.25 132.209
0.75,0.2,0.3 372.194
0.75,0.2,0.35 393.442
0.75,0.2,0.4 525.716
0.75,0.2,0.45 323.642
0.75,0.2,0.5 49.8283
0.75,0.2,0.55 170.995
0.75,0.2,0.6 507.645
0.75,0.2,0.65 401.905
0.75,0.2,0.7 299.393
0.75,0.2,0.75 105.052
0.75,0.2,0.8 8.78031
0.75,0.25,0.15 13.3948
0.75,0.25,0.2 221.467
0.75,0.25,0.25 234.258
0.75,0.25,0.3 247.88
0.75,0.25,0.35 667.965
0.75,0.25,0.4 777.066
0.75,0.25,0.45 534.431
0.75,0.25,0.5 307.301
0.75,0.25,0.55 304.985
0.75,0.25,0.6 595.282
0.75,0.25,0.65 742.928
0.75,0.25,0.7 526.522
0.75,0.25,0.75 377.863
0.75,0.25,0.8 33.5181
0.75,0.25,0.85 0.00179317
0.75,0.3,0.15 12.0237
0.75,0.3,0.2 204.325
0.75,0.3,0.25 295.618
0.75,0.3,0.3 435.642
0.75,0.3,0.35 399.329
0.75,0.3,0.4 350.383
0.75,0.3,0.45 464.684
0.75,0.3,0.5 426.188
0.75,0.3,0.55 313.325
0.75,0.3,0.6 412.988
0.75,0.3,0.65 531.544
0.75,0.3,0.7 477.052
0.75,0.3,0.75 342.15
0.75,0.3,0.8 96.3059
0.75,0.3,0.85 1.78415
0.75,0.35,0.1 0.0180324
0.75,0.35,0.15 8.36614
0.75,0.35,0.2 218.508
0.75,0.35,0.25 354.416
0.75,0.35,0.3 546.354
0.75,0.35,0.35 474.929
0.75,0.35,0.4 241.883
0.75,0.35,0.45 582.032
0.75,0.35,0.5 316.294
0.75,0.35,0.55 295.323
0.75,0.35,0.6 521.301
0.75,0.35,0.65 571.067
0.75,0.35,0.7 641.879
0.75,0.35,0.75 622.527
0.75,0.35,0.8 249.86
0.75,0.35,0.85 5.13227
0.75,0.4,0.1 0.566478
0.75,0.4,0.15 31.3382
0.75,0.4,0.2 334.573
0.75,0.4,0.25 378.403
0.75,0.4,0.3 278.341
0.75,0.4,0.35 607.17
0.75,0.4,0.4 615.871
0.75,0.4,0.45 964.585
0.75,0.4,0.5 398.112
0.75,0.4,0.55 497.044
0.75,0.4,0.6 541.694
0.75,0.4,0.65 311.193
0.75,0.4,0.7 116.945
0.75,0.4,0.75 109.75
0.75,0.4,0.8 47.2396
0.75,0.4,0.85 0.918786
0.75,0.45,0.1 1.78233
0.75,0.45,0.15 120.248
0.75,0.45,0.2 339.753
0.75,0.45,0.25 316.188
0.75,0.45,0.3 270.198
0.75,0.45,0.35 423.69
0.75,0.45,0.4 624.36
0.75,0.45,0.45 375.612
0.75,0.45,0.5 239.195
0.75,0.45,0.55 252.956
0.75,0.45,0.6 313.337
0.75,0.45,0.65 440.997
0.75,0.45,0.7 360.795
0.75,0.45,0.75 111.694
0.75,0.45,0.8 3.00206
0.75,0.45,0.85 0.000263225
0.75,0.5,0.1 13.2925
0.75,0.5,0.15 287.893
0.75,0.5,0.2 596.221
0.75,0.5,0.25 533.218
0.75,0.5,0.3 613.634
0.75,0.5,0.35 524.151
0.75,0.5,0.4 712.241
0.75,0.5,0.45 337.739
0.75,0.5,0.5 642.28
0.75,0.5,0.55 625.782
0.75,0.5,0.6 598.9
0.75,0.5,0.65 886.305
0.75,0.5,0.7 810.607
0.75,0.5,0.75 481.551
0.75,0.5,0.8 40.0132
0.75,0.5,0.85 0.00364168
0.75,0.55,0.1 23.9082
0.75,0.55,0.15 246.003
0.75,0.55,0.2 420.25
0.75,0.55,0.25 360.783
0.75,0.55,0.3 594.736
