0.25,0.1,0.1 62.889
0.25,0.1,0.15 190.699
0.25,0.1,0.2 384.037
0.25,0.1,0.25 326.472
0.25,0.1,0.3 397.938
0.25,0.1,0.35 77.7312
0.25,0.1,0.4 0.00231385
0.25,0.15,0 2.01665e-09
0.25,0.15,0.05 47.3857
0.25,0.15,0.1 202.227
0.25,0.15,0.15 325.269
0.25,0.15,0.2 715.405
0.25,0.15,0.25 516.621
0.25,0.15,0.3 326.973
0.25,0.15,0.35 138.27
0.25,0.15,0.4 14.4802
0.25,0.2,0 3.41974e-10
0.25,0.2,0.05 74.4074
0.25,0.2,0.1 360.232
0.25,0.2,0.15 411.15
0.25,0.2,0.2 496.765
0.25,0.2,0.25 268.68
0.25,0.2,0.3 545.798
0.25,0.2,0.35 492.562
0.25,0.2,0.4 64.9348
0.25,0.25,0 5.51605e-13
0.25,0.25,0.05 82.0556
0.25,0.25,0.1 359.763
0.25,0.25,0.15 311.697
0.25,0.25,0.2 624.45
0.25,0.25,0.25 318.589
0.25,0.25,0.3 525.888
0.25,0.25,0.35 446.956
0.25,0.25,0.4 39.1466
0.25,0.3,0 3.84967e-13
0.25,0.3,0.05 43.333
0.25,0.3,0.1 195.622
0.25,0.3,0.15 271.552
0.25,0.3,0.2 611.192
0.25,0.3,0.25 263.752
0.25,0.3,0.3 169.89
0.25,0.3,0.35 235.321
0.25,0.3,0.4 35.7359
0.25,0.35,0 1.54878e-14
0.25,0.35,0.05 74.1778
0.25,0.35,0.1 392.728
0.25,0.35,0.15 348.205
0.25,0.35,0.2 139.565
0.25,0.35,0.25 26.558
0.25,0.35,0.3 19.984
0.25,0.35,0.35 39.4173
0.25,0.35,0.4 6.89974
0.25,0.4,0 9.09582e-11
0.25,0.4,0.05 101.427
0.25,0.4,0.1 477.164
0.25,0.4,0.15 390.391
0.25,0.4,0.2 149.206
0.25,0.4,0.25 43.0185
0.25,0.4,0.3 3.22937
0.25,0.4,0.35 0.0647513
0.25,0.4,0.4 0.00534005
0.25,0.4,0.45 2.43309e-08
0.25,0.45,0 8.88716e-10
0.25,0.45,0.05 149.054
0.25,0.45,0.1 649.344
0.25,0.45,0.15 458.98
0.25,0.45,0.2 331.493
0.25,0.45,0.25 355.371
0.25,0.45,0.3 136.491
0.25,0.45,0.35 104.609
0.25,0.45,0.4 55.2327
0.25,0.45,0.45 4.89457
0.25,0.45,0.5 6.17179e-06
0.25,0.5,0 1.69868e-09
0.25,0.5,0.05 181.478
0.25,0.5,0.1 733.636
0.25,0.5,0.15 342.745
0.25,0.5,0.2 371.264
0.25,0.5,0.25 592.574
0.25,0.5,0.3 688.176
0.25,0.5,0.35 570.375
0.25,0.5,0.4 423.284
0.25,0.5,0.45 45.0579
0.25,0.5,0.5 9.36498e-05
0.25,0.55,0 2.49174e-09
0.25,0.55,0.05 81.9752
0.25,0.55,0.1 397.802
0.25,0.55,0.15 346.662
0.25,0.55,0.2 366.609
0.25,0.55,0.25 459.098
0.25,0.55,0.3 678.026
0.25,0.55,0.35 656.188
0.25,0.55,0.4 458.157
0.25,0.55,0.45 42.5479
0.25,0.55,0.5 7.27633e-05
0.25,0.6,0 1.73455e-08
0.25,0.6,0.05 11.8101
0.25,0.6,0.1 165.697
0.25,0.6,0.15 408.16
0.25,0.6,0.2 556.171
0.25,0.6,0.25 491.298
0.25,0.6,0.3 446.75
0.25,0.6,0.35 530.542
0.25,0.6,0.4 347.474
0.25,0.6,0.45 24.1291
0.25,0.6,0.5 1.91092e-06
0.25,0.65,0 1.10698e-08
0.25,0.65,0.05 77.9345
0.25,0.65,0.1 343.314
0.25,0.65,0.15 413.755
0.25,0.65,0.2 501.275
0.25,0.65,0.25 239.242
0.25,0.65,0.3 429.947
0.25,0.65,0.35 307.269
0.25,0.65,0.4 103.958
0.25,0.65,0.45 7.32095
0.25,0.7,0 2.14309e-09
0.25,0.7,0.05 95.3436
0.25,0.7,0.1 458.507
0.25,0.7,0.15 453.822
0.25,0.7,0.2 405.628
0.25,0.7,0.25 288.402
0.25,0.7,0.3 254.174
0.25,0.7,0.35 61.3769
0.25,0.7,0.4 4.2294
0.25,0.7,0.45 0.241881
0.25,0.75,0 1.56936e-10
0.25,0.75,0.05 10.8835
0.25,0.75,0.1 234.344
0.25,0.75,0.15 589.633
0.25,0.75,0.2 578.105
0.25,0.75,0.25 335.945
0.25,0.75,0.3 209.62
0.25,0.75,0.35 33.1592
0.25,0.75,0.4 8.72372e-05
0.25,0.8,0.05 1.04022
0.25,0.8,0.1 100.675
0.25,0.8,0.15 287.77
0.25,0.8,0.2 228.368
0.25,0.8,0.25 110.558
0.25,0.8,0.3 84.3609
0.25,0.8,0.35 16.5692
0.25,0.85,0.05 0.0101097
0.25,0.85,0.1 0.995811
0.25,0.85,0.15 3.01995
0.25,0.85,0.2 1.62102
0.25,0.85,0.25 0.683807
0.25,0.85,0.3 0.763115
0.25,0.85,0.35 0.146591
0.3,0,0.1 8.98235e-13
0.3,0,0.15 3.69085e-11
0.3,0,0.2 7.2462e-11
0.3,0,0.25 4.93977e-10
0.3,0,0.3 4.6626e-10
0.3,0,0.35 1.84664e-11
0.3,0.05,0 3.73392e-15
0.3,0.05,0.05 0.124462
0.3,0.05,0.1 2.53834
0.3,0.05,0.15 59.9061
0.3,0.05,0.2 82.6449
0.3,0.05,0.25 82.0985
0.3,0.05,0.3 74.3349
0.3,0.05,0.35 3.35012
0.3,0.1,0 2.52885e-12
0.3,0.1,0.05 5.7944
0.3,0.1,0.1 56.6247
0.3,0.1,0.15 277.581
0.3,0.1,0.2 378.024
0.3,0.1,0.25 374.231
0.3,0.1,0.3 372.412
0.3,0.1,0.35 35.7553
0.3,0.1,0.4 0.00839028
0.3,0.15,0 6.92187e-12
0.3,0.15,0.05 13.3677
0.3,0.15,0.1 107.289
0.3,0.15,0.15 354.004
0.3,0.15,0.2 488.652
0.3,0.15,0.25 294.069
0.3,0.15,0.3 549.955
0.3,0.15,0.35 237.827
0.3,0.15,0.4 24.6707
0.3,0.2,0 2.0116e-12
0.3,0.2,0.05 76.3349
0.3,0.2,0.1 344.21
0.3,0.2,0.15 526.495
0.3,0.2,0.2 667.981
0.3,0.2,0.25 328.236
0.3,0.2,0.3 665.988
0.3,0.2,0.35 525.083
0.3,0.2,0.4 95.6094
0.3,0.25,0 8.10893e-12
0.3,0.25,0.05 97.7495
0.3,0.25,0.1 402.897
0.3,0.25,0.15 227.63
0.3,0.25,0.2 282.639
0.3,0.25,0.25 370.462
0.3,0.25,0.3 585.108
0.3,0.25,0.35 452.299
0.3,0.25,0.4 53.9893
0.3,0.3,0 2.26943e-11
0.3,0.3,0.05 33.2318
0.3,0.3,0.1 160.29
0.3,0.3,0.15 379.96
0.3,0.3,0.2 472.625
0.3,0.3,0.25 459.48
0.3,0.3,0.3 441.61
0.3,0.3,0.35 449.481
0.3,0.3,0.4 69.0412
0.3,0.35,0 2.25695e-11
0.3,0.35,0.05 37.2338
0.3,0.35,0.1 304.594
0.3,0.35,0.15 754.768
0.3,0.35,0.2 555.042
0.3,0.35,0.25 85.3204
0.3,0.35,0.3 60.3021
0.3,0.35,0.35 78.0391
0.3,0.35,0.4 13.3648
0.3,0.35,0.45 4.71359e-07
0.3,0.4,0 6.16481e-11
0.3,0.4,0.05 106.678
0.3,0.4,0.1 550.309
0.3,0.4,0.15 765.133
0.3,0.4,0.2 465.632
0.3,0.4,0.25 52.5867
0.3,0.4,0.3 2.25831
0.3,0.4,0.35 0.414928
0.3,0.4,0.4 0.831111
0.3,0.4,0.45 0.122151
0.3,0.45,0 5.37395e-10
0.3,0.45,0.05 76.8249
0.3,0.45,0.1 366.953
0.3,0.45,0.15 545.97
0.3,0.45,0.2 516.036
0.3,0.45,0.25 262.51
0.3,0.45,0.3 114.371
0.3,0.45,0.35 74.1735
0.3,0.45,0.4 15.3017
0.3,0.45,0.45 1.05451
0.3,0.5,0 1.13733e-09
0.3,0.5,0.05 120.553
0.3,0.5,0.1 485.762
0.3,0.5,0.15 207.961
0.3,0.5,0.2 221.801
0.3,0.5,0.25 340.509
0.3,0.5,0.3 622.01
0.3,0.5,0.35 394.304
0.3,0.5,0.4 70.2448
0.3,0.5,0.45 4.34804
0.3,0.55,0 6.19814e-08
0.3,0.55,0.05 80.7978
0.3,0.55,0.1 329.406
0.3,0.55,0.15 228.823
0.3,0.55,0.2 295.015
0.3,0.55,0.25 374.112
0.3,0.55,0.3 678.41
0.3,0.55,0.35 254.411
0.3,0.55,0.4 76.6478
0.3,0.55,0.45 5.13202
0.3,0.6,0 5.15624e-07
0.3,0.6,0.05 68.8226
0.3,0.6,0.1 288.673
0.3,0.6,0.15 291.684
0.3,0.6,0.2 585.104
0.3,0.6,0.25 430.764
0.3,0.6,0.3 648.86
0.3,0.6,0.35 482.034
0.3,0.6,0.4 331.031
0.3,0.6,0.45 22.3821
0.3,0.65,0 2.57486e-07
0.3,0.65,0.05 78.9208
0.3,0.65,0.1 320.747
0.3,0.65,0.15 234.621
0.3,0.65,0.2 440.32
0.3,0.65,0.25 425.33
0.3,0.65,0.3 631.955
0.3,0.65,0.35 481.342
0.3,0.65,0.4 273.118
0.3,0.65,0.45 18.0463
0.3,0.7,0 2.71045e-09
0.3,0.7,0.05 68.0734
0.3,0.7,0.1 281.784
0.3,0.7,0.15 205.988
0.3,0.7,0.2 454.85
0.3,0.7,0.25 222.45
0.3,0.7,0.3 167.377
0.3,0.7,0.35 48.3785
0.3,0.7,0.4 10.5391
0.3,0.7,0.45 0.636366
0.3,0.75,0 8.54123e-11
0.3,0.75,0.05 6.76735
0.3,0.75,0.1 110.961
0.3,0.75,0.15 244.231
0.3,0.75,0.2 466.85
0.3,0.75,0.25 254.352
0.3,0.75,0.3 155.109
0.3,0.75,0.35 25.0801
0.3,0.75,0.4 6.71242e-07
0.3,0.8,0.05 0.515777
0.3,0.8,0.1 47.2897
0.3,0.8,0.15 102.61
0.3,0.8,0.2 104.501
0.3,0.8,0.25 46.8057
0.3,0.8,0.3 16.0217
0.3,0.8,0.35 2.40832
0.3,0.85,0.05 0.00501273
0.3,0.85,0.1 0.460107
0.3,0.85,0.15 0.859225
0.3,0.85,0.2 0.123288
0.3,0.85,0.25 0.00358653
0.3,0.85,0.3 0.00251051
0.3,0.85,0.35 0.000514403
0.35,0,0.1 1.0915e-13
0.35,0,0.15 4.48499e-12
0.35,0,0.2 1.36352e-11
0.35,0,0.25 1.61573e-10
0.35,0,0.3 1.53173e-10
0.35,0,0.35 6.06646e-12
0.35,0.05,0.05 0.558091
0.35,0.05,0.1 5.08377
0.35,0.05,0.15 9.75944
0.35,0.05,0.2 10.9666
0.35,0.05,0.25 26.4646
0.35,0.05,0.3 23.9979
0.35,0.05,0.35 0.939737
0.35,0.1,0.05 25.7979
0.35,0.1,0.1 228.401
0.35,0.1,0.15 148.143
0.35,0.1,0.2 57.5014
0.35,0.1,0.25 172.553
0.35,0.1,0.3 135.908
0.35,0.1,0.35 9.98634
0.35,0.1,0.4 0.00248917
0.35,0.15,0 1.16012e-16
0.35,0.15,0.05 42.2628
0.35,0.15,0.1 358.409
0.35,0.15,0.15 243.712
0.35,0.15,0.2 135.879
0.35,0.15,0.25 273.04
0.35,0.15,0.3 237.76
0.35,0.15,0.35 55.5691
0.35,0.15,0.4 2.9591
0.35,0.2,0 2.95249e-11
0.35,0.2,0.05 97.5717
0.35,0.2,0.1 436.524
0.35,0.2,0.15 410.649
0.35,0.2,0.2 496.967
0.35,0.2,0.25 378.503
0.35,0.2,0.3 477.764
0.35,0.2,0.35 151.615
0.35,0.2,0.4 13.9401
0.35,0.25,0 9.0999e-10
0.35,0.25,0.05 165.78
0.35,0.25,0.1 714.952
0.35,0.25,0.15 544.46
0.35,0.25,0.2 305.461
0.35,0.25,0.25 337.802
0.35,0.25,0.3 683.795
0.35,0.25,0.35 328.607
0.35,0.25,0.4 19.4948
0.35,0.3,0 1.14585e-09
0.35,0.3,0.05 130.028
0.35,0.3,0.1 548.152
0.35,0.3,0.15 487.858
0.35,0.3,0.2 367.065
0.35,0.3,0.25 596.717
0.35,0.3,0.3 795.395
0.35,0.3,0.35 196.015
0.35,0.3,0.4 12.1954
0.35,0.35,0 2.05535e-10
0.35,0.35,0.05 90.1544
0.35,0.35,0.1 395.237
0.35,0.35,0.15 507.148
0.35,0.35,0.2 444.376
0.35,0.35,0.25 213.702
0.35,0.35,0.3 157.543
0.35,0.35,0.35 25.7368
0.35,0.35,0.4 1.53318
0.35,0.35,0.45 3.32554e-05
0.35,0.4,0 2.93615e-10
0.35,0.4,0.05 164.945
0.35,0.4,0.1 788.373
0.35,0.4,0.15 766.322
0.35,0.4,0.2 423.568
0.35,0.4,0.25 44.2249
0.35,0.4,0.3 13.4875
0.35,0.4,0.35 26.572
0.35,0.4,0.4 56.9032
0.35,0.4,0.45 8.61617
0.35,0.45,0 1.95383e-09
0.35,0.45,0.05 96.8293
0.35,0.45,0.1 504.141
0.35,0.45,0.15 700.124
0.35,0.45,0.2 682.601
0.35,0.45,0.25 208.851
0.35,0.45,0.3 126.184
0.35,0.45,0.35 278.824
0.35,0.45,0.4 270.458
0.35,0.45,0.45 32.9132
0.35,0.5,0 2.49667e-09
0.35,0.5,0.05 144.982
0.35,0.5,0.1 604.975
0.35,0.5,0.15 398.6
0.35,0.5,0.2 596.282
0.35,0.5,0.25 649.698
0.35,0.5,0.3 599.727
0.35,0.5,0.35 483.536
0.35,0.5,0.4 152.25
0.35,0.5,0.45 7.93663
0.35,0.55,0 7.25879e-08
0.35,0.55,0.05 90.4856
0.35,0.55,0.1 386.708
0.35,0.55,0.15 440.845
0.35,0.55,0.2 619.881
0.35,0.55,0.25 441.162
0.35,0.55,0.3 433.271
0.35,0.55,0.35 150.882
0.35,0.55,0.4 35.9343
0.35,0.55,0.45 1.18338
0.35,0.6,0 5.99473e-07
0.35,0.6,0.05 93.6075
0.35,0.6,0.1 421.728
0.35,0.6,0.15 621.188
0.35,0.6,0.2 943.361
0.35,0.6,0.25 510.811
0.35,0.6,0.3 577.634
0.35,0.6,0.35 594.048
0.35,0.6,0.4 357.487
0.35,0.6,0.45 14.636
0.35,0.65,0 2.98019e-07
0.35,0.65,0.05 114.475
0.35,0.65,0.1 489.745
0.35,0.65,0.15 403.673
0.35,0.65,0.2 490.947
0.35,0.65,0.25 622.814
0.35,0.65,0.3 578.487
0.35,0.65,0.35 603.544
0.35,0.65,0.4 296.004
0.35,0.65,0.45 10.1433
0.35,0.7,0 2.2604e-09
0.35,0.7,0.05 76.3815
0.35,0.7,0.1 306.154
0.35,0.7,0.15 98.6902
0.35,0.7,0.2 147.347
0.35,0.7,0.25 490.066
0.35,0.7,0.3 445.646
0.35,0.7,0.35 127.735
0.35,0.7,0.4 13.3477
0.35,0.7,0.45 0.219326
0.35,0.75,0 6.48878e-09
0.35,0.75,0.05 4.15372
0.35,0.75,0.1 17.1939
0.35,0.75,0.15 30.3678
0.35,0.75,0.2 209.689
0.35,0.75,0.25 551.427
0.35,0.75,0.3 524.202
0.35,0.75,0.35 92.2546
0.35,0.75,0.4 0.801433
0.35,0.8,0 2.09747e-08
0.35,0.8,0.05 2.16505
0.35,0.8,0.1 8.92863
0.35,0.8,0.15 8.07799
0.35,0.8,0.2 41.8401
0.35,0.8,0.25 83.8721
0.35,0.8,0.3 55.9691
0.35,0.8,0.35 6.35286
0.35,0.8,0.4 0.007025
0.35,0.85,0 4.23295e-09
0.35,0.85,0.05 0.436221
0.35,0.85,0.1 1.73688
0.35,0.85,0.15 0.436511
0.35,0.85,0.2 0.000610356
0.4,0,0.2 4.56167e-15
0.4,0,0.25 9.59092e-14
0.4,0,0.3 9.1156e-14
0.4,0,0.35 3.61026e-15
0.4,0.05,0.05 0.156457
0.4,0.05,0.1 1.376
0.4,0.05,0.15 0.714582
0.4,0.05,0.2 0.540035
0.4,0.05,0.25 2.83527
0.4,0.05,0.3 1.1819
0.4,0.05,0.35 0.171803
0.4,0.05,0.4 0.00324063
0.4,0.1,0.05 10.7824
0.4,0.1,0.1 96.1697
0.4,0.1,0.15 56.7241
0.4,0.1,0.2 44.2968
0.4,0.1,0.25 220.807
0.4,0.1,0.3 80.5532
0.4,0.1,0.35 6.24754
0.4,0.1,0.4 0.117767
0.4,0.15,0 1.15121e-17
0.4,0.15,0.05 34.942
0.4,0.15,0.1 392.835
0.4,0.15,0.15 346.675
0.4,0.15,0.2 196.299
0.4,0.15,0.25 614.041
0.4,0.15,0.3 188.266
0.4,0.15,0.35 8.58297
0.4,0.15,0.4 0.148397
0.4,0.2,0 3.53769e-10
0.4,0.2,0.05 43.3996
0.4,0.2,0.1 347.006
0.4,0.2,0.15 465.981
0.4,0.2,0.2 410.093
0.4,0.2,0.25 449.357
0.4,0.2,0.3 155.584
0.4,0.2,0.35 10.4897
0.4,0.2,0.4 0.202556
0.4,0.25,0 1.10702e-08
0.4,0.25,0.05 92.8842
0.4,0.25,0.1 434.865
0.4,0.25,0.15 489.91
0.4,0.25,0.2 287.671
0.4,0.25,0.25 155.525
0.4,0.25,0.3 167.032
0.4,0.25,0.35 32.017
0.4,0.25,0.4 1.00197
0.4,0.3,0 1.30204e-08
0.4,0.3,0.05 109.896
0.4,0.3,0.1 457.151
0.4,0.3,0.15 280.384
0.4,0.3,0.2 305.13
0.4,0.3,0.25 484.935
0.4,0.3,0.3 371.858
0.4,0.3,0.35 45.7184
0.4,0.3,0.4 0.324877
0.4,0.35,0 8.03224e-10
0.4,0.35,0.05 55.8663
0.4,0.35,0.1 228.545
0.4,0.35,0.15 151.574
0.4,0.35,0.2 252.868
0.4,0.35,0.25 535.936
0.4,0.35,0.3 517.713
0.4,0.35,0.35 101.849
0.4,0.35,0.4 1.20133
0.4,0.35,0.45 5.46296e-05
0.4,0.4,0 1.39365e-10
0.4,0.4,0.05 58.8344
0.4,0.4,0.1 283.656
0.4,0.4,0.15 419.168
0.4,0.4,0.2 371.12
0.4,0.4,0.25 227.061
0.4,0.4,0.3 359.376
0.4,0.4,0.35 154.168
0.4,0.4,0.4 97.6118
0.4,0.4,0.45 14.1535
0.4,0.45,0 1.17819e-09
0.4,0.45,0.05 53.5492
0.4,0.45,0.1 285.465
0.4,0.45,0.15 521.47
0.4,0.45,0.2 541.697
0.4,0.45,0.25 284.846
0.4,0.45,0.3 256.098
0.4,0.45,0.35 408.758
0.4,0.45,0.4 430.849
0.4,0.45,0.45 58.1657
0.4,0.5,0 1.37084e-09
0.4,0.5,0.05 67.3088
0.4,0.5,0.1 332.66
0.4,0.5,0.15 472.324
0.4,0.5,0.2 684.311
0.4,0.5,0.25 580.881
0.4,0.5,0.3 440.665
0.4,0.5,0.35 683.854
0.4,0.5,0.4 314.762
0.4,0.5,0.45 32.047
0.4,0.55,0 1.13367e-08
0.4,0.55,0.05 48.9245
0.4,0.55,0.1 254.826
0.4,0.55,0.15 388.365
0.4,0.55,0.2 460.068
0.4,0.55,0.25 332.635
0.4,0.55,0.3 143.137
0.4,0.55,0.35 229.169
0.4,0.55,0.4 82.7679
0.4,0.55,0.45 6.01708
0.4,0.6,0 6.01546e-08
0.4,0.6,0.05 147.626
0.4,0.6,0.1 613.155
0.4,0.6,0.15 379.241
0.4,0.6,0.2 605.948
0.4,0.6,0.25 385.856
0.4,0.6,0.3 255.045
0.4,0.6,0.35 236.716
0.4,0.6,0.4 147.365
0.4,0.6,0.45 5.74813
0.4,0.65,0 2.32439e-08
0.4,0.65,0.05 72.0671
0.4,0.65,0.1 301.816
0.4,0.65,0.15 237.546
0.4,0.65,0.2 492.239
0.4,0.65,0.25 441.914
0.4,0.65,0.3 369.897
0.4,0.65,0.35 255.062
0.4,0.65,0.4 113.254
0.4,0.65,0.45 3.66405
0.4,0.7,0 2.16872e-10
0.4,0.7,0.05 17.1986
0.4,0.7,0.1 69.0512
0.4,0.7,0.15 24.4779
0.4,0.7,0.2 66.2083
0.4,0.7,0.25 243.504
0.4,0.7,0.3 420.044
0.4,0.7,0.35 263.293
0.4,0.7,0.4 11.0962
0.4,0.7,0.45 0.05935
0.4,0.75,0 2.05596e-07
0.4,0.75,0.05 21.9332
0.4,0.75,0.1 87.1903
0.4,0.75,0.15 21.6954
0.4,0.75,0.2 29.8951
0.4,0.75,0.25 205.97
0.4,0.75,0.3 278.671
0.4,0.75,0.35 138.416
0.4,0.75,0.4 3.7295
0.4,0.8,0 6.64996e-07
0.4,0.8,0.05 68.5247
0.4,0.8,0.1 272.347
0.4,0.8,0.15 67.6586
0.4,0.8,0.2 4.82585
0.4,0.8,0.25 30.4919
0.4,0.8,0.3 17.2443
0.4,0.8,0.35 2.10982
0.4,0.8,0.4 0.0326911
0.4,0.85,0 1.34204e-07
0.4,0.85,0.05 13.8291
0.4,0.85,0.1 54.9628
0.4,0.85,0.15 13.6529
0.45,0.05,0.05 7.82223e-06
0.45,0.05,0.1 6.87948e-05
0.45,0.05,0.15 3.57263e-05
0.45,0.05,0.2 0.11115
0.45,0.05,0.25 0.960648
0.45,0.05,0.3 4.88302
0.45,0.05,0.35 3.18119
0.45,0.05,0.4 0.0603832
0.45,0.1,0.05 12.4625
0.45,0.1,0.1 84.7507
0.45,0.1,0.15 52.3748
0.45,0.1,0.2 33.8581
