0.65,0.35,0.35 15.0346
0.65,0.35,0.4 0.0677868
0.65,0.4,0 8.25195e-12
0.65,0.4,0.05 59.7065
0.65,0.4,0.1 389.259
0.65,0.4,0.15 287.926
0.65,0.4,0.2 49.594
0.65,0.4,0.25 7.92322
0.65,0.4,0.3 0.219869
0.65,0.4,0.35 0.0016883
0.65,0.4,0.4 7.6121e-06
0.65,0.45,0 2.04825e-10
0.65,0.45,0.05 160.585
0.65,0.45,0.1 649.566
0.65,0.45,0.15 208.241
0.65,0.45,0.2 223.518
0.65,0.45,0.25 166.684
0.65,0.45,0.3 9.72837
0.65,0.5,0 4.24286e-10
0.65,0.5,0.05 93.627
0.65,0.5,0.1 375.208
0.65,0.5,0.15 123.396
0.65,0.5,0.2 388.83
0.65,0.5,0.25 414.382
0.65,0.5,0.3 24.3017
0.65,0.5,0.35 0.0226236
0.65,0.55,0 8.64303e-11
0.65,0.55,0.05 43.737
0.65,0.55,0.1 176.19
0.65,0.55,0.15 192.996
0.65,0.55,0.2 591.204
0.65,0.55,0.25 333.325
0.65,0.55,0.3 15.6978
0.65,0.55,0.35 0.100641
0.65,0.6,0 2.86685e-11
0.65,0.6,0.05 33.7654
0.65,0.6,0.1 138.302
0.65,0.6,0.15 291.952
0.65,0.6,0.2 666.602
0.65,0.6,0.25 177.06
0.65,0.6,0.3 3.41626
0.65,0.6,0.35 0.0279751
0.65,0.65,0 1.85513e-10
0.65,0.65,0.05 14.5309
0.65,0.65,0.1 96.3328
0.65,0.65,0.15 234.465
0.65,0.65,0.2 514.11
0.65,0.65,0.25 221.454
0.65,0.65,0.3 3.25687
0.65,0.65,0.35 1.11809e-06
0.65,0.7,0 1.66616e-10
0.65,0.7,0.05 12.0964
0.65,0.7,0.1 149.37
0.65,0.7,0.15 500.74
0.65,0.7,0.2 462.744
0.65,0.7,0.25 269.196
0.65,0.7,0.3 13.1668
0.65,0.75,0 3.35442e-10
0.65,0.75,0.05 26.6269
0.65,0.75,0.1 184.2
0.65,0.75,0.15 463.224
0.65,0.75,0.2 331.655
0.65,0.75,0.25 208.302
0.65,0.75,0.3 12.4292
0.65,0.8,0 7.41904e-10
0.65,0.8,0.05 73.1765
0.65,0.8,0.1 337.75
0.65,0.8,0.15 352.937
0.65,0.8,0.2 114.652
0.65,0.8,0.25 8.81007
0.65,0.8,0.3 0.513908
0.65,0.85,0 1.7205e-10
0.65,0.85,0.05 77.8794
0.65,0.85,0.1 313.148
0.65,0.85,0.15 88.6655
0.65,0.85,0.2 4.18245
0.65,0.85,0.25 0.00892112
0.65,0.9,0 1.99767e-11
0.65,0.9,0.05 18.789
0.65,0.9,0.1 75.1345
0.65,0.9,0.15 18.7783
0.65,0.95,0 1.57188e-16
0.65,0.95,0.05 0.000184117
0.65,0.95,0.1 0.000736258
0.65,0.95,0.15 0.000184012
0.7,0.1,0.1 0.0546775
0.7,0.1,0.15 2.54107
0.7,0.1,0.2 3.56369
0.7,0.1,0.25 0.266564
0.7,0.15,0 1.23367e-14
0.7,0.15,0.05 0.0251006
0.7,0.15,0.1 16.545
0.7,0.15,0.15 114.42
0.7,0.15,0.2 67.6485
0.7,0.15,0.25 2.90433
0.7,0.15,0.3 0.215628
0.7,0.15,0.35 0.0442568
0.7,0.2,0 4.0133e-13
0.7,0.2,0.05 0.816719
0.7,0.2,0.1 92.7905
0.7,0.2,0.15 489.784
0.7,0.2,0.2 179.381
0.7,0.2,0.25 3.54835
0.7,0.2,0.3 5.73069
0.7,0.2,0.35 1.17619
0.7,0.25,0 4.80109e-13
0.7,0.25,0.05 1.00236
0.7,0.25,0.1 118.953
0.7,0.25,0.15 534.998
0.7,0.25,0.2 173.611
0.7,0.25,0.25 14.1923
0.7,0.25,0.3 6.56789
0.7,0.25,0.35 1.27328
0.7,0.25,0.4 8.0885e-06
0.7,0.3,0 2.82514e-14
0.7,0.3,0.05 0.444451
0.7,0.3,0.1 45.0487
0.7,0.3,0.15 169.541
0.7,0.3,0.2 101.815
0.7,0.3,0.25 41.6075
0.7,0.3,0.3 1.56512
0.7,0.3,0.35 0.0717084
0.7,0.3,0.4 3.76756e-05
0.7,0.35,0.05 43.445
0.7,0.35,0.1 217.02
0.7,0.35,0.15 140.98
0.7,0.35,0.2 44.8062
0.7,0.35,0.25 9.10787
0.7,0.35,0.3 0.264717
0.7,0.35,0.35 0.00243108
0.7,0.35,0.4 1.09611e-05
0.7,0.4,0 2.48207e-13
0.7,0.4,0.05 136.982
0.7,0.4,0.1 649.888
0.7,0.4,0.15 297.516
0.7,0.4,0.2 50.0915
0.7,0.4,0.25 0.538833
0.7,0.4,0.3 0.00855012
0.7,0.4,0.35 2.72997e-07
0.7,0.4,0.4 1.23087e-09
0.7,0.45,0 1.52024e-10
0.7,0.45,0.05 93.3498
0.7,0.45,0.1 446.744
0.7,0.45,0.15 346.892
0.7,0.45,0.2 110.939
0.7,0.45,0.25 19.3159
0.7,0.45,0.3 0.861369
0.7,0.5,0 4.12881e-10
0.7,0.5,0.05 103.545
0.7,0.5,0.1 460.045
0.7,0.5,0.15 443.348
0.7,0.5,0.2 385.229
0.7,0.5,0.25 116.368
0.7,0.5,0.3 3.85576
0.7,0.55,0 1.09361e-10
0.7,0.55,0.05 86.7903
0.7,0.55,0.1 366.766
0.7,0.55,0.15 393.731
0.7,0.55,0.2 608.547
0.7,0.55,0.25 181.767
0.7,0.55,0.3 4.31427
0.7,0.6,0 3.93614e-11
0.7,0.6,0.05 68.8859
0.7,0.6,0.1 276.702
0.7,0.6,0.15 236.354
0.7,0.6,0.2 489.8
0.7,0.6,0.25 103.754
0.7,0.6,0.3 0.473366
0.7,0.65,0 1.6194e-12
0.7,0.65,0.05 2.83408
0.7,0.65,0.1 13.7818
0.7,0.65,0.15 85.4375
0.7,0.65,0.2 375.492
0.7,0.65,0.25 132.958
0.7,0.65,0.3 0.536169
0.7,0.7,0 3.08274e-14
0.7,0.7,0.05 0.00239233
0.7,0.7,0.1 12.254
0.7,0.7,0.15 105.55
0.7,0.7,0.2 298.199
0.7,0.7,0.25 183.095
0.7,0.7,0.3 7.36754
0.7,0.75,0 6.0956e-12
0.7,0.75,0.05 0.473042
0.7,0.75,0.1 20.9887
0.7,0.75,0.15 122.097
0.7,0.75,0.2 144.509
0.7,0.75,0.25 118.882
0.7,0.75,0.3 7.08594
0.7,0.8,0 2.01839e-09
0.7,0.8,0.05 11.2981
0.7,0.8,0.1 59.913
0.7,0.8,0.15 103.934
0.7,0.8,0.2 39.7644
0.7,0.8,0.25 4.96906
0.7,0.8,0.3 0.293033
0.7,0.85,0 8.01202e-09
0.7,0.85,0.05 41.2806
0.7,0.85,0.1 165.421
0.7,0.85,0.15 44.7448
0.7,0.85,0.2 1.39055
0.7,0.85,0.25 0.00296602
0.7,0.9,0 2.00013e-09
0.7,0.9,0.05 10.3149
0.7,0.9,0.1 41.1903
0.7,0.9,0.15 10.2803
0.7,0.95,0 5.43256e-18
0.7,0.95,0.05 6.36324e-06
0.7,0.95,0.1 2.54457e-05
0.7,0.95,0.15 6.35962e-06
0.75,0.15,0.1 8.86644
0.75,0.15,0.15 48.9431
0.75,0.15,0.2 16.7956
0.75,0.15,0.25 0.0150925
0.75,0.2,0.1 41.6549
0.75,0.2,0.15 226.218
0.75,0.2,0.2 76.5804
0.75,0.2,0.25 0.0642146
0.75,0.25,0.1 26.9234
0.75,0.25,0.15 133.895
0.75,0.25,0.2 41.7925
0.75,0.25,0.25 0.0193394
0.75,0.3,0.05 0.558657
0.75,0.3,0.1 6.72522
0.75,0.3,0.15 22.5743
0.75,0.3,0.2 6.97214
0.75,0.3,0.25 0.0125216
0.75,0.35,0.05 53.4329
0.75,0.35,0.1 240.183
0.75,0.35,0.15 250.215
0.75,0.35,0.2 104.202
0.75,0.35,0.25 1.00072
0.75,0.4,0 2.94487e-14
0.75,0.4,0.05 107.67
0.75,0.4,0.1 496.647
0.75,0.4,0.15 488.597
0.75,0.4,0.2 190.023
0.75,0.4,0.25 1.74462
0.75,0.45,0 1.82971e-11
0.75,0.45,0.05 19.2066
0.75,0.45,0.1 159.302
0.75,0.45,0.15 400.062
0.75,0.45,0.2 172.288
0.75,0.45,0.25 11.527
0.75,0.45,0.3 6.11912e-05
0.75,0.5,0 4.9783e-11
0.75,0.5,0.05 12.1721
0.75,0.5,0.1 120.093
0.75,0.5,0.15 559.841
0.75,0.5,0.2 528.703
0.75,0.5,0.25 64.595
0.75,0.5,0.3 0.00552295
0.75,0.55,0 1.50571e-11
0.75,0.55,0.05 20.6684
0.75,0.55,0.1 116.19
0.75,0.55,0.15 358.989
0.75,0.55,0.2 341.913
0.75,0.55,0.25 40.2649
0.75,0.55,0.3 0.00983942
0.75,0.6,0 6.74582e-12
0.75,0.6,0.05 28.567
0.75,0.6,0.1 115.991
0.75,0.6,0.15 74.2584
0.75,0.6,0.2 107.447
0.75,0.6,0.25 20.1853
0.75,0.6,0.3 0.00284317
0.75,0.65,0 4.06947e-13
0.75,0.65,0.05 11.6588
0.75,0.65,0.1 46.6325
0.75,0.65,0.15 18.9501
0.75,0.65,0.2 38.1431
0.75,0.65,0.25 12.9589
0.75,0.65,0.3 0.0195425
0.75,0.7,0 6.07228e-15
0.75,0.7,0.05 0.506462
0.75,0.7,0.1 2.02622
0.75,0.7,0.15 3.46712
0.75,0.7,0.2 18.1112
0.75,0.7,0.25 7.50465
0.75,0.7,0.3 0.092776
0.75,0.75,0 2.65197e-11
0.75,0.75,0.05 0.114227
0.75,0.75,0.1 0.466604
0.75,0.75,0.15 0.237019
0.75,0.75,0.2 1.29814
0.75,0.75,0.25 1.42581
0.75,0.75,0.3 0.0825695
0.75,0.8,0 6.47176e-09
0.75,0.8,0.05 30.6451
0.75,0.8,0.1 122.371
0.75,0.8,0.15 30.5992
0.75,0.8,0.2 0.0710588
0.75,0.8,0.25 0.0570274
0.75,0.8,0.3 0.00341229
0.75,0.85,0 2.26947e-08
0.75,0.85,0.05 108.816
0.75,0.85,0.1 434.491
0.75,0.85,0.15 108.432
0.75,0.85,0.2 0.00093276
0.75,0.85,0.25 1.98957e-06
0.75,0.9,0 5.3693e-09
0.75,0.9,0.05 25.8896
0.75,0.9,0.1 103.375
0.75,0.9,0.15 25.7978
0.8,0.05,0 1.96048e-11
0.8,0.05,0.05 1.15495
0.8,0.05,0.1 4.61623
0.8,0.05,0.15 1.15317
0.8,0.1,0 2.31151e-10
0.8,0.1,0.05 13.6174
0.8,0.1,0.1 54.4276
0.8,0.1,0.15 13.5964
0.8,0.15,0 1.50684e-10
0.8,0.15,0.05 8.87703
0.8,0.15,0.1 35.5776
0.8,0.15,0.15 9.39777
0.8,0.15,0.2 0.183397
0.8,0.15,0.25 0.000164801
0.8,0.2,0 2.58221e-12
0.8,0.2,0.05 0.152121
0.8,0.2,0.1 1.01571
0.8,0.2,0.15 2.40235
0.8,0.2,0.2 0.772282
0.8,0.2,0.25 0.000693974
0.8,0.25,0.1 0.107296
0.8,0.25,0.15 0.592278
0.8,0.25,0.2 0.203249
0.8,0.25,0.25 0.00018264
0.8,0.3,0.05 0.0650254
0.8,0.3,0.1 0.327828
0.8,0.3,0.15 0.677157
0.8,0.3,0.2 0.328717
0.8,0.3,0.25 0.00315696
0.8,0.35,0.05 5.79572
0.8,0.35,0.1 28.9904
0.8,0.35,0.15 57.435
0.8,0.35,0.2 27.7015
0.8,0.35,0.25 0.266042
0.8,0.4,0 1.57474e-14
0.8,0.4,0.05 13.7943
0.8,0.4,0.1 68.3535
0.8,0.4,0.15 107.58
0.8,0.4,0.2 48.9463
0.8,0.4,0.25 0.463775
0.8,0.45,0 1.17854e-12
0.8,0.45,0.05 5.48325
0.8,0.45,0.1 31.5868
0.8,0.45,0.15 43.8784
0.8,0.45,0.2 18.8746
0.8,0.45,0.25 1.26079
0.8,0.5,0 2.52906e-12
0.8,0.5,0.05 3.7341
0.8,0.5,0.1 21.287
0.8,0.5,0.15 55.1418
0.8,0.5,0.2 53.8391
0.8,0.5,0.25 6.82078
0.8,0.55,0 1.29552e-11
0.8,0.55,0.05 73.7105
0.8,0.55,0.1 298.089
0.8,0.55,0.15 104.526
0.8,0.55,0.2 25.8875
0.8,0.55,0.25 2.42142
0.8,0.6,0 1.35796e-11
0.8,0.6,0.05 141.422
0.8,0.6,0.1 565.793
0.8,0.6,0.15 142.759
0.8,0.6,0.2 0.698304
0.8,0.6,0.25 0.0138943
0.8,0.65,0 1.51337e-12
0.8,0.65,0.05 76.9784
0.8,0.65,0.1 307.891
0.8,0.65,0.15 76.968
0.8,0.65,0.2 0.00194576
0.8,0.65,0.25 0.000375906
0.8,0.7,0 2.27173e-13
0.8,0.7,0.05 4.71673
0.8,0.7,0.1 18.8652
0.8,0.7,0.15 4.71587
0.8,0.75,0 2.78316e-10
0.8,0.75,0.05 1.40664
0.8,0.75,0.1 5.61753
0.8,0.75,0.15 1.40214
0.8,0.8,0 1.35993e-08
0.8,0.8,0.05 59.6748
0.8,0.8,0.1 238.267
0.8,0.8,0.15 59.5003
0.8,0.8,0.2 0.0295831
0.8,0.8,0.25 0.000580536
0.8,0.85,0 2.1173e-08
0.8,0.85,0.05 93.7068
0.8,0.85,0.1 374.171
0.8,0.85,0.15 93.6974
0.8,0.85,0.2 0.227801
0.8,0.85,0.25 0.00447035
0.8,0.9,0 2.16719e-09
0.8,0.9,0.05 9.81897
0.8,0.9,0.1 39.217
0.8,0.9,0.15 9.93749
0.8,0.9,0.2 0.105801
0.8,0.9,0.25 0.00207622
0.8,0.95,0.1 6.70207e-05
0.8,0.95,0.15 0.000849686
0.8,0.95,0.2 0.000583668
0.8,0.95,0.25 1.14538e-05
0.85,0.05,0 1.24806e-10
0.85,0.05,0.05 7.35247
0.85,0.05,0.1 29.3872
0.85,0.05,0.15 7.34114
0.85,0.1,0 1.47152e-09
0.85,0.1,0.05 86.6892
0.85,0.1,0.1 346.489
0.85,0.1,0.15 86.5556
0.85,0.15,0 9.59267e-10
0.85,0.15,0.05 56.5117
0.85,0.15,0.1 225.873
0.85,0.15,0.15 56.4246
0.85,0.2,0 1.64385e-11
0.85,0.2,0.05 0.968414
0.85,0.2,0.1 3.87067
0.85,0.2,0.15 0.966922
0.85,0.3,0.1 5.40521e-07
0.85,0.3,0.15 4.95884e-06
0.85,0.3,0.2 2.66524e-06
0.85,0.3,0.25 2.55967e-08
0.85,0.35,0.05 1.84602
0.85,0.35,0.1 8.66845
0.85,0.35,0.15 2.54255
0.85,0.35,0.2 0.000555311
0.85,0.35,0.25 2.15708e-06
0.85,0.4,0 1.61239e-12
0.85,0.4,0.05 50.924
0.85,0.4,0.1 238.874
0.85,0.4,0.15 69.9915
0.85,0.4,0.2 0.00944989
0.85,0.4,0.25 3.76019e-06
0.85,0.45,0 1.20671e-10
0.85,0.45,0.05 82.4394
0.85,0.45,0.1 368.334
0.85,0.45,0.15 103.351
0.85,0.45,0.2 0.00998637
0.85,0.45,0.25 3.77597e-07
0.85,0.5,0 2.02525e-10
0.85,0.5,0.05 49.3492
0.85,0.5,0.1 199.283
0.85,0.5,0.15 50.3753
0.85,0.5,0.2 0.000508932
0.85,0.55,0 2.50876e-11
0.85,0.55,0.05 37.5337
0.85,0.55,0.1 150.104
0.85,0.55,0.15 37.5184
0.85,0.6,0 6.1264e-12
0.85,0.6,0.05 61.2836
0.85,0.6,0.1 245.105
0.85,0.6,0.15 61.2689
0.85,0.65,0 4.26584e-12
0.85,0.65,0.05 57.2783
0.85,0.65,0.1 229.088
0.85,0.65,0.15 57.2658
0.85,0.7,0 8.47068e-12
0.85,0.7,0.05 60.7193
0.85,0.7,0.1 242.84
0.85,0.7,0.15 60.7005
0.85,0.75,0 1.79695e-10
0.85,0.75,0.05 10.525
0.85,0.75,0.1 42.0858
0.85,0.75,0.15 10.5179
0.85,0.8,0 7.95205e-09
0.85,0.8,0.05 72.5733
0.85,0.8,0.1 291.257
0.85,0.8,0.15 88.9295
0.85,0.8,0.2 11.352
0.85,0.8,0.25 0.22277
0.85,0.85,0 1.09868e-08
0.85,0.85,0.05 89.5657
0.85,0.85,0.1 367.856
0.85,0.85,0.15 216.599
0.85,0.85,0.2 87.4146
0.85,0.85,0.25 1.71541
0.85,0.9,0 8.06315e-10
0.85,0.9,0.05 5.64828
0.85,0.9,0.1 27.2244
0.85,0.9,0.15 64.7358
0.85,0.9,0.2 40.599
0.85,0.9,0.25 0.796712
0.85,0.95,0.1 0.025718
0.85,0.95,0.15 0.326051
0.85,0.95,0.2 0.223972
0.85,0.95,0.25 0.0043952
0.9,0.05,0 4.89436e-11
0.9,0.05,0.05 2.88334
0.9,0.05,0.1 11.5245
0.9,0.05,0.15 2.87889
0.9,0.1,0 5.77069e-10
0.9,0.1,0.05 33.9959
0.9,0.1,0.1 135.879
0.9,0.1,0.15 33.9435
0.9,0.15,0 3.76185e-10
0.9,0.15,0.05 22.1616
0.9,0.15,0.1 88.578
0.9,0.15,0.15 22.1274
0.9,0.2,0 6.4465e-12
0.9,0.2,0.05 0.379772
0.9,0.2,0.1 1.51792
0.9,0.2,0.15 0.379187
0.9,0.35,0.05 1.30449
0.9,0.35,0.1 6.12551
0.9,0.35,0.15 1.79639
0.9,0.35,0.2 0.000233693
0.9,0.4,0 2.98509e-12
0.9,0.4,0.05 36.397
0.9,0.4,0.1 170.445
0.9,0.4,0.15 49.8701
0.9,0.4,0.2 0.00640108
0.9,0.45,0 2.23404e-10
0.9,0.45,0.05 89.0645
0.9,0.45,0.1 383.457
0.9,0.45,0.15 103.811
0.9,0.45,0.2 0.00702906
0.9,0.5,0 3.74482e-10
0.9,0.5,0.05 85.5381
0.9,0.5,0.1 343.384
0.9,0.5,0.15 86.2125
0.9,0.5,0.2 0.000359636
0.9,0.55,0 3.57798e-11
0.9,0.55,0.05 8.13557
0.9,0.55,0.1 32.5264
0.9,0.55,0.15 8.12763
0.9,0.6,0 4.9626e-14
0.9,0.6,0.05 0.390584
0.9,0.6,0.1 1.56212
0.9,0.6,0.15 0.390474
0.9,0.65,0 5.07433e-12
0.9,0.65,0.05 35.6869
0.9,0.65,0.1 142.725
0.9,0.65,0.15 35.6757
0.9,0.7,0 1.17393e-11
0.9,0.7,0.05 82.3675
0.9,0.7,0.1 329.418
0.9,0.7,0.15 82.3416
0.9,0.75,0 2.30819e-11
0.9,0.75,0.05 13.8493
0.9,0.75,0.1 55.3843
0.9,0.75,0.15 13.8429
0.9,0.8,0 6.31785e-10
0.9,0.8,0.05 61.7132
0.9,0.8,0.1 249.965
0.9,0.8,0.15 103.049
0.9,0.8,0.2 28.4473
0.9,0.8,0.25 0.558248
0.9,0.85,0 7.26178e-10
0.9,0.85,0.05 68.1559
0.9,0.85,0.1 297.606
0.9,0.85,0.15 386.965
0.9,0.85,0.2 219.055
0.9,0.85,0.25 4.29872
0.9,0.9,0 4.0616e-11
0.9,0.9,0.05 3.52351
0.9,0.9,0.1 25.7675
0.9,0.9,0.15 151.627
0.9,0.9,0.2 101.739
0.9,0.9,0.25 1.99651
0.9,0.95,0.1 0.0644476
0.9,0.95,0.15 0.817064
0.9,0.95,0.2 0.56126
0.9,0.95,0.25 0.0110141
0.95,0.05,0 1.15116e-13
0.95,0.05,0.05 0.00678165
0.95,0.05,0.1 0.0271057
0.95,0.05,0.15 0.0067712
0.95,0.1,0 1.35728e-12
0.95,0.1,0.05 0.079959
0.95,0.1,0.1 0.319589
0.95,0.1,0.15 0.0798357
0.95,0.15,0 8.84793e-13
0.95,0.15,0.05 0.0521244
0.95,0.15,0.1 0.208337
0.95,0.15,0.15 0.052044
0.95,0.2,0 1.51623e-14
0.95,0.2,0.05 0.000893231
0.95,0.2,0.1 0.00357017
0.95,0.2,0.15 0.000891854
0.95,0.35,0.05 0.0274609
0.95,0.35,0.1 0.128949
0.95,0.35,0.15 0.0378161
0.95,0.35,0.2 4.9195e-06
0.95,0.4,0 3.23381e-13
0.95,0.4,0.05 0.824308
0.95,0.4,0.1 3.82039
0.95,0.4,0.15 1.10787
0.95,0.4,0.2 0.00013475
0.95,0.45,0 2.42019e-11
0.95,0.45,0.05 6.22393
0.95,0.45,0.1 25.4597
0.95,0.45,0.15 6.53005
0.95,0.45,0.2 0.00014797
0.95,0.5,0 4.05683e-11
0.95,0.5,0.05 9.09056
0.95,0.5,0.1 36.3737
0.95,0.5,0.15 9.09754
0.95,0.5,0.2 7.57073e-06
0.95,0.55,0 3.87302e-12
0.95,0.55,0.05 0.863833
0.95,0.55,0.1 3.45362
0.95,0.55,0.15 0.862979
0.95,0.6,0 1.48447e-15
0.95,0.6,0.05 0.0104151
0.95,0.6,0.1 0.041654
0.95,0.6,0.15 0.0104119
0.95,0.65,0 3.7401e-13
0.95,0.65,0.05 2.62407
0.95,0.65,0.1 10.4946
0.95,0.65,0.15 2.62325
0.95,0.7,0 8.6566e-13
0.95,0.7,0.05 6.07352
0.95,0.7,0.1 24.2903
0.95,0.7,0.15 6.07161
0.95,0.75,0 1.75853e-12
0.95,0.75,0.05 1.04604
0.95,0.75,0.1 4.18317
0.95,0.75,0.15 1.04554
0.95,0.8,0 4.51572e-11
0.95,0.8,0.05 5.22184
0.95,0.8,0.1 21.3779
0.95,0.8,0.15 11.5978
0.95,0.8,0.2 4.38421
0.95,0.8,0.25 0.0860352
0.95,0.85,0 4.97777e-11
0.95,0.85,0.05 5.75614
0.95,0.85,0.1 26.887
0.95,0.85,0.15 54.896
0.95,0.85,0.2 33.7601
0.95,0.85,0.25 0.662505
0.95,0.9,0 2.56326e-12
0.95,0.9,0.05 0.296408
0.95,0.9,0.1 2.98534
0.95,0.9,0.15 23.122
0.95,0.9,0.2 15.6796
0.95,0.9,0.25 0.307695
0.95,0.95,0.1 0.00993245
0.95,0.95,0.15 0.125923
0.95,0.95,0.2 0.0864995
0.95,0.95,0.25 0.00169746
