0.25,0.15,0.45 0.00805043
0.25,0.2,0 3.43066e-10
0.25,0.2,0.05 21.9562
0.25,0.2,0.1 276.046
0.25,0.2,0.15 490.517
0.25,0.2,0.2 553.606
0.25,0.2,0.25 349.212
0.25,0.2,0.3 511.733
0.25,0.2,0.35 513.135
0.25,0.2,0.4 95.8507
0.25,0.2,0.45 0.041109
0.25,0.25,0 1.54963e-11
0.25,0.25,0.05 51.2946
0.25,0.25,0.1 304.218
0.25,0.25,0.15 326.982
0.25,0.25,0.2 579.879
0.25,0.25,0.25 296.966
0.25,0.25,0.3 530.725
0.25,0.25,0.35 565.534
0.25,0.25,0.4 84.4965
0.25,0.25,0.45 0.0772232
0.25,0.3,0 1.14317e-11
0.25,0.3,0.05 37.9392
0.25,0.3,0.1 184.475
0.25,0.3,0.15 255.975
0.25,0.3,0.2 646.731
0.25,0.3,0.25 320.032
0.25,0.3,0.3 169.389
0.25,0.3,0.35 262.548
0.25,0.3,0.4 81.3263
0.25,0.3,0.45 0.205267
0.25,0.35,0 8.22991e-12
0.25,0.35,0.05 71.6664
0.25,0.35,0.1 384.382
0.25,0.35,0.15 382.715
0.25,0.35,0.2 156.764
0.25,0.35,0.25 43.4574
0.25,0.35,0.3 20.2183
0.25,0.35,0.35 37.2991
0.25,0.35,0.4 14.9383
0.25,0.35,0.45 0.0409687
0.25,0.4,0 1.08223e-10
0.25,0.4,0.05 100.297
0.25,0.4,0.1 466.354
0.25,0.4,0.15 409.914
0.25,0.4,0.2 178.143
0.25,0.4,0.25 69.2767
0.25,0.4,0.3 7.4464
0.25,0.4,0.35 0.429442
0.25,0.4,0.4 0.0489691
0.25,0.4,0.45 0.000235458
0.25,0.4,0.5 2.08009e-06
0.25,0.45,0 8.83107e-10
0.25,0.45,0.05 148.822
0.25,0.45,0.1 642.476
0.25,0.45,0.15 452.284
0.25,0.45,0.2 312.395
0.25,0.45,0.25 408.845
0.25,0.45,0.3 197.652
0.25,0.45,0.35 132.195
0.25,0.45,0.4 107.151
0.25,0.45,0.45 14.5047
0.25,0.45,0.5 0.00376941
0.25,0.5,0 1.46034e-09
0.25,0.5,0.05 177.329
0.25,0.5,0.1 733.637
0.25,0.5,0.15 349.046
0.25,0.5,0.2 311.325
0.25,0.5,0.25 485.116
0.25,0.5,0.3 764.432
0.25,0.5,0.35 560.514
0.25,0.5,0.4 512.711
0.25,0.5,0.45 82.7352
0.25,0.5,0.5 0.0441953
0.25,0.55,0 2.23998e-09
0.25,0.55,0.05 77.1336
0.25,0.55,0.1 350.833
0.25,0.55,0.15 352.108
0.25,0.55,0.2 374.67
0.25,0.55,0.25 350.841
0.25,0.55,0.3 661.151
0.25,0.55,0.35 653.847
0.25,0.55,0.4 530.024
0.25,0.55,0.45 78.1188
0.25,0.55,0.5 0.0292171
0.25,0.6,0 1.73335e-08
0.25,0.6,0.05 11.1359
0.25,0.6,0.1 77.3714
0.25,0.6,0.15 361.139
0.25,0.6,0.2 601.878
0.25,0.6,0.25 519.983
0.25,0.6,0.3 469.344
0.25,0.6,0.35 498.714
0.25,0.6,0.4 336.205
0.25,0.6,0.45 37.7283
0.25,0.6,0.5 0.000524734
0.25,0.65,0 1.10698e-08
0.25,0.65,0.05 77.8858
0.25,0.65,0.1 334.55
0.25,0.65,0.15 442.421
0.25,0.65,0.2 461.349
0.25,0.65,0.25 205.615
0.25,0.65,0.3 440.677
0.25,0.65,0.35 347.038
0.25,0.65,0.4 76.2038
0.25,0.65,0.45 5.22526
0.25,0.7,0 2.14309e-09
0.25,0.7,0.05 95.1179
0.25,0.7,0.1 434.859
0.25,0.7,0.15 477.269
0.25,0.7,0.2 433.248
0.25,0.7,0.25 243.43
0.25,0.7,0.3 267.245
0.25,0.7,0.35 87.9159
0.25,0.7,0.4 3.39172
0.25,0.7,0.45 0.093561
0.25,0.75,0 1.56936e-10
0.25,0.75,0.05 8.95135
0.25,0.75,0.1 64.7991
0.25,0.75,0.15 469.518
0.25,0.75,0.2 714.768
0.25,0.75,0.25 436.262
0.25,0.75,0.3 238.185
0.25,0.75,0.35 86.3181
0.25,0.75,0.4 0.6042
0.25,0.8,0.05 7.94928e-10
0.25,0.8,0.1 6.6787
0.25,0.8,0.15 167.602
0.25,0.8,0.2 230.938
0.25,0.8,0.25 91.781
0.25,0.8,0.3 71.5654
0.25,0.8,0.35 30.037
0.25,0.8,0.4 0.224245
0.25,0.85,0.1 0.0371001
0.25,0.85,0.15 0.721337
0.25,0.85,0.2 0.726417
0.25,0.85,0.25 0.194241
0.25,0.85,0.3 0.143958
0.25,0.85,0.35 0.0517554
0.25,0.85,0.4 0.000386375
0.3,0.05,0 3.73392e-15
0.3,0.05,0.05 0.00835406
0.3,0.05,0.1 0.477377
0.3,0.05,0.15 28.9901
0.3,0.05,0.2 75.1085
0.3,0.05,0.25 84.7119
0.3,0.05,0.3 73.6427
0.3,0.05,0.35 3.97499
0.3,0.05,0.4 0.00796801
0.3,0.1,0 2.52885e-12
0.3,0.1,0.05 0.813979
0.3,0.1,0.1 38.0823
0.3,0.1,0.15 201.717
0.3,0.1,0.2 406.94
0.3,0.1,0.25 385.599
0.3,0.1,0.3 354.403
0.3,0.1,0.35 43.6217
0.3,0.1,0.4 0.319687
0.3,0.15,0 6.92181e-12
0.3,0.15,0.05 6.85663
0.3,0.15,0.1 98.2247
0.3,0.15,0.15 313.477
0.3,0.15,0.2 513.756
0.3,0.15,0.25 318.444
0.3,0.15,0.3 487.182
0.3,0.15,0.35 279.337
0.3,0.15,0.4 27.3126
0.3,0.15,0.45 0.0176731
0.3,0.2,0 1.18668e-12
0.3,0.2,0.05 65.7651
0.3,0.2,0.1 334.249
0.3,0.2,0.15 433.233
0.3,0.2,0.2 657.001
0.3,0.2,0.25 308.561
0.3,0.2,0.3 610.589
0.3,0.2,0.35 575.484
0.3,0.2,0.4 133.62
0.3,0.2,0.45 0.0902416
0.3,0.25,0 3.31348e-13
0.3,0.25,0.05 72.6004
0.3,0.25,0.1 413.006
0.3,0.25,0.15 273.531
0.3,0.25,0.2 326.867
0.3,0.25,0.25 290.986
0.3,0.25,0.3 540.88
0.3,0.25,0.35 540.852
0.3,0.25,0.4 112.667
0.3,0.25,0.45 0.155644
0.3,0.3,0 7.50574e-13
0.3,0.3,0.05 27.9002
0.3,0.3,0.1 157.696
0.3,0.3,0.15 343.009
0.3,0.3,0.2 501.549
0.3,0.3,0.25 470.656
0.3,0.3,0.3 471.557
0.3,0.3,0.35 498.094
0.3,0.3,0.4 158.52
0.3,0.3,0.45 0.406195
0.3,0.35,0 5.21116e-11
0.3,0.35,0.05 34.7946
0.3,0.35,0.1 264.008
0.3,0.35,0.15 702.295
0.3,0.35,0.2 534.351
0.3,0.35,0.25 116.63
0.3,0.35,0.3 78.2409
0.3,0.35,0.35 78.6722
0.3,0.35,0.4 29.5972
0.3,0.35,0.45 0.0810712
0.3,0.4,0 2.6716e-10
0.3,0.4,0.05 105.439
0.3,0.4,0.1 520.154
0.3,0.4,0.15 754.085
0.3,0.4,0.2 495.872
0.3,0.4,0.25 74.5081
0.3,0.4,0.3 5.38339
0.3,0.4,0.35 0.588474
0.3,0.4,0.4 2.04686
0.3,0.4,0.45 0.543296
0.3,0.4,0.5 1.1247e-05
0.3,0.45,0 5.92033e-10
0.3,0.45,0.05 76.6472
0.3,0.45,0.1 363.353
0.3,0.45,0.15 559.517
0.3,0.45,0.2 536.611
0.3,0.45,0.25 310.339
0.3,0.45,0.3 145.518
0.3,0.45,0.35 94.0091
0.3,0.45,0.4 29.1964
0.3,0.45,0.45 4.24566
0.3,0.45,0.5 4.74204e-05
0.3,0.5,0 8.73038e-10
0.3,0.5,0.05 108.989
0.3,0.5,0.1 493.581
0.3,0.5,0.15 231.082
0.3,0.5,0.2 205.522
0.3,0.5,0.25 304.104
0.3,0.5,0.3 701.742
0.3,0.5,0.35 471.975
0.3,0.5,0.4 89.6168
0.3,0.5,0.45 9.13842
0.3,0.5,0.5 1.24957e-05
0.3,0.55,0 6.17099e-08
0.3,0.55,0.05 68.3702
0.3,0.55,0.1 327.574
0.3,0.55,0.15 232.956
0.3,0.55,0.2 310.001
0.3,0.55,0.25 275.237
0.3,0.55,0.3 694.037
0.3,0.55,0.35 326.868
0.3,0.55,0.4 122.646
0.3,0.55,0.45 12.3333
0.3,0.55,0.5 6.41067e-11
0.3,0.6,0 5.15612e-07
0.3,0.6,0.05 68.1904
0.3,0.6,0.1 280.853
0.3,0.6,0.15 274.588
0.3,0.6,0.2 634.072
0.3,0.6,0.25 440.189
0.3,0.6,0.3 578.868
0.3,0.6,0.35 498.355
0.3,0.6,0.4 428.518
0.3,0.6,0.45 33.6292
0.3,0.65,0 2.57486e-07
0.3,0.65,0.05 78.9181
0.3,0.65,0.1 319.936
0.3,0.65,0.15 251.771
0.3,0.65,0.2 413.374
0.3,0.65,0.25 440.228
0.3,0.65,0.3 618.876
0.3,0.65,0.35 387.721
0.3,0.65,0.4 244.909
0.3,0.65,0.45 18.3406
0.3,0.7,0 2.71045e-09
0.3,0.7,0.05 67.9695
0.3,0.7,0.1 274.618
0.3,0.7,0.15 243.65
0.3,0.7,0.2 460.968
0.3,0.7,0.25 288.668
0.3,0.7,0.3 241.662
0.3,0.7,0.35 108.501
0.3,0.7,0.4 6.59567
0.3,0.7,0.45 0.353178
0.3,0.75,0 8.54123e-11
0.3,0.75,0.05 5.81105
0.3,0.75,0.1 35.1427
0.3,0.75,0.15 243.938
0.3,0.75,0.2 472.779
0.3,0.75,0.25 361.227
0.3,0.75,0.3 148.348
0.3,0.75,0.35 45.213
0.3,0.75,0.4 0.62469
0.3,0.8,0.05 6.70397e-12
0.3,0.8,0.1 5.54048
0.3,0.8,0.15 102.722
0.3,0.8,0.2 118.474
0.3,0.8,0.25 43.0576
0.3,0.8,0.3 13.7756
0.3,0.8,0.35 1.45806
0.3,0.8,0.4 0.00393983
0.3,0.85,0.1 0.0330823
0.3,0.85,0.15 0.592551
0.3,0.85,0.2 0.514576
0.3,0.85,0.25 0.0175256
0.3,0.85,0.3 0.000510134
0.3,0.85,0.35 0.000255521
0.3,0.85,0.4 1.9076e-06
0.35,0.05,0.05 0.0268743
0.35,0.05,0.1 1.32671
0.35,0.05,0.15 4.92675
0.35,0.05,0.2 8.91281
0.35,0.05,0.25 25.4271
0.35,0.05,0.3 23.6548
0.35,0.05,0.35 0.985083
0.35,0.1,0.05 2.48717
0.35,0.1,0.1 122.014
0.35,0.1,0.15 190.77
0.35,0.1,0.2 61.7169
0.35,0.1,0.25 166.045
0.35,0.1,0.3 154.414
0.35,0.1,0.35 12.5998
0.35,0.1,0.4 0.0817658
0.35,0.15,0.05 10.8087
0.35,0.15,0.1 251.994
0.35,0.15,0.15 368.694
0.35,0.15,0.2 118.054
0.35,0.15,0.25 249.84
0.35,0.15,0.3 292.07
0.35,0.15,0.35 80.1844
0.35,0.15,0.4 4.01499
0.35,0.15,0.45 0.0023472
0.35,0.2,0 4.47688e-18
0.35,0.2,0.05 79.9097
0.35,0.2,0.1 410.289
0.35,0.2,0.15 388.76
0.35,0.2,0.2 506.379
0.35,0.2,0.25 404.185
0.35,0.2,0.3 495.465
0.35,0.2,0.35 169.715
0.35,0.2,0.4 21.4735
0.35,0.2,0.45 0.0119845
0.35,0.25,0 8.30585e-13
0.35,0.25,0.05 118.539
0.35,0.25,0.1 670.122
0.35,0.25,0.15 580.133
0.35,0.25,0.2 378.664
0.35,0.25,0.25 276.371
0.35,0.25,0.3 607.474
0.35,0.25,0.35 377.78
0.35,0.25,0.4 39.734
0.35,0.25,0.45 0.0187309
0.35,0.3,0 3.24842e-12
0.35,0.3,0.05 120.32
0.35,0.3,0.1 542.153
0.35,0.3,0.15 473.209
0.35,0.3,0.2 357.208
0.35,0.3,0.25 509.238
0.35,0.3,0.3 874.581
0.35,0.3,0.35 282.759
0.35,0.3,0.4 29.8479
0.35,0.3,0.45 0.0477385
0.35,0.35,0 5.91236e-11
0.35,0.35,0.05 85.3508
0.35,0.35,0.1 374.773
0.35,0.35,0.15 518.928
0.35,0.35,0.2 443.449
0.35,0.35,0.25 241.25
0.35,0.35,0.3 235.174
0.35,0.35,0.35 40.9001
0.35,0.35,0.4 3.52289
0.35,0.35,0.45 0.00952795
0.35,0.4,0 3.06124e-10
0.35,0.4,0.05 164.532
0.35,0.4,0.1 766.18
0.35,0.4,0.15 802.752
0.35,0.4,0.2 483.561
0.35,0.4,0.25 49.4391
0.35,0.4,0.3 10.0556
0.35,0.4,0.35 20.5175
0.35,0.4,0.4 66.1774
0.35,0.4,0.45 17.5806
0.35,0.4,0.5 0.000363944
0.35,0.45,0 1.97782e-09
0.35,0.45,0.05 96.0396
0.35,0.45,0.1 471.358
0.35,0.45,0.15 647.991
0.35,0.45,0.2 708.258
0.35,0.45,0.25 267.247
0.35,0.45,0.3 136.148
0.35,0.45,0.35 268.965
0.35,0.45,0.4 338.323
0.35,0.45,0.45 74.2913
0.35,0.45,0.5 0.00153459
0.35,0.5,0 2.14201e-09
0.35,0.5,0.05 113.117
0.35,0.5,0.1 592.487
0.35,0.5,0.15 423.708
0.35,0.5,0.2 583.975
0.35,0.5,0.25 711.622
0.35,0.5,0.3 580.932
0.35,0.5,0.35 442.007
0.35,0.5,0.4 162.359
0.35,0.5,0.45 19.787
0.35,0.5,0.5 0.000404569
0.35,0.55,0 7.22371e-08
0.35,0.55,0.05 57.203
0.35,0.55,0.1 361.319
0.35,0.55,0.15 447.041
0.35,0.55,0.2 620.009
0.35,0.55,0.25 454.248
0.35,0.55,0.3 466.746
0.35,0.55,0.35 218.572
0.35,0.55,0.4 94.0092
0.35,0.55,0.45 4.25837
0.35,0.55,0.5 2.98158e-08
0.35,0.6,0 5.99459e-07
0.35,0.6,0.05 92.0579
0.35,0.6,0.1 413.624
0.35,0.6,0.15 602.533
0.35,0.6,0.2 951.572
0.35,0.6,0.25 539.576
0.35,0.6,0.3 582.358
0.35,0.6,0.35 674.784
0.35,0.6,0.4 499.018
0.35,0.6,0.45 21.6912
0.35,0.65,0 2.98019e-07
0.35,0.65,0.05 114.475
0.35,0.65,0.1 482.652
0.35,0.65,0.15 370.335
0.35,0.65,0.2 413.016
0.35,0.65,0.25 513.081
0.35,0.65,0.3 543.068
0.35,0.65,0.35 484.09
0.35,0.65,0.4 261.83
0.35,0.65,0.45 8.71231
0.35,0.7,0 2.2604e-09
0.35,0.7,0.05 76.3808
0.35,0.7,0.1 305.925
0.35,0.7,0.15 94.1691
0.35,0.7,0.2 91.7299
0.35,0.7,0.25 394.643
0.35,0.7,0.3 680.544
0.35,0.7,0.35 324.931
0.35,0.7,0.4 20.7234
0.35,0.7,0.45 0.12837
0.35,0.75,0 6.48878e-09
0.35,0.75,0.05 4.14685
0.35,0.75,0.1 16.9953
0.35,0.75,0.15 14.9989
0.35,0.75,0.2 88.0221
0.35,0.75,0.25 318.693
0.35,0.75,0.3 524.954
0.35,0.75,0.35 145.057
0.35,0.75,0.4 3.24146
0.35,0.8,0 2.09747e-08
0.35,0.8,0.05 2.16134
0.35,0.8,0.1 8.79049
0.35,0.8,0.15 5.93885
0.35,0.8,0.2 11.5956
0.35,0.8,0.25 42.6697
0.35,0.8,0.3 58.9779
0.35,0.8,0.35 6.34237
0.35,0.8,0.4 0.00706411
0.35,0.85,0 4.23295e-09
0.35,0.85,0.05 0.436185
0.35,0.85,0.1 1.73479
0.35,0.85,0.15 0.452037
0.35,0.85,0.2 0.0184088
0.35,0.85,0.25 0.000599686
0.4,0.05,0.05 0.005444
0.4,0.05,0.1 0.267224
0.4,0.05,0.15 0.383227
0.4,0.05,0.2 0.0631075
0.4,0.05,0.25 0.488708
0.4,0.05,0.3 0.419652
0.4,0.05,0.35 0.049221
0.4,0.05,0.4 0.000959486
0.4,0.1,0.05 3.56311
0.4,0.1,0.1 59.8764
0.4,0.1,0.15 67.0483
0.4,0.1,0.2 15.0279
0.4,0.1,0.25 130.088
0.4,0.1,0.3 98.0258
0.4,0.1,0.35 2.96091
0.4,0.1,0.4 0.0147837
0.4,0.15,0.05 17.4926
0.4,0.15,0.1 296.41
0.4,0.15,0.15 427.794
0.4,0.15,0.2 128.267
0.4,0.15,0.25 430.945
0.4,0.15,0.3 275.317
0.4,0.15,0.35 6.823
0.4,0.15,0.4 0.011867
0.4,0.2,0 1.5072e-18
0.4,0.2,0.05 22.036
0.4,0.2,0.1 269.702
0.4,0.2,0.15 499.677
0.4,0.2,0.2 405.223
0.4,0.2,0.25 534.67
0.4,0.2,0.3 244.705
0.4,0.2,0.35 11.1392
0.4,0.2,0.4 0.263076
0.4,0.25,0 2.79627e-13
0.4,0.25,0.05 83.94
0.4,0.25,0.1 434.34
0.4,0.25,0.15 512.363
0.4,0.25,0.2 316.127
0.4,0.25,0.25 186.672
0.4,0.25,0.3 158.172
0.4,0.25,0.35 33.9258
0.4,0.25,0.4 1.85643
0.4,0.3,0 1.10441e-12
0.4,0.3,0.05 109.437
0.4,0.3,0.1 463.996
0.4,0.3,0.15 310.706
0.4,0.3,0.2 277.335
0.4,0.3,0.25 448.125
0.4,0.3,0.3 413.493
0.4,0.3,0.35 64.999
0.4,0.3,0.4 0.804343
0.4,0.3,0.45 0.00047868
0.4,0.35,0 7.86162e-12
0.4,0.35,0.05 56.9471
0.4,0.35,0.1 234.302
0.4,0.35,0.15 159.421
0.4,0.35,0.2 212.183
0.4,0.35,0.25 471.043
0.4,0.35,0.3 591.754
0.4,0.35,0.35 126.571
0.4,0.35,0.4 2.26508
0.4,0.35,0.45 0.00511962
0.4,0.4,0 6.075e-11
0.4,0.4,0.05 62.626
0.4,0.4,0.1 296.09
0.4,0.4,0.15 426.839
0.4,0.4,0.2 388.001
0.4,0.4,0.25 178.246
0.4,0.4,0.3 333.266
0.4,0.4,0.35 149.526
0.4,0.4,0.4 87.5209
0.4,0.4,0.45 21.0782
0.4,0.4,0.5 0.000434853
0.4,0.45,0 1.17133e-09
0.4,0.45,0.05 53.6838
0.4,0.45,0.1 280.354
0.4,0.45,0.15 477.801
0.4,0.45,0.2 498.224
0.4,0.45,0.25 287.447
0.4,0.45,0.3 249.857
0.4,0.45,0.35 430.877
0.4,0.45,0.4 478.91
0.4,0.45,0.45 105.304
0.4,0.45,0.5 0.00193042
0.4,0.5,0 1.30679e-09
0.4,0.5,0.05 59.8544
0.4,0.5,0.1 321.733
0.4,0.5,0.15 470.17
0.4,0.5,0.2 594.364
0.4,0.5,0.25 589.751
0.4,0.5,0.3 370.368
0.4,0.5,0.35 656.013
0.4,0.5,0.4 395.408
0.4,0.5,0.45 59.6198
0.4,0.5,0.5 0.000693848
0.4,0.55,0 1.12698e-08
0.4,0.55,0.05 40.6299
0.4,0.55,0.1 234.673
0.4,0.55,0.15 372.765
0.4,0.55,0.2 406.036
0.4,0.55,0.25 353.746
0.4,0.55,0.3 115.663
0.4,0.55,0.35 170.753
0.4,0.55,0.4 94.2275
0.4,0.55,0.45 6.03286
0.4,0.55,0.5 2.70517e-05
0.4,0.6,0 6.01517e-08
0.4,0.6,0.05 147.117
0.4,0.6,0.1 609.724
0.4,0.6,0.15 376.766
0.4,0.6,0.2 598.223
0.4,0.6,0.25 431.471
0.4,0.6,0.3 294.995
0.4,0.6,0.35 241.152
0.4,0.6,0.4 143.12
0.4,0.6,0.45 4.34968
0.4,0.65,0 2.32439e-08
0.4,0.65,0.05 72.067
0.4,0.65,0.1 298.981
0.4,0.65,0.15 219.655
0.4,0.65,0.2 430.929
0.4,0.65,0.25 370.937
0.4,0.65,0.3 351.918
0.4,0.65,0.35 316.789
0.4,0.65,0.4 103.473
0.4,0.65,0.45 1.45513
0.4,0.7,0 2.16872e-10
0.4,0.7,0.05 17.1986
0.4,0.7,0.1 68.934
0.4,0.7,0.15 22.2137
0.4,0.7,0.2 34.4028
0.4,0.7,0.25 186.629
0.4,0.7,0.3 388.626
0.4,0.7,0.35 423.811
0.4,0.7,0.4 49.1059
0.4,0.7,0.45 0.0244089
0.4,0.75,0 2.05596e-07
0.4,0.75,0.05 21.9332
0.4,0.75,0.1 87.1903
0.4,0.75,0.15 21.6636
0.4,0.75,0.2 1.29566
0.4,0.75,0.25 74.669
0.4,0.75,0.3 177.002
0.4,0.75,0.35 93.8029
0.4,0.75,0.4 8.29172
0.4,0.8,0 6.64996e-07
0.4,0.8,0.05 68.5247
0.4,0.8,0.1 272.347
0.4,0.8,0.15 67.6515
0.4,0.8,0.2 0.122103
0.4,0.8,0.25 10.5639
0.4,0.8,0.3 18.7908
0.4,0.8,0.35 1.98078
0.4,0.8,0.4 0.00108288
0.4,0.85,0 1.34204e-07
0.4,0.85,0.05 13.8291
0.4,0.85,0.1 54.9628
0.4,0.85,0.15 13.6529
0.45,0.05,0.2 0.00428436
0.45,0.05,0.25 0.627452
0.45,0.05,0.3 8.11443
0.45,0.05,0.35 6.01303
0.45,0.05,0.4 0.143564
0.45,0.1,0.05 7.20376
