0.4,0.8,0 8.25862e-14
0.4,0.8,0.05 66.7039
0.4,0.8,0.1 282.416
0.4,0.8,0.15 163.22
0.4,0.8,0.2 163.212
0.4,0.8,0.25 44.9373
0.4,0.8,0.3 0.161597
0.4,0.85,0.05 11.6436
0.4,0.85,0.1 46.5829
0.4,0.85,0.15 11.6567
0.4,0.85,0.2 0.0120715
0.4,0.85,0.25 0.000852539
0.45,0.05,0 1.5661e-16
0.45,0.05,0.05 5.9364e-05
0.45,0.05,0.1 0.000237358
0.45,0.05,0.15 0.824526
0.45,0.05,0.2 5.63184
0.45,0.05,0.25 24.8141
0.45,0.05,0.3 15.5956
0.45,0.05,0.35 0.270394
0.45,0.1,0 4.32236e-12
0.45,0.1,0.05 23.2283
0.45,0.1,0.1 93.0449
0.45,0.1,0.15 57.1624
0.45,0.1,0.2 167.604
0.45,0.1,0.25 343.736
0.45,0.1,0.3 200.398
0.45,0.1,0.35 4.75987
0.45,0.15,0 5.85599e-11
0.45,0.15,0.05 152.652
0.45,0.15,0.1 613.544
0.45,0.15,0.15 284.097
0.45,0.15,0.2 363.095
0.45,0.15,0.25 382.74
0.45,0.15,0.3 202.334
0.45,0.15,0.35 12.6041
0.45,0.2,0 2.31435e-10
0.45,0.2,0.05 163.691
0.45,0.2,0.1 658.4
0.45,0.2,0.15 273.732
0.45,0.2,0.2 288.319
0.45,0.2,0.25 206.453
0.45,0.2,0.3 40.9383
0.45,0.2,0.35 4.52498
0.45,0.25,0 2.25946e-10
0.45,0.25,0.05 117.508
0.45,0.25,0.1 473.314
0.45,0.25,0.15 179.61
0.45,0.25,0.2 398.844
0.45,0.25,0.25 305.367
0.45,0.25,0.3 18.1198
0.45,0.25,0.35 0.17536
0.45,0.3,0 7.57744e-10
0.45,0.3,0.05 137.91
0.45,0.3,0.1 572.744
0.45,0.3,0.15 450.411
0.45,0.3,0.2 642.964
0.45,0.3,0.25 269.323
0.45,0.3,0.3 32.633
0.45,0.3,0.35 9.06253
0.45,0.3,0.4 0.27846
0.45,0.35,0 1.35148e-09
0.45,0.35,0.05 142.92
0.45,0.35,0.1 585.974
0.45,0.35,0.15 358.148
0.45,0.35,0.2 499.657
0.45,0.35,0.25 471.044
0.45,0.35,0.3 341.585
0.45,0.35,0.35 139.428
0.45,0.35,0.4 3.50173
0.45,0.4,0 7.69426e-10
0.45,0.4,0.05 76.6596
0.45,0.4,0.1 321.989
0.45,0.4,0.15 257.959
0.45,0.4,0.2 329.647
0.45,0.4,0.25 501.615
0.45,0.4,0.3 670.71
0.45,0.4,0.35 264.119
0.45,0.4,0.4 9.06111
0.45,0.45,0 1.19891e-10
0.45,0.45,0.05 74.0119
0.45,0.45,0.1 351.235
0.45,0.45,0.15 552.566
0.45,0.45,0.2 483.142
0.45,0.45,0.25 577.925
0.45,0.45,0.3 518.313
0.45,0.45,0.35 191.862
0.45,0.45,0.4 19.5626
0.45,0.45,0.45 0.0222313
0.45,0.5,0 8.34637e-10
0.45,0.5,0.05 115.43
0.45,0.5,0.1 501.149
0.45,0.5,0.15 461.947
0.45,0.5,0.2 594.589
0.45,0.5,0.25 466.524
0.45,0.5,0.3 1050.48
0.45,0.5,0.35 443.391
0.45,0.5,0.4 124.758
0.45,0.5,0.45 6.0978
0.45,0.55,0 4.47662e-09
0.45,0.55,0.05 109.881
0.45,0.55,0.1 469.055
0.45,0.55,0.15 419.12
0.45,0.55,0.2 709.366
0.45,0.55,0.25 389.82
0.45,0.55,0.3 750.569
0.45,0.55,0.35 454.35
0.45,0.55,0.4 277.021
0.45,0.55,0.45 14.3576
0.45,0.6,0 1.47217e-08
0.45,0.6,0.05 143.698
0.45,0.6,0.1 578.983
0.45,0.6,0.15 371.521
0.45,0.6,0.2 710.209
0.45,0.6,0.25 250.085
0.45,0.6,0.3 53.8478
0.45,0.6,0.35 45.3677
0.45,0.6,0.4 39.7822
0.45,0.6,0.45 2.06494
0.45,0.65,0 4.85193e-09
0.45,0.65,0.05 94.0236
0.45,0.65,0.1 378.06
0.45,0.65,0.15 229.738
0.45,0.65,0.2 368.727
0.45,0.65,0.25 90.3966
0.45,0.65,0.3 24.0078
0.45,0.65,0.35 1.66571
0.45,0.7,0 1.85246e-10
0.45,0.7,0.05 10.2191
0.45,0.7,0.1 48.7294
0.45,0.7,0.15 77.9149
0.45,0.7,0.2 123.058
0.45,0.7,0.25 26.5341
0.45,0.7,0.3 8.51619
0.45,0.7,0.35 0.594083
0.45,0.75,0 8.09479e-13
0.45,0.75,0.05 30.075
0.45,0.75,0.1 138.722
0.45,0.75,0.15 252.473
0.45,0.75,0.2 336.618
0.45,0.75,0.25 47.2888
0.45,0.75,0.3 0.12299
0.45,0.75,0.35 0.000732838
0.45,0.8,0 2.48629e-11
0.45,0.8,0.05 80.4269
0.45,0.8,0.1 324.861
0.45,0.8,0.15 144.45
0.45,0.8,0.2 96.987
0.45,0.8,0.25 12.5087
0.45,0.8,0.3 0.0270812
0.45,0.85,0 2.92023e-11
0.45,0.85,0.05 14.0727
0.45,0.85,0.1 56.301
0.45,0.85,0.15 14.0889
0.45,0.85,0.2 0.0151879
0.45,0.85,0.25 0.00107276
0.45,0.9,0 1.66874e-12
0.45,0.9,0.05 0.000257712
0.45,0.9,0.1 0.00102509
0.45,0.9,0.15 0.00025484
0.5,0.05,0.15 0.00753911
0.5,0.05,0.2 0.91498
0.5,0.05,0.25 10.4692
0.5,0.05,0.3 6.84883
0.5,0.05,0.35 0.118744
0.5,0.1,0 5.81337e-13
0.5,0.1,0.05 5.65237
0.5,0.1,0.1 22.9227
0.5,0.1,0.15 15.8922
0.5,0.1,0.2 39.876
0.5,0.1,0.25 214.805
0.5,0.1,0.3 156.354
0.5,0.1,0.35 10.0326
0.5,0.15,0 3.30206e-11
0.5,0.15,0.05 39.2845
0.5,0.15,0.1 164.894
0.5,0.15,0.15 264.994
0.5,0.15,0.2 494.177
0.5,0.15,0.25 732.779
0.5,0.15,0.3 536.768
0.5,0.15,0.35 61.5837
0.5,0.2,0 1.0546e-10
0.5,0.2,0.05 115.113
0.5,0.2,0.1 482.336
0.5,0.2,0.15 507.268
0.5,0.2,0.2 746.336
0.5,0.2,0.25 531.92
0.5,0.2,0.3 211.459
0.5,0.2,0.35 26.114
0.5,0.25,0 1.372e-10
0.5,0.25,0.05 99.4113
0.5,0.25,0.1 414.06
0.5,0.25,0.15 309.504
0.5,0.25,0.2 394.617
0.5,0.25,0.25 277.196
0.5,0.25,0.3 29.9402
0.5,0.25,0.35 0.158786
0.5,0.3,0 8.03702e-10
0.5,0.3,0.05 158.949
0.5,0.3,0.1 692.087
0.5,0.3,0.15 806.426
0.5,0.3,0.2 544.026
0.5,0.3,0.25 121.771
0.5,0.3,0.3 84.2502
0.5,0.3,0.35 59.6161
0.5,0.3,0.4 1.94811
0.5,0.35,0 1.3749e-09
0.5,0.35,0.05 184.609
0.5,0.35,0.1 775.933
0.5,0.35,0.15 636.316
0.5,0.35,0.2 562.921
0.5,0.35,0.25 202.078
0.5,0.35,0.3 466.375
0.5,0.35,0.35 354.308
0.5,0.35,0.4 10.7835
0.5,0.4,0 1.06742e-09
0.5,0.4,0.05 97.109
0.5,0.4,0.1 398.955
0.5,0.4,0.15 302.699
0.5,0.4,0.2 369.803
0.5,0.4,0.25 341.635
0.5,0.4,0.3 696.671
0.5,0.4,0.35 312.339
0.5,0.4,0.4 6.91
0.5,0.45,0 1.66914e-09
0.5,0.45,0.05 106.812
0.5,0.45,0.1 444.989
0.5,0.45,0.15 410.232
0.5,0.45,0.2 468.633
0.5,0.45,0.25 509.257
0.5,0.45,0.3 276.821
0.5,0.45,0.35 57.9844
0.5,0.45,0.4 0.78511
0.5,0.45,0.45 0.0113822
0.5,0.5,0 5.01305e-09
0.5,0.5,0.05 145.991
0.5,0.5,0.1 588.862
0.5,0.5,0.15 383.056
0.5,0.5,0.2 551.046
0.5,0.5,0.25 241.903
0.5,0.5,0.3 228.44
0.5,0.5,0.35 114.654
0.5,0.5,0.4 60.2145
0.5,0.5,0.45 3.122
0.5,0.55,0 6.35302e-09
0.5,0.55,0.05 177.253
0.5,0.55,0.1 725.679
0.5,0.55,0.15 636.758
0.5,0.55,0.2 762.068
0.5,0.55,0.25 172.693
0.5,0.55,0.3 234.417
0.5,0.55,0.35 182.073
0.5,0.55,0.4 141.65
0.5,0.55,0.45 7.35092
0.5,0.6,0 3.50025e-09
0.5,0.6,0.05 96.0384
0.5,0.6,0.1 400.22
0.5,0.6,0.15 459.664
0.5,0.6,0.2 506.613
0.5,0.6,0.25 69.7334
0.5,0.6,0.3 20.8511
0.5,0.6,0.35 22.1836
0.5,0.6,0.4 20.3674
0.5,0.6,0.45 1.05723
0.5,0.65,0 2.35742e-09
0.5,0.65,0.05 114.596
0.5,0.65,0.1 460.375
0.5,0.65,0.15 196.664
0.5,0.65,0.2 143.84
0.5,0.65,0.25 17.7108
0.5,0.65,0.3 0.0181771
0.5,0.7,0 5.62913e-10
0.5,0.7,0.05 42.1198
0.5,0.7,0.1 261.576
0.5,0.7,0.15 185.807
0.5,0.7,0.2 88.3364
0.5,0.7,0.25 6.15398
0.5,0.75,0 4.26643e-09
0.5,0.75,0.05 31.8838
0.5,0.75,0.1 313.455
0.5,0.75,0.15 211.375
0.5,0.75,0.2 28.7184
0.5,0.75,0.25 1.79127
0.5,0.8,0 1.33541e-07
0.5,0.8,0.05 34.8186
0.5,0.8,0.1 161.377
0.5,0.8,0.15 57.9073
0.5,0.8,0.2 5.57555
0.5,0.8,0.25 0.365736
0.5,0.85,0 1.56845e-07
0.5,0.85,0.05 25.3821
0.5,0.85,0.1 100.987
0.5,0.85,0.15 25.1131
0.5,0.85,0.2 0.000967059
0.5,0.85,0.25 6.83058e-05
0.5,0.9,0 8.96276e-09
0.5,0.9,0.05 1.38416
0.5,0.9,0.1 5.50572
0.5,0.9,0.15 1.36874
0.55,0.05,0.2 0.00378463
0.55,0.05,0.25 0.0448917
0.55,0.05,0.3 0.0293933
0.55,0.05,0.35 0.000509617
0.55,0.1,0 3.04537e-12
0.55,0.1,0.05 0.0979386
0.55,0.1,0.1 2.3136
0.55,0.1,0.15 25.3064
0.55,0.1,0.2 32.2928
0.55,0.1,0.25 73.5309
0.55,0.1,0.3 39.752
0.55,0.1,0.35 3.10966
0.55,0.15,0 8.59442e-10
0.55,0.15,0.05 30.634
0.55,0.15,0.1 136.335
0.55,0.15,0.15 243.177
0.55,0.15,0.2 337.679
0.55,0.15,0.25 454.385
0.55,0.15,0.3 237.543
0.55,0.15,0.35 21.9353
0.55,0.2,0 2.03691e-09
0.55,0.2,0.05 105.743
0.55,0.2,0.1 465.516
0.55,0.2,0.15 681.219
0.55,0.2,0.2 734.758
0.55,0.2,0.25 366.603
0.55,0.2,0.3 164.487
0.55,0.2,0.35 12.8249
0.55,0.25,0 3.20228e-10
0.55,0.25,0.05 62.0265
0.55,0.25,0.1 289.399
0.55,0.25,0.15 608.429
0.55,0.25,0.2 595.787
0.55,0.25,0.25 733.814
0.55,0.25,0.3 331.416
0.55,0.25,0.35 7.01055
0.55,0.25,0.4 8.97006e-05
0.55,0.3,0 3.63113e-10
0.55,0.3,0.05 102.66
0.55,0.3,0.1 435.478
0.55,0.3,0.15 512.286
0.55,0.3,0.2 540.943
0.55,0.3,0.25 596.89
0.55,0.3,0.3 236.083
0.55,0.3,0.35 29.1784
0.55,0.3,0.4 0.863965
0.55,0.35,0 1.67346e-09
0.55,0.35,0.05 148.924
0.55,0.35,0.1 602.125
0.55,0.35,0.15 264.961
0.55,0.35,0.2 174.793
0.55,0.35,0.25 68.4318
0.55,0.35,0.3 157.083
0.55,0.35,0.35 122.202
0.55,0.35,0.4 3.91595
0.55,0.4,0 1.13912e-09
0.55,0.4,0.05 78.8718
0.55,0.4,0.1 316.831
0.55,0.4,0.15 124.354
0.55,0.4,0.2 108.637
0.55,0.4,0.25 114.227
0.55,0.4,0.3 112.224
0.55,0.4,0.35 49.2076
0.55,0.4,0.4 1.23895
0.55,0.45,0 1.94604e-09
0.55,0.45,0.05 112.885
0.55,0.45,0.1 455.332
0.55,0.45,0.15 278.764
0.55,0.45,0.2 439.885
0.55,0.45,0.25 377.294
0.55,0.45,0.3 70.796
0.55,0.45,0.35 5.32865
0.55,0.45,0.4 0.0235636
0.55,0.45,0.45 9.21566e-05
0.55,0.5,0 2.97876e-09
0.55,0.5,0.05 100.754
0.55,0.5,0.1 419.542
0.55,0.5,0.15 548.847
0.55,0.5,0.2 717.559
0.55,0.5,0.25 165.959
0.55,0.5,0.3 12.3286
0.55,0.5,0.35 0.54193
0.55,0.5,0.4 0.486961
0.55,0.5,0.45 0.0252775
0.55,0.55,0 4.29293e-09
0.55,0.55,0.05 85.3669
0.55,0.55,0.1 413.97
0.55,0.55,0.15 746.651
0.55,0.55,0.2 739.414
0.55,0.55,0.25 114.642
0.55,0.55,0.3 3.66053
0.55,0.55,0.35 1.19714
0.55,0.55,0.4 1.14658
0.55,0.55,0.45 0.0595174
0.55,0.6,0 4.28921e-09
0.55,0.6,0.05 89.2128
0.55,0.6,0.1 413.213
0.55,0.6,0.15 486.153
0.55,0.6,0.2 343.673
0.55,0.6,0.25 58.3579
0.55,0.6,0.3 1.65673
0.55,0.6,0.35 0.167918
0.55,0.6,0.4 0.164903
0.55,0.6,0.45 0.00855992
0.55,0.65,0 8.54032e-10
0.55,0.65,0.05 60.566
0.55,0.65,0.1 266.576
0.55,0.65,0.15 437.235
0.55,0.65,0.2 433.229
0.55,0.65,0.25 36.6667
0.55,0.65,0.3 0.0698627
0.55,0.7,0 1.304e-10
0.55,0.7,0.05 62.6937
0.55,0.7,0.1 411.624
0.55,0.7,0.15 672.367
0.55,0.7,0.2 605.491
0.55,0.7,0.25 40.6246
0.55,0.7,0.3 0.00206202
0.55,0.75,0 1.43001e-08
0.55,0.75,0.05 111.166
0.55,0.75,0.1 667.281
0.55,0.75,0.15 330.254
0.55,0.75,0.2 56.084
0.55,0.75,0.25 3.57695
0.55,0.8,0 4.45858e-07
0.55,0.8,0.05 148.412
0.55,0.8,0.1 613.424
0.55,0.8,0.15 165.247
0.55,0.8,0.2 0.313237
0.55,0.85,0 5.23551e-07
0.55,0.85,0.05 89.3176
0.55,0.85,0.1 355.453
0.55,0.85,0.15 88.4116
0.55,0.9,0 2.99179e-08
0.55,0.9,0.05 5.75641
0.55,0.9,0.1 22.9211
0.55,0.9,0.15 5.70429
0.55,0.95,0 9.51499e-18
0.55,0.95,0.05 1.11451e-05
0.55,0.95,0.1 4.45676e-05
0.55,0.95,0.15 1.11387e-05
0.6,0.1,0 3.64916e-12
0.6,0.1,0.05 0.1168
0.6,0.1,0.1 6.44682
0.6,0.1,0.15 74.0041
0.6,0.1,0.2 50.5701
0.6,0.1,0.25 3.85397
0.6,0.1,0.3 0.942384
0.6,0.1,0.35 0.00453889
0.6,0.15,0 1.03076e-09
0.6,0.15,0.05 35.059
0.6,0.15,0.1 176.089
0.6,0.15,0.15 466.623
0.6,0.15,0.2 300.504
0.6,0.15,0.25 28.6672
0.6,0.15,0.3 7.18681
0.6,0.15,0.35 0.162379
0.6,0.2,0 2.46641e-09
0.6,0.2,0.05 138.126
0.6,0.2,0.1 577.816
0.6,0.2,0.15 422.885
0.6,0.2,0.2 281.946
0.6,0.2,0.25 254.102
0.6,0.2,0.3 188.2
0.6,0.2,0.35 10.5283
0.6,0.25,0 3.85372e-10
0.6,0.25,0.05 98.4378
0.6,0.25,0.1 487.682
0.6,0.25,0.15 593.354
0.6,0.25,0.2 518.37
0.6,0.25,0.25 832.439
0.6,0.25,0.3 511.768
0.6,0.25,0.35 27.8247
0.6,0.25,0.4 0.00469779
0.6,0.3,0 1.02449e-10
0.6,0.3,0.05 57.6183
0.6,0.3,0.1 332.9
0.6,0.3,0.15 594.384
0.6,0.3,0.2 759.236
0.6,0.3,0.25 769.473
0.6,0.3,0.3 435.511
0.6,0.3,0.35 74.5205
0.6,0.3,0.4 0.0419284
0.6,0.35,0 5.77488e-10
0.6,0.35,0.05 172.154
0.6,0.35,0.1 707.027
0.6,0.35,0.15 352.168
0.6,0.35,0.2 280.573
0.6,0.35,0.25 114.686
0.6,0.35,0.3 119.169
0.6,0.35,0.35 35.2865
0.6,0.35,0.4 0.0360484
0.6,0.4,0 2.65857e-10
0.6,0.4,0.05 81.8912
0.6,0.4,0.1 328.255
0.6,0.4,0.15 164.94
0.6,0.4,0.2 177.429
0.6,0.4,0.25 28.7206
0.6,0.4,0.3 1.70564
0.6,0.4,0.35 0.376346
0.6,0.4,0.4 0.0050282
0.6,0.45,0 9.10439e-10
0.6,0.45,0.05 155.003
0.6,0.45,0.1 621.395
0.6,0.45,0.15 407.371
0.6,0.45,0.2 581.227
0.6,0.45,0.25 105.997
0.6,0.45,0.3 3.37291
0.6,0.45,0.35 5.66617e-06
0.6,0.45,0.4 1.85621e-07
0.6,0.5,0 1.86334e-09
0.6,0.5,0.05 144.19
0.6,0.5,0.1 586.056
0.6,0.5,0.15 421.652
0.6,0.5,0.2 574.221
0.6,0.5,0.25 116.378
0.6,0.5,0.3 2.41156
0.6,0.55,0 5.17436e-10
0.6,0.55,0.05 20.7023
0.6,0.55,0.1 165.336
0.6,0.55,0.15 451.32
0.6,0.55,0.2 538.925
0.6,0.55,0.25 310.015
0.6,0.55,0.3 14.5273
0.6,0.6,0 3.71389e-10
0.6,0.6,0.05 12.1971
0.6,0.6,0.1 148.053
0.6,0.6,0.15 631.877
0.6,0.6,0.2 673.802
0.6,0.6,0.25 281.091
0.6,0.6,0.3 8.54893
0.6,0.65,0 4.31997e-11
0.6,0.65,0.05 82.0119
0.6,0.65,0.1 417.461
0.6,0.65,0.15 898.734
0.6,0.65,0.2 856.985
0.6,0.65,0.25 144.954
0.6,0.65,0.3 0.703671
0.6,0.7,0 5.22762e-12
0.6,0.7,0.05 99.7812
0.6,0.7,0.1 585.97
0.6,0.7,0.15 902.019
0.6,0.7,0.2 658.808
0.6,0.7,0.25 44.2446
0.6,0.7,0.3 0.0234209
0.6,0.75,0 3.47347e-09
0.6,0.75,0.05 113.446
0.6,0.75,0.1 611.252
0.6,0.75,0.15 281.999
0.6,0.75,0.2 45.2992
0.6,0.75,0.25 2.638
0.6,0.8,0 9.40025e-08
0.6,0.8,0.05 159.808
0.6,0.8,0.1 664.581
0.6,0.8,0.15 187.62
0.6,0.8,0.2 1.24333
0.6,0.85,0 1.09315e-07
0.6,0.85,0.05 109.342
0.6,0.85,0.1 437.268
0.6,0.85,0.15 109.587
0.6,0.85,0.2 0.0260011
0.6,0.9,0 6.2527e-09
0.6,0.9,0.05 22.1589
0.6,0.9,0.1 88.5901
0.6,0.9,0.15 22.1361
0.6,0.95,0 1.77506e-16
0.6,0.95,0.05 0.000207916
0.6,0.95,0.1 0.000831427
0.6,0.95,0.15 0.000207798
0.65,0.1,0 2.15294e-13
0.65,0.1,0.05 0.00694888
0.65,0.1,0.1 3.29968
0.65,0.1,0.15 33.7477
0.65,0.1,0.2 20.1131
0.65,0.1,0.25 0.282345
0.65,0.15,0 6.14486e-11
0.65,0.15,0.05 5.93852
0.65,0.15,0.1 61.6448
0.65,0.15,0.15 375.889
0.65,0.15,0.2 226.192
0.65,0.15,0.25 26.6705
0.65,0.15,0.3 2.32906
0.65,0.15,0.35 0.0255894
0.65,0.2,0 1.34474e-09
0.65,0.2,0.05 62.4857
0.65,0.2,0.1 281.3
0.65,0.2,0.15 332.39
0.65,0.2,0.2 351.823
0.65,0.2,0.25 327.988
0.65,0.2,0.3 57.39
0.65,0.2,0.35 2.04112
0.65,0.25,0 5.4122e-09
0.65,0.25,0.05 110.202
0.65,0.25,0.1 562.317
0.65,0.25,0.15 366.045
0.65,0.25,0.2 362.563
0.65,0.25,0.25 315.107
0.65,0.25,0.3 121.829
0.65,0.25,0.35 16.611
0.65,0.25,0.4 0.00691322
0.65,0.3,0 1.52631e-09
0.65,0.3,0.05 73.7314
0.65,0.3,0.1 472.933
0.65,0.3,0.15 668.626
0.65,0.3,0.2 587.773
0.65,0.3,0.25 210.371
0.65,0.3,0.3 343.126
0.65,0.3,0.35 106
0.65,0.3,0.4 0.0558365
0.65,0.35,0 1.89059e-12
0.65,0.35,0.05 161.584
0.65,0.35,0.1 692.953
0.65,0.35,0.15 432.281
0.65,0.35,0.2 185.669
0.65,0.35,0.25 56.4718
0.65,0.35,0.3 158.518
0.65,0.35,0.35 51.0944
0.65,0.35,0.4 0.0270108
0.65,0.4,0 4.08625e-11
