0.65,0.4,0.15 273.981
0.65,0.4,0.2 47.4452
0.65,0.4,0.25 7.6824
0.65,0.4,0.3 0.177471
0.65,0.4,0.35 0.00914044
0.65,0.4,0.4 4.1001e-05
0.65,0.45,0 2.07807e-10
0.65,0.45,0.05 161.585
0.65,0.45,0.1 650.093
0.65,0.45,0.15 206.378
0.65,0.45,0.2 225.222
0.65,0.45,0.25 157.095
0.65,0.45,0.3 7.70336
0.65,0.5,0 4.24692e-10
0.65,0.5,0.05 93.5517
0.65,0.5,0.1 374.868
0.65,0.5,0.15 128.429
0.65,0.5,0.2 429.35
0.65,0.5,0.25 402.581
0.65,0.5,0.3 19.6038
0.65,0.5,0.35 0.0270189
0.65,0.55,0 8.64303e-11
0.65,0.55,0.05 43.737
0.65,0.55,0.1 176.981
0.65,0.55,0.15 217.164
0.65,0.55,0.2 614.287
0.65,0.55,0.25 300.768
0.65,0.55,0.3 13.9041
0.65,0.55,0.35 0.139675
0.65,0.6,0 1.92981e-11
0.65,0.6,0.05 33.7637
0.65,0.6,0.1 139.673
0.65,0.6,0.15 320.063
0.65,0.6,0.2 657.195
0.65,0.6,0.25 161.423
0.65,0.6,0.3 3.91032
0.65,0.6,0.35 0.0450011
0.65,0.65,0 8.337e-12
0.65,0.65,0.05 14.5469
0.65,0.65,0.1 99.2933
0.65,0.65,0.15 252.978
0.65,0.65,0.2 502.507
0.65,0.65,0.25 194.467
0.65,0.65,0.3 2.85532
0.65,0.65,0.35 2.17781e-05
0.65,0.7,0 8.4391e-12
0.65,0.7,0.05 12.1406
0.65,0.7,0.1 162.118
0.65,0.7,0.15 512.497
0.65,0.7,0.2 432.479
0.65,0.7,0.25 240.614
0.65,0.7,0.3 11.1502
0.65,0.75,0 3.29887e-10
0.65,0.75,0.05 26.6337
0.65,0.75,0.1 194.28
0.65,0.75,0.15 472.693
0.65,0.75,0.2 307.068
0.65,0.75,0.25 183.024
0.65,0.75,0.3 9.9467
0.65,0.8,0 7.41904e-10
0.65,0.8,0.05 73.1768
0.65,0.8,0.1 342.398
0.65,0.8,0.15 352.507
0.65,0.8,0.2 103.642
0.65,0.8,0.25 6.80948
0.65,0.8,0.3 0.365137
0.65,0.85,0 1.7205e-10
0.65,0.85,0.05 77.8794
0.65,0.85,0.1 313.274
0.65,0.85,0.15 88.3391
0.65,0.85,0.2 3.69274
0.65,0.85,0.25 0.00404484
0.65,0.9,0 1.99767e-11
0.65,0.9,0.05 18.789
0.65,0.9,0.1 75.1345
0.65,0.9,0.15 18.7783
0.65,0.95,0 1.57188e-16
0.65,0.95,0.05 0.000184117
0.65,0.95,0.1 0.000736258
0.65,0.95,0.15 0.000184012
0.7,0.1,0.1 0.0640613
0.7,0.1,0.15 2.62328
0.7,0.1,0.2 3.48667
0.7,0.1,0.25 0.241134
0.7,0.15,0 6.83942e-13
0.7,0.15,0.05 0.0262892
0.7,0.15,0.1 22.5523
0.7,0.15,0.15 119.454
0.7,0.15,0.2 61.9412
0.7,0.15,0.25 2.74843
0.7,0.15,0.3 0.27441
0.7,0.15,0.35 0.0492245
0.7,0.2,0 2.15096e-11
0.7,0.2,0.05 0.827464
0.7,0.2,0.1 121.446
0.7,0.2,0.15 496.378
0.7,0.2,0.2 145.197
0.7,0.2,0.25 4.34134
0.7,0.2,0.3 7.78576
0.7,0.2,0.35 1.39663
0.7,0.25,0 2.53144e-11
0.7,0.25,0.05 1.01562
0.7,0.25,0.1 148.07
0.7,0.25,0.15 536.795
0.7,0.25,0.2 142.564
0.7,0.25,0.25 15.0856
0.7,0.25,0.3 9.02446
0.7,0.25,0.35 1.56811
0.7,0.25,0.4 2.93434e-05
0.7,0.3,0 9.99657e-12
0.7,0.3,0.05 0.49801
0.7,0.3,0.1 51.8077
0.7,0.3,0.15 170.661
0.7,0.3,0.2 101.404
0.7,0.3,0.25 42.8243
0.7,0.3,0.3 1.60405
0.7,0.3,0.35 0.116273
0.7,0.3,0.4 0.000152207
0.7,0.35,0 7.3152e-10
0.7,0.35,0.05 45.5523
0.7,0.35,0.1 216.287
0.7,0.35,0.15 137.668
0.7,0.35,0.2 46.5488
0.7,0.35,0.25 9.76076
0.7,0.35,0.3 0.258986
0.7,0.35,0.35 0.0109683
0.7,0.35,0.4 4.92e-05
0.7,0.4,0 1.28205e-09
0.7,0.4,0.05 149.007
0.7,0.4,0.1 650.116
0.7,0.4,0.15 281.806
0.7,0.4,0.2 50.0293
0.7,0.4,0.25 0.54437
0.7,0.4,0.3 0.00620973
0.7,0.4,0.35 5.5029e-06
0.7,0.4,0.4 2.46842e-08
0.7,0.45,0 2.82161e-10
0.7,0.45,0.05 97.7631
0.7,0.45,0.1 455.905
0.7,0.45,0.15 335.519
0.7,0.45,0.2 99.571
0.7,0.45,0.25 19.024
0.7,0.45,0.3 0.765222
0.7,0.5,0 4.13001e-10
0.7,0.5,0.05 103.577
0.7,0.5,0.1 465.438
0.7,0.5,0.15 434.945
0.7,0.5,0.2 368.147
0.7,0.5,0.25 110.739
0.7,0.5,0.3 2.87399
0.7,0.55,0 1.09361e-10
0.7,0.55,0.05 86.7903
0.7,0.55,0.1 370.832
0.7,0.55,0.15 412.355
0.7,0.55,0.2 607.657
0.7,0.55,0.25 162.166
0.7,0.55,0.3 2.56467
0.7,0.6,0 3.93614e-11
0.7,0.6,0.05 68.8859
0.7,0.6,0.1 277.204
0.7,0.6,0.15 254.789
0.7,0.6,0.2 481.315
0.7,0.6,0.25 87.8807
0.7,0.6,0.3 0.256759
0.7,0.65,0 1.6194e-12
0.7,0.65,0.05 2.83408
0.7,0.65,0.1 13.9735
0.7,0.65,0.15 115.285
0.7,0.65,0.2 398.125
0.7,0.65,0.25 104.64
0.7,0.65,0.3 0.437612
0.7,0.7,0 3.08274e-14
0.7,0.7,0.05 0.00239233
0.7,0.7,0.1 13.6088
0.7,0.7,0.15 116.898
0.7,0.7,0.2 318.628
0.7,0.7,0.25 185.267
0.7,0.7,0.3 7.7105
0.7,0.75,0 6.0956e-12
0.7,0.75,0.05 0.473042
0.7,0.75,0.1 24.3356
0.7,0.75,0.15 129.608
0.7,0.75,0.2 157.673
0.7,0.75,0.25 129.506
0.7,0.75,0.3 7.03809
0.7,0.8,0 2.01839e-09
0.7,0.8,0.05 11.2981
0.7,0.8,0.1 62.3634
0.7,0.8,0.15 108.971
0.7,0.8,0.2 38.4387
0.7,0.8,0.25 4.78075
0.7,0.8,0.3 0.258398
0.7,0.85,0 8.01202e-09
0.7,0.85,0.05 41.2806
0.7,0.85,0.1 165.497
0.7,0.85,0.15 44.832
0.7,0.85,0.2 1.29651
0.7,0.85,0.25 0.00142013
0.7,0.9,0 2.00013e-09
0.7,0.9,0.05 10.3149
0.7,0.9,0.1 41.1903
0.7,0.9,0.15 10.2803
0.7,0.95,0 5.43256e-18
0.7,0.95,0.05 6.36324e-06
0.7,0.95,0.1 2.54457e-05
0.7,0.95,0.15 6.35962e-06
0.75,0.15,0.05 9.41792e-14
0.75,0.15,0.1 12.2968
0.75,0.15,0.15 51.219
0.75,0.15,0.2 13.3335
0.75,0.15,0.25 3.14527e-05
0.75,0.2,0.05 7.58125e-05
0.75,0.2,0.1 56.4184
0.75,0.2,0.15 232.461
0.75,0.2,0.2 59.9256
0.75,0.2,0.25 0.000129775
0.75,0.25,0.05 0.000302273
0.75,0.25,0.1 35.7354
0.75,0.25,0.15 138.739
0.75,0.25,0.2 33.7664
0.75,0.25,0.25 3.34661e-05
0.75,0.3,0 1.72566e-11
0.75,0.3,0.05 0.57642
0.75,0.3,0.1 8.17265
0.75,0.3,0.15 23.6576
0.75,0.3,0.2 6.01445
0.75,0.3,0.25 0.0113037
0.75,0.35,0 1.47724e-09
0.75,0.35,0.05 54.7369
0.75,0.35,0.1 240.876
0.75,0.35,0.15 245.532
0.75,0.35,0.2 103.227
0.75,0.35,0.25 1.02772
0.75,0.4,0 2.58814e-09
0.75,0.4,0.05 111.696
0.75,0.4,0.1 499.458
0.75,0.4,0.15 487.952
0.75,0.4,0.2 192.195
0.75,0.4,0.25 1.83512
0.75,0.45,0 2.7987e-10
0.75,0.45,0.05 20.3136
0.75,0.45,0.1 173.173
0.75,0.45,0.15 411.367
0.75,0.45,0.2 162.279
0.75,0.45,0.25 10.3678
0.75,0.45,0.3 5.10107e-05
0.75,0.5,0 4.9783e-11
0.75,0.5,0.05 12.1729
0.75,0.5,0.1 133.951
0.75,0.5,0.15 580.824
0.75,0.5,0.2 512.731
0.75,0.5,0.25 60.1362
0.75,0.5,0.3 0.00385211
0.75,0.55,0 1.50571e-11
0.75,0.55,0.05 20.6684
0.75,0.55,0.1 125.387
0.75,0.55,0.15 383.17
0.75,0.55,0.2 336.816
0.75,0.55,0.25 37.6359
0.75,0.55,0.3 0.00647671
0.75,0.6,0 6.74582e-12
0.75,0.6,0.05 28.567
0.75,0.6,0.1 116.545
0.75,0.6,0.15 79.3449
0.75,0.6,0.2 107.064
0.75,0.6,0.25 17.7638
0.75,0.6,0.3 0.000620981
0.75,0.65,0 4.06947e-13
0.75,0.65,0.05 11.6588
0.75,0.65,0.1 46.6339
0.75,0.65,0.15 23.6079
0.75,0.65,0.2 46.5994
0.75,0.65,0.25 11.5902
0.75,0.65,0.3 0.00829043
0.75,0.7,0 6.07228e-15
0.75,0.7,0.05 0.506462
0.75,0.7,0.1 2.02672
0.75,0.7,0.15 5.54
0.75,0.7,0.2 22.7008
0.75,0.7,0.25 8.08975
0.75,0.7,0.3 0.162799
0.75,0.75,0 2.65197e-11
0.75,0.75,0.05 0.114227
0.75,0.75,0.1 0.476315
0.75,0.75,0.15 0.34008
0.75,0.75,0.2 2.55786
0.75,0.75,0.25 2.76093
0.75,0.75,0.3 0.148684
0.75,0.8,0 6.47176e-09
0.75,0.8,0.05 30.6451
0.75,0.8,0.1 122.38
0.75,0.8,0.15 30.645
0.75,0.8,0.2 0.125201
0.75,0.8,0.25 0.100244
0.75,0.8,0.3 0.00545882
0.75,0.85,0 2.26947e-08
0.75,0.85,0.05 108.816
0.75,0.85,0.1 434.491
0.75,0.85,0.15 108.434
0.75,0.85,0.2 0.00141219
0.75,0.85,0.25 1.54684e-06
0.75,0.9,0 5.3693e-09
0.75,0.9,0.05 25.8896
0.75,0.9,0.1 103.375
0.75,0.9,0.15 25.7978
0.8,0.05,0 1.96048e-11
0.8,0.05,0.05 1.15495
0.8,0.05,0.1 4.61623
0.8,0.05,0.15 1.15317
0.8,0.1,0 2.31151e-10
0.8,0.1,0.05 13.6174
0.8,0.1,0.1 54.4276
0.8,0.1,0.15 13.5964
0.8,0.15,0 1.50684e-10
0.8,0.15,0.05 8.87703
0.8,0.15,0.1 35.6203
0.8,0.15,0.15 9.44464
0.8,0.15,0.2 0.151325
0.8,0.15,0.25 3.56962e-07
0.8,0.2,0 2.58221e-12
0.8,0.2,0.05 0.152121
0.8,0.2,0.1 1.18384
0.8,0.2,0.15 2.55034
0.8,0.2,0.2 0.624374
0.8,0.2,0.25 1.47284e-06
0.8,0.25,0.1 0.148492
0.8,0.25,0.15 0.618506
0.8,0.25,0.2 0.161012
0.8,0.25,0.25 3.79813e-07
0.8,0.3,0 2.07804e-12
0.8,0.3,0.05 0.0694034
0.8,0.3,0.1 0.336823
0.8,0.3,0.15 0.622138
0.8,0.3,0.2 0.300342
0.8,0.3,0.25 0.00299018
0.8,0.35,0 1.7789e-10
0.8,0.35,0.05 6.10081
0.8,0.35,0.1 29.8362
0.8,0.35,0.15 56.3807
0.8,0.35,0.2 27.3068
0.8,0.35,0.25 0.271865
0.8,0.4,0 3.11676e-10
0.8,0.4,0.05 14.6819
0.8,0.4,0.1 70.382
0.8,0.4,0.15 107.934
0.8,0.4,0.2 49.4372
0.8,0.4,0.25 0.485447
0.8,0.45,0 3.26771e-11
0.8,0.45,0.05 5.94679
0.8,0.45,0.1 33.6062
0.8,0.45,0.15 47.4751
0.8,0.45,0.2 19.5258
0.8,0.45,0.25 1.26173
0.8,0.5,0 2.52906e-12
0.8,0.5,0.05 3.75105
0.8,0.5,0.1 23.1867
0.8,0.5,0.15 62.275
0.8,0.5,0.2 57.9149
0.8,0.5,0.25 7.06293
0.8,0.55,0 1.29552e-11
0.8,0.55,0.05 73.7105
0.8,0.55,0.1 299.333
0.8,0.55,0.15 109.357
0.8,0.55,0.2 27.7035
0.8,0.55,0.25 2.57482
0.8,0.6,0 1.35796e-11
0.8,0.6,0.05 141.422
0.8,0.6,0.1 565.862
0.8,0.6,0.15 142.988
0.8,0.6,0.2 0.704381
0.8,0.6,0.25 0.0133577
0.8,0.65,0 1.51337e-12
0.8,0.65,0.05 76.9784
0.8,0.65,0.1 307.891
0.8,0.65,0.15 76.9682
0.8,0.65,0.2 0.00221463
0.8,0.65,0.25 0.000379015
0.8,0.7,0 2.27173e-13
0.8,0.7,0.05 4.71673
0.8,0.7,0.1 18.8652
0.8,0.7,0.15 4.71587
0.8,0.75,0 2.78316e-10
0.8,0.75,0.05 1.40664
0.8,0.75,0.1 5.61753
0.8,0.75,0.15 1.40214
0.8,0.8,0 1.35993e-08
0.8,0.8,0.05 59.6748
0.8,0.8,0.1 238.267
0.8,0.8,0.15 59.4985
0.8,0.8,0.2 0.0267927
0.8,0.8,0.25 0.000452489
0.8,0.85,0 2.1173e-08
0.8,0.85,0.05 93.7068
0.8,0.85,0.1 374.173
0.8,0.85,0.15 93.6941
0.8,0.85,0.2 0.212865
0.8,0.85,0.25 0.00359498
0.8,0.9,0 2.16719e-09
0.8,0.9,0.05 9.81897
0.8,0.9,0.1 39.2182
0.8,0.9,0.15 9.94009
0.8,0.9,0.2 0.101544
0.8,0.9,0.25 0.00171493
0.8,0.95,0.1 8.25354e-05
0.8,0.95,0.15 0.000965918
0.8,0.95,0.2 0.000626246
0.8,0.95,0.25 1.05764e-05
0.85,0.05,0 1.24806e-10
0.85,0.05,0.05 7.35247
0.85,0.05,0.1 29.3872
0.85,0.05,0.15 7.34114
0.85,0.1,0 1.47152e-09
0.85,0.1,0.05 86.6892
0.85,0.1,0.1 346.489
0.85,0.1,0.15 86.5556
0.85,0.15,0 9.59267e-10
0.85,0.15,0.05 56.5117
0.85,0.15,0.1 225.873
0.85,0.15,0.15 56.4246
0.85,0.2,0 1.64385e-11
0.85,0.2,0.05 0.968414
0.85,0.2,0.1 3.87067
0.85,0.2,0.15 0.966922
0.85,0.3,0.1 3.76078e-07
0.85,0.3,0.15 3.49633e-06
0.85,0.3,0.2 1.89937e-06
0.85,0.3,0.25 1.891e-08
0.85,0.35,0.05 2.08708
0.85,0.35,0.1 8.97974
0.85,0.35,0.15 2.41485
0.85,0.35,0.2 0.000204908
0.85,0.35,0.25 1.71928e-06
0.85,0.4,0 1.61239e-12
0.85,0.4,0.05 56.2101
0.85,0.4,0.1 241.736
0.85,0.4,0.15 64.9731
0.85,0.4,0.2 0.00117052
0.85,0.4,0.25 3.06999e-06
0.85,0.45,0 1.20671e-10
0.85,0.45,0.05 87.5073
0.85,0.45,0.1 368.307
0.85,0.45,0.15 96.9876
0.85,0.45,0.2 0.000967295
0.85,0.45,0.25 3.17856e-07
0.85,0.5,0 2.02525e-10
0.85,0.5,0.05 49.5458
0.85,0.5,0.1 199.012
0.85,0.5,0.15 49.9773
0.85,0.5,0.2 4.68904e-05
0.85,0.55,0 2.50876e-11
0.85,0.55,0.05 37.5337
0.85,0.55,0.1 150.104
0.85,0.55,0.15 37.5184
0.85,0.6,0 6.1264e-12
0.85,0.6,0.05 61.2836
0.85,0.6,0.1 245.105
0.85,0.6,0.15 61.2689
0.85,0.65,0 4.26584e-12
0.85,0.65,0.05 57.2783
0.85,0.65,0.1 229.088
0.85,0.65,0.15 57.2658
0.85,0.7,0 8.47068e-12
0.85,0.7,0.05 60.7193
0.85,0.7,0.1 242.84
0.85,0.7,0.15 60.7005
0.85,0.75,0 1.79695e-10
0.85,0.75,0.05 10.525
0.85,0.75,0.1 42.0858
0.85,0.75,0.15 10.5179
0.85,0.8,0 7.95205e-09
0.85,0.8,0.05 72.5733
0.85,0.8,0.1 291.337
0.85,0.8,0.15 88.5969
0.85,0.8,0.2 10.4988
0.85,0.8,0.25 0.177309
0.85,0.85,0 1.09868e-08
0.85,0.85,0.05 89.5657
0.85,0.85,0.1 368.811
0.85,0.85,0.15 217.997
0.85,0.85,0.2 83.4118
0.85,0.85,0.25 1.4087
0.85,0.9,0 8.06315e-10
0.85,0.9,0.05 5.64828
0.85,0.9,0.1 27.8067
0.85,0.9,0.15 67.0056
0.85,0.9,0.2 39.7905
0.85,0.9,0.25 0.672002
0.85,0.95,0.1 0.0323418
0.85,0.95,0.15 0.378498
0.85,0.95,0.2 0.245396
0.85,0.95,0.25 0.00414438
0.9,0.05,0 4.89436e-11
0.9,0.05,0.05 2.88334
0.9,0.05,0.1 11.5245
0.9,0.05,0.15 2.87889
0.9,0.1,0 5.77069e-10
0.9,0.1,0.05 33.9959
0.9,0.1,0.1 135.879
0.9,0.1,0.15 33.9435
0.9,0.15,0 3.76185e-10
0.9,0.15,0.05 22.1616
0.9,0.15,0.1 88.578
0.9,0.15,0.15 22.1274
0.9,0.2,0 6.4465e-12
0.9,0.2,0.05 0.379772
0.9,0.2,0.1 1.51792
0.9,0.2,0.15 0.379187
0.9,0.35,0.05 1.46576
0.9,0.35,0.1 6.30648
0.9,0.35,0.15 1.69574
0.9,0.35,0.2 2.26269e-05
0.9,0.4,0 2.98509e-12
0.9,0.4,0.05 39.8898
0.9,0.4,0.1 171.424
0.9,0.4,0.15 46.0432
0.9,0.4,0.2 0.000605498
0.9,0.45,0 2.23404e-10
0.9,0.45,0.05 92.3825
0.9,0.45,0.1 382.305
0.9,0.45,0.15 99.0099
0.9,0.45,0.2 0.000656913
0.9,0.5,0 3.74482e-10
0.9,0.5,0.05 85.6639
0.9,0.5,0.1 343.136
0.9,0.5,0.15 85.9159
0.9,0.5,0.2 3.29313e-05
0.9,0.55,0 3.57798e-11
0.9,0.55,0.05 8.13557
0.9,0.55,0.1 32.5264
0.9,0.55,0.15 8.12763
0.9,0.6,0 4.9626e-14
0.9,0.6,0.05 0.390584
0.9,0.6,0.1 1.56212
0.9,0.6,0.15 0.390474
0.9,0.65,0 5.07433e-12
0.9,0.65,0.05 35.6869
0.9,0.65,0.1 142.725
0.9,0.65,0.15 35.6757
0.9,0.7,0 1.17393e-11
0.9,0.7,0.05 82.3675
0.9,0.7,0.1 329.418
0.9,0.7,0.15 82.3416
0.9,0.75,0 2.30819e-11
0.9,0.75,0.05 13.8493
0.9,0.75,0.1 55.3843
0.9,0.75,0.15 13.8429
0.9,0.8,0 6.31785e-10
0.9,0.8,0.05 61.7132
0.9,0.8,0.1 250.179
0.9,0.8,0.15 102.362
0.9,0.8,0.2 26.4046
0.9,0.8,0.25 0.445936
0.9,0.85,0 7.26178e-10
0.9,0.85,0.05 68.1559
0.9,0.85,0.1 300.101
0.9,0.85,0.15 391.637
0.9,0.85,0.2 209.782
0.9,0.85,0.25 3.54291
0.9,0.9,0 4.0616e-11
0.9,0.9,0.05 3.52351
0.9,0.9,0.1 27.2743
0.9,0.9,0.15 157.872
0.9,0.9,0.2 100.074
0.9,0.9,0.25 1.6901
0.9,0.95,0.1 0.0813401
0.9,0.95,0.15 0.951928
0.9,0.95,0.2 0.617176
0.9,0.95,0.25 0.0104232
0.95,0.05,0 1.15116e-13
0.95,0.05,0.05 0.00678165
0.95,0.05,0.1 0.0271057
0.95,0.05,0.15 0.0067712
0.95,0.1,0 1.35728e-12
0.95,0.1,0.05 0.079959
0.95,0.1,0.1 0.319589
0.95,0.1,0.15 0.0798357
0.95,0.15,0 8.84793e-13
0.95,0.15,0.05 0.0521244
0.95,0.15,0.1 0.208337
0.95,0.15,0.15 0.052044
0.95,0.2,0 1.51623e-14
0.95,0.2,0.05 0.000893231
0.95,0.2,0.1 0.00357017
0.95,0.2,0.15 0.000891854
0.95,0.35,0.05 0.030393
0.95,0.35,0.1 0.130767
0.95,0.35,0.15 0.0351616
0.95,0.35,0.2 4.69175e-07
0.95,0.4,0 3.23381e-13
0.95,0.4,0.05 0.885448
0.95,0.4,0.1 3.7877
0.95,0.4,0.15 1.01298
0.95,0.4,0.2 1.25552e-05
0.95,0.45,0 2.42019e-11
0.95,0.45,0.05 6.28033
0.95,0.45,0.1 25.3776
0.95,0.45,0.15 6.41344
0.95,0.45,0.2 1.36213e-05
0.95,0.5,0 4.05683e-11
0.95,0.5,0.05 9.09253
0.95,0.5,0.1 36.3656
0.95,0.5,0.15 9.09052
0.95,0.5,0.2 6.82841e-07
0.95,0.55,0 3.87302e-12
0.95,0.55,0.05 0.863833
0.95,0.55,0.1 3.45362
0.95,0.55,0.15 0.862979
0.95,0.6,0 1.48447e-15
0.95,0.6,0.05 0.0104151
0.95,0.6,0.1 0.041654
0.95,0.6,0.15 0.0104119
0.95,0.65,0 3.7401e-13
0.95,0.65,0.05 2.62407
0.95,0.65,0.1 10.4946
0.95,0.65,0.15 2.62325
0.95,0.7,0 8.6566e-13
0.95,0.7,0.05 6.07352
0.95,0.7,0.1 24.2903
0.95,0.7,0.15 6.07161
0.95,0.75,0 1.75853e-12
0.95,0.75,0.05 1.04604
0.95,0.75,0.1 4.18317
0.95,0.75,0.15 1.04554
0.95,0.8,0 4.51572e-11
0.95,0.8,0.05 5.22184
0.95,0.8,0.1 21.413
0.95,0.8,0.15 11.517
0.95,0.8,0.2 4.08557
0.95,0.8,0.25 0.0689992
0.95,0.85,0 4.97777e-11
0.95,0.85,0.05 5.75614
0.95,0.85,0.1 27.2884
0.95,0.85,0.15 55.8143
0.95,0.85,0.2 32.4594
0.95,0.85,0.25 0.548192
0.95,0.9,0 2.56326e-12
0.95,0.9,0.05 0.296408
0.95,0.9,0.1 3.22564
0.95,0.9,0.15 24.179
0.95,0.9,0.2 15.4843
0.95,0.9,0.25 0.261507
0.95,0.95,0.1 0.0125857
0.95,0.95,0.15 0.147291
0.95,0.95,0.2 0.0954951
0.95,0.95,0.25 0.00161277
