0,0.4,0.15 1.43118e-14
0,0.4,0.2 6.1158e-14
0,0.4,0.25 1.6333e-14
0,0.4,0.3 1.63379e-19
0,0.45,0.15 1.35392e-11
0,0.45,0.2 5.78566e-11
0,0.45,0.25 1.54514e-11
0,0.45,0.3 1.5456e-16
0,0.5,0.15 3.87047e-11
0,0.5,0.2 1.65395e-10
0,0.5,0.25 4.41709e-11
0,0.5,0.3 4.4184e-16
0,0.55,0.15 6.87179e-12
0,0.55,0.2 2.93649e-11
0,0.55,0.25 7.84229e-12
0,0.55,0.3 7.84462e-17
0,0.65,0.15 4.31381e-14
0,0.65,0.2 5.93819e-13
0,0.65,0.25 4.32066e-13
0,0.65,0.3 9.75849e-15
0,0.7,0.15 5.30933e-13
0,0.7,0.2 7.30859e-12
0,0.7,0.25 5.31777e-12
0,0.7,0.3 1.20105e-13
0,0.75,0.15 3.57062e-13
0,0.75,0.2 4.91516e-12
0,0.75,0.25 3.5763e-12
0,0.75,0.3 8.07729e-14
0,0.8,0.15 6.639e-15
0,0.8,0.2 9.13895e-14
0,0.8,0.25 6.64955e-14
0,0.8,0.3 1.50184e-15
0.05,0.1,0.1 1.22499
0.05,0.1,0.15 13.8838
0.05,0.1,0.2 8.79078
0.05,0.1,0.25 0.139211
0.05,0.15,0 1.83915e-16
0.05,0.15,0.05 0.000317428
0.05,0.15,0.1 6.2023
0.05,0.15,0.15 71.1261
0.05,0.15,0.2 48.7092
0.05,0.15,0.25 2.01382
0.05,0.15,0.3 0.00309532
0.05,0.15,0.35 0.0128182
0.05,0.15,0.4 0.00382823
0.05,0.15,0.45 6.78288e-07
0.05,0.2,0 6.19752e-15
0.05,0.2,0.05 0.0318688
0.05,0.2,0.1 2.08502
0.05,0.2,0.15 26.6237
0.05,0.2,0.2 35.9975
0.05,0.2,0.25 12.6148
0.05,0.2,0.3 11.5184
0.05,0.2,0.35 7.22552
0.05,0.2,0.4 1.83187
0.05,0.2,0.45 0.000324571
0.05,0.25,0 5.6899e-14
0.05,0.25,0.05 0.366601
0.05,0.25,0.1 1.46779
0.05,0.25,0.15 2.81583
0.05,0.25,0.2 10.3575
0.05,0.25,0.25 32.1392
0.05,0.25,0.3 57.1005
0.05,0.25,0.35 21.6806
0.05,0.25,0.4 4.76192
0.05,0.25,0.45 0.00084372
0.05,0.3,0 3.84023e-14
0.05,0.3,0.05 0.250637
0.05,0.3,0.1 1.0034
0.05,0.3,0.15 1.44133
0.05,0.3,0.2 3.59086
0.05,0.3,0.25 10.2592
0.05,0.3,0.3 18.1303
0.05,0.3,0.35 4.43472
0.05,0.3,0.4 0.763822
0.05,0.3,0.45 0.000135334
0.05,0.35,0 2.9298e-10
0.05,0.35,0.05 1.34787
0.05,0.35,0.1 5.38185
0.05,0.35,0.15 1.40922
0.05,0.35,0.2 0.19413
0.05,0.35,0.25 0.0408915
0.05,0.35,0.3 0.0100669
0.05,0.35,0.35 0.00107399
0.05,0.4,0 1.17859e-09
0.05,0.4,0.05 5.4024
0.05,0.4,0.1 21.5716
0.05,0.4,0.15 5.48655
0.05,0.4,0.2 0.489258
0.05,0.4,0.25 0.175534
0.05,0.4,0.3 0.00037337
0.05,0.4,0.35 2.06618e-07
0.05,0.4,0.4 5.28316e-07
0.05,0.4,0.45 8.32373e-08
0.05,0.45,0 2.96324e-10
0.05,0.45,0.05 1.3715
0.05,0.45,0.1 5.61901
0.05,0.45,0.15 14.1323
0.05,0.45,0.2 60.0102
0.05,0.45,0.25 19.3647
0.05,0.45,0.3 0.904169
0.05,0.45,0.35 0.0758923
0.05,0.45,0.4 0.00050683
0.05,0.45,0.45 7.98522e-05
0.05,0.5,0 1.9949e-18
0.05,0.5,0.05 0.254625
0.05,0.5,0.1 3.41005
0.05,0.5,0.15 32.4978
0.05,0.5,0.2 138.849
0.05,0.5,0.25 50.9453
0.05,0.5,0.3 14.4374
0.05,0.5,0.35 2.50046
0.05,0.5,0.4 0.226453
0.05,0.5,0.45 0.000228661
0.05,0.55,0.05 0.229905
0.05,0.55,0.1 3.06364
0.05,0.55,0.15 6.91849
0.05,0.55,0.2 23.1106
0.05,0.55,0.25 54.847
0.05,0.55,0.3 59.4445
0.05,0.55,0.35 13.9872
0.05,0.55,0.4 2.0338
0.05,0.55,0.45 0.00590892
0.05,0.6,0.05 0.0082553
0.05,0.6,0.1 0.109985
0.05,0.6,0.15 0.0782464
0.05,0.6,0.2 1.59265
0.05,0.6,0.25 39.054
0.05,0.6,0.3 45.3068
0.05,0.6,0.35 16.9172
0.05,0.6,0.4 7.07134
0.05,0.6,0.45 0.096534
0.05,0.65,0.15 0.431787
0.05,0.65,0.2 5.99761
0.05,0.65,0.25 5.68733
0.05,0.65,0.3 2.34602
0.05,0.65,0.35 8.41095
0.05,0.65,0.4 5.19333
0.05,0.65,0.45 0.0790451
0.05,0.7,0.15 5.31433
0.05,0.7,0.2 73.1546
0.05,0.7,0.25 53.2277
0.05,0.7,0.3 1.22418
0.05,0.7,0.35 0.244678
0.05,0.7,0.4 0.152762
0.05,0.7,0.45 0.00232661
0.05,0.75,0.15 3.57398
0.05,0.75,0.2 49.1978
0.05,0.75,0.25 35.7966
0.05,0.75,0.3 0.808489
0.05,0.8,0.15 0.0664524
0.05,0.8,0.2 0.914754
0.05,0.8,0.25 0.66558
0.05,0.8,0.3 0.0150325
0.1,0,0.1 2.01027e-19
0.1,0,0.15 6.84176e-17
0.1,0,0.2 1.67834e-16
0.1,0,0.25 2.52659e-17
0.1,0.05,0.1 2.64753e-06
0.1,0.05,0.15 0.000901064
0.1,0.05,0.2 0.0216892
0.1,0.05,0.25 1.13044
0.1,0.05,0.3 1.72981
0.1,0.05,0.35 0.146276
0.1,0.1,0.1 6.19061
0.1,0.1,0.15 70.2104
0.1,0.1,0.2 44.9066
0.1,0.1,0.25 6.24757
0.1,0.1,0.3 8.20384
0.1,0.1,0.35 0.710551
0.1,0.1,0.4 0.000690812
0.1,0.15,0 1.61724e-12
0.1,0.15,0.05 2.79127
0.1,0.15,0.1 42.4998
0.1,0.15,0.15 371.12
0.1,0.15,0.2 292.214
0.1,0.15,0.25 27.4506
0.1,0.15,0.3 7.88306
0.1,0.15,0.35 5.35323
0.1,0.15,0.4 0.254491
0.1,0.15,0.45 1.29622e-05
0.1,0.2,0 1.6235e-11
0.1,0.2,0.05 30.4585
0.1,0.2,0.1 131.699
0.1,0.2,0.15 210.865
0.1,0.2,0.2 415.982
0.1,0.2,0.25 155.256
0.1,0.2,0.3 106.473
0.1,0.2,0.35 135.947
0.1,0.2,0.4 35.4307
0.1,0.2,0.45 0.00620264
0.1,0.25,0 1.52925e-11
0.1,0.25,0.05 57.363
0.1,0.25,0.1 229.459
0.1,0.25,0.15 132.599
0.1,0.25,0.2 273.222
0.1,0.25,0.25 270.041
0.1,0.25,0.3 425.964
0.1,0.25,0.35 344.595
0.1,0.25,0.4 91.0619
0.1,0.25,0.45 0.0161237
0.1,0.3,0 4.52776e-12
0.1,0.3,0.05 29.4396
0.1,0.3,0.1 117.792
0.1,0.3,0.15 91.4857
0.1,0.3,0.2 182.905
0.1,0.3,0.25 98.1378
0.1,0.3,0.3 127.834
0.1,0.3,0.35 61.3943
0.1,0.3,0.4 14.5968
0.1,0.3,0.45 0.00258628
0.1,0.35,0 4.53774e-09
0.1,0.35,0.05 21.5211
0.1,0.35,0.1 85.9367
0.1,0.35,0.15 24.8963
0.1,0.35,0.2 10.1176
0.1,0.35,0.25 1.88142
0.1,0.35,0.3 0.0671114
0.1,0.35,0.35 0.00715977
0.1,0.4,0 1.82539e-08
0.1,0.4,0.05 83.6724
0.1,0.4,0.1 334.363
0.1,0.4,0.15 90.316
0.1,0.4,0.2 10.3562
0.1,0.4,0.25 1.81508
0.1,0.4,0.3 0.00563922
0.1,0.4,0.35 0.0151779
0.1,0.4,0.4 0.0388094
0.1,0.4,0.45 0.0061145
0.1,0.45,0 4.58965e-09
0.1,0.45,0.05 22.828
0.1,0.45,0.1 100.825
0.1,0.45,0.15 197.623
0.1,0.45,0.2 464.88
0.1,0.45,0.25 139.25
0.1,0.45,0.3 18.1208
0.1,0.45,0.35 16.0658
0.1,0.45,0.4 37.2326
0.1,0.45,0.45 5.86619
0.1,0.5,0 1.00188e-12
0.1,0.5,0.05 17.822
0.1,0.5,0.1 183.848
0.1,0.5,0.15 367.21
0.1,0.5,0.2 863.227
0.1,0.5,0.25 414.249
0.1,0.5,0.3 263.171
0.1,0.5,0.35 116.95
0.1,0.5,0.4 115.825
0.1,0.5,0.45 16.8035
0.1,0.55,0 3.22651e-13
0.1,0.55,0.05 12.5402
0.1,0.55,0.1 149.084
0.1,0.55,0.15 156.916
0.1,0.55,0.2 215.661
0.1,0.55,0.25 510.058
0.1,0.55,0.3 569.243
0.1,0.55,0.35 393.997
0.1,0.55,0.4 84.1802
0.1,0.55,0.45 3.11517
0.1,0.6,0 1.55456e-16
0.1,0.6,0.05 0.958752
0.1,0.6,0.1 18.4396
0.1,0.6,0.15 21.2953
0.1,0.6,0.2 49.3382
0.1,0.6,0.25 315.902
0.1,0.6,0.3 323.12
0.1,0.6,0.35 364.371
0.1,0.6,0.4 154.878
0.1,0.6,0.45 2.01013
0.1,0.65,0.05 1.81134
0.1,0.65,0.1 41.9405
0.1,0.65,0.15 57.1591
0.1,0.65,0.2 54.9293
0.1,0.65,0.25 49.085
0.1,0.65,0.3 90.6578
0.1,0.65,0.35 189.103
0.1,0.65,0.4 108.149
0.1,0.65,0.45 1.64581
0.1,0.7,0.05 0.353726
0.1,0.7,0.1 8.67919
0.1,0.7,0.15 58.3317
0.1,0.7,0.2 339.106
0.1,0.7,0.25 236.049
0.1,0.7,0.3 72.2517
0.1,0.7,0.35 20.0903
0.1,0.7,0.4 3.18068
0.1,0.7,0.45 0.0484427
0.1,0.75,0.1 0.145422
0.1,0.75,0.15 21.3834
0.1,0.75,0.2 207.279
0.1,0.75,0.25 145.762
0.1,0.75,0.3 7.87994
0.1,0.75,0.35 1.01495
0.1,0.8,0.1 1.46137e-05
0.1,0.8,0.15 0.272488
0.1,0.8,0.2 3.92264
0.1,0.8,0.25 3.02199
0.1,0.8,0.3 0.0860951
0.1,0.85,0.15 0.000132455
0.1,0.85,0.2 0.00580051
0.1,0.85,0.25 0.00793513
0.1,0.85,0.3 0.000572564
0.15,0,0.1 2.5992e-15
0.15,0,0.15 8.84613e-13
0.15,0,0.2 2.17003e-12
0.15,0,0.25 3.26679e-13
0.15,0.05,0 3.77742e-13
0.15,0.05,0.05 0.00767793
0.15,0.05,0.1 0.0649096
0.15,0.05,0.15 11.6581
0.15,0.05,0.2 29.151
0.15,0.05,0.25 37.9154
0.15,0.05,0.3 51.9718
0.15,0.05,0.35 4.48776
0.15,0.1,0 2.55832e-10
0.15,0.1,0.05 5.19999
0.15,0.1,0.1 22.8651
0.15,0.1,0.15 76.5947
0.15,0.1,0.2 154.566
0.15,0.1,0.25 190.089
0.15,0.1,0.3 250.024
0.15,0.1,0.35 22.1408
0.15,0.1,0.4 0.0126374
0.15,0.15,0 7.0896e-10
0.15,0.15,0.05 23.9752
0.15,0.15,0.1 105.791
0.15,0.15,0.15 183.864
0.15,0.15,0.2 359.056
0.15,0.15,0.25 186.099
0.15,0.15,0.3 180.024
0.15,0.15,0.35 102.679
0.15,0.15,0.4 3.73277
0.15,0.15,0.45 1.16466e-05
0.15,0.2,0 2.0535e-10
0.15,0.2,0.05 104.125
0.15,0.2,0.1 419.881
0.15,0.2,0.15 235.282
0.15,0.2,0.2 575.328
0.15,0.2,0.25 416.251
0.15,0.2,0.3 360.201
0.15,0.2,0.35 357.871
0.15,0.2,0.4 41.4481
0.15,0.2,0.45 0.00557308
0.15,0.25,0 6.20458e-11
0.15,0.25,0.05 149.866
0.15,0.25,0.1 599.583
0.15,0.25,0.15 261.423
0.15,0.25,0.2 484.15
0.15,0.25,0.25 517.391
0.15,0.25,0.3 383.097
0.15,0.25,0.35 339.528
0.15,0.25,0.4 83.8403
0.15,0.25,0.45 0.0144872
0.15,0.3,0 1.0722e-11
0.15,0.3,0.05 110.099
0.15,0.3,0.1 440.419
0.15,0.3,0.15 202.713
0.15,0.3,0.2 281.667
0.15,0.3,0.25 124.509
0.15,0.3,0.3 84.8704
0.15,0.3,0.35 50.0124
0.15,0.3,0.4 13.134
0.15,0.3,0.45 0.00232377
0.15,0.35,0 3.57402e-09
0.15,0.35,0.05 36.0898
0.15,0.35,0.1 144.254
0.15,0.35,0.15 41.2335
0.15,0.35,0.2 15.1841
0.15,0.35,0.25 2.80904
0.15,0.35,0.3 0.027451
0.15,0.35,0.35 0.00292813
0.15,0.4,0 1.43752e-08
0.15,0.4,0.05 66.2086
0.15,0.4,0.1 270.473
0.15,0.4,0.15 128.256
0.15,0.4,0.2 45.4486
0.15,0.4,0.25 2.72366
0.15,0.4,0.3 0.101736
0.15,0.4,0.35 0.0597817
0.15,0.4,0.4 0.144507
0.15,0.4,0.45 0.0227286
0.15,0.45,0 3.61696e-09
0.15,0.45,0.05 33.8819
0.15,0.45,0.1 173.76
0.15,0.45,0.15 529.967
0.15,0.45,0.2 597.087
0.15,0.45,0.25 191.671
0.15,0.45,0.3 53.0629
0.15,0.45,0.35 79.0062
0.15,0.45,0.4 145.545
0.15,0.45,0.45 23.0727
0.15,0.5,0 1.39311e-11
0.15,0.5,0.05 101.374
0.15,0.5,0.1 572.308
0.15,0.5,0.15 662.067
0.15,0.5,0.2 838.274
0.15,0.5,0.25 563.431
0.15,0.5,0.3 433.495
0.15,0.5,0.35 413.962
0.15,0.5,0.4 523.405
0.15,0.5,0.45 84.9071
0.15,0.55,0 4.48659e-12
0.15,0.55,0.05 42.1624
0.15,0.55,0.1 308.972
0.15,0.55,0.15 363.275
0.15,0.55,0.2 498.711
0.15,0.55,0.25 703.037
0.15,0.55,0.3 835.008
0.15,0.55,0.35 817.885
0.15,0.55,0.4 282.377
0.15,0.55,0.45 30.531
0.15,0.6,0 2.51649e-10
0.15,0.6,0.05 8.69924
0.15,0.6,0.1 116.532
0.15,0.6,0.15 135.768
0.15,0.6,0.2 151.611
0.15,0.6,0.25 413.075
0.15,0.6,0.3 406.807
0.15,0.6,0.35 466.595
0.15,0.6,0.4 167.95
0.15,0.6,0.45 2.56303
0.15,0.65,0 1.34118e-09
0.15,0.65,0.05 34.6716
0.15,0.65,0.1 379.451
0.15,0.65,0.15 490.592
0.15,0.65,0.2 394.375
0.15,0.65,0.25 226.28
0.15,0.65,0.3 587.534
0.15,0.65,0.35 297.4
0.15,0.65,0.4 102.318
0.15,0.65,0.45 1.55762
0.15,0.7,0 4.45021e-10
0.15,0.7,0.05 9.82594
0.15,0.7,0.1 104.537
0.15,0.7,0.15 405.429
0.15,0.7,0.2 578.859
0.15,0.7,0.25 286.222
0.15,0.7,0.3 560.538
0.15,0.7,0.35 129.422
0.15,0.7,0.4 3.02897
0.15,0.7,0.45 0.0457833
0.15,0.75,0 2.92762e-13
0.15,0.75,0.05 0.00594684
0.15,0.75,0.1 7.40962
0.15,0.75,0.15 112.769
0.15,0.75,0.2 260.912
0.15,0.75,0.25 210.29
0.15,0.75,0.3 99.5414
0.15,0.75,0.35 13.7198
0.15,0.75,0.4 0.000101037
0.15,0.8,0.1 1.9852
0.15,0.8,0.15 22.4142
0.15,0.8,0.2 80.285
0.15,0.8,0.25 105.48
0.15,0.8,0.3 40.7408
0.15,0.8,0.35 3.98222
0.15,0.85,0.1 0.0337362
0.15,0.85,0.15 0.37495
0.15,0.85,0.2 1.61161
0.15,0.85,0.25 2.24571
0.15,0.85,0.3 0.817488
0.15,0.85,0.35 0.0785776
0.2,0,0.1 1.21643e-14
0.2,0,0.15 3.22306e-12
0.2,0,0.2 7.76518e-12
0.2,0,0.25 1.15536e-12
0.2,0.05,0 2.59192e-12
0.2,0.05,0.05 0.0526829
0.2,0.05,0.1 0.335276
0.2,0.05,0.15 41.0538
0.2,0.05,0.2 101.251
0.2,0.05,0.25 66.9791
0.2,0.05,0.3 92.6733
0.2,0.05,0.35 10.2606
0.2,0.1,0 1.75541e-09
0.2,0.1,0.05 35.6802
0.2,0.1,0.1 143.191
0.2,0.1,0.15 210.706
0.2,0.1,0.2 487.257
0.2,0.1,0.25 404.088
0.2,0.1,0.3 538.03
0.2,0.1,0.35 63.7643
0.2,0.1,0.4 0.0110647
0.2,0.15,0 4.92556e-09
0.2,0.15,0.05 105.561
0.2,0.15,0.1 422.976
0.2,0.15,0.15 241.273
0.2,0.15,0.2 580.954
0.2,0.15,0.25 382.342
0.2,0.15,0.3 332.749
0.2,0.15,0.35 151.466
0.2,0.15,0.4 5.74043
0.2,0.15,0.45 4.14211e-07
0.2,0.2,0 2.02103e-09
0.2,0.2,0.05 101.198
0.2,0.2,0.1 407.433
0.2,0.2,0.15 334.961
0.2,0.2,0.2 656.66
0.2,0.2,0.25 418.367
0.2,0.2,0.3 610.136
0.2,0.2,0.35 554.391
0.2,0.2,0.4 27.6255
0.2,0.2,0.45 0.000198206
0.2,0.25,0 7.042e-10
0.2,0.25,0.05 146.539
0.2,0.25,0.1 587.381
0.2,0.25,0.15 330.365
0.2,0.25,0.2 593.316
0.2,0.25,0.25 583.902
0.2,0.25,0.3 536.585
0.2,0.25,0.35 314.196
0.2,0.25,0.4 15.9021
0.2,0.25,0.45 0.000515236
0.2,0.3,0 1.80979e-11
0.2,0.3,0.05 157.958
0.2,0.3,0.1 632.113
0.2,0.3,0.15 255.209
0.2,0.3,0.2 332.47
0.2,0.3,0.25 155.304
0.2,0.3,0.3 75.6958
0.2,0.3,0.35 26.5422
0.2,0.3,0.4 1.38143
0.2,0.3,0.45 8.26449e-05
0.2,0.35,0 9.75682e-11
0.2,0.35,0.05 72.5185
0.2,0.35,0.1 291.33
0.2,0.35,0.15 79.9904
0.2,0.35,0.2 15.8898
0.2,0.35,0.25 3.64537
0.2,0.35,0.3 0.173006
0.2,0.35,0.35 0.317263
0.2,0.35,0.4 0.0345077
0.2,0.4,0 4.11701e-10
0.2,0.4,0.05 44.2906
0.2,0.4,0.1 214.898
0.2,0.4,0.15 242.649
0.2,0.4,0.2 77.5313
0.2,0.4,0.25 4.02537
0.2,0.4,0.3 0.308521
0.2,0.4,0.35 0.0289926
0.2,0.4,0.4 0.0346728
0.2,0.4,0.45 0.00527998
0.2,0.45,0 2.51684e-10
0.2,0.45,0.05 45.3892
0.2,0.45,0.1 276.175
0.2,0.45,0.15 676.369
0.2,0.45,0.2 419.692
0.2,0.45,0.25 209.947
0.2,0.45,0.3 135.939
0.2,0.45,0.35 132.021
0.2,0.45,0.4 69.3107
0.2,0.45,0.45 9.88968
0.2,0.5,0 2.25835e-10
0.2,0.5,0.05 86.8522
0.2,0.5,0.1 378.173
0.2,0.5,0.15 423.741
0.2,0.5,0.2 593.829
0.2,0.5,0.25 659.688
0.2,0.5,0.3 704.826
0.2,0.5,0.35 632.723
0.2,0.5,0.4 559.43
0.2,0.5,0.45 94.4569
0.2,0.55,0 5.23116e-11
0.2,0.55,0.05 30.1001
0.2,0.55,0.1 194.241
0.2,0.55,0.15 287.093
0.2,0.55,0.2 381.382
0.2,0.55,0.25 483.022
0.2,0.55,0.3 688.205
0.2,0.55,0.35 590.766
0.2,0.55,0.4 485.428
0.2,0.55,0.45 73.7949
0.2,0.6,0 1.15922e-09
0.2,0.6,0.05 23.3269
0.2,0.6,0.1 229.475
0.2,0.6,0.15 302.549
0.2,0.6,0.2 329.78
0.2,0.6,0.25 494.684
0.2,0.6,0.3 387.916
0.2,0.6,0.35 291.886
0.2,0.6,0.4 137.802
0.2,0.6,0.45 7.76521
0.2,0.65,0 6.25721e-09
0.2,0.65,0.05 113.224
0.2,0.65,0.1 598.309
0.2,0.65,0.15 604.019
0.2,0.65,0.2 552.442
0.2,0.65,0.25 306.163
0.2,0.65,0.3 601.265
0.2,0.65,0.35 216.555
0.2,0.65,0.4 11.8849
0.2,0.65,0.45 0.413819
0.2,0.7,0 2.20837e-09
0.2,0.7,0.05 44.8875
0.2,0.7,0.1 328.139
0.2,0.7,0.15 697.292
0.2,0.7,0.2 548.485
0.2,0.7,0.25 475.973
0.2,0.7,0.3 543.742
0.2,0.7,0.35 122.907
0.2,0.7,0.4 0.54416
0.2,0.7,0.45 0.00371414
0.2,0.75,0 1.83253e-11
0.2,0.75,0.05 5.05292
0.2,0.75,0.1 112.329
0.2,0.75,0.15 508.38
0.2,0.75,0.2 722.362
0.2,0.75,0.25 654.18
0.2,0.75,0.3 408.947
0.2,0.75,0.35 40.3072
0.2,0.75,0.4 0.00175544
0.2,0.8,0.05 1.98706
0.2,0.8,0.1 45.1467
0.2,0.8,0.15 240.373
0.2,0.8,0.2 387.891
0.2,0.8,0.25 345.316
0.2,0.8,0.3 229.984
0.2,0.8,0.35 24.8561
0.2,0.85,0.05 0.0136859
0.2,0.85,0.1 0.502451
0.2,0.85,0.15 3.62286
0.2,0.85,0.2 6.02687
0.2,0.85,0.25 6.79379
0.2,0.85,0.3 4.56534
0.2,0.85,0.35 0.490452
0.25,0,0.1 4.4342e-13
0.25,0,0.15 1.88157e-11
0.25,0,0.2 3.02295e-11
0.25,0,0.25 9.49296e-11
0.25,0,0.3 8.83967e-11
0.25,0,0.35 3.50098e-12
0.25,0.05,0 1.08787e-12
0.25,0.05,0.05 0.0221119
0.25,0.05,0.1 0.824246
0.25,0.05,0.15 38.1352
0.25,0.05,0.2 62.2545
0.25,0.05,0.25 38.3448
0.25,0.05,0.3 54.4923
0.25,0.05,0.35 6.58532
0.25,0.1,0 7.36776e-10
0.25,0.1,0.05 14.9756
0.25,0.1,0.1 63.8424
