0.25,0.1,0.15 223.895
0.25,0.1,0.2 448.568
0.25,0.1,0.25 355.696
0.25,0.1,0.3 366.353
0.25,0.1,0.35 45.6012
0.25,0.1,0.4 0.00110611
0.25,0.15,0 2.1702e-09
0.25,0.15,0.05 48.6379
0.25,0.15,0.1 210.031
0.25,0.15,0.15 428.631
0.25,0.15,0.2 737.253
0.25,0.15,0.25 425.209
0.25,0.15,0.3 307.766
0.25,0.15,0.35 125.141
0.25,0.15,0.4 12.8549
0.25,0.2,0 1.87569e-09
0.25,0.2,0.05 86.8524
0.25,0.2,0.1 367.538
0.25,0.2,0.15 417.642
0.25,0.2,0.2 446.624
0.25,0.2,0.25 245.748
0.25,0.2,0.3 567.679
0.25,0.2,0.35 471.528
0.25,0.2,0.4 51.0999
0.25,0.25,0 8.86948e-10
0.25,0.25,0.05 89.5278
0.25,0.25,0.1 361.851
0.25,0.25,0.15 338.692
0.25,0.25,0.2 620.301
0.25,0.25,0.25 303.704
0.25,0.25,0.3 512.118
0.25,0.25,0.35 372.414
0.25,0.25,0.4 22.9489
0.25,0.3,0 1.89777e-11
0.25,0.3,0.05 45.9106
0.25,0.3,0.1 195.89
0.25,0.3,0.15 295.172
0.25,0.3,0.2 595.721
0.25,0.3,0.25 234.5
0.25,0.3,0.3 178.555
0.25,0.3,0.35 202.769
0.25,0.3,0.4 17.6885
0.25,0.35,0 9.65524e-11
0.25,0.35,0.05 76.0305
0.25,0.35,0.1 394.034
0.25,0.35,0.15 331.125
0.25,0.35,0.2 133.773
0.25,0.35,0.25 23.1694
0.25,0.35,0.3 26.9275
0.25,0.35,0.35 39.5737
0.25,0.35,0.4 3.85024
0.25,0.4,0 1.85519e-10
0.25,0.4,0.05 102.66
0.25,0.4,0.1 484.859
0.25,0.4,0.15 380.426
0.25,0.4,0.2 135.158
0.25,0.4,0.25 31.3487
0.25,0.4,0.3 1.92509
0.25,0.4,0.35 0.00179941
0.25,0.4,0.4 0.000129264
0.25,0.45,0 8.92688e-10
0.25,0.45,0.05 149.163
0.25,0.45,0.1 652.971
0.25,0.45,0.15 457.48
0.25,0.45,0.2 331.828
0.25,0.45,0.25 322.754
0.25,0.45,0.3 109.828
0.25,0.45,0.35 80.7879
0.25,0.45,0.4 32.6685
0.25,0.45,0.45 2.26349
0.25,0.5,0 1.69868e-09
0.25,0.5,0.05 181.51
0.25,0.5,0.1 735.044
0.25,0.5,0.15 337.957
0.25,0.5,0.2 398.115
0.25,0.5,0.25 621.106
0.25,0.5,0.3 650.36
0.25,0.5,0.35 557.082
0.25,0.5,0.4 358.548
0.25,0.5,0.45 30.1402
0.25,0.55,0 2.49174e-09
0.25,0.55,0.05 84.2358
0.25,0.55,0.1 443.626
0.25,0.55,0.15 347.164
0.25,0.55,0.2 317.517
0.25,0.55,0.25 475.921
0.25,0.55,0.3 678.455
0.25,0.55,0.35 662.77
0.25,0.55,0.4 423.93
0.25,0.55,0.45 30.8173
0.25,0.6,0 1.73455e-08
0.25,0.6,0.05 15.5537
0.25,0.6,0.1 239.023
0.25,0.6,0.15 436.518
0.25,0.6,0.2 574.945
0.25,0.6,0.25 455.378
0.25,0.6,0.3 438.627
0.25,0.6,0.35 552.054
0.25,0.6,0.4 334.145
0.25,0.6,0.45 17.2125
0.25,0.65,0 1.10698e-08
0.25,0.65,0.05 78.3076
0.25,0.65,0.1 349.905
0.25,0.65,0.15 386.134
0.25,0.65,0.2 528.825
0.25,0.65,0.25 255.502
0.25,0.65,0.3 394.328
0.25,0.65,0.35 277.339
0.25,0.65,0.4 130.24
0.25,0.65,0.45 7.94173
0.25,0.7,0 2.14309e-09
0.25,0.7,0.05 99.2054
0.25,0.7,0.1 485.1
0.25,0.7,0.15 444.098
0.25,0.7,0.2 410.392
0.25,0.7,0.25 338.611
0.25,0.7,0.3 230.129
0.25,0.7,0.35 64.6706
0.25,0.7,0.4 7.2219
0.25,0.7,0.45 0.436641
0.25,0.75,0 1.56936e-10
0.25,0.75,0.05 40.8008
0.25,0.75,0.1 404.904
0.25,0.75,0.15 521.503
0.25,0.75,0.2 473.683
0.25,0.75,0.25 285.458
0.25,0.75,0.3 157.017
0.25,0.75,0.35 11.6273
0.25,0.75,0.4 0.00185624
0.25,0.8,0.05 15.0096
0.25,0.8,0.1 171.107
0.25,0.8,0.15 245.219
0.25,0.8,0.2 235.569
0.25,0.8,0.25 111.405
0.25,0.8,0.3 84.5449
0.25,0.8,0.35 8.26216
0.25,0.85,0.05 0.0880892
0.25,0.85,0.1 1.13172
0.25,0.85,0.15 2.69415
0.25,0.85,0.2 2.98177
0.25,0.85,0.25 2.11357
0.25,0.85,0.3 1.9811
0.25,0.85,0.35 0.194332
0.3,0,0.1 8.98235e-13
0.3,0,0.15 3.69085e-11
0.3,0,0.2 7.2462e-11
0.3,0,0.25 4.93977e-10
0.3,0,0.3 4.6626e-10
0.3,0,0.35 1.84664e-11
0.3,0.05,0 3.73392e-15
0.3,0.05,0.05 0.212786
0.3,0.05,0.1 2.61786
0.3,0.05,0.15 59.7504
0.3,0.05,0.2 82.8244
0.3,0.05,0.25 82.4451
0.3,0.05,0.3 74.0141
0.3,0.05,0.35 3.11169
0.3,0.1,0 2.52885e-12
0.3,0.1,0.05 9.56836
0.3,0.1,0.1 59.2738
0.3,0.1,0.15 280.596
0.3,0.1,0.2 388.775
0.3,0.1,0.25 379.74
0.3,0.1,0.3 367.828
0.3,0.1,0.35 28.3417
0.3,0.1,0.4 0.00136189
0.3,0.15,0 1.98848e-11
0.3,0.15,0.05 18.6958
0.3,0.15,0.1 118.797
0.3,0.15,0.15 396.062
0.3,0.15,0.2 477.69
0.3,0.15,0.25 309.366
0.3,0.15,0.3 555.049
0.3,0.15,0.35 206.357
0.3,0.15,0.4 20.7083
0.3,0.2,0 1.36034e-10
0.3,0.2,0.05 78.6886
0.3,0.2,0.1 364.086
0.3,0.2,0.15 604.957
0.3,0.2,0.2 643.813
0.3,0.2,0.25 372.184
0.3,0.2,0.3 694.304
0.3,0.2,0.35 483.529
0.3,0.2,0.4 74.5109
0.3,0.25,0 3.60008e-10
0.3,0.25,0.05 98.4301
0.3,0.25,0.1 403.994
0.3,0.25,0.15 237.02
0.3,0.25,0.2 246.474
0.3,0.25,0.25 404.544
0.3,0.25,0.3 591.63
0.3,0.25,0.35 382.435
0.3,0.25,0.4 31.9463
0.3,0.3,0 1.25529e-09
0.3,0.3,0.05 34.0559
0.3,0.3,0.1 165.127
0.3,0.3,0.15 390.989
0.3,0.3,0.2 470.444
0.3,0.3,0.25 470.963
0.3,0.3,0.3 451.602
0.3,0.3,0.35 402.585
0.3,0.3,0.4 35.212
0.3,0.35,0 7.59379e-10
0.3,0.35,0.05 38.7048
0.3,0.35,0.1 323.388
0.3,0.35,0.15 767.325
0.3,0.35,0.2 552.99
0.3,0.35,0.25 81.4953
0.3,0.35,0.3 69.4533
0.3,0.35,0.35 79.382
0.3,0.35,0.4 7.62369
0.3,0.35,0.45 2.11174e-08
0.3,0.4,0 7.9905e-10
0.3,0.4,0.05 108.106
0.3,0.4,0.1 569.411
0.3,0.4,0.15 771.66
0.3,0.4,0.2 455.334
0.3,0.4,0.25 42.7158
0.3,0.4,0.3 1.32648
0.3,0.4,0.35 0.194929
0.3,0.4,0.4 0.190519
0.3,0.4,0.45 0.0144183
0.3,0.45,0 6.19191e-10
0.3,0.45,0.05 77.5576
0.3,0.45,0.1 370.375
0.3,0.45,0.15 535.377
0.3,0.45,0.2 499.565
0.3,0.45,0.25 231.111
0.3,0.45,0.3 95.3423
0.3,0.45,0.35 60.7878
0.3,0.45,0.4 9.53576
0.3,0.45,0.45 0.290114
0.3,0.5,0 1.13733e-09
0.3,0.5,0.05 120.563
0.3,0.5,0.1 485.926
0.3,0.5,0.15 209.891
0.3,0.5,0.2 232.73
0.3,0.5,0.25 354.806
0.3,0.5,0.3 585.289
0.3,0.5,0.35 354.542
0.3,0.5,0.4 57.6867
0.3,0.5,0.45 2.47088
0.3,0.55,0 6.19814e-08
0.3,0.55,0.05 81.0263
0.3,0.55,0.1 336.403
0.3,0.55,0.15 239.851
0.3,0.55,0.2 296.473
0.3,0.55,0.25 411.906
0.3,0.55,0.3 654.517
0.3,0.55,0.35 233.643
0.3,0.55,0.4 59.6298
0.3,0.55,0.45 2.9229
0.3,0.6,0 5.15624e-07
0.3,0.6,0.05 69.2005
0.3,0.6,0.1 300.42
0.3,0.6,0.15 313.3
0.3,0.6,0.2 576.249
0.3,0.6,0.25 426.016
0.3,0.6,0.3 692.507
0.3,0.6,0.35 474.758
0.3,0.6,0.4 263.247
0.3,0.6,0.45 15.002
0.3,0.65,0 2.57486e-07
0.3,0.65,0.05 78.9563
0.3,0.65,0.1 322.884
0.3,0.65,0.15 213.947
0.3,0.65,0.2 411.031
0.3,0.65,0.25 442.108
0.3,0.65,0.3 659.431
0.3,0.65,0.35 540.794
0.3,0.65,0.4 289.846
0.3,0.65,0.45 16.5361
0.3,0.7,0 2.71045e-09
0.3,0.7,0.05 69.3952
0.3,0.7,0.1 289.526
0.3,0.7,0.15 226.811
0.3,0.7,0.2 461.378
0.3,0.7,0.25 240.032
0.3,0.7,0.3 114.352
0.3,0.7,0.35 43.4351
0.3,0.7,0.4 17.936
0.3,0.7,0.45 0.975767
0.3,0.75,0 8.54123e-11
0.3,0.75,0.05 16.9781
0.3,0.75,0.1 148.796
0.3,0.75,0.15 341.106
0.3,0.75,0.2 386.627
0.3,0.75,0.25 181.745
0.3,0.75,0.3 95.9083
0.3,0.75,0.35 2.45829
0.3,0.75,0.4 5.60547e-05
0.3,0.8,0.05 5.26323
0.3,0.8,0.1 57.3839
0.3,0.8,0.15 90.7118
0.3,0.8,0.2 79.9154
0.3,0.8,0.25 45.7736
0.3,0.8,0.3 29.509
0.3,0.8,0.35 0.789011
0.3,0.85,0.05 0.0308892
0.3,0.85,0.1 0.328986
0.3,0.85,0.15 0.229799
0.3,0.85,0.2 0.0822467
0.3,0.85,0.25 0.0350706
0.3,0.85,0.3 0.0161662
0.3,0.85,0.35 0.00068649
0.35,0,0.1 1.0915e-13
0.35,0,0.15 4.48499e-12
0.35,0,0.2 1.36352e-11
0.35,0,0.25 1.61573e-10
0.35,0,0.3 1.53173e-10
0.35,0,0.35 6.06646e-12
0.35,0.05,0.05 0.992623
0.35,0.05,0.1 5.65157
0.35,0.05,0.15 9.08868
0.35,0.05,0.2 11.126
0.35,0.05,0.25 26.7767
0.35,0.05,0.3 23.9674
0.35,0.05,0.35 0.939581
0.35,0.1,0.05 44.5818
0.35,0.1,0.1 247.906
0.35,0.1,0.15 114.6
0.35,0.1,0.2 62.6963
0.35,0.1,0.25 170.881
0.35,0.1,0.3 126.277
0.35,0.1,0.35 8.01045
0.35,0.1,0.4 0.000140559
0.35,0.15,0 3.47972e-12
0.35,0.15,0.05 69.3929
0.35,0.15,0.1 393.476
0.35,0.15,0.15 207.733
0.35,0.15,0.2 163.952
0.35,0.15,0.25 276.686
0.35,0.15,0.3 209.441
0.35,0.15,0.35 41.7653
0.35,0.15,0.4 2.1365
0.35,0.2,0 4.15847e-11
0.35,0.2,0.05 102.009
0.35,0.2,0.1 450.33
0.35,0.2,0.15 435.376
0.35,0.2,0.2 452.259
0.35,0.2,0.25 361.577
0.35,0.2,0.3 460.545
0.35,0.2,0.35 128.894
0.35,0.2,0.4 9.29286
0.35,0.25,0 1.43894e-09
0.35,0.25,0.05 166.321
0.35,0.25,0.1 722.356
0.35,0.25,0.15 566.132
0.35,0.25,0.2 269.65
0.35,0.25,0.25 395.298
0.35,0.25,0.3 708.638
0.35,0.25,0.35 292.976
0.35,0.25,0.4 11.5998
0.35,0.3,0 6.30876e-09
0.35,0.3,0.05 130.496
0.35,0.3,0.1 551.615
0.35,0.3,0.15 505.737
0.35,0.3,0.2 403.544
0.35,0.3,0.25 664.749
0.35,0.3,0.3 722.657
0.35,0.3,0.35 162.863
0.35,0.3,0.4 6.69451
0.35,0.35,0 4.42059e-09
0.35,0.35,0.05 92.3401
0.35,0.35,0.1 403.742
0.35,0.35,0.15 488.813
0.35,0.35,0.2 448.18
0.35,0.35,0.25 212.625
0.35,0.35,0.3 123.212
0.35,0.35,0.35 19.5145
0.35,0.35,0.4 0.897704
0.35,0.35,0.45 5.31222e-06
0.35,0.4,0 5.14225e-09
0.35,0.4,0.05 165.59
0.35,0.4,0.1 805.353
0.35,0.4,0.15 739.504
0.35,0.4,0.2 396.002
0.35,0.4,0.25 42.7959
0.35,0.4,0.3 13.402
0.35,0.4,0.35 27.3931
0.35,0.4,0.4 39.5071
0.35,0.4,0.45 3.6171
0.35,0.45,0 2.49675e-09
0.35,0.45,0.05 97.6976
0.35,0.45,0.1 534.63
0.35,0.45,0.15 728.335
0.35,0.45,0.2 659.936
0.35,0.45,0.25 173.87
0.35,0.45,0.3 112.296
0.35,0.45,0.35 279.178
0.35,0.45,0.4 207.633
0.35,0.45,0.45 14.0425
0.35,0.5,0 2.49667e-09
0.35,0.5,0.05 145.012
0.35,0.5,0.1 608.797
0.35,0.5,0.15 411.557
0.35,0.5,0.2 583.756
0.35,0.5,0.25 611.511
0.35,0.5,0.3 600.795
0.35,0.5,0.35 486.032
0.35,0.5,0.4 143.151
0.35,0.5,0.45 3.49987
0.35,0.55,0 7.25879e-08
0.35,0.55,0.05 90.4856
0.35,0.55,0.1 389.408
0.35,0.55,0.15 454.703
0.35,0.55,0.2 629.805
0.35,0.55,0.25 439.382
0.35,0.55,0.3 426.609
0.35,0.55,0.35 134.765
0.35,0.55,0.4 20.1406
0.35,0.55,0.45 0.367262
0.35,0.6,0 5.99473e-07
0.35,0.6,0.05 93.6075
0.35,0.6,0.1 422.312
0.35,0.6,0.15 633.579
0.35,0.6,0.2 957.052
0.35,0.6,0.25 456.867
0.35,0.6,0.3 565.614
0.35,0.6,0.35 513.743
0.35,0.6,0.4 258.996
0.35,0.6,0.45 9.76587
0.35,0.65,0 2.98019e-07
0.35,0.65,0.05 114.475
0.35,0.65,0.1 496.085
0.35,0.65,0.15 435.887
0.35,0.65,0.2 518.138
0.35,0.65,0.25 633.929
0.35,0.65,0.3 625.255
0.35,0.65,0.35 686.85
0.35,0.65,0.4 316.743
0.35,0.65,0.45 10.7872
0.35,0.7,0 2.2604e-09
0.35,0.7,0.05 76.3823
0.35,0.7,0.1 307.457
0.35,0.7,0.15 124.53
0.35,0.7,0.2 244.734
0.35,0.7,0.25 558.638
0.35,0.7,0.3 259.417
0.35,0.7,0.35 77.7702
0.35,0.7,0.4 20.5278
0.35,0.7,0.45 0.559054
0.35,0.75,0 6.48878e-09
0.35,0.75,0.05 4.15889
0.35,0.75,0.1 19.6061
0.35,0.75,0.15 111.664
0.35,0.75,0.2 310.136
0.35,0.75,0.25 651.648
0.35,0.75,0.3 362.434
0.35,0.75,0.35 30.4097
0.35,0.75,0.4 0.0144438
0.35,0.8,0 2.09747e-08
0.35,0.8,0.05 2.16702
0.35,0.8,0.1 9.27886
0.35,0.8,0.15 25.0438
0.35,0.8,0.2 49.0941
0.35,0.8,0.25 133.242
0.35,0.8,0.3 88.5955
0.35,0.8,0.35 3.59437
0.35,0.8,0.4 0.000875584
0.35,0.85,0 4.23295e-09
0.35,0.85,0.05 0.436219
0.35,0.85,0.1 1.73394
0.35,0.85,0.15 0.430839
0.35,0.85,0.2 0.00295631
0.35,0.85,0.25 0.0452608
0.35,0.85,0.3 0.0353969
0.35,0.85,0.35 0.000943182
0.4,0,0.2 4.56167e-15
0.4,0,0.25 9.59092e-14
0.4,0,0.3 9.1156e-14
0.4,0,0.35 3.61026e-15
0.4,0.05,0.05 0.289316
0.4,0.05,0.1 1.5961
0.4,0.05,0.15 0.547615
0.4,0.05,0.2 1.40279
0.4,0.05,0.25 4.79938
0.4,0.05,0.3 1.29806
0.4,0.05,0.35 0.154616
0.4,0.05,0.4 0.00167256
0.4,0.1,0.05 18.8927
0.4,0.1,0.1 111.21
0.4,0.1,0.15 44.397
0.4,0.1,0.2 77.8247
0.4,0.1,0.25 257.781
0.4,0.1,0.3 70.9692
0.4,0.1,0.35 9.7971
0.4,0.1,0.4 0.106337
0.4,0.15,0 2.10485e-13
0.4,0.15,0.05 64.7761
0.4,0.15,0.1 478.03
0.4,0.15,0.15 277.227
0.4,0.15,0.2 266.984
0.4,0.15,0.25 656.412
0.4,0.15,0.3 153.386
0.4,0.15,0.35 16.0333
0.4,0.15,0.4 0.168359
0.4,0.2,0 6.24404e-12
0.4,0.2,0.05 61.6496
0.4,0.2,0.1 391.751
0.4,0.2,0.15 428.613
0.4,0.2,0.2 410.186
0.4,0.2,0.25 376.343
0.4,0.2,0.3 117.102
0.4,0.2,0.35 10.0463
0.4,0.2,0.4 0.144783
0.4,0.25,0 5.67212e-10
0.4,0.25,0.05 93.3297
0.4,0.25,0.1 428.068
0.4,0.25,0.15 475.208
0.4,0.25,0.2 269.866
0.4,0.25,0.25 174.343
0.4,0.25,0.3 170.549
0.4,0.25,0.35 28.9103
0.4,0.25,0.4 0.656051
0.4,0.3,0 2.13514e-09
0.4,0.3,0.05 108.063
0.4,0.3,0.1 449.636
0.4,0.3,0.15 271.737
0.4,0.3,0.2 322.265
0.4,0.3,0.25 505.885
0.4,0.3,0.3 321.505
0.4,0.3,0.35 31.3965
0.4,0.3,0.4 0.206888
0.4,0.35,0 1.75683e-09
0.4,0.35,0.05 54.2439
0.4,0.35,0.1 221.371
0.4,0.35,0.15 143.365
0.4,0.35,0.2 284.413
0.4,0.35,0.25 578.804
0.4,0.35,0.3 440.096
0.4,0.35,0.35 76.7509
0.4,0.35,0.4 0.631984
0.4,0.35,0.45 1.22914e-05
0.4,0.4,0 2.20028e-09
0.4,0.4,0.05 56.1241
0.4,0.4,0.1 276.6
0.4,0.4,0.15 397.828
0.4,0.4,0.2 354.567
0.4,0.4,0.25 251.623
0.4,0.4,0.3 357.017
0.4,0.4,0.35 155.648
0.4,0.4,0.4 93.0118
0.4,0.4,0.45 8.36825
0.4,0.45,0 1.40226e-09
0.4,0.45,0.05 53.4572
0.4,0.45,0.1 293.748
0.4,0.45,0.15 548.232
0.4,0.45,0.2 570.492
0.4,0.45,0.25 289.322
0.4,0.45,0.3 255.647
0.4,0.45,0.35 430.167
0.4,0.45,0.4 404.983
0.4,0.45,0.45 33.4614
0.4,0.5,0 1.37084e-09
0.4,0.5,0.05 67.7813
0.4,0.5,0.1 337.892
0.4,0.5,0.15 486.277
0.4,0.5,0.2 734.854
0.4,0.5,0.25 560.844
0.4,0.5,0.3 481.839
0.4,0.5,0.35 669.051
0.4,0.5,0.4 256.09
0.4,0.5,0.45 16.7338
0.4,0.55,0 1.13367e-08
0.4,0.55,0.05 50.08
0.4,0.55,0.1 263.094
0.4,0.55,0.15 406.347
0.4,0.55,0.2 498.507
0.4,0.55,0.25 329.329
0.4,0.55,0.3 188.664
0.4,0.55,0.35 239.58
0.4,0.55,0.4 64.2668
0.4,0.55,0.45 4.53362
0.4,0.6,0 6.01546e-08
0.4,0.6,0.05 147.8
0.4,0.6,0.1 612.798
0.4,0.6,0.15 377.797
0.4,0.6,0.2 613.343
0.4,0.6,0.25 340.637
0.4,0.6,0.3 210.983
0.4,0.6,0.35 204.028
0.4,0.6,0.4 126.772
0.4,0.6,0.45 4.97472
0.4,0.65,0 2.32439e-08
0.4,0.65,0.05 72.0671
0.4,0.65,0.1 303.627
0.4,0.65,0.15 249.287
0.4,0.65,0.2 520.314
0.4,0.65,0.25 444.103
0.4,0.65,0.3 375.557
0.4,0.65,0.35 267.862
0.4,0.65,0.4 145.121
0.4,0.65,0.45 5.35602
0.4,0.7,0 2.16872e-10
0.4,0.7,0.05 17.1986
0.4,0.7,0.1 69.245
0.4,0.7,0.15 26.7232
0.4,0.7,0.2 120.054
0.4,0.7,0.25 315.414
0.4,0.7,0.3 352.888
0.4,0.7,0.35 108.396
0.4,0.7,0.4 8.53885
0.4,0.7,0.45 0.267782
0.4,0.75,0 2.05596e-07
0.4,0.75,0.05 21.9332
0.4,0.75,0.1 87.2
0.4,0.75,0.15 22.7264
0.4,0.75,0.2 94.5627
0.4,0.75,0.25 297.131
0.4,0.75,0.3 389.209
0.4,0.75,0.35 107.795
0.4,0.75,0.4 0.0651475
0.4,0.8,0 6.64996e-07
0.4,0.8,0.05 68.5247
0.4,0.8,0.1 272.349
0.4,0.8,0.15 67.7921
0.4,0.8,0.2 9.41082
0.4,0.8,0.25 37.6693
0.4,0.8,0.3 35.532
0.4,0.8,0.35 6.8377
0.4,0.8,0.4 0.00394923
0.4,0.85,0 1.34204e-07
0.4,0.85,0.05 13.8291
0.4,0.85,0.1 54.9628
0.4,0.85,0.15 13.6529
0.4,0.85,0.2 0.0005114
0.4,0.85,0.25 0.00783721
0.4,0.85,0.3 0.00612922
0.4,0.85,0.35 0.000163318
0.45,0.05,0.05 3.36273e-05
0.45,0.05,0.1 0.000185515
0.45,0.05,0.15 0.000115008
0.45,0.05,0.2 0.362005
0.45,0.05,0.25 1.52589
0.45,0.05,0.3 3.11972
0.45,0.05,0.35 1.59491
0.45,0.05,0.4 0.0173156
0.45,0.1,0.05 18.722
0.45,0.1,0.1 89.4565
0.45,0.1,0.15 37.2234
0.45,0.1,0.2 41.0977
