0.4,0.85,0.2 2.14822e-05
0.4,0.85,0.25 1.21491e-07
0.4,0.85,0.3 2.78921e-11
0.45,0.05,0 1.5661e-16
0.45,0.05,0.05 5.9364e-05
0.45,0.05,0.1 0.00051231
0.45,0.05,0.15 0.773822
0.45,0.05,0.2 9.86619
0.45,0.05,0.25 42.7145
0.45,0.05,0.3 14.9526
0.45,0.05,0.35 0.017446
0.45,0.1,0 4.32236e-12
0.45,0.1,0.05 23.2283
0.45,0.1,0.1 93.1268
0.45,0.1,0.15 63.0808
0.45,0.1,0.2 192.309
0.45,0.1,0.25 406.268
0.45,0.1,0.3 146.629
0.45,0.1,0.35 2.7518
0.45,0.15,0 5.85599e-11
0.45,0.15,0.05 152.652
0.45,0.15,0.1 615.105
0.45,0.15,0.15 300.348
0.45,0.15,0.2 372.934
0.45,0.15,0.25 369.214
0.45,0.15,0.3 147.959
0.45,0.15,0.35 10.6828
0.45,0.2,0 2.31435e-10
0.45,0.2,0.05 163.691
0.45,0.2,0.1 659.909
0.45,0.2,0.15 282.477
0.45,0.2,0.2 284.718
0.45,0.2,0.25 177.929
0.45,0.2,0.3 27.0188
0.45,0.2,0.35 2.70358
0.45,0.25,0 2.25946e-10
0.45,0.25,0.05 117.51
0.45,0.25,0.1 473.332
0.45,0.25,0.15 184.549
0.45,0.25,0.2 401.415
0.45,0.25,0.25 260.648
0.45,0.25,0.3 13.2998
0.45,0.25,0.35 0.140239
0.45,0.25,0.4 6.77709e-08
0.45,0.3,0 7.57744e-10
0.45,0.3,0.05 137.91
0.45,0.3,0.1 573.834
0.45,0.3,0.15 459.844
0.45,0.3,0.2 637.834
0.45,0.3,0.25 259.827
0.45,0.3,0.3 35.1098
0.45,0.3,0.35 9.30329
0.45,0.3,0.4 0.116309
0.45,0.35,0 1.35148e-09
0.45,0.35,0.05 142.917
0.45,0.35,0.1 586.908
0.45,0.35,0.15 360.154
0.45,0.35,0.2 498.022
0.45,0.35,0.25 466.385
0.45,0.35,0.3 352.875
0.45,0.35,0.35 134.582
0.45,0.35,0.4 2.15991
0.45,0.4,0 7.69435e-10
0.45,0.4,0.05 76.6622
0.45,0.4,0.1 323.15
0.45,0.4,0.15 260.07
0.45,0.4,0.2 339.173
0.45,0.4,0.25 518.321
0.45,0.4,0.3 648.867
0.45,0.4,0.35 225.045
0.45,0.4,0.4 5.99005
0.45,0.45,0 1.20188e-10
0.45,0.45,0.05 74.016
0.45,0.45,0.1 353.693
0.45,0.45,0.15 563.386
0.45,0.45,0.2 498.044
0.45,0.45,0.25 577.189
0.45,0.45,0.3 507.022
0.45,0.45,0.35 166.482
0.45,0.45,0.4 13.5164
0.45,0.45,0.45 0.0388253
0.45,0.5,0 8.34995e-10
0.45,0.5,0.05 115.435
0.45,0.5,0.1 505.377
0.45,0.5,0.15 463.698
0.45,0.5,0.2 578.138
0.45,0.5,0.25 464.744
0.45,0.5,0.3 1061.04
0.45,0.5,0.35 429.733
0.45,0.5,0.4 135.924
0.45,0.5,0.45 7.41961
0.45,0.55,0 4.47664e-09
0.45,0.55,0.05 109.887
0.45,0.55,0.1 474.343
0.45,0.55,0.15 430.963
0.45,0.55,0.2 711.614
0.45,0.55,0.25 388.383
0.45,0.55,0.3 749.192
0.45,0.55,0.35 441.424
0.45,0.55,0.4 286.452
0.45,0.55,0.45 16.1724
0.45,0.6,0 1.47217e-08
0.45,0.6,0.05 143.701
0.45,0.6,0.1 580.221
0.45,0.6,0.15 372.869
0.45,0.6,0.2 706.102
0.45,0.6,0.25 241.675
0.45,0.6,0.3 52.1268
0.45,0.6,0.35 41.4345
0.45,0.6,0.4 37.6965
0.45,0.6,0.45 2.13026
0.45,0.65,0 4.85193e-09
0.45,0.65,0.05 94.0315
0.45,0.65,0.1 379.404
0.45,0.65,0.15 243.656
0.45,0.65,0.2 366.901
0.45,0.65,0.25 86.58
0.45,0.65,0.3 25.8536
0.45,0.65,0.35 1.56948
0.45,0.7,0 1.87022e-10
0.45,0.7,0.05 10.9418
0.45,0.7,0.1 52.8174
0.45,0.7,0.15 107.285
0.45,0.7,0.2 132.516
0.45,0.7,0.25 24.8672
0.45,0.7,0.3 10.3249
0.45,0.7,0.35 0.630898
0.45,0.75,0 1.01874e-09
0.45,0.75,0.05 33.3104
0.45,0.75,0.1 158.531
0.45,0.75,0.15 324.198
0.45,0.75,0.2 319.151
0.45,0.75,0.25 34.2059
0.45,0.75,0.3 0.0342873
0.45,0.75,0.35 0.00171431
0.45,0.8,0 2.74524e-09
0.45,0.8,0.05 80.7353
0.45,0.8,0.1 327.685
0.45,0.8,0.15 152.726
0.45,0.8,0.2 80.1241
0.45,0.8,0.25 8.58423
0.45,0.8,0.3 0.00156632
0.45,0.85,0 4.78788e-10
0.45,0.85,0.05 13.2776
0.45,0.85,0.1 53.0588
0.45,0.85,0.15 13.2518
0.45,0.85,0.2 2.69957e-07
0.45,0.85,0.25 2.99457e-08
0.45,0.85,0.3 5.84637e-12
0.45,0.9,0 1.66874e-12
0.45,0.9,0.05 0.000257712
0.45,0.9,0.1 0.00102509
0.45,0.9,0.15 0.00025484
0.5,0.05,0.1 1.76873e-06
0.5,0.05,0.15 0.00497749
0.5,0.05,0.2 3.28095
0.5,0.05,0.25 18.6328
0.5,0.05,0.3 6.59721
0.5,0.05,0.35 0.00769728
0.5,0.1,0 5.81337e-13
0.5,0.1,0.05 5.65237
0.5,0.1,0.1 23.1101
0.5,0.1,0.15 16.636
0.5,0.1,0.2 63.282
0.5,0.1,0.25 273.806
0.5,0.1,0.3 167.348
0.5,0.1,0.35 13.7057
0.5,0.15,0 3.30206e-11
0.5,0.15,0.05 39.2845
0.5,0.15,0.1 169.138
0.5,0.15,0.15 290.535
0.5,0.15,0.2 503.718
0.5,0.15,0.25 772.828
0.5,0.15,0.3 500.654
0.5,0.15,0.35 55.6055
0.5,0.2,0 1.0546e-10
0.5,0.2,0.05 115.113
0.5,0.2,0.1 487.952
0.5,0.2,0.15 535.871
0.5,0.2,0.2 709.707
0.5,0.2,0.25 488.176
0.5,0.2,0.3 139.887
0.5,0.2,0.35 14.1538
0.5,0.25,0 1.372e-10
0.5,0.25,0.05 99.4113
0.5,0.25,0.1 415.349
0.5,0.25,0.15 310.724
0.5,0.25,0.2 401.577
0.5,0.25,0.25 241.443
0.5,0.25,0.3 21.1205
0.5,0.25,0.35 0.040569
0.5,0.25,0.4 4.62831e-07
0.5,0.3,0 8.03702e-10
0.5,0.3,0.05 158.949
0.5,0.3,0.1 695.332
0.5,0.3,0.15 804.065
0.5,0.3,0.2 523.622
0.5,0.3,0.25 113.764
0.5,0.3,0.3 105.023
0.5,0.3,0.35 53.9067
0.5,0.3,0.4 0.649589
0.5,0.35,0 1.3749e-09
0.5,0.35,0.05 184.609
0.5,0.35,0.1 779.099
0.5,0.35,0.15 642.327
0.5,0.35,0.2 561.686
0.5,0.35,0.25 237.441
0.5,0.35,0.3 550.928
0.5,0.35,0.35 307.993
0.5,0.35,0.4 4.30381
0.5,0.4,0 1.06742e-09
0.5,0.4,0.05 97.109
0.5,0.4,0.1 399.098
0.5,0.4,0.15 296.776
0.5,0.4,0.2 370.575
0.5,0.4,0.25 360.772
0.5,0.4,0.3 701.696
0.5,0.4,0.35 269.108
0.5,0.4,0.4 3.69796
0.5,0.45,0 1.66914e-09
0.5,0.45,0.05 106.812
0.5,0.45,0.1 446.217
0.5,0.45,0.15 420.863
0.5,0.45,0.2 488.696
0.5,0.45,0.25 480.508
0.5,0.45,0.3 251.583
0.5,0.45,0.35 47.8387
0.5,0.45,0.4 0.611628
0.5,0.45,0.45 0.0177118
0.5,0.5,0 5.01305e-09
0.5,0.5,0.05 145.991
0.5,0.5,0.1 590.004
0.5,0.5,0.15 391.462
0.5,0.5,0.2 557.713
0.5,0.5,0.25 231.695
0.5,0.5,0.3 218.084
0.5,0.5,0.35 108.361
0.5,0.5,0.4 59.9521
0.5,0.5,0.45 3.38478
0.5,0.55,0 6.35302e-09
0.5,0.55,0.05 177.253
0.5,0.55,0.1 727.663
0.5,0.55,0.15 637.409
0.5,0.55,0.2 750.404
0.5,0.55,0.25 169.94
0.5,0.55,0.3 223.858
0.5,0.55,0.35 163.2
0.5,0.55,0.4 130.581
0.5,0.55,0.45 7.37774
0.5,0.6,0 3.50025e-09
0.5,0.6,0.05 96.0386
0.5,0.6,0.1 402.43
0.5,0.6,0.15 465.99
0.5,0.6,0.2 506.829
0.5,0.6,0.25 70.2739
0.5,0.6,0.3 19.3224
0.5,0.6,0.35 18.2778
0.5,0.6,0.4 17.1966
0.5,0.6,0.45 0.971812
0.5,0.65,0 2.35742e-09
0.5,0.65,0.05 114.648
0.5,0.65,0.1 460.15
0.5,0.65,0.15 189.218
0.5,0.65,0.2 140.449
0.5,0.65,0.25 18.744
0.5,0.65,0.3 0.0134523
0.5,0.7,0 5.63022e-10
0.5,0.7,0.05 51.2648
0.5,0.7,0.1 273.573
0.5,0.7,0.15 152.929
0.5,0.7,0.2 81.2212
0.5,0.7,0.25 6.51386
0.5,0.75,0 4.32885e-09
0.5,0.75,0.05 52.1219
0.5,0.75,0.1 351.792
0.5,0.75,0.15 173.476
0.5,0.75,0.2 25.7848
0.5,0.75,0.25 1.22744
0.5,0.8,0 1.33708e-07
0.5,0.8,0.05 37.6392
0.5,0.8,0.1 168.46
0.5,0.8,0.15 54.6691
0.5,0.8,0.2 4.44844
0.5,0.8,0.25 0.147577
0.5,0.85,0 1.56872e-07
0.5,0.85,0.05 25.355
0.5,0.85,0.1 100.875
0.5,0.85,0.15 25.0834
0.5,0.85,0.2 1.16652e-08
0.5,0.85,0.25 3.94076e-10
0.5,0.9,0 8.96276e-09
0.5,0.9,0.05 1.38416
0.5,0.9,0.1 5.50572
0.5,0.9,0.15 1.36874
0.55,0.05,0.2 0.0143238
0.55,0.05,0.25 0.0817279
0.55,0.05,0.3 0.0289418
0.55,0.05,0.35 3.37677e-05
0.55,0.1,0 3.04537e-12
0.55,0.1,0.05 0.0979386
0.55,0.1,0.1 2.43558
0.55,0.1,0.15 24.4967
0.55,0.1,0.2 39.9367
0.55,0.1,0.25 92.0228
0.55,0.1,0.3 48.1902
0.55,0.1,0.35 4.45182
0.55,0.15,0 8.59366e-10
0.55,0.15,0.05 30.6303
0.55,0.15,0.1 137.711
0.55,0.15,0.15 250.767
0.55,0.15,0.2 367.285
0.55,0.15,0.25 489.309
0.55,0.15,0.3 206.682
0.55,0.15,0.35 18.1551
0.55,0.2,0 2.03476e-09
0.55,0.2,0.05 105.714
0.55,0.2,0.1 473.451
0.55,0.2,0.15 716.663
0.55,0.2,0.2 701.779
0.55,0.2,0.25 342.166
0.55,0.2,0.3 116.166
0.55,0.2,0.35 6.13744
0.55,0.25,0 3.17824e-10
0.55,0.25,0.05 62.1457
0.55,0.25,0.1 293.422
0.55,0.25,0.15 623.189
0.55,0.25,0.2 581.638
0.55,0.25,0.25 698.282
0.55,0.25,0.3 293.697
0.55,0.25,0.35 3.56604
0.55,0.25,0.4 4.8949e-06
0.55,0.3,0 3.63223e-10
0.55,0.3,0.05 102.8
0.55,0.3,0.1 434.979
0.55,0.3,0.15 504.946
0.55,0.3,0.2 525.951
0.55,0.3,0.25 574.623
0.55,0.3,0.3 223.33
0.55,0.3,0.35 23.6495
0.55,0.3,0.4 0.261878
0.55,0.35,0 1.67489e-09
0.55,0.35,0.05 148.865
0.55,0.35,0.1 602.773
0.55,0.35,0.15 269.333
0.55,0.35,0.2 162.604
0.55,0.35,0.25 76.5316
0.55,0.35,0.3 171.318
0.55,0.35,0.35 91.4879
0.55,0.35,0.4 1.10184
0.55,0.4,0 1.13965e-09
0.55,0.4,0.05 78.802
0.55,0.4,0.1 316.559
0.55,0.4,0.15 123.039
0.55,0.4,0.2 112.065
0.55,0.4,0.25 111.752
0.55,0.4,0.3 107.991
0.55,0.4,0.35 37.0734
0.55,0.4,0.4 0.391599
0.55,0.45,0 1.94604e-09
0.55,0.45,0.05 112.884
0.55,0.45,0.1 456.342
0.55,0.45,0.15 283.509
0.55,0.45,0.2 457.703
0.55,0.45,0.25 360.898
0.55,0.45,0.3 56.9004
0.55,0.45,0.35 4.57139
0.55,0.45,0.4 0.0152099
0.55,0.45,0.45 9.04144e-05
0.55,0.5,0 2.97876e-09
0.55,0.5,0.05 100.755
0.55,0.5,0.1 423.519
0.55,0.5,0.15 569.721
0.55,0.5,0.2 715.696
0.55,0.5,0.25 163.445
0.55,0.5,0.3 9.21877
0.55,0.5,0.35 0.339843
0.55,0.5,0.4 0.305742
0.55,0.5,0.45 0.0172784
0.55,0.55,0 4.29293e-09
0.55,0.55,0.05 85.3751
0.55,0.55,0.1 420.633
0.55,0.55,0.15 756.954
0.55,0.55,0.2 716.203
0.55,0.55,0.25 105.217
0.55,0.55,0.3 2.66668
0.55,0.55,0.35 0.692445
0.55,0.55,0.4 0.666421
0.55,0.55,0.45 0.0376615
0.55,0.6,0 4.28921e-09
0.55,0.6,0.05 89.2193
0.55,0.6,0.1 422.121
0.55,0.6,0.15 506.152
0.55,0.6,0.2 335.883
0.55,0.6,0.25 52.3589
0.55,0.6,0.3 1.17813
0.55,0.6,0.35 0.0891932
0.55,0.6,0.4 0.0877825
0.55,0.6,0.45 0.00496085
0.55,0.65,0 8.54032e-10
0.55,0.65,0.05 61.0224
0.55,0.65,0.1 266.411
0.55,0.65,0.15 414.991
0.55,0.65,0.2 405.779
0.55,0.65,0.25 33.5947
0.55,0.65,0.3 0.0352613
0.55,0.7,0 1.304e-10
0.55,0.7,0.05 79.2512
0.55,0.7,0.1 434.177
0.55,0.7,0.15 620.865
0.55,0.7,0.2 588.081
0.55,0.7,0.25 41.2081
0.55,0.7,0.3 0.000811101
0.55,0.75,0 1.43001e-08
0.55,0.75,0.05 135.384
0.55,0.75,0.1 699.509
0.55,0.75,0.15 279.07
0.55,0.75,0.2 54.9429
0.55,0.75,0.25 3.92286
0.55,0.8,0 4.45858e-07
0.55,0.8,0.05 150.703
0.55,0.8,0.1 617.003
0.55,0.8,0.15 160.357
0.55,0.8,0.2 0.0601011
0.55,0.85,0 5.23551e-07
0.55,0.85,0.05 89.3176
0.55,0.85,0.1 355.453
0.55,0.85,0.15 88.4116
0.55,0.9,0 2.99179e-08
0.55,0.9,0.05 5.75641
0.55,0.9,0.1 22.9211
0.55,0.9,0.15 5.70429
0.55,0.95,0 9.51499e-18
0.55,0.95,0.05 1.11451e-05
0.55,0.95,0.1 4.45676e-05
0.55,0.95,0.15 1.11387e-05
0.6,0.1,0 3.64916e-12
0.6,0.1,0.05 0.1168
0.6,0.1,0.1 7.59099
0.6,0.1,0.15 79.176
0.6,0.1,0.2 50.9191
0.6,0.1,0.25 4.79428
0.6,0.1,0.3 0.891893
0.6,0.1,0.35 0.00247382
0.6,0.15,0 1.02977e-09
0.6,0.15,0.05 35.0159
0.6,0.15,0.1 182.834
0.6,0.15,0.15 478.35
0.6,0.15,0.2 286.897
0.6,0.15,0.25 30.9397
0.6,0.15,0.3 6.08306
0.6,0.15,0.35 0.0829028
0.6,0.2,0 2.43826e-09
0.6,0.2,0.05 138.328
0.6,0.2,0.1 582.079
0.6,0.2,0.15 433.948
0.6,0.2,0.2 283.994
0.6,0.2,0.25 268.612
0.6,0.2,0.3 167.719
0.6,0.2,0.35 5.65191
0.6,0.25,0 3.53925e-10
0.6,0.25,0.05 111.237
0.6,0.25,0.1 490.662
0.6,0.25,0.15 576.39
0.6,0.25,0.2 550.688
0.6,0.25,0.25 880.105
0.6,0.25,0.3 483.128
0.6,0.25,0.35 17.1874
0.6,0.25,0.4 0.000431577
0.6,0.3,0 1.16551e-10
0.6,0.3,0.05 71.7395
0.6,0.3,0.1 342.292
0.6,0.3,0.15 611.955
0.6,0.3,0.2 775.049
0.6,0.3,0.25 764.381
0.6,0.3,0.3 401.197
0.6,0.3,0.35 56.7293
0.6,0.3,0.4 0.00446318
0.6,0.35,0 6.72719e-10
0.6,0.35,0.05 173.486
0.6,0.35,0.1 713.149
0.6,0.35,0.15 375.842
0.6,0.35,0.2 264.258
0.6,0.35,0.25 109.247
0.6,0.35,0.3 107.467
0.6,0.35,0.35 27.4988
0.6,0.35,0.4 0.00518452
0.6,0.4,0 3.0145e-10
0.6,0.4,0.05 80.5946
0.6,0.4,0.1 323.256
0.6,0.4,0.15 166.62
0.6,0.4,0.2 175.618
0.6,0.4,0.25 27.0726
0.6,0.4,0.3 1.42299
0.6,0.4,0.35 0.264903
0.6,0.4,0.4 0.000841256
0.6,0.45,0 9.10555e-10
0.6,0.45,0.05 154.979
0.6,0.45,0.1 621.833
0.6,0.45,0.15 412.816
0.6,0.45,0.2 569.192
0.6,0.45,0.25 100.808
0.6,0.45,0.3 2.55403
0.6,0.5,0 1.86351e-09
0.6,0.5,0.05 144.181
0.6,0.5,0.1 586.891
0.6,0.5,0.15 428.678
0.6,0.5,0.2 570.019
0.6,0.5,0.25 112.76
0.6,0.5,0.3 1.82898
0.6,0.55,0 5.17469e-10
0.6,0.55,0.05 20.7124
0.6,0.55,0.1 169.158
0.6,0.55,0.15 452.967
0.6,0.55,0.2 554.839
0.6,0.55,0.25 291.828
0.6,0.55,0.3 10.7418
0.6,0.6,0 3.71389e-10
0.6,0.6,0.05 12.2051
0.6,0.6,0.1 164.339
0.6,0.6,0.15 659.993
0.6,0.6,0.2 670.949
0.6,0.6,0.25 259.449
0.6,0.6,0.3 6.12851
0.6,0.65,0 4.31997e-11
0.6,0.65,0.05 82.6402
0.6,0.65,0.1 417.581
0.6,0.65,0.15 916.742
0.6,0.65,0.2 842.185
0.6,0.65,0.25 124.27
0.6,0.65,0.3 0.35464
0.6,0.7,0 5.22762e-12
0.6,0.7,0.05 111.97
0.6,0.7,0.1 595.14
0.6,0.7,0.15 916.484
0.6,0.7,0.2 678.101
0.6,0.7,0.25 39.1701
0.6,0.7,0.3 0.00973738
0.6,0.75,0 3.47347e-09
0.6,0.75,0.05 125.846
0.6,0.75,0.1 613.384
0.6,0.75,0.15 253.005
0.6,0.75,0.2 47.4152
0.6,0.75,0.25 2.58219
0.6,0.8,0 9.40025e-08
0.6,0.8,0.05 160.71
0.6,0.8,0.1 664.702
0.6,0.8,0.15 182.471
0.6,0.8,0.2 0.744564
0.6,0.85,0 1.09315e-07
0.6,0.85,0.05 109.349
0.6,0.85,0.1 437.257
0.6,0.85,0.15 109.486
0.6,0.85,0.2 0.0146369
0.6,0.9,0 6.2527e-09
0.6,0.9,0.05 22.1589
0.6,0.9,0.1 88.5901
0.6,0.9,0.15 22.1361
0.6,0.95,0 1.77506e-16
0.6,0.95,0.05 0.000207916
0.6,0.95,0.1 0.000831427
0.6,0.95,0.15 0.000207798
0.65,0.1,0 2.15294e-13
0.65,0.1,0.05 0.00694888
0.65,0.1,0.1 4.15739
0.65,0.1,0.15 33.5861
0.65,0.1,0.2 17.1513
0.65,0.1,0.25 0.181598
0.65,0.15,0 6.07512e-11
0.65,0.15,0.05 5.9107
0.65,0.15,0.1 78.0256
0.65,0.15,0.15 393.254
0.65,0.15,0.2 197.508
0.65,0.15,0.25 26.5141
0.65,0.15,0.3 1.53764
0.65,0.15,0.35 0.0175314
0.65,0.2,0 1.92631e-10
0.65,0.2,0.05 63.2189
0.65,0.2,0.1 297.041
0.65,0.2,0.15 373.451
0.65,0.2,0.2 396.853
0.65,0.2,0.25 303.87
0.65,0.2,0.3 47.9517
0.65,0.2,0.35 1.34468
0.65,0.25,0 2.63168e-10
0.65,0.25,0.05 136.059
0.65,0.25,0.1 584.921
0.65,0.25,0.15 345.034
0.65,0.25,0.2 393.515
0.65,0.25,0.25 288.692
0.65,0.25,0.3 119.646
0.65,0.25,0.35 14.1466
0.65,0.25,0.4 0.000772938
0.65,0.3,0 1.00825e-10
0.65,0.3,0.05 100.859
0.65,0.3,0.1 498.603
0.65,0.3,0.15 645.745
0.65,0.3,0.2 562.69
0.65,0.3,0.25 205.267
0.65,0.3,0.3 364.298
0.65,0.3,0.35 98.513
0.65,0.3,0.4 0.00642596
0.65,0.35,0 6.06408e-10
0.65,0.35,0.05 163.179
0.65,0.35,0.1 699.683
0.65,0.35,0.15 443.257
0.65,0.35,0.2 174.282
0.65,0.35,0.25 59.1658
0.65,0.35,0.3 172.868
0.65,0.35,0.35 48.6973
0.65,0.35,0.4 0.00318511
0.65,0.4,0 2.16114e-09
0.65,0.4,0.05 99.4521
0.65,0.4,0.1 398.9
0.65,0.4,0.15 131.601
