0,0.4,0.15 1.71373e-14
0,0.4,0.2 7.33012e-14
0,0.4,0.25 1.95945e-14
0,0.4,0.3 2.04337e-19
0,0.45,0.15 1.61833e-11
0,0.45,0.2 6.92205e-11
0,0.45,0.25 1.85037e-11
0,0.45,0.3 1.92962e-16
0,0.5,0.15 4.6253e-11
0,0.5,0.2 1.97838e-10
0,0.5,0.25 5.2885e-11
0,0.5,0.3 5.515e-16
0,0.55,0.15 8.21008e-12
0,0.55,0.2 3.51169e-11
0,0.55,0.25 9.38728e-12
0,0.55,0.3 9.78933e-17
0.05,0.1,0.15 2.63237
0.05,0.1,0.2 15.6014
0.05,0.1,0.25 5.72599
0.05,0.1,0.3 0.00873583
0.05,0.15,0 8.5012e-15
0.05,0.15,0.05 0.0018521
0.05,0.15,0.1 0.0074047
0.05,0.15,0.15 11.7725
0.05,0.15,0.2 70.2106
0.05,0.15,0.25 27.8577
0.05,0.15,0.3 0.744524
0.05,0.15,0.35 0.000242826
0.05,0.2,0 6.68472e-14
0.05,0.2,0.05 0.0484079
0.05,0.2,0.1 0.194158
0.05,0.2,0.15 3.61365
0.05,0.2,0.2 23.938
0.05,0.2,0.25 25.7113
0.05,0.2,0.3 6.87213
0.05,0.2,0.35 5.04344
0.05,0.2,0.4 3.70894
0.05,0.2,0.45 0.0926911
0.05,0.25,0 3.1609e-14
0.05,0.25,0.05 0.425224
0.05,0.25,0.1 1.70666
0.05,0.25,0.15 2.12295
0.05,0.25,0.2 6.8753
0.05,0.25,0.25 16.6249
0.05,0.25,0.3 25.9035
0.05,0.25,0.35 36.8545
0.05,0.25,0.4 25.0186
0.05,0.25,0.45 0.625246
0.05,0.3,0 1.88021e-16
0.05,0.3,0.05 0.282249
0.05,0.3,0.1 1.13319
0.05,0.3,0.15 0.92922
0.05,0.3,0.2 1.96088
0.05,0.3,0.25 7.57705
0.05,0.3,0.3 22.5511
0.05,0.3,0.35 17.669
0.05,0.3,0.4 10.3411
0.05,0.3,0.45 0.258436
0.05,0.35,0.05 0.00528891
0.05,0.35,0.1 2.83715
0.05,0.35,0.15 13.7693
0.05,0.35,0.2 4.20204
0.05,0.35,0.25 0.330919
0.05,0.35,0.3 0.997102
0.05,0.35,0.35 0.230027
0.05,0.35,0.4 0.0327512
0.05,0.35,0.45 0.000818493
0.05,0.4,0.1 9.30126
0.05,0.4,0.15 45.499
0.05,0.4,0.2 14.2785
0.05,0.4,0.25 0.422672
0.05,0.4,0.3 0.0234711
0.05,0.45,0.05 0.000865804
0.05,0.45,0.1 2.08148
0.05,0.45,0.15 18.8298
0.05,0.45,0.2 57.0087
0.05,0.45,0.25 32.1991
0.05,0.45,0.3 4.57494
0.05,0.45,0.35 0.562439
0.05,0.45,0.4 0.0103252
0.05,0.45,0.45 4.45597e-05
0.05,0.5,0.05 0.0123092
0.05,0.5,0.1 2.27521
0.05,0.5,0.15 29.7664
0.05,0.5,0.2 129.725
0.05,0.5,0.25 67.4988
0.05,0.5,0.3 24.4741
0.05,0.5,0.35 8.20575
0.05,0.5,0.4 2.25581
0.05,0.5,0.45 0.069761
0.05,0.5,0.5 7.45016e-05
0.05,0.55,0.05 0.00915583
0.05,0.55,0.1 1.691
0.05,0.55,0.15 7.97308
0.05,0.55,0.2 20.916
0.05,0.55,0.25 33.6417
0.05,0.55,0.3 59.6355
0.05,0.55,0.35 21.3713
0.05,0.55,0.4 22.3775
0.05,0.55,0.45 6.35434
0.05,0.55,0.5 0.00776922
0.05,0.6,0.05 0.000217766
0.05,0.6,0.1 0.0407202
0.05,0.6,0.15 0.0895063
0.05,0.6,0.2 0.105652
0.05,0.6,0.25 17.4918
0.05,0.6,0.3 38.2647
0.05,0.6,0.35 12.171
0.05,0.6,0.4 33.6995
0.05,0.6,0.45 11.7935
0.05,0.6,0.5 0.0144616
0.05,0.65,0.1 0.00547126
0.05,0.65,0.15 0.100367
0.05,0.65,0.2 4.56919
0.05,0.65,0.25 7.58509
0.05,0.65,0.3 1.51619
0.05,0.65,0.35 0.744876
0.05,0.65,0.4 3.60821
0.05,0.65,0.45 1.28593
0.05,0.65,0.5 0.00157721
0.05,0.7,0.1 0.00336935
0.05,0.7,0.15 0.608935
0.05,0.7,0.2 37.1013
0.05,0.7,0.25 58.4266
0.05,0.7,0.3 5.13598
0.05,0.75,0.1 4.9366e-05
0.05,0.75,0.15 0.28842
0.05,0.75,0.2 18.06
0.05,0.75,0.25 28.4446
0.05,0.75,0.3 2.50041
0.05,0.8,0.15 0.00192813
0.05,0.8,0.2 0.120837
0.05,0.8,0.25 0.19032
0.05,0.8,0.3 0.01673
0.1,0.05,0.15 0.00228344
0.1,0.05,0.2 0.0110496
0.1,0.05,0.25 0.116712
0.1,0.05,0.3 1.13497
0.1,0.05,0.35 0.653776
0.1,0.05,0.4 0.0078576
0.1,0.1,0.15 15.0557
0.1,0.1,0.2 89.3507
0.1,0.1,0.25 33.8008
0.1,0.1,0.3 8.75427
0.1,0.1,0.35 5.00644
0.1,0.1,0.4 0.0601714
0.1,0.15,0 1.81298e-11
0.1,0.15,0.05 3.94981
0.1,0.15,0.1 15.7914
0.1,0.15,0.15 71.2404
0.1,0.15,0.2 407.616
0.1,0.15,0.25 186.979
0.1,0.15,0.3 17.3625
0.1,0.15,0.35 6.12885
0.1,0.15,0.4 1.47655
0.1,0.15,0.45 0.00288648
0.1,0.2,0 1.42559e-10
0.1,0.2,0.05 34.5503
0.1,0.2,0.1 138.186
0.1,0.2,0.15 66.1599
0.1,0.2,0.2 213.345
0.1,0.2,0.25 387.918
0.1,0.2,0.3 137.578
0.1,0.2,0.35 68.9439
0.1,0.2,0.4 41.9222
0.1,0.2,0.45 0.851773
0.1,0.25,0 6.74097e-11
0.1,0.25,0.05 57.9176
0.1,0.25,0.1 232.837
0.1,0.25,0.15 137.319
0.1,0.25,0.2 269.783
0.1,0.25,0.25 318.119
0.1,0.25,0.3 352.646
0.1,0.25,0.35 352.573
0.1,0.25,0.4 228.427
0.1,0.25,0.45 5.63732
0.1,0.3,0 4.00976e-13
0.1,0.3,0.05 29.5566
0.1,0.3,0.1 121.908
0.1,0.3,0.15 62.5578
0.1,0.3,0.2 90.6367
0.1,0.3,0.25 106.672
0.1,0.3,0.3 269.179
0.1,0.3,0.35 171.087
0.1,0.3,0.4 93.1389
0.1,0.3,0.45 2.32755
0.1,0.35,0.05 0.656479
0.1,0.35,0.1 27.2845
0.1,0.35,0.15 117.047
0.1,0.35,0.2 35.3904
0.1,0.35,0.25 3.96537
0.1,0.35,0.3 11.8757
0.1,0.35,0.35 2.61582
0.1,0.35,0.4 0.294966
0.1,0.35,0.45 0.00737157
0.1,0.4,0.05 3.98176e-05
0.1,0.4,0.1 78.2654
0.1,0.4,0.15 393.538
0.1,0.4,0.2 135.788
0.1,0.4,0.25 4.6993
0.1,0.4,0.3 0.239801
0.1,0.4,0.35 0.0788749
0.1,0.4,0.4 1.57526
0.1,0.4,0.45 1.5436
0.1,0.4,0.5 0.0647803
0.1,0.45,0 1.93879e-13
0.1,0.45,0.05 1.21818
0.1,0.45,0.1 29.448
0.1,0.45,0.15 224.059
0.1,0.45,0.2 441.676
0.1,0.45,0.25 250.259
0.1,0.45,0.3 69.5594
0.1,0.45,0.35 11.95
0.1,0.45,0.4 35.1953
0.1,0.45,0.45 34.1372
0.1,0.45,0.5 1.43257
0.1,0.5,0 1.00185e-12
0.1,0.5,0.05 6.61029
0.1,0.5,0.1 116.98
0.1,0.5,0.15 361.804
0.1,0.5,0.2 754.747
0.1,0.5,0.25 537.991
0.1,0.5,0.3 398.53
0.1,0.5,0.35 220.376
0.1,0.5,0.4 111.007
0.1,0.5,0.45 34.4211
0.1,0.5,0.5 1.40215
0.1,0.55,0 3.22651e-13
0.1,0.55,0.05 2.33789
0.1,0.55,0.1 75.9661
0.1,0.55,0.15 191.224
0.1,0.55,0.2 192.476
0.1,0.55,0.25 346.098
0.1,0.55,0.3 605.5
0.1,0.55,0.35 475.493
0.1,0.55,0.4 354.127
0.1,0.55,0.45 65.7798
0.1,0.55,0.5 0.136281
0.1,0.6,0 1.55456e-16
0.1,0.6,0.05 0.00971601
0.1,0.6,0.1 3.64357
0.1,0.6,0.15 17.3368
0.1,0.6,0.2 15.1247
0.1,0.6,0.25 143.261
0.1,0.6,0.3 285.856
0.1,0.6,0.35 162.115
0.1,0.6,0.4 366.528
0.1,0.6,0.45 118.293
0.1,0.6,0.5 0.144697
0.1,0.65,0.1 21.925
0.1,0.65,0.15 118.948
0.1,0.65,0.2 81.5276
0.1,0.65,0.25 51.1989
0.1,0.65,0.3 22.8075
0.1,0.65,0.35 106.338
0.1,0.65,0.4 88.8198
0.1,0.65,0.45 13.6479
0.1,0.65,0.5 0.0157809
0.1,0.7,0.1 13.4599
0.1,0.7,0.15 75.5113
0.1,0.7,0.2 254.02
0.1,0.7,0.25 343.688
0.1,0.7,0.3 36.8739
0.1,0.7,0.35 41.9958
0.1,0.7,0.4 18.2347
0.1,0.7,0.45 0.223374
0.1,0.75,0.1 0.196305
0.1,0.75,0.15 2.77891
0.1,0.75,0.2 104.337
0.1,0.75,0.25 162.425
0.1,0.75,0.3 14.5352
0.1,0.75,0.35 0.557714
0.1,0.75,0.4 0.12992
0.1,0.75,0.45 1.75773e-05
0.1,0.8,0.15 0.0108805
0.1,0.8,0.2 0.696849
0.1,0.8,0.25 1.21187
0.1,0.8,0.3 0.168795
0.1,0.8,0.35 0.000723483
0.1,0.85,0.2 3.29538e-06
0.1,0.85,0.25 3.03727e-05
0.1,0.85,0.3 1.63855e-05
0.1,0.85,0.35 1.59366e-07
0.15,0.05,0 3.77742e-13
0.15,0.05,0.05 0.00767793
0.15,0.05,0.1 0.030678
0.15,0.05,0.15 5.41127
0.15,0.05,0.2 26.148
0.15,0.05,0.25 11.0308
0.15,0.05,0.3 31.5446
0.15,0.05,0.35 18.3149
0.15,0.05,0.4 0.231344
0.15,0.1,0 2.55832e-10
0.15,0.1,0.05 5.19999
0.15,0.1,0.1 20.7771
0.15,0.1,0.15 37.7013
0.15,0.1,0.2 174.54
0.15,0.1,0.25 91.7001
0.15,0.1,0.3 244.06
0.15,0.1,0.35 141.646
0.15,0.1,0.4 1.83626
0.15,0.15,0 7.56676e-10
0.15,0.15,0.05 26.5275
0.15,0.15,0.1 106.53
0.15,0.15,0.15 64.796
0.15,0.15,0.2 315.017
0.15,0.15,0.25 268.926
0.15,0.15,0.3 146.548
0.15,0.15,0.35 123.685
0.15,0.15,0.4 22.5089
0.15,0.15,0.45 0.0417799
0.15,0.2,0 5.63473e-10
0.15,0.2,0.05 106.13
0.15,0.2,0.1 427.876
0.15,0.2,0.15 164.262
0.15,0.2,0.2 304.446
0.15,0.2,0.25 592.185
0.15,0.2,0.3 331.349
0.15,0.2,0.35 393.665
0.15,0.2,0.4 151.527
0.15,0.2,0.45 0.687787
0.15,0.25,0 2.23322e-10
0.15,0.25,0.05 136.398
0.15,0.25,0.1 576.82
0.15,0.25,0.15 297.749
0.15,0.25,0.2 458.12
0.15,0.25,0.25 624.581
0.15,0.25,0.3 614.89
0.15,0.25,0.35 365.384
0.15,0.25,0.4 173.686
0.15,0.25,0.45 3.07124
0.15,0.3,0 1.09508e-11
0.15,0.3,0.05 75.1152
0.15,0.3,0.1 446.625
0.15,0.3,0.15 255.563
0.15,0.3,0.2 158.046
0.15,0.3,0.25 153.804
0.15,0.3,0.3 265.643
0.15,0.3,0.35 108.594
0.15,0.3,0.4 50.0977
0.15,0.3,0.45 1.23254
0.15,0.35,0 1.68695e-12
0.15,0.35,0.05 6.43803
0.15,0.35,0.1 83.3087
0.15,0.35,0.15 106.707
0.15,0.35,0.2 21.4917
0.15,0.35,0.25 3.73699
0.15,0.35,0.3 8.21347
0.15,0.35,0.35 1.71663
0.15,0.35,0.4 0.157515
0.15,0.35,0.45 0.00390317
0.15,0.4,0 1.39409e-12
0.15,0.4,0.05 0.442155
0.15,0.4,0.1 45.2206
0.15,0.4,0.15 261.705
0.15,0.4,0.2 137.606
0.15,0.4,0.25 10.2908
0.15,0.4,0.3 1.68177
0.15,0.4,0.35 1.92058
0.15,0.4,0.4 9.90509
0.15,0.4,0.45 9.48545
0.15,0.4,0.5 0.398071
0.15,0.45,0 2.75029e-12
0.15,0.45,0.05 16.5177
0.15,0.45,0.1 95.9994
0.15,0.45,0.15 491.936
0.15,0.45,0.2 694.258
0.15,0.45,0.25 329.036
0.15,0.45,0.3 158.911
0.15,0.45,0.35 125.7
0.15,0.45,0.4 239.697
0.15,0.45,0.45 215.467
0.15,0.45,0.5 8.86566
0.15,0.5,0 1.39311e-11
0.15,0.5,0.05 85.6815
0.15,0.5,0.1 465.132
0.15,0.5,0.15 614.93
0.15,0.5,0.2 751.455
0.15,0.5,0.25 641.757
0.15,0.5,0.3 613.755
0.15,0.5,0.35 532.444
0.15,0.5,0.4 440.154
0.15,0.5,0.45 249.562
0.15,0.5,0.5 9.08714
0.15,0.55,0 4.48659e-12
0.15,0.55,0.05 27.8699
0.15,0.55,0.1 199.851
0.15,0.55,0.15 353.057
0.15,0.55,0.2 450.144
0.15,0.55,0.25 552.137
0.15,0.55,0.3 845.983
0.15,0.55,0.35 769.678
0.15,0.55,0.4 461.715
0.15,0.55,0.45 67.0234
0.15,0.55,0.5 0.622531
0.15,0.6,0 2.16168e-15
0.15,0.6,0.05 3.06495
0.15,0.6,0.1 26.5335
0.15,0.6,0.15 95.2473
0.15,0.6,0.2 102.846
0.15,0.6,0.25 178.541
0.15,0.6,0.3 301.432
0.15,0.6,0.35 263.169
0.15,0.6,0.4 294.625
0.15,0.6,0.45 69.2282
0.15,0.6,0.5 0.0844565
0.15,0.65,0.05 17.2914
0.15,0.65,0.1 169.953
0.15,0.65,0.15 586.22
0.15,0.65,0.2 509.176
0.15,0.65,0.25 136.002
0.15,0.65,0.3 135.784
0.15,0.65,0.35 684.869
0.15,0.65,0.4 323.604
0.15,0.65,0.45 11.3074
0.15,0.65,0.5 0.00908652
0.15,0.7,0.05 6.1049
0.15,0.7,0.1 81.9001
0.15,0.7,0.15 346.527
0.15,0.7,0.2 514.472
0.15,0.7,0.25 358.988
0.15,0.7,0.3 144.747
0.15,0.7,0.35 371.097
0.15,0.7,0.4 121.412
0.15,0.7,0.45 1.11449
0.15,0.75,0.05 0.00695473
0.15,0.75,0.1 2.53463
0.15,0.75,0.15 19.6001
0.15,0.75,0.2 89.707
0.15,0.75,0.25 242.562
0.15,0.75,0.3 122.197
0.15,0.75,0.35 31.3595
0.15,0.75,0.4 2.2564
0.15,0.75,0.45 8.76994e-05
0.15,0.8,0.1 0.0214474
0.15,0.8,0.15 0.175146
0.15,0.8,0.2 5.34462
0.15,0.8,0.25 46.2827
0.15,0.8,0.3 31.7747
0.15,0.8,0.35 6.35824
0.15,0.8,0.4 0.191456
0.15,0.85,0.2 0.00107518
0.15,0.85,0.25 0.00998269
0.15,0.85,0.3 0.00660309
0.15,0.85,0.35 0.00111155
0.15,0.85,0.4 3.31405e-05
0.2,0.05,0 2.59192e-12
0.2,0.05,0.05 0.0526829
0.2,0.05,0.1 0.2105
0.2,0.05,0.15 17.1008
0.2,0.05,0.2 82.5589
0.2,0.05,0.25 28.9206
0.2,0.05,0.3 47.3252
0.2,0.05,0.35 33.2216
0.2,0.05,0.4 0.860036
0.2,0.1,0 1.75541e-09
0.2,0.1,0.05 35.6802
0.2,0.1,0.1 142.568
0.2,0.1,0.15 121.148
0.2,0.1,0.2 436.747
0.2,0.1,0.25 203.664
0.2,0.1,0.3 426.407
0.2,0.1,0.35 311.742
0.2,0.1,0.4 9.24259
0.2,0.15,0 4.81574e-09
0.2,0.15,0.05 100.048
0.2,0.15,0.1 412.141
0.2,0.15,0.15 190.164
0.2,0.15,0.2 413.413
0.2,0.15,0.25 508.245
0.2,0.15,0.3 320.949
0.2,0.15,0.35 237.347
0.2,0.15,0.4 26.9029
0.2,0.15,0.45 0.032038
0.2,0.2,0 9.11059e-10
0.2,0.2,0.05 41.7822
0.2,0.2,0.1 249.933
0.2,0.2,0.15 434.335
0.2,0.2,0.2 559.992
0.2,0.2,0.25 440.661
0.2,0.2,0.3 309.29
0.2,0.2,0.35 617.87
0.2,0.2,0.4 183.267
0.2,0.2,0.45 0.195586
0.2,0.25,0 1.78646e-10
0.2,0.25,0.05 98.7644
0.2,0.25,0.1 469.094
0.2,0.25,0.15 393.506
0.2,0.25,0.2 635.618
0.2,0.25,0.25 477.762
0.2,0.25,0.3 613.697
0.2,0.25,0.35 643.684
0.2,0.25,0.4 139.041
0.2,0.25,0.45 0.103319
0.2,0.3,0 1.04687e-10
0.2,0.3,0.05 83.8404
0.2,0.3,0.1 534.856
0.2,0.3,0.15 381.488
0.2,0.3,0.2 555.108
0.2,0.3,0.25 283.318
0.2,0.3,0.3 203.287
0.2,0.3,0.35 127.014
0.2,0.3,0.4 17.9826
0.2,0.3,0.45 0.0323
0.2,0.35,0 1.27161e-10
0.2,0.35,0.05 47.4144
0.2,0.35,0.1 255.816
0.2,0.35,0.15 132.749
0.2,0.35,0.2 61.3218
0.2,0.35,0.25 19.3416
0.2,0.35,0.3 1.16846
0.2,0.35,0.35 0.702145
0.2,0.35,0.4 0.28385
0.2,0.35,0.45 0.00606801
0.2,0.4,0 1.40764e-10
0.2,0.4,0.05 44.7371
0.2,0.4,0.1 213.675
0.2,0.4,0.15 282.59
0.2,0.4,0.2 124.295
0.2,0.4,0.25 12.3664
0.2,0.4,0.3 3.46637
0.2,0.4,0.35 3.48398
0.2,0.4,0.4 4.41641
0.2,0.4,0.45 3.64843
0.2,0.4,0.5 0.151103
0.2,0.45,0 8.69075e-11
0.2,0.45,0.05 44.1367
0.2,0.45,0.1 238.218
0.2,0.45,0.15 600.267
0.2,0.45,0.2 511.233
0.2,0.45,0.25 253.975
0.2,0.45,0.3 274.847
0.2,0.45,0.35 294.565
0.2,0.45,0.4 224.416
0.2,0.45,0.45 118.21
0.2,0.45,0.5 3.62804
0.2,0.5,0 2.77851e-11
0.2,0.5,0.05 82.3444
0.2,0.5,0.1 368.23
0.2,0.5,0.15 411.438
0.2,0.5,0.2 513.038
0.2,0.5,0.25 430.345
0.2,0.5,0.3 778.317
0.2,0.5,0.35 724.305
0.2,0.5,0.4 678.128
0.2,0.5,0.45 309.883
0.2,0.5,0.5 5.44399
0.2,0.55,0 3.28718e-12
0.2,0.55,0.05 25.895
0.2,0.55,0.1 131.12
0.2,0.55,0.15 342.136
0.2,0.55,0.2 436.297
0.2,0.55,0.25 380.732
0.2,0.55,0.3 690.411
0.2,0.55,0.35 493.093
0.2,0.55,0.4 424.042
0.2,0.55,0.45 133.287
0.2,0.55,0.5 1.13511
0.2,0.6,0 9.57895e-13
0.2,0.6,0.05 13.2939
0.2,0.6,0.1 91.4459
0.2,0.6,0.15 377.894
0.2,0.6,0.2 419.935
0.2,0.6,0.25 360.475
0.2,0.6,0.3 437.853
0.2,0.6,0.35 367.972
0.2,0.6,0.4 148.382
0.2,0.6,0.45 15.7414
0.2,0.6,0.5 0.00623403
0.2,0.65,0 8.97926e-11
0.2,0.65,0.05 79.1849
0.2,0.65,0.1 455.818
0.2,0.65,0.15 583.813
0.2,0.65,0.2 537.961
0.2,0.65,0.25 171.713
0.2,0.65,0.3 285.575
0.2,0.65,0.35 683.77
0.2,0.65,0.4 177.202
0.2,0.65,0.45 1.34467
0.2,0.65,0.5 0.000109101
0.2,0.7,0 1.61943e-10
0.2,0.7,0.05 35.3986
0.2,0.7,0.1 231.498
0.2,0.7,0.15 503.581
0.2,0.7,0.2 546.489
0.2,0.7,0.25 512.796
0.2,0.7,0.3 497.331
0.2,0.7,0.35 520.19
0.2,0.7,0.4 75.1236
0.2,0.7,0.45 0.346892
0.2,0.75,0 1.69791e-11
0.2,0.75,0.05 0.999925
0.2,0.75,0.1 27.6736
0.2,0.75,0.15 201.986
0.2,0.75,0.2 331.436
0.2,0.75,0.25 666.043
0.2,0.75,0.3 598.032
0.2,0.75,0.35 273.749
0.2,0.75,0.4 10.1411
0.2,0.75,0.45 2.72969e-05
0.2,0.8,0.1 0.272148
0.2,0.8,0.15 6.22305
0.2,0.8,0.2 39.0628
0.2,0.8,0.25 129.874
0.2,0.8,0.3 145.072
0.2,0.8,0.35 70.7597
0.2,0.8,0.4 2.19481
0.2,0.85,0.15 0.000348286
0.2,0.85,0.2 0.005286
0.2,0.85,0.25 0.0261928
0.2,0.85,0.3 0.0274298
0.2,0.85,0.35 0.0122731
0.2,0.85,0.4 0.000379916
0.25,0.05,0 1.08787e-12
0.25,0.05,0.05 0.0221119
0.25,0.05,0.1 0.0885309
0.25,0.05,0.15 8.6128
0.25,0.05,0.2 46.1448
0.25,0.05,0.25 25.074
0.25,0.05,0.3 32.658
0.25,0.05,0.35 20.0564
0.25,0.05,0.4 0.840037
0.25,0.1,0 7.36776e-10
0.25,0.1,0.05 14.9756
0.25,0.1,0.1 60.0431
0.25,0.1,0.15 70.4304
0.25,0.1,0.2 306.975
0.25,0.1,0.25 206.585
0.25,0.1,0.3 320.199
0.25,0.1,0.35 234.312
0.25,0.1,0.4 10.2766
0.25,0.15,0 2.01665e-09
0.25,0.15,0.05 41.2039
0.25,0.15,0.1 181.45
0.25,0.15,0.15 235.979
0.25,0.15,0.2 493.598
0.25,0.15,0.25 606.691
0.25,0.15,0.3 398.065
0.25,0.15,0.35 253.338
0.25,0.15,0.4 21.02
