0.65,0.45,0.75 310.711
0.65,0.45,0.8 14.6127
0.65,0.5,0.1 0.0518832
0.65,0.5,0.15 12.9085
0.65,0.5,0.2 86.8035
0.65,0.5,0.25 393.62
0.65,0.5,0.3 338.449
0.65,0.5,0.35 539.157
0.65,0.5,0.4 464.49
0.65,0.5,0.45 409.308
0.65,0.5,0.5 635.882
0.65,0.5,0.55 356.079
0.65,0.5,0.6 385.995
0.65,0.5,0.65 694.006
0.65,0.5,0.7 708.038
0.65,0.5,0.75 321.584
0.65,0.5,0.8 16.8755
0.65,0.55,0.1 0.133609
0.65,0.55,0.15 16.8107
0.65,0.55,0.2 43.9658
0.65,0.55,0.25 177.027
0.65,0.55,0.3 595.438
0.65,0.55,0.35 631.583
0.65,0.55,0.4 225.903
0.65,0.55,0.45 334.838
0.65,0.55,0.5 713.512
0.65,0.55,0.55 486.116
0.65,0.55,0.6 308.998
0.65,0.55,0.65 555.625
0.65,0.55,0.7 647.013
0.65,0.55,0.75 245.251
0.65,0.55,0.8 5.49722
0.65,0.6,0.1 0.0212136
0.65,0.6,0.15 2.54537
0.65,0.6,0.2 9.48698
0.65,0.6,0.25 208.596
0.65,0.6,0.3 553.793
0.65,0.6,0.35 474.475
0.65,0.6,0.4 169.2
0.65,0.6,0.45 304.271
0.65,0.6,0.5 490.232
0.65,0.6,0.55 223.86
0.65,0.6,0.6 138.108
0.65,0.6,0.65 203.883
0.65,0.6,0.7 176.175
0.65,0.6,0.75 52.314
0.65,0.6,0.8 0.523098
0.65,0.65,0.2 4.76099
0.65,0.65,0.25 197.151
0.65,0.65,0.3 352.89
0.65,0.65,0.35 444.373
0.65,0.65,0.4 373.134
0.65,0.65,0.45 347.294
0.65,0.65,0.5 460.976
0.65,0.65,0.55 435.35
0.65,0.65,0.6 407.42
0.65,0.65,0.65 252.391
0.65,0.65,0.7 111.647
0.65,0.65,0.75 35.4971
0.65,0.65,0.8 0.653295
0.65,0.7,0.2 0.239082
0.65,0.7,0.25 10.171
0.65,0.7,0.3 28.4721
0.65,0.7,0.35 180.945
0.65,0.7,0.4 237.713
0.65,0.7,0.45 164.986
0.65,0.7,0.5 393.551
0.65,0.7,0.55 367.292
0.65,0.7,0.6 244.459
0.65,0.7,0.65 331.444
0.65,0.7,0.7 200.223
0.65,0.7,0.75 94.5279
0.65,0.7,0.8 1.77592
0.65,0.75,0.3 23.9039
0.65,0.75,0.35 331.168
0.65,0.75,0.4 409.969
0.65,0.75,0.45 210.998
0.65,0.75,0.5 234.472
0.65,0.75,0.55 181.095
0.65,0.75,0.6 22.3775
0.65,0.75,0.65 54.6786
0.65,0.75,0.7 37.6149
0.65,0.75,0.75 15.8843
0.65,0.75,0.8 0.298953
0.65,0.8,0.3 7.07044
0.65,0.8,0.35 97.1028
0.65,0.8,0.4 95.634
0.65,0.8,0.45 32.5311
0.65,0.8,0.5 53.7929
0.65,0.8,0.55 49.2834
0.65,0.8,0.6 2.12978
0.65,0.8,0.65 1.4489
0.65,0.8,0.7 0.612758
0.65,0.8,0.75 0.0021866
0.65,0.85,0.3 0.00114957
0.65,0.85,0.35 0.0281381
0.65,0.85,0.4 0.0394562
0.65,0.85,0.45 0.0454407
0.65,0.85,0.5 0.864318
0.65,0.85,0.55 0.817103
0.65,0.85,0.6 0.0320387
0.7,0.1,0.4 0.0178418
0.7,0.1,0.45 0.128587
0.7,0.1,0.5 0.0563761
0.7,0.1,0.55 0.000240071
0.7,0.15,0.25 3.48518
0.7,0.15,0.3 33.494
0.7,0.15,0.35 21.8604
0.7,0.15,0.4 29.5562
0.7,0.15,0.45 139.56
0.7,0.15,0.5 60.0844
0.7,0.15,0.55 3.43737
0.7,0.15,0.6 13.823
0.7,0.15,0.65 55.5094
0.7,0.15,0.7 19.4657
0.7,0.15,0.75 0.0333131
0.7,0.2,0.15 0.00199553
0.7,0.2,0.2 0.297413
0.7,0.2,0.25 17.3595
0.7,0.2,0.3 167.975
0.7,0.2,0.35 231.498
0.7,0.2,0.4 306.001
0.7,0.2,0.45 575.132
0.7,0.2,0.5 217.851
0.7,0.2,0.55 168.26
0.7,0.2,0.6 237.321
0.7,0.2,0.65 411.463
0.7,0.2,0.7 146.248
0.7,0.2,0.75 5.96526
0.7,0.2,0.8 0.485563
0.7,0.25,0.15 0.0492189
0.7,0.25,0.2 7.33926
0.7,0.25,0.25 34.6527
0.7,0.25,0.3 121.009
0.7,0.25,0.35 340.83
0.7,0.25,0.4 442.723
0.7,0.25,0.45 454.666
0.7,0.25,0.5 234.665
0.7,0.25,0.55 385.625
0.7,0.25,0.6 341.017
0.7,0.25,0.65 496.024
0.7,0.25,0.7 361.425
0.7,0.25,0.75 166.37
0.7,0.25,0.8 9.9466
0.7,0.3,0.15 0.0511554
0.7,0.3,0.2 7.72455
0.7,0.3,0.25 128.757
0.7,0.3,0.3 522.524
0.7,0.3,0.35 309.599
0.7,0.3,0.4 399.055
0.7,0.3,0.45 554.6
0.7,0.3,0.5 605.521
0.7,0.3,0.55 509.978
0.7,0.3,0.6 161.917
0.7,0.3,0.65 544.343
0.7,0.3,0.7 528.457
0.7,0.3,0.75 244.347
0.7,0.3,0.8 14.2442
0.7,0.3,0.85 0.00786023
0.7,0.35,0.15 1.19552
0.7,0.35,0.2 19.3477
0.7,0.35,0.25 149.342
0.7,0.35,0.3 735.545
0.7,0.35,0.35 896.104
0.7,0.35,0.4 766.511
0.7,0.35,0.45 369.181
0.7,0.35,0.5 647.536
0.7,0.35,0.55 384.976
0.7,0.35,0.6 112.587
0.7,0.35,0.65 666.348
0.7,0.35,0.7 721.356
0.7,0.35,0.75 280.597
0.7,0.35,0.8 12.4347
0.7,0.35,0.85 0.0337451
0.7,0.4,0.15 41.7235
0.7,0.4,0.2 270.876
0.7,0.4,0.25 205.433
0.7,0.4,0.3 326.616
0.7,0.4,0.35 691.805
0.7,0.4,0.4 415.82
0.7,0.4,0.45 152.638
0.7,0.4,0.5 697.904
0.7,0.4,0.55 533.536
0.7,0.4,0.6 128.867
0.7,0.4,0.65 236.768
0.7,0.4,0.7 319.45
0.7,0.4,0.75 155.604
0.7,0.4,0.8 5.00297
0.7,0.4,0.85 0.00905394
0.7,0.45,0.1 0.0012099
0.7,0.45,0.15 78.9092
0.7,0.45,0.2 455.197
0.7,0.45,0.25 219.788
0.7,0.45,0.3 126.733
0.7,0.45,0.35 330.493
0.7,0.45,0.4 286.97
0.7,0.45,0.45 407.2
0.7,0.45,0.5 280.094
0.7,0.45,0.55 167.236
0.7,0.45,0.6 427.595
0.7,0.45,0.65 339.687
0.7,0.45,0.7 237.572
0.7,0.45,0.75 206.559
0.7,0.45,0.8 24.049
0.7,0.45,0.85 1.10527e-07
0.7,0.5,0.1 0.546083
0.7,0.5,0.15 134.879
0.7,0.5,0.2 517.957
0.7,0.5,0.25 467.574
0.7,0.5,0.3 621.553
0.7,0.5,0.35 679.703
0.7,0.5,0.4 398.269
0.7,0.5,0.45 547.249
0.7,0.5,0.5 503.78
0.7,0.5,0.55 292.337
0.7,0.5,0.6 463.469
0.7,0.5,0.65 585.816
0.7,0.5,0.7 695.358
0.7,0.5,0.75 623.64
0.7,0.5,0.8 73.901
0.7,0.5,0.85 0.00157365
0.7,0.55,0.1 1.40626
0.7,0.55,0.15 179.028
0.7,0.55,0.2 425.298
0.7,0.55,0.25 343.856
0.7,0.55,0.3 683.809
0.7,0.55,0.35 709.186
0.7,0.55,0.4 245.922
0.7,0.55,0.45 464.084
0.7,0.55,0.5 606.643
0.7,0.55,0.55 403.783
0.7,0.55,0.6 441.742
0.7,0.55,0.65 404.082
0.7,0.55,0.7 544.709
0.7,0.55,0.75 339.361
0.7,0.55,0.8 26.1275
0.7,0.55,0.85 0.00840662
0.7,0.6,0.1 0.223304
0.7,0.6,0.15 27.3166
0.7,0.6,0.2 89.771
0.7,0.6,0.25 167.847
0.7,0.6,0.3 625.069
0.7,0.6,0.35 972.942
0.7,0.6,0.4 318.046
0.7,0.6,0.45 142.488
0.7,0.6,0.5 232.423
0.7,0.6,0.55 203.831
0.7,0.6,0.6 451.281
0.7,0.6,0.65 618.333
0.7,0.6,0.7 420.462
0.7,0.6,0.75 63.0331
0.7,0.6,0.8 2.46754
0.7,0.6,0.85 0.00279571
0.7,0.65,0.1 3.90918e-05
0.7,0.65,0.15 0.0710252
0.7,0.65,0.2 3.64794
0.7,0.65,0.25 96.852
0.7,0.65,0.3 461.622
0.7,0.65,0.35 550.457
0.7,0.65,0.4 208.828
0.7,0.65,0.45 233.073
0.7,0.65,0.5 478.088
0.7,0.65,0.55 351.576
0.7,0.65,0.6 635.163
0.7,0.65,0.65 700.966
0.7,0.65,0.7 521.648
0.7,0.65,0.75 115.25
0.7,0.65,0.8 4.24061
0.7,0.65,0.85 1.88023e-06
0.7,0.7,0.1 3.16221e-06
0.7,0.7,0.15 0.00359826
0.7,0.7,0.2 0.0904529
0.7,0.7,0.25 6.35995
0.7,0.7,0.3 43.8217
0.7,0.7,0.35 104.602
0.7,0.7,0.4 166.278
0.7,0.7,0.45 183.109
0.7,0.7,0.5 311.277
0.7,0.7,0.55 238.066
0.7,0.7,0.6 199.436
0.7,0.7,0.65 499.806
0.7,0.7,0.7 587.269
0.7,0.7,0.75 273.046
0.7,0.7,0.8 9.58049
0.7,0.75,0.25 2.59477
0.7,0.75,0.3 42.1287
0.7,0.75,0.35 220.863
0.7,0.75,0.4 424.446
0.7,0.75,0.45 284.207
0.7,0.75,0.5 311.914
0.7,0.75,0.55 277.535
0.7,0.75,0.6 54.2163
0.7,0.75,0.65 286.302
0.7,0.75,0.7 176.027
0.7,0.75,0.75 43.5567
0.7,0.75,0.8 1.34616
0.7,0.8,0.25 1.33873
0.7,0.8,0.3 19.5436
0.7,0.8,0.35 115.473
0.7,0.8,0.4 201.587
0.7,0.8,0.45 97.0128
0.7,0.8,0.5 181.235
0.7,0.8,0.55 161.568
0.7,0.8,0.6 8.94244
0.7,0.8,0.65 16.3177
0.7,0.8,0.7 6.76376
0.7,0.8,0.75 0.0238297
0.7,0.85,0.25 0.0111448
0.7,0.85,0.3 0.158121
0.7,0.85,0.35 4.38265
0.7,0.85,0.4 10.407
0.7,0.85,0.45 6.04348
0.7,0.85,0.5 3.98846
0.7,0.85,0.55 2.71527
0.7,0.85,0.6 0.106461
0.75,0.05,0.4 3.71287e-05
0.75,0.05,0.45 0.00134235
0.75,0.05,0.5 0.00168746
0.75,0.05,0.55 0.000107286
0.75,0.1,0.4 0.00797199
0.75,0.1,0.45 0.142102
0.75,0.1,0.5 0.148853
0.75,0.1,0.55 0.00851773
0.75,0.15,0.25 7.61983
0.75,0.15,0.3 73.1872
0.75,0.15,0.35 53.364
0.75,0.15,0.4 50.3354
0.75,0.15,0.45 60.5409
0.75,0.15,0.5 21.3183
0.75,0.15,0.55 8.55683
0.75,0.15,0.6 45.0504
0.75,0.15,0.65 40.6529
0.75,0.15,0.7 25.0253
0.75,0.15,0.75 1.97273
0.75,0.2,0.15 0.0294043
0.75,0.2,0.2 4.3824
0.75,0.2,0.25 45.6295
0.75,0.2,0.3 357.564
0.75,0.2,0.35 357.531
0.75,0.2,0.4 529.66
0.75,0.2,0.45 504.328
0.75,0.2,0.5 157.229
0.75,0.2,0.55 140.628
0.75,0.2,0.6 405.157
0.75,0.2,0.65 323.752
0.75,0.2,0.7 213.737
0.75,0.2,0.75 63.2033
0.75,0.2,0.8 8.29645
0.75,0.25,0.15 0.725244
0.75,0.25,0.2 108.171
0.75,0.25,0.25 237.559
0.75,0.25,0.3 191.697
0.75,0.25,0.35 358.933
0.75,0.25,0.4 671.07
0.75,0.25,0.45 522.769
0.75,0.25,0.5 411.31
0.75,0.25,0.55 324.168
0.75,0.25,0.6 535.388
0.75,0.25,0.65 708.816
0.75,0.25,0.7 361.787
0.75,0.25,0.75 284.558
0.75,0.25,0.8 46.064
0.75,0.3,0.15 0.754343
0.75,0.3,0.2 114.366
0.75,0.3,0.25 274.87
0.75,0.3,0.3 369.834
0.75,0.3,0.35 331.992
0.75,0.3,0.4 342.557
0.75,0.3,0.45 277.976
0.75,0.3,0.5 516.989
0.75,0.3,0.55 376.274
0.75,0.3,0.6 353.96
0.75,0.3,0.65 620.532
0.75,0.3,0.7 370.424
0.75,0.3,0.75 271.463
0.75,0.3,0.8 65.77
0.75,0.3,0.85 2.28907
0.75,0.35,0.15 0.218746
0.75,0.35,0.2 83.319
0.75,0.35,0.25 293.087
0.75,0.35,0.3 471.717
0.75,0.35,0.35 648.135
0.75,0.35,0.4 415.263
0.75,0.35,0.45 370.153
0.75,0.35,0.5 538.129
0.75,0.35,0.55 304.425
0.75,0.35,0.6 377.051
0.75,0.35,0.65 538.664
0.75,0.35,0.7 635.034
0.75,0.35,0.75 556.299
0.75,0.35,0.8 189.939
0.75,0.35,0.85 9.82732
0.75,0.4,0.15 5.713
0.75,0.4,0.2 170.687
0.75,0.4,0.25 463.167
0.75,0.4,0.3 248.552
0.75,0.4,0.35 564.551
0.75,0.4,0.4 530.059
0.75,0.4,0.45 579.321
0.75,0.4,0.5 632.835
0.75,0.4,0.55 541.666
0.75,0.4,0.6 568.194
0.75,0.4,0.65 331.504
0.75,0.4,0.7 183.97
0.75,0.4,0.75 128.801
0.75,0.4,0.8 46.8402
0.75,0.4,0.85 2.67417
0.75,0.4,0.9 0.0302801
0.75,0.4,0.95 0.000867067
0.75,0.45,0.1 0.000724464
0.75,0.45,0.15 32.9461
0.75,0.45,0.2 284.937
0.75,0.45,0.25 296.812
0.75,0.45,0.3 313.006
0.75,0.45,0.35 241.753
0.75,0.45,0.4 466.551
0.75,0.45,0.45 465.792
0.75,0.45,0.5 239.443
0.75,0.45,0.55 327.256
0.75,0.45,0.6 354.765
0.75,0.45,0.65 394.782
0.75,0.45,0.7 364.231
0.75,0.45,0.75 203.202
0.75,0.45,0.8 22.1438
0.75,0.45,0.85 0.863856
0.75,0.45,0.9 0.698262
0.75,0.45,0.95 0.0199947
0.75,0.5,0.1 0.326984
0.75,0.5,0.15 99.1801
0.75,0.5,0.2 561.254
0.75,0.5,0.25 467.819
0.75,0.5,0.3 740.394
0.75,0.5,0.35 479.527
0.75,0.5,0.4 514.411
0.75,0.5,0.45 423.082
0.75,0.5,0.5 441.603
0.75,0.5,0.55 812.953
0.75,0.5,0.6 416.771
0.75,0.5,0.65 650.426
0.75,0.5,0.7 801.941
0.75,0.5,0.75 666.111
0.75,0.5,0.8 103.333
0.75,0.5,0.85 1.07941
0.75,0.5,0.9 0.699274
0.75,0.5,0.95 0.0200236
0.75,0.55,0.1 0.842498
0.75,0.55,0.15 112.031
0.75,0.55,0.2 417.381
0.75,0.55,0.25 413.763
0.75,0.55,0.3 571.469
0.75,0.55,0.35 649.08
0.75,0.55,0.4 573.411
0.75,0.55,0.45 332.675
0.75,0.55,0.5 614.141
0.75,0.55,0.55 364.227
0.75,0.55,0.6 347.529
0.75,0.55,0.65 575.428
0.75,0.55,0.7 501.258
0.75,0.55,0.75 648.458
0.75,0.55,0.8 162.022
0.75,0.55,0.85 1.18269
0.75,0.55,0.9 0.0304826
0.75,0.55,0.95 0.000872865
0.75,0.6,0.1 0.15804
0.75,0.6,0.15 46.0562
0.75,0.6,0.2 281.03
0.75,0.6,0.25 318.822
0.75,0.6,0.3 305.92
0.75,0.6,0.35 652.182
0.75,0.6,0.4 492.814
0.75,0.6,0.45 145.857
0.75,0.6,0.5 263.495
0.75,0.6,0.55 332.025
0.75,0.6,0.6 648.783
0.75,0.6,0.65 578.179
0.75,0.6,0.7 348.044
0.75,0.6,0.75 131.238
0.75,0.6,0.8 40.9342
0.75,0.6,0.85 0.380915
0.75,0.65,0.1 0.0360857
0.75,0.65,0.15 41.1854
0.75,0.65,0.2 128.939
0.75,0.65,0.25 46.675
0.75,0.65,0.3 201.389
0.75,0.65,0.35 401.955
0.75,0.65,0.4 326.744
0.75,0.65,0.45 182.862
0.75,0.65,0.5 322.463
0.75,0.65,0.55 595.61
0.75,0.65,0.6 635.625
0.75,0.65,0.65 620.956
0.75,0.65,0.7 576.383
0.75,0.65,0.75 203.721
0.75,0.65,0.8 22.3196
0.75,0.65,0.85 0.00572464
0.75,0.7,0.1 0.00291905
0.75,0.7,0.15 3.32156
0.75,0.7,0.2 9.70383
0.75,0.7,0.25 5.49205
0.75,0.7,0.3 48.424
0.75,0.7,0.35 66.3232
0.75,0.7,0.4 163.836
0.75,0.7,0.45 149.411
0.75,0.7,0.5 381.948
0.75,0.7,0.55 441.838
