0,0.4,0.15 1.71373e-14
0,0.4,0.2 7.33012e-14
0,0.4,0.25 1.95945e-14
0,0.4,0.3 2.04337e-19
0,0.45,0.15 1.61833e-11
0,0.45,0.2 6.92205e-11
0,0.45,0.25 1.85037e-11
0,0.45,0.3 1.92962e-16
0,0.5,0.15 4.6253e-11
0,0.5,0.2 1.97838e-10
0,0.5,0.25 5.2885e-11
0,0.5,0.3 5.515e-16
0,0.55,0.15 8.21008e-12
0,0.55,0.2 3.51169e-11
0,0.55,0.25 9.38728e-12
0,0.55,0.3 9.78933e-17
0.05,0.1,0.1 0.00729397
0.05,0.1,0.15 5.47977
0.05,0.1,0.2 15.2117
0.05,0.1,0.25 2.61815
0.05,0.15,0.05 0.0006262
0.05,0.15,0.1 0.0359029
0.05,0.15,0.15 25.0877
0.05,0.15,0.2 70.4915
0.05,0.15,0.25 14.6306
0.05,0.15,0.3 0.511862
0.05,0.2,0.05 0.0369704
0.05,0.2,0.1 0.157892
0.05,0.2,0.15 7.51255
0.05,0.2,0.2 25.7328
0.05,0.2,0.25 19.5869
0.05,0.2,0.3 5.89819
0.05,0.2,0.35 7.74853
0.05,0.2,0.4 4.56514
0.05,0.2,0.45 0.067392
0.05,0.25,0.05 0.377561
0.05,0.25,0.1 1.51503
0.05,0.25,0.15 3.55063
0.05,0.25,0.2 12.0697
0.05,0.25,0.25 18.4945
0.05,0.25,0.3 31.6805
0.05,0.25,0.35 36.8281
0.05,0.25,0.4 20.1165
0.05,0.25,0.45 0.296966
0.05,0.3,0.05 0.244858
0.05,0.3,0.1 0.982796
0.05,0.3,0.15 2.15827
0.05,0.3,0.2 6.25173
0.05,0.3,0.25 8.57852
0.05,0.3,0.3 19.0583
0.05,0.3,0.35 11.7705
0.05,0.3,0.4 5.53934
0.05,0.3,0.45 0.0817733
0.05,0.35,0.05 0.15514
0.05,0.35,0.1 5.71893
0.05,0.35,0.15 7.34355
0.05,0.35,0.2 0.565678
0.05,0.35,0.25 0.146262
0.05,0.35,0.3 0.321534
0.05,0.35,0.35 0.0496205
0.05,0.35,0.4 0.000168893
0.05,0.35,0.45 2.49325e-06
0.05,0.4,0.05 0.535028
0.05,0.4,0.1 20.2142
0.05,0.4,0.15 25.9995
0.05,0.4,0.2 2.31478
0.05,0.4,0.25 0.43618
0.05,0.4,0.3 0.011585
0.05,0.45,0.05 0.122179
0.05,0.45,0.1 4.69529
0.05,0.45,0.15 16.112
0.05,0.45,0.2 57.4981
0.05,0.45,0.25 27.4729
0.05,0.45,0.3 3.669
0.05,0.45,0.35 0.464938
0.05,0.45,0.4 0.00343509
0.05,0.45,0.45 1.39194e-06
0.05,0.5,0.05 0.0552811
0.05,0.5,0.1 3.16269
0.05,0.5,0.15 30.6802
0.05,0.5,0.2 130.177
0.05,0.5,0.25 60.1409
0.05,0.5,0.3 26.5745
0.05,0.5,0.35 7.46103
0.05,0.5,0.4 1.28214
0.05,0.5,0.45 0.00145824
0.05,0.55,0.05 0.0426886
0.05,0.55,0.1 2.43849
0.05,0.55,0.15 8.07797
0.05,0.55,0.2 20.6393
0.05,0.55,0.25 38.3564
0.05,0.55,0.3 61.5293
0.05,0.55,0.35 19.5498
0.05,0.55,0.4 12.5196
0.05,0.55,0.45 1.84618
0.05,0.6,0.05 0.00110584
0.05,0.6,0.1 0.0632282
0.05,0.6,0.15 0.0963172
0.05,0.6,0.2 0.246809
0.05,0.6,0.25 21.6796
0.05,0.6,0.3 39.3793
0.05,0.6,0.35 14.747
0.05,0.6,0.4 29.3273
0.05,0.6,0.45 5.6992
0.05,0.65,0.05 2.30783e-07
0.05,0.65,0.1 0.000605167
0.05,0.65,0.15 0.248108
0.05,0.65,0.2 6.04765
0.05,0.65,0.25 6.82442
0.05,0.65,0.3 1.31316
0.05,0.65,0.35 1.85968
0.05,0.65,0.4 5.55137
0.05,0.65,0.45 1.09701
0.05,0.7,0.05 1.29302e-07
0.05,0.7,0.1 0.000339061
0.05,0.7,0.15 2.34201
0.05,0.7,0.2 57.4449
0.05,0.7,0.25 59.5209
0.05,0.7,0.3 2.75632
0.05,0.75,0.05 1.42418e-09
0.05,0.75,0.1 3.73453e-06
0.05,0.75,0.15 1.29484
0.05,0.75,0.2 31.774
0.05,0.75,0.25 32.9224
0.05,0.75,0.3 1.52459
0.05,0.8,0.15 0.0136813
0.05,0.8,0.2 0.335728
0.05,0.8,0.25 0.347861
0.05,0.8,0.3 0.0161089
0.1,0.05,0.1 5.38356e-07
0.1,0.05,0.15 0.00170369
0.1,0.05,0.2 0.00547981
0.1,0.05,0.25 0.258877
0.1,0.05,0.3 1.37113
0.1,0.05,0.35 0.454087
0.1,0.05,0.4 0.000293129
0.1,0.1,0.1 0.0417926
0.1,0.1,0.15 31.4207
0.1,0.1,0.2 87.4152
0.1,0.1,0.25 16.855
0.1,0.1,0.3 8.93029
0.1,0.1,0.35 2.95625
0.1,0.1,0.4 0.00190836
0.1,0.15,0.05 3.42329
0.1,0.15,0.1 13.9173
0.1,0.15,0.15 147.332
0.1,0.15,0.2 418.256
0.1,0.15,0.25 124.577
0.1,0.15,0.3 15.3511
0.1,0.15,0.35 5.15445
0.1,0.15,0.4 0.807461
0.1,0.2,0.05 32.269
0.1,0.2,0.1 129.445
0.1,0.2,0.15 81.0619
0.1,0.2,0.2 239.385
0.1,0.2,0.25 355.693
0.1,0.2,0.3 102.821
0.1,0.2,0.35 93.4478
0.1,0.2,0.4 48.7062
0.1,0.2,0.45 0.671445
0.1,0.25,0.05 57.0496
0.1,0.25,0.1 229.181
0.1,0.25,0.15 136.381
0.1,0.25,0.2 294.326
0.1,0.25,0.25 301.475
0.1,0.25,0.3 363.289
0.1,0.25,0.35 375.031
0.1,0.25,0.4 201.231
0.1,0.25,0.45 2.95876
0.1,0.3,0.05 28.2538
0.1,0.3,0.1 115.39
0.1,0.3,0.15 77.6614
0.1,0.3,0.2 155.142
0.1,0.3,0.25 112.737
0.1,0.3,0.3 207.948
0.1,0.3,0.35 119.92
0.1,0.3,0.4 55.1899
0.1,0.3,0.45 0.81473
0.1,0.35,0.05 2.25859
0.1,0.35,0.1 66.8999
0.1,0.35,0.15 83.8214
0.1,0.35,0.2 7.52477
0.1,0.35,0.25 1.83558
0.1,0.35,0.3 3.49861
0.1,0.35,0.35 0.539581
0.1,0.35,0.4 0.00168273
0.1,0.35,0.45 2.48409e-05
0.1,0.4,0.05 5.99844
0.1,0.4,0.1 226.855
0.1,0.4,0.15 300.492
0.1,0.4,0.2 36.6809
0.1,0.4,0.25 4.90496
0.1,0.4,0.3 0.144175
0.1,0.4,0.35 0.0727372
0.1,0.4,0.4 0.880976
0.1,0.4,0.45 0.588702
0.1,0.4,0.5 0.0107691
0.1,0.45,0 1.93879e-13
0.1,0.45,0.05 2.65028
0.1,0.45,0.1 65.1904
0.1,0.45,0.15 220.127
0.1,0.45,0.2 468.354
0.1,0.45,0.25 223.395
0.1,0.45,0.3 51.7453
0.1,0.45,0.35 9.97921
0.1,0.45,0.4 38.3944
0.1,0.45,0.45 25.5874
0.1,0.45,0.5 0.468066
0.1,0.5,0 1.00185e-12
0.1,0.5,0.05 8.19519
0.1,0.5,0.1 144.69
0.1,0.5,0.15 369.893
0.1,0.5,0.2 792.359
0.1,0.5,0.25 494.049
0.1,0.5,0.3 384.115
0.1,0.5,0.35 195.072
0.1,0.5,0.4 99.5926
0.1,0.5,0.45 34.9355
0.1,0.5,0.5 0.638277
0.1,0.55,0 3.22651e-13
0.1,0.55,0.05 3.57583
0.1,0.55,0.1 99.6869
0.1,0.55,0.15 186.451
0.1,0.55,0.2 188.659
0.1,0.55,0.25 403.609
0.1,0.55,0.3 604.357
0.1,0.55,0.35 466.064
0.1,0.55,0.4 241.309
0.1,0.55,0.45 24.915
0.1,0.55,0.5 0.0458411
0.1,0.6,0 1.55456e-16
0.1,0.6,0.05 0.0438197
0.1,0.6,0.1 5.71607
0.1,0.6,0.15 18.4236
0.1,0.6,0.2 17.2181
0.1,0.6,0.25 179.76
0.1,0.6,0.3 288.601
0.1,0.6,0.35 217.308
0.1,0.6,0.4 373.094
0.1,0.6,0.45 68.9626
0.1,0.65,0.05 0.0121226
0.1,0.65,0.1 32.0813
0.1,0.65,0.15 113.87
0.1,0.65,0.2 70.0267
0.1,0.65,0.25 37.7544
0.1,0.65,0.3 57.0028
0.1,0.65,0.35 145.937
0.1,0.65,0.4 88.2975
0.1,0.65,0.45 13.2717
0.1,0.7,0.05 0.00679201
0.1,0.7,0.1 17.9323
0.1,0.7,0.15 74.56
0.1,0.7,0.2 305.786
0.1,0.7,0.25 287.606
0.1,0.7,0.3 38.7791
0.1,0.7,0.35 54.1643
0.1,0.7,0.4 7.93168
0.1,0.75,0.05 7.48095e-05
0.1,0.75,0.1 0.19657
0.1,0.75,0.15 7.11124
0.1,0.75,0.2 151.199
0.1,0.75,0.25 154.963
0.1,0.75,0.3 7.89642
0.1,0.75,0.35 0.760807
0.1,0.75,0.4 0.0581873
0.1,0.8,0.15 0.0630265
0.1,0.8,0.2 1.62181
0.1,0.8,0.25 2.00551
0.1,0.8,0.3 0.20866
0.1,0.8,0.35 9.32777e-05
0.1,0.85,0.2 0.000299766
0.1,0.85,0.25 0.00160673
0.1,0.85,0.3 0.000536049
0.1,0.85,0.35 3.71897e-07
0.15,0.05,0 3.77742e-13
0.15,0.05,0.05 0.00767793
0.15,0.05,0.1 0.0334614
0.15,0.05,0.15 8.81607
0.15,0.05,0.2 28.3318
0.15,0.05,0.25 13.4245
0.15,0.05,0.3 41.5677
0.15,0.05,0.35 13.9998
0.15,0.05,0.4 0.0168105
0.15,0.1,0 2.55832e-10
0.15,0.1,0.05 5.19999
0.15,0.1,0.1 20.8041
0.15,0.1,0.15 56.1437
0.15,0.1,0.2 173.56
0.15,0.1,0.25 94.5606
0.15,0.1,0.3 272.672
0.15,0.1,0.35 92.2486
0.15,0.1,0.4 0.128177
0.15,0.15,0 7.00245e-10
0.15,0.15,0.05 25.6856
0.15,0.15,0.1 103.479
0.15,0.15,0.15 101.515
0.15,0.15,0.2 361.439
0.15,0.15,0.25 228.873
0.15,0.15,0.3 150.517
0.15,0.15,0.35 119.558
0.15,0.15,0.4 16.6982
0.15,0.2,0 1.18727e-10
0.15,0.2,0.05 105.749
0.15,0.2,0.1 428.924
0.15,0.2,0.15 158.011
0.15,0.2,0.2 330.802
0.15,0.2,0.25 616.912
0.15,0.2,0.3 306.993
0.15,0.2,0.35 402.726
0.15,0.2,0.4 97.6334
0.15,0.2,0.45 0.385335
0.15,0.25,0 -1.03622e-14
0.15,0.25,0.05 140.052
0.15,0.25,0.1 587.558
0.15,0.25,0.15 258.631
0.15,0.25,0.2 384.45
0.15,0.25,0.25 611.479
0.15,0.25,0.3 547.917
0.15,0.25,0.35 338.711
0.15,0.25,0.4 135.921
0.15,0.25,0.45 1.698
0.15,0.3,0 -1.75012e-15
0.15,0.3,0.05 75.121
0.15,0.3,0.1 430.17
0.15,0.3,0.15 238.782
0.15,0.3,0.2 173.904
0.15,0.3,0.25 140.642
0.15,0.3,0.3 203.091
0.15,0.3,0.35 77.8337
0.15,0.3,0.4 31.8174
0.15,0.3,0.45 0.467565
0.15,0.35,0 1.20012e-13
0.15,0.35,0.05 7.91677
0.15,0.35,0.1 111.418
0.15,0.35,0.15 97.4048
0.15,0.35,0.2 6.97024
0.15,0.35,0.25 1.57086
0.15,0.35,0.3 2.2639
0.15,0.35,0.35 0.342104
0.15,0.35,0.4 0.000966341
0.15,0.35,0.45 1.4256e-05
0.15,0.4,0 1.14531e-13
0.15,0.4,0.05 4.17166
0.15,0.4,0.1 148.401
0.15,0.4,0.15 249.191
0.15,0.4,0.2 82.8323
0.15,0.4,0.25 10.0472
0.15,0.4,0.3 1.46822
0.15,0.4,0.35 1.26612
0.15,0.4,0.4 4.96323
0.15,0.4,0.45 3.24369
0.15,0.4,0.5 0.0593365
0.15,0.45,0 2.70052e-12
0.15,0.45,0.05 17.4821
0.15,0.45,0.1 123.739
0.15,0.45,0.15 508.496
0.15,0.45,0.2 692.918
0.15,0.45,0.25 315.644
0.15,0.45,0.3 127.975
0.15,0.45,0.35 96.5555
0.15,0.45,0.4 227.679
0.15,0.45,0.45 144.431
0.15,0.45,0.5 2.59133
0.15,0.5,0 1.39311e-11
0.15,0.5,0.05 87.6913
0.15,0.5,0.1 498.118
0.15,0.5,0.15 622.489
0.15,0.5,0.2 782.719
0.15,0.5,0.25 615.321
0.15,0.5,0.3 566.538
0.15,0.5,0.35 473.333
0.15,0.5,0.4 474.232
0.15,0.5,0.45 228.589
0.15,0.5,0.5 3.64682
0.15,0.55,0 4.48659e-12
0.15,0.55,0.05 29.4404
0.15,0.55,0.1 228.334
0.15,0.55,0.15 355.367
0.15,0.55,0.2 454.352
0.15,0.55,0.25 634.668
0.15,0.55,0.3 834.667
0.15,0.55,0.35 815.378
0.15,0.55,0.4 390.291
0.15,0.55,0.45 50.6125
0.15,0.55,0.5 0.330467
0.15,0.6,0 2.51649e-10
0.15,0.6,0.05 4.2639
0.15,0.6,0.1 33.9914
0.15,0.6,0.15 103.41
0.15,0.6,0.2 102.744
0.15,0.6,0.25 226.468
0.15,0.6,0.3 320.645
0.15,0.6,0.35 312.803
0.15,0.6,0.4 291.35
0.15,0.6,0.45 46.1527
0.15,0.6,0.5 0.00105451
0.15,0.65,0 1.34118e-09
0.15,0.65,0.05 22.3907
0.15,0.65,0.1 213.237
0.15,0.65,0.15 610.154
0.15,0.65,0.2 440.862
0.15,0.65,0.25 90.4924
0.15,0.65,0.3 334.925
0.15,0.65,0.35 677.659
0.15,0.65,0.4 141.83
0.15,0.65,0.45 8.81566
0.15,0.7,0 4.45021e-10
0.15,0.7,0.05 7.43972
0.15,0.7,0.1 105.941
0.15,0.7,0.15 373.125
0.15,0.7,0.2 554.946
0.15,0.7,0.25 293.994
0.15,0.7,0.3 266.706
0.15,0.7,0.35 369.036
0.15,0.7,0.4 41.508
0.15,0.75,0 2.92762e-13
0.15,0.75,0.05 0.00515346
0.15,0.75,0.1 3.7504
0.15,0.75,0.15 25.7329
0.15,0.75,0.2 146.596
0.15,0.75,0.25 265.304
0.15,0.75,0.3 115.164
0.15,0.75,0.35 35.5503
0.15,0.75,0.4 0.932727
0.15,0.8,0.1 0.00422541
0.15,0.8,0.15 0.471705
0.15,0.8,0.2 15.8757
0.15,0.8,0.25 77.312
0.15,0.8,0.3 39.3514
0.15,0.8,0.35 8.90981
0.15,0.8,0.4 0.130671
0.15,0.85,0.1 2.17523e-08
0.15,0.85,0.15 9.53329e-06
0.15,0.85,0.2 0.0549325
0.15,0.85,0.25 0.29574
0.15,0.85,0.3 0.113857
0.15,0.85,0.35 0.00972746
0.15,0.85,0.4 0.000141935
0.2,0.05,0 2.59192e-12
0.2,0.05,0.05 0.0526829
0.2,0.05,0.1 0.219819
0.2,0.05,0.15 29.5177
0.2,0.05,0.2 94.767
0.2,0.05,0.25 29.873
0.2,0.05,0.3 70.9704
0.2,0.05,0.35 31.1971
0.2,0.05,0.4 0.276202
0.2,0.1,0 1.75541e-09
0.2,0.1,0.05 35.6802
0.2,0.1,0.1 142.609
0.2,0.1,0.15 166.807
0.2,0.1,0.2 452.904
0.2,0.1,0.25 212.226
0.2,0.1,0.3 528.579
0.2,0.1,0.35 239.52
0.2,0.1,0.4 2.41537
0.2,0.15,0 4.8048e-09
0.2,0.15,0.05 100.421
0.2,0.15,0.1 419.213
0.2,0.15,0.15 199.03
0.2,0.15,0.2 475.166
0.2,0.15,0.25 448.797
0.2,0.15,0.3 331.344
0.2,0.15,0.35 217.939
0.2,0.15,0.4 22.2373
0.2,0.15,0.45 0.000122112
0.2,0.2,0 8.14653e-10
0.2,0.2,0.05 46.0096
0.2,0.2,0.1 325.225
0.2,0.2,0.15 386.238
0.2,0.2,0.2 567.567
0.2,0.2,0.25 452.056
0.2,0.2,0.3 391.95
0.2,0.2,0.35 687.324
0.2,0.2,0.4 129.006
0.2,0.2,0.45 0.00534206
0.2,0.25,0 -1.02959e-13
0.2,0.25,0.05 102.428
0.2,0.25,0.1 514.475
0.2,0.25,0.15 373.25
0.2,0.25,0.2 553.357
0.2,0.25,0.25 518.662
0.2,0.25,0.3 616.162
0.2,0.25,0.35 512.242
0.2,0.25,0.4 74.7948
0.2,0.25,0.45 0.0217912
0.2,0.3,0 4.48565e-13
0.2,0.3,0.05 88.392
0.2,0.3,0.1 557.591
0.2,0.3,0.15 356.466
0.2,0.3,0.2 396.34
0.2,0.3,0.25 206.91
0.2,0.3,0.3 156.37
0.2,0.3,0.35 70.1189
0.2,0.3,0.4 6.94588
0.2,0.3,0.45 0.0101683
0.2,0.35,0 1.10372e-11
0.2,0.35,0.05 48.3626
0.2,0.35,0.1 266.15
0.2,0.35,0.15 126.15
0.2,0.35,0.2 32.8614
0.2,0.35,0.25 10.1344
0.2,0.35,0.3 0.326377
0.2,0.35,0.35 0.335311
0.2,0.35,0.4 0.15131
0.2,0.35,0.45 0.00100515
0.2,0.4,0 3.32679e-11
0.2,0.4,0.05 44.3084
0.2,0.4,0.1 213.818
0.2,0.4,0.15 266.334
0.2,0.4,0.2 110.024
0.2,0.4,0.25 11.967
0.2,0.4,0.3 3.00051
0.2,0.4,0.35 2.77465
0.2,0.4,0.4 2.0011
0.2,0.4,0.45 1.11208
0.2,0.4,0.5 0.0203265
0.2,0.45,0 1.53482e-10
0.2,0.45,0.05 44.8742
0.2,0.45,0.1 247.092
0.2,0.45,0.15 622.035
0.2,0.45,0.2 477.713
0.2,0.45,0.25 265.219
0.2,0.45,0.3 253.539
0.2,0.45,0.35 262.027
0.2,0.45,0.4 174.139
0.2,0.45,0.45 68.7825
0.2,0.45,0.5 0.934171
0.2,0.5,0 2.04723e-10
0.2,0.5,0.05 85.1725
0.2,0.5,0.1 364.966
0.2,0.5,0.15 387.561
0.2,0.5,0.2 502.423
0.2,0.5,0.25 478.275
0.2,0.5,0.3 801.13
0.2,0.5,0.35 687.032
0.2,0.5,0.4 667.841
0.2,0.5,0.45 238.311
0.2,0.5,0.5 1.73892
0.2,0.55,0 3.00099e-11
0.2,0.55,0.05 27.2602
0.2,0.55,0.1 140.428
0.2,0.55,0.15 368.592
0.2,0.55,0.2 438.521
0.2,0.55,0.25 413.739
0.2,0.55,0.3 685.762
0.2,0.55,0.35 512.711
0.2,0.55,0.4 451.192
0.2,0.55,0.45 120.294
0.2,0.55,0.5 0.406626
0.2,0.6,0 1.15815e-09
0.2,0.6,0.05 19.6008
0.2,0.6,0.1 106.377
0.2,0.6,0.15 369.001
0.2,0.6,0.2 399.592
0.2,0.6,0.25 420.49
0.2,0.6,0.3 441.567
0.2,0.6,0.35 332.372
0.2,0.6,0.4 124.317
0.2,0.6,0.45 14.8175
0.2,0.6,0.5 0.00433382
0.2,0.65,0 6.25721e-09
0.2,0.65,0.05 107.899
0.2,0.65,0.1 485.61
0.2,0.65,0.15 604.921
0.2,0.65,0.2 513.718
0.2,0.65,0.25 151.299
0.2,0.65,0.3 469.299
0.2,0.65,0.35 555.977
0.2,0.65,0.4 56.7084
0.2,0.65,0.45 0.327121
0.2,0.7,0 2.20837e-09
0.2,0.7,0.05 43.3552
0.2,0.7,0.1 274.471
0.2,0.7,0.15 591.108
0.2,0.7,0.2 555.294
0.2,0.7,0.25 399.453
0.2,0.7,0.3 581.098
0.2,0.7,0.35 363.913
0.2,0.7,0.4 19.0639
0.2,0.75,0 1.83253e-11
0.2,0.75,0.05 0.992634
0.2,0.75,0.1 33.7142
0.2,0.75,0.15 230.814
0.2,0.75,0.2 481.344
0.2,0.75,0.25 744.983
0.2,0.75,0.3 559.682
0.2,0.75,0.35 229.718
0.2,0.75,0.4 3.38173
0.2,0.8,0.1 0.132026
0.2,0.8,0.15 27.274
0.2,0.8,0.2 106.699
0.2,0.8,0.25 209.839
0.2,0.8,0.3 175.367
0.2,0.8,0.35 72.0842
0.2,0.8,0.4 1.05867
0.2,0.85,0.1 0.000197838
0.2,0.85,0.15 0.0127826
0.2,0.85,0.2 0.139128
0.2,0.85,0.25 0.648731
0.2,0.85,0.3 0.338876
0.2,0.85,0.35 0.0784053
0.2,0.85,0.4 0.00114994
0.25,0.05,0 1.08787e-12
0.25,0.05,0.05 0.0221134
0.25,0.05,0.1 0.0948981
0.25,0.05,0.15 17.8749
0.25,0.05,0.2 57.3431
0.25,0.05,0.25 26.5395
0.25,0.05,0.3 45.1609
0.25,0.05,0.35 20.4411
0.25,0.05,0.4 0.320923
0.25,0.1,0 7.36776e-10
0.25,0.1,0.05 14.9758
0.25,0.1,0.1 59.9781
0.25,0.1,0.15 110.669
0.25,0.1,0.2 332.28
0.25,0.1,0.25 220.688
0.25,0.1,0.3 364.331
0.25,0.1,0.35 180.35
0.25,0.1,0.4 2.92571
0.25,0.15,0 2.01665e-09
0.25,0.15,0.05 41.5913
0.25,0.15,0.1 191.65
0.25,0.15,0.15 253.445
0.25,0.15,0.2 564.511
0.25,0.15,0.25 608.431
0.25,0.15,0.3 381.654
0.25,0.15,0.35 185.547
0.25,0.15,0.4 16.571
0.25,0.15,0.45 0.0203911
0.25,0.2,0 3.41922e-10
0.25,0.2,0.05 15.6136
0.25,0.2,0.1 230.425
0.25,0.2,0.15 528.768
0.25,0.2,0.2 575.44
