0.8375,0.575,0.7 358.999
0.8375,0.575,0.7125 395.834
0.8375,0.575,0.725 440.201
0.8375,0.575,0.7375 454.376
0.8375,0.575,0.75 425.234
0.8375,0.575,0.7625 386.107
0.8375,0.575,0.775 387.346
0.8375,0.575,0.7875 425.401
0.8375,0.575,0.8 413.912
0.8375,0.575,0.8125 388.093
0.8375,0.575,0.825 381.938
0.8375,0.575,0.8375 412.699
0.8375,0.575,0.85 390.248
0.8375,0.575,0.8625 416.362
0.8375,0.575,0.875 417.043
0.8375,0.575,0.8875 348.942
0.8375,0.575,0.9 157.881
0.8375,0.575,0.9125 25.6101
0.8375,0.575,0.925 0.0613627
0.8375,0.5875,0.5625 2.54512
0.8375,0.5875,0.575 35.1272
0.8375,0.5875,0.5875 153.166
0.8375,0.5875,0.6 331.107
0.8375,0.5875,0.6125 391.41
0.8375,0.5875,0.625 406.429
0.8375,0.5875,0.6375 371.321
0.8375,0.5875,0.65 355.078
0.8375,0.5875,0.6625 384.045
0.8375,0.5875,0.675 396.913
0.8375,0.5875,0.6875 380.938
0.8375,0.5875,0.7 381.774
0.8375,0.5875,0.7125 428.162
0.8375,0.5875,0.725 440.406
0.8375,0.5875,0.7375 402.713
0.8375,0.5875,0.75 421.352
0.8375,0.5875,0.7625 417.794
0.8375,0.5875,0.775 435.568
0.8375,0.5875,0.7875 425.368
0.8375,0.5875,0.8 420.087
0.8375,0.5875,0.8125 402.099
0.8375,0.5875,0.825 403.239
0.8375,0.5875,0.8375 421.218
0.8375,0.5875,0.85 401.61
0.8375,0.5875,0.8625 430.43
0.8375,0.5875,0.875 361.778
0.8375,0.5875,0.8875 198.378
0.8375,0.5875,0.9 40.5089
0.8375,0.5875,0.9125 2.91158
0.8375,0.5875,0.925 0.000358627
0.8375,0.6,0.5625 0.115015
0.8375,0.6,0.575 3.72998
0.8375,0.6,0.5875 48.0506
0.8375,0.6,0.6 273.752
0.8375,0.6,0.6125 416.619
0.8375,0.6,0.625 381.62
0.8375,0.6,0.6375 387.266
0.8375,0.6,0.65 413.586
0.8375,0.6,0.6625 423.929
0.8375,0.6,0.675 422.534
0.8375,0.6,0.6875 365.389
0.8375,0.6,0.7 390.929
0.8375,0.6,0.7125 419.175
0.8375,0.6,0.725 412.78
0.8375,0.6,0.7375 394.817
0.8375,0.6,0.75 391.01
0.8375,0.6,0.7625 431.506
0.8375,0.6,0.775 395.301
0.8375,0.6,0.7875 356.487
0.8375,0.6,0.8 370.624
0.8375,0.6,0.8125 388.546
0.8375,0.6,0.825 388.742
0.8375,0.6,0.8375 402.426
0.8375,0.6,0.85 389.578
0.8375,0.6,0.8625 355.786
0.8375,0.6,0.875 318.35
0.8375,0.6,0.8875 93.6727
0.8375,0.6,0.9 3.77406
0.8375,0.6,0.9125 0.123829
0.8375,0.6,0.925 9.09246e-06
0.8375,0.6125,0.575 0.0918022
0.8375,0.6125,0.5875 11.7825
0.8375,0.6125,0.6 131.335
0.8375,0.6125,0.6125 332.94
0.8375,0.6125,0.625 364.118
0.8375,0.6125,0.6375 378.366
0.8375,0.6125,0.65 394.44
0.8375,0.6125,0.6625 383.743
0.8375,0.6125,0.675 393.876
0.8375,0.6125,0.6875 389.506
0.8375,0.6125,0.7 392.855
0.8375,0.6125,0.7125 403.577
0.8375,0.6125,0.725 404.66
0.8375,0.6125,0.7375 399.399
0.8375,0.6125,0.75 361.529
0.8375,0.6125,0.7625 394.991
0.8375,0.6125,0.775 383.037
0.8375,0.6125,0.7875 364.249
0.8375,0.6125,0.8 405.37
0.8375,0.6125,0.8125 377.493
0.8375,0.6125,0.825 350.19
0.8375,0.6125,0.8375 393.851
0.8375,0.6125,0.85 403.173
0.8375,0.6125,0.8625 300.425
0.8375,0.6125,0.875 181.144
0.8375,0.6125,0.8875 35.828
0.8375,0.6125,0.9 0.0810183
0.8375,0.6125,0.9125 1.91911e-05
0.8375,0.625,0.5875 1.27847
0.8375,0.625,0.6 27.524
0.8375,0.625,0.6125 136.907
0.8375,0.625,0.625 289.448
0.8375,0.625,0.6375 360.28
0.8375,0.625,0.65 403.936
0.8375,0.625,0.6625 390.087
0.8375,0.625,0.675 434.541
0.8375,0.625,0.6875 439.623
0.8375,0.625,0.7 394.104
0.8375,0.625,0.7125 417.28
0.8375,0.625,0.725 455.886
0.8375,0.625,0.7375 449.855
0.8375,0.625,0.75 377.882
0.8375,0.625,0.7625 403.587
0.8375,0.625,0.775 435.917
0.8375,0.625,0.7875 391.027
0.8375,0.625,0.8 387.99
0.8375,0.625,0.8125 372.172
0.8375,0.625,0.825 392.421
0.8375,0.625,0.8375 377.715
0.8375,0.625,0.85 303.463
0.8375,0.625,0.8625 176.339
0.8375,0.625,0.875 58.4066
0.8375,0.625,0.8875 4.57774
0.8375,0.625,0.9 0.00095623
0.8375,0.6375,0.6 1.61655
0.8375,0.6375,0.6125 25.3776
0.8375,0.6375,0.625 148.161
0.8375,0.6375,0.6375 255.935
0.8375,0.6375,0.65 305.123
0.8375,0.6375,0.6625 374.455
0.8375,0.6375,0.675 422.079
0.8375,0.6375,0.6875 389.227
0.8375,0.6375,0.7 353.912
0.8375,0.6375,0.7125 387.228
0.8375,0.6375,0.725 423.348
0.8375,0.6375,0.7375 399.138
0.8375,0.6375,0.75 394.737
0.8375,0.6375,0.7625 413.082
0.8375,0.6375,0.775 376.14
0.8375,0.6375,0.7875 393.574
0.8375,0.6375,0.8 405.908
0.8375,0.6375,0.8125 391.661
0.8375,0.6375,0.825 366.622
0.8375,0.6375,0.8375 284.843
0.8375,0.6375,0.85 151.933
0.8375,0.6375,0.8625 43.3417
0.8375,0.6375,0.875 7.60925
0.8375,0.6375,0.8875 0.0447426
0.8375,0.65,0.6125 2.5388
0.8375,0.65,0.625 23.1094
0.8375,0.65,0.6375 50.6512
0.8375,0.65,0.65 126.277
0.8375,0.65,0.6625 290.958
0.8375,0.65,0.675 366.461
0.8375,0.65,0.6875 372.893
0.8375,0.65,0.7 373.609
0.8375,0.65,0.7125 415.037
0.8375,0.65,0.725 417.766
0.8375,0.65,0.7375 388.667
0.8375,0.65,0.75 376.663
0.8375,0.65,0.7625 420.323
0.8375,0.65,0.775 404.415
0.8375,0.65,0.7875 386.577
0.8375,0.65,0.8 361.183
0.8375,0.65,0.8125 308.945
0.8375,0.65,0.825 172.609
0.8375,0.65,0.8375 66.5774
0.8375,0.65,0.85 23.3473
0.8375,0.65,0.8625 3.91016
0.8375,0.65,0.875 0.00434497
0.8375,0.6625,0.625 0.022098
0.8375,0.6625,0.6375 3.00456
0.8375,0.6625,0.65 28.0318
0.8375,0.6625,0.6625 115.483
0.8375,0.6625,0.675 173.053
0.8375,0.6625,0.6875 291.693
0.8375,0.6625,0.7 300.434
0.8375,0.6625,0.7125 322.741
0.8375,0.6625,0.725 321.599
0.8375,0.6625,0.7375 321.728
0.8375,0.6625,0.75 360.863
0.8375,0.6625,0.7625 404.424
0.8375,0.6625,0.775 362.263
0.8375,0.6625,0.7875 286.482
0.8375,0.6625,0.8 202.476
0.8375,0.6625,0.8125 130.58
0.8375,0.6625,0.825 36.7389
0.8375,0.6625,0.8375 4.26854
0.8375,0.6625,0.85 0.0976393
0.8375,0.6625,0.8625 0.000705388
0.8375,0.675,0.6375 0.0291287
0.8375,0.675,0.65 1.47727
0.8375,0.675,0.6625 11.3972
0.8375,0.675,0.675 19.7629
0.8375,0.675,0.6875 62.7506
0.8375,0.675,0.7 114.661
0.8375,0.675,0.7125 114.689
0.8375,0.675,0.725 121.652
0.8375,0.675,0.7375 122.874
0.8375,0.675,0.75 162.055
0.8375,0.675,0.7625 167.038
0.8375,0.675,0.775 132.361
0.8375,0.675,0.7875 76.5936
0.8375,0.675,0.8 35.8499
0.8375,0.675,0.8125 21.3504
0.8375,0.675,0.825 4.46202
0.8375,0.675,0.8375 0.204519
0.8375,0.675,0.85 0.00111513
0.8375,0.6875,0.675 0.020524
0.8375,0.6875,0.6875 4.10563
0.8375,0.6875,0.7 16.4757
0.8375,0.6875,0.7125 11.9326
0.8375,0.6875,0.725 13.0799
0.8375,0.6875,0.7375 11.1528
0.8375,0.6875,0.75 12.2458
0.8375,0.6875,0.7625 12.7551
0.8375,0.6875,0.775 12.144
0.8375,0.6875,0.7875 5.05209
0.8375,0.6875,0.8 0.154676
0.85,0.3,0.6875 8.58247e-10
0.85,0.3,0.7 0.00171025
0.85,0.3,0.7125 0.0150619
0.85,0.3,0.725 0.00904058
0.85,0.3,0.7375 0.00259537
0.85,0.3,0.75 0.00300679
0.85,0.3,0.7625 0.00562965
0.85,0.3,0.775 0.0020658
0.85,0.3,0.7875 9.05484e-06
0.85,0.3,0.8 3.17232e-09
0.85,0.3125,0.65 7.03234e-07
0.85,0.3125,0.6625 0.000181234
0.85,0.3125,0.675 0.00921411
0.85,0.3125,0.6875 0.0963173
0.85,0.3125,0.7 0.49642
0.85,0.3125,0.7125 2.21127
0.85,0.3125,0.725 2.03565
0.85,0.3125,0.7375 1.35603
0.85,0.3125,0.75 0.978119
0.85,0.3125,0.7625 1.94094
0.85,0.3125,0.775 0.879422
0.85,0.3125,0.7875 0.0861078
0.85,0.3125,0.8 0.0188284
0.85,0.3125,0.8125 0.00368567
0.85,0.3125,0.825 0.000575328
0.85,0.3125,0.8375 3.2561e-06
0.85,0.325,0.6375 2.98479e-06
0.85,0.325,0.65 0.0244568
0.85,0.325,0.6625 0.344565
0.85,0.325,0.675 4.31144
0.85,0.325,0.6875 25.2261
0.85,0.325,0.7 44.6291
0.85,0.325,0.7125 98.2721
0.85,0.325,0.725 101.969
0.85,0.325,0.7375 119.335
0.85,0.325,0.75 102.475
0.85,0.325,0.7625 93.1011
0.85,0.325,0.775 46.67
0.85,0.325,0.7875 33.7832
0.85,0.325,0.8 11.8364
0.85,0.325,0.8125 1.07511
0.85,0.325,0.825 0.279605
0.85,0.325,0.8375 0.00373607
0.85,0.325,0.85 3.44514e-07
0.85,0.3375,0.6125 0.000283712
0.85,0.3375,0.625 0.0166016
0.85,0.3375,0.6375 0.182596
0.85,0.3375,0.65 5.12381
0.85,0.3375,0.6625 38.7587
0.85,0.3375,0.675 91.6925
0.85,0.3375,0.6875 153.743
0.85,0.3375,0.7 233.058
0.85,0.3375,0.7125 346.354
0.85,0.3375,0.725 337.594
0.85,0.3375,0.7375 356.257
0.85,0.3375,0.75 347.271
0.85,0.3375,0.7625 314.304
0.85,0.3375,0.775 205.346
0.85,0.3375,0.7875 197.211
0.85,0.3375,0.8 120.641
0.85,0.3375,0.8125 43.5655
0.85,0.3375,0.825 14.3829
0.85,0.3375,0.8375 0.548933
0.85,0.3375,0.85 0.0261468
0.85,0.3375,0.8625 0.00195169
0.85,0.3375,0.875 4.96585e-06
0.85,0.35,0.6 0.00130225
0.85,0.35,0.6125 0.079123
0.85,0.35,0.625 5.38031
0.85,0.35,0.6375 40.0369
0.85,0.35,0.65 100.601
0.85,0.35,0.6625 218.348
0.85,0.35,0.675 327.256
0.85,0.35,0.6875 335.146
0.85,0.35,0.7 405.732
0.85,0.35,0.7125 409.34
0.85,0.35,0.725 398.842
0.85,0.35,0.7375 415.319
0.85,0.35,0.75 404
0.85,0.35,0.7625 398.113
0.85,0.35,0.775 359.627
0.85,0.35,0.7875 346.301
0.85,0.35,0.8 324.616
0.85,0.35,0.8125 184.755
0.85,0.35,0.825 110.731
0.85,0.35,0.8375 51.8425
0.85,0.35,0.85 8.25293
0.85,0.35,0.8625 0.267523
0.85,0.35,0.875 0.00565136
0.85,0.35,0.8875 3.02456e-05
0.85,0.3625,0.575 2.33368e-12
0.85,0.3625,0.5875 3.03829e-06
0.85,0.3625,0.6 0.235867
0.85,0.3625,0.6125 4.73412
0.85,0.3625,0.625 45.0949
0.85,0.3625,0.6375 178.855
0.85,0.3625,0.65 289.777
0.85,0.3625,0.6625 377.443
0.85,0.3625,0.675 433.128
0.85,0.3625,0.6875 420.62
0.85,0.3625,0.7 400.337
0.85,0.3625,0.7125 428.377
0.85,0.3625,0.725 438.813
0.85,0.3625,0.7375 457.834
0.85,0.3625,0.75 444.964
0.85,0.3625,0.7625 414.088
0.85,0.3625,0.775 401.88
0.85,0.3625,0.7875 407.082
0.85,0.3625,0.8 399.493
0.85,0.3625,0.8125 375.081
0.85,0.3625,0.825 355.346
0.85,0.3625,0.8375 232.159
0.85,0.3625,0.85 77.9677
0.85,0.3625,0.8625 11.0604
0.85,0.3625,0.875 0.608874
0.85,0.3625,0.8875 0.00370127
0.85,0.3625,0.9 6.35999e-07
0.85,0.375,0.575 1.56183e-07
0.85,0.375,0.5875 0.227613
0.85,0.375,0.6 3.28406
0.85,0.375,0.6125 45.1731
0.85,0.375,0.625 195.655
0.85,0.375,0.6375 337.268
0.85,0.375,0.65 394.531
0.85,0.375,0.6625 397.413
0.85,0.375,0.675 432.031
0.85,0.375,0.6875 431.359
0.85,0.375,0.7 379.442
0.85,0.375,0.7125 414.223
0.85,0.375,0.725 415.317
0.85,0.375,0.7375 431.215
0.85,0.375,0.75 387.223
0.85,0.375,0.7625 379.068
0.85,0.375,0.775 393.569
0.85,0.375,0.7875 439.271
0.85,0.375,0.8 403.321
0.85,0.375,0.8125 393.85
0.85,0.375,0.825 394.704
0.85,0.375,0.8375 349.691
0.85,0.375,0.85 225.512
0.85,0.375,0.8625 66.4553
0.85,0.375,0.875 10.7874
0.85,0.375,0.8875 0.164768
0.85,0.375,0.9 0.000458885
0.85,0.3875,0.575 1.8214e-05
0.85,0.3875,0.5875 4.16745
0.85,0.3875,0.6 44.2745
0.85,0.3875,0.6125 167.245
0.85,0.3875,0.625 346.804
0.85,0.3875,0.6375 391.81
0.85,0.3875,0.65 361.469
0.85,0.3875,0.6625 368.387
0.85,0.3875,0.675 416.045
0.85,0.3875,0.6875 399.228
0.85,0.3875,0.7 381.065
0.85,0.3875,0.7125 370.643
0.85,0.3875,0.725 371.843
0.85,0.3875,0.7375 382.045
0.85,0.3875,0.75 350.636
0.85,0.3875,0.7625 386.385
0.85,0.3875,0.775 412.771
0.85,0.3875,0.7875 431.116
0.85,0.3875,0.8 429.917
0.85,0.3875,0.8125 416.708
0.85,0.3875,0.825 390.264
0.85,0.3875,0.8375 424.171
0.85,0.3875,0.85 351.281
0.85,0.3875,0.8625 213.373
0.85,0.3875,0.875 77.8091
0.85,0.3875,0.8875 11.0013
0.85,0.3875,0.9 0.0641003
0.85,0.4,0.5625 0.00156358
0.85,0.4,0.575 0.07698
0.85,0.4,0.5875 16.593
0.85,0.4,0.6 162.52
0.85,0.4,0.6125 311.124
0.85,0.4,0.625 366.684
0.85,0.4,0.6375 450.164
0.85,0.4,0.65 411.489
0.85,0.4,0.6625 376.255
0.85,0.4,0.675 404.44
0.85,0.4,0.6875 370.722
0.85,0.4,0.7 383.744
0.85,0.4,0.7125 403.316
0.85,0.4,0.725 374.393
0.85,0.4,0.7375 361.268
0.85,0.4,0.75 370.567
0.85,0.4,0.7625 360.998
0.85,0.4,0.775 398.489
0.85,0.4,0.7875 426.612
0.85,0.4,0.8 391.302
0.85,0.4,0.8125 408.141
0.85,0.4,0.825 411.424
0.85,0.4,0.8375 406.34
0.85,0.4,0.85 395.887
0.85,0.4,0.8625 358.99
0.85,0.4,0.875 237.927
0.85,0.4,0.8875 56.8579
0.85,0.4,0.9 0.321546
0.85,0.4,0.9125 0.00167034
0.85,0.4,0.925 1.38593e-05
0.85,0.4125,0.5625 0.147208
0.85,0.4125,0.575 6.01471
0.85,0.4125,0.5875 67.0164
0.85,0.4125,0.6 288.939
0.85,0.4125,0.6125 397.564
0.85,0.4125,0.625 380.829
0.85,0.4125,0.6375 432.689
0.85,0.4125,0.65 427.958
0.85,0.4125,0.6625 379.411
0.85,0.4125,0.675 422.825
0.85,0.4125,0.6875 415.045
0.85,0.4125,0.7 418.447
0.85,0.4125,0.7125 430.199
0.85,0.4125,0.725 418.866
0.85,0.4125,0.7375 377.459
0.85,0.4125,0.75 428.75
0.85,0.4125,0.7625 408.817
0.85,0.4125,0.775 436.231
0.85,0.4125,0.7875 417.662
0.85,0.4125,0.8 381.521
0.85,0.4125,0.8125 434.426
0.85,0.4125,0.825 407.938
0.85,0.4125,0.8375 361.977
0.85,0.4125,0.85 392.939
0.85,0.4125,0.8625 397.846
0.85,0.4125,0.875 335.937
0.85,0.4125,0.8875 110.592
0.85,0.4125,0.9 14.1176
0.85,0.4125,0.9125 0.327943
0.85,0.4125,0.925 0.00256241
0.85,0.425,0.5625 0.302295
0.85,0.425,0.575 19.2179
0.85,0.425,0.5875 158.478
0.85,0.425,0.6 327.983
0.85,0.425,0.6125 385.909
0.85,0.425,0.625 407.803
0.85,0.425,0.6375 402.107
0.85,0.425,0.65 384.171
0.85,0.425,0.6625 382.008
0.85,0.425,0.675 381.2
0.85,0.425,0.6875 447.073
0.85,0.425,0.7 408.874
0.85,0.425,0.7125 398.746
0.85,0.425,0.725 391.982
0.85,0.425,0.7375 419.442
0.85,0.425,0.75 400.958
0.85,0.425,0.7625 399.826
0.85,0.425,0.775 435.755
0.85,0.425,0.7875 412.841
0.85,0.425,0.8 419.936
0.85,0.425,0.8125 447.905
0.85,0.425,0.825 418.222
0.85,0.425,0.8375 368.853
0.85,0.425,0.85 411.033
0.85,0.425,0.8625 398.916
0.85,0.425,0.875 343.592
0.85,0.425,0.8875 216.579
0.85,0.425,0.9 57.2836
0.85,0.425,0.9125 0.975926
0.85,0.425,0.925 0.00694927
0.85,0.4375,0.55 0.00308521
0.85,0.4375,0.5625 3.00185
0.85,0.4375,0.575 58.0129
0.85,0.4375,0.5875 305.484
0.85,0.4375,0.6 427.004
0.85,0.4375,0.6125 411.756
0.85,0.4375,0.625 418.549
0.85,0.4375,0.6375 396.014
0.85,0.4375,0.65 384.092
0.85,0.4375,0.6625 443.413
0.85,0.4375,0.675 402.322
0.85,0.4375,0.6875 431.814
0.85,0.4375,0.7 412.053
0.85,0.4375,0.7125 364.47
0.85,0.4375,0.725 367.727
0.85,0.4375,0.7375 395.08
0.85,0.4375,0.75 363.94
0.85,0.4375,0.7625 383.285
0.85,0.4375,0.775 421.696
0.85,0.4375,0.7875 386.889
0.85,0.4375,0.8 430.139
0.85,0.4375,0.8125 388.621
0.85,0.4375,0.825 384.818
0.85,0.4375,0.8375 401.249
0.85,0.4375,0.85 380.463
0.85,0.4375,0.8625 372.477
0.85,0.4375,0.875 352.774
0.85,0.4375,0.8875 321.001
0.85,0.4375,0.9 118.998
0.85,0.4375,0.9125 14.223
0.85,0.4375,0.925 0.118977
0.85,0.4375,0.9375 9.77444e-08
0.85,0.45,0.55 0.355338
0.85,0.45,0.5625 17.1514
0.85,0.45,0.575 144.589
0.85,0.45,0.5875 353.089
0.85,0.45,0.6 397.69
0.85,0.45,0.6125 423.42
0.85,0.45,0.625 441.368
0.85,0.45,0.6375 388.827
0.85,0.45,0.65 387.844
0.85,0.45,0.6625 446.808
0.85,0.45,0.675 411.329
0.85,0.45,0.6875 394.127
0.85,0.45,0.7 366.506
0.85,0.45,0.7125 376.437
0.85,0.45,0.725 429.968
0.85,0.45,0.7375 370.413
0.85,0.45,0.75 376.402
0.85,0.45,0.7625 417.741
0.85,0.45,0.775 431.215
0.85,0.45,0.7875 383.202
0.85,0.45,0.8 421.978
0.85,0.45,0.8125 391.015
0.85,0.45,0.825 392.976
0.85,0.45,0.8375 415.64
0.85,0.45,0.85 390.125
0.85,0.45,0.8625 381.509
0.85,0.45,0.875 401.237
0.85,0.45,0.8875 370.844
0.85,0.45,0.9 170.545
0.85,0.45,0.9125 34.3218
0.85,0.45,0.925 0.298187
0.85,0.45,0.9375 4.38899e-05
0.85,0.4625,0.55 0.705161
0.85,0.4625,0.5625 33.102
0.85,0.4625,0.575 223.463
0.85,0.4625,0.5875 380.136
0.85,0.4625,0.6 368.843
0.85,0.4625,0.6125 408.002
0.85,0.4625,0.625 420.264
0.85,0.4625,0.6375 373.615
0.85,0.4625,0.65 394.703
0.85,0.4625,0.6625 423.777
0.85,0.4625,0.675 404.63
0.85,0.4625,0.6875 380.196
0.85,0.4625,0.7 378.728
0.85,0.4625,0.7125 395.385
0.85,0.4625,0.725 426.006
0.85,0.4625,0.7375 366.78
0.85,0.4625,0.75 375.191
0.85,0.4625,0.7625 391.881
0.85,0.4625,0.775 413.005
0.85,0.4625,0.7875 411.332
0.85,0.4625,0.8 433.717
0.85,0.4625,0.8125 448.251
0.85,0.4625,0.825 404.754
0.85,0.4625,0.8375 399.095
0.85,0.4625,0.85 407.674
0.85,0.4625,0.8625 427.197
0.85,0.4625,0.875 400.748
0.85,0.4625,0.8875 401.113
0.85,0.4625,0.9 264.88
0.85,0.4625,0.9125 58.6287
0.85,0.4625,0.925 0.775673
0.85,0.4625,0.9375 0.00267485
0.85,0.475,0.55 0.282951
0.85,0.475,0.5625 44.3219
0.85,0.475,0.575 296.514
0.85,0.475,0.5875 404.758
0.85,0.475,0.6 373.802
0.85,0.475,0.6125 412.904
0.85,0.475,0.625 404.327
0.85,0.475,0.6375 406.55
0.85,0.475,0.65 433.582
0.85,0.475,0.6625 419.248
0.85,0.475,0.675 400.354
0.85,0.475,0.6875 373.164
0.85,0.475,0.7 387.579
0.85,0.475,0.7125 451.876
0.85,0.475,0.725 431.366
0.85,0.475,0.7375 388.876
0.85,0.475,0.75 411.317
0.85,0.475,0.7625 425.439
0.85,0.475,0.775 405.438
0.85,0.475,0.7875 401.615
0.85,0.475,0.8 389.852
0.85,0.475,0.8125 403.012
0.85,0.475,0.825 423.966
0.85,0.475,0.8375 381.024
0.85,0.475,0.85 382.46
0.85,0.475,0.8625 368.516
0.85,0.475,0.875 382.503
0.85,0.475,0.8875 388.936
0.85,0.475,0.9 334.389
0.85,0.475,0.9125 98.183
0.85,0.475,0.925 1.23692
0.85,0.475,0.9375 0.00557198
0.85,0.4875,0.55 0.490479
0.85,0.4875,0.5625 39.9941
0.85,0.4875,0.575 248.762
0.85,0.4875,0.5875 358.435
0.85,0.4875,0.6 353.299
0.85,0.4875,0.6125 361.665
0.85,0.4875,0.625 347.109
0.85,0.4875,0.6375 394.57
0.85,0.4875,0.65 440.759
0.85,0.4875,0.6625 409.921
0.85,0.4875,0.675 372.986
0.85,0.4875,0.6875 380.088
0.85,0.4875,0.7 437.445
0.85,0.4875,0.7125 479.134
0.85,0.4875,0.725 451.686
0.85,0.4875,0.7375 418.341
0.85,0.4875,0.75 441.24
0.85,0.4875,0.7625 446.144
0.85,0.4875,0.775 406.73
0.85,0.4875,0.7875 436.221
0.85,0.4875,0.8 447.326
0.85,0.4875,0.8125 395.55
0.85,0.4875,0.825 405.106
0.85,0.4875,0.8375 408.892
0.85,0.4875,0.85 416.185
0.85,0.4875,0.8625 389.248
0.85,0.4875,0.875 399.373
0.85,0.4875,0.8875 411.05
0.85,0.4875,0.9 317.387
0.85,0.4875,0.9125 82.4666
0.85,0.4875,0.925 0.67737
0.85,0.4875,0.9375 0.00186282
0.85,0.5,0.55 0.35676
0.85,0.5,0.5625 48.0933
0.85,0.5,0.575 288.892
0.85,0.5,0.5875 359.333
0.85,0.5,0.6 363.471
0.85,0.5,0.6125 379.429
0.85,0.5,0.625 398.99
0.85,0.5,0.6375 429.244
0.85,0.5,0.65 388.334
0.85,0.5,0.6625 352.209
0.85,0.5,0.675 386.44
0.85,0.5,0.6875 424.437
0.85,0.5,0.7 418.044
0.85,0.5,0.7125 425.294
0.85,0.5,0.725 421.757
0.85,0.5,0.7375 440.292
0.85,0.5,0.75 451.848
0.85,0.5,0.7625 469.94
0.85,0.5,0.775 382.444
0.85,0.5,0.7875 391.779
0.85,0.5,0.8 449.562
0.85,0.5,0.8125 420.412
0.85,0.5,0.825 421.21
0.85,0.5,0.8375 427.138
0.85,0.5,0.85 418.19
0.85,0.5,0.8625 429.341
0.85,0.5,0.875 383.82
0.85,0.5,0.8875 365.993
0.85,0.5,0.9 308.169
0.85,0.5,0.9125 78.3569
0.85,0.5,0.925 1.15902
0.85,0.5,0.9375 0.000141802
0.85,0.5125,0.55 0.612191
0.85,0.5125,0.5625 49.9237
0.85,0.5125,0.575 316.78
0.85,0.5125,0.5875 401.513
0.85,0.5125,0.6 402.523
0.85,0.5125,0.6125 406.466
0.85,0.5125,0.625 412.662
0.85,0.5125,0.6375 413.53
0.85,0.5125,0.65 383.748
0.85,0.5125,0.6625 394.199
0.85,0.5125,0.675 427.779
0.85,0.5125,0.6875 445.2
0.85,0.5125,0.7 415.521
0.85,0.5125,0.7125 412.437
0.85,0.5125,0.725 400.686
0.85,0.5125,0.7375 385.607
0.85,0.5125,0.75 416.007
0.85,0.5125,0.7625 428.55
0.85,0.5125,0.775 418.05
0.85,0.5125,0.7875 437.588
0.85,0.5125,0.8 473.977
0.85,0.5125,0.8125 458.45
0.85,0.5125,0.825 415.964
0.85,0.5125,0.8375 400.322
0.85,0.5125,0.85 413.086
0.85,0.5125,0.8625 413.839
0.85,0.5125,0.875 383.699
0.85,0.5125,0.8875 412.436
0.85,0.5125,0.9 356.593
0.85,0.5125,0.9125 76.1489
0.85,0.5125,0.925 0.635609
0.85,0.5125,0.9375 9.49705e-05
0.85,0.525,0.55 0.68922
0.85,0.525,0.5625 34.9493
0.85,0.525,0.575 270.014
0.85,0.525,0.5875 403.193
0.85,0.525,0.6 397.648
0.85,0.525,0.6125 365.045
0.85,0.525,0.625 363.581
0.85,0.525,0.6375 397.916
0.85,0.525,0.65 449.213
0.85,0.525,0.6625 407.433
0.85,0.525,0.675 384.767
0.85,0.525,0.6875 436.881
0.85,0.525,0.7 444.488
0.85,0.525,0.7125 428.663
0.85,0.525,0.725 421.055
0.85,0.525,0.7375 402.706
0.85,0.525,0.75 441.837
0.85,0.525,0.7625 425.179
0.85,0.525,0.775 421.204
0.85,0.525,0.7875 412.918
0.85,0.525,0.8 424.423
0.85,0.525,0.8125 419.043
0.85,0.525,0.825 431.368
0.85,0.525,0.8375 388.443
0.85,0.525,0.85 398.959
0.85,0.525,0.8625 385.577
0.85,0.525,0.875 392.104
0.85,0.525,0.8875 446.722
0.85,0.525,0.9 351.681
0.85,0.525,0.9125 76.9688
0.85,0.525,0.925 0.521304
0.85,0.525,0.9375 0.000337727
0.85,0.5375,0.55 0.209465
0.85,0.5375,0.5625 18.7989
0.85,0.5375,0.575 161.047
0.85,0.5375,0.5875 366.271
0.85,0.5375,0.6 402.227
0.85,0.5375,0.6125 365.285
0.85,0.5375,0.625 389.753
0.85,0.5375,0.6375 434.847
0.85,0.5375,0.65 441.003
0.85,0.5375,0.6625 393.795
0.85,0.5375,0.675 376.346
0.85,0.5375,0.6875 420.352
0.85,0.5375,0.7 440.242
0.85,0.5375,0.7125 387.979
0.85,0.5375,0.725 407.504
0.85,0.5375,0.7375 399.86
0.85,0.5375,0.75 396.569
0.85,0.5375,0.7625 456.175
0.85,0.5375,0.775 440.544
0.85,0.5375,0.7875 448.8
0.85,0.5375,0.8 415.341
0.85,0.5375,0.8125 379.607
0.85,0.5375,0.825 404.705
0.85,0.5375,0.8375 439.902
0.85,0.5375,0.85 416.169
0.85,0.5375,0.8625 371.387
0.85,0.5375,0.875 374.809
0.85,0.5375,0.8875 394.401
0.85,0.5375,0.9 214.84
0.85,0.5375,0.9125 39.7086
0.85,0.5375,0.925 0.687948
0.85,0.5375,0.9375 7.86864e-05
0.85,0.55,0.55 0.0183417
0.85,0.55,0.5625 17.1263
0.85,0.55,0.575 141.496
0.85,0.55,0.5875 323.385
0.85,0.55,0.6 353.817
0.85,0.55,0.6125 361.453
0.85,0.55,0.625 414.651
0.85,0.55,0.6375 426.215
0.85,0.55,0.65 419.696
0.85,0.55,0.6625 425.691
0.85,0.55,0.675 409.613
0.85,0.55,0.6875 424.684
0.85,0.55,0.7 410.391
0.85,0.55,0.7125 413.253
0.85,0.55,0.725 439.211
0.85,0.55,0.7375 389.454
0.85,0.55,0.75 400.243
0.85,0.55,0.7625 428.542
0.85,0.55,0.775 405.859
0.85,0.55,0.7875 444.479
0.85,0.55,0.8 416.544
0.85,0.55,0.8125 422.313
0.85,0.55,0.825 407.439
0.85,0.55,0.8375 405.542
0.85,0.55,0.85 413.935
0.85,0.55,0.8625 375.854
0.85,0.55,0.875 402.551
0.85,0.55,0.8875 376.826
0.85,0.55,0.9 147.381
0.85,0.55,0.9125 19.8113
0.85,0.55,0.925 0.122932
0.85,0.55,0.9375 4.14185e-07
0.85,0.5625,0.5625 3.63705
0.85,0.5625,0.575 62.9155
0.85,0.5625,0.5875 258.751
0.85,0.5625,0.6 336.218
0.85,0.5625,0.6125 381.096
0.85,0.5625,0.625 401.562
0.85,0.5625,0.6375 392.145
0.85,0.5625,0.65 389.434
0.85,0.5625,0.6625 368.365
0.85,0.5625,0.675 406.352
0.85,0.5625,0.6875 381.871
0.85,0.5625,0.7 352.044
0.85,0.5625,0.7125 405.916
0.85,0.5625,0.725 438.305
0.85,0.5625,0.7375 423.912
0.85,0.5625,0.75 413.808
0.85,0.5625,0.7625 402.34
0.85,0.5625,0.775 401.932
0.85,0.5625,0.7875 408.827
0.85,0.5625,0.8 394.664
0.85,0.5625,0.8125 387.219
0.85,0.5625,0.825 405.14
0.85,0.5625,0.8375 388.051
0.85,0.5625,0.85 400.364
0.85,0.5625,0.8625 376.791
0.85,0.5625,0.875 407.003
0.85,0.5625,0.8875 301.845
0.85,0.5625,0.9 72.2487
0.85,0.5625,0.9125 4.93439
0.85,0.5625,0.925 0.0123502
0.85,0.575,0.5625 0.241232
0.85,0.575,0.575 18.9595
0.85,0.575,0.5875 132.312
0.85,0.575,0.6 298.413
0.85,0.575,0.6125 416.197
0.85,0.575,0.625 409.259
0.85,0.575,0.6375 379.331
0.85,0.575,0.65 399.563
0.85,0.575,0.6625 399.007
0.85,0.575,0.675 410.734
0.85,0.575,0.6875 393.595
0.85,0.575,0.7 352.105
0.85,0.575,0.7125 393.435
0.85,0.575,0.725 411.766
0.85,0.575,0.7375 433.963
0.85,0.575,0.75 413.693
0.85,0.575,0.7625 392.232
0.85,0.575,0.775 373.669
0.85,0.575,0.7875 401.642
0.85,0.575,0.8 392.705
0.85,0.575,0.8125 416.485
0.85,0.575,0.825 403.769
0.85,0.575,0.8375 421.335
0.85,0.575,0.85 398.403
0.85,0.575,0.8625 429.632
0.85,0.575,0.875 412.596
0.85,0.575,0.8875 199.423
0.85,0.575,0.9 30.8923
0.85,0.575,0.9125 0.569031
0.85,0.575,0.925 0.00220062
0.85,0.5875,0.5625 0.0267403
0.85,0.5875,0.575 2.53677
0.85,0.5875,0.5875 54.0955
0.85,0.5875,0.6 279
0.85,0.5875,0.6125 406.661
0.85,0.5875,0.625 408.058
0.85,0.5875,0.6375 376.779
0.85,0.5875,0.65 410.383
0.85,0.5875,0.6625 399.647
0.85,0.5875,0.675 381.605
0.85,0.5875,0.6875 402.999
0.85,0.5875,0.7 411.5
0.85,0.5875,0.7125 422.414
0.85,0.5875,0.725 428.964
0.85,0.5875,0.7375 374.162
0.85,0.5875,0.75 416.435
0.85,0.5875,0.7625 387.411
0.85,0.5875,0.775 417.893
0.85,0.5875,0.7875 429.582
0.85,0.5875,0.8 347.315
0.85,0.5875,0.8125 411.546
0.85,0.5875,0.825 405.388
0.85,0.5875,0.8375 370.232
0.85,0.5875,0.85 384.4
0.85,0.5875,0.8625 403.979
0.85,0.5875,0.875 317.313
0.85,0.5875,0.8875 102.362
0.85,0.5875,0.9 5.55184
0.85,0.5875,0.9125 0.0392108
0.85,0.5875,0.925 4.61181e-06
0.85,0.6,0.5625 2.99793e-07
0.85,0.6,0.575 0.108883
0.85,0.6,0.5875 16.9704
0.85,0.6,0.6 146.268
0.85,0.6,0.6125 309.313
0.85,0.6,0.625 375.279
0.85,0.6,0.6375 372.189
0.85,0.6,0.65 408.243
0.85,0.6,0.6625 413.395
0.85,0.6,0.675 400.492
0.85,0.6,0.6875 407.992
0.85,0.6,0.7 382.164
0.85,0.6,0.7125 393.564
0.85,0.6,0.725 389.123
0.85,0.6,0.7375 364.823
0.85,0.6,0.75 392.214
0.85,0.6,0.7625 411.933
0.85,0.6,0.775 438.453
0.85,0.6,0.7875 445.579
0.85,0.6,0.8 379.78
0.85,0.6,0.8125 373.901
0.85,0.6,0.825 405.976
0.85,0.6,0.8375 367.986
0.85,0.6,0.85 338.509
0.85,0.6,0.8625 319.625
0.85,0.6,0.875 180.33
0.85,0.6,0.8875 36.911
0.85,0.6,0.9 0.109186
0.85,0.6125,0.5875 1.60372
0.85,0.6125,0.6 29.5909
0.85,0.6125,0.6125 140.995
0.85,0.6125,0.625 306.906
0.85,0.6125,0.6375 367.829
0.85,0.6125,0.65 390.384
0.85,0.6125,0.6625 390.002
0.85,0.6125,0.675 387.111
0.85,0.6125,0.6875 380.891
0.85,0.6125,0.7 386.004
0.85,0.6125,0.7125 420.173
0.85,0.6125,0.725 376.344
0.85,0.6125,0.7375 378.766
0.85,0.6125,0.75 391.438
0.85,0.6125,0.7625 403.872
0.85,0.6125,0.775 379.05
0.85,0.6125,0.7875 381.74
0.85,0.6125,0.8 407.537
0.85,0.6125,0.8125 369.687
0.85,0.6125,0.825 394.306
0.85,0.6125,0.8375 415.753
0.85,0.6125,0.85 350.84
0.85,0.6125,0.8625 182.207
0.85,0.6125,0.875 54.3858
0.85,0.6125,0.8875 6.87373
0.85,0.6125,0.9 0.00956043
0.85,0.625,0.5875 0.0150251
0.85,0.625,0.6 2.19231
0.85,0.625,0.6125 30.788
0.85,0.625,0.625 159.404
0.85,0.625,0.6375 311.36
0.85,0.625,0.65 363.195
0.85,0.625,0.6625 390.868
0.85,0.625,0.675 398.421
0.85,0.625,0.6875 428.649
0.85,0.625,0.7 418.33
0.85,0.625,0.7125 426.753
0.85,0.625,0.725 427.554
0.85,0.625,0.7375 406.009
0.85,0.625,0.75 396.638
0.85,0.625,0.7625 395.641
0.85,0.625,0.775 395.525
0.85,0.625,0.7875 412.981
0.85,0.625,0.8 401.585
0.85,0.625,0.8125 372.156
0.85,0.625,0.825 382.196
0.85,0.625,0.8375 321.842
0.85,0.625,0.85 177.533
0.85,0.625,0.8625 54.831
0.85,0.625,0.875 7.31496
0.85,0.625,0.8875 0.112327
0.85,0.625,0.9 2.26724e-05
0.85,0.6375,0.6 0.0472469
0.85,0.6375,0.6125 3.11207
0.85,0.6375,0.625 42.1885
0.85,0.6375,0.6375 146.01
0.85,0.6375,0.65 268.96
0.85,0.6375,0.6625 364.806
0.85,0.6375,0.675 389.321
0.85,0.6375,0.6875 386.845
0.85,0.6375,0.7 392.99
0.85,0.6375,0.7125 412.513
0.85,0.6375,0.725 439.912
0.85,0.6375,0.7375 390.767
0.85,0.6375,0.75 397.123
0.85,0.6375,0.7625 406.623
0.85,0.6375,0.775 378.343
0.85,0.6375,0.7875 384.123
0.85,0.6375,0.8 413.337
0.85,0.6375,0.8125 381.249
0.85,0.6375,0.825 295.747
0.85,0.6375,0.8375 166.347
0.85,0.6375,0.85 55.5445
0.85,0.6375,0.8625 3.54236
0.85,0.6375,0.875 0.178848
0.85,0.6375,0.8875 0.000985242
0.85,0.65,0.6125 0.104085
0.85,0.65,0.625 3.25202
0.85,0.65,0.6375 15.4092
0.85,0.65,0.65 57.8997
0.85,0.65,0.6625 157.991
0.85,0.65,0.675 251.727
0.85,0.65,0.6875 303.591
0.85,0.65,0.7 349.935
0.85,0.65,0.7125 385.509
0.85,0.65,0.725 390.34
0.85,0.65,0.7375 384.093
0.85,0.65,0.75 403.852
0.85,0.65,0.7625 406.878
0.85,0.65,0.775 327.466
0.85,0.65,0.7875 289.54
0.85,0.65,0.8 284.65
0.85,0.65,0.8125 186.7
0.85,0.65,0.825 75.1947
0.85,0.65,0.8375 29.0473
0.85,0.65,0.85 8.91123
0.85,0.65,0.8625 0.105531
0.85,0.65,0.875 4.00241e-05
0.85,0.6625,0.6375 0.0222066
0.85,0.6625,0.65 2.63966
0.85,0.6625,0.6625 16.9227
0.85,0.6625,0.675 45.3481
0.85,0.6625,0.6875 123.551
0.85,0.6625,0.7 177.402
0.85,0.6625,0.7125 258.671
0.85,0.6625,0.725 261.158
0.85,0.6625,0.7375 277.328
0.85,0.6625,0.75 292.476
0.85,0.6625,0.7625 293.332
0.85,0.6625,0.775 181.931
0.85,0.6625,0.7875 131.156
0.85,0.6625,0.8 64.6522
0.85,0.6625,0.8125 20.2503
0.85,0.6625,0.825 3.92658
0.85,0.6625,0.8375 0.0683595
0.85,0.6625,0.85 6.89878e-05
0.85,0.675,0.65 0.0293862
0.85,0.675,0.6625 0.227211
0.85,0.675,0.675 2.05433
0.85,0.675,0.6875 14.4431
0.85,0.675,0.7 20.1786
0.85,0.675,0.7125 35.9579
0.85,0.675,0.725 40.1385
0.85,0.675,0.7375 41.2486
0.85,0.675,0.75 51.4431
0.85,0.675,0.7625 51.5978
0.85,0.675,0.775 26.5847
0.85,0.675,0.7875 18.8973
0.85,0.675,0.8 7.07748
0.85,0.675,0.8125 0.529112
0.85,0.675,0.825 0.0311331
0.85,0.675,0.8375 1.81356e-05
0.85,0.6875,0.675 9.95304e-08
0.85,0.6875,0.6875 0.0594281
0.85,0.6875,0.7 0.246241
0.85,0.6875,0.7125 0.180286
0.85,0.6875,0.725 0.159931
0.85,0.6875,0.7375 0.165954
0.85,0.6875,0.75 0.432195
0.85,0.6875,0.7625 0.462708
0.85,0.6875,0.775 0.270612
0.85,0.6875,0.7875 0.0817363
0.85,0.6875,0.8 0.000759522
0.8625,0.3125,0.675 9.21212e-05
0.8625,0.3125,0.6875 0.000618887
0.8625,0.3125,0.7 0.0266541
0.8625,0.3125,0.7125 0.124653
0.8625,0.3125,0.725 0.0814968
0.8625,0.3125,0.7375 0.231984
0.8625,0.3125,0.75 0.142782
0.8625,0.3125,0.7625 0.258536
0.8625,0.3125,0.775 0.0919552
0.8625,0.3125,0.7875 0.000745805
0.8625,0.3125,0.8 0.000234789
0.8625,0.3125,0.8125 4.97693e-07
0.8625,0.325,0.65 4.52761e-06
0.8625,0.325,0.6625 0.0115044
0.8625,0.325,0.675 0.0894591
0.8625,0.325,0.6875 0.333572
0.8625,0.325,0.7 6.65213
0.8625,0.325,0.7125 33.6405
0.8625,0.325,0.725 34.3203
0.8625,0.325,0.7375 41.6234
0.8625,0.325,0.75 44.575
0.8625,0.325,0.7625 40.8882
0.8625,0.325,0.775 12.1595
0.8625,0.325,0.7875 1.05154
0.8625,0.325,0.8 0.336681
0.8625,0.325,0.8125 0.0056301
0.8625,0.325,0.825 0.00103313
0.8625,0.325,0.8375 7.20219e-06
0.8625,0.3375,0.625 0.000298236
0.8625,0.3375,0.6375 0.0499
0.8625,0.3375,0.65 0.412157
0.8625,0.3375,0.6625 6.04002
0.8625,0.3375,0.675 25.2495
0.8625,0.3375,0.6875 33.6665
0.8625,0.3375,0.7 88.7685
0.8625,0.3375,0.7125 180.485
0.8625,0.3375,0.725 198.46
0.8625,0.3375,0.7375 213.615
0.8625,0.3375,0.75 215.067
0.8625,0.3375,0.7625 183.175
0.8625,0.3375,0.775 115.398
0.8625,0.3375,0.7875 67.8771
0.8625,0.3375,0.8 40.0579
0.8625,0.3375,0.8125 7.26602
0.8625,0.3375,0.825 0.167729
0.8625,0.3375,0.8375 0.00504746
0.8625,0.3375,0.85 0.000723415
0.8625,0.35,0.6125 2.03626e-06
0.8625,0.35,0.625 0.0994424
0.8625,0.35,0.6375 7.391
0.8625,0.35,0.65 43.0372
0.8625,0.35,0.6625 72.2233
0.8625,0.35,0.675 149.367
0.8625,0.35,0.6875 177.004
0.8625,0.35,0.7 298.057
0.8625,0.35,0.7125 328.596
0.8625,0.35,0.725 336.899
0.8625,0.35,0.7375 380.354
0.8625,0.35,0.75 371.859
0.8625,0.35,0.7625 347.208
0.8625,0.35,0.775 337.284
0.8625,0.35,0.7875 241.836
0.8625,0.35,0.8 194.991
0.8625,0.35,0.8125 67.6803
0.8625,0.35,0.825 31.3602
0.8625,0.35,0.8375 9.67266
0.8625,0.35,0.85 0.315802
0.8625,0.35,0.8625 0.000975006
0.8625,0.35,0.875 1.14228e-07
0.8625,0.3625,0.6 6.9585e-06
0.8625,0.3625,0.6125 0.0663913
0.8625,0.3625,0.625 4.75665
0.8625,0.3625,0.6375 51.5652
0.8625,0.3625,0.65 168.191
0.8625,0.3625,0.6625 228.549
0.8625,0.3625,0.675 357.296
0.8625,0.3625,0.6875 379.609
0.8625,0.3625,0.7 375.058
0.8625,0.3625,0.7125 408.202
0.8625,0.3625,0.725 394.103
0.8625,0.3625,0.7375 365.545
0.8625,0.3625,0.75 391.614
0.8625,0.3625,0.7625 393.343
0.8625,0.3625,0.775 361.359
0.8625,0.3625,0.7875 355.012
0.8625,0.3625,0.8 381.851
0.8625,0.3625,0.8125 229.327
0.8625,0.3625,0.825 184.449
0.8625,0.3625,0.8375 75.15
0.8625,0.3625,0.85 10.8509
0.8625,0.3625,0.8625 0.267243
0.8625,0.3625,0.875 0.000328509
0.8625,0.3625,0.8875 7.97287e-07
0.8625,0.375,0.5875 0.000353061
0.8625,0.375,0.6 0.019277
0.8625,0.375,0.6125 4.81339
0.8625,0.375,0.625 49.1744
0.8625,0.375,0.6375 186.207
0.8625,0.375,0.65 329.529
0.8625,0.375,0.6625 365.693
0.8625,0.375,0.675 433.751
0.8625,0.375,0.6875 408.011
0.8625,0.375,0.7 359.542
0.8625,0.375,0.7125 427.196
0.8625,0.375,0.725 425.115
0.8625,0.375,0.7375 407.4
0.8625,0.375,0.75 414.027
0.8625,0.375,0.7625 396.462
0.8625,0.375,0.775 410.261
0.8625,0.375,0.7875 469.558
0.8625,0.375,0.8 432.418
0.8625,0.375,0.8125 374.568
0.8625,0.375,0.825 324.112
0.8625,0.375,0.8375 199.312
0.8625,0.375,0.85 67.1533
0.8625,0.375,0.8625 6.06276
0.8625,0.375,0.875 0.11839
0.8625,0.375,0.8875 0.000361486
0.8625,0.375,0.9 1.74759e-07
0.8625,0.3875,0.5875 0.0897907
0.8625,0.3875,0.6 3.691
0.8625,0.3875,0.6125 52.4937
0.8625,0.3875,0.625 193.446
0.8625,0.3875,0.6375 327.155
0.8625,0.3875,0.65 376.815
0.8625,0.3875,0.6625 404.124
0.8625,0.3875,0.675 429.415
0.8625,0.3875,0.6875 388.227
0.8625,0.3875,0.7 406.34
0.8625,0.3875,0.7125 409.726
0.8625,0.3875,0.725 429.056
0.8625,0.3875,0.7375 435.509
0.8625,0.3875,0.75 406.028
0.8625,0.3875,0.7625 422.459
0.8625,0.3875,0.775 435.324
0.8625,0.3875,0.7875 421.958
0.8625,0.3875,0.8 425.682
0.8625,0.3875,0.8125 377.48
0.8625,0.3875,0.825 371.918
0.8625,0.3875,0.8375 415.211
0.8625,0.3875,0.85 230.91
0.8625,0.3875,0.8625 58.4365
0.8625,0.3875,0.875 8.71541
0.8625,0.3875,0.8875 0.411364
0.8625,0.3875,0.9 0.00219845
0.8625,0.4,0.575 0.00108881
0.8625,0.4,0.5875 4.33498
0.8625,0.4,0.6 51.5693
0.8625,0.4,0.6125 195.345
0.8625,0.4,0.625 345.751
0.8625,0.4,0.6375 406.458
0.8625,0.4,0.65 381.414
0.8625,0.4,0.6625 393.216
0.8625,0.4,0.675 388.004
0.8625,0.4,0.6875 401.54
0.8625,0.4,0.7 449.146
0.8625,0.4,0.7125 399.695
0.8625,0.4,0.725 429.547
0.8625,0.4,0.7375 434.399
0.8625,0.4,0.75 394.731
0.8625,0.4,0.7625 393.196
0.8625,0.4,0.775 411.365
0.8625,0.4,0.7875 427.669
0.8625,0.4,0.8 432.442
0.8625,0.4,0.8125 359.843
0.8625,0.4,0.825 400.251
0.8625,0.4,0.8375 443.611
0.8625,0.4,0.85 362.372
0.8625,0.4,0.8625 196.823
0.8625,0.4,0.875 68.8407
0.8625,0.4,0.8875 11.0117
0.8625,0.4,0.9 0.0158069
0.8625,0.4,0.9125 5.30485e-06
0.8625,0.4125,0.575 0.173759
0.8625,0.4125,0.5875 15.3122
0.8625,0.4125,0.6 134.735
0.8625,0.4125,0.6125 340.695
0.8625,0.4125,0.625 398.054
0.8625,0.4125,0.6375 414.873
0.8625,0.4125,0.65 410.848
0.8625,0.4125,0.6625 391.525
0.8625,0.4125,0.675 379.935
0.8625,0.4125,0.6875 440.601
0.8625,0.4125,0.7 498.771
0.8625,0.4125,0.7125 456.389
0.8625,0.4125,0.725 430.995
0.8625,0.4125,0.7375 389.401
0.8625,0.4125,0.75 398.372
0.8625,0.4125,0.7625 411.055
0.8625,0.4125,0.775 418.165
0.8625,0.4125,0.7875 419.208
0.8625,0.4125,0.8 411.095
0.8625,0.4125,0.8125 413.482
0.8625,0.4125,0.825 440.73
0.8625,0.4125,0.8375 442.143
0.8625,0.4125,0.85 414.573
0.8625,0.4125,0.8625 367.809
0.8625,0.4125,0.875 191.227
0.8625,0.4125,0.8875 38.6343
0.8625,0.4125,0.9 0.632089
0.8625,0.4125,0.9125 0.00178652
0.8625,0.425,0.5625 9.19167e-08
0.8625,0.425,0.575 2.7588
0.8625,0.425,0.5875 37.876
0.8625,0.425,0.6 159.428
0.8625,0.425,0.6125 337.192
0.8625,0.425,0.625 435.184
0.8625,0.425,0.6375 421.843
0.8625,0.425,0.65 402.975
0.8625,0.425,0.6625 386.233
0.8625,0.425,0.675 376.926
0.8625,0.425,0.6875 411.244
0.8625,0.425,0.7 440.843
0.8625,0.425,0.7125 446.149
0.8625,0.425,0.725 396.32
0.8625,0.425,0.7375 377.136
0.8625,0.425,0.75 422.323
0.8625,0.425,0.7625 422.85
0.8625,0.425,0.775 440.787
0.8625,0.425,0.7875 394.279
0.8625,0.425,0.8 384.198
0.8625,0.425,0.8125 443.942
0.8625,0.425,0.825 453.27
0.8625,0.425,0.8375 400.468
0.8625,0.425,0.85 418.602
0.8625,0.425,0.8625 391.564
0.8625,0.425,0.875 249.864
0.8625,0.425,0.8875 79.726
0.8625,0.425,0.9 8.52529
0.8625,0.425,0.9125 0.0309544
0.8625,0.425,0.925 1.15621e-05
0.8625,0.4375,0.5625 0.0688267
0.8625,0.4375,0.575 17.6553
0.8625,0.4375,0.5875 133.819
0.8625,0.4375,0.6 312.001
0.8625,0.4375,0.6125 395.711
0.8625,0.4375,0.625 396.303
0.8625,0.4375,0.6375 437.298
0.8625,0.4375,0.65 393.387
0.8625,0.4375,0.6625 396.855
0.8625,0.4375,0.675 410.103
0.8625,0.4375,0.6875 428.022
0.8625,0.4375,0.7 411.04
0.8625,0.4375,0.7125 446.997
0.8625,0.4375,0.725 405.028
0.8625,0.4375,0.7375 429.658
0.8625,0.4375,0.75 469.335
0.8625,0.4375,0.7625 417.562
0.8625,0.4375,0.775 432.321
0.8625,0.4375,0.7875 397.243
0.8625,0.4375,0.8 421.924
0.8625,0.4375,0.8125 394.901
0.8625,0.4375,0.825 432.436
0.8625,0.4375,0.8375 425.344
0.8625,0.4375,0.85 416.62
0.8625,0.4375,0.8625 405.679
0.8625,0.4375,0.875 324.602
0.8625,0.4375,0.8875 174.681
0.8625,0.4375,0.9 36.4133
0.8625,0.4375,0.9125 0.219693
0.8625,0.4375,0.925 0.000968139
0.8625,0.45,0.5625 0.429716
0.8625,0.45,0.575 30.1871
0.8625,0.45,0.5875 186.91
0.8625,0.45,0.6 349.204
0.8625,0.45,0.6125 408.941
0.8625,0.45,0.625 384.112
0.8625,0.45,0.6375 419.115
0.8625,0.45,0.65 426.164
0.8625,0.45,0.6625 412.355
0.8625,0.45,0.675 392.82
0.8625,0.45,0.6875 429.782
0.8625,0.45,0.7 431.816
0.8625,0.45,0.7125 453.512
0.8625,0.45,0.725 446.928
0.8625,0.45,0.7375 446.167
0.8625,0.45,0.75 479.273
0.8625,0.45,0.7625 442.371
0.8625,0.45,0.775 434.121
0.8625,0.45,0.7875 383.922
0.8625,0.45,0.8 384.239
0.8625,0.45,0.8125 411.329
0.8625,0.45,0.825 437.552
0.8625,0.45,0.8375 424.515
0.8625,0.45,0.85 417.84
0.8625,0.45,0.8625 436.482
0.8625,0.45,0.875 365.168
0.8625,0.45,0.8875 235.95
0.8625,0.45,0.9 59.6472
0.8625,0.45,0.9125 0.915367
0.8625,0.45,0.925 0.00201098
0.8625,0.4625,0.55 2.55626e-09
0.8625,0.4625,0.5625 6.27252
0.8625,0.4625,0.575 73.2171
0.8625,0.4625,0.5875 295.572
0.8625,0.4625,0.6 370.534
0.8625,0.4625,0.6125 407.519
0.8625,0.4625,0.625 374.648
0.8625,0.4625,0.6375 373.272
0.8625,0.4625,0.65 425.001
0.8625,0.4625,0.6625 432.803
0.8625,0.4625,0.675 414.867
0.8625,0.4625,0.6875 454.974
0.8625,0.4625,0.7 452.935
0.8625,0.4625,0.7125 450.194
0.8625,0.4625,0.725 433.363
0.8625,0.4625,0.7375 454.812
0.8625,0.4625,0.75 475.922
0.8625,0.4625,0.7625 446.64
0.8625,0.4625,0.775 441.167
0.8625,0.4625,0.7875 425.998
0.8625,0.4625,0.8 372.032
0.8625,0.4625,0.8125 415.188
0.8625,0.4625,0.825 432.688
0.8625,0.4625,0.8375 391.79
0.8625,0.4625,0.85 436.027
0.8625,0.4625,0.8625 447.787
0.8625,0.4625,0.875 406.839
0.8625,0.4625,0.8875 338.444
0.8625,0.4625,0.9 133.092
0.8625,0.4625,0.9125 14.5188
0.8625,0.4625,0.925 0.0350861
0.8625,0.475,0.55 4.22986e-07
0.8625,0.475,0.5625 16.4406
0.8625,0.475,0.575 139.708
0.8625,0.475,0.5875 333.049
0.8625,0.475,0.6 394.058
0.8625,0.475,0.6125 411.695
0.8625,0.475,0.625 389.087
0.8625,0.475,0.6375 379.199
0.8625,0.475,0.65 387.411
0.8625,0.475,0.6625 432.5
0.8625,0.475,0.675 442.424
0.8625,0.475,0.6875 411.698
0.8625,0.475,0.7 431.571
0.8625,0.475,0.7125 473.817
0.8625,0.475,0.725 484.018
0.8625,0.475,0.7375 541.013
0.8625,0.475,0.75 541.857
0.8625,0.475,0.7625 467.251
0.8625,0.475,0.775 463.436
0.8625,0.475,0.7875 483.839
0.8625,0.475,0.8 404.035
0.8625,0.475,0.8125 419.492
0.8625,0.475,0.825 463.218
0.8625,0.475,0.8375 403.249
0.8625,0.475,0.85 427.326
0.8625,0.475,0.8625 390.904
0.8625,0.475,0.875 396.783
0.8625,0.475,0.8875 370.679
0.8625,0.475,0.9 185.128
0.8625,0.475,0.9125 37.7554
0.8625,0.475,0.925 0.0812566
0.8625,0.4875,0.55 8.91104e-07
0.8625,0.4875,0.5625 12.5957
0.8625,0.4875,0.575 128.289
0.8625,0.4875,0.5875 296.619
0.8625,0.4875,0.6 397.536
0.8625,0.4875,0.6125 403.642
0.8625,0.4875,0.625 407.234
0.8625,0.4875,0.6375 438.88
0.8625,0.4875,0.65 450.565
0.8625,0.4875,0.6625 417.833
0.8625,0.4875,0.675 431.476
0.8625,0.4875,0.6875 411.465
0.8625,0.4875,0.7 404.159
0.8625,0.4875,0.7125 486.621
0.8625,0.4875,0.725 473.94
0.8625,0.4875,0.7375 502.534
0.8625,0.4875,0.75 559.665
0.8625,0.4875,0.7625 556.177
0.8625,0.4875,0.775 524.983
0.8625,0.4875,0.7875 491.129
0.8625,0.4875,0.8 414.599
0.8625,0.4875,0.8125 407.739
0.8625,0.4875,0.825 412.332
0.8625,0.4875,0.8375 375.456
0.8625,0.4875,0.85 385.909
0.8625,0.4875,0.8625 398.815
0.8625,0.4875,0.875 424.562
0.8625,0.4875,0.8875 383.122
0.8625,0.4875,0.9 181.314
0.8625,0.4875,0.9125 31.2156
0.8625,0.4875,0.925 0.0361587
0.8625,0.5,0.55 1.12815e-07
0.8625,0.5,0.5625 17.2127
0.8625,0.5,0.575 130.253
0.8625,0.5,0.5875 284.652
0.8625,0.5,0.6 363.789
0.8625,0.5,0.6125 383.954
0.8625,0.5,0.625 389.989
0.8625,0.5,0.6375 415.776
0.8625,0.5,0.65 416.414
0.8625,0.5,0.6625 391.179
0.8625,0.5,0.675 431.654
0.8625,0.5,0.6875 485.044
0.8625,0.5,0.7 422.465
0.8625,0.5,0.7125 499.159
0.8625,0.5,0.725 536.822
0.8625,0.5,0.7375 480.77
0.8625,0.5,0.75 552.618
0.8625,0.5,0.7625 558.221
0.8625,0.5,0.775 487.468
0.8625,0.5,0.7875 435.746
0.8625,0.5,0.8 419.125
0.8625,0.5,0.8125 392.536
0.8625,0.5,0.825 369.773
0.8625,0.5,0.8375 409.656
0.8625,0.5,0.85 385.796
0.8625,0.5,0.8625 364.223
0.8625,0.5,0.875 406.974
0.8625,0.5,0.8875 385.132
0.8625,0.5,0.9 177.275
0.8625,0.5,0.9125 22.9004
0.8625,0.5,0.925 0.00494229
0.8625,0.5125,0.5625 20.7688
0.8625,0.5125,0.575 148.201
0.8625,0.5125,0.5875 334.799
0.8625,0.5125,0.6 422.677
0.8625,0.5125,0.6125 390.141
0.8625,0.5125,0.625 355.265
0.8625,0.5125,0.6375 379.34
0.8625,0.5125,0.65 393.825
0.8625,0.5125,0.6625 389.034
0.8625,0.5125,0.675 426.089
0.8625,0.5125,0.6875 483.518
0.8625,0.5125,0.7 485.725
0.8625,0.5125,0.7125 472.057
0.8625,0.5125,0.725 504.994
0.8625,0.5125,0.7375 490.186
0.8625,0.5125,0.75 520.037
0.8625,0.5125,0.7625 451.649
0.8625,0.5125,0.775 480.606
0.8625,0.5125,0.7875 469.864
0.8625,0.5125,0.8 428.168
0.8625,0.5125,0.8125 433.292
0.8625,0.5125,0.825 410.831
0.8625,0.5125,0.8375 398.994
0.8625,0.5125,0.85 404.395
0.8625,0.5125,0.8625 384.063
0.8625,0.5125,0.875 383.269
0.8625,0.5125,0.8875 367.034
0.8625,0.5125,0.9 199.199
0.8625,0.5125,0.9125 25.8857
0.8625,0.5125,0.925 0.00156662
0.8625,0.525,0.5625 12.1265
0.8625,0.525,0.575 124.796
0.8625,0.525,0.5875 340.624
0.8625,0.525,0.6 428.325
0.8625,0.525,0.6125 399.692
0.8625,0.525,0.625 392.525
0.8625,0.525,0.6375 385.021
0.8625,0.525,0.65 447.123
0.8625,0.525,0.6625 445.551
0.8625,0.525,0.675 416.336
0.8625,0.525,0.6875 451.672
0.8625,0.525,0.7 494.23
0.8625,0.525,0.7125 462.371
0.8625,0.525,0.725 452.386
0.8625,0.525,0.7375 545.603
0.8625,0.525,0.75 568.63
0.8625,0.525,0.7625 434.019
0.8625,0.525,0.775 416.113
0.8625,0.525,0.7875 419.63
0.8625,0.525,0.8 408.875
0.8625,0.525,0.8125 425.401
0.8625,0.525,0.825 433.286
0.8625,0.525,0.8375 373.402
0.8625,0.525,0.85 406.909
0.8625,0.525,0.8625 436.152
0.8625,0.525,0.875 427.148
0.8625,0.525,0.8875 387.949
0.8625,0.525,0.9 175.046
0.8625,0.525,0.9125 21.5262
0.8625,0.525,0.925 0.00399752
0.8625,0.5375,0.5625 1.4874
0.8625,0.5375,0.575 42.5047
0.8625,0.5375,0.5875 241.273
0.8625,0.5375,0.6 370.144
0.8625,0.5375,0.6125 388.34
0.8625,0.5375,0.625 416.212
0.8625,0.5375,0.6375 430.56
0.8625,0.5375,0.65 426.701
