0.65,0.45,0.2 280.33
0.65,0.45,0.25 69.4271
0.65,0.45,0.3 0.017974
0.65,0.5,0 3.66018e-10
0.65,0.5,0.05 93.5828
0.65,0.5,0.1 375.731
0.65,0.5,0.15 287.445
0.65,0.5,0.2 681.291
0.65,0.5,0.25 177.07
0.65,0.5,0.3 0.99679
0.65,0.55,0 7.39454e-11
0.65,0.55,0.05 43.9074
0.65,0.55,0.1 182.951
0.65,0.55,0.15 290.418
0.65,0.55,0.2 652.82
0.65,0.55,0.25 201.83
0.65,0.55,0.3 8.40964
0.65,0.6,0 1.89026e-11
0.65,0.6,0.05 40.0433
0.65,0.6,0.1 199.444
0.65,0.6,0.15 363.246
0.65,0.6,0.2 631.126
0.65,0.6,0.25 188.369
0.65,0.6,0.3 5.17335
0.65,0.65,0 8.30426e-13
0.65,0.65,0.05 47.2772
0.65,0.65,0.1 362.403
0.65,0.65,0.15 422.366
0.65,0.65,0.2 296.237
0.65,0.65,0.25 90.5175
0.65,0.65,0.3 0.998887
0.65,0.7,0 1.72209e-12
0.65,0.7,0.05 23.7657
0.65,0.7,0.1 283.744
0.65,0.7,0.15 602.044
0.65,0.7,0.2 174.947
0.65,0.7,0.25 9.14609
0.65,0.7,0.3 0.0535425
0.65,0.75,0 3.2965e-10
0.65,0.75,0.05 29.4935
0.65,0.75,0.1 312.878
0.65,0.75,0.15 448.979
0.65,0.75,0.2 65.178
0.65,0.75,0.25 0.389308
0.65,0.8,0 7.41904e-10
0.65,0.8,0.05 74.5888
0.65,0.8,0.1 421.212
0.65,0.8,0.15 305.279
0.65,0.8,0.2 24.4638
0.65,0.8,0.25 0.000204842
0.65,0.85,0 1.7205e-10
0.65,0.85,0.05 77.9182
0.65,0.85,0.1 315.134
0.65,0.85,0.15 84.578
0.65,0.85,0.2 0.713484
0.65,0.9,0 1.99767e-11
0.65,0.9,0.05 18.789
0.65,0.9,0.1 75.1345
0.65,0.9,0.15 18.7783
0.65,0.95,0 1.57188e-16
0.65,0.95,0.05 0.000184117
0.65,0.95,0.1 0.000736258
0.65,0.95,0.15 0.000184012
0.7,0.1,0.05 0.000243135
0.7,0.1,0.1 0.244988
0.7,0.1,0.15 4.51941
0.7,0.1,0.2 3.98631
0.7,0.1,0.25 0.136716
0.7,0.15,0 1.44708e-14
0.7,0.15,0.05 20.0518
0.7,0.15,0.1 102.133
0.7,0.15,0.15 87.0737
0.7,0.15,0.2 50.434
0.7,0.15,0.25 4.59207
0.7,0.15,0.3 0.913684
0.7,0.15,0.35 0.000367539
0.7,0.2,0 4.1016e-13
0.7,0.2,0.05 91.325
0.7,0.2,0.1 471.209
0.7,0.2,0.15 189.82
0.7,0.2,0.2 45.2417
0.7,0.2,0.25 58.1209
0.7,0.2,0.3 18.0567
0.7,0.2,0.35 0.00726348
0.7,0.25,0 4.58364e-13
0.7,0.25,0.05 85.8444
0.7,0.25,0.1 514.202
0.7,0.25,0.15 210.147
0.7,0.25,0.2 51.3202
0.7,0.25,0.25 64.5166
0.7,0.25,0.3 17.4709
0.7,0.25,0.35 0.380273
0.7,0.25,0.4 0.00112967
0.7,0.3,0 3.41433e-12
0.7,0.3,0.05 19.9702
0.7,0.3,0.1 143.989
0.7,0.3,0.15 149.051
0.7,0.3,0.2 175.902
0.7,0.3,0.25 51.9242
0.7,0.3,0.3 8.40619
0.7,0.3,0.35 3.18215
0.7,0.3,0.4 0.00962086
0.7,0.35,0 5.09874e-10
0.7,0.35,0.05 47.4036
0.7,0.35,0.1 211.803
0.7,0.35,0.15 125.619
0.7,0.35,0.2 69.548
0.7,0.35,0.25 13.12
0.7,0.35,0.3 3.93419
0.7,0.35,0.35 1.60916
0.7,0.35,0.4 0.0048655
0.7,0.4,0 1.05818e-09
0.7,0.4,0.05 152.097
0.7,0.4,0.1 629.334
0.7,0.4,0.15 236.413
0.7,0.4,0.2 44.4359
0.7,0.4,0.25 0.671931
0.7,0.4,0.3 0.0304028
0.7,0.4,0.35 0.0124524
0.7,0.4,0.4 3.76513e-05
0.7,0.45,0 2.50674e-10
0.7,0.45,0.05 108.48
0.7,0.45,0.1 538.422
0.7,0.45,0.15 240.158
0.7,0.45,0.2 62.3261
0.7,0.45,0.25 13.3409
0.7,0.45,0.3 0.00409254
0.7,0.5,0 2.63325e-10
0.7,0.5,0.05 110.651
0.7,0.5,0.1 559.651
0.7,0.5,0.15 382.597
0.7,0.5,0.2 299.417
0.7,0.5,0.25 53.5334
0.7,0.5,0.3 0.00967786
0.7,0.55,0 8.42658e-11
0.7,0.55,0.05 88.8558
0.7,0.55,0.1 437.602
0.7,0.55,0.15 446.129
0.7,0.55,0.2 538.784
0.7,0.55,0.25 78.7143
0.7,0.55,0.3 0.00282801
0.7,0.6,0 3.93614e-11
0.7,0.6,0.05 76.6882
0.7,0.6,0.1 343.48
0.7,0.6,0.15 304.483
0.7,0.6,0.2 465.678
0.7,0.6,0.25 69.5204
0.7,0.6,0.3 0.00814519
0.7,0.65,0 1.6194e-12
0.7,0.65,0.05 42.6339
0.7,0.65,0.1 326.208
0.7,0.65,0.15 228.061
0.7,0.65,0.2 84.6301
0.7,0.65,0.25 7.77104
0.7,0.65,0.3 0.00868337
0.7,0.7,0 3.08274e-14
0.7,0.7,0.05 12.9544
0.7,0.7,0.1 147.029
0.7,0.7,0.15 408.738
0.7,0.7,0.2 274.429
0.7,0.7,0.25 12.6841
0.7,0.7,0.3 0.000482906
0.7,0.75,0 6.0956e-12
0.7,0.75,0.05 1.17862
0.7,0.75,0.1 81.7768
0.7,0.75,0.15 235.095
0.7,0.75,0.2 104.246
0.7,0.75,0.25 4.32647
0.7,0.8,0 2.01839e-09
0.7,0.8,0.05 11.8682
0.7,0.8,0.1 99.8106
0.7,0.8,0.15 110.605
0.7,0.8,0.2 10.5666
0.7,0.8,0.25 0.00379011
0.7,0.85,0 8.01202e-09
0.7,0.85,0.05 41.2973
0.7,0.85,0.1 166.442
0.7,0.85,0.15 44.0411
0.7,0.85,0.2 0.306484
0.7,0.9,0 2.00013e-09
0.7,0.9,0.05 10.3149
0.7,0.9,0.1 41.1903
0.7,0.9,0.15 10.2803
0.7,0.95,0 5.43256e-18
0.7,0.95,0.05 6.36324e-06
0.7,0.95,0.1 2.54457e-05
0.7,0.95,0.15 6.35962e-06
0.75,0.1,0.05 0.000140129
0.75,0.1,0.1 0.000692632
0.75,0.1,0.15 0.000213621
0.75,0.1,0.2 6.07135e-08
0.75,0.15,0.05 11.5392
0.75,0.15,0.1 57.0362
0.75,0.15,0.15 17.591
0.75,0.15,0.2 0.00499957
0.75,0.2,0.05 47.2216
0.75,0.2,0.1 238.241
0.75,0.2,0.15 75.2238
0.75,0.2,0.2 0.0361919
0.75,0.25,0.05 27.7499
0.75,0.25,0.1 157.527
0.75,0.25,0.15 55.9499
0.75,0.25,0.2 0.135293
0.75,0.25,0.25 0.0187553
0.75,0.25,0.3 1.13687e-05
0.75,0.3,0 7.51638e-12
0.75,0.3,0.05 4.965
0.75,0.3,0.1 29.6477
0.75,0.3,0.15 11.3169
0.75,0.3,0.2 0.412655
0.75,0.3,0.25 0.0775884
0.75,0.3,0.3 4.56204e-05
0.75,0.35,0 1.13044e-09
0.75,0.35,0.05 53.8682
0.75,0.35,0.1 227.9
0.75,0.35,0.15 188.758
0.75,0.35,0.2 82.1509
0.75,0.35,0.25 1.18033
0.75,0.35,0.3 1.14416e-05
0.75,0.4,0 2.32568e-09
0.75,0.4,0.05 138.164
0.75,0.4,0.1 601.172
0.75,0.4,0.15 506.732
0.75,0.4,0.2 215.287
0.75,0.4,0.25 3.03925
0.75,0.4,0.3 1.37659e-14
0.75,0.45,0 2.97528e-10
0.75,0.45,0.05 45.5728
0.75,0.45,0.1 384.241
0.75,0.45,0.15 344.97
0.75,0.45,0.2 85.4248
0.75,0.45,0.25 2.00618
0.75,0.5,0 3.11924e-11
0.75,0.5,0.05 25.3756
0.75,0.5,0.1 355.467
0.75,0.5,0.15 630.569
0.75,0.5,0.2 288.276
0.75,0.5,0.25 9.57102
0.75,0.55,0 1.2052e-11
0.75,0.55,0.05 24.6779
0.75,0.55,0.1 294.87
0.75,0.55,0.15 484.715
0.75,0.55,0.2 226.307
0.75,0.55,0.25 16.7717
0.75,0.6,0 6.74582e-12
0.75,0.6,0.05 29.401
0.75,0.6,0.1 138.122
0.75,0.6,0.15 119.551
0.75,0.6,0.2 129.836
0.75,0.6,0.25 16.432
0.75,0.65,0 4.06947e-13
0.75,0.65,0.05 14.0696
0.75,0.65,0.1 66.3429
0.75,0.65,0.15 57.9033
0.75,0.65,0.2 46.1097
0.75,0.65,0.25 3.05017
0.75,0.7,0 6.07228e-15
0.75,0.7,0.05 1.28857
0.75,0.7,0.1 14.6075
0.75,0.7,0.15 190.261
0.75,0.7,0.2 209.821
0.75,0.7,0.25 11.1411
0.75,0.75,0 2.65197e-11
0.75,0.75,0.05 0.117331
0.75,0.75,0.1 2.96245
0.75,0.75,0.15 64.5438
0.75,0.75,0.2 71.8359
0.75,0.75,0.25 3.81216
0.75,0.8,0 6.47176e-09
0.75,0.8,0.05 30.6473
0.75,0.8,0.1 122.574
0.75,0.8,0.15 30.9748
0.75,0.8,0.2 0.103368
0.75,0.8,0.25 0.00333956
0.75,0.85,0 2.26947e-08
0.75,0.85,0.05 108.816
0.75,0.85,0.1 434.497
0.75,0.85,0.15 108.441
0.75,0.85,0.2 0.00118246
0.75,0.9,0 5.3693e-09
0.75,0.9,0.05 25.8896
0.75,0.9,0.1 103.375
0.75,0.9,0.15 25.7978
0.8,0.05,0 1.96048e-11
0.8,0.05,0.05 1.15495
0.8,0.05,0.1 4.61623
0.8,0.05,0.15 1.15317
0.8,0.1,0 2.31151e-10
0.8,0.1,0.05 13.6174
0.8,0.1,0.1 54.4276
0.8,0.1,0.15 13.5964
0.8,0.1,0.2 7.30932e-10
0.8,0.15,0 1.50684e-10
0.8,0.15,0.05 9.01595
0.8,0.15,0.1 36.1674
0.8,0.15,0.15 9.07513
0.8,0.15,0.2 6.019e-05
0.8,0.2,0 2.58221e-12
0.8,0.2,0.05 0.669998
0.8,0.2,0.1 3.16783
0.8,0.2,0.15 0.941397
0.8,0.2,0.2 0.000224517
0.8,0.25,0.05 0.12079
0.8,0.25,0.1 0.597221
0.8,0.25,0.15 0.184258
0.8,0.25,0.2 5.29131e-05
0.8,0.3,0 1.00969e-12
0.8,0.3,0.05 0.039882
0.8,0.3,0.1 0.167169
0.8,0.3,0.15 0.122568
0.8,0.3,0.2 0.0503136
0.8,0.3,0.25 0.000711828
0.8,0.35,0 1.51872e-10
0.8,0.35,0.05 6.2419
0.8,0.35,0.1 28.7872
0.8,0.35,0.15 47.5056
0.8,0.35,0.2 25.1094
0.8,0.35,0.25 0.355246
0.8,0.4,0 3.12907e-10
0.8,0.4,0.05 17.8167
0.8,0.4,0.1 83.021
0.8,0.4,0.15 127.516
0.8,0.4,0.2 65.7572
0.8,0.4,0.25 0.929596
0.8,0.45,0 4.01493e-11
0.8,0.45,0.05 9.05799
0.8,0.45,0.1 60.3475
0.8,0.45,0.15 66.8422
0.8,0.45,0.2 28.0013
0.8,0.45,0.25 0.711719
0.8,0.5,0 2.5535e-12
0.8,0.5,0.05 5.30233
0.8,0.5,0.1 57.3832
0.8,0.5,0.15 157.893
0.8,0.5,0.2 101.66
0.8,0.5,0.25 3.3291
0.8,0.55,0 1.29552e-11
0.8,0.55,0.05 74.2765
0.8,0.55,0.1 326.727
0.8,0.55,0.15 159.43
0.8,0.55,0.2 40.3185
0.8,0.55,0.25 1.26921
0.8,0.6,0 1.35796e-11
0.8,0.6,0.05 141.476
0.8,0.6,0.1 568.517
0.8,0.6,0.15 145.968
0.8,0.6,0.2 0.867943
0.8,0.6,0.25 0.0613737
0.8,0.65,0 1.51337e-12
0.8,0.65,0.05 76.9784
0.8,0.65,0.1 307.932
0.8,0.65,0.15 78.1423
0.8,0.65,0.2 1.33314
0.8,0.65,0.25 0.0729805
0.8,0.7,0 2.27173e-13
0.8,0.7,0.05 4.71673
0.8,0.7,0.1 19.0886
0.8,0.7,0.15 11.1078
0.8,0.7,0.2 7.17804
0.8,0.7,0.25 0.381242
0.8,0.75,0 2.78316e-10
0.8,0.75,0.05 1.40664
0.8,0.75,0.1 5.69396
0.8,0.75,0.15 3.58928
0.8,0.75,0.2 2.45613
0.8,0.75,0.25 0.130451
0.8,0.8,0 1.35993e-08
0.8,0.8,0.05 59.6748
0.8,0.8,0.1 238.268
0.8,0.8,0.15 59.4784
0.8,0.8,0.2 0.00803858
0.8,0.8,0.25 0.000115702
0.8,0.85,0 2.1173e-08
0.8,0.85,0.05 93.7068
0.8,0.85,0.1 374.193
0.8,0.85,0.15 93.6034
0.8,0.85,0.2 0.0724186
0.8,0.85,0.25 1.75133e-05
0.8,0.9,0 2.16719e-09
0.8,0.9,0.05 9.81897
0.8,0.9,0.1 39.2375
0.8,0.9,0.15 9.94317
0.8,0.9,0.2 0.0486852
0.8,0.9,0.25 1.17737e-05
0.8,0.95,0.1 0.000607354
0.8,0.95,0.15 0.0029666
0.8,0.95,0.2 0.000904379
0.8,0.95,0.25 2.18709e-07
0.85,0.05,0 1.24806e-10
0.85,0.05,0.05 7.35247
0.85,0.05,0.1 29.3872
0.85,0.05,0.15 7.34114
0.85,0.1,0 1.47152e-09
0.85,0.1,0.05 86.6892
0.85,0.1,0.1 346.489
0.85,0.1,0.15 86.5556
0.85,0.15,0 9.59267e-10
0.85,0.15,0.05 56.5117
0.85,0.15,0.1 225.873
0.85,0.15,0.15 56.4246
0.85,0.2,0 1.64385e-11
0.85,0.2,0.05 0.968414
0.85,0.2,0.1 3.87067
0.85,0.2,0.15 0.966922
0.85,0.3,0.1 1.95054e-06
0.85,0.3,0.15 2.09616e-05
0.85,0.3,0.2 1.27521e-05
0.85,0.3,0.25 1.80415e-07
0.85,0.35,0 2.30208e-13
0.85,0.35,0.05 2.43405
0.85,0.35,0.1 9.73585
0.85,0.35,0.15 2.44385
0.85,0.35,0.2 0.00636408
0.85,0.35,0.25 9.00383e-05
0.85,0.4,0 7.48024e-12
0.85,0.4,0.05 62.402
0.85,0.4,0.1 249.576
0.85,0.4,0.15 62.4121
0.85,0.4,0.2 0.0166533
0.85,0.4,0.25 0.00023561
0.85,0.45,0 1.26876e-10
0.85,0.45,0.05 92.5222
0.85,0.45,0.1 370.002
0.85,0.45,0.15 92.5153
0.85,0.45,0.2 0.0315752
0.85,0.45,0.25 0.00100731
0.85,0.5,0 2.02823e-10
0.85,0.5,0.05 49.6561
0.85,0.5,0.1 198.543
0.85,0.5,0.15 49.8064
0.85,0.5,0.2 0.171175
0.85,0.5,0.25 0.00574385
0.85,0.55,0 2.50876e-11
0.85,0.55,0.05 37.5337
0.85,0.55,0.1 150.108
0.85,0.55,0.15 37.5904
0.85,0.55,0.2 0.0628183
0.85,0.55,0.25 0.0021079
0.85,0.6,0 6.1264e-12
0.85,0.6,0.05 61.2836
0.85,0.6,0.1 245.105
0.85,0.6,0.15 61.269
0.85,0.6,0.2 9.57741e-05
0.85,0.6,0.25 3.21375e-06
0.85,0.65,0 4.26584e-12
0.85,0.65,0.05 57.2783
0.85,0.65,0.1 229.088
0.85,0.65,0.15 57.2658
0.85,0.7,0 8.47068e-12
0.85,0.7,0.05 60.7193
0.85,0.7,0.1 242.84
0.85,0.7,0.15 60.7005
0.85,0.75,0 1.79695e-10
0.85,0.75,0.05 10.525
0.85,0.75,0.1 42.0858
0.85,0.75,0.15 10.5179
0.85,0.8,0 7.95205e-09
0.85,0.8,0.05 72.5733
0.85,0.8,0.1 292.104
0.85,0.8,0.15 82.9068
0.85,0.8,0.2 3.20191
0.85,0.8,0.25 0.00077433
0.85,0.85,0 1.09868e-08
0.85,0.85,0.05 89.5657
0.85,0.85,0.1 384.27
0.85,0.85,0.15 218.548
0.85,0.85,0.2 39.3885
0.85,0.85,0.25 0.00952546
0.85,0.9,0 8.06315e-10
0.85,0.9,0.05 5.64828
0.85,0.9,0.1 40.3457
0.85,0.9,0.15 92.4941
0.85,0.9,0.2 26.4799
0.85,0.9,0.25 0.00640373
0.85,0.95,0.1 0.33034
0.85,0.95,0.15 1.61353
0.85,0.95,0.2 0.491892
0.85,0.95,0.25 0.000118956
0.9,0.05,0 4.89436e-11
0.9,0.05,0.05 2.88334
0.9,0.05,0.1 11.5245
0.9,0.05,0.15 2.87889
0.9,0.1,0 5.77069e-10
0.9,0.1,0.05 33.9959
0.9,0.1,0.1 135.879
0.9,0.1,0.15 33.9435
0.9,0.15,0 3.76185e-10
0.9,0.15,0.05 22.1616
0.9,0.15,0.1 88.578
0.9,0.15,0.15 22.1274
0.9,0.2,0 6.4465e-12
0.9,0.2,0.05 0.379772
0.9,0.2,0.1 1.51792
0.9,0.2,0.15 0.379187
0.9,0.35,0 1.53683e-13
0.9,0.35,0.05 1.62493
0.9,0.35,0.1 6.49885
0.9,0.35,0.15 1.62449
0.9,0.4,0 6.90238e-12
0.9,0.4,0.05 42.0843
0.9,0.4,0.1 168.313
0.9,0.4,0.15 42.0724
0.9,0.45,0 2.27547e-10
0.9,0.45,0.05 93.6266
0.9,0.45,0.1 374.384
0.9,0.45,0.15 93.5653
0.9,0.5,0 3.74681e-10
0.9,0.5,0.05 85.632
0.9,0.5,0.1 342.362
0.9,0.5,0.15 85.5488
0.9,0.55,0 3.57798e-11
0.9,0.55,0.05 8.13557
0.9,0.55,0.1 32.5264
0.9,0.55,0.15 8.12763
0.9,0.6,0 4.9626e-14
0.9,0.6,0.05 0.390584
0.9,0.6,0.1 1.56212
0.9,0.6,0.15 0.390474
0.9,0.65,0 5.07433e-12
0.9,0.65,0.05 35.6869
0.9,0.65,0.1 142.725
0.9,0.65,0.15 35.6757
0.9,0.7,0 1.17393e-11
0.9,0.7,0.05 82.3675
0.9,0.7,0.1 329.418
0.9,0.7,0.15 82.3416
0.9,0.75,0 2.30819e-11
0.9,0.75,0.05 13.8493
0.9,0.75,0.1 55.3843
0.9,0.75,0.15 13.8429
0.9,0.8,0 6.31785e-10
0.9,0.8,0.05 61.7132
0.9,0.8,0.1 252.4
0.9,0.8,0.15 89.4862
0.9,0.8,0.2 8.49018
0.9,0.8,0.25 0.00205321
0.9,0.85,0 7.26178e-10
0.9,0.85,0.05 68.1559
0.9,0.85,0.1 342.593
0.9,0.85,0.15 410.669
0.9,0.85,0.2 104.442
0.9,0.85,0.25 0.0252577
0.9,0.9,0 4.0616e-11
0.9,0.9,0.05 3.52351
0.9,0.9,0.1 61.2388
0.9,0.9,0.15 233.84
0.9,0.9,0.2 70.214
0.9,0.9,0.25 0.0169801
0.9,0.95,0.1 0.875929
0.9,0.95,0.15 4.27844
0.9,0.95,0.2 1.3043
0.9,0.95,0.25 0.000315423
0.95,0.05,0 1.15116e-13
0.95,0.05,0.05 0.00678165
0.95,0.05,0.1 0.0271057
0.95,0.05,0.15 0.0067712
0.95,0.1,0 1.35728e-12
0.95,0.1,0.05 0.079959
0.95,0.1,0.1 0.319589
0.95,0.1,0.15 0.0798357
0.95,0.15,0 8.84793e-13
0.95,0.15,0.05 0.0521244
0.95,0.15,0.1 0.208337
0.95,0.15,0.15 0.052044
0.95,0.2,0 1.51623e-14
0.95,0.2,0.05 0.000893231
0.95,0.2,0.1 0.00357017
0.95,0.2,0.15 0.000891854
0.95,0.35,0 2.80361e-15
0.95,0.35,0.05 0.0296433
0.95,0.35,0.1 0.118557
0.95,0.35,0.15 0.0296353
0.95,0.4,0 3.94844e-13
0.95,0.4,0.05 0.827716
0.95,0.4,0.1 3.31031
0.95,0.4,0.15 0.827439
0.95,0.45,0 2.42774e-11
0.95,0.45,0.05 6.19696
0.95,0.45,0.1 24.7767
0.95,0.45,0.15 6.19141
0.95,0.5,0 4.05719e-11
0.95,0.5,0.05 9.08663
0.95,0.5,0.1 36.3286
0.95,0.5,0.15 9.07767
0.95,0.55,0 3.87302e-12
0.95,0.55,0.05 0.863833
0.95,0.55,0.1 3.45362
0.95,0.55,0.15 0.862979
0.95,0.6,0 1.48447e-15
0.95,0.6,0.05 0.0104151
0.95,0.6,0.1 0.041654
0.95,0.6,0.15 0.0104119
0.95,0.65,0 3.7401e-13
0.95,0.65,0.05 2.62407
0.95,0.65,0.1 10.4946
0.95,0.65,0.15 2.62325
0.95,0.7,0 8.6566e-13
0.95,0.7,0.05 6.07352
0.95,0.7,0.1 24.2903
0.95,0.7,0.15 6.07161
0.95,0.75,0 1.75853e-12
0.95,0.75,0.05 1.04604
0.95,0.75,0.1 4.18317
0.95,0.75,0.15 1.04554
0.95,0.8,0 4.51572e-11
0.95,0.8,0.05 5.22184
0.95,0.8,0.1 21.8089
0.95,0.8,0.15 9.77945
0.95,0.8,0.2 1.39136
0.95,0.8,0.25 0.000336478
0.95,0.85,0 4.97777e-11
0.95,0.85,0.05 5.75614
0.95,0.85,0.1 34.505
0.95,0.85,0.15 61.8938
0.95,0.85,0.2 17.1159
0.95,0.85,0.25 0.0041392
0.95,0.9,0 2.56326e-12
0.95,0.9,0.05 0.296408
0.95,0.9,0.1 8.9124
0.95,0.9,0.15 38.0407
0.95,0.9,0.2 11.5066
0.95,0.9,0.25 0.00278268
0.95,0.95,0.1 0.143546
0.95,0.95,0.15 0.701147
0.95,0.95,0.2 0.213747
0.95,0.95,0.25 5.16912e-05
