0.65,0.8,0.2 92.8973
0.65,0.8,0.25 23.405
0.65,0.8,0.3 16.8159
0.65,0.8,0.35 114.506
0.65,0.8,0.4 47.844
0.65,0.8,0.45 0.160418
0.65,0.85,0 5.46289e-10
0.65,0.85,0.05 78.1712
0.65,0.85,0.1 312.943
0.65,0.85,0.15 81.3878
0.65,0.85,0.2 2.27632
0.65,0.85,0.25 0.192967
0.65,0.85,0.3 0.00538842
0.65,0.85,0.35 0.03445
0.65,0.85,0.4 0.0143942
0.65,0.85,0.45 4.82629e-05
0.65,0.9,0 4.1784e-12
0.65,0.9,0.05 18.8942
0.65,0.9,0.1 75.5714
0.65,0.9,0.15 18.8915
0.65,0.95,0 2.67279e-18
0.65,0.95,0.05 0.000222927
0.65,0.95,0.1 0.000891644
0.65,0.95,0.15 0.000222895
0.7,0.1,0.05 2.17998e-09
0.7,0.1,0.1 1.36131e-07
0.7,0.1,0.15 2.14128e-07
0.7,0.1,0.2 0.000589097
0.7,0.1,0.25 0.0366087
0.7,0.1,0.3 0.0574825
0.7,0.1,0.35 0.00503213
0.7,0.15,0.05 7.77547e-07
0.7,0.15,0.1 4.85546e-05
0.7,0.15,0.15 7.63741e-05
0.7,0.15,0.2 0.19728
0.7,0.15,0.25 12.2597
0.7,0.15,0.3 19.25
0.7,0.15,0.35 1.68518
0.7,0.2,0.05 1.92357e-06
0.7,0.2,0.1 0.0460354
0.7,0.2,0.15 5.60666
0.7,0.2,0.2 11.6984
0.7,0.2,0.25 60.0411
0.7,0.2,0.3 117.722
0.7,0.2,0.35 15.2388
0.7,0.25,0.05 2.9229e-07
0.7,0.25,0.1 0.402718
0.7,0.25,0.15 49.2307
0.7,0.25,0.2 109.84
0.7,0.25,0.25 257.35
0.7,0.25,0.3 438.481
0.7,0.25,0.35 63.3443
0.7,0.3,0.1 0.208655
0.7,0.3,0.15 31.876
0.7,0.3,0.2 187.023
0.7,0.3,0.25 303.389
0.7,0.3,0.3 221.669
0.7,0.3,0.35 31.4195
0.7,0.3,0.4 0.836884
0.7,0.35,0.1 0.13206
0.7,0.35,0.15 13.1426
0.7,0.35,0.2 230.709
0.7,0.35,0.25 347.833
0.7,0.35,0.3 414.432
0.7,0.35,0.35 259.387
0.7,0.35,0.4 29.2839
0.7,0.4,0.1 0.832746
0.7,0.4,0.15 30.998
0.7,0.4,0.2 168.253
0.7,0.4,0.25 373.465
0.7,0.4,0.3 576.116
0.7,0.4,0.35 365.831
0.7,0.4,0.4 37.4207
0.7,0.45,0.1 1.26452
0.7,0.45,0.15 124.282
0.7,0.45,0.2 393.187
0.7,0.45,0.25 361.135
0.7,0.45,0.3 612.433
0.7,0.45,0.35 326.396
0.7,0.45,0.4 24.2371
0.7,0.45,0.45 0.0216802
0.7,0.5,0.1 0.710804
0.7,0.5,0.15 80.1537
0.7,0.5,0.2 227.927
0.7,0.5,0.25 85.8198
0.7,0.5,0.3 230.432
0.7,0.5,0.35 437.581
0.7,0.5,0.4 136.846
0.7,0.5,0.45 0.612531
0.7,0.55,0.1 0.0276097
0.7,0.55,0.15 28.8855
0.7,0.55,0.2 98.6448
0.7,0.55,0.25 225.835
0.7,0.55,0.3 265.998
0.7,0.55,0.35 246.805
0.7,0.55,0.4 108.456
0.7,0.55,0.45 0.96651
0.7,0.6,0.1 0.00020134
0.7,0.6,0.15 0.541372
0.7,0.6,0.2 8.9096
0.7,0.6,0.25 200.812
0.7,0.6,0.3 224.286
0.7,0.6,0.35 25.742
0.7,0.6,0.4 7.51003
0.7,0.6,0.45 0.103299
0.7,0.65,0.15 0.122113
0.7,0.65,0.2 1.18429
0.7,0.65,0.25 8.6311
0.7,0.65,0.3 16.8301
0.7,0.65,0.35 23.5959
0.7,0.65,0.4 4.41124
0.7,0.65,0.45 3.20189e-05
0.7,0.7,0 1.75222e-13
0.7,0.7,0.05 0.00254387
0.7,0.7,0.1 0.010163
0.7,0.7,0.15 0.154988
0.7,0.7,0.2 1.10971
0.7,0.7,0.25 0.519771
0.7,0.7,0.3 29.0181
0.7,0.7,0.35 88.4493
0.7,0.7,0.4 17.9528
0.7,0.7,0.45 0.0129556
0.7,0.75,0 3.57264e-11
0.7,0.75,0.05 0.518676
0.7,0.75,0.1 2.07215
0.7,0.75,0.15 0.530992
0.7,0.75,0.2 0.0945215
0.7,0.75,0.25 0.0474185
0.7,0.75,0.3 13.5211
0.7,0.75,0.35 65.3579
0.7,0.75,0.4 22.6384
0.7,0.75,0.45 0.0643117
0.7,0.8,0 2.08354e-09
0.7,0.8,0.05 11.4079
0.7,0.8,0.1 45.5569
0.7,0.8,0.15 11.3727
0.7,0.8,0.2 0.0128057
0.7,0.8,0.25 0.00489337
0.7,0.8,0.3 2.08268
0.7,0.8,0.35 14.2187
0.7,0.8,0.4 5.94097
0.7,0.8,0.45 0.0199197
0.7,0.85,0 8.01878e-09
0.7,0.85,0.05 41.3137
0.7,0.85,0.1 164.979
0.7,0.85,0.15 41.1758
0.7,0.85,0.2 0.000100333
0.7,0.85,0.25 3.83397e-05
0.7,0.85,0.3 0.000626661
0.7,0.85,0.35 0.00427779
0.7,0.85,0.4 0.00178738
0.7,0.85,0.45 5.99299e-06
0.7,0.9,0 1.99958e-09
0.7,0.9,0.05 10.3224
0.7,0.9,0.1 41.2207
0.7,0.9,0.15 10.288
0.7,0.95,0 9.29155e-20
0.7,0.95,0.05 7.74971e-06
0.7,0.95,0.1 3.09966e-05
0.7,0.95,0.15 7.7486e-06
0.75,0.2,0.1 1.05054e-06
0.75,0.2,0.15 0.000128272
0.75,0.2,0.2 0.019607
0.75,0.2,0.25 8.51128
0.75,0.2,0.3 21.9305
0.75,0.2,0.35 3.4855
0.75,0.25,0.1 9.21373e-06
0.75,0.25,0.15 0.00440637
0.75,0.25,0.2 0.201562
0.75,0.25,0.25 48.1866
0.75,0.25,0.3 123.579
0.75,0.25,0.35 19.627
0.75,0.3,0.1 4.774e-06
0.75,0.3,0.15 0.36263
0.75,0.3,0.2 6.82434
0.75,0.3,0.25 27.6952
0.75,0.3,0.3 54.7488
0.75,0.3,0.35 8.95037
0.75,0.3,0.4 0.0687163
0.75,0.35,0.1 4.03559e-08
0.75,0.35,0.15 0.685251
0.75,0.35,0.2 13.0719
0.75,0.35,0.25 76.0915
0.75,0.35,0.3 160.275
0.75,0.35,0.35 39.5572
0.75,0.35,0.4 2.40449
0.75,0.4,0.1 0.00181988
0.75,0.4,0.15 1.32203
0.75,0.4,0.2 7.61544
0.75,0.4,0.25 64.5175
0.75,0.4,0.3 157.574
0.75,0.4,0.35 47.479
0.75,0.4,0.4 2.99673
0.75,0.45,0.1 0.00821656
0.75,0.45,0.15 5.61737
0.75,0.45,0.2 17.988
0.75,0.45,0.25 28.6536
0.75,0.45,0.3 81.6177
0.75,0.45,0.35 25.8589
0.75,0.45,0.4 0.999685
0.75,0.45,0.45 0.00102469
0.75,0.5,0.05 0.311134
0.75,0.5,0.1 1.27603
0.75,0.5,0.15 2.0173
0.75,0.5,0.2 4.8944
0.75,0.5,0.25 6.20377
0.75,0.5,0.3 16.4438
0.75,0.5,0.35 20.1408
0.75,0.5,0.4 6.01854
0.75,0.5,0.45 0.00946797
0.75,0.55,0 5.10305e-15
0.75,0.55,0.05 8.1487
0.75,0.55,0.1 33.318
0.75,0.55,0.15 8.58943
0.75,0.55,0.2 2.44502
0.75,0.55,0.25 61.6159
0.75,0.55,0.3 69.7072
0.75,0.55,0.35 12.2333
0.75,0.55,0.4 3.20491
0.75,0.55,0.45 0.0051181
0.75,0.6,0 1.25757e-13
0.75,0.6,0.05 18.5407
0.75,0.6,0.1 74.9142
0.75,0.6,0.15 18.9222
0.75,0.6,0.2 2.145
0.75,0.6,0.25 59.707
0.75,0.6,0.3 66.1931
0.75,0.6,0.35 3.52432
0.75,0.6,0.4 0.0313753
0.75,0.6,0.45 5.01179e-05
0.75,0.65,0 1.30601e-13
0.75,0.65,0.05 11.2698
0.75,0.65,0.1 45.1116
0.75,0.65,0.15 11.2862
0.75,0.65,0.2 0.0880039
0.75,0.65,0.25 2.45468
0.75,0.65,0.3 2.7208
0.75,0.65,0.35 0.141403
0.75,0.7,0 6.07228e-15
0.75,0.7,0.05 0.506462
0.75,0.7,0.1 2.02571
0.75,0.7,0.15 0.506394
0.75,0.75,0 2.65197e-11
0.75,0.75,0.05 0.114227
0.75,0.75,0.1 0.456068
0.75,0.75,0.15 0.113807
0.75,0.8,0 6.47176e-09
0.75,0.8,0.05 30.6451
0.75,0.8,0.1 122.361
0.75,0.8,0.15 30.5357
0.75,0.85,0 2.26947e-08
0.75,0.85,0.05 108.816
0.75,0.85,0.1 434.491
0.75,0.85,0.15 108.43
0.75,0.9,0 5.3693e-09
0.75,0.9,0.05 25.8896
0.75,0.9,0.1 103.375
0.75,0.9,0.15 25.7978
0.8,0.05,0.15 0.0320132
0.8,0.05,0.2 2.50132
0.8,0.05,0.25 4.25379
0.8,0.05,0.3 0.413792
0.8,0.1,0.15 0.363387
0.8,0.1,0.2 28.3929
0.8,0.1,0.25 48.2854
0.8,0.1,0.3 4.69702
0.8,0.15,0.15 0.230347
0.8,0.15,0.2 17.9979
0.8,0.15,0.25 30.6075
0.8,0.15,0.3 2.97739
0.8,0.2,0.15 0.00365919
0.8,0.2,0.2 0.285913
0.8,0.2,0.25 0.489218
0.8,0.2,0.3 0.0550308
0.8,0.2,0.35 0.0012292
0.8,0.25,0.2 3.71986e-05
0.8,0.25,0.25 0.0168931
0.8,0.25,0.3 0.0435463
0.8,0.25,0.35 0.00692155
0.8,0.3,0.2 0.000137725
0.8,0.3,0.25 0.0401244
0.8,0.3,0.3 0.0957979
0.8,0.3,0.35 0.0140088
0.8,0.35,0.2 0.00172108
0.8,0.35,0.25 0.472194
0.8,0.35,0.3 1.11186
0.8,0.35,0.35 0.15992
0.8,0.4,0.05 0.000497054
0.8,0.4,0.1 0.0021856
0.8,0.4,0.15 0.000600549
0.8,0.4,0.2 0.00125443
0.8,0.4,0.25 0.344157
0.8,0.4,0.3 0.810377
0.8,0.4,0.35 0.116557
0.8,0.4,0.55 1.09265e-11
0.8,0.4,0.6 0.157343
0.8,0.4,0.65 0.628597
0.8,0.4,0.7 0.156955
0.8,0.45,0.05 0.152345
0.8,0.45,0.1 0.669877
0.8,0.45,0.15 0.184066
0.8,0.45,0.2 3.37057e-05
0.8,0.45,0.25 0.00780469
0.8,0.45,0.3 0.0183775
0.8,0.45,0.35 0.00264324
0.8,0.45,0.55 8.34007e-11
0.8,0.45,0.6 1.20098
0.8,0.45,0.65 4.79799
0.8,0.45,0.7 1.19802
0.8,0.5,0.05 3.02782
0.8,0.5,0.1 12.5061
0.8,0.5,0.15 3.23021
0.8,0.5,0.2 3.15606e-05
0.8,0.5,0.25 0.000492565
0.8,0.5,0.3 0.000545964
0.8,0.5,0.35 2.83744e-05
0.8,0.5,0.55 3.84418e-11
0.8,0.5,0.6 0.553565
0.8,0.5,0.65 2.21153
0.8,0.5,0.7 0.552201
0.8,0.55,0 3.43557e-14
0.8,0.55,0.05 68.9794
0.8,0.55,0.1 282.125
0.8,0.55,0.15 72.1197
0.8,0.55,0.2 0.000417461
0.8,0.55,0.25 0.0107264
0.8,0.55,0.3 0.0118892
0.8,0.55,0.35 0.000617897
0.8,0.55,0.55 2.05273e-13
0.8,0.55,0.6 0.00295594
0.8,0.55,0.65 0.0118092
0.8,0.55,0.7 0.00294866
0.8,0.6,0 8.46647e-13
0.8,0.6,0.05 139.489
0.8,0.6,0.1 564.391
0.8,0.6,0.15 142.744
0.8,0.6,0.2 0.000406022
0.8,0.6,0.25 0.0104019
0.8,0.6,0.3 0.0115296
0.8,0.6,0.35 0.000599206
0.8,0.65,0 8.79258e-13
0.8,0.65,0.05 77.0335
0.8,0.65,0.1 308.833
0.8,0.65,0.15 77.4069
0.8,0.65,0.2 0.000184549
0.8,0.65,0.25 0.000427651
0.8,0.65,0.3 0.000474013
0.8,0.65,0.35 2.4635e-05
0.8,0.7,0 4.08809e-14
0.8,0.7,0.05 4.48485
0.8,0.7,0.1 18.8833
0.8,0.7,0.15 5.00653
0.8,0.7,0.2 0.00038004
0.8,0.75,0 2.78078e-10
0.8,0.75,0.05 1.35907
0.8,0.75,0.1 5.66586
0.8,0.75,0.15 1.52096
0.8,0.75,0.2 0.00201634
0.8,0.8,0 1.35934e-08
0.8,0.8,0.05 59.329
0.8,0.8,0.1 239.584
0.8,0.8,0.15 61.4823
0.8,0.8,0.2 0.480409
0.8,0.8,0.25 0.485605
0.8,0.8,0.3 0.0258925
0.8,0.85,0 2.11666e-08
0.8,0.85,0.05 93.3069
0.8,0.85,0.1 375.371
0.8,0.85,0.15 95.502
0.8,0.85,0.2 2.1514
0.8,0.85,0.25 2.36402
0.8,0.85,0.3 0.126049
0.8,0.9,0 2.16686e-09
0.8,0.9,0.05 9.79684
0.8,0.9,0.1 39.2492
0.8,0.9,0.15 9.8994
0.8,0.9,0.2 0.640561
0.8,0.9,0.25 0.718325
0.8,0.9,0.3 0.038301
0.8,0.95,0.15 5.12004e-06
0.8,0.95,0.2 0.000147206
0.8,0.95,0.25 0.0001657
0.8,0.95,0.3 8.83511e-06
0.85,0.05,0.15 0.205222
0.85,0.05,0.2 16.0348
0.85,0.05,0.25 27.269
0.85,0.05,0.3 2.65263
0.85,0.1,0.15 2.3295
0.85,0.1,0.2 182.013
0.85,0.1,0.25 309.535
0.85,0.1,0.3 30.1104
0.85,0.15,0.15 1.47664
0.85,0.15,0.2 115.376
0.85,0.15,0.25 196.21
0.85,0.15,0.3 19.0866
0.85,0.2,0.15 0.0234573
0.85,0.2,0.2 1.83281
0.85,0.2,0.25 3.11691
0.85,0.2,0.3 0.303201
0.85,0.4,0.05 0.0585656
0.85,0.4,0.1 0.257519
0.85,0.4,0.15 0.0707599
0.85,0.4,0.2 2.0215e-06
0.85,0.4,0.55 5.25513e-10
0.85,0.4,0.6 7.56743
0.85,0.4,0.65 30.2324
0.85,0.4,0.7 7.54878
0.85,0.45,0.05 17.9501
0.85,0.45,0.1 78.9285
0.85,0.45,0.15 21.6876
0.85,0.45,0.2 0.000619582
0.85,0.45,0.55 4.01116e-09
0.85,0.45,0.6 57.7611
0.85,0.45,0.65 230.76
0.85,0.45,0.7 57.6188
0.85,0.5,0.05 44.5354
0.85,0.5,0.1 195.417
0.85,0.5,0.15 53.5911
0.85,0.5,0.2 0.00149124
0.85,0.5,0.55 1.84886e-09
0.85,0.5,0.6 26.6238
0.85,0.5,0.65 106.364
0.85,0.5,0.7 26.5582
0.85,0.55,0 1.41756e-14
0.85,0.55,0.05 41.0731
0.85,0.55,0.1 169.959
0.85,0.55,0.15 43.986
0.85,0.55,0.2 0.000235359
0.85,0.55,0.55 9.8726e-12
0.85,0.55,0.6 0.142166
0.85,0.55,0.65 0.567964
0.85,0.55,0.7 0.141816
0.85,0.6,0 3.49337e-13
0.85,0.6,0.05 64.186
0.85,0.6,0.1 260.092
0.85,0.6,0.15 65.8836
0.85,0.6,0.2 4.94763e-05
0.85,0.65,0 3.62793e-13
0.85,0.65,0.05 53.1932
0.85,0.65,0.1 231.635
0.85,0.65,0.15 63.6097
0.85,0.65,0.2 0.00752903
0.85,0.7,0 1.6868e-14
0.85,0.7,0.05 49.6711
0.85,0.7,0.1 241.1
0.85,0.7,0.15 73.1099
0.85,0.7,0.2 0.0170602
0.85,0.75,0 1.66029e-10
0.85,0.75,0.05 7.87418
0.85,0.75,0.1 41.5195
0.85,0.75,0.15 14.7492
0.85,0.75,0.2 0.0782847
0.85,0.8,0 7.60783e-09
0.85,0.8,0.05 45.5285
0.85,0.8,0.1 286.314
0.85,0.8,0.15 137.527
0.85,0.8,0.2 32.5597
0.85,0.8,0.25 34.5176
0.85,0.8,0.3 1.84048
0.85,0.85,0 1.06073e-08
0.85,0.85,0.05 59.0282
0.85,0.85,0.1 344.966
0.85,0.85,0.15 159.245
0.85,0.85,0.2 151.264
0.85,0.85,0.25 168.038
0.85,0.85,0.3 8.95979
0.85,0.9,0 7.86776e-10
0.85,0.9,0.05 4.01634
0.85,0.9,0.1 21.1766
0.85,0.9,0.15 10.0593
0.85,0.9,0.2 45.454
0.85,0.9,0.25 51.0597
0.85,0.9,0.3 2.7225
0.85,0.95,0.15 0.000363941
0.85,0.95,0.2 0.0104636
0.85,0.95,0.25 0.0117782
0.85,0.95,0.3 0.000628014
0.9,0.05,0.15 0.0809941
0.9,0.05,0.2 6.32838
0.9,0.05,0.25 10.7622
0.9,0.05,0.3 1.0469
0.9,0.1,0.15 0.919376
0.9,0.1,0.2 71.8345
0.9,0.1,0.25 122.163
0.9,0.1,0.3 11.8836
0.9,0.15,0.15 0.582781
0.9,0.15,0.2 45.535
0.9,0.15,0.25 77.4376
0.9,0.15,0.3 7.53284
0.9,0.2,0.15 0.00925781
0.9,0.2,0.2 0.723349
0.9,0.2,0.25 1.23014
0.9,0.2,0.3 0.119663
0.9,0.4,0.05 0.112904
0.9,0.4,0.1 0.496451
0.9,0.4,0.15 0.136413
0.9,0.4,0.2 3.8971e-06
0.9,0.4,0.55 7.47437e-10
0.9,0.4,0.6 10.7632
0.9,0.4,0.65 42.9995
0.9,0.4,0.7 10.7366
0.9,0.45,0.05 34.6046
0.9,0.45,0.1 152.16
0.9,0.45,0.15 41.8098
0.9,0.45,0.2 0.00119444
0.9,0.45,0.55 5.70507e-09
0.9,0.45,0.6 82.1536
0.9,0.45,0.65 328.209
0.9,0.45,0.7 81.9511
0.9,0.5,0.05 83.2629
0.9,0.5,0.1 366.113
0.9,0.5,0.15 100.598
0.9,0.5,0.2 0.00287362
0.9,0.5,0.55 2.62964e-09
0.9,0.5,0.6 37.867
0.9,0.5,0.65 151.281
0.9,0.5,0.7 37.7737
0.9,0.55,0 4.44775e-17
0.9,0.55,0.05 12.5319
0.9,0.55,0.1 55.0227
0.9,0.55,0.15 15.0981
0.9,0.55,0.2 0.000423482
0.9,0.55,0.55 1.40418e-11
0.9,0.55,0.6 0.202203
0.9,0.55,0.65 0.807816
0.9,0.55,0.7 0.201705
0.9,0.6,0 1.09609e-15
0.9,0.6,0.05 0.494801
0.9,0.6,0.1 2.11844
0.9,0.6,0.15 0.570545
0.9,0.6,0.2 4.58163e-05
0.9,0.65,0 1.1383e-15
0.9,0.65,0.05 29.549
0.9,0.65,0.1 144.071
0.9,0.65,0.15 43.8474
0.9,0.65,0.2 0.0104068
0.9,0.7,0 5.29252e-17
0.9,0.7,0.05 66.7229
0.9,0.7,0.1 325.525
0.9,0.7,0.15 99.1239
0.9,0.7,0.2 0.0235833
0.9,0.75,0 2.2238e-12
0.9,0.75,0.05 9.86173
0.9,0.75,0.1 52.9471
0.9,0.75,0.15 19.0535
0.9,0.75,0.2 0.101651
0.9,0.8,0 1.019e-10
0.9,0.8,0.05 16.9737
0.9,0.8,0.1 203.236
0.9,0.8,0.15 136.723
0.9,0.8,0.2 52.96
0.9,0.8,0.25 56.8499
0.9,0.8,0.3 3.03124
0.9,0.85,0 1.42075e-10
0.9,0.85,0.05 17.8985
0.9,0.85,0.1 213.087
0.9,0.85,0.15 149.806
0.9,0.85,0.2 248.434
0.9,0.85,0.25 276.756
0.9,0.85,0.3 14.7566
0.9,0.9,0 1.05381e-11
0.9,0.9,0.05 0.858532
0.9,0.9,0.1 10.0897
0.9,0.9,0.15 9.25948
0.9,0.9,0.2 74.8292
0.9,0.9,0.25 84.0944
0.9,0.9,0.3 4.48391
0.9,0.95,0.15 0.000599405
0.9,0.95,0.2 0.0172334
0.9,0.95,0.25 0.0193985
0.9,0.95,0.3 0.00103433
0.95,0.05,0.15 0.000197876
0.95,0.05,0.2 0.0154608
0.95,0.05,0.25 0.0262929
0.95,0.05,0.3 0.00255768
0.95,0.1,0.15 0.00224612
0.95,0.1,0.2 0.175498
0.95,0.1,0.25 0.298455
0.95,0.1,0.3 0.0290326
0.95,0.15,0.15 0.00142379
0.95,0.15,0.2 0.111246
0.95,0.15,0.25 0.189187
0.95,0.15,0.3 0.0184034
0.95,0.2,0.15 2.26177e-05
0.95,0.2,0.2 0.00176721
0.95,0.2,0.25 0.00300534
0.95,0.2,0.3 0.000292349
0.95,0.4,0.05 0.0128556
0.95,0.4,0.1 0.0565276
0.95,0.4,0.15 0.0155324
0.95,0.4,0.2 4.43737e-07
0.95,0.4,0.55 5.70452e-11
0.95,0.4,0.6 0.821456
0.95,0.4,0.65 3.28178
0.95,0.4,0.7 0.819432
0.95,0.45,0.05 3.94019
0.95,0.45,0.1 17.3255
0.95,0.45,0.15 4.7606
0.95,0.45,0.2 0.000136003
0.95,0.45,0.55 4.35418e-10
0.95,0.45,0.6 6.27006
0.95,0.45,0.65 25.0493
0.95,0.45,0.7 6.25461
0.95,0.5,0.05 9.47938
0.95,0.5,0.1 41.6819
0.95,0.5,0.15 11.4531
0.95,0.5,0.2 0.000327199
0.95,0.5,0.55 2.00697e-10
0.95,0.5,0.6 2.89005
0.95,0.5,0.65 11.546
0.95,0.5,0.7 2.88293
0.95,0.55,0.05 1.39656
0.95,0.55,0.1 6.14082
0.95,0.55,0.15 1.68734
0.95,0.55,0.2 4.82049e-05
0.95,0.55,0.55 1.07169e-12
0.95,0.55,0.6 0.0154324
0.95,0.55,0.65 0.0616534
0.95,0.55,0.7 0.0153943
0.95,0.6,0.05 0.0094689
0.95,0.6,0.1 0.046197
0.95,0.6,0.15 0.0140674
0.95,0.6,0.2 3.34702e-06
0.95,0.65,0.05 2.15684
0.95,0.65,0.1 10.5228
0.95,0.65,0.15 3.20428
0.95,0.65,0.2 0.000762388
0.95,0.7,0.05 4.88773
0.95,0.7,0.1 23.8463
0.95,0.7,0.15 7.2614
0.95,0.7,0.2 0.00172769
0.95,0.75,0.05 0.717338
0.95,0.75,0.1 3.82218
0.95,0.75,0.15 1.35917
0.95,0.75,0.2 0.00679033
0.95,0.8,0.05 1.10101
0.95,0.8,0.1 13.4162
0.95,0.8,0.15 9.12178
0.95,0.8,0.2 4.87519
0.95,0.8,0.25 5.30365
0.95,0.8,0.3 0.282791
0.95,0.85,0.05 1.15106
0.95,0.85,0.1 14.0262
0.95,0.85,0.15 10.163
0.95,0.85,0.2 23.1084
0.95,0.85,0.25 25.8192
0.95,0.85,0.3 1.37668
0.95,0.9,0.05 0.0541449
0.95,0.9,0.1 0.659776
0.95,0.9,0.15 0.682945
0.95,0.9,0.2 6.97775
0.95,0.9,0.25 7.84535
0.95,0.9,0.3 0.418314
0.95,0.95,0.15 5.59197e-05
0.95,0.95,0.2 0.00160774
0.95,0.95,0.25 0.00180973
0.95,0.95,0.3 9.64947e-05
