0.65,0.55,0.05 43.7389
0.65,0.55,0.1 181.923
0.65,0.55,0.15 287.718
0.65,0.55,0.2 666.16
0.65,0.55,0.25 211.311
0.65,0.55,0.3 10.0379
0.65,0.6,0 1.89026e-11
0.65,0.6,0.05 36.172
0.65,0.6,0.1 184.201
0.65,0.6,0.15 362.088
0.65,0.6,0.2 636.092
0.65,0.6,0.25 187.284
0.65,0.6,0.3 5.92229
0.65,0.65,0 8.30426e-13
0.65,0.65,0.05 27.8157
0.65,0.65,0.1 296.754
0.65,0.65,0.15 425.689
0.65,0.65,0.2 297.065
0.65,0.65,0.25 94.3788
0.65,0.65,0.3 1.21798
0.65,0.7,0 1.72209e-12
0.65,0.7,0.05 17.4303
0.65,0.7,0.1 241.359
0.65,0.7,0.15 605.725
0.65,0.7,0.2 213.251
0.65,0.7,0.25 11.6975
0.65,0.7,0.3 0.074231
0.65,0.75,0 3.2965e-10
0.65,0.75,0.05 28.2756
0.65,0.75,0.1 283.692
0.65,0.75,0.15 470.013
0.65,0.75,0.2 92.2703
0.65,0.75,0.25 1.2805
0.65,0.8,0 7.41904e-10
0.65,0.8,0.05 73.8201
0.65,0.8,0.1 407.591
0.65,0.8,0.15 323.994
0.65,0.8,0.2 33.239
0.65,0.8,0.25 0.00210178
0.65,0.85,0 1.7205e-10
0.65,0.85,0.05 77.8981
0.65,0.85,0.1 315.101
0.65,0.85,0.15 85.9219
0.65,0.85,0.2 1.07539
0.65,0.9,0 1.99767e-11
0.65,0.9,0.05 18.789
0.65,0.9,0.1 75.1345
0.65,0.9,0.15 18.7783
0.65,0.95,0 1.57188e-16
0.65,0.95,0.05 0.000184117
0.65,0.95,0.1 0.000736258
0.65,0.95,0.15 0.000184012
0.7,0.1,0.05 7.06532e-05
0.7,0.1,0.1 0.188302
0.7,0.1,0.15 4.04397
0.7,0.1,0.2 3.89611
0.7,0.1,0.25 0.158273
0.7,0.15,0 1.44708e-14
0.7,0.15,0.05 13.7294
0.7,0.15,0.1 96.3843
0.7,0.15,0.15 90.293
0.7,0.15,0.2 49.3533
0.7,0.15,0.25 3.72305
0.7,0.15,0.3 0.930911
0.7,0.15,0.35 0.00895332
0.7,0.2,0 4.1016e-13
0.7,0.2,0.05 63.7497
0.7,0.2,0.1 452.98
0.7,0.2,0.15 230.966
0.7,0.2,0.2 38.8556
0.7,0.2,0.25 42.5337
0.7,0.2,0.3 22.1386
0.7,0.2,0.35 0.212925
0.7,0.25,0 4.58364e-13
0.7,0.25,0.05 59.8707
0.7,0.25,0.1 490.177
0.7,0.25,0.15 256.848
0.7,0.25,0.2 40.1359
0.7,0.25,0.25 53.6132
0.7,0.25,0.3 23.0629
0.7,0.25,0.35 0.421844
0.7,0.25,0.4 0.000719574
0.7,0.3,0 2.41489e-14
0.7,0.3,0.05 13.9594
0.7,0.3,0.1 135.931
0.7,0.3,0.15 147.787
0.7,0.3,0.2 152.202
0.7,0.3,0.25 50.7896
0.7,0.3,0.3 5.39375
0.7,0.3,0.35 1.81059
0.7,0.3,0.4 0.00632249
0.7,0.35,0 1.94474e-09
0.7,0.35,0.05 46.5909
0.7,0.35,0.1 214.276
0.7,0.35,0.15 126.53
0.7,0.35,0.2 65.5971
0.7,0.35,0.25 13.1948
0.7,0.35,0.3 2.24492
0.7,0.35,0.35 0.934478
0.7,0.35,0.4 0.00328082
0.7,0.4,0 9.47431e-09
0.7,0.4,0.05 152.831
0.7,0.4,0.1 635.52
0.7,0.4,0.15 244.035
0.7,0.4,0.2 45.4464
0.7,0.4,0.25 0.651934
0.7,0.4,0.3 0.0189186
0.7,0.4,0.35 0.00794156
0.7,0.4,0.4 2.78817e-05
0.7,0.45,0 3.05602e-09
0.7,0.45,0.05 105.506
0.7,0.45,0.1 526.427
0.7,0.45,0.15 258.535
0.7,0.45,0.2 63.084
0.7,0.45,0.25 14.4751
0.7,0.45,0.3 0.0258358
0.7,0.5,0 4.19199e-10
0.7,0.5,0.05 106.994
0.7,0.5,0.1 535.584
0.7,0.5,0.15 393.721
0.7,0.5,0.2 303.016
0.7,0.5,0.25 58.4031
0.7,0.5,0.3 0.062743
0.7,0.55,0 1.09361e-10
0.7,0.55,0.05 87.2803
0.7,0.55,0.1 415.436
0.7,0.55,0.15 445.155
0.7,0.55,0.2 546.334
0.7,0.55,0.25 82.3702
0.7,0.55,0.3 0.00972143
0.7,0.6,0 3.93614e-11
0.7,0.6,0.05 72.4871
0.7,0.6,0.1 333.829
0.7,0.6,0.15 309.676
0.7,0.6,0.2 464.42
0.7,0.6,0.25 70.8585
0.7,0.6,0.3 0.00727607
0.7,0.65,0 1.6194e-12
0.7,0.65,0.05 22.3696
0.7,0.65,0.1 299.247
0.7,0.65,0.15 276.944
0.7,0.65,0.2 96.5724
0.7,0.65,0.25 11.6429
0.7,0.65,0.3 0.00896243
0.7,0.7,0 3.08274e-14
0.7,0.7,0.05 6.68086
0.7,0.7,0.1 120.223
0.7,0.7,0.15 342.63
0.7,0.7,0.2 354.198
0.7,0.7,0.25 37.2879
0.7,0.7,0.3 0.000563135
0.7,0.75,0 6.0956e-12
0.7,0.75,0.05 0.760022
0.7,0.75,0.1 63.8477
0.7,0.75,0.15 214.44
0.7,0.75,0.2 146.384
0.7,0.75,0.25 14.0509
0.7,0.8,0 2.01839e-09
0.7,0.8,0.05 11.5394
0.7,0.8,0.1 92.7903
0.7,0.8,0.15 116.069
0.7,0.8,0.2 14.1337
0.7,0.8,0.25 0.0258825
0.7,0.85,0 8.01202e-09
0.7,0.85,0.05 41.2885
0.7,0.85,0.1 166.39
0.7,0.85,0.15 44.5361
0.7,0.85,0.2 0.451008
0.7,0.9,0 2.00013e-09
0.7,0.9,0.05 10.3149
0.7,0.9,0.1 41.1903
0.7,0.9,0.15 10.2803
0.7,0.95,0 5.43256e-18
0.7,0.95,0.05 6.36324e-06
0.7,0.95,0.1 2.54457e-05
0.7,0.95,0.15 6.35962e-06
0.75,0.1,0.05 4.05459e-05
0.75,0.1,0.1 0.000277919
0.75,0.1,0.15 0.000116539
0.75,0.1,0.2 3.98072e-07
0.75,0.15,0.05 7.86146
0.75,0.15,0.1 53.886
0.75,0.15,0.15 22.5957
0.75,0.15,0.2 0.0771824
0.75,0.2,0.05 32.686
0.75,0.2,0.1 228.39
0.75,0.2,0.15 97.6702
0.75,0.2,0.2 0.380534
0.75,0.25,0.05 19.1395
0.75,0.25,0.1 149.555
0.75,0.25,0.15 70.7452
0.75,0.25,0.2 0.447862
0.75,0.25,0.25 0.00310744
0.75,0.25,0.3 7.03118e-06
0.75,0.3,0.05 3.5419
0.75,0.3,0.1 28.1592
0.75,0.3,0.15 14.1085
0.75,0.3,0.2 0.390184
0.75,0.3,0.25 0.0164505
0.75,0.3,0.3 2.9235e-05
0.75,0.35,0 8.08967e-10
0.75,0.35,0.05 54.268
0.75,0.35,0.1 231.322
0.75,0.35,0.15 198.469
0.75,0.35,0.2 86.4031
0.75,0.35,0.25 1.17997
0.75,0.35,0.3 7.5972e-06
0.75,0.4,0 3.93725e-09
0.75,0.4,0.05 132.593
0.75,0.4,0.1 581.625
0.75,0.4,0.15 505.056
0.75,0.4,0.2 212.131
0.75,0.4,0.25 2.87537
0.75,0.4,0.3 1.57118e-11
0.75,0.45,0 1.21436e-09
0.75,0.45,0.05 36.4919
0.75,0.45,0.1 347.66
0.75,0.45,0.15 372.125
0.75,0.45,0.2 97.4225
0.75,0.45,0.25 3.41514
0.75,0.5,0 5.00589e-11
0.75,0.5,0.05 18.6543
0.75,0.5,0.1 303.478
0.75,0.5,0.15 642.937
0.75,0.5,0.2 348.892
0.75,0.5,0.25 17.8755
0.75,0.55,0 1.50571e-11
0.75,0.55,0.05 21.8144
0.75,0.55,0.1 245.661
0.75,0.55,0.15 489.012
0.75,0.55,0.2 252.715
0.75,0.55,0.25 19.7159
0.75,0.6,0 6.74582e-12
0.75,0.6,0.05 28.9489
0.75,0.6,0.1 132.715
0.75,0.6,0.15 114.036
0.75,0.6,0.2 121.883
0.75,0.6,0.25 15.8418
0.75,0.65,0 4.06947e-13
0.75,0.65,0.05 13.2392
0.75,0.65,0.1 69.7412
0.75,0.65,0.15 49.8474
0.75,0.65,0.2 42.3832
0.75,0.65,0.25 5.03717
0.75,0.7,0 6.07228e-15
0.75,0.7,0.05 1.04552
0.75,0.7,0.1 10.7077
0.75,0.7,0.15 114.826
0.75,0.7,0.2 214.244
0.75,0.7,0.25 25.1069
0.75,0.75,0 2.65197e-11
0.75,0.75,0.05 0.115648
0.75,0.75,0.1 0.970353
0.75,0.75,0.15 41.4267
0.75,0.75,0.2 80.8261
0.75,0.75,0.25 9.47194
0.75,0.8,0 6.47176e-09
0.75,0.8,0.05 30.6459
0.75,0.8,0.1 122.525
0.75,0.8,0.15 30.969
0.75,0.8,0.2 0.196402
0.75,0.8,0.25 0.0174555
0.75,0.85,0 2.26947e-08
0.75,0.85,0.05 108.816
0.75,0.85,0.1 434.496
0.75,0.85,0.15 108.441
0.75,0.85,0.2 0.00154176
0.75,0.9,0 5.3693e-09
0.75,0.9,0.05 25.8896
0.75,0.9,0.1 103.375
0.75,0.9,0.15 25.7978
0.8,0.05,0 1.96048e-11
0.8,0.05,0.05 1.15495
0.8,0.05,0.1 4.61623
0.8,0.05,0.15 1.15317
0.8,0.1,0 2.31151e-10
0.8,0.1,0.05 13.6174
0.8,0.1,0.1 54.4276
0.8,0.1,0.15 13.5964
0.8,0.1,0.2 4.72905e-09
0.8,0.15,0 1.50684e-10
0.8,0.15,0.05 8.97042
0.8,0.15,0.1 36.1209
0.8,0.15,0.15 9.13178
0.8,0.15,0.2 0.000916918
0.8,0.2,0 2.58221e-12
0.8,0.2,0.05 0.506519
0.8,0.2,0.1 3.03723
0.8,0.2,0.15 1.17052
0.8,0.2,0.2 0.00347963
0.8,0.25,0.05 0.0840893
0.8,0.25,0.1 0.576455
0.8,0.25,0.15 0.241752
0.8,0.25,0.2 0.000826518
0.8,0.3,0.05 0.0474148
0.8,0.3,0.1 0.202494
0.8,0.3,0.15 0.175436
0.8,0.3,0.2 0.0766366
0.8,0.3,0.25 0.00104371
0.8,0.35,0 4.10146e-12
0.8,0.35,0.05 6.31514
0.8,0.35,0.1 29.3774
0.8,0.35,0.15 48.9023
0.8,0.35,0.2 25.5444
0.8,0.35,0.25 0.34789
0.8,0.4,0 5.06225e-11
0.8,0.4,0.05 17.1018
0.8,0.4,0.1 80.2847
0.8,0.4,0.15 123.399
0.8,0.4,0.2 62.5357
0.8,0.4,0.25 0.850163
0.8,0.45,0 4.53785e-11
0.8,0.45,0.05 7.87989
0.8,0.45,0.1 55.1488
0.8,0.45,0.15 63.3794
0.8,0.45,0.2 26.3558
0.8,0.45,0.25 0.993987
0.8,0.5,0 4.49664e-12
0.8,0.5,0.05 4.51251
0.8,0.5,0.1 48.4574
0.8,0.5,0.15 129.586
0.8,0.5,0.2 95.3977
0.8,0.5,0.25 5.03151
0.8,0.55,0 1.29552e-11
0.8,0.55,0.05 73.8748
0.8,0.55,0.1 318.989
0.8,0.55,0.15 149.718
0.8,0.55,0.2 38.7885
0.8,0.55,0.25 1.84334
0.8,0.6,0 1.35796e-11
0.8,0.6,0.05 141.436
0.8,0.6,0.1 567.674
0.8,0.6,0.15 145.767
0.8,0.6,0.2 0.850201
0.8,0.6,0.25 0.0410938
0.8,0.65,0 1.51337e-12
0.8,0.65,0.05 76.9784
0.8,0.65,0.1 307.894
0.8,0.65,0.15 77.3076
0.8,0.65,0.2 0.67379
0.8,0.65,0.25 0.0792901
0.8,0.7,0 2.27173e-13
0.8,0.7,0.05 4.71673
0.8,0.7,0.1 18.881
0.8,0.7,0.15 6.74615
0.8,0.7,0.2 4.01038
0.8,0.7,0.25 0.470296
0.8,0.75,0 2.78316e-10
0.8,0.75,0.05 1.40664
0.8,0.75,0.1 5.62348
0.8,0.75,0.15 2.16809
0.8,0.75,0.2 1.51297
0.8,0.75,0.25 0.177426
0.8,0.8,0 1.35993e-08
0.8,0.8,0.05 59.6748
0.8,0.8,0.1 238.268
0.8,0.8,0.15 59.4819
0.8,0.8,0.2 0.0111414
0.8,0.8,0.25 0.000337715
0.8,0.85,0 2.1173e-08
0.8,0.85,0.05 93.7068
0.8,0.85,0.1 374.19
0.8,0.85,0.15 93.6266
0.8,0.85,0.2 0.0935234
0.8,0.85,0.25 0.000120274
0.8,0.9,0 2.16719e-09
0.8,0.9,0.05 9.81897
0.8,0.9,0.1 39.2331
0.8,0.9,0.15 9.94711
0.8,0.9,0.2 0.0586793
0.8,0.9,0.25 7.54635e-05
0.8,0.95,0.1 0.000437009
0.8,0.95,0.15 0.00252682
0.8,0.95,0.2 0.000906109
0.8,0.95,0.25 1.16529e-06
0.85,0.05,0 1.24806e-10
0.85,0.05,0.05 7.35247
0.85,0.05,0.1 29.3872
0.85,0.05,0.15 7.34114
0.85,0.1,0 1.47152e-09
0.85,0.1,0.05 86.6892
0.85,0.1,0.1 346.489
0.85,0.1,0.15 86.5556
0.85,0.15,0 9.59267e-10
0.85,0.15,0.05 56.5117
0.85,0.15,0.1 225.873
0.85,0.15,0.15 56.4246
0.85,0.2,0 1.64385e-11
0.85,0.2,0.05 0.968414
0.85,0.2,0.1 3.87067
0.85,0.2,0.15 0.966922
0.85,0.3,0.1 1.81331e-06
0.85,0.3,0.15 1.91549e-05
0.85,0.3,0.2 1.15015e-05
0.85,0.3,0.25 1.56639e-07
0.85,0.35,0 1.8401e-11
0.85,0.35,0.05 2.35315
0.85,0.35,0.1 9.40759
0.85,0.35,0.15 2.35673
0.85,0.35,0.2 0.00383367
0.85,0.35,0.25 5.2211e-05
0.85,0.4,0 4.79689e-10
0.85,0.4,0.05 61.4967
0.85,0.4,0.1 245.842
0.85,0.4,0.15 61.4392
0.85,0.4,0.2 0.00936859
0.85,0.4,0.25 0.000127592
0.85,0.45,0 6.31366e-10
0.85,0.45,0.05 92.2227
0.85,0.45,0.1 368.682
0.85,0.45,0.15 92.1222
0.85,0.45,0.2 0.00316965
0.85,0.45,0.25 0.000116786
0.85,0.5,0 2.27459e-10
0.85,0.5,0.05 49.6968
0.85,0.5,0.1 198.69
0.85,0.5,0.15 49.6568
0.85,0.5,0.2 0.0102476
0.85,0.5,0.25 0.000566935
0.85,0.55,0 2.50876e-11
0.85,0.55,0.05 37.5337
0.85,0.55,0.1 150.104
0.85,0.55,0.15 37.5217
0.85,0.55,0.2 0.00368862
0.85,0.55,0.25 0.000204069
0.85,0.6,0 6.1264e-12
0.85,0.6,0.05 61.2836
0.85,0.6,0.1 245.105
0.85,0.6,0.15 61.2689
0.85,0.6,0.2 4.88094e-06
0.85,0.6,0.25 2.70033e-07
0.85,0.65,0 4.26584e-12
0.85,0.65,0.05 57.2783
0.85,0.65,0.1 229.088
0.85,0.65,0.15 57.2658
0.85,0.7,0 8.47068e-12
0.85,0.7,0.05 60.7193
0.85,0.7,0.1 242.84
0.85,0.7,0.15 60.7005
0.85,0.75,0 1.79695e-10
0.85,0.75,0.05 10.525
0.85,0.75,0.1 42.0858
0.85,0.75,0.15 10.5179
0.85,0.8,0 7.95205e-09
0.85,0.8,0.05 72.5733
0.85,0.8,0.1 291.986
0.85,0.8,0.15 84.1532
0.85,0.8,0.2 4.21335
0.85,0.8,0.25 0.0054185
0.85,0.85,0 1.09868e-08
0.85,0.85,0.05 89.5657
0.85,0.85,0.1 380.569
0.85,0.85,0.15 220.893
0.85,0.85,0.2 47.1734
0.85,0.85,0.25 0.0606666
0.85,0.9,0 8.06315e-10
0.85,0.9,0.05 5.64828
0.85,0.9,0.1 36.8374
0.85,0.9,0.15 88.1713
0.85,0.9,0.2 29.598
0.85,0.9,0.25 0.038064
0.85,0.95,0.1 0.220428
0.85,0.95,0.15 1.27453
0.85,0.95,0.2 0.457043
0.85,0.95,0.25 0.000587773
0.9,0.05,0 4.89436e-11
0.9,0.05,0.05 2.88334
0.9,0.05,0.1 11.5245
0.9,0.05,0.15 2.87889
0.9,0.1,0 5.77069e-10
0.9,0.1,0.05 33.9959
0.9,0.1,0.1 135.879
0.9,0.1,0.15 33.9435
0.9,0.15,0 3.76185e-10
0.9,0.15,0.05 22.1616
0.9,0.15,0.1 88.578
0.9,0.15,0.15 22.1274
0.9,0.2,0 6.4465e-12
0.9,0.2,0.05 0.379772
0.9,0.2,0.1 1.51792
0.9,0.2,0.15 0.379187
0.9,0.35,0 1.26401e-11
0.9,0.35,0.05 1.61644
0.9,0.35,0.1 6.4619
0.9,0.35,0.15 1.61451
0.9,0.4,0 3.31388e-10
0.9,0.4,0.05 42.6624
0.9,0.4,0.1 170.548
0.9,0.4,0.15 42.6118
0.9,0.45,0 5.74214e-10
0.9,0.45,0.05 94.6898
0.9,0.45,0.1 378.554
0.9,0.45,0.15 94.5871
0.9,0.5,0 3.9161e-10
0.9,0.5,0.05 85.7209
0.9,0.5,0.1 342.713
0.9,0.5,0.15 85.6356
0.9,0.55,0 3.57798e-11
0.9,0.55,0.05 8.13557
0.9,0.55,0.1 32.5264
0.9,0.55,0.15 8.12763
0.9,0.6,0 4.9626e-14
0.9,0.6,0.05 0.390584
0.9,0.6,0.1 1.56212
0.9,0.6,0.15 0.390474
0.9,0.65,0 5.07433e-12
0.9,0.65,0.05 35.6869
0.9,0.65,0.1 142.725
0.9,0.65,0.15 35.6757
0.9,0.7,0 1.17393e-11
0.9,0.7,0.05 82.3675
0.9,0.7,0.1 329.418
0.9,0.7,0.15 82.3416
0.9,0.75,0 2.30819e-11
0.9,0.75,0.05 13.8493
0.9,0.75,0.1 55.3843
0.9,0.75,0.15 13.8429
0.9,0.8,0 6.31785e-10
0.9,0.8,0.05 61.7132
0.9,0.8,0.1 252.025
0.9,0.8,0.15 92.4331
0.9,0.8,0.2 11.0437
0.9,0.8,0.25 0.0142025
0.9,0.85,0 7.26178e-10
0.9,0.85,0.05 68.1559
0.9,0.85,0.1 332.087
0.9,0.85,0.15 412.879
0.9,0.85,0.2 123.647
0.9,0.85,0.25 0.159014
0.9,0.9,0 4.0616e-11
0.9,0.9,0.05 3.52351
0.9,0.9,0.1 51.5012
0.9,0.9,0.15 219.862
0.9,0.9,0.2 77.5798
0.9,0.9,0.25 0.0997702
0.9,0.95,0.1 0.577769
0.9,0.95,0.15 3.3407
0.9,0.95,0.2 1.19796
0.9,0.95,0.25 0.00154062
0.95,0.05,0 1.15116e-13
0.95,0.05,0.05 0.00678165
0.95,0.05,0.1 0.0271057
0.95,0.05,0.15 0.0067712
0.95,0.1,0 1.35728e-12
0.95,0.1,0.05 0.079959
0.95,0.1,0.1 0.319589
0.95,0.1,0.15 0.0798357
0.95,0.15,0 8.84793e-13
0.95,0.15,0.05 0.0521244
0.95,0.15,0.1 0.208337
0.95,0.15,0.15 0.052044
0.95,0.2,0 1.51623e-14
0.95,0.2,0.05 0.000893231
0.95,0.2,0.1 0.00357017
0.95,0.2,0.15 0.000891854
0.95,0.35,0 2.48052e-13
0.95,0.35,0.05 0.0317212
0.95,0.35,0.1 0.126809
0.95,0.35,0.15 0.0316834
0.95,0.4,0 6.76801e-12
0.95,0.4,0.05 0.896274
0.95,0.4,0.1 3.58299
0.95,0.4,0.15 0.895222
0.95,0.45,0 3.10862e-11
0.95,0.45,0.05 6.27833
0.95,0.45,0.1 25.1005
0.95,0.45,0.15 6.27194
0.95,0.5,0 4.09044e-11
0.95,0.5,0.05 9.09128
0.95,0.5,0.1 36.3471
0.95,0.5,0.15 9.08228
0.95,0.55,0 3.87302e-12
0.95,0.55,0.05 0.863833
0.95,0.55,0.1 3.45362
0.95,0.55,0.15 0.862979
0.95,0.6,0 1.48447e-15
0.95,0.6,0.05 0.0104151
0.95,0.6,0.1 0.041654
0.95,0.6,0.15 0.0104119
0.95,0.65,0 3.7401e-13
0.95,0.65,0.05 2.62407
0.95,0.65,0.1 10.4946
0.95,0.65,0.15 2.62325
0.95,0.7,0 8.6566e-13
0.95,0.7,0.05 6.07352
0.95,0.7,0.1 24.2903
0.95,0.7,0.15 6.07161
0.95,0.75,0 1.75853e-12
0.95,0.75,0.05 1.04604
0.95,0.75,0.1 4.18317
0.95,0.75,0.15 1.04554
0.95,0.8,0 4.51572e-11
0.95,0.8,0.05 5.22184
0.95,0.8,0.1 21.7366
0.95,0.8,0.15 10.1998
0.95,0.8,0.2 1.78739
0.95,0.8,0.25 0.00229864
0.95,0.85,0 4.97777e-11
0.95,0.85,0.05 5.75614
0.95,0.85,0.1 32.662
0.95,0.85,0.15 61.5553
0.95,0.85,0.2 20.0119
0.95,0.85,0.25 0.025736
0.95,0.9,0 2.56326e-12
0.95,0.9,0.05 0.296408
0.95,0.9,0.1 7.24059
0.95,0.9,0.15 35.3105
0.95,0.9,0.2 12.5561
0.95,0.9,0.25 0.0161475
0.95,0.95,0.1 0.0935102
0.95,0.95,0.15 0.540683
0.95,0.95,0.2 0.193887
0.95,0.95,0.25 0.000249345
