0.65,0.45,0.05 158.654
0.65,0.45,0.1 635.656
0.65,0.45,0.15 237.028
0.65,0.45,0.2 277.964
0.65,0.45,0.25 70.6616
0.65,0.45,0.3 0.0264376
0.65,0.5,0 2.43593e-10
0.65,0.5,0.05 93.5586
0.65,0.5,0.1 375.664
0.65,0.5,0.15 283.753
0.65,0.5,0.2 680.459
0.65,0.5,0.25 181.248
0.65,0.5,0.3 1.05272
0.65,0.55,0 5.30029e-11
0.65,0.55,0.05 43.8654
0.65,0.55,0.1 182.743
0.65,0.55,0.15 290.015
0.65,0.55,0.2 654.928
0.65,0.55,0.25 203.447
0.65,0.55,0.3 8.6599
0.65,0.6,0 1.89026e-11
0.65,0.6,0.05 39.3251
0.65,0.6,0.1 197.255
0.65,0.6,0.15 362.785
0.65,0.6,0.2 631.969
0.65,0.6,0.25 188.46
0.65,0.6,0.3 5.28884
0.65,0.65,0 8.30426e-13
0.65,0.65,0.05 43.7965
0.65,0.65,0.1 353.686
0.65,0.65,0.15 423.524
0.65,0.65,0.2 295.984
0.65,0.65,0.25 91.0051
0.65,0.65,0.3 1.02964
0.65,0.7,0 1.72209e-12
0.65,0.7,0.05 22.6736
0.65,0.7,0.1 277.124
0.65,0.7,0.15 604.412
0.65,0.7,0.2 180.527
0.65,0.7,0.25 9.3417
0.65,0.7,0.3 0.056435
0.65,0.75,0 3.2965e-10
0.65,0.75,0.05 29.2624
0.65,0.75,0.1 308.048
0.65,0.75,0.15 452.811
0.65,0.75,0.2 69.0524
0.65,0.75,0.25 0.453487
0.65,0.8,0 7.41904e-10
0.65,0.8,0.05 74.4408
0.65,0.8,0.1 419.144
0.65,0.8,0.15 308.416
0.65,0.8,0.2 25.731
0.65,0.8,0.25 0.000299038
0.65,0.85,0 1.7205e-10
0.65,0.85,0.05 77.9145
0.65,0.85,0.1 315.139
0.65,0.85,0.15 84.7919
0.65,0.85,0.2 0.763901
0.65,0.9,0 1.99767e-11
0.65,0.9,0.05 18.789
0.65,0.9,0.1 75.1345
0.65,0.9,0.15 18.7783
0.65,0.95,0 1.57188e-16
0.65,0.95,0.05 0.000184117
0.65,0.95,0.1 0.000736258
0.65,0.95,0.15 0.000184012
0.7,0.1,0.05 0.000203034
0.7,0.1,0.1 0.234727
0.7,0.1,0.15 4.44311
0.7,0.1,0.2 3.97955
0.7,0.1,0.25 0.140679
0.7,0.15,0 1.44708e-14
0.7,0.15,0.05 19.0605
0.7,0.15,0.1 101.404
0.7,0.15,0.15 87.3128
0.7,0.15,0.2 50.3013
0.7,0.15,0.25 4.44702
0.7,0.15,0.3 0.926188
0.7,0.15,0.35 0.000866337
0.7,0.2,0 4.1016e-13
0.7,0.2,0.05 87.0786
0.7,0.2,0.1 469.372
0.7,0.2,0.15 195.138
0.7,0.2,0.2 43.9212
0.7,0.2,0.25 55.8922
0.7,0.2,0.3 18.8561
0.7,0.2,0.35 0.0176376
0.7,0.25,0 4.58364e-13
0.7,0.25,0.05 81.8318
0.7,0.25,0.1 511.522
0.7,0.25,0.15 216.368
0.7,0.25,0.2 49.0722
0.7,0.25,0.25 63.1958
0.7,0.25,0.3 18.4268
0.7,0.25,0.35 0.358183
0.7,0.25,0.4 0.00107524
0.7,0.3,0 2.41489e-14
0.7,0.3,0.05 19.0272
0.7,0.3,0.1 142.976
0.7,0.3,0.15 148.604
0.7,0.3,0.2 171.727
0.7,0.3,0.25 51.7216
0.7,0.3,0.3 7.80179
0.7,0.3,0.35 2.92791
0.7,0.3,0.4 0.00921059
0.7,0.35,0 3.66699e-09
0.7,0.35,0.05 47.2927
0.7,0.35,0.1 212.252
0.7,0.35,0.15 125.759
0.7,0.35,0.2 68.9496
0.7,0.35,0.25 13.1336
0.7,0.35,0.3 3.61299
0.7,0.35,0.35 1.48753
0.7,0.35,0.4 0.00468047
0.7,0.4,0 1.78411e-08
0.7,0.4,0.05 152.406
0.7,0.4,0.1 630.356
0.7,0.4,0.15 237.363
0.7,0.4,0.2 44.5824
0.7,0.4,0.25 0.669145
0.7,0.4,0.3 0.0284057
0.7,0.4,0.35 0.0117175
0.7,0.4,0.4 3.68688e-05
0.7,0.45,0 5.44412e-09
0.7,0.45,0.05 107.97
0.7,0.45,0.1 536.599
0.7,0.45,0.15 243.027
0.7,0.45,0.2 62.3387
0.7,0.45,0.25 13.5194
0.7,0.45,0.3 0.00596355
0.7,0.5,0 1.64396e-11
0.7,0.5,0.05 109.887
0.7,0.5,0.1 555.698
0.7,0.5,0.15 384.846
0.7,0.5,0.2 299.501
0.7,0.5,0.25 54.1338
0.7,0.5,0.3 0.0141018
0.7,0.55,0 4.1879e-11
0.7,0.55,0.05 88.4831
0.7,0.55,0.1 433.655
0.7,0.55,0.15 446.42
0.7,0.55,0.2 539.727
0.7,0.55,0.25 79.2446
0.7,0.55,0.3 0.0032749
0.7,0.6,0 3.93614e-11
0.7,0.6,0.05 75.9576
0.7,0.6,0.1 342.169
0.7,0.6,0.15 304.93
0.7,0.6,0.2 465.818
0.7,0.6,0.25 69.939
0.7,0.6,0.3 0.00791464
0.7,0.65,0 1.6194e-12
0.7,0.65,0.05 39.3
0.7,0.65,0.1 323.473
0.7,0.65,0.15 233.893
0.7,0.65,0.2 86.682
0.7,0.65,0.25 8.24744
0.7,0.65,0.3 0.00864477
0.7,0.7,0 3.08274e-14
0.7,0.7,0.05 11.9688
0.7,0.7,0.1 142.397
0.7,0.7,0.15 399.161
0.7,0.7,0.2 287.963
0.7,0.7,0.25 15.3615
0.7,0.7,0.3 0.000491092
0.7,0.75,0 6.0956e-12
0.7,0.75,0.05 1.09445
0.7,0.75,0.1 78.5969
0.7,0.75,0.15 232.557
0.7,0.75,0.2 110.548
0.7,0.75,0.25 5.31059
0.7,0.8,0 2.01839e-09
0.7,0.8,0.05 11.8038
0.7,0.8,0.1 98.7126
0.7,0.8,0.15 111.561
0.7,0.8,0.2 11.0812
0.7,0.8,0.25 0.00519862
0.7,0.85,0 8.01202e-09
0.7,0.85,0.05 41.2957
0.7,0.85,0.1 166.438
0.7,0.85,0.15 44.1216
0.7,0.85,0.2 0.326888
0.7,0.9,0 2.00013e-09
0.7,0.9,0.05 10.3149
0.7,0.9,0.1 41.1903
0.7,0.9,0.15 10.2803
0.7,0.95,0 5.43256e-18
0.7,0.95,0.05 6.36324e-06
0.7,0.95,0.1 2.54457e-05
0.7,0.95,0.15 6.35962e-06
0.75,0.1,0.05 0.000116969
0.75,0.1,0.1 0.000604562
0.75,0.1,0.15 0.000194744
0.75,0.1,0.2 9.40552e-08
0.75,0.15,0.05 10.9634
0.75,0.15,0.1 56.6649
0.75,0.15,0.15 18.2532
0.75,0.15,0.2 0.00881568
0.75,0.2,0.05 44.9868
0.75,0.2,0.1 237.285
0.75,0.2,0.15 78.2092
0.75,0.2,0.2 0.0563041
0.75,0.25,0.05 26.4215
0.75,0.25,0.1 156.659
0.75,0.25,0.15 57.9498
0.75,0.25,0.2 0.149489
0.75,0.25,0.25 0.014681
0.75,0.25,0.3 1.16424e-05
0.75,0.3,0.05 4.74313
0.75,0.3,0.1 29.4807
0.75,0.3,0.15 11.696
0.75,0.3,0.2 0.379759
0.75,0.3,0.25 0.0618492
0.75,0.3,0.3 4.70567e-05
0.75,0.35,0 1.66821e-09
0.75,0.35,0.05 53.9438
0.75,0.35,0.1 228.454
0.75,0.35,0.15 190.343
0.75,0.35,0.2 82.8719
0.75,0.35,0.25 1.18027
0.75,0.35,0.3 1.18872e-05
0.75,0.4,0 8.1123e-09
0.75,0.4,0.05 137.342
0.75,0.4,0.1 598.049
0.75,0.4,0.15 506.324
0.75,0.4,0.2 214.789
0.75,0.4,0.25 3.0143
0.75,0.4,0.3 4.90971e-13
0.75,0.45,0 2.46268e-09
0.75,0.45,0.05 43.9252
0.75,0.45,0.1 378.438
0.75,0.45,0.15 349.405
0.75,0.45,0.2 87.279
0.75,0.45,0.25 2.19847
0.75,0.5,0 1.79318e-12
0.75,0.5,0.05 24.0353
0.75,0.5,0.1 346.959
0.75,0.5,0.15 633.799
0.75,0.5,0.2 298.516
0.75,0.5,0.25 10.721
0.75,0.55,0 6.93403e-12
0.75,0.55,0.05 24.0114
0.75,0.55,0.1 286.301
0.75,0.55,0.15 486.655
0.75,0.55,0.2 230.688
0.75,0.55,0.25 17.1848
0.75,0.6,0 6.74582e-12
0.75,0.6,0.05 29.3083
0.75,0.6,0.1 137.148
0.75,0.6,0.15 118.741
0.75,0.6,0.2 128.592
0.75,0.6,0.25 16.3482
0.75,0.65,0 4.06947e-13
0.75,0.65,0.05 13.956
0.75,0.65,0.1 66.703
0.75,0.65,0.15 55.9625
0.75,0.65,0.2 46.0125
0.75,0.65,0.25 3.33951
0.75,0.7,0 6.07228e-15
0.75,0.7,0.05 1.2581
0.75,0.7,0.1 13.4157
0.75,0.7,0.15 177.644
0.75,0.7,0.2 212.952
0.75,0.7,0.25 12.9917
0.75,0.75,0 2.65197e-11
0.75,0.75,0.05 0.116983
0.75,0.75,0.1 2.47796
0.75,0.75,0.15 60.88
0.75,0.75,0.2 73.8492
0.75,0.75,0.25 4.50291
0.75,0.8,0 6.47176e-09
0.75,0.8,0.05 30.647
0.75,0.8,0.1 122.566
0.75,0.8,0.15 30.9742
0.75,0.8,0.2 0.113862
0.75,0.8,0.25 0.00440798
0.75,0.85,0 2.26947e-08
0.75,0.85,0.05 108.816
0.75,0.85,0.1 434.497
0.75,0.85,0.15 108.441
0.75,0.85,0.2 0.00123752
0.75,0.9,0 5.3693e-09
0.75,0.9,0.05 25.8896
0.75,0.9,0.1 103.375
0.75,0.9,0.15 25.7978
0.8,0.05,0 1.96048e-11
0.8,0.05,0.05 1.15495
0.8,0.05,0.1 4.61623
0.8,0.05,0.15 1.15317
0.8,0.1,0 2.31151e-10
0.8,0.1,0.05 13.6174
0.8,0.1,0.1 54.4276
0.8,0.1,0.15 13.5964
0.8,0.1,0.2 1.1309e-09
0.8,0.15,0 1.50684e-10
0.8,0.15,0.05 9.00885
0.8,0.15,0.1 36.1621
0.8,0.15,0.15 9.08282
0.8,0.15,0.2 0.000105998
0.8,0.2,0 2.58221e-12
0.8,0.2,0.05 0.645024
0.8,0.2,0.1 3.15566
0.8,0.2,0.15 0.972558
0.8,0.2,0.2 0.000396502
0.8,0.25,0.05 0.115301
0.8,0.25,0.1 0.5961
0.8,0.25,0.15 0.192077
0.8,0.25,0.2 9.33778e-05
0.8,0.3,0.05 0.0410147
0.8,0.3,0.1 0.172498
0.8,0.3,0.15 0.130517
0.8,0.3,0.2 0.0543081
0.8,0.3,0.25 0.00076404
0.8,0.35,0 8.56567e-12
0.8,0.35,0.05 6.25028
0.8,0.35,0.1 28.8747
0.8,0.35,0.15 47.7577
0.8,0.35,0.2 25.2019
0.8,0.35,0.25 0.354557
0.8,0.4,0 4.48511e-11
0.8,0.4,0.05 17.6855
0.8,0.4,0.1 82.5289
0.8,0.4,0.15 126.849
0.8,0.4,0.2 65.2504
0.8,0.4,0.25 0.917158
0.8,0.45,0 1.77571e-11
0.8,0.45,0.05 8.83888
0.8,0.45,0.1 59.4857
0.8,0.45,0.15 66.1844
0.8,0.45,0.2 27.7732
0.8,0.45,0.25 0.758217
0.8,0.5,0 2.73223e-12
0.8,0.5,0.05 5.14561
0.8,0.5,0.1 55.7769
0.8,0.5,0.15 152.735
0.8,0.5,0.2 100.941
0.8,0.5,0.25 3.61327
0.8,0.55,0 1.29552e-11
0.8,0.55,0.05 74.1835
0.8,0.55,0.1 325.342
0.8,0.55,0.15 157.728
0.8,0.55,0.2 40.1404
0.8,0.55,0.25 1.36603
0.8,0.6,0 1.35796e-11
0.8,0.6,0.05 141.467
0.8,0.6,0.1 568.37
0.8,0.6,0.15 145.959
0.8,0.6,0.2 0.86284
0.8,0.6,0.25 0.0578226
0.8,0.65,0 1.51337e-12
0.8,0.65,0.05 76.9784
0.8,0.65,0.1 307.92
0.8,0.65,0.15 77.9668
0.8,0.65,0.2 1.235
0.8,0.65,0.25 0.0771808
0.8,0.7,0 2.27173e-13
0.8,0.7,0.05 4.71673
0.8,0.7,0.1 19.0264
0.8,0.7,0.15 10.2217
0.8,0.7,0.2 6.74042
0.8,0.7,0.25 0.411315
0.8,0.75,0 2.78316e-10
0.8,0.75,0.05 1.40664
0.8,0.75,0.1 5.67341
0.8,0.75,0.15 3.31044
0.8,0.75,0.2 2.33623
0.8,0.75,0.25 0.142562
0.8,0.8,0 1.35993e-08
0.8,0.8,0.05 59.6748
0.8,0.8,0.1 238.268
0.8,0.8,0.15 59.479
0.8,0.8,0.2 0.00852861
0.8,0.8,0.25 0.000141718
0.8,0.85,0 2.1173e-08
0.8,0.85,0.05 93.7068
0.8,0.85,0.1 374.193
0.8,0.85,0.15 93.6072
0.8,0.85,0.2 0.0755998
0.8,0.85,0.25 2.61836e-05
0.8,0.9,0 2.16719e-09
0.8,0.9,0.05 9.81897
0.8,0.9,0.1 39.2368
0.8,0.9,0.15 9.94396
0.8,0.9,0.2 0.0502579
0.8,0.9,0.25 1.74066e-05
0.8,0.95,0.1 0.00057685
0.8,0.95,0.15 0.00289605
0.8,0.95,0.2 0.000906891
0.8,0.95,0.25 3.14097e-07
0.85,0.05,0 1.24806e-10
0.85,0.05,0.05 7.35247
0.85,0.05,0.1 29.3872
0.85,0.05,0.15 7.34114
0.85,0.1,0 1.47152e-09
0.85,0.1,0.05 86.6892
0.85,0.1,0.1 346.489
0.85,0.1,0.15 86.5556
0.85,0.15,0 9.59267e-10
0.85,0.15,0.05 56.5117
0.85,0.15,0.1 225.873
0.85,0.15,0.15 56.4246
0.85,0.2,0 1.64385e-11
0.85,0.2,0.05 0.968414
0.85,0.2,0.1 3.87067
0.85,0.2,0.15 0.966922
0.85,0.3,0.1 1.96295e-06
0.85,0.3,0.15 2.10412e-05
0.85,0.3,0.2 1.27757e-05
0.85,0.3,0.25 1.79737e-07
0.85,0.35,0 1.88479e-12
0.85,0.35,0.05 2.419
0.85,0.35,0.1 9.67424
0.85,0.35,0.15 2.42743
0.85,0.35,0.2 0.00592863
0.85,0.35,0.25 8.34081e-05
0.85,0.4,0 4.98253e-11
0.85,0.4,0.05 62.2376
0.85,0.4,0.1 248.884
0.85,0.4,0.15 62.2283
0.85,0.4,0.2 0.015336
0.85,0.4,0.25 0.000215758
0.85,0.45,0 1.71751e-10
0.85,0.45,0.05 92.472
0.85,0.45,0.1 369.764
0.85,0.45,0.15 92.4365
0.85,0.45,0.2 0.0238011
0.85,0.45,0.25 0.000820088
0.85,0.5,0 2.04984e-10
0.85,0.5,0.05 49.664
0.85,0.5,0.1 198.569
0.85,0.5,0.15 49.755
0.85,0.5,0.2 0.126054
0.85,0.5,0.25 0.00463779
0.85,0.55,0 2.50876e-11
0.85,0.55,0.05 37.5337
0.85,0.55,0.1 150.107
0.85,0.55,0.15 37.5689
0.85,0.55,0.2 0.0460908
0.85,0.55,0.25 0.00169577
0.85,0.6,0 6.1264e-12
0.85,0.6,0.05 61.2836
0.85,0.6,0.1 245.105
0.85,0.6,0.15 61.2689
0.85,0.6,0.2 6.84534e-05
0.85,0.6,0.25 2.51853e-06
0.85,0.65,0 4.26584e-12
0.85,0.65,0.05 57.2783
0.85,0.65,0.1 229.088
0.85,0.65,0.15 57.2658
0.85,0.7,0 8.47068e-12
0.85,0.7,0.05 60.7193
0.85,0.7,0.1 242.84
0.85,0.7,0.15 60.7005
0.85,0.75,0 1.79695e-10
0.85,0.75,0.05 10.525
0.85,0.75,0.1 42.0858
0.85,0.75,0.15 10.5179
0.85,0.8,0 7.95205e-09
0.85,0.8,0.05 72.5733
0.85,0.8,0.1 292.086
0.85,0.8,0.15 83.1095
0.85,0.8,0.2 3.35253
0.85,0.8,0.25 0.00116113
0.85,0.85,0 1.09868e-08
0.85,0.85,0.05 89.5657
0.85,0.85,0.1 383.647
0.85,0.85,0.15 219.015
0.85,0.85,0.2 40.6064
0.85,0.85,0.25 0.0140638
0.85,0.9,0 8.06315e-10
0.85,0.9,0.05 5.64828
0.85,0.9,0.1 39.7332
0.85,0.9,0.15 91.8373
0.85,0.9,0.2 26.9947
0.85,0.9,0.25 0.00934948
0.85,0.95,0.1 0.30984
0.85,0.95,0.15 1.55553
0.85,0.95,0.2 0.487113
0.85,0.95,0.25 0.000168709
0.9,0.05,0 4.89436e-11
0.9,0.05,0.05 2.88334
0.9,0.05,0.1 11.5245
0.9,0.05,0.15 2.87889
0.9,0.1,0 5.77069e-10
0.9,0.1,0.05 33.9959
0.9,0.1,0.1 135.879
0.9,0.1,0.15 33.9435
0.9,0.15,0 3.76185e-10
0.9,0.15,0.05 22.1616
0.9,0.15,0.1 88.578
0.9,0.15,0.15 22.1274
0.9,0.2,0 6.4465e-12
0.9,0.2,0.05 0.379772
0.9,0.2,0.1 1.51792
0.9,0.2,0.15 0.379187
0.9,0.35,0 1.26495e-12
0.9,0.35,0.05 1.62348
0.9,0.35,0.1 6.49213
0.9,0.35,0.15 1.62258
0.9,0.4,0 3.53426e-11
0.9,0.4,0.05 42.1944
0.9,0.4,0.1 168.731
0.9,0.4,0.15 42.1708
0.9,0.45,0 2.57686e-10
0.9,0.45,0.05 93.826
0.9,0.45,0.1 375.157
0.9,0.45,0.15 93.7524
0.9,0.5,0 3.76132e-10
0.9,0.5,0.05 85.6485
0.9,0.5,0.1 342.426
0.9,0.5,0.15 85.5647
0.9,0.55,0 3.57798e-11
0.9,0.55,0.05 8.13557
0.9,0.55,0.1 32.5264
0.9,0.55,0.15 8.12763
0.9,0.6,0 4.9626e-14
0.9,0.6,0.05 0.390584
0.9,0.6,0.1 1.56212
0.9,0.6,0.15 0.390474
0.9,0.65,0 5.07433e-12
0.9,0.65,0.05 35.6869
0.9,0.65,0.1 142.725
0.9,0.65,0.15 35.6757
0.9,0.7,0 1.17393e-11
0.9,0.7,0.05 82.3675
0.9,0.7,0.1 329.418
0.9,0.7,0.15 82.3416
0.9,0.75,0 2.30819e-11
0.9,0.75,0.05 13.8493
0.9,0.75,0.1 55.3843
0.9,0.75,0.15 13.8429
0.9,0.8,0 6.31785e-10
0.9,0.8,0.05 61.7132
0.9,0.8,0.1 252.342
0.9,0.8,0.15 89.97
0.9,0.8,0.2 8.87269
0.9,0.8,0.25 0.00307301
0.9,0.85,0 7.26178e-10
0.9,0.85,0.05 68.1559
0.9,0.85,0.1 340.81
0.9,0.85,0.15 411.255
0.9,0.85,0.2 107.468
0.9,0.85,0.25 0.0372209
0.9,0.9,0 4.0616e-11
0.9,0.9,0.05 3.52351
0.9,0.9,0.1 59.5283
0.9,0.9,0.15 231.664
0.9,0.9,0.2 71.4433
0.9,0.9,0.25 0.024744
0.9,0.95,0.1 0.820011
0.9,0.95,0.15 4.11683
0.9,0.95,0.2 1.28918
0.9,0.95,0.25 0.0004465
0.95,0.05,0 1.15116e-13
0.95,0.05,0.05 0.00678165
0.95,0.05,0.1 0.0271057
0.95,0.05,0.15 0.0067712
0.95,0.1,0 1.35728e-12
0.95,0.1,0.05 0.079959
0.95,0.1,0.1 0.319589
0.95,0.1,0.15 0.0798357
0.95,0.15,0 8.84793e-13
0.95,0.15,0.05 0.0521244
0.95,0.15,0.1 0.208337
0.95,0.15,0.15 0.052044
0.95,0.2,0 1.51623e-14
0.95,0.2,0.05 0.000893231
0.95,0.2,0.1 0.00357017
0.95,0.2,0.15 0.000891854
0.95,0.35,0 2.33955e-14
0.95,0.35,0.05 0.0300265
0.95,0.35,0.1 0.120073
0.95,0.35,0.15 0.03001
0.95,0.4,0 9.21838e-13
0.95,0.4,0.05 0.840205
0.95,0.4,0.1 3.35983
0.95,0.4,0.15 0.83971
0.95,0.45,0 2.48359e-11
0.95,0.45,0.05 6.2117
0.95,0.45,0.1 24.8352
0.95,0.45,0.15 6.20591
0.95,0.5,0 4.05988e-11
0.95,0.5,0.05 9.08747
0.95,0.5,0.1 36.3319
0.95,0.5,0.15 9.0785
0.95,0.55,0 3.87302e-12
0.95,0.55,0.05 0.863833
0.95,0.55,0.1 3.45362
0.95,0.55,0.15 0.862979
0.95,0.6,0 1.48447e-15
0.95,0.6,0.05 0.0104151
0.95,0.6,0.1 0.041654
0.95,0.6,0.15 0.0104119
0.95,0.65,0 3.7401e-13
0.95,0.65,0.05 2.62407
0.95,0.65,0.1 10.4946
0.95,0.65,0.15 2.62325
0.95,0.7,0 8.6566e-13
0.95,0.7,0.05 6.07352
0.95,0.7,0.1 24.2903
0.95,0.7,0.15 6.07161
0.95,0.75,0 1.75853e-12
0.95,0.75,0.05 1.04604
0.95,0.75,0.1 4.18317
0.95,0.75,0.15 1.04554
0.95,0.8,0 4.51572e-11
0.95,0.8,0.05 5.22184
0.95,0.8,0.1 21.7975
0.95,0.8,0.15 9.84925
0.95,0.8,0.2 1.45108
0.95,0.8,0.25 0.000502573
0.95,0.85,0 4.97777e-11
0.95,0.85,0.05 5.75614
0.95,0.85,0.1 34.1898
0.95,0.85,0.15 61.8749
0.95,0.85,0.2 17.5757
0.95,0.85,0.25 0.00608725
0.95,0.9,0 2.56326e-12
0.95,0.9,0.05 0.296408
0.95,0.9,0.1 8.61686
0.95,0.9,0.15 37.6078
0.95,0.9,0.2 11.6841
0.95,0.9,0.25 0.00404674
0.95,0.95,0.1 0.134108
0.95,0.95,0.15 0.673282
0.95,0.95,0.2 0.210837
0.95,0.95,0.25 7.30224e-05
