0.25,0.1,0.05 14.9756
0.25,0.1,0.1 63.7168
0.25,0.1,0.15 215.035
0.25,0.1,0.2 434.408
0.25,0.1,0.25 349.479
0.25,0.1,0.3 374.55
0.25,0.1,0.35 51.7096
0.25,0.1,0.4 0.000976986
0.25,0.15,0 2.1702e-09
0.25,0.15,0.05 48.6379
0.25,0.15,0.1 207.191
0.25,0.15,0.15 402.63
0.25,0.15,0.2 738.811
0.25,0.15,0.25 445.855
0.25,0.15,0.3 312.37
0.25,0.15,0.35 127.773
0.25,0.15,0.4 13.253
0.25,0.2,0 1.87572e-09
0.25,0.2,0.05 86.8581
0.25,0.2,0.1 366.385
0.25,0.2,0.15 415.174
0.25,0.2,0.2 455.074
0.25,0.2,0.25 249.007
0.25,0.2,0.3 563.363
0.25,0.2,0.35 476.219
0.25,0.2,0.4 53.9415
0.25,0.25,0 8.87061e-10
0.25,0.25,0.05 89.5443
0.25,0.25,0.1 361.5
0.25,0.25,0.15 330.342
0.25,0.25,0.2 621.145
0.25,0.25,0.25 307.403
0.25,0.25,0.3 516.17
0.25,0.25,0.35 388.887
0.25,0.25,0.4 25.915
0.25,0.3,0 1.46679e-11
0.25,0.3,0.05 45.8985
0.25,0.3,0.1 195.854
0.25,0.3,0.15 289.136
0.25,0.3,0.2 600.089
0.25,0.3,0.25 241.233
0.25,0.3,0.3 176.807
0.25,0.3,0.35 211.775
0.25,0.3,0.4 21.2148
0.25,0.35,0 1.75537e-13
0.25,0.35,0.05 75.7092
0.25,0.35,0.1 393.242
0.25,0.35,0.15 335.203
0.25,0.35,0.2 135.455
0.25,0.35,0.25 23.7745
0.25,0.35,0.3 25.2021
0.25,0.35,0.35 40.1793
0.25,0.35,0.4 4.51839
0.25,0.4,0 9.09584e-11
0.25,0.4,0.05 102.331
0.25,0.4,0.1 482.969
0.25,0.4,0.15 382.943
0.25,0.4,0.2 137.895
0.25,0.4,0.25 33.6177
0.25,0.4,0.3 2.16787
0.25,0.4,0.35 0.00595716
0.25,0.4,0.4 0.000437631
0.25,0.45,0 8.88716e-10
0.25,0.45,0.05 149.137
0.25,0.45,0.1 652.182
0.25,0.45,0.15 457.858
0.25,0.45,0.2 331.736
0.25,0.45,0.25 330.198
0.25,0.45,0.3 115.215
0.25,0.45,0.35 85.9192
0.25,0.45,0.4 37.256
0.25,0.45,0.45 2.73367
0.25,0.5,0 1.69868e-09
0.25,0.5,0.05 181.499
0.25,0.5,0.1 734.672
0.25,0.5,0.15 338.868
0.25,0.5,0.2 392.461
0.25,0.5,0.25 616.438
0.25,0.5,0.3 658.534
0.25,0.5,0.35 561.724
0.25,0.5,0.4 373.677
0.25,0.5,0.45 33.1524
0.25,0.55,0 2.49174e-09
0.25,0.55,0.05 83.5238
0.25,0.55,0.1 433.887
0.25,0.55,0.15 348.255
0.25,0.55,0.2 330.892
0.25,0.55,0.25 471.442
0.25,0.55,0.3 677.851
0.25,0.55,0.35 661.831
0.25,0.55,0.4 429.857
0.25,0.55,0.45 32.9528
0.25,0.6,0 1.73455e-08
0.25,0.6,0.05 14.3922
0.25,0.6,0.1 224.126
0.25,0.6,0.15 427.477
0.25,0.6,0.2 571.885
0.25,0.6,0.25 463.166
0.25,0.6,0.3 438.603
0.25,0.6,0.35 547.717
0.25,0.6,0.4 339.17
0.25,0.6,0.45 18.8397
0.25,0.65,0 1.10698e-08
0.25,0.65,0.05 78.1934
0.25,0.65,0.1 348.849
0.25,0.65,0.15 389.72
0.25,0.65,0.2 523.972
0.25,0.65,0.25 253.037
0.25,0.65,0.3 405.603
0.25,0.65,0.35 282.097
0.25,0.65,0.4 123.584
0.25,0.65,0.45 8.03109
0.25,0.7,0 2.14309e-09
0.25,0.7,0.05 97.7575
0.25,0.7,0.1 479.192
0.25,0.7,0.15 445.781
0.25,0.7,0.2 409.782
0.25,0.7,0.25 326.997
0.25,0.7,0.3 232.237
0.25,0.7,0.35 62.9193
0.25,0.7,0.4 6.1469
0.25,0.7,0.45 0.385925
0.25,0.75,0 1.56936e-10
0.25,0.75,0.05 30.7128
0.25,0.75,0.1 372.842
0.25,0.75,0.15 535.844
0.25,0.75,0.2 503.741
0.25,0.75,0.25 292.465
0.25,0.75,0.3 171.598
0.25,0.75,0.35 15.238
0.25,0.75,0.4 0.00135459
0.25,0.8,0.05 10.7921
0.25,0.8,0.1 163.289
0.25,0.8,0.15 256.115
0.25,0.8,0.2 235.536
0.25,0.8,0.25 110.925
0.25,0.8,0.3 85.4073
0.25,0.8,0.35 9.98673
0.25,0.85,0.05 0.0776431
0.25,0.85,0.1 1.27311
0.25,0.85,0.15 2.80901
0.25,0.85,0.2 2.43821
0.25,0.85,0.25 1.64902
0.25,0.85,0.3 1.60125
0.25,0.85,0.35 0.186978
0.3,0,0.1 8.98235e-13
0.3,0,0.15 3.69085e-11
0.3,0,0.2 7.2462e-11
0.3,0,0.25 4.93977e-10
0.3,0,0.3 4.6626e-10
0.3,0,0.35 1.84664e-11
0.3,0.05,0 3.73392e-15
0.3,0.05,0.05 0.19025
0.3,0.05,0.1 2.60844
0.3,0.05,0.15 59.7833
0.3,0.05,0.2 82.7527
0.3,0.05,0.25 82.3499
0.3,0.05,0.3 74.0848
0.3,0.05,0.35 3.15339
0.3,0.1,0 2.52885e-12
0.3,0.1,0.05 8.56631
0.3,0.1,0.1 58.618
0.3,0.1,0.15 279.558
0.3,0.1,0.2 386.067
0.3,0.1,0.25 378.344
0.3,0.1,0.3 369.613
0.3,0.1,0.35 29.8924
0.3,0.1,0.4 0.00108482
0.3,0.15,0 1.98849e-11
0.3,0.15,0.05 17.3163
0.3,0.15,0.1 115.904
0.3,0.15,0.15 387.583
0.3,0.15,0.2 475.163
0.3,0.15,0.25 303.102
0.3,0.15,0.3 555.82
0.3,0.15,0.35 213.105
0.3,0.15,0.4 21.6513
0.3,0.2,0 1.38815e-10
0.3,0.2,0.05 78.7648
0.3,0.2,0.1 359.496
0.3,0.2,0.15 591.214
0.3,0.2,0.2 650.369
0.3,0.2,0.25 359.721
0.3,0.2,0.3 689.726
0.3,0.2,0.35 493.403
0.3,0.2,0.4 78.9099
0.3,0.25,0 2.50469e-10
0.3,0.25,0.05 98.7375
0.3,0.25,0.1 403.738
0.3,0.25,0.15 234.168
0.3,0.25,0.2 254.386
0.3,0.25,0.25 397.341
0.3,0.25,0.3 591.576
0.3,0.25,0.35 397.413
0.3,0.25,0.4 35.911
0.3,0.3,0 7.10482e-10
0.3,0.3,0.05 33.9438
0.3,0.3,0.1 164.252
0.3,0.3,0.15 388.586
0.3,0.3,0.2 468.224
0.3,0.3,0.25 468.187
0.3,0.3,0.3 447.595
0.3,0.3,0.35 414.535
0.3,0.3,0.4 41.7285
0.3,0.35,0 1.95341e-10
0.3,0.35,0.05 38.3454
0.3,0.35,0.1 318.694
0.3,0.35,0.15 766.335
0.3,0.35,0.2 554.288
0.3,0.35,0.25 81.8417
0.3,0.35,0.3 66.6229
0.3,0.35,0.35 79.9475
0.3,0.35,0.4 8.86331
0.3,0.35,0.45 1.02212e-07
0.3,0.4,0 2.91732e-11
0.3,0.4,0.05 107.638
0.3,0.4,0.1 564.553
0.3,0.4,0.15 770.163
0.3,0.4,0.2 456.434
0.3,0.4,0.25 44.5484
0.3,0.4,0.3 1.50198
0.3,0.4,0.35 0.238498
0.3,0.4,0.4 0.287434
0.3,0.4,0.45 0.0264991
0.3,0.45,0 5.33673e-10
0.3,0.45,0.05 77.2775
0.3,0.45,0.1 369.399
0.3,0.45,0.15 538.789
0.3,0.45,0.2 503.074
0.3,0.45,0.25 238.369
0.3,0.45,0.3 99.6234
0.3,0.45,0.35 63.5292
0.3,0.45,0.4 10.5914
0.3,0.45,0.45 0.395061
0.3,0.5,0 1.13733e-09
0.3,0.5,0.05 120.559
0.3,0.5,0.1 485.873
0.3,0.5,0.15 209.68
0.3,0.5,0.2 230.725
0.3,0.5,0.25 352.647
0.3,0.5,0.3 592.845
0.3,0.5,0.35 362.934
0.3,0.5,0.4 60.5668
0.3,0.5,0.45 2.8278
0.3,0.55,0 6.19814e-08
0.3,0.55,0.05 80.9428
0.3,0.55,0.1 334.537
0.3,0.55,0.15 236.628
0.3,0.55,0.2 295.681
0.3,0.55,0.25 404.495
0.3,0.55,0.3 658.799
0.3,0.55,0.35 237.343
0.3,0.55,0.4 62.8994
0.3,0.55,0.45 3.33424
0.3,0.6,0 5.15624e-07
0.3,0.6,0.05 69.0641
0.3,0.6,0.1 297.506
0.3,0.6,0.15 308.389
0.3,0.6,0.2 578.743
0.3,0.6,0.25 426.857
0.3,0.6,0.3 683.595
0.3,0.6,0.35 477.711
0.3,0.6,0.4 281.542
0.3,0.6,0.45 17.1739
0.3,0.65,0 2.57486e-07
0.3,0.65,0.05 78.9437
0.3,0.65,0.1 322.34
0.3,0.65,0.15 218.996
0.3,0.65,0.2 422.817
0.3,0.65,0.25 433.312
0.3,0.65,0.3 654.152
0.3,0.65,0.35 527.603
0.3,0.65,0.4 286.876
0.3,0.65,0.45 17.4477
0.3,0.7,0 2.71045e-09
0.3,0.7,0.05 68.9411
0.3,0.7,0.1 286.751
0.3,0.7,0.15 213.884
0.3,0.7,0.2 457.801
0.3,0.7,0.25 230.39
0.3,0.7,0.3 122.142
0.3,0.7,0.35 41.8373
0.3,0.7,0.4 15.6548
0.3,0.7,0.45 0.899105
0.3,0.75,0 8.54123e-11
0.3,0.75,0.05 13.895
0.3,0.75,0.1 140.414
0.3,0.75,0.15 305.264
0.3,0.75,0.2 425.15
0.3,0.75,0.25 190.866
0.3,0.75,0.3 122.173
0.3,0.75,0.35 6.04625
0.3,0.75,0.4 4.33729e-05
0.3,0.8,0.05 4.00986
0.3,0.8,0.1 57.5227
0.3,0.8,0.15 92.2841
0.3,0.8,0.2 95.044
0.3,0.8,0.25 39.7782
0.3,0.8,0.3 28.825
0.3,0.8,0.35 1.48178
0.3,0.85,0.05 0.0288487
0.3,0.85,0.1 0.411199
0.3,0.85,0.15 0.333953
0.3,0.85,0.2 0.0633158
0.3,0.85,0.25 0.0145279
0.3,0.85,0.3 0.00342494
0.3,0.85,0.35 0.000411286
0.35,0,0.1 1.0915e-13
0.35,0,0.15 4.48499e-12
0.35,0,0.2 1.36352e-11
0.35,0,0.25 1.61573e-10
0.35,0,0.3 1.53173e-10
0.35,0,0.35 6.06646e-12
0.35,0.05,0.05 0.883707
0.35,0.05,0.1 5.58465
0.35,0.05,0.15 9.25633
0.35,0.05,0.2 11.0879
0.35,0.05,0.25 26.739
0.35,0.05,0.3 23.9826
0.35,0.05,0.35 0.939581
0.35,0.1,0.05 39.691
0.35,0.1,0.1 244.806
0.35,0.1,0.15 122.164
0.35,0.1,0.2 61.6526
0.35,0.1,0.25 172.607
0.35,0.1,0.3 128.412
0.35,0.1,0.35 8.38559
0.35,0.1,0.4 0.000115697
0.35,0.15,0 3.48554e-12
0.35,0.15,0.05 62.1929
0.35,0.15,0.1 386.524
0.35,0.15,0.15 215.618
0.35,0.15,0.2 157.899
0.35,0.15,0.25 279.237
0.35,0.15,0.3 214.669
0.35,0.15,0.35 44.2499
0.35,0.15,0.4 2.30827
0.35,0.2,0 4.71513e-11
0.35,0.2,0.05 101.324
0.35,0.2,0.1 446.711
0.35,0.2,0.15 429.767
0.35,0.2,0.2 464.296
0.35,0.2,0.25 363.765
0.35,0.2,0.3 463.058
0.35,0.2,0.35 133.978
0.35,0.2,0.4 10.1977
0.35,0.25,0 8.79023e-10
0.35,0.25,0.05 166.526
0.35,0.25,0.1 719.394
0.35,0.25,0.15 559.611
0.35,0.25,0.2 277.231
0.35,0.25,0.25 382.852
0.35,0.25,0.3 705.372
0.35,0.25,0.35 300.338
0.35,0.25,0.4 12.9817
0.35,0.3,0 3.59898e-09
0.35,0.3,0.05 130.421
0.35,0.3,0.1 550.698
0.35,0.3,0.15 501.489
0.35,0.3,0.2 392.571
0.35,0.3,0.25 651.135
0.35,0.3,0.3 738.49
0.35,0.3,0.35 168.654
0.35,0.3,0.4 7.6762
0.35,0.35,0 9.85557e-10
0.35,0.35,0.05 91.8942
0.35,0.35,0.1 402.4
0.35,0.35,0.15 495.326
0.35,0.35,0.2 447.568
0.35,0.35,0.25 213.517
0.35,0.35,0.3 130.201
0.35,0.35,0.35 20.7148
0.35,0.35,0.4 1.03201
0.35,0.35,0.45 1.75724e-05
0.35,0.4,0 6.73832e-11
0.35,0.4,0.05 165.174
0.35,0.4,0.1 800.936
0.35,0.4,0.15 746.452
0.35,0.4,0.2 402.517
0.35,0.4,0.25 43.231
0.35,0.4,0.3 13.536
0.35,0.4,0.35 27.7779
0.35,0.4,0.4 43.9576
0.35,0.4,0.45 4.54927
0.35,0.45,0 1.9279e-09
0.35,0.45,0.05 97.3029
0.35,0.45,0.1 526.638
0.35,0.45,0.15 723.101
0.35,0.45,0.2 664.342
0.35,0.45,0.25 181.446
0.35,0.45,0.3 116.261
0.35,0.45,0.35 280.373
0.35,0.45,0.4 222.457
0.35,0.45,0.45 17.4124
0.35,0.5,0 2.49667e-09
0.35,0.5,0.05 145.001
0.35,0.5,0.1 607.965
0.35,0.5,0.15 409.129
0.35,0.5,0.2 587.887
0.35,0.5,0.25 620.875
0.35,0.5,0.3 602.278
0.35,0.5,0.35 487.116
0.35,0.5,0.4 145.967
0.35,0.5,0.45 4.25876
0.35,0.55,0 7.25879e-08
0.35,0.55,0.05 90.4856
0.35,0.55,0.1 388.882
0.35,0.55,0.15 450.148
0.35,0.55,0.2 626.264
0.35,0.55,0.25 438.853
0.35,0.55,0.3 425.832
0.35,0.55,0.35 136.614
0.35,0.55,0.4 22.7932
0.35,0.55,0.45 0.491749
0.35,0.6,0 5.99473e-07
0.35,0.6,0.05 93.6075
0.35,0.6,0.1 422.695
0.35,0.6,0.15 630.628
0.35,0.6,0.2 952.074
0.35,0.6,0.25 471.65
0.35,0.6,0.3 570.53
0.35,0.6,0.35 534.136
0.35,0.6,0.4 279.802
0.35,0.6,0.45 10.775
0.35,0.65,0 2.98019e-07
0.35,0.65,0.05 114.475
0.35,0.65,0.1 494.506
0.35,0.65,0.15 427.526
0.35,0.65,0.2 516.441
0.35,0.65,0.25 635.688
0.35,0.65,0.3 617.934
0.35,0.65,0.35 669.102
0.35,0.65,0.4 311.189
0.35,0.65,0.45 10.6873
0.35,0.7,0 2.2604e-09
0.35,0.7,0.05 76.3824
0.35,0.7,0.1 306.695
0.35,0.7,0.15 114.518
0.35,0.7,0.2 211.7
0.35,0.7,0.25 540.906
0.35,0.7,0.3 294.358
0.35,0.7,0.35 82.4145
0.35,0.7,0.4 17.826
0.35,0.7,0.45 0.460758
0.35,0.75,0 6.48878e-09
0.35,0.75,0.05 4.16029
0.35,0.75,0.1 17.6631
0.35,0.75,0.15 87.0692
0.35,0.75,0.2 291.307
0.35,0.75,0.25 638.873
0.35,0.75,0.3 424.33
0.35,0.75,0.35 43.2359
0.35,0.75,0.4 0.0982072
0.35,0.8,0 2.09747e-08
0.35,0.8,0.05 2.16801
0.35,0.8,0.1 8.89695
0.35,0.8,0.15 21.372
0.35,0.8,0.2 51.2046
0.35,0.8,0.25 108.322
0.35,0.8,0.3 83.1696
0.35,0.8,0.35 5.06776
0.35,0.8,0.4 0.00426555
0.35,0.85,0 4.23295e-09
0.35,0.85,0.05 0.436233
0.35,0.85,0.1 1.73427
0.35,0.85,0.15 0.431132
0.35,0.85,0.2 1.19761e-05
0.4,0,0.2 4.56167e-15
0.4,0,0.25 9.59092e-14
0.4,0,0.3 9.1156e-14
0.4,0,0.35 3.61026e-15
0.4,0.05,0.05 0.256495
0.4,0.05,0.1 1.57
0.4,0.05,0.15 0.593817
0.4,0.05,0.2 1.16829
0.4,0.05,0.25 4.38469
0.4,0.05,0.3 1.29551
0.4,0.05,0.35 0.159992
0.4,0.05,0.4 0.0020534
0.4,0.1,0.05 16.7842
0.4,0.1,0.1 108.308
0.4,0.1,0.15 47.2589
0.4,0.1,0.2 69.628
0.4,0.1,0.25 251.983
0.4,0.1,0.3 73.2888
0.4,0.1,0.35 9.34674
0.4,0.1,0.4 0.120348
0.4,0.15,0 9.21151e-12
0.4,0.15,0.05 56.9945
0.4,0.15,0.1 461.454
0.4,0.15,0.15 293.208
0.4,0.15,0.2 250.617
0.4,0.15,0.25 654.474
0.4,0.15,0.3 160.795
0.4,0.15,0.35 14.907
0.4,0.15,0.4 0.184914
0.4,0.2,0 1.04899e-10
0.4,0.2,0.05 58.5219
0.4,0.2,0.1 385.681
0.4,0.2,0.15 437.814
0.4,0.2,0.2 408.876
0.4,0.2,0.25 388.177
0.4,0.2,0.3 123.335
0.4,0.2,0.35 10.1585
0.4,0.2,0.4 0.158222
0.4,0.25,0 7.03146e-10
0.4,0.25,0.05 93.8006
0.4,0.25,0.1 428.581
0.4,0.25,0.15 478.594
0.4,0.25,0.2 274.581
0.4,0.25,0.25 167.758
0.4,0.25,0.3 170.16
0.4,0.25,0.35 29.5726
0.4,0.25,0.4 0.716202
0.4,0.3,0 1.59683e-09
0.4,0.3,0.05 108.442
0.4,0.3,0.1 450.897
0.4,0.3,0.15 273.345
0.4,0.3,0.2 317.476
0.4,0.3,0.25 500.711
0.4,0.3,0.3 333.163
0.4,0.3,0.35 34.252
0.4,0.3,0.4 0.224863
0.4,0.35,0 3.37469e-10
0.4,0.35,0.05 54.6436
0.4,0.35,0.1 223.316
0.4,0.35,0.15 146.159
0.4,0.35,0.2 276.587
0.4,0.35,0.25 570.302
0.4,0.35,0.3 458.695
0.4,0.35,0.35 82.6538
0.4,0.35,0.4 0.755345
0.4,0.35,0.45 3.73634e-05
0.4,0.4,0 4.10221e-11
0.4,0.4,0.05 56.6605
0.4,0.4,0.1 277.893
0.4,0.4,0.15 403.013
0.4,0.4,0.2 358.597
0.4,0.4,0.25 246.616
0.4,0.4,0.3 358.586
0.4,0.4,0.35 156.382
0.4,0.4,0.4 95.6378
0.4,0.4,0.45 9.67205
0.4,0.45,0 1.1671e-09
0.4,0.45,0.05 53.4368
0.4,0.45,0.1 291.28
0.4,0.45,0.15 542.032
0.4,0.45,0.2 564.015
0.4,0.45,0.25 288.406
0.4,0.45,0.3 254.826
0.4,0.45,0.35 422.114
0.4,0.45,0.4 412.21
0.4,0.45,0.45 38.4806
0.4,0.5,0 1.37084e-09
0.4,0.5,0.05 67.6585
0.4,0.5,0.1 337.002
0.4,0.5,0.15 482.903
0.4,0.5,0.2 724.482
0.4,0.5,0.25 567.258
0.4,0.5,0.3 472.877
0.4,0.5,0.35 673.948
0.4,0.5,0.4 269.264
0.4,0.5,0.45 19.8706
0.4,0.55,0 1.13367e-08
0.4,0.55,0.05 49.7852
0.4,0.55,0.1 261.635
0.4,0.55,0.15 401.933
0.4,0.55,0.2 488.208
0.4,0.55,0.25 329.076
0.4,0.55,0.3 177.16
0.4,0.55,0.35 240.368
0.4,0.55,0.4 68.9949
0.4,0.55,0.45 5.00339
0.4,0.6,0 6.01546e-08
0.4,0.6,0.05 147.756
0.4,0.6,0.1 613.078
0.4,0.6,0.15 378.159
0.4,0.6,0.2 611.685
0.4,0.6,0.25 351.163
0.4,0.6,0.3 221.381
0.4,0.6,0.35 215.512
0.4,0.6,0.4 133.821
0.4,0.6,0.45 5.22866
0.4,0.65,0 2.32439e-08
0.4,0.65,0.05 72.0671
0.4,0.65,0.1 303.161
0.4,0.65,0.15 246.746
0.4,0.65,0.2 516.787
0.4,0.65,0.25 446.468
0.4,0.65,0.3 375.497
0.4,0.65,0.35 264.518
0.4,0.65,0.4 138.596
0.4,0.65,0.45 5.02126
0.4,0.7,0 2.16872e-10
0.4,0.7,0.05 17.1986
0.4,0.7,0.1 69.1799
0.4,0.7,0.15 25.9761
0.4,0.7,0.2 101.261
0.4,0.7,0.25 294.605
0.4,0.7,0.3 378.047
0.4,0.7,0.35 140.264
0.4,0.7,0.4 7.45548
0.4,0.7,0.45 0.204117
0.4,0.75,0 2.05596e-07
0.4,0.75,0.05 21.9332
0.4,0.75,0.1 87.1928
0.4,0.75,0.15 22.074
0.4,0.75,0.2 76.5358
0.4,0.75,0.25 276.197
0.4,0.75,0.3 366.319
0.4,0.75,0.35 123.813
0.4,0.75,0.4 0.436466
0.4,0.8,0 6.64996e-07
0.4,0.8,0.05 68.5247
0.4,0.8,0.1 272.347
0.4,0.8,0.15 67.7252
0.4,0.8,0.2 8.788
0.4,0.8,0.25 33.7942
0.4,0.8,0.3 27.9427
0.4,0.8,0.35 5.90229
0.4,0.8,0.4 0.0189575
0.4,0.85,0 1.34204e-07
0.4,0.85,0.05 13.8291
0.4,0.85,0.1 54.9628
0.4,0.85,0.15 13.6529
0.45,0.05,0.05 2.75366e-05
0.45,0.05,0.1 0.000168551
0.45,0.05,0.15 6.73554e-05
0.45,0.05,0.2 0.284484
0.45,0.05,0.25 1.3557
0.45,0.05,0.3 3.30148
0.45,0.05,0.35 1.80015
0.45,0.05,0.4 0.0231849
0.45,0.1,0.05 17.2557
0.45,0.1,0.1 88.527
0.45,0.1,0.15 40.0914
0.45,0.1,0.2 39.0193
0.45,0.1,0.25 84.2859
0.45,0.1,0.3 195.836
0.45,0.1,0.35 105.728
