0.65,0.4,0.35 0.0935942
0.65,0.4,0.4 0.000381371
0.65,0.45,0 3.09191e-10
0.65,0.45,0.05 161.328
0.65,0.45,0.1 646.579
0.65,0.45,0.15 206.572
0.65,0.45,0.2 234.377
0.65,0.45,0.25 124.956
0.65,0.45,0.3 2.93646
0.65,0.5,0 4.44786e-10
0.65,0.5,0.05 93.5119
0.65,0.5,0.1 374.791
0.65,0.5,0.15 157.622
0.65,0.5,0.2 547.51
0.65,0.5,0.25 343.963
0.65,0.5,0.3 9.29715
0.65,0.5,0.35 0.00422204
0.65,0.55,0 8.64303e-11
0.65,0.55,0.05 43.737
0.65,0.55,0.1 179.475
0.65,0.55,0.15 265.28
0.65,0.55,0.2 670.884
0.65,0.55,0.25 251.038
0.65,0.55,0.3 17.8405
0.65,0.55,0.35 0.0299978
0.65,0.6,0 1.91835e-11
0.65,0.6,0.05 33.7629
0.65,0.6,0.1 143.947
0.65,0.6,0.15 360.381
0.65,0.6,0.2 635.18
0.65,0.6,0.25 153.644
0.65,0.6,0.3 8.3908
0.65,0.6,0.35 0.0129874
0.65,0.65,0 6.19596e-12
0.65,0.65,0.05 14.5841
0.65,0.65,0.1 107.791
0.65,0.65,0.15 310.655
0.65,0.65,0.2 400.007
0.65,0.65,0.25 135.211
0.65,0.65,0.3 2.22783
0.65,0.65,0.35 5.20675e-05
0.65,0.7,0 6.54199e-12
0.65,0.7,0.05 12.2368
0.65,0.7,0.1 183.609
0.65,0.7,0.15 534.765
0.65,0.7,0.2 325.908
0.65,0.7,0.25 135.15
0.65,0.7,0.3 3.89445
0.65,0.75,0 3.29821e-10
0.65,0.75,0.05 26.6876
0.65,0.75,0.1 224.294
0.65,0.75,0.15 489.232
0.65,0.75,0.2 219.534
0.65,0.75,0.25 87.81
0.65,0.75,0.3 2.74001
0.65,0.8,0 7.41904e-10
0.65,0.8,0.05 73.18
0.65,0.8,0.1 360.45
0.65,0.8,0.15 351.255
0.65,0.8,0.2 73.844
0.65,0.8,0.25 2.02261
0.65,0.8,0.3 0.0631998
0.65,0.85,0 1.7205e-10
0.65,0.85,0.05 77.8794
0.65,0.85,0.1 313.87
0.65,0.85,0.15 87.9518
0.65,0.85,0.2 2.61041
0.65,0.85,0.25 2.78779e-06
0.65,0.9,0 1.99767e-11
0.65,0.9,0.05 18.789
0.65,0.9,0.1 75.1345
0.65,0.9,0.15 18.7783
0.65,0.95,0 1.57188e-16
0.65,0.95,0.05 0.000184117
0.65,0.95,0.1 0.000736258
0.65,0.95,0.15 0.000184012
0.7,0.1,0.05 2.3573e-08
0.7,0.1,0.1 0.0909197
0.7,0.1,0.15 2.88561
0.7,0.1,0.2 3.41118
0.7,0.1,0.25 0.196956
0.7,0.15,0 9.85127e-14
0.7,0.15,0.05 0.556704
0.7,0.15,0.1 48.6714
0.7,0.15,0.15 119.603
0.7,0.15,0.2 50.2126
0.7,0.15,0.25 2.65426
0.7,0.15,0.3 0.483927
0.7,0.15,0.35 0.0532055
0.7,0.2,0 2.83019e-12
0.7,0.2,0.05 3.46528
0.7,0.2,0.1 242.355
0.7,0.2,0.15 450.289
0.7,0.2,0.2 71.9546
0.7,0.2,0.25 9.52381
0.7,0.2,0.3 14.8499
0.7,0.2,0.35 1.63268
0.7,0.25,0 3.18454e-12
0.7,0.25,0.05 3.73912
0.7,0.25,0.1 268.535
0.7,0.25,0.15 485.331
0.7,0.25,0.2 72.4944
0.7,0.25,0.25 20.8703
0.7,0.25,0.3 17.5229
0.7,0.25,0.35 1.93884
0.7,0.25,0.4 0.00016428
0.7,0.3,0 1.69692e-13
0.7,0.3,0.05 1.28227
0.7,0.3,0.1 79.9744
0.7,0.3,0.15 166.91
0.7,0.3,0.2 107.806
0.7,0.3,0.25 46.6374
0.7,0.3,0.3 2.24142
0.7,0.3,0.35 0.380998
0.7,0.3,0.4 0.00111748
0.7,0.35,0 1.23768e-12
0.7,0.35,0.05 46.1901
0.7,0.35,0.1 216.873
0.7,0.35,0.15 132.586
0.7,0.35,0.2 52.0417
0.7,0.35,0.25 11.7627
0.7,0.35,0.3 0.420298
0.7,0.35,0.35 0.114213
0.7,0.35,0.4 0.000465385
0.7,0.4,0 1.59895e-11
0.7,0.4,0.05 155.001
0.7,0.4,0.1 647.427
0.7,0.4,0.15 267.525
0.7,0.4,0.2 48.7195
0.7,0.4,0.25 0.582342
0.7,0.4,0.3 0.00265712
0.7,0.4,0.35 0.000376436
0.7,0.4,0.4 1.53388e-06
0.7,0.45,0 1.84858e-10
0.7,0.45,0.05 101.035
0.7,0.45,0.1 481.222
0.7,0.45,0.15 311.578
0.7,0.45,0.2 77.8468
0.7,0.45,0.25 18.2527
0.7,0.45,0.3 0.401286
0.7,0.5,0 4.19004e-10
0.7,0.5,0.05 103.762
0.7,0.5,0.1 484.002
0.7,0.5,0.15 411.842
0.7,0.5,0.2 336.345
0.7,0.5,0.25 92.8927
0.7,0.5,0.3 1.0657
0.7,0.55,0 1.09361e-10
0.7,0.55,0.05 86.7917
0.7,0.55,0.1 381.769
0.7,0.55,0.15 434.667
0.7,0.55,0.2 598.03
0.7,0.55,0.25 121.76
0.7,0.55,0.3 0.368445
0.7,0.6,0 3.93614e-11
0.7,0.6,0.05 68.8859
0.7,0.6,0.1 279.776
0.7,0.6,0.15 295.286
0.7,0.6,0.2 458.056
0.7,0.6,0.25 63.4555
0.7,0.6,0.3 0.0395833
0.7,0.65,0 1.6194e-12
0.7,0.65,0.05 2.83408
0.7,0.65,0.1 23.2959
0.7,0.65,0.15 292.986
0.7,0.65,0.2 341.651
0.7,0.65,0.25 34.2467
0.7,0.65,0.3 0.474557
0.7,0.7,0 3.08274e-14
0.7,0.7,0.05 0.00239233
0.7,0.7,0.1 17.2568
0.7,0.7,0.15 181.927
0.7,0.7,0.2 374.103
0.7,0.7,0.25 204.616
0.7,0.7,0.3 6.19159
0.7,0.75,0 6.0956e-12
0.7,0.75,0.05 0.473042
0.7,0.75,0.1 34.7929
0.7,0.75,0.15 147.119
0.7,0.75,0.2 208.259
0.7,0.75,0.25 145.421
0.7,0.75,0.3 4.54344
0.7,0.8,0 2.01839e-09
0.7,0.8,0.05 11.2981
0.7,0.8,0.1 71.5275
0.7,0.8,0.15 120.448
0.7,0.8,0.2 32.0762
0.7,0.8,0.25 3.35378
0.7,0.8,0.3 0.104797
0.7,0.85,0 8.01202e-09
0.7,0.85,0.05 41.2806
0.7,0.85,0.1 165.812
0.7,0.85,0.15 45.1314
0.7,0.85,0.2 1.02877
0.7,0.85,0.25 1.09868e-06
0.7,0.9,0 2.00013e-09
0.7,0.9,0.05 10.3149
0.7,0.9,0.1 41.1903
0.7,0.9,0.15 10.2803
0.7,0.95,0 5.43256e-18
0.7,0.95,0.05 6.36324e-06
0.7,0.95,0.1 2.54457e-05
0.7,0.95,0.15 6.35962e-06
0.75,0.1,0.05 1.35134e-08
0.75,0.1,0.1 1.21704e-06
0.75,0.1,0.15 2.16676e-06
0.75,0.1,0.2 2.235e-07
0.75,0.15,0.05 0.302
0.75,0.15,0.1 27.1987
0.75,0.15,0.15 48.4231
0.75,0.15,0.2 4.99484
0.75,0.2,0.05 1.3155
0.75,0.2,0.1 119.268
0.75,0.2,0.15 212.794
0.75,0.2,0.2 22.0102
0.75,0.25,0.05 0.790544
0.75,0.25,0.1 74.4531
0.75,0.25,0.15 134.424
0.75,0.25,0.2 14.1148
0.75,0.3,0.05 0.673024
0.75,0.3,0.1 14.6198
0.75,0.3,0.15 24.3047
0.75,0.3,0.2 3.15992
0.75,0.3,0.25 0.00904522
0.75,0.35,0 3.66686e-13
0.75,0.35,0.05 55.6091
0.75,0.35,0.1 240.334
0.75,0.35,0.15 230.553
0.75,0.35,0.2 99.2503
0.75,0.35,0.25 1.13844
0.75,0.4,0 1.78917e-12
0.75,0.4,0.05 118.378
0.75,0.4,0.1 522.567
0.75,0.4,0.15 496.041
0.75,0.4,0.2 199.951
0.75,0.4,0.25 2.23508
0.75,0.45,0 1.88288e-11
0.75,0.45,0.05 22.8481
0.75,0.45,0.1 228.814
0.75,0.45,0.15 423.248
0.75,0.45,0.2 136.565
0.75,0.45,0.25 8.29302
0.75,0.45,0.3 1.22832e-05
0.75,0.5,0 4.97842e-11
0.75,0.5,0.05 12.4016
0.75,0.5,0.1 181.6
0.75,0.5,0.15 620.58
0.75,0.5,0.2 469.246
0.75,0.5,0.25 47.3669
0.75,0.5,0.3 0.000625053
0.75,0.55,0 1.50571e-11
0.75,0.55,0.05 20.6708
0.75,0.55,0.1 155.753
0.75,0.55,0.15 433.952
0.75,0.55,0.2 310.73
0.75,0.55,0.25 30.7385
0.75,0.55,0.3 0.000909425
0.75,0.6,0 6.74582e-12
0.75,0.6,0.05 28.567
0.75,0.6,0.1 119.031
0.75,0.6,0.15 93.5547
0.75,0.6,0.2 105.87
0.75,0.6,0.25 13.9943
0.75,0.6,0.3 7.16765e-05
0.75,0.65,0 4.06947e-13
0.75,0.65,0.05 11.6588
0.75,0.65,0.1 48.503
0.75,0.65,0.15 65.1178
0.75,0.65,0.2 62.6599
0.75,0.65,0.25 4.86426
0.75,0.65,0.3 0.0417735
0.75,0.7,0 6.07228e-15
0.75,0.7,0.05 0.506462
0.75,0.7,0.1 2.80397
0.75,0.7,0.15 23.29
0.75,0.7,0.2 45.8722
0.75,0.7,0.25 19.8707
0.75,0.7,0.3 0.582553
0.75,0.75,0 2.65197e-11
0.75,0.75,0.05 0.114227
0.75,0.75,0.1 0.528709
0.75,0.75,0.15 1.41672
0.75,0.75,0.2 16.3953
0.75,0.75,0.25 13.6901
0.75,0.75,0.3 0.42766
0.75,0.8,0 6.47176e-09
0.75,0.8,0.05 30.6451
0.75,0.8,0.1 122.425
0.75,0.8,0.15 30.8214
0.75,0.8,0.2 0.442727
0.75,0.8,0.25 0.315678
0.75,0.8,0.3 0.00986426
0.75,0.85,0 2.26947e-08
0.75,0.85,0.05 108.816
0.75,0.85,0.1 434.493
0.75,0.85,0.15 108.439
0.75,0.85,0.2 0.00249225
0.75,0.85,0.25 2.66159e-09
0.75,0.9,0 5.3693e-09
0.75,0.9,0.05 25.8896
0.75,0.9,0.1 103.375
0.75,0.9,0.15 25.7978
0.8,0.05,0 1.96048e-11
0.8,0.05,0.05 1.15495
0.8,0.05,0.1 4.61623
0.8,0.05,0.15 1.15317
0.8,0.1,0 2.31151e-10
0.8,0.1,0.05 13.6174
0.8,0.1,0.1 54.4276
0.8,0.1,0.15 13.5964
0.8,0.1,0.2 2.64635e-09
0.8,0.15,0 1.50684e-10
0.8,0.15,0.05 8.8806
0.8,0.15,0.1 35.8028
0.8,0.15,0.15 9.4367
0.8,0.15,0.2 0.0591411
0.8,0.2,0 2.58221e-12
0.8,0.2,0.05 0.166273
0.8,0.2,0.1 1.8825
0.8,0.2,0.15 2.42091
0.8,0.2,0.2 0.234049
0.8,0.25,0.05 0.00350019
0.8,0.25,0.1 0.315234
0.8,0.25,0.15 0.561225
0.8,0.25,0.2 0.0578903
0.8,0.3,0.05 0.0696011
0.8,0.3,0.1 0.316831
0.8,0.3,0.15 0.445776
0.8,0.3,0.2 0.213432
0.8,0.3,0.25 0.00244816
0.8,0.35,0 1.91211e-12
0.8,0.35,0.05 6.45542
0.8,0.35,0.1 30.6529
0.8,0.35,0.15 53.7987
0.8,0.35,0.2 26.8628
0.8,0.35,0.25 0.308128
0.8,0.4,0 5.01292e-11
0.8,0.4,0.05 15.8913
0.8,0.4,0.1 74.4385
0.8,0.4,0.15 112.273
0.8,0.4,0.2 53.2516
0.8,0.4,0.25 0.604942
0.8,0.45,0 5.4958e-11
0.8,0.45,0.05 6.50656
0.8,0.45,0.1 40.5859
0.8,0.45,0.15 55.6504
0.8,0.45,0.2 21.5751
0.8,0.45,0.25 1.37177
0.8,0.5,0 5.17551e-12
0.8,0.5,0.05 3.79013
0.8,0.5,0.1 30.1985
0.8,0.5,0.15 82.9509
0.8,0.5,0.2 71.484
0.8,0.5,0.25 7.55235
0.8,0.55,0 1.29552e-11
0.8,0.55,0.05 73.7108
0.8,0.55,0.1 304.234
0.8,0.55,0.15 124.178
0.8,0.55,0.2 32.423
0.8,0.55,0.25 2.72524
0.8,0.6,0 1.35796e-11
0.8,0.6,0.05 141.422
0.8,0.6,0.1 566.19
0.8,0.6,0.15 143.86
0.8,0.6,0.2 0.734346
0.8,0.6,0.25 0.0111731
0.8,0.65,0 1.51337e-12
0.8,0.65,0.05 76.9784
0.8,0.65,0.1 307.891
0.8,0.65,0.15 76.9683
0.8,0.65,0.2 0.00217532
0.8,0.65,0.25 0.000319184
0.8,0.7,0 2.27173e-13
0.8,0.7,0.05 4.71673
0.8,0.7,0.1 18.8652
0.8,0.7,0.15 4.71587
0.8,0.75,0 2.78316e-10
0.8,0.75,0.05 1.40664
0.8,0.75,0.1 5.61753
0.8,0.75,0.15 1.40214
0.8,0.8,0 1.35993e-08
0.8,0.8,0.05 59.6748
0.8,0.8,0.1 238.267
0.8,0.8,0.15 59.4929
0.8,0.8,0.2 0.0193618
0.8,0.8,0.25 0.000192333
0.8,0.85,0 2.1173e-08
0.8,0.85,0.05 93.7068
0.8,0.85,0.1 374.178
0.8,0.85,0.15 93.6791
0.8,0.85,0.2 0.17007
0.8,0.85,0.25 0.00168942
0.8,0.9,0 2.16719e-09
0.8,0.9,0.05 9.81897
0.8,0.9,0.1 39.2223
0.8,0.9,0.15 9.94599
0.8,0.9,0.2 0.0882301
0.8,0.9,0.25 0.000876447
0.8,0.95,0.1 0.000148558
0.8,0.95,0.15 0.00137997
0.8,0.95,0.2 0.000749161
0.8,0.95,0.25 7.4419e-06
0.85,0.05,0 1.24806e-10
0.85,0.05,0.05 7.35247
0.85,0.05,0.1 29.3872
0.85,0.05,0.15 7.34114
0.85,0.1,0 1.47152e-09
0.85,0.1,0.05 86.6892
0.85,0.1,0.1 346.489
0.85,0.1,0.15 86.5556
0.85,0.15,0 9.59267e-10
0.85,0.15,0.05 56.5117
0.85,0.15,0.1 225.873
0.85,0.15,0.15 56.4246
0.85,0.2,0 1.64385e-11
0.85,0.2,0.05 0.968414
0.85,0.2,0.1 3.87067
0.85,0.2,0.15 0.966922
0.85,0.3,0.1 6.57873e-07
0.85,0.3,0.15 6.46128e-06
0.85,0.3,0.2 3.66661e-06
0.85,0.3,0.25 4.20576e-08
0.85,0.35,0 2.46841e-11
0.85,0.35,0.05 2.31665
0.85,0.35,0.1 9.26057
0.85,0.35,0.15 2.31441
0.85,0.35,0.2 0.000461485
0.85,0.35,0.25 5.29343e-06
0.85,0.4,0 6.48561e-10
0.85,0.4,0.05 61.0769
0.85,0.4,0.1 244.147
0.85,0.4,0.15 60.998
0.85,0.4,0.2 0.000906023
0.85,0.4,0.25 1.03925e-05
0.85,0.45,0 8.1495e-10
0.85,0.45,0.05 92.0737
0.85,0.45,0.1 368.069
0.85,0.45,0.15 91.9612
0.85,0.45,0.2 0.00010547
0.85,0.45,0.25 1.20979e-06
0.85,0.5,0 2.3669e-10
0.85,0.5,0.05 49.7147
0.85,0.5,0.1 198.76
0.85,0.5,0.15 49.6654
0.85,0.55,0 2.50876e-11
0.85,0.55,0.05 37.5337
0.85,0.55,0.1 150.104
0.85,0.55,0.15 37.5184
0.85,0.6,0 6.1264e-12
0.85,0.6,0.05 61.2836
0.85,0.6,0.1 245.105
0.85,0.6,0.15 61.2689
0.85,0.65,0 4.26584e-12
0.85,0.65,0.05 57.2783
0.85,0.65,0.1 229.088
0.85,0.65,0.15 57.2658
0.85,0.7,0 8.47068e-12
0.85,0.7,0.05 60.7193
0.85,0.7,0.1 242.84
0.85,0.7,0.15 60.7005
0.85,0.75,0 1.79695e-10
0.85,0.75,0.05 10.525
0.85,0.75,0.1 42.0858
0.85,0.75,0.15 10.5179
0.85,0.8,0 7.95205e-09
0.85,0.8,0.05 72.5733
0.85,0.8,0.1 291.567
0.85,0.8,0.15 87.39
0.85,0.8,0.2 8.13585
0.85,0.8,0.25 0.0808187
0.85,0.85,0 1.09868e-08
0.85,0.85,0.05 89.5657
0.85,0.85,0.1 371.989
0.85,0.85,0.15 220.981
0.85,0.85,0.2 71.4639
0.85,0.85,0.25 0.709897
0.85,0.9,0 8.06315e-10
0.85,0.9,0.05 5.64828
0.85,0.9,0.1 29.9144
0.85,0.9,0.15 73.9247
0.85,0.9,0.2 37.0744
0.85,0.9,0.25 0.368284
0.85,0.95,0.1 0.0624244
0.85,0.95,0.15 0.579864
0.85,0.95,0.2 0.314799
0.85,0.95,0.25 0.0031271
0.9,0.05,0 4.89436e-11
0.9,0.05,0.05 2.88334
0.9,0.05,0.1 11.5245
0.9,0.05,0.15 2.87889
0.9,0.1,0 5.77069e-10
0.9,0.1,0.05 33.9959
0.9,0.1,0.1 135.879
0.9,0.1,0.15 33.9435
0.9,0.15,0 3.76185e-10
0.9,0.15,0.05 22.1616
0.9,0.15,0.1 88.578
0.9,0.15,0.15 22.1274
0.9,0.2,0 6.4465e-12
0.9,0.2,0.05 0.379772
0.9,0.2,0.1 1.51792
0.9,0.2,0.15 0.379187
0.9,0.35,0 1.71751e-11
0.9,0.35,0.05 1.61191
0.9,0.35,0.1 6.44338
0.9,0.35,0.15 1.60978
0.9,0.4,0 4.53128e-10
0.9,0.4,0.05 42.9125
0.9,0.4,0.1 171.537
0.9,0.4,0.15 42.8561
0.9,0.45,0 7.06479e-10
0.9,0.45,0.05 95.1652
0.9,0.45,0.1 380.443
0.9,0.45,0.15 95.0561
0.9,0.5,0 3.98254e-10
0.9,0.5,0.05 85.7616
0.9,0.5,0.1 342.875
0.9,0.5,0.15 85.676
0.9,0.55,0 3.57798e-11
0.9,0.55,0.05 8.13557
0.9,0.55,0.1 32.5264
0.9,0.55,0.15 8.12763
0.9,0.6,0 4.9626e-14
0.9,0.6,0.05 0.390584
0.9,0.6,0.1 1.56212
0.9,0.6,0.15 0.390474
0.9,0.65,0 5.07433e-12
0.9,0.65,0.05 35.6869
0.9,0.65,0.1 142.725
0.9,0.65,0.15 35.6757
0.9,0.7,0 1.17393e-11
0.9,0.7,0.05 82.3675
0.9,0.7,0.1 329.418
0.9,0.7,0.15 82.3416
0.9,0.75,0 2.30819e-11
0.9,0.75,0.05 13.8493
0.9,0.75,0.1 55.3843
0.9,0.75,0.15 13.8429
0.9,0.8,0 6.31785e-10
0.9,0.8,0.05 61.7132
0.9,0.8,0.1 250.805
0.9,0.8,0.15 99.7763
0.9,0.8,0.2 20.7057
0.9,0.8,0.25 0.205683
0.9,0.85,0 7.26178e-10
0.9,0.85,0.05 68.1559
0.9,0.85,0.1 308.518
0.9,0.85,0.15 403.087
0.9,0.85,0.2 181.875
0.9,0.85,0.25 1.80668
0.9,0.9,0 4.0616e-11
0.9,0.9,0.05 3.52351
0.9,0.9,0.1 32.7955
0.9,0.9,0.15 177.321
0.9,0.9,0.2 94.3541
0.9,0.9,0.25 0.93728
0.9,0.95,0.1 0.15887
0.9,0.95,0.15 1.47575
0.9,0.95,0.2 0.80116
0.9,0.95,0.25 0.00795844
0.95,0.05,0 1.15116e-13
0.95,0.05,0.05 0.00678165
0.95,0.05,0.1 0.0271057
0.95,0.05,0.15 0.0067712
0.95,0.1,0 1.35728e-12
0.95,0.1,0.05 0.079959
0.95,0.1,0.1 0.319589
0.95,0.1,0.15 0.0798357
0.95,0.15,0 8.84793e-13
0.95,0.15,0.05 0.0521244
0.95,0.15,0.1 0.208337
0.95,0.15,0.15 0.052044
0.95,0.2,0 1.51623e-14
0.95,0.2,0.05 0.000893231
0.95,0.2,0.1 0.00357017
0.95,0.2,0.15 0.000891854
0.95,0.35,0 3.48028e-13
0.95,0.35,0.05 0.0326631
0.95,0.35,0.1 0.130566
0.95,0.35,0.15 0.0326199
0.95,0.4,0 9.44488e-12
0.95,0.4,0.05 0.928195
0.95,0.4,0.1 3.71038
0.95,0.4,0.15 0.926994
0.95,0.45,0 3.39907e-11
0.95,0.45,0.05 6.31665
0.95,0.45,0.1 25.2535
0.95,0.45,0.15 6.3101
0.95,0.5,0 4.105e-11
0.95,0.5,0.05 9.09351
0.95,0.5,0.1 36.356
0.95,0.5,0.15 9.0845
0.95,0.55,0 3.87302e-12
0.95,0.55,0.05 0.863833
0.95,0.55,0.1 3.45362
0.95,0.55,0.15 0.862979
0.95,0.6,0 1.48447e-15
0.95,0.6,0.05 0.0104151
0.95,0.6,0.1 0.041654
0.95,0.6,0.15 0.0104119
0.95,0.65,0 3.7401e-13
0.95,0.65,0.05 2.62407
0.95,0.65,0.1 10.4946
0.95,0.65,0.15 2.62325
0.95,0.7,0 8.6566e-13
0.95,0.7,0.05 6.07352
0.95,0.7,0.1 24.2903
0.95,0.7,0.15 6.07161
0.95,0.75,0 1.75853e-12
0.95,0.75,0.05 1.04604
0.95,0.75,0.1 4.18317
0.95,0.75,0.15 1.04554
0.95,0.8,0 4.51572e-11
0.95,0.8,0.05 5.22184
0.95,0.8,0.1 21.5181
0.95,0.8,0.15 11.1938
0.95,0.8,0.2 3.24556
0.95,0.8,0.25 0.0322402
0.95,0.85,0 4.97777e-11
0.95,0.85,0.05 5.75614
0.95,0.85,0.1 28.6636
0.95,0.85,0.15 58.2619
0.95,0.85,0.2 28.5084
0.95,0.85,0.25 0.283192
0.95,0.9,0 2.56326e-12
0.95,0.9,0.05 0.296408
0.95,0.9,0.1 4.1177
0.95,0.9,0.15 27.539
0.95,0.9,0.2 14.7898
0.95,0.9,0.25 0.146916
0.95,0.95,0.1 0.0249024
0.95,0.95,0.15 0.231319
0.95,0.95,0.2 0.12558
0.95,0.95,0.25 0.00124746
