0.45,0.15,0.15 572.748
0.45,0.15,0.2 281.719
0.45,0.15,0.25 210.49
0.45,0.15,0.3 188.723
0.45,0.15,0.35 63.084
0.45,0.15,0.4 1.39173
0.45,0.2,0 2.54118e-18
0.45,0.2,0.05 47.1778
0.45,0.2,0.1 511.168
0.45,0.2,0.15 560.295
0.45,0.2,0.2 264.973
0.45,0.2,0.25 472.751
0.45,0.2,0.3 316.184
0.45,0.2,0.35 12.4081
0.45,0.2,0.4 0.170292
0.45,0.25,0 3.41457e-14
0.45,0.25,0.05 74.9879
0.45,0.25,0.1 435.832
0.45,0.25,0.15 315.49
0.45,0.25,0.2 252.829
0.45,0.25,0.25 262.566
0.45,0.25,0.3 152.054
0.45,0.25,0.35 9.60766
0.45,0.25,0.4 0.383741
0.45,0.3,0 9.17588e-10
0.45,0.3,0.05 128.889
0.45,0.3,0.1 540.772
0.45,0.3,0.15 652.992
0.45,0.3,0.2 804.191
0.45,0.3,0.25 184.574
0.45,0.3,0.3 75.3695
0.45,0.3,0.35 20.0269
0.45,0.3,0.4 13.3809
0.45,0.3,0.45 2.03866
0.45,0.35,0 1.42818e-08
0.45,0.35,0.05 134.91
0.45,0.35,0.1 554.296
0.45,0.35,0.15 502.593
0.45,0.35,0.2 620.245
0.45,0.35,0.25 314.816
0.45,0.35,0.3 611.702
0.45,0.35,0.35 300.846
0.45,0.35,0.4 155.317
0.45,0.35,0.45 19.2465
0.45,0.4,0 1.12921e-08
0.45,0.4,0.05 79.9415
0.45,0.4,0.1 342.847
0.45,0.4,0.15 310.734
0.45,0.4,0.2 375.336
0.45,0.4,0.25 260.348
0.45,0.4,0.3 641.795
0.45,0.4,0.35 611.606
0.45,0.4,0.4 190.946
0.45,0.4,0.45 13.2341
0.45,0.4,0.5 0.00046464
0.45,0.45,0 5.01188e-10
0.45,0.45,0.05 74.122
0.45,0.45,0.1 361.211
0.45,0.45,0.15 493.329
0.45,0.45,0.2 547.291
0.45,0.45,0.25 581.054
0.45,0.45,0.3 547.021
0.45,0.45,0.35 398.384
0.45,0.45,0.4 312.943
0.45,0.45,0.45 68.8385
0.45,0.45,0.5 0.00687087
0.45,0.5,0 9.65817e-10
0.45,0.5,0.05 87.4928
0.45,0.5,0.1 404.949
0.45,0.5,0.15 461.811
0.45,0.5,0.2 633.35
0.45,0.5,0.25 693.102
0.45,0.5,0.3 461.143
0.45,0.5,0.35 940.073
0.45,0.5,0.4 778.907
0.45,0.5,0.45 111.31
0.45,0.5,0.5 0.0088855
0.45,0.55,0 4.41897e-09
0.45,0.55,0.05 35.5944
0.45,0.55,0.1 287.688
0.45,0.55,0.15 595.548
0.45,0.55,0.2 536.546
0.45,0.55,0.25 231.769
0.45,0.55,0.3 79.4718
0.45,0.55,0.35 454.719
0.45,0.55,0.4 311.149
0.45,0.55,0.45 14.6839
0.45,0.55,0.5 0.000771262
0.45,0.6,0 1.45626e-08
0.45,0.6,0.05 124.74
0.45,0.6,0.1 543.025
0.45,0.6,0.15 389.885
0.45,0.6,0.2 733.215
0.45,0.6,0.25 405.166
0.45,0.6,0.3 31.7552
0.45,0.6,0.35 14.8586
0.45,0.6,0.4 7.99169
0.45,0.6,0.45 0.119274
0.45,0.65,0 4.32448e-09
0.45,0.65,0.05 65.776
0.45,0.65,0.1 287.779
0.45,0.65,0.15 225.399
0.45,0.65,0.2 253.56
0.45,0.65,0.25 109.619
0.45,0.65,0.3 31.8291
0.45,0.65,0.35 53.1288
0.45,0.65,0.4 8.60265
0.45,0.65,0.45 0.011251
0.45,0.7,0 1.04913e-10
0.45,0.7,0.05 1.20881
0.45,0.7,0.1 13.2604
0.45,0.7,0.15 49.6798
0.45,0.7,0.2 55.0333
0.45,0.7,0.25 20.2151
0.45,0.7,0.3 49.0797
0.45,0.7,0.35 114.066
0.45,0.7,0.4 17.1887
0.45,0.7,0.45 0.000463905
0.45,0.75,0 2.42916e-07
0.45,0.75,0.05 25.0314
0.45,0.75,0.1 99.4938
0.45,0.75,0.15 31.1611
0.45,0.75,0.2 23.4407
0.45,0.75,0.25 6.07713
0.45,0.75,0.3 6.53521
0.45,0.75,0.35 15.6451
0.45,0.75,0.4 2.35458
0.45,0.8,0 7.85732e-07
0.45,0.8,0.05 80.9672
0.45,0.8,0.1 321.799
0.45,0.8,0.15 80.5449
0.45,0.8,0.2 2.00297
0.45,0.8,0.25 0.410911
0.45,0.8,0.3 0.000233908
0.45,0.8,0.35 4.22363e-05
0.45,0.85,0 1.58594e-07
0.45,0.85,0.05 16.3439
0.45,0.85,0.1 64.9577
0.45,0.85,0.15 16.1356
0.45,0.9,0 1.66874e-12
0.45,0.9,0.05 0.000257712
0.45,0.9,0.1 0.00102509
0.45,0.9,0.15 0.00025484
0.5,0.05,0.25 1.4725
0.5,0.05,0.3 20.7541
0.5,0.05,0.35 15.3468
0.5,0.05,0.4 0.360048
0.5,0.1,0 6.24406e-14
0.5,0.1,0.05 0.69553
0.5,0.1,0.1 8.48126
0.5,0.1,0.15 32.858
0.5,0.1,0.2 44.6048
0.5,0.1,0.25 54.7629
0.5,0.1,0.3 291.106
0.5,0.1,0.35 203.49
0.5,0.1,0.4 4.75645
0.5,0.15,0 1.90866e-11
0.5,0.15,0.05 10.4567
0.5,0.15,0.1 76.3283
0.5,0.15,0.15 260.884
0.5,0.15,0.2 424.473
0.5,0.15,0.25 636.353
0.5,0.15,0.3 554.666
0.5,0.15,0.35 159.408
0.5,0.15,0.4 3.37442
0.5,0.2,0 4.58955e-11
0.5,0.2,0.05 90.174
0.5,0.2,0.1 417.468
0.5,0.2,0.15 489.475
0.5,0.2,0.2 759.114
0.5,0.2,0.25 886.464
0.5,0.2,0.3 629.886
0.5,0.2,0.35 102.989
0.5,0.2,0.4 5.48668
0.5,0.25,0 6.84103e-12
0.5,0.25,0.05 94.1241
0.5,0.25,0.1 408.375
0.5,0.25,0.15 403.544
0.5,0.25,0.2 666.388
0.5,0.25,0.25 576.597
0.5,0.25,0.3 346.928
0.5,0.25,0.35 218.374
0.5,0.25,0.4 14.6647
0.5,0.3,0 2.72126e-10
0.5,0.3,0.05 137.891
0.5,0.3,0.1 576.677
0.5,0.3,0.15 667.854
0.5,0.3,0.2 740.885
0.5,0.3,0.25 365.771
0.5,0.3,0.3 131.404
0.5,0.3,0.35 63.6313
0.5,0.3,0.4 40.7045
0.5,0.3,0.45 5.85202
0.5,0.35,0 3.61838e-09
0.5,0.35,0.05 157.537
0.5,0.35,0.1 646.481
0.5,0.35,0.15 495.725
0.5,0.35,0.2 481.533
0.5,0.35,0.25 122.746
0.5,0.35,0.3 115.75
0.5,0.35,0.35 281.651
0.5,0.35,0.4 409.439
0.5,0.35,0.45 55.159
0.5,0.4,0 2.73658e-09
0.5,0.4,0.05 100.415
0.5,0.4,0.1 404.124
0.5,0.4,0.15 210.062
0.5,0.4,0.2 374.48
0.5,0.4,0.25 265.217
0.5,0.4,0.3 196.949
0.5,0.4,0.35 564.727
0.5,0.4,0.4 397.812
0.5,0.4,0.45 31.7001
0.5,0.4,0.5 1.27525e-05
0.5,0.45,0 4.70391e-10
0.5,0.45,0.05 105.577
0.5,0.45,0.1 428.153
0.5,0.45,0.15 227.479
0.5,0.45,0.2 454.37
0.5,0.45,0.25 398.485
0.5,0.45,0.3 164.235
0.5,0.45,0.35 156.939
0.5,0.45,0.4 100.374
0.5,0.45,0.45 11.4423
0.5,0.45,0.5 0.00086723
0.5,0.5,0 4.793e-09
0.5,0.5,0.05 118.706
0.5,0.5,0.1 508.489
0.5,0.5,0.15 417.587
0.5,0.5,0.2 583.818
0.5,0.5,0.25 500.871
0.5,0.5,0.3 303.266
0.5,0.5,0.35 265.13
0.5,0.5,0.4 206.543
0.5,0.5,0.45 20.1365
0.5,0.5,0.5 0.00140644
0.5,0.55,0 4.82648e-09
0.5,0.55,0.05 78.9975
0.5,0.55,0.1 497.289
0.5,0.55,0.15 818.332
0.5,0.55,0.2 919.651
0.5,0.55,0.25 296.284
0.5,0.55,0.3 215.174
0.5,0.55,0.35 178.897
0.5,0.55,0.4 107.61
0.5,0.55,0.45 3.59823
0.5,0.55,0.5 0.000128562
0.5,0.6,0 5.08459e-10
0.5,0.6,0.05 14.7527
0.5,0.6,0.1 204.392
0.5,0.6,0.15 423.731
0.5,0.6,0.2 400.465
0.5,0.6,0.25 97.6401
0.5,0.6,0.3 11.0712
0.5,0.6,0.35 5.04533
0.5,0.6,0.4 2.47791
0.5,0.6,0.45 0.039424
0.5,0.65,0 1.85934e-10
0.5,0.65,0.05 5.8745
0.5,0.65,0.1 116.092
0.5,0.65,0.15 451.165
0.5,0.65,0.2 354.995
0.5,0.65,0.25 180.847
0.5,0.65,0.3 14.0057
0.5,0.65,0.35 0.0197503
0.5,0.65,0.4 0.00151304
0.5,0.7,0 2.10608e-11
0.5,0.7,0.05 0.420677
0.5,0.7,0.1 32.3498
0.5,0.7,0.15 247.229
0.5,0.7,0.2 681.003
0.5,0.7,0.25 354.382
0.5,0.7,0.3 17.6702
0.5,0.7,0.35 0.0330195
0.5,0.7,0.4 0.00341969
0.5,0.75,0 1.82807e-08
0.5,0.75,0.05 8.33231
0.5,0.75,0.1 36.2516
0.5,0.75,0.15 115.332
0.5,0.75,0.2 374.549
0.5,0.75,0.25 101.954
0.5,0.75,0.3 1.25022
0.5,0.75,0.35 0.0036175
0.5,0.75,0.4 0.000469586
0.5,0.8,0 1.78869e-07
0.5,0.8,0.05 31.89
0.5,0.8,0.1 127.224
0.5,0.8,0.15 41.7021
0.5,0.8,0.2 31.5572
0.5,0.8,0.25 6.45955
0.5,0.85,0 1.65992e-07
0.5,0.85,0.05 25.4838
0.5,0.85,0.1 101.369
0.5,0.85,0.15 25.2017
0.5,0.9,0 8.96276e-09
0.5,0.9,0.05 1.38416
0.5,0.9,0.1 5.50572
0.5,0.9,0.15 1.36874
0.55,0.05,0.25 0.218074
0.55,0.05,0.3 3.07364
0.55,0.05,0.35 2.27282
0.55,0.05,0.4 0.0533223
0.55,0.1,0 2.60258e-12
0.55,0.1,0.05 0.0831461
0.55,0.1,0.1 0.382054
0.55,0.1,0.15 8.52783
0.55,0.1,0.2 45.3937
0.55,0.1,0.25 29.6422
0.55,0.1,0.3 48.4277
0.55,0.1,0.35 30.435
0.55,0.1,0.4 0.70442
0.55,0.15,0 7.95546e-10
0.55,0.15,0.05 27.9428
0.55,0.15,0.1 112.236
0.55,0.15,0.15 100.309
0.55,0.15,0.2 358.407
0.55,0.15,0.25 347.774
0.55,0.15,0.3 220.912
0.55,0.15,0.35 36.6938
0.55,0.15,0.4 0.725246
0.55,0.2,0 1.91296e-09
0.55,0.2,0.05 96.5394
0.55,0.2,0.1 395.249
0.55,0.2,0.15 337.82
0.55,0.2,0.2 529.334
0.55,0.2,0.25 485.413
0.55,0.2,0.3 513.025
0.55,0.2,0.35 224.075
0.55,0.2,0.4 10.7626
0.55,0.25,0 2.81785e-10
0.55,0.25,0.05 64.7725
0.55,0.25,0.1 281.089
0.55,0.25,0.15 457.183
0.55,0.25,0.2 675.455
0.55,0.25,0.25 727.502
0.55,0.25,0.3 699.993
0.55,0.25,0.35 427.602
0.55,0.25,0.4 22.222
0.55,0.3,0 5.37382e-10
0.55,0.3,0.05 104.662
0.55,0.3,0.1 430.051
0.55,0.3,0.15 405.512
0.55,0.3,0.2 538.413
0.55,0.3,0.25 711.986
0.55,0.3,0.3 715.509
0.55,0.3,0.35 191.653
0.55,0.3,0.4 10.3166
0.55,0.3,0.45 1.04352
0.55,0.35,0 3.54009e-09
0.55,0.35,0.05 140.604
0.55,0.35,0.1 577.333
0.55,0.35,0.15 254.618
0.55,0.35,0.2 101.571
0.55,0.35,0.25 249.647
0.55,0.35,0.3 352.991
0.55,0.35,0.35 82.4723
0.55,0.35,0.4 70.8473
0.55,0.35,0.45 9.82177
0.55,0.4,0 1.48589e-09
0.55,0.4,0.05 84.6706
0.55,0.4,0.1 345.555
0.55,0.4,0.15 120.136
0.55,0.4,0.2 128.423
0.55,0.4,0.25 391.144
0.55,0.4,0.3 129.553
0.55,0.4,0.35 69.434
0.55,0.4,0.4 62.5457
0.55,0.4,0.45 5.57022
0.55,0.45,0 2.30511e-10
0.55,0.45,0.05 104.229
0.55,0.45,0.1 459.142
0.55,0.45,0.15 190.611
0.55,0.45,0.2 414.305
0.55,0.45,0.25 340.727
0.55,0.45,0.3 59.3147
0.55,0.45,0.35 14.285
0.55,0.45,0.4 7.17853
0.55,0.45,0.45 0.114014
0.55,0.5,0 1.7464e-09
0.55,0.5,0.05 83.2234
0.55,0.5,0.1 416.414
0.55,0.5,0.15 263.948
0.55,0.5,0.2 783.481
0.55,0.5,0.25 454.135
0.55,0.5,0.3 209.486
0.55,0.5,0.35 25.6027
0.55,0.5,0.4 0.281759
0.55,0.5,0.45 0.0069548
0.55,0.55,0 1.74893e-09
0.55,0.55,0.05 37.8293
0.55,0.55,0.1 291.778
0.55,0.55,0.15 400.694
0.55,0.55,0.2 714.758
0.55,0.55,0.25 360.298
0.55,0.55,0.3 209.593
0.55,0.55,0.35 25.5476
0.55,0.55,0.4 0.178878
0.55,0.55,0.45 0.00416166
0.55,0.6,0 5.26559e-10
0.55,0.6,0.05 9.33246
0.55,0.6,0.1 232.036
0.55,0.6,0.15 352.138
0.55,0.6,0.2 451.748
0.55,0.6,0.25 293.645
0.55,0.6,0.3 23.577
0.55,0.6,0.35 1.13434
0.55,0.6,0.4 0.00337516
0.55,0.6,0.45 6.34042e-05
0.55,0.65,0 8.4364e-09
0.55,0.65,0.05 29.639
0.55,0.65,0.1 191.736
0.55,0.65,0.15 279.967
0.55,0.65,0.2 434.554
0.55,0.65,0.25 586.335
0.55,0.65,0.3 109.728
0.55,0.65,0.35 0.10914
0.55,0.7,0 7.51379e-09
0.55,0.7,0.05 28.8679
0.55,0.7,0.1 229.895
0.55,0.7,0.15 411.069
0.55,0.7,0.2 682.191
0.55,0.7,0.25 627.871
0.55,0.7,0.3 107.698
0.55,0.7,0.35 0.115944
0.55,0.75,0 1.45626e-08
0.55,0.75,0.05 71.2191
0.55,0.75,0.1 388.323
0.55,0.75,0.15 371.108
0.55,0.75,0.2 334.023
0.55,0.75,0.25 104.726
0.55,0.75,0.3 6.57831
0.55,0.75,0.35 0.00560727
0.55,0.8,0 4.45858e-07
0.55,0.8,0.05 145.027
0.55,0.8,0.1 587.085
0.55,0.8,0.15 169.974
0.55,0.8,0.2 27.5866
0.55,0.8,0.25 6.00514
0.55,0.8,0.3 0.182857
0.55,0.85,0 5.23551e-07
0.55,0.85,0.05 89.3176
0.55,0.85,0.1 355.454
0.55,0.85,0.15 88.415
0.55,0.85,0.2 0.00252027
0.55,0.85,0.25 5.86491e-05
0.55,0.9,0 2.99179e-08
0.55,0.9,0.05 5.75641
0.55,0.9,0.1 22.9211
0.55,0.9,0.15 5.70429
0.55,0.95,0 9.51499e-18
0.55,0.95,0.05 1.11451e-05
0.55,0.95,0.1 4.45676e-05
0.55,0.95,0.15 1.11387e-05
0.6,0.1,0 3.48585e-12
0.6,0.1,0.05 0.111364
0.6,0.1,0.1 0.445036
0.6,0.1,0.15 11.9625
0.6,0.1,0.2 64.5985
0.6,0.1,0.25 22.4734
0.6,0.1,0.3 0.103972
0.6,0.1,0.35 0.00415618
0.6,0.15,0 1.06554e-09
0.6,0.15,0.05 34.2221
0.6,0.15,0.1 137.759
0.6,0.15,0.15 125.552
0.6,0.15,0.2 484.827
0.6,0.15,0.25 169.017
0.6,0.15,0.3 15.1713
0.6,0.15,0.35 10.9817
0.6,0.15,0.4 0.37248
0.6,0.2,0 2.56219e-09
0.6,0.2,0.05 97.0289
0.6,0.2,0.1 481.072
0.6,0.2,0.15 295.875
0.6,0.2,0.2 294.52
0.6,0.2,0.25 112.127
0.6,0.2,0.3 236.836
0.6,0.2,0.35 199.617
0.6,0.2,0.4 7.05285
0.6,0.25,0 3.77271e-10
0.6,0.25,0.05 40.8169
0.6,0.25,0.1 347.114
0.6,0.25,0.15 597.067
0.6,0.25,0.2 494.672
0.6,0.25,0.25 469.688
0.6,0.25,0.3 463.96
0.6,0.25,0.35 224.348
0.6,0.25,0.4 6.97942
0.6,0.3,0 2.53612e-10
0.6,0.3,0.05 15.7253
0.6,0.3,0.1 116.342
0.6,0.3,0.15 483.662
0.6,0.3,0.2 770.689
0.6,0.3,0.25 754.714
0.6,0.3,0.3 494.329
0.6,0.3,0.35 98.8909
0.6,0.3,0.4 0.541472
0.6,0.35,0 1.67157e-09
0.6,0.35,0.05 45.6204
0.6,0.35,0.1 303.06
0.6,0.35,0.15 728.101
0.6,0.35,0.2 345.372
0.6,0.35,0.25 180.308
0.6,0.35,0.3 181.478
0.6,0.35,0.35 23.465
0.6,0.35,0.4 0.0176082
0.6,0.4,0 7.19658e-10
0.6,0.4,0.05 35.076
0.6,0.4,0.1 208.001
0.6,0.4,0.15 344.838
0.6,0.4,0.2 150.043
0.6,0.4,0.25 76.4637
0.6,0.4,0.3 25.7941
0.6,0.4,0.35 1.13541
0.6,0.45,0 1.42235e-10
0.6,0.45,0.05 118.6
0.6,0.45,0.1 607.192
0.6,0.45,0.15 300.476
0.6,0.45,0.2 592.351
0.6,0.45,0.25 374.427
0.6,0.45,0.3 28.2561
0.6,0.45,0.35 0.0552997
0.6,0.5,0 3.10967e-11
0.6,0.5,0.05 98.612
0.6,0.5,0.1 555.998
0.6,0.5,0.15 302.762
0.6,0.5,0.2 740.548
0.6,0.5,0.25 482.827
0.6,0.5,0.3 93.8505
0.6,0.5,0.35 5.63685
0.6,0.55,0 2.58914e-12
0.6,0.55,0.05 11.447
0.6,0.55,0.1 82.2828
0.6,0.55,0.15 80.0187
0.6,0.55,0.2 364.737
0.6,0.55,0.25 397.228
0.6,0.55,0.3 209.478
0.6,0.55,0.35 14.0459
0.6,0.6,0 1.19215e-09
0.6,0.6,0.05 5.0927
0.6,0.6,0.1 46.345
0.6,0.6,0.15 90.7977
0.6,0.6,0.2 696.111
0.6,0.6,0.25 723.366
0.6,0.6,0.3 94.1418
0.6,0.6,0.35 2.35897
0.6,0.65,0 2.24436e-08
0.6,0.65,0.05 77.4171
0.6,0.65,0.1 400.114
0.6,0.65,0.15 376.555
0.6,0.65,0.2 511.526
0.6,0.65,0.25 710.636
0.6,0.65,0.3 115.787
0.6,0.65,0.35 0.0794772
0.6,0.7,0 1.99888e-08
0.6,0.7,0.05 71.1114
0.6,0.7,0.1 462.696
0.6,0.7,0.15 586.836
0.6,0.7,0.2 366.247
0.6,0.7,0.25 387.308
0.6,0.7,0.3 93.1332
0.6,0.7,0.35 0.0843509
0.6,0.75,0 4.17184e-09
0.6,0.75,0.05 79.858
0.6,0.75,0.1 455.307
0.6,0.75,0.15 458.502
0.6,0.75,0.2 234.073
0.6,0.75,0.25 265.559
0.6,0.75,0.3 53.4474
0.6,0.75,0.35 0.00407264
0.6,0.8,0 9.40025e-08
0.6,0.8,0.05 157.083
0.6,0.8,0.1 644.201
0.6,0.8,0.15 261.928
0.6,0.8,0.2 77.68
0.6,0.8,0.25 46.5259
0.6,0.8,0.3 9.48996
0.6,0.85,0 1.09315e-07
0.6,0.85,0.05 109.325
0.6,0.85,0.1 437.039
0.6,0.85,0.15 112.427
0.6,0.85,0.2 2.46969
0.6,0.85,0.25 0.0574719
0.6,0.9,0 6.2527e-09
0.6,0.9,0.05 22.1589
0.6,0.9,0.1 88.5901
0.6,0.9,0.15 22.1361
0.6,0.95,0 1.77506e-16
0.6,0.95,0.05 0.000207916
0.6,0.95,0.1 0.000831427
0.6,0.95,0.15 0.000207798
0.65,0.1,0 2.43836e-13
0.65,0.1,0.05 0.00778995
0.65,0.1,0.1 0.0311303
0.65,0.1,0.15 9.19655
0.65,0.1,0.2 41.7925
0.65,0.1,0.25 11.918
0.65,0.1,0.3 0.00198995
0.65,0.15,0 7.45346e-11
0.65,0.15,0.05 2.52846
0.65,0.15,0.1 10.9526
0.65,0.15,0.15 80.0813
0.65,0.15,0.2 350.762
0.65,0.15,0.25 100.43
0.65,0.15,0.3 1.23043
0.65,0.15,0.35 1.06878
0.65,0.15,0.4 0.0366179
0.65,0.2,0 1.79225e-10
0.65,0.2,0.05 18.5947
0.65,0.2,0.1 149.681
0.65,0.2,0.15 154.794
0.65,0.2,0.2 279.819
0.65,0.2,0.25 77.6142
0.65,0.2,0.3 21.9475
0.65,0.2,0.35 18.9727
0.65,0.2,0.4 0.649757
0.65,0.25,0 2.63896e-11
0.65,0.25,0.05 23.5374
0.65,0.25,0.1 239.871
0.65,0.25,0.15 382.833
0.65,0.25,0.2 435.399
0.65,0.25,0.25 165.925
0.65,0.25,0.3 41.3204
0.65,0.25,0.35 17.0947
0.65,0.25,0.4 0.559331
0.65,0.3,0 1.49972e-12
0.65,0.3,0.05 2.3531
0.65,0.3,0.1 73.7462
0.65,0.3,0.15 535.923
0.65,0.3,0.2 630.188
0.65,0.3,0.25 383.976
0.65,0.3,0.3 54.0063
0.65,0.3,0.35 2.12949
0.65,0.3,0.4 0.0208231
0.65,0.35,0 9.92943e-12
0.65,0.35,0.05 0.303745
0.65,0.35,0.1 100.942
0.65,0.35,0.15 541.91
0.65,0.35,0.2 262.213
0.65,0.35,0.25 81.1868
