0.45,0.2,0.2 464.484
0.45,0.2,0.25 547.114
0.45,0.2,0.3 823.67
0.45,0.2,0.35 240.918
0.45,0.2,0.4 35.1943
0.45,0.2,0.45 0.0253494
0.45,0.25,0 2.37448e-08
0.45,0.25,0.05 48.7739
0.45,0.25,0.1 311.48
0.45,0.25,0.15 337.657
0.45,0.25,0.2 320.767
0.45,0.25,0.25 359.112
0.45,0.25,0.3 485.87
0.45,0.25,0.35 357.101
0.45,0.25,0.4 98.5487
0.45,0.25,0.45 0.0831502
0.45,0.3,0 4.31322e-08
0.45,0.3,0.05 111.312
0.45,0.3,0.1 493.219
0.45,0.3,0.15 632.13
0.45,0.3,0.2 898.231
0.45,0.3,0.25 389.344
0.45,0.3,0.3 185.023
0.45,0.3,0.35 254.138
0.45,0.3,0.4 112.664
0.45,0.3,0.45 10.2355
0.45,0.35,0 3.43168e-08
0.45,0.35,0.05 116.238
0.45,0.35,0.1 561.369
0.45,0.35,0.15 788.777
0.45,0.35,0.2 737.091
0.45,0.35,0.25 327.951
0.45,0.35,0.3 620.217
0.45,0.35,0.35 370.532
0.45,0.35,0.4 413.15
0.45,0.35,0.45 65.5733
0.45,0.35,0.5 2.06338e-05
0.45,0.4,0 2.02821e-08
0.45,0.4,0.05 74.0116
0.45,0.4,0.1 341
0.45,0.4,0.15 325.286
0.45,0.4,0.2 388.978
0.45,0.4,0.25 281.319
0.45,0.4,0.3 851.916
0.45,0.4,0.35 534.411
0.45,0.4,0.4 390.867
0.45,0.4,0.45 52.8026
0.45,0.4,0.5 0.067452
0.45,0.45,0 7.69684e-10
0.45,0.45,0.05 71.8835
0.45,0.45,0.1 324.276
0.45,0.45,0.15 391.068
0.45,0.45,0.2 579.634
0.45,0.45,0.25 550.866
0.45,0.45,0.3 584.334
0.45,0.45,0.35 524.679
0.45,0.45,0.4 511.171
0.45,0.45,0.45 118.581
0.45,0.45,0.5 0.246161
0.45,0.5,0 1.68005e-10
0.45,0.5,0.05 84.6891
0.45,0.5,0.1 399.855
0.45,0.5,0.15 525.372
0.45,0.5,0.2 444.038
0.45,0.5,0.25 575.9
0.45,0.5,0.3 485.248
0.45,0.5,0.35 792.422
0.45,0.5,0.4 968.914
0.45,0.5,0.45 138.589
0.45,0.5,0.5 0.0679216
0.45,0.55,0 3.44764e-09
0.45,0.55,0.05 29.5568
0.45,0.55,0.1 200.37
0.45,0.55,0.15 623.796
0.45,0.55,0.2 576.51
0.45,0.55,0.25 513.888
0.45,0.55,0.3 290.796
0.45,0.55,0.35 225.043
0.45,0.55,0.4 301.847
0.45,0.55,0.45 32.1182
0.45,0.55,0.5 0.000477201
0.45,0.6,0 1.23695e-08
0.45,0.6,0.05 87.0457
0.45,0.6,0.1 489.829
0.45,0.6,0.15 418.386
0.45,0.6,0.2 565.365
0.45,0.6,0.25 499.718
0.45,0.6,0.3 110.883
0.45,0.6,0.35 32.9163
0.45,0.6,0.4 7.17058
0.45,0.6,0.45 0.307193
0.45,0.65,0 2.77989e-09
0.45,0.65,0.05 41.0849
0.45,0.65,0.1 257.173
0.45,0.65,0.15 251.662
0.45,0.65,0.2 437.453
0.45,0.65,0.25 375.103
0.45,0.65,0.3 187.441
0.45,0.65,0.35 80.3377
0.45,0.65,0.4 57.7245
0.45,0.65,0.45 1.90436
0.45,0.7,0 7.13216e-11
0.45,0.7,0.05 0.791108
0.45,0.7,0.1 5.76872
0.45,0.7,0.15 41.055
0.45,0.7,0.2 223.412
0.45,0.7,0.25 445.159
0.45,0.7,0.3 183.401
0.45,0.7,0.35 55.5295
0.45,0.7,0.4 40.4298
0.45,0.7,0.45 1.33124
0.45,0.75,0 2.42916e-07
0.45,0.75,0.05 25.0314
0.45,0.75,0.1 99.4857
0.45,0.75,0.15 24.8561
0.45,0.75,0.2 24.6159
0.45,0.75,0.25 134.664
0.45,0.75,0.3 90.4597
0.45,0.75,0.35 4.42086
0.45,0.75,0.4 0.867775
0.45,0.75,0.45 0.0278429
0.45,0.8,0 7.85732e-07
0.45,0.8,0.05 80.9672
0.45,0.8,0.1 321.799
0.45,0.8,0.15 79.9354
0.45,0.8,0.2 0.214599
0.45,0.8,0.25 4.14019
0.45,0.8,0.3 3.7412
0.45,0.8,0.35 0.134544
0.45,0.85,0 1.58594e-07
0.45,0.85,0.05 16.3439
0.45,0.85,0.1 64.9577
0.45,0.85,0.15 16.1356
0.45,0.9,0 1.66874e-12
0.45,0.9,0.05 0.000257712
0.45,0.9,0.1 0.00102509
0.45,0.9,0.15 0.00025484
0.5,0.05,0.05 2.21456e-09
0.5,0.05,0.1 6.36985e-07
0.5,0.05,0.15 1.51388e-06
0.5,0.05,0.2 2.20018e-07
0.5,0.05,0.3 0.00733962
0.5,0.05,0.35 0.0363367
0.5,0.05,0.4 0.0112245
0.5,0.05,0.45 3.25813e-06
0.5,0.1,0.05 0.00720676
0.5,0.1,0.1 1.96766
0.5,0.1,0.15 8.28608
0.5,0.1,0.2 19.6462
0.5,0.1,0.25 17.8125
0.5,0.1,0.3 21.9386
0.5,0.1,0.35 54.6237
0.5,0.1,0.4 16.7134
0.5,0.1,0.45 0.00485137
0.5,0.15,0.05 0.244554
0.5,0.15,0.1 27.1785
0.5,0.15,0.15 110.593
0.5,0.15,0.2 283.101
0.5,0.15,0.25 309.229
0.5,0.15,0.3 333.883
0.5,0.15,0.35 206.397
0.5,0.15,0.4 50.9702
0.5,0.15,0.45 0.0173009
0.5,0.2,0 7.33315e-12
0.5,0.2,0.05 1.23444
0.5,0.2,0.1 183.731
0.5,0.2,0.15 511.034
0.5,0.2,0.2 735.91
0.5,0.2,0.25 717.582
0.5,0.2,0.3 746.325
0.5,0.2,0.35 327.531
0.5,0.2,0.4 82.2117
0.5,0.2,0.45 0.256146
0.5,0.25,0 3.63442e-09
0.5,0.25,0.05 14.6855
0.5,0.25,0.1 211.322
0.5,0.25,0.15 464.151
0.5,0.25,0.2 655.711
0.5,0.25,0.25 563.117
0.5,0.25,0.3 590.306
0.5,0.25,0.35 650.183
0.5,0.25,0.4 199.666
0.5,0.25,0.45 0.497665
0.5,0.3,0 2.3105e-08
0.5,0.3,0.05 82.2119
0.5,0.3,0.1 493.426
0.5,0.3,0.15 608.926
0.5,0.3,0.2 672.207
0.5,0.3,0.25 361.82
0.5,0.3,0.3 709.924
0.5,0.3,0.35 613.895
0.5,0.3,0.4 124.112
0.5,0.3,0.45 8.6574
0.5,0.35,0 1.43849e-08
0.5,0.35,0.05 68.3462
0.5,0.35,0.1 528.216
0.5,0.35,0.15 556.481
0.5,0.35,0.2 436.309
0.5,0.35,0.25 279.578
0.5,0.35,0.3 411.339
0.5,0.35,0.35 620.089
0.5,0.35,0.4 404.723
0.5,0.35,0.45 57.02
0.5,0.4,0 4.44847e-09
0.5,0.4,0.05 35.0662
0.5,0.4,0.1 352.845
0.5,0.4,0.15 313.458
0.5,0.4,0.2 336.745
0.5,0.4,0.25 336.206
0.5,0.4,0.3 250.666
0.5,0.4,0.35 362.417
0.5,0.4,0.4 368.164
0.5,0.4,0.45 41.387
0.5,0.4,0.5 0.000288228
0.5,0.45,0 1.94286e-10
0.5,0.45,0.05 42.9394
0.5,0.45,0.1 349.409
0.5,0.45,0.15 298.102
0.5,0.45,0.2 436.289
0.5,0.45,0.25 548.922
0.5,0.45,0.3 233.589
0.5,0.45,0.35 115.39
0.5,0.45,0.4 112.313
0.5,0.45,0.45 16.3386
0.5,0.45,0.5 0.00347634
0.5,0.5,0 6.56722e-11
0.5,0.5,0.05 94.3615
0.5,0.5,0.1 486.445
0.5,0.5,0.15 446.401
0.5,0.5,0.2 627.042
0.5,0.5,0.25 706.165
0.5,0.5,0.3 370.238
0.5,0.5,0.35 236.344
0.5,0.5,0.4 291.16
0.5,0.5,0.45 33.1193
0.5,0.5,0.5 0.00230396
0.5,0.55,0 2.53551e-11
0.5,0.55,0.05 62.5625
0.5,0.55,0.1 366.86
0.5,0.55,0.15 630.547
0.5,0.55,0.2 910.077
0.5,0.55,0.25 514.117
0.5,0.55,0.3 543.788
0.5,0.55,0.35 298.557
0.5,0.55,0.4 118.304
0.5,0.55,0.45 11.732
0.5,0.55,0.5 4.12429e-05
0.5,0.6,0 7.94165e-11
0.5,0.6,0.05 6.7826
0.5,0.6,0.1 143.067
0.5,0.6,0.15 401.861
0.5,0.6,0.2 415.072
0.5,0.6,0.25 294.929
0.5,0.6,0.3 236.364
0.5,0.6,0.35 95.2025
0.5,0.6,0.4 2.37451
0.5,0.6,0.45 0.0414271
0.5,0.65,0 1.78479e-11
0.5,0.65,0.05 2.78856
0.5,0.65,0.1 36.5119
0.5,0.65,0.15 205.088
0.5,0.65,0.2 401.775
0.5,0.65,0.25 569.683
0.5,0.65,0.3 463.905
0.5,0.65,0.35 24.5934
0.5,0.65,0.4 0.0101477
0.5,0.7,0 4.11456e-12
0.5,0.7,0.05 0.132787
0.5,0.7,0.1 1.99901
0.5,0.7,0.15 52.992
0.5,0.7,0.2 243.726
0.5,0.7,0.25 652.252
0.5,0.7,0.3 434.261
0.5,0.7,0.35 28.9908
0.5,0.7,0.4 0.16798
0.5,0.75,0 1.82775e-08
0.5,0.75,0.05 3.40393
0.5,0.75,0.1 27.5497
0.5,0.75,0.15 19.1723
0.5,0.75,0.2 32.6493
0.5,0.75,0.25 256.15
0.5,0.75,0.3 224.484
0.5,0.75,0.35 21.8358
0.5,0.75,0.4 0.221806
0.5,0.8,0 1.78866e-07
0.5,0.8,0.05 26.5107
0.5,0.8,0.1 118.069
0.5,0.8,0.15 38.3252
0.5,0.8,0.2 0.91305
0.5,0.8,0.25 9.65007
0.5,0.8,0.3 10.2086
0.5,0.8,0.35 1.31982
0.5,0.8,0.4 0.0152164
0.5,0.85,0 1.65992e-07
0.5,0.85,0.05 25.2117
0.5,0.85,0.1 100.761
0.5,0.85,0.15 25.3794
0.5,0.85,0.2 0.0118413
0.5,0.9,0 8.96276e-09
0.5,0.9,0.05 1.38416
0.5,0.9,0.1 5.50572
0.5,0.9,0.15 1.36874
0.55,0.05,0.3 2.37554e-05
0.55,0.05,0.35 0.000117607
0.55,0.05,0.4 3.63293e-05
0.55,0.05,0.45 1.05452e-08
0.55,0.1,0.05 0.018974
0.55,0.1,0.1 0.25356
0.55,0.1,0.15 0.280592
0.55,0.1,0.2 0.813172
0.55,0.1,0.25 3.36798
0.55,0.1,0.3 2.01688
0.55,0.1,0.35 0.212433
0.55,0.1,0.4 0.0540945
0.55,0.1,0.45 1.57019e-05
0.55,0.15,0.05 6.03065
0.55,0.15,0.1 85.8201
0.55,0.15,0.15 73.2169
0.55,0.15,0.2 37.2806
0.55,0.15,0.25 219.722
0.55,0.15,0.3 140.631
0.55,0.15,0.35 5.87796
0.55,0.15,0.4 0.803412
0.55,0.15,0.45 0.00250755
0.55,0.2,0.05 14.7321
0.55,0.2,0.1 250.449
0.55,0.2,0.15 298.61
0.55,0.2,0.2 243.138
0.55,0.2,0.25 492.636
0.55,0.2,0.3 286.521
0.55,0.2,0.35 148.249
0.55,0.2,0.4 58.9468
0.55,0.2,0.45 0.225327
0.55,0.25,0 1.47753e-10
0.55,0.25,0.05 7.94487
0.55,0.25,0.1 175.57
0.55,0.25,0.15 361.049
0.55,0.25,0.2 489.489
0.55,0.25,0.25 425.717
0.55,0.25,0.3 443.098
0.55,0.25,0.35 364.574
0.55,0.25,0.4 108.715
0.55,0.25,0.45 0.40469
0.55,0.3,0 9.59184e-10
0.55,0.3,0.05 17.7876
0.55,0.3,0.1 350.372
0.55,0.3,0.15 625.075
0.55,0.3,0.2 466.96
0.55,0.3,0.25 729.96
0.55,0.3,0.3 930.629
0.55,0.3,0.35 385.163
0.55,0.3,0.4 22.4027
0.55,0.3,0.45 0.310279
0.55,0.35,0 3.82936e-10
0.55,0.35,0.05 10.4473
0.55,0.35,0.1 290.681
0.55,0.35,0.15 589.999
0.55,0.35,0.2 450.911
0.55,0.35,0.25 515.051
0.55,0.35,0.3 310.649
0.55,0.35,0.35 243.77
0.55,0.35,0.4 33.4087
0.55,0.35,0.45 1.93016
0.55,0.4,0 1.01034e-12
0.55,0.4,0.05 8.48216
0.55,0.4,0.1 188.598
0.55,0.4,0.15 316.168
0.55,0.4,0.2 258.963
0.55,0.4,0.25 240.672
0.55,0.4,0.3 79.4232
0.55,0.4,0.35 58.2927
0.55,0.4,0.4 20.6144
0.55,0.4,0.45 1.68214
0.55,0.45,0 2.61481e-13
0.55,0.45,0.05 11.7458
0.55,0.45,0.1 286.256
0.55,0.45,0.15 388.115
0.55,0.45,0.2 139.074
0.55,0.45,0.25 444.567
0.55,0.45,0.3 462.417
0.55,0.45,0.35 44.0852
0.55,0.45,0.4 2.25088
0.55,0.45,0.45 0.205074
0.55,0.5,0 2.82771e-13
0.55,0.5,0.05 24.6637
0.55,0.5,0.1 265.621
0.55,0.5,0.15 418.075
0.55,0.5,0.2 418.485
0.55,0.5,0.25 809.75
0.55,0.5,0.3 533.751
0.55,0.5,0.35 52.6983
0.55,0.5,0.4 1.75304
0.55,0.5,0.45 0.0827037
0.55,0.55,0 1.40981e-14
0.55,0.55,0.05 22.578
0.55,0.55,0.1 179.015
0.55,0.55,0.15 309.437
0.55,0.55,0.2 582.842
0.55,0.55,0.25 543.793
0.55,0.55,0.3 347.343
0.55,0.55,0.35 135.204
0.55,0.55,0.4 4.07937
0.55,0.55,0.45 0.0338644
0.55,0.6,0.05 1.53307
0.55,0.6,0.1 151.28
0.55,0.6,0.15 370.626
0.55,0.6,0.2 288.556
0.55,0.6,0.25 692.212
0.55,0.6,0.3 633.034
0.55,0.6,0.35 103.776
0.55,0.6,0.4 1.68534
0.55,0.6,0.45 0.000102364
0.55,0.65,0.05 0.341951
0.55,0.65,0.1 78.2605
0.55,0.65,0.15 196.881
0.55,0.65,0.2 83.7807
0.55,0.65,0.25 439.439
0.55,0.65,0.3 607.052
0.55,0.65,0.35 123.311
0.55,0.65,0.4 6.23055
0.55,0.7,0 2.02185e-13
0.55,0.7,0.05 0.971258
0.55,0.7,0.1 69.924
0.55,0.7,0.15 249.53
0.55,0.7,0.2 237.396
0.55,0.7,0.25 245.202
0.55,0.7,0.3 466.525
0.55,0.7,0.35 192.866
0.55,0.7,0.4 6.17674
0.55,0.75,0 1.42716e-08
0.55,0.75,0.05 20.6974
0.55,0.75,0.1 311.938
0.55,0.75,0.15 428.266
0.55,0.75,0.2 170.559
0.55,0.75,0.25 120.871
0.55,0.75,0.3 332.388
0.55,0.75,0.35 164.627
0.55,0.75,0.4 2.50934
0.55,0.8,0 4.45828e-07
0.55,0.8,0.05 90.9747
0.55,0.8,0.1 524.356
0.55,0.8,0.15 271.235
0.55,0.8,0.2 14.9956
0.55,0.8,0.25 31.544
0.55,0.8,0.3 40.4212
0.55,0.8,0.35 11.6073
0.55,0.8,0.4 0.165949
0.55,0.85,0 5.23549e-07
0.55,0.85,0.05 86.5639
0.55,0.85,0.1 350.075
0.55,0.85,0.15 90.9438
0.55,0.85,0.2 0.311865
0.55,0.85,0.25 2.49523
0.55,0.85,0.3 1.87651
0.55,0.85,0.35 0.0457785
0.55,0.9,0 2.99179e-08
0.55,0.9,0.05 5.75641
0.55,0.9,0.1 22.9211
0.55,0.9,0.15 5.70429
0.55,0.95,0 9.51499e-18
0.55,0.95,0.05 1.11451e-05
0.55,0.95,0.1 4.45676e-05
0.55,0.95,0.15 1.11387e-05
0.6,0.1,0.05 0.0272598
0.6,0.1,0.1 0.364288
0.6,0.1,0.15 0.25968
0.6,0.1,0.2 1.08847
0.6,0.1,0.25 9.42886
0.6,0.1,0.3 4.86914
0.6,0.1,0.35 0.0414799
0.6,0.15,0.05 8.64152
0.6,0.15,0.1 115.495
0.6,0.15,0.15 82.3538
0.6,0.15,0.2 34.0455
0.6,0.15,0.25 289.062
0.6,0.15,0.3 153.518
0.6,0.15,0.35 1.54705
0.6,0.15,0.4 0.0232386
0.6,0.15,0.45 8.92355e-05
0.6,0.2,0.05 20.9236
0.6,0.2,0.1 280.78
0.6,0.2,0.15 245.754
0.6,0.2,0.2 154.221
0.6,0.2,0.25 397.338
0.6,0.2,0.3 202.419
0.6,0.2,0.35 7.72103
0.6,0.2,0.4 2.12648
0.6,0.2,0.45 0.00816539
0.6,0.25,0.05 3.67816
0.6,0.25,0.1 57.9977
0.6,0.25,0.15 262.142
0.6,0.25,0.2 587.442
0.6,0.25,0.25 416.856
0.6,0.25,0.3 160.909
0.6,0.25,0.35 27.5218
0.6,0.25,0.4 3.90754
0.6,0.25,0.45 0.0146094
0.6,0.3,0.05 1.58874
0.6,0.3,0.1 45.8677
0.6,0.3,0.15 152.523
0.6,0.3,0.2 436.307
0.6,0.3,0.25 760.83
0.6,0.3,0.3 328.118
0.6,0.3,0.35 50.6011
0.6,0.3,0.4 0.753291
0.6,0.3,0.45 0.00151643
0.6,0.35,0.05 0.364282
0.6,0.35,0.1 74.5741
0.6,0.35,0.15 368.426
0.6,0.35,0.2 616.905
0.6,0.35,0.25 504.204
0.6,0.35,0.3 143.126
0.6,0.35,0.35 35.4926
0.6,0.35,0.4 1.72904
0.6,0.4,0.05 0.196151
0.6,0.4,0.1 55.846
0.6,0.4,0.15 444.987
0.6,0.4,0.2 427.714
0.6,0.4,0.25 131.678
0.6,0.4,0.3 92.971
0.6,0.4,0.35 59.811
0.6,0.4,0.4 3.26227
0.6,0.45,0.05 0.656893
0.6,0.45,0.1 151.328
0.6,0.45,0.15 565.342
0.6,0.45,0.2 226.133
0.6,0.45,0.25 323.685
0.6,0.45,0.3 563.673
0.6,0.45,0.35 100.195
0.6,0.45,0.4 1.56649
0.6,0.45,0.45 7.87166e-09
0.6,0.5,0.05 0.502575
0.6,0.5,0.1 181.743
0.6,0.5,0.15 561.543
0.6,0.5,0.2 256.529
0.6,0.5,0.25 376.204
0.6,0.5,0.3 568.318
0.6,0.5,0.35 211.153
0.6,0.5,0.4 29.929
0.6,0.5,0.45 3.30505e-06
0.6,0.55,0.05 0.121106
0.6,0.55,0.1 30.017
0.6,0.55,0.15 88.3543
0.6,0.55,0.2 135.952
0.6,0.55,0.25 293.863
0.6,0.55,0.3 365.708
0.6,0.55,0.35 322.623
0.6,0.55,0.4 64.5228
0.6,0.55,0.45 8.41021e-06
0.6,0.6,0.05 0.096523
0.6,0.6,0.1 22.7737
0.6,0.6,0.15 53.1842
0.6,0.6,0.2 94.2958
0.6,0.6,0.25 612.158
0.6,0.6,0.3 848.431
0.6,0.6,0.35 184.914
0.6,0.6,0.4 11.1772
0.6,0.6,0.45 1.31809e-06
0.6,0.65,0.05 0.681313
0.6,0.65,0.1 145.733
0.6,0.65,0.15 337.217
0.6,0.65,0.2 77.9372
0.6,0.65,0.25 231.36
0.6,0.65,0.3 507.666
0.6,0.65,0.35 321.986
0.6,0.65,0.4 22.171
0.6,0.7,0 2.48195e-12
0.6,0.7,0.05 1.21511
0.6,0.7,0.1 149.547
0.6,0.7,0.15 475.107
0.6,0.7,0.2 337.513
0.6,0.7,0.25 308.011
0.6,0.7,0.3 521.623
0.6,0.7,0.35 290.434
0.6,0.7,0.4 16.6948
0.6,0.75,0 3.45659e-09
0.6,0.75,0.05 48.6988
0.6,0.75,0.1 434.004
0.6,0.75,0.15 606.818
0.6,0.75,0.2 264.78
0.6,0.75,0.25 382.584
0.6,0.75,0.3 462.241
0.6,0.75,0.35 113.435
0.6,0.75,0.4 1.81182
0.6,0.8,0 9.39846e-08
0.6,0.8,0.05 125.943
0.6,0.8,0.1 627.746
0.6,0.8,0.15 296.829
0.6,0.8,0.2 37.5881
0.6,0.8,0.25 271.888
0.6,0.8,0.3 215.283
0.6,0.8,0.35 11.8384
0.6,0.8,0.4 0.102087
0.6,0.85,0 1.09314e-07
0.6,0.85,0.05 107.729
0.6,0.85,0.1 434.08
0.6,0.85,0.15 110.917
0.6,0.85,0.2 1.75648
0.6,0.85,0.25 24.073
0.6,0.85,0.3 18.1039
0.6,0.85,0.35 0.441653
0.6,0.9,0 6.2527e-09
0.6,0.9,0.05 22.1589
0.6,0.9,0.1 88.5901
0.6,0.9,0.15 22.1361
0.6,0.95,0 1.77506e-16
0.6,0.95,0.05 0.000207916
0.6,0.95,0.1 0.000831427
0.6,0.95,0.15 0.000207798
0.65,0.1,0.05 0.00211049
0.65,0.1,0.1 0.0282036
0.65,0.1,0.15 0.0201047
0.65,0.1,0.2 0.522547
0.65,0.1,0.25 4.48172
0.65,0.1,0.3 2.28133
0.65,0.1,0.35 0.0180838
0.65,0.15,0.05 0.669034
0.65,0.15,0.1 8.94068
0.65,0.15,0.15 6.37329
0.65,0.15,0.2 14.3873
0.65,0.15,0.25 124.305
0.65,0.15,0.3 66.3248
0.65,0.15,0.35 0.966418
0.65,0.2,0.05 1.61983
0.65,0.2,0.1 22.8419
0.65,0.2,0.15 60.4667
0.65,0.2,0.2 81.1668
0.65,0.2,0.25 250.872
0.65,0.2,0.3 244.6
0.65,0.2,0.35 19.3832
0.65,0.25,0.05 0.240335
0.65,0.25,0.1 8.65821
0.65,0.25,0.15 208.93
