0,0.4,0.15 1.71373e-14
0,0.4,0.2 7.33012e-14
0,0.4,0.25 1.95945e-14
0,0.4,0.3 2.04337e-19
0,0.45,0.15 1.61833e-11
0,0.45,0.2 6.92205e-11
0,0.45,0.25 1.85037e-11
0,0.45,0.3 1.92962e-16
0,0.5,0.15 4.6253e-11
0,0.5,0.2 1.97838e-10
0,0.5,0.25 5.2885e-11
0,0.5,0.3 5.515e-16
0,0.55,0.15 8.21008e-12
0,0.55,0.2 3.51169e-11
0,0.55,0.25 9.38728e-12
0,0.55,0.3 9.78933e-17
0.05,0.1,0.1 0.167343
0.05,0.1,0.15 8.55413
0.05,0.1,0.2 12.4683
0.05,0.1,0.25 0.985173
0.05,0.15,0 1.09808e-15
0.05,0.15,0.05 0.000351934
0.05,0.15,0.1 0.83393
0.05,0.15,0.15 42.6332
0.05,0.15,0.2 64.3334
0.05,0.15,0.25 7.55714
0.05,0.15,0.3 0.147551
0.05,0.15,0.35 0.00304342
0.05,0.15,0.4 0.00159735
0.05,0.15,0.45 1.4133e-05
0.05,0.2,0 5.09728e-12
0.05,0.2,0.05 0.0355111
0.05,0.2,0.1 0.400229
0.05,0.2,0.15 13.7419
0.05,0.2,0.2 32.8994
0.05,0.2,0.25 19.3365
0.05,0.2,0.3 6.92748
0.05,0.2,0.35 7.32431
0.05,0.2,0.4 3.44198
0.05,0.2,0.45 0.030454
0.05,0.25,0 6.09524e-11
0.05,0.25,0.05 0.38884
0.05,0.25,0.1 1.553
0.05,0.25,0.15 1.80126
0.05,0.25,0.2 9.36113
0.05,0.25,0.25 23.6125
0.05,0.25,0.3 42.6534
0.05,0.25,0.35 26.1876
0.05,0.25,0.4 10.7236
0.05,0.25,0.45 0.0948802
0.05,0.3,0 4.01962e-11
0.05,0.3,0.05 0.255342
0.05,0.3,0.1 1.01979
0.05,0.3,0.15 1.53974
0.05,0.3,0.2 4.58867
0.05,0.3,0.25 8.75247
0.05,0.3,0.3 18.6508
0.05,0.3,0.35 6.58419
0.05,0.3,0.4 2.08244
0.05,0.3,0.45 0.0184251
0.05,0.35,0 7.1039e-13
0.05,0.35,0.05 1.15087
0.05,0.35,0.1 5.49361
0.05,0.35,0.15 1.69637
0.05,0.35,0.2 0.208982
0.05,0.35,0.25 0.0850523
0.05,0.35,0.3 0.0914811
0.05,0.35,0.35 0.0131481
0.05,0.4,0.05 4.57276
0.05,0.4,0.1 21.8429
0.05,0.4,0.15 6.62476
0.05,0.4,0.2 0.673839
0.05,0.4,0.25 0.328873
0.05,0.4,0.3 0.00306976
0.05,0.45,0.05 1.14902
0.05,0.45,0.1 5.69449
0.05,0.45,0.15 13.2872
0.05,0.45,0.2 59.6929
0.05,0.45,0.25 23.2726
0.05,0.45,0.3 2.33368
0.05,0.45,0.35 0.251014
0.05,0.45,0.4 3.50185e-05
0.05,0.5,0.05 0.145588
0.05,0.5,0.1 3.83323
0.05,0.5,0.15 31.7126
0.05,0.5,0.2 133.567
0.05,0.5,0.25 55.9277
0.05,0.5,0.3 23.205
0.05,0.5,0.35 5.48693
0.05,0.5,0.4 0.75421
0.05,0.55,0.05 0.118074
0.05,0.55,0.1 3.10134
0.05,0.55,0.15 7.81157
0.05,0.55,0.2 21.2183
0.05,0.55,0.25 45.792
0.05,0.55,0.3 62.3804
0.05,0.55,0.35 17.7342
0.05,0.55,0.4 5.21951
0.05,0.55,0.45 0.195117
0.05,0.6,0.05 0.00340506
0.05,0.6,0.1 0.0894317
0.05,0.6,0.15 0.0960807
0.05,0.6,0.2 0.609578
0.05,0.6,0.25 28.5248
0.05,0.6,0.3 41.9464
0.05,0.6,0.35 17.1373
0.05,0.6,0.4 17.0667
0.05,0.6,0.45 1.27402
0.05,0.65,0.15 0.399268
0.05,0.65,0.2 6.05716
0.05,0.65,0.25 5.53579
0.05,0.65,0.3 1.45081
0.05,0.65,0.35 4.69768
0.05,0.65,0.4 6.60755
0.05,0.65,0.45 0.511317
0.05,0.7,0.15 4.65131
0.05,0.7,0.2 70.3642
0.05,0.7,0.25 54.5614
0.05,0.7,0.3 1.42676
0.05,0.7,0.35 0.012389
0.05,0.7,0.4 0.017793
0.05,0.7,0.45 0.00137689
0.05,0.75,0.15 3.00552
0.05,0.75,0.2 45.467
0.05,0.75,0.25 35.2557
0.05,0.75,0.3 0.921761
0.05,0.8,0.15 0.0503024
0.05,0.8,0.2 0.760966
0.05,0.8,0.25 0.590063
0.05,0.8,0.3 0.0154272
0.1,0,0.1 2.01027e-19
0.1,0,0.15 6.84176e-17
0.1,0,0.2 1.67834e-16
0.1,0,0.25 2.52659e-17
0.1,0.05,0.1 2.64753e-06
0.1,0.05,0.15 0.000901064
0.1,0.05,0.2 0.00255077
0.1,0.05,0.25 0.524843
0.1,0.05,0.3 1.58293
0.1,0.05,0.35 0.297433
0.1,0.1,0.1 0.926677
0.1,0.1,0.15 47.4049
0.1,0.1,0.2 69.3649
0.1,0.1,0.25 8.5288
0.1,0.1,0.3 8.75419
0.1,0.1,0.35 1.64886
0.1,0.1,0.4 0.000490911
0.1,0.15,0 9.47154e-12
0.1,0.15,0.05 3.03562
0.1,0.15,0.1 16.7473
0.1,0.15,0.15 240.199
0.1,0.15,0.2 383.305
0.1,0.15,0.25 72.7714
0.1,0.15,0.3 8.00046
0.1,0.15,0.35 5.0405
0.1,0.15,0.4 0.476085
0.1,0.15,0.45 0.000211034
0.1,0.2,0 6.50997e-10
0.1,0.2,0.05 31.1603
0.1,0.2,0.1 126.001
0.1,0.2,0.15 113.679
0.1,0.2,0.2 335.035
0.1,0.2,0.25 291.438
0.1,0.2,0.3 80.6877
0.1,0.2,0.35 117.18
0.1,0.2,0.4 52.6842
0.1,0.2,0.45 0.454739
0.1,0.25,0 6.81432e-09
0.1,0.25,0.05 57.7401
0.1,0.25,0.1 230.841
0.1,0.25,0.15 111.374
0.1,0.25,0.2 263.332
0.1,0.25,0.25 290.248
0.1,0.25,0.3 389.989
0.1,0.25,0.35 357.082
0.1,0.25,0.4 160.352
0.1,0.25,0.45 1.41675
0.1,0.3,0 4.4644e-09
0.1,0.3,0.05 28.7737
0.1,0.3,0.1 115.989
0.1,0.3,0.15 81.995
0.1,0.3,0.2 186.773
0.1,0.3,0.25 108.991
0.1,0.3,0.3 164.284
0.1,0.3,0.35 81.8535
0.1,0.3,0.4 31.095
0.1,0.3,0.45 0.275123
0.1,0.35,0 7.88922e-11
0.1,0.35,0.05 18.1138
0.1,0.35,0.1 86.4435
0.1,0.35,0.15 28.2296
0.1,0.35,0.2 8.53751
0.1,0.35,0.25 2.22417
0.1,0.35,0.3 0.789759
0.1,0.35,0.35 0.113507
0.1,0.4,0.05 69.8449
0.1,0.4,0.1 333.852
0.1,0.4,0.15 108.344
0.1,0.4,0.2 15.9013
0.1,0.4,0.25 3.69273
0.1,0.4,0.3 0.0453187
0.1,0.4,0.35 0.0721526
0.1,0.4,0.4 0.415402
0.1,0.4,0.45 0.148359
0.1,0.4,0.5 0.000184961
0.1,0.45,0 1.93879e-13
0.1,0.45,0.05 18.9336
0.1,0.45,0.1 99.4575
0.1,0.45,0.15 193.168
0.1,0.45,0.2 488.588
0.1,0.45,0.25 183.896
0.1,0.45,0.3 34.7085
0.1,0.45,0.35 11.1935
0.1,0.45,0.4 43.1142
0.1,0.45,0.45 15.3974
0.1,0.45,0.5 0.0191961
0.1,0.5,0 1.00185e-12
0.1,0.5,0.05 11.5809
0.1,0.5,0.1 169.871
0.1,0.5,0.15 370.982
0.1,0.5,0.2 830.304
0.1,0.5,0.25 458.573
0.1,0.5,0.3 339.847
0.1,0.5,0.35 154.282
0.1,0.5,0.4 106.46
0.1,0.5,0.45 28.6216
0.1,0.5,0.5 0.0356815
0.1,0.55,0 3.22651e-13
0.1,0.55,0.05 6.40242
0.1,0.55,0.1 124.417
0.1,0.55,0.15 173.785
0.1,0.55,0.2 192.587
0.1,0.55,0.25 463.397
0.1,0.55,0.3 587.303
0.1,0.55,0.35 446.885
0.1,0.55,0.4 142.827
0.1,0.55,0.45 6.28133
0.1,0.55,0.5 0.00388493
0.1,0.6,0 1.55456e-16
0.1,0.6,0.05 0.185547
0.1,0.6,0.1 9.27346
0.1,0.6,0.15 19.0108
0.1,0.6,0.2 25.0475
0.1,0.6,0.25 234.006
0.1,0.6,0.3 295.932
0.1,0.6,0.35 297.061
0.1,0.6,0.4 287.947
0.1,0.6,0.45 20.6615
0.1,0.6,0.5 6.46373e-09
0.1,0.65,0.05 0.396313
0.1,0.65,0.1 41.2357
0.1,0.65,0.15 91.8926
0.1,0.65,0.2 59.6997
0.1,0.65,0.25 33.292
0.1,0.65,0.3 90.7276
0.1,0.65,0.35 141.986
0.1,0.65,0.4 109.235
0.1,0.65,0.45 8.29232
0.1,0.7,0.05 0.168966
0.1,0.7,0.1 17.5816
0.1,0.7,0.15 63.1272
0.1,0.7,0.2 330.04
0.1,0.7,0.25 237.179
0.1,0.7,0.3 53.7135
0.1,0.7,0.35 35.7189
0.1,0.7,0.4 1.21547
0.1,0.7,0.45 0.0223298
0.1,0.75,0.05 0.000628022
0.1,0.75,0.1 0.0653677
0.1,0.75,0.15 14.1314
0.1,0.75,0.2 195.011
0.1,0.75,0.25 148.407
0.1,0.75,0.3 5.4591
0.1,0.75,0.35 0.896712
0.1,0.75,0.4 0.0134266
0.1,0.8,0.15 0.206879
0.1,0.8,0.2 3.30096
0.1,0.8,0.25 2.98935
0.1,0.8,0.3 0.178424
0.1,0.85,0.15 4.21733e-07
0.1,0.85,0.2 0.00167434
0.1,0.85,0.25 0.00547655
0.1,0.85,0.3 0.00111794
0.15,0,0.1 2.5992e-15
0.15,0,0.15 8.84613e-13
0.15,0,0.2 2.17003e-12
0.15,0,0.25 3.26679e-13
0.15,0.05,0 3.77742e-13
0.15,0.05,0.05 0.00767793
0.15,0.05,0.1 0.0649096
0.15,0.05,0.15 11.6581
0.15,0.05,0.2 28.5899
0.15,0.05,0.25 20.6077
0.15,0.05,0.3 49.7626
0.15,0.05,0.35 9.55147
0.15,0.05,0.4 0.000601322
0.15,0.1,0 2.55832e-10
0.15,0.1,0.05 5.19999
0.15,0.1,0.1 21.233
0.15,0.1,0.15 70.3225
0.15,0.1,0.2 159.524
0.15,0.1,0.25 121.573
0.15,0.1,0.3 277.62
0.15,0.1,0.35 53.7568
0.15,0.1,0.4 0.0150367
0.15,0.15,0 7.32745e-10
0.15,0.15,0.05 24.7149
0.15,0.15,0.1 100.757
0.15,0.15,0.15 140.87
0.15,0.15,0.2 371.866
0.15,0.15,0.25 193.715
0.15,0.15,0.3 157.585
0.15,0.15,0.35 119.141
0.15,0.15,0.4 10.4051
0.15,0.15,0.45 0.000162231
0.15,0.2,0 1.48496e-09
0.15,0.2,0.05 105.041
0.15,0.2,0.1 423.889
0.15,0.2,0.15 174.516
0.15,0.2,0.2 442.896
0.15,0.2,0.25 533.121
0.15,0.2,0.3 297.635
0.15,0.2,0.35 393.764
0.15,0.2,0.4 72.5191
0.15,0.2,0.45 0.349577
0.15,0.25,0 1.29887e-08
0.15,0.25,0.05 144.441
0.15,0.25,0.1 595.033
0.15,0.25,0.15 238.983
0.15,0.25,0.2 410.471
0.15,0.25,0.25 565.665
0.15,0.25,0.3 444.564
0.15,0.25,0.35 337.966
0.15,0.25,0.4 130.569
0.15,0.25,0.45 1.08912
0.15,0.3,0 8.46408e-09
0.15,0.3,0.05 84.7577
0.15,0.3,0.1 433.246
0.15,0.3,0.15 221.729
0.15,0.3,0.2 257.42
0.15,0.3,0.25 136.902
0.15,0.3,0.3 130.158
0.15,0.3,0.35 60.0262
0.15,0.3,0.4 23.9445
0.15,0.3,0.45 0.211498
0.15,0.35,0 1.49582e-10
0.15,0.35,0.05 24.1839
0.15,0.35,0.1 142.066
0.15,0.35,0.15 57.7055
0.15,0.35,0.2 11.8929
0.15,0.35,0.25 2.79821
0.15,0.35,0.3 0.405431
0.15,0.35,0.35 0.0581284
0.15,0.4,0 2.11145e-14
0.15,0.4,0.05 54.8697
0.15,0.4,0.1 266.776
0.15,0.4,0.15 144.952
0.15,0.4,0.2 63.8728
0.15,0.4,0.25 7.06113
0.15,0.4,0.3 0.661685
0.15,0.4,0.35 0.562032
0.15,0.4,0.4 1.93968
0.15,0.4,0.45 0.684764
0.15,0.4,0.5 0.000853707
0.15,0.45,0 2.69683e-12
0.15,0.45,0.05 30.4887
0.15,0.45,0.1 162.235
0.15,0.45,0.15 505.381
0.15,0.45,0.2 676.657
0.15,0.45,0.25 270.321
0.15,0.45,0.3 91.5288
0.15,0.45,0.35 80.8042
0.15,0.45,0.4 209.899
0.15,0.45,0.45 73.2218
0.15,0.45,0.5 0.0891614
0.15,0.5,0 1.39311e-11
0.15,0.5,0.05 92.0185
0.15,0.5,0.1 531.522
0.15,0.5,0.15 627.792
0.15,0.5,0.2 818.181
0.15,0.5,0.25 599.047
0.15,0.5,0.3 508.068
0.15,0.5,0.35 420.356
0.15,0.5,0.4 525.775
0.15,0.5,0.45 161.549
0.15,0.5,0.5 0.172356
0.15,0.55,0 4.48659e-12
0.15,0.55,0.05 33.0532
0.15,0.55,0.1 260.796
0.15,0.55,0.15 350.635
0.15,0.55,0.2 467.798
0.15,0.55,0.25 699.889
0.15,0.55,0.3 827.243
0.15,0.55,0.35 836.998
0.15,0.55,0.4 324.215
0.15,0.55,0.45 38.3176
0.15,0.55,0.5 0.0234881
0.15,0.6,0 2.51649e-10
0.15,0.6,0.05 4.6376
0.15,0.6,0.1 52.1119
0.15,0.6,0.15 113.577
0.15,0.6,0.2 115.992
0.15,0.6,0.25 303.669
0.15,0.6,0.3 360.144
0.15,0.6,0.35 382.079
0.15,0.6,0.4 259.553
0.15,0.6,0.45 17.2671
0.15,0.6,0.5 0.000124456
0.15,0.65,0 1.34118e-09
0.15,0.65,0.05 24.2184
0.15,0.65,0.1 289.835
0.15,0.65,0.15 595.919
0.15,0.65,0.2 415.599
0.15,0.65,0.25 103.531
0.15,0.65,0.3 550.258
0.15,0.65,0.35 478.978
0.15,0.65,0.4 98.9589
0.15,0.65,0.45 6.72904
0.15,0.7,0 4.45021e-10
0.15,0.7,0.05 8.21361
0.15,0.7,0.1 127.143
0.15,0.7,0.15 367.556
0.15,0.7,0.2 585.35
0.15,0.7,0.25 243.366
0.15,0.7,0.3 411.345
0.15,0.7,0.35 263.149
0.15,0.7,0.4 6.10644
0.15,0.7,0.45 0.0181182
0.15,0.75,0 2.92762e-13
0.15,0.75,0.05 0.00802242
0.15,0.75,0.1 3.78863
0.15,0.75,0.15 41.8143
0.15,0.75,0.2 213.48
0.15,0.75,0.25 258.787
0.15,0.75,0.3 108.08
0.15,0.75,0.35 27.2133
0.15,0.75,0.4 0.144932
0.15,0.8,0.1 0.0736991
0.15,0.8,0.15 2.81426
0.15,0.8,0.2 33.9054
0.15,0.8,0.25 97.7335
0.15,0.8,0.3 40.6247
0.15,0.8,0.35 7.63007
0.15,0.8,0.4 0.00755844
0.15,0.85,0.1 0.000452844
0.15,0.85,0.15 0.0166057
0.15,0.85,0.2 0.290015
0.15,0.85,0.25 0.896109
0.15,0.85,0.3 0.260612
0.15,0.85,0.35 0.0280852
0.15,0.85,0.4 2.78216e-05
0.2,0,0.1 9.10015e-15
0.2,0,0.15 3.09715e-12
0.2,0,0.2 7.59759e-12
0.2,0,0.25 1.14375e-12
0.2,0.05,0 2.59192e-12
0.2,0.05,0.05 0.0526829
0.2,0.05,0.1 0.332001
0.2,0.05,0.15 41.0163
0.2,0.05,0.2 100.399
0.2,0.05,0.25 39.5995
0.2,0.05,0.3 90.4079
0.2,0.05,0.35 22.9595
0.2,0.05,0.4 0.0178609
0.2,0.1,0 1.75541e-09
0.2,0.1,0.05 35.6802
0.2,0.1,0.1 143.053
0.2,0.1,0.15 203.793
0.2,0.1,0.2 452.869
0.2,0.1,0.25 270.779
0.2,0.1,0.3 578.458
0.2,0.1,0.35 152.51
0.2,0.1,0.4 0.145701
0.2,0.15,0 4.81176e-09
0.2,0.15,0.05 102.268
0.2,0.15,0.1 421.61
0.2,0.15,0.15 209.169
0.2,0.15,0.2 521.929
0.2,0.15,0.25 413.885
0.2,0.15,0.3 333.647
0.2,0.15,0.35 200.735
0.2,0.15,0.4 15.2828
0.2,0.15,0.45 9.05849e-06
0.2,0.2,0 9.97409e-10
0.2,0.2,0.05 66.2453
0.2,0.2,0.1 388.288
0.2,0.2,0.15 331.882
0.2,0.2,0.2 619.215
0.2,0.2,0.25 453.451
0.2,0.2,0.3 487.162
0.2,0.2,0.35 670.625
0.2,0.2,0.4 75.364
0.2,0.2,0.45 0.00898595
0.2,0.25,0 1.46517e-09
0.2,0.25,0.05 117.553
0.2,0.25,0.1 567.529
0.2,0.25,0.15 333.483
0.2,0.25,0.2 537.068
0.2,0.25,0.25 574.177
0.2,0.25,0.3 582.802
0.2,0.25,0.35 400.567
0.2,0.25,0.4 39.5326
0.2,0.25,0.45 0.027941
0.2,0.3,0 9.44498e-10
0.2,0.3,0.05 107.806
0.2,0.3,0.1 599.305
0.2,0.3,0.15 305.84
0.2,0.3,0.2 343.055
0.2,0.3,0.25 178.817
0.2,0.3,0.3 109.981
0.2,0.3,0.35 40.5698
0.2,0.3,0.4 3.32712
0.2,0.3,0.45 0.00544242
0.2,0.35,0 1.89227e-11
0.2,0.35,0.05 55.0731
0.2,0.35,0.1 284.071
0.2,0.35,0.15 108.608
0.2,0.35,0.2 21.4497
0.2,0.35,0.25 6.3073
0.2,0.35,0.3 0.0920015
0.2,0.35,0.35 0.299154
0.2,0.35,0.4 0.0832765
0.2,0.35,0.45 3.69099e-06
0.2,0.4,0 2.49156e-11
0.2,0.4,0.05 45.1229
0.2,0.4,0.1 216.517
0.2,0.4,0.15 256.923
0.2,0.4,0.2 99.4359
0.2,0.4,0.25 8.81059
0.2,0.4,0.3 1.5059
0.2,0.4,0.35 1.04438
0.2,0.4,0.4 0.645379
0.2,0.4,0.45 0.197432
0.2,0.4,0.5 0.000246141
0.2,0.45,0 1.53982e-10
0.2,0.45,0.05 45.2835
0.2,0.45,0.1 256.742
0.2,0.45,0.15 640.559
0.2,0.45,0.2 456.237
0.2,0.45,0.25 251.859
0.2,0.45,0.3 212.173
0.2,0.45,0.35 206.737
0.2,0.45,0.4 124.737
0.2,0.45,0.45 30.8818
0.2,0.45,0.5 0.0275398
0.2,0.5,0 2.25835e-10
0.2,0.5,0.05 86.077
0.2,0.5,0.1 368.001
0.2,0.5,0.15 396.283
0.2,0.5,0.2 527.07
0.2,0.5,0.25 556.521
0.2,0.5,0.3 793.195
0.2,0.5,0.35 655.271
0.2,0.5,0.4 638.204
0.2,0.5,0.45 157.838
0.2,0.5,0.5 0.0747895
0.2,0.55,0 5.23116e-11
0.2,0.55,0.05 28.1584
0.2,0.55,0.1 161.643
0.2,0.55,0.15 349.556
0.2,0.55,0.2 408.667
0.2,0.55,0.25 435.357
0.2,0.55,0.3 674.308
0.2,0.55,0.35 540.731
0.2,0.55,0.4 472.517
0.2,0.55,0.45 96.4186
0.2,0.55,0.5 0.0249657
0.2,0.6,0 1.15922e-09
0.2,0.6,0.05 19.7182
0.2,0.6,0.1 148.036
0.2,0.6,0.15 382.846
0.2,0.6,0.2 344.251
0.2,0.6,0.25 465.667
0.2,0.6,0.3 424.429
0.2,0.6,0.35 297.97
0.2,0.6,0.4 125.466
0.2,0.6,0.45 11.5804
0.2,0.6,0.5 0.000443272
0.2,0.65,0 6.25721e-09
0.2,0.65,0.05 108.443
0.2,0.65,0.1 528.545
0.2,0.65,0.15 638.907
0.2,0.65,0.2 510.696
0.2,0.65,0.25 214.489
0.2,0.65,0.3 579.211
0.2,0.65,0.35 399.398
0.2,0.65,0.4 18.7164
0.2,0.65,0.45 0.465723
0.2,0.7,0 2.20837e-09
0.2,0.7,0.05 43.5908
0.2,0.7,0.1 309.753
0.2,0.7,0.15 642.393
0.2,0.7,0.2 553.881
0.2,0.7,0.25 412.647
0.2,0.7,0.3 603.728
0.2,0.7,0.35 207.081
0.2,0.7,0.4 4.08268
0.2,0.7,0.45 0.000591427
0.2,0.75,0 1.83253e-11
0.2,0.75,0.05 0.994874
0.2,0.75,0.1 39.1797
0.2,0.75,0.15 304.399
0.2,0.75,0.2 608.587
0.2,0.75,0.25 728.823
0.2,0.75,0.3 532.127
0.2,0.75,0.35 139.927
0.2,0.75,0.4 0.199048
0.2,0.8,0.1 4.21833
0.2,0.8,0.15 92.1606
0.2,0.8,0.2 206.65
0.2,0.8,0.25 277.611
0.2,0.8,0.3 200.105
0.2,0.8,0.35 54.9467
0.2,0.8,0.4 0.0544309
0.2,0.85,0.1 0.0293204
0.2,0.85,0.15 0.577339
0.2,0.85,0.2 1.20844
0.2,0.85,0.25 1.98495
0.2,0.85,0.3 0.958592
0.2,0.85,0.35 0.202251
0.2,0.85,0.4 0.000200353
0.25,0,0.1 1.99043e-15
0.25,0,0.15 6.77425e-13
0.25,0,0.2 6.08537e-12
0.25,0,0.25 9.32561e-11
0.25,0,0.3 8.83967e-11
0.25,0,0.35 3.50098e-12
0.25,0.05,0 1.08787e-12
0.25,0.05,0.05 0.0221121
0.25,0.05,0.1 0.317738
0.25,0.05,0.15 30.3571
0.25,0.05,0.2 62.5573
0.25,0.05,0.25 29.7228
0.25,0.05,0.3 55.5945
0.25,0.05,0.35 15.2488
0.25,0.05,0.4 0.0204366
0.25,0.1,0 7.36776e-10
0.25,0.1,0.05 14.9756
0.25,0.1,0.1 60.9211
0.25,0.1,0.15 155.878
0.25,0.1,0.2 347.067
0.25,0.1,0.25 274.447
