0.65,0.4,0.4 0.000280574
0.65,0.45,0 3.57605e-10
0.65,0.45,0.05 161.52
0.65,0.45,0.1 647.388
0.65,0.45,0.15 205.888
0.65,0.45,0.2 232.189
0.65,0.45,0.25 130.771
0.65,0.45,0.3 3.60006
0.65,0.5,0 4.54404e-10
0.65,0.5,0.05 93.5138
0.65,0.5,0.1 374.764
0.65,0.5,0.15 150.624
0.65,0.5,0.2 527.292
0.65,0.5,0.25 356.863
0.65,0.5,0.3 10.8013
0.65,0.5,0.35 0.00894466
0.65,0.55,0 8.64303e-11
0.65,0.55,0.05 43.737
0.65,0.55,0.1 179.069
0.65,0.55,0.15 259.489
0.65,0.55,0.2 661.891
0.65,0.55,0.25 255.861
0.65,0.55,0.3 17.2047
0.65,0.55,0.35 0.0609933
0.65,0.6,0 1.88998e-11
0.65,0.6,0.05 33.7625
0.65,0.6,0.1 143.112
0.65,0.6,0.15 357.414
0.65,0.6,0.2 637.515
0.65,0.6,0.25 151.142
0.65,0.6,0.3 7.66034
0.65,0.6,0.35 0.0254573
0.65,0.65,0 7.77571e-13
0.65,0.65,0.05 14.5759
0.65,0.65,0.1 105.913
0.65,0.65,0.15 300.213
0.65,0.65,0.2 421.728
0.65,0.65,0.25 142.65
0.65,0.65,0.3 2.31803
0.65,0.65,0.35 8.48785e-05
0.65,0.7,0 1.67458e-12
0.65,0.7,0.05 12.2148
0.65,0.7,0.1 182.587
0.65,0.7,0.15 531.351
0.65,0.7,0.2 345.063
0.65,0.7,0.25 156.562
0.65,0.7,0.3 5.24141
0.65,0.75,0 3.29648e-10
0.65,0.75,0.05 26.6666
0.65,0.75,0.1 219.246
0.65,0.75,0.15 487.012
0.65,0.75,0.2 236.525
0.65,0.75,0.25 106.801
0.65,0.75,0.3 3.90891
0.65,0.8,0 7.41904e-10
0.65,0.8,0.05 73.1786
0.65,0.8,0.1 356.814
0.65,0.8,0.15 351.867
0.65,0.8,0.2 78.836
0.65,0.8,0.25 2.75225
0.65,0.8,0.3 0.100799
0.65,0.85,0 1.7205e-10
0.65,0.85,0.05 77.8794
0.65,0.85,0.1 313.749
0.65,0.85,0.15 88.0223
0.65,0.85,0.2 2.78362
0.65,0.85,0.25 6.52217e-05
0.65,0.9,0 1.99767e-11
0.65,0.9,0.05 18.789
0.65,0.9,0.1 75.1345
0.65,0.9,0.15 18.7783
0.65,0.95,0 1.57188e-16
0.65,0.95,0.05 0.000184117
0.65,0.95,0.1 0.000736258
0.65,0.95,0.15 0.000184012
0.7,0.1,0.05 6.56324e-10
0.7,0.1,0.1 0.0859789
0.7,0.1,0.15 2.83125
0.7,0.1,0.2 3.4068
0.7,0.1,0.25 0.202326
0.7,0.15,0 5.42063e-13
0.7,0.15,0.05 0.29718
0.7,0.15,0.1 43.0951
0.7,0.15,0.15 121.126
0.7,0.15,0.2 51.6787
0.7,0.15,0.25 2.63968
0.7,0.15,0.3 0.440493
0.7,0.15,0.35 0.0537652
0.7,0.2,0 1.58168e-11
0.7,0.2,0.05 2.21674
0.7,0.2,0.1 217.135
0.7,0.2,0.15 465.78
0.7,0.2,0.2 82.0757
0.7,0.2,0.25 8.21033
0.7,0.2,0.3 13.5037
0.7,0.2,0.35 1.64823
0.7,0.25,0 1.79371e-11
0.7,0.25,0.05 2.53789
0.7,0.25,0.1 243.74
0.7,0.25,0.15 501.006
0.7,0.25,0.2 82.5282
0.7,0.25,0.25 19.4837
0.7,0.25,0.3 15.9548
0.7,0.25,0.35 1.94745
0.7,0.25,0.4 0.000130804
0.7,0.3,0 9.68225e-13
0.7,0.3,0.05 0.98547
0.7,0.3,0.1 74.1057
0.7,0.3,0.15 168.325
0.7,0.3,0.2 106.027
0.7,0.3,0.25 46.4098
0.7,0.3,0.3 2.08036
0.7,0.3,0.35 0.313634
0.7,0.3,0.4 0.000847799
0.7,0.35,0 5.64995e-15
0.7,0.35,0.05 46.1497
0.7,0.35,0.1 216.648
0.7,0.35,0.15 133.558
0.7,0.35,0.2 51.0143
0.7,0.35,0.25 11.5472
0.7,0.35,0.3 0.364482
0.7,0.35,0.35 0.0821233
0.7,0.35,0.4 0.000337978
0.7,0.4,0 1.46689e-11
0.7,0.4,0.05 154.966
0.7,0.4,0.1 647.888
0.7,0.4,0.15 269.688
0.7,0.4,0.2 49.0963
0.7,0.4,0.25 0.572243
0.7,0.4,0.3 0.0027825
0.7,0.4,0.35 0.000212778
0.7,0.4,0.4 8.75687e-07
0.7,0.45,0 1.97614e-10
0.7,0.45,0.05 100.829
0.7,0.45,0.1 476.587
0.7,0.45,0.15 315.886
0.7,0.45,0.2 80.739
0.7,0.45,0.25 18.4571
0.7,0.45,0.3 0.465828
0.7,0.5,0 4.21868e-10
0.7,0.5,0.05 103.701
0.7,0.5,0.1 480.355
0.7,0.5,0.15 415.391
0.7,0.5,0.2 340.511
0.7,0.5,0.25 96.3499
0.7,0.5,0.3 1.29956
0.7,0.55,0 1.09361e-10
0.7,0.55,0.05 86.7911
0.7,0.55,0.1 379.862
0.7,0.55,0.15 433.807
0.7,0.55,0.2 600.065
0.7,0.55,0.25 127.456
0.7,0.55,0.3 0.559768
0.7,0.6,0 3.93614e-11
0.7,0.6,0.05 68.8859
0.7,0.6,0.1 278.861
0.7,0.6,0.15 288.732
0.7,0.6,0.2 462.495
0.7,0.6,0.25 65.6106
0.7,0.6,0.3 0.0562437
0.7,0.65,0 1.6194e-12
0.7,0.65,0.05 2.83408
0.7,0.65,0.1 18.2748
0.7,0.65,0.15 251.313
0.7,0.65,0.2 370.43
0.7,0.65,0.25 43.2892
0.7,0.65,0.3 0.500488
0.7,0.7,0 3.08274e-14
0.7,0.7,0.05 0.00239233
0.7,0.7,0.1 15.7112
0.7,0.7,0.15 165.808
0.7,0.7,0.2 364.599
0.7,0.7,0.25 202.066
0.7,0.7,0.3 7.00287
0.7,0.75,0 6.0956e-12
0.7,0.75,0.05 0.473042
0.7,0.75,0.1 32.9108
0.7,0.75,0.15 144.092
0.7,0.75,0.2 198.574
0.7,0.75,0.25 147.24
0.7,0.75,0.3 5.39458
0.7,0.8,0 2.01839e-09
0.7,0.8,0.05 11.2981
0.7,0.8,0.1 69.7353
0.7,0.8,0.15 119.037
0.7,0.8,0.2 33.5327
0.7,0.8,0.25 3.7966
0.7,0.8,0.3 0.139112
0.7,0.85,0 8.01202e-09
0.7,0.85,0.05 41.2806
0.7,0.85,0.1 165.75
0.7,0.85,0.15 45.0986
0.7,0.85,0.2 1.08048
0.7,0.85,0.25 2.53164e-05
0.7,0.9,0 2.00013e-09
0.7,0.9,0.05 10.3149
0.7,0.9,0.1 41.1903
0.7,0.9,0.15 10.2803
0.7,0.95,0 5.43256e-18
0.7,0.95,0.05 6.36324e-06
0.7,0.95,0.1 2.54457e-05
0.7,0.95,0.15 6.35962e-06
0.75,0.1,0.05 3.7596e-10
0.75,0.1,0.1 5.88627e-08
0.75,0.1,0.15 1.22328e-07
0.75,0.1,0.2 1.52409e-08
0.75,0.15,0.05 0.153475
0.75,0.15,0.1 24.029
0.75,0.15,0.15 49.937
0.75,0.15,0.2 6.22165
0.75,0.2,0.05 0.678342
0.75,0.2,0.1 106.132
0.75,0.2,0.15 220.524
0.75,0.2,0.2 27.4696
0.75,0.25,0.05 0.425631
0.75,0.25,0.1 66.3378
0.75,0.25,0.15 137.707
0.75,0.25,0.2 17.1341
0.75,0.3,0.05 0.624069
0.75,0.3,0.1 13.2332
0.75,0.3,0.15 24.5643
0.75,0.3,0.2 3.63773
0.75,0.3,0.25 0.0093322
0.75,0.35,0 9.87267e-19
0.75,0.35,0.05 55.3737
0.75,0.35,0.1 240.725
0.75,0.35,0.15 233.331
0.75,0.35,0.2 99.7581
0.75,0.35,0.25 1.10999
0.75,0.4,0 3.19685e-14
0.75,0.4,0.05 116.919
0.75,0.4,0.1 517.78
0.75,0.4,0.15 495.473
0.75,0.4,0.2 198.465
0.75,0.4,0.25 2.14551
0.75,0.45,0 1.83051e-11
0.75,0.45,0.05 22.2739
0.75,0.45,0.1 217.843
0.75,0.45,0.15 423.773
0.75,0.45,0.2 140.7
0.75,0.45,0.25 8.64061
0.75,0.45,0.3 1.82468e-05
0.75,0.5,0 4.97846e-11
0.75,0.5,0.05 12.3036
0.75,0.5,0.1 172.23
0.75,0.5,0.15 614.747
0.75,0.5,0.2 477.055
0.75,0.5,0.25 49.8273
0.75,0.5,0.3 0.000988701
0.75,0.55,0 1.50571e-11
0.75,0.55,0.05 20.6697
0.75,0.55,0.1 149.82
0.75,0.55,0.15 426.621
0.75,0.55,0.2 315.961
0.75,0.55,0.25 31.8252
0.75,0.55,0.3 0.0014744
0.75,0.6,0 6.74582e-12
0.75,0.6,0.05 28.567
0.75,0.6,0.1 118.406
0.75,0.6,0.15 90.6359
0.75,0.6,0.2 105.866
0.75,0.6,0.25 14.3102
0.75,0.6,0.3 0.000120277
0.75,0.65,0 4.06947e-13
0.75,0.65,0.05 11.6588
0.75,0.65,0.1 47.4429
0.75,0.65,0.15 53.7546
0.75,0.65,0.2 63.4055
0.75,0.65,0.25 6.07986
0.75,0.65,0.3 0.0341338
0.75,0.7,0 6.07228e-15
0.75,0.7,0.05 0.506462
0.75,0.7,0.1 2.3696
0.75,0.7,0.15 18.3993
0.75,0.7,0.2 40.0405
0.75,0.7,0.25 15.8938
0.75,0.7,0.3 0.511594
0.75,0.75,0 2.65197e-11
0.75,0.75,0.05 0.114227
0.75,0.75,0.1 0.516775
0.75,0.75,0.15 1.03602
0.75,0.75,0.2 11.9495
0.75,0.75,0.25 10.765
0.75,0.75,0.3 0.394262
0.75,0.8,0 6.47176e-09
0.75,0.8,0.05 30.6451
0.75,0.8,0.1 122.416
0.75,0.8,0.15 30.7889
0.75,0.8,0.2 0.368943
0.75,0.8,0.25 0.277425
0.75,0.8,0.3 0.010167
0.75,0.85,0 2.26947e-08
0.75,0.85,0.05 108.816
0.75,0.85,0.1 434.493
0.75,0.85,0.15 108.438
0.75,0.85,0.2 0.00238772
0.75,0.85,0.25 5.59456e-08
0.75,0.9,0 5.3693e-09
0.75,0.9,0.05 25.8896
0.75,0.9,0.1 103.375
0.75,0.9,0.15 25.7978
0.8,0.05,0 1.96048e-11
0.8,0.05,0.05 1.15495
0.8,0.05,0.1 4.61623
0.8,0.05,0.15 1.15317
0.8,0.1,0 2.31151e-10
0.8,0.1,0.05 13.6174
0.8,0.1,0.1 54.4276
0.8,0.1,0.15 13.5964
0.8,0.1,0.2 1.80037e-10
0.8,0.15,0 1.50684e-10
0.8,0.15,0.05 8.87884
0.8,0.15,0.1 35.7646
0.8,0.15,0.15 9.45324
0.8,0.15,0.2 0.0734948
0.8,0.2,0 2.58221e-12
0.8,0.2,0.05 0.159344
0.8,0.2,0.1 1.73882
0.8,0.2,0.15 2.50192
0.8,0.2,0.2 0.292791
0.8,0.25,0.05 0.00179834
0.8,0.25,0.1 0.281559
0.8,0.25,0.15 0.585134
0.8,0.25,0.2 0.0729019
0.8,0.3,0.05 0.0702231
0.8,0.3,0.1 0.323491
0.8,0.3,0.15 0.471325
0.8,0.3,0.2 0.225069
0.8,0.3,0.25 0.00250429
0.8,0.35,0 1.91205e-12
0.8,0.35,0.05 6.40474
0.8,0.35,0.1 30.645
0.8,0.35,0.15 54.0921
0.8,0.35,0.2 26.7701
0.8,0.35,0.25 0.297865
0.8,0.4,0 5.01289e-11
0.8,0.4,0.05 15.739
0.8,0.4,0.1 73.9282
0.8,0.4,0.15 111.316
0.8,0.4,0.2 52.3005
0.8,0.4,0.25 0.575747
0.8,0.45,0 5.49579e-11
0.8,0.45,0.05 6.46467
0.8,0.45,0.1 39.2855
0.8,0.45,0.15 54.5003
0.8,0.45,0.2 21.1396
0.8,0.45,0.25 1.35195
0.8,0.5,0 5.17551e-12
0.8,0.5,0.05 3.78004
0.8,0.5,0.1 28.7773
0.8,0.5,0.15 79.0886
0.8,0.5,0.2 68.8223
0.8,0.5,0.25 7.51835
0.8,0.55,0 1.29552e-11
0.8,0.55,0.05 73.7107
0.8,0.55,0.1 303.201
0.8,0.55,0.15 121.46
0.8,0.55,0.2 31.6396
0.8,0.55,0.25 2.73153
0.8,0.6,0 1.35796e-11
0.8,0.6,0.05 141.422
0.8,0.6,0.1 566.115
0.8,0.6,0.15 143.686
0.8,0.6,0.2 0.728955
0.8,0.6,0.25 0.0111559
0.8,0.65,0 1.51337e-12
0.8,0.65,0.05 76.9784
0.8,0.65,0.1 307.891
0.8,0.65,0.15 76.9682
0.8,0.65,0.2 0.00208776
0.8,0.65,0.25 0.000308882
0.8,0.7,0 2.27173e-13
0.8,0.7,0.05 4.71673
0.8,0.7,0.1 18.8652
0.8,0.7,0.15 4.71587
0.8,0.75,0 2.78316e-10
0.8,0.75,0.05 1.40664
0.8,0.75,0.1 5.61753
0.8,0.75,0.15 1.40214
0.8,0.8,0 1.35993e-08
0.8,0.8,0.05 59.6748
0.8,0.8,0.1 238.267
0.8,0.8,0.15 59.494
0.8,0.8,0.2 0.0206218
0.8,0.8,0.25 0.00022845
0.8,0.85,0 2.1173e-08
0.8,0.85,0.05 93.7068
0.8,0.85,0.1 374.177
0.8,0.85,0.15 93.6824
0.8,0.85,0.2 0.17769
0.8,0.85,0.25 0.00196847
0.8,0.9,0 2.16719e-09
0.8,0.9,0.05 9.81897
0.8,0.9,0.1 39.2215
0.8,0.9,0.15 9.94513
0.8,0.9,0.2 0.0907358
0.8,0.9,0.25 0.00100518
0.8,0.95,0.1 0.000133838
0.8,0.95,0.15 0.00129634
0.8,0.95,0.2 0.000727619
0.8,0.95,0.25 8.06063e-06
0.85,0.05,0 1.24806e-10
0.85,0.05,0.05 7.35247
0.85,0.05,0.1 29.3872
0.85,0.05,0.15 7.34114
0.85,0.1,0 1.47152e-09
0.85,0.1,0.05 86.6892
0.85,0.1,0.1 346.489
0.85,0.1,0.15 86.5556
0.85,0.15,0 9.59267e-10
0.85,0.15,0.05 56.5117
0.85,0.15,0.1 225.873
0.85,0.15,0.15 56.4246
0.85,0.2,0 1.64385e-11
0.85,0.2,0.05 0.968414
0.85,0.2,0.1 3.87067
0.85,0.2,0.15 0.966922
0.85,0.3,0.1 5.07422e-07
0.85,0.3,0.15 4.92336e-06
0.85,0.3,0.2 2.76722e-06
0.85,0.3,0.25 3.07903e-08
0.85,0.35,0 2.46841e-11
0.85,0.35,0.05 2.31665
0.85,0.35,0.1 9.26054
0.85,0.35,0.15 2.31418
0.85,0.35,0.2 0.000329138
0.85,0.35,0.25 3.66225e-06
0.85,0.4,0 6.48561e-10
0.85,0.4,0.05 61.0769
0.85,0.4,0.1 244.147
0.85,0.4,0.15 60.9975
0.85,0.4,0.2 0.000636194
0.85,0.4,0.25 7.0788e-06
0.85,0.45,0 8.1495e-10
0.85,0.45,0.05 92.0737
0.85,0.45,0.1 368.069
0.85,0.45,0.15 91.9612
0.85,0.45,0.2 7.2672e-05
0.85,0.45,0.25 8.08607e-07
0.85,0.5,0 2.3669e-10
0.85,0.5,0.05 49.7147
0.85,0.5,0.1 198.76
0.85,0.5,0.15 49.6654
0.85,0.55,0 2.50876e-11
0.85,0.55,0.05 37.5337
0.85,0.55,0.1 150.104
0.85,0.55,0.15 37.5184
0.85,0.6,0 6.1264e-12
0.85,0.6,0.05 61.2836
0.85,0.6,0.1 245.105
0.85,0.6,0.15 61.2689
0.85,0.65,0 4.26584e-12
0.85,0.65,0.05 57.2783
0.85,0.65,0.1 229.088
0.85,0.65,0.15 57.2658
0.85,0.7,0 8.47068e-12
0.85,0.7,0.05 60.7193
0.85,0.7,0.1 242.84
0.85,0.7,0.15 60.7005
0.85,0.75,0 1.79695e-10
0.85,0.75,0.05 10.525
0.85,0.75,0.1 42.0858
0.85,0.75,0.15 10.5179
0.85,0.8,0 7.95205e-09
0.85,0.8,0.05 72.5733
0.85,0.8,0.1 291.526
0.85,0.8,0.15 87.633
0.85,0.8,0.2 8.54802
0.85,0.8,0.25 0.0946958
0.85,0.85,0 1.09868e-08
0.85,0.85,0.05 89.5657
0.85,0.85,0.1 371.366
0.85,0.85,0.15 220.569
0.85,0.85,0.2 73.655
0.85,0.85,0.25 0.815957
0.85,0.9,0 8.06315e-10
0.85,0.9,0.05 5.64828
0.85,0.9,0.1 29.4808
0.85,0.9,0.15 72.6418
0.85,0.9,0.2 37.6112
0.85,0.9,0.25 0.416661
0.85,0.95,0.1 0.0554778
0.85,0.95,0.15 0.537351
0.85,0.95,0.2 0.301608
0.85,0.95,0.25 0.00334124
0.9,0.05,0 4.89436e-11
0.9,0.05,0.05 2.88334
0.9,0.05,0.1 11.5245
0.9,0.05,0.15 2.87889
0.9,0.1,0 5.77069e-10
0.9,0.1,0.05 33.9959
0.9,0.1,0.1 135.879
0.9,0.1,0.15 33.9435
0.9,0.15,0 3.76185e-10
0.9,0.15,0.05 22.1616
0.9,0.15,0.1 88.578
0.9,0.15,0.15 22.1274
0.9,0.2,0 6.4465e-12
0.9,0.2,0.05 0.379772
0.9,0.2,0.1 1.51792
0.9,0.2,0.15 0.379187
0.9,0.35,0 1.71751e-11
0.9,0.35,0.05 1.61191
0.9,0.35,0.1 6.44338
0.9,0.35,0.15 1.60978
0.9,0.4,0 4.53128e-10
0.9,0.4,0.05 42.9125
0.9,0.4,0.1 171.537
0.9,0.4,0.15 42.8561
0.9,0.45,0 7.06479e-10
0.9,0.45,0.05 95.1652
0.9,0.45,0.1 380.443
0.9,0.45,0.15 95.0561
0.9,0.5,0 3.98254e-10
0.9,0.5,0.05 85.7616
0.9,0.5,0.1 342.875
0.9,0.5,0.15 85.676
0.9,0.55,0 3.57798e-11
0.9,0.55,0.05 8.13557
0.9,0.55,0.1 32.5264
0.9,0.55,0.15 8.12763
0.9,0.6,0 4.9626e-14
0.9,0.6,0.05 0.390584
0.9,0.6,0.1 1.56212
0.9,0.6,0.15 0.390474
0.9,0.65,0 5.07433e-12
0.9,0.65,0.05 35.6869
0.9,0.65,0.1 142.725
0.9,0.65,0.15 35.6757
0.9,0.7,0 1.17393e-11
0.9,0.7,0.05 82.3675
0.9,0.7,0.1 329.418
0.9,0.7,0.15 82.3416
0.9,0.75,0 2.30819e-11
0.9,0.75,0.05 13.8493
0.9,0.75,0.1 55.3843
0.9,0.75,0.15 13.8429
0.9,0.8,0 6.31785e-10
0.9,0.8,0.05 61.7132
0.9,0.8,0.1 250.691
0.9,0.8,0.15 100.306
0.9,0.8,0.2 21.705
0.9,0.8,0.25 0.24045
0.9,0.85,0 7.26178e-10
0.9,0.85,0.05 68.1559
0.9,0.85,0.1 306.854
0.9,0.85,0.15 401.275
0.9,0.85,0.2 187.023
0.9,0.85,0.25 2.07186
0.9,0.9,0 4.0616e-11
0.9,0.9,0.05 3.52351
0.9,0.9,0.1 31.6517
0.9,0.9,0.15 173.667
0.9,0.9,0.2 95.5017
0.9,0.9,0.25 1.05798
0.9,0.95,0.1 0.140868
0.9,0.95,0.15 1.36443
0.9,0.95,0.2 0.765837
0.9,0.95,0.25 0.00848402
0.95,0.05,0 1.15116e-13
0.95,0.05,0.05 0.00678165
0.95,0.05,0.1 0.0271057
0.95,0.05,0.15 0.0067712
0.95,0.1,0 1.35728e-12
0.95,0.1,0.05 0.079959
0.95,0.1,0.1 0.319589
0.95,0.1,0.15 0.0798357
0.95,0.15,0 8.84793e-13
0.95,0.15,0.05 0.0521244
0.95,0.15,0.1 0.208337
0.95,0.15,0.15 0.052044
0.95,0.2,0 1.51623e-14
0.95,0.2,0.05 0.000893231
0.95,0.2,0.1 0.00357017
0.95,0.2,0.15 0.000891854
0.95,0.35,0 3.48028e-13
0.95,0.35,0.05 0.0326631
0.95,0.35,0.1 0.130566
0.95,0.35,0.15 0.0326199
0.95,0.4,0 9.44488e-12
0.95,0.4,0.05 0.928195
0.95,0.4,0.1 3.71038
0.95,0.4,0.15 0.926994
0.95,0.45,0 3.39907e-11
0.95,0.45,0.05 6.31665
0.95,0.45,0.1 25.2535
0.95,0.45,0.15 6.3101
0.95,0.5,0 4.105e-11
0.95,0.5,0.05 9.09351
0.95,0.5,0.1 36.356
0.95,0.5,0.15 9.0845
0.95,0.55,0 3.87302e-12
0.95,0.55,0.05 0.863833
0.95,0.55,0.1 3.45362
0.95,0.55,0.15 0.862979
0.95,0.6,0 1.48447e-15
0.95,0.6,0.05 0.0104151
0.95,0.6,0.1 0.041654
0.95,0.6,0.15 0.0104119
0.95,0.65,0 3.7401e-13
0.95,0.65,0.05 2.62407
0.95,0.65,0.1 10.4946
0.95,0.65,0.15 2.62325
0.95,0.7,0 8.6566e-13
0.95,0.7,0.05 6.07352
0.95,0.7,0.1 24.2903
0.95,0.7,0.15 6.07161
0.95,0.75,0 1.75853e-12
0.95,0.75,0.05 1.04604
0.95,0.75,0.1 4.18317
0.95,0.75,0.15 1.04554
0.95,0.8,0 4.51572e-11
0.95,0.8,0.05 5.22184
0.95,0.8,0.1 21.4988
0.95,0.8,0.15 11.2617
0.95,0.8,0.2 3.39371
0.95,0.8,0.25 0.0375959
0.95,0.85,0 4.97777e-11
0.95,0.85,0.05 5.75614
0.95,0.85,0.1 28.3892
0.95,0.85,0.15 57.8477
0.95,0.85,0.2 29.2423
0.95,0.85,0.25 0.323949
0.95,0.9,0 2.56326e-12
0.95,0.9,0.05 0.296408
0.95,0.9,0.1 3.93155
0.95,0.9,0.15 26.8997
0.95,0.9,0.2 14.9323
0.95,0.9,0.25 0.165421
0.95,0.95,0.1 0.0220257
0.95,0.95,0.15 0.213337
0.95,0.95,0.2 0.119744
0.95,0.95,0.25 0.00132653
