0,0.5,0.2 2.8761e-16
0,0.5,0.25 2.63344e-15
0,0.5,0.3 1.41317e-15
0,0.5,0.35 1.34994e-17
0,0.55,0.2 9.07844e-15
0,0.55,0.25 8.31248e-14
0,0.55,0.3 4.46068e-14
0,0.55,0.35 4.2611e-16
0,0.6,0.2 1.07034e-14
0,0.6,0.25 9.80035e-14
0,0.6,0.3 5.25911e-14
0,0.6,0.35 5.0238e-16
0,0.65,0.2 6.15368e-16
0,0.65,0.25 5.63449e-15
0,0.65,0.3 3.02361e-15
0,0.65,0.35 2.88832e-17
0.05,0.1,0.05 0.852016
0.05,0.1,0.1 11.3608
0.05,0.1,0.15 8.08761
0.05,0.1,0.2 0.177067
0.05,0.1,0.25 0.000569856
0.05,0.15,0 1.83915e-16
0.05,0.15,0.05 4.96266
0.05,0.15,0.1 66.1761
0.05,0.15,0.15 49.2349
0.05,0.15,0.2 6.18885
0.05,0.15,0.25 0.782889
0.05,0.15,0.3 0.128645
0.05,0.15,0.35 0.186172
0.05,0.15,0.4 0.0160311
0.05,0.2,0 6.19752e-15
0.05,0.2,0.05 1.82357
0.05,0.2,0.1 24.0383
0.05,0.2,0.15 23.4466
0.05,0.2,0.2 17.2566
0.05,0.2,0.25 20.0268
0.05,0.2,0.3 17.3342
0.05,0.2,0.35 8.18115
0.05,0.2,0.4 0.684023
0.05,0.25,0 5.6899e-14
0.05,0.25,0.05 0.369027
0.05,0.25,0.1 1.50595
0.05,0.25,0.15 2.77851
0.05,0.25,0.2 9.90302
0.05,0.25,0.25 53.6331
0.05,0.25,0.3 43.3981
0.05,0.25,0.35 11.4685
0.05,0.25,0.4 0.925445
0.05,0.3,0 3.84023e-14
0.05,0.3,0.05 0.250637
0.05,0.3,0.1 1.00654
0.05,0.3,0.15 1.60601
0.05,0.3,0.2 4.06163
0.05,0.3,0.25 10.2822
0.05,0.3,0.3 7.26805
0.05,0.3,0.35 0.898166
0.05,0.3,0.4 0.0657029
0.05,0.35,0 2.9298e-10
0.05,0.35,0.05 1.34787
0.05,0.35,0.1 5.38202
0.05,0.35,0.15 1.41477
0.05,0.35,0.2 0.174628
0.05,0.35,0.25 0.0260636
0.05,0.4,0 1.17859e-09
0.05,0.4,0.05 5.4024
0.05,0.4,0.1 21.5778
0.05,0.4,0.15 5.57026
0.05,0.4,0.2 0.331728
0.05,0.4,0.25 0.0557098
0.05,0.4,0.3 3.9755e-07
0.05,0.45,0 2.96394e-10
0.05,0.45,0.05 1.40132
0.05,0.45,0.1 5.70922
0.05,0.45,0.15 16.839
0.05,0.45,0.2 56.2929
0.05,0.45,0.25 14.0527
0.05,0.45,0.3 0.00110534
0.05,0.45,0.35 0.0028129
0.05,0.45,0.4 0.00121622
0.05,0.45,0.45 4.93906e-06
0.05,0.5,0 1.42835e-12
0.05,0.5,0.05 0.876939
0.05,0.5,0.1 3.59784
0.05,0.5,0.15 34.7844
0.05,0.5,0.2 135.204
0.05,0.5,0.25 38.328
0.05,0.5,0.3 2.24429
0.05,0.5,0.35 0.121652
0.05,0.5,0.4 0.0354126
0.05,0.5,0.45 0.00014381
0.05,0.55,0 1.33311e-12
0.05,0.55,0.05 0.818467
0.05,0.55,0.1 3.27531
0.05,0.55,0.15 7.04186
0.05,0.55,0.2 33.3602
0.05,0.55,0.25 74.2154
0.05,0.55,0.3 37.2269
0.05,0.55,0.35 0.509771
0.05,0.55,0.4 0.0401169
0.05,0.55,0.45 0.000162914
0.05,0.6,0 5.10195e-14
0.05,0.6,0.05 0.0313236
0.05,0.6,0.1 0.12525
0.05,0.6,0.15 2.05803
0.05,0.6,0.2 16.963
0.05,0.6,0.25 77.483
0.05,0.6,0.3 45.5771
0.05,0.6,0.35 3.51446
0.05,0.6,0.4 0.0410923
0.05,0.6,0.45 8.7785e-06
0.05,0.65,0.15 0.965997
0.05,0.65,0.2 6.83762
0.05,0.65,0.25 9.16442
0.05,0.65,0.3 25.6899
0.05,0.65,0.35 13.6911
0.05,0.65,0.4 0.171417
0.05,0.7,0.15 11.3616
0.05,0.7,0.2 80.6735
0.05,0.7,0.25 35.5393
0.05,0.7,0.3 6.57762
0.05,0.7,0.35 3.76048
0.05,0.7,0.4 0.0471653
0.05,0.75,0.15 8.52648
0.05,0.75,0.2 60.5427
0.05,0.75,0.25 26.197
0.05,0.75,0.3 0.104933
0.05,0.75,0.35 0.000112009
0.05,0.75,0.4 1.40486e-06
0.05,0.8,0.15 0.207008
0.05,0.8,0.2 1.46987
0.05,0.8,0.25 0.636017
0.05,0.8,0.3 0.00254294
0.1,0,0.1 2.01027e-19
0.1,0,0.15 6.84176e-17
0.1,0,0.2 2.02121e-14
0.1,0,0.25 1.40043e-13
0.1,0,0.3 5.97136e-14
0.1,0,0.35 2.22277e-16
0.1,0.05,0.1 2.64753e-06
0.1,0.05,0.15 0.000901064
0.1,0.05,0.2 0.275795
0.1,0.05,0.25 1.91144
0.1,0.05,0.3 0.81503
0.1,0.05,0.35 0.00303385
0.1,0.1,0.05 4.33512
0.1,0.1,0.1 57.8048
0.1,0.1,0.15 41.1862
0.1,0.1,0.2 2.30305
0.1,0.1,0.25 7.94655
0.1,0.1,0.3 3.36033
0.1,0.1,0.35 0.0268469
0.1,0.15,0 1.61724e-12
0.1,0.15,0.05 28.0401
0.1,0.15,0.1 347.97
0.1,0.15,0.15 284.81
0.1,0.15,0.2 111.297
0.1,0.15,0.25 23.0132
0.1,0.15,0.3 7.73941
0.1,0.15,0.35 4.5032
0.1,0.15,0.4 0.32727
0.1,0.2,0 1.6235e-11
0.1,0.2,0.05 39.5748
0.1,0.2,0.1 243.837
0.1,0.2,0.15 250.572
0.1,0.2,0.2 332.909
0.1,0.2,0.25 169.86
0.1,0.2,0.3 190.05
0.1,0.2,0.35 164.583
0.1,0.2,0.4 13.9641
0.1,0.25,0 1.52925e-11
0.1,0.25,0.05 57.3753
0.1,0.25,0.1 229.885
0.1,0.25,0.15 148.616
0.1,0.25,0.2 246.566
0.1,0.25,0.25 381.989
0.1,0.25,0.3 380.128
0.1,0.25,0.35 223.981
0.1,0.25,0.4 18.8927
0.1,0.3,0 4.52776e-12
0.1,0.3,0.05 29.4396
0.1,0.3,0.1 117.96
0.1,0.3,0.15 101.157
0.1,0.3,0.2 179.717
0.1,0.3,0.25 91.1456
0.1,0.3,0.3 54.565
0.1,0.3,0.35 16.4392
0.1,0.3,0.4 1.3413
0.1,0.35,0 4.53774e-09
0.1,0.35,0.05 21.5211
0.1,0.35,0.1 85.9454
0.1,0.35,0.15 25.24
0.1,0.35,0.2 9.23539
0.1,0.35,0.25 1.37841
0.1,0.4,0 1.82539e-08
0.1,0.4,0.05 83.6724
0.1,0.4,0.1 334.595
0.1,0.4,0.15 92.7544
0.1,0.4,0.2 9.3949
0.1,0.4,0.25 0.657379
0.1,0.4,0.3 2.74184e-05
0.1,0.45,0 4.60242e-09
0.1,0.45,0.05 24.2213
0.1,0.45,0.1 104.705
0.1,0.45,0.15 248.923
0.1,0.45,0.2 450.195
0.1,0.45,0.25 85.4962
0.1,0.45,0.3 0.475407
0.1,0.45,0.35 3.1017
0.1,0.45,0.4 1.34623
0.1,0.45,0.45 0.00546705
0.1,0.5,0 1.08033e-10
0.1,0.5,0.05 48.5257
0.1,0.5,0.1 200.861
0.1,0.5,0.15 381.398
0.1,0.5,0.2 907.457
0.1,0.5,0.25 271.06
0.1,0.5,0.3 66.7927
0.1,0.5,0.35 92.1037
0.1,0.5,0.4 39.2614
0.1,0.5,0.45 0.160466
0.1,0.55,0 7.63415e-11
0.1,0.55,0.05 42.7428
0.1,0.55,0.1 171.981
0.1,0.55,0.15 157.044
0.1,0.55,0.2 387.232
0.1,0.55,0.25 551.632
0.1,0.55,0.3 369.576
0.1,0.55,0.35 154.347
0.1,0.55,0.4 47.6208
0.1,0.55,0.45 0.188527
0.1,0.6,0 2.61038e-12
0.1,0.6,0.05 1.89386
0.1,0.6,0.1 10.0175
0.1,0.6,0.15 64.3248
0.1,0.6,0.2 288.647
0.1,0.6,0.25 459.822
0.1,0.6,0.3 441.198
0.1,0.6,0.35 143.681
0.1,0.6,0.4 8.27324
0.1,0.6,0.45 0.0129447
0.1,0.65,0.05 1.35012
0.1,0.65,0.1 21.9447
0.1,0.65,0.15 27.4117
0.1,0.65,0.2 52.0403
0.1,0.65,0.25 78.4747
0.1,0.65,0.3 359.808
0.1,0.65,0.35 194.077
0.1,0.65,0.4 2.79317
0.1,0.65,0.45 7.7827e-06
0.1,0.7,0.05 3.3541
0.1,0.7,0.1 57.7768
0.1,0.7,0.15 101.011
0.1,0.7,0.2 353.267
0.1,0.7,0.25 183.755
0.1,0.7,0.3 111.139
0.1,0.7,0.35 51.7836
0.1,0.7,0.4 0.622297
0.1,0.75,0.05 0.639657
0.1,0.75,0.1 11.3828
0.1,0.75,0.15 55.004
0.1,0.75,0.2 263.268
0.1,0.75,0.25 125.222
0.1,0.75,0.3 10.6149
0.1,0.75,0.35 0.491605
0.1,0.75,0.4 1.85356e-05
0.1,0.8,0.1 0.2902
0.1,0.8,0.15 8.73419
0.1,0.8,0.2 15.1174
0.1,0.8,0.25 4.10371
0.1,0.8,0.3 0.220261
0.1,0.8,0.35 0.000427253
0.1,0.85,0.1 0.00828125
0.1,0.85,0.15 0.232877
0.1,0.85,0.2 0.593421
0.1,0.85,0.25 0.493023
0.1,0.85,0.3 0.0352742
0.1,0.9,0.15 0.000141967
0.1,0.9,0.2 0.00639483
0.1,0.9,0.25 0.00885264
0.1,0.9,0.3 0.000649885
0.15,0,0.1 2.5992e-15
0.15,0,0.15 8.84613e-13
0.15,0,0.2 2.8455e-12
0.15,0,0.25 5.0451e-12
0.15,0,0.3 2.01227e-12
0.15,0,0.35 7.49043e-15
0.15,0.05,0 3.77742e-13
0.15,0.05,0.05 0.00767793
0.15,0.05,0.1 0.0649096
0.15,0.05,0.15 11.6604
0.15,0.05,0.2 38.3655
0.15,0.05,0.25 70.0065
0.15,0.05,0.3 27.6477
0.15,0.05,0.35 0.102237
0.15,0.1,0 2.55832e-10
0.15,0.1,0.05 6.57533
0.15,0.1,0.1 39.2529
0.15,0.1,0.15 65.2141
0.15,0.1,0.2 163.237
0.15,0.1,0.25 292.269
0.15,0.1,0.3 114.484
0.15,0.1,0.35 0.940119
0.15,0.15,0 7.0896e-10
0.15,0.15,0.05 31.9855
0.15,0.15,0.1 202.944
0.15,0.15,0.15 173.223
0.15,0.15,0.2 314.779
0.15,0.15,0.25 303.054
0.15,0.15,0.3 199.307
0.15,0.15,0.35 30.8812
0.15,0.15,0.4 0.305777
0.15,0.2,0 2.0535e-10
0.15,0.2,0.05 107.017
0.15,0.2,0.1 456.721
0.15,0.2,0.15 407.234
0.15,0.2,0.2 718.309
0.15,0.2,0.25 421.339
0.15,0.2,0.3 427.466
0.15,0.2,0.35 195.404
0.15,0.2,0.4 13.047
0.15,0.25,0 6.20458e-11
0.15,0.25,0.05 149.87
0.15,0.25,0.1 600.52
0.15,0.25,0.15 346.179
0.15,0.25,0.2 479.33
0.15,0.25,0.25 480.903
0.15,0.25,0.3 394.614
0.15,0.25,0.35 212.484
0.15,0.25,0.4 17.6519
0.15,0.3,0 1.0722e-11
0.15,0.3,0.05 110.086
0.15,0.3,0.1 440.626
0.15,0.3,0.15 217.085
0.15,0.3,0.2 268.962
0.15,0.3,0.25 124.664
0.15,0.3,0.3 58.8308
0.15,0.3,0.35 15.191
0.15,0.3,0.4 1.25322
0.15,0.35,0 3.57402e-09
0.15,0.35,0.05 35.802
0.15,0.35,0.1 143.105
0.15,0.35,0.15 41.3762
0.15,0.35,0.2 13.7294
0.15,0.35,0.25 2.05939
0.15,0.35,0.3 1.72099e-06
0.15,0.4,0 1.43752e-08
0.15,0.4,0.05 65.954
0.15,0.4,0.1 273.728
0.15,0.4,0.15 114.293
0.15,0.4,0.2 23.6508
0.15,0.4,0.25 0.730711
0.15,0.4,0.3 0.00795161
0.15,0.45,0 3.81673e-09
0.15,0.45,0.05 40.5025
0.15,0.45,0.1 219.301
0.15,0.45,0.15 542.766
0.15,0.45,0.2 465.153
0.15,0.45,0.25 94.6682
0.15,0.45,0.3 8.76414
0.15,0.45,0.35 10.8529
0.15,0.45,0.4 4.1151
0.15,0.45,0.45 0.0159215
0.15,0.5,0 8.41007e-10
0.15,0.5,0.05 142.299
0.15,0.5,0.1 599.56
0.15,0.5,0.15 680.964
0.15,0.5,0.2 849.042
0.15,0.5,0.25 389.12
0.15,0.5,0.3 166.416
0.15,0.5,0.35 338.046
0.15,0.5,0.4 137.019
0.15,0.5,0.45 1.26294
0.15,0.55,0 2.70374e-10
0.15,0.55,0.05 79.6429
0.15,0.55,0.1 327.971
0.15,0.55,0.15 348.389
0.15,0.55,0.2 643.735
0.15,0.55,0.25 780.07
0.15,0.55,0.3 654.2
0.15,0.55,0.35 668.951
0.15,0.55,0.4 257.078
0.15,0.55,0.45 5.63704
0.15,0.6,0 3.81026e-12
0.15,0.6,0.05 19.1197
0.15,0.6,0.1 184.665
0.15,0.6,0.15 192.298
0.15,0.6,0.2 348.689
0.15,0.6,0.25 540.893
0.15,0.6,0.3 835.508
0.15,0.6,0.35 479.866
0.15,0.6,0.4 73.5019
0.15,0.6,0.45 2.04131
0.15,0.65,0 3.90585e-16
0.15,0.65,0.05 39.1226
0.15,0.65,0.1 332.927
0.15,0.65,0.15 233.851
0.15,0.65,0.2 124.233
0.15,0.65,0.25 154.236
0.15,0.65,0.3 439.306
0.15,0.65,0.35 188.92
0.15,0.65,0.4 4.06525
0.15,0.65,0.45 0.00485509
0.15,0.7,0.05 27.569
0.15,0.7,0.1 358.414
0.15,0.7,0.15 402.675
0.15,0.7,0.2 500.421
0.15,0.7,0.25 549.871
0.15,0.7,0.3 485.359
0.15,0.7,0.35 75.7188
0.15,0.7,0.4 0.43976
0.15,0.7,0.45 8.55673e-09
0.15,0.75,0.05 12.5879
0.15,0.75,0.1 110.052
0.15,0.75,0.15 325.149
0.15,0.75,0.2 472.648
0.15,0.75,0.25 324.252
0.15,0.75,0.3 155.887
0.15,0.75,0.35 9.58382
0.15,0.75,0.4 1.30957e-05
0.15,0.8,0.05 5.12534
0.15,0.8,0.1 45.5605
0.15,0.8,0.15 248.909
0.15,0.8,0.2 317.672
0.15,0.8,0.25 150.522
0.15,0.8,0.3 11.4865
0.15,0.8,0.35 0.00794751
0.15,0.85,0.05 0.0582052
0.15,0.85,0.1 4.51717
0.15,0.85,0.15 23.444
0.15,0.85,0.2 71.9551
0.15,0.85,0.25 86.4015
0.15,0.85,0.3 6.31806
0.15,0.9,0.15 0.0254281
0.15,0.9,0.2 1.1454
0.15,0.9,0.25 1.58562
0.15,0.9,0.3 0.116403
0.2,0,0.1 1.21643e-14
0.2,0,0.15 3.22306e-12
0.2,0,0.2 8.58693e-12
0.2,0,0.25 6.89561e-12
0.2,0,0.3 2.44805e-12
0.2,0,0.35 9.11257e-15
0.2,0.05,0 2.59192e-12
0.2,0.05,0.05 0.0526829
0.2,0.05,0.1 1.91407
0.2,0.05,0.15 52.2199
0.2,0.05,0.2 135.847
0.2,0.05,0.25 138.371
0.2,0.05,0.3 39.7013
0.2,0.05,0.35 0.124377
0.2,0.1,0 1.75541e-09
0.2,0.1,0.05 35.8571
0.2,0.1,0.1 157.63
0.2,0.1,0.15 291.152
0.2,0.1,0.2 604.399
0.2,0.1,0.25 637.197
0.2,0.1,0.3 173.264
0.2,0.1,0.35 1.1689
0.2,0.1,0.4 0.000234412
0.2,0.15,0 4.92556e-09
0.2,0.15,0.05 107.992
0.2,0.15,0.1 453.118
0.2,0.15,0.15 252.709
0.2,0.15,0.2 461.602
0.2,0.15,0.25 495.155
0.2,0.15,0.3 347.771
0.2,0.15,0.35 52.7304
0.2,0.15,0.4 0.0835825
0.2,0.2,0 2.02103e-09
0.2,0.2,0.05 102.967
0.2,0.2,0.1 424.099
0.2,0.2,0.15 369.15
0.2,0.2,0.2 781.532
0.2,0.2,0.25 592.518
0.2,0.2,0.3 796.918
0.2,0.2,0.35 145.376
0.2,0.2,0.4 0.673222
0.2,0.25,0 7.042e-10
0.2,0.25,0.05 146.579
0.2,0.25,0.1 589.883
0.2,0.25,0.15 365.436
0.2,0.25,0.2 489.443
0.2,0.25,0.25 432.445
0.2,0.25,0.3 407.801
0.2,0.25,0.35 59.4803
0.2,0.25,0.4 0.702409
0.2,0.3,0 1.80979e-11
0.2,0.3,0.05 157.186
0.2,0.3,0.1 630.75
0.2,0.3,0.15 265.252
0.2,0.3,0.2 262.629
0.2,0.3,0.25 116.909
0.2,0.3,0.3 44.8711
0.2,0.3,0.35 3.31832
0.2,0.3,0.4 0.04806
0.2,0.35,0 9.75665e-11
0.2,0.35,0.05 55.3841
0.2,0.35,0.1 221.815
0.2,0.35,0.15 60.4177
0.2,0.35,0.2 16.2774
0.2,0.35,0.25 4.1214
0.2,0.35,0.3 0.0455326
0.2,0.35,0.35 0.00831018
0.2,0.4,0 3.89105e-10
0.2,0.4,0.05 24.9284
0.2,0.4,0.1 154.306
0.2,0.4,0.15 175.44
0.2,0.4,0.2 32.6548
0.2,0.4,0.25 0.727513
0.2,0.4,0.3 0.0282013
0.2,0.45,0 3.35976e-10
0.2,0.45,0.05 40.6931
0.2,0.45,0.1 357.021
0.2,0.45,0.15 777.996
0.2,0.45,0.2 359.53
0.2,0.45,0.25 148.67
0.2,0.45,0.3 21.3008
0.2,0.45,0.35 10.0496
0.2,0.45,0.4 1.59316
0.2,0.45,0.45 0.00288245
0.2,0.5,0 8.35291e-10
0.2,0.5,0.05 98.5189
0.2,0.5,0.1 453.069
0.2,0.5,0.15 644.623
0.2,0.5,0.2 763.757
0.2,0.5,0.25 665.357
0.2,0.5,0.3 260.105
0.2,0.5,0.35 370.472
0.2,0.5,0.4 101.373
0.2,0.5,0.45 2.25251
0.2,0.55,0 2.14661e-10
0.2,0.55,0.05 46.3755
0.2,0.55,0.1 196.387
0.2,0.55,0.15 189.081
0.2,0.55,0.2 414.701
0.2,0.55,0.25 831.378
0.2,0.55,0.3 623.471
0.2,0.55,0.35 885.093
0.2,0.55,0.4 407.711
0.2,0.55,0.45 13.9638
0.2,0.6,0 3.46351e-11
0.2,0.6,0.05 62.5728
0.2,0.6,0.1 401.62
0.2,0.6,0.15 224.528
0.2,0.6,0.2 189.547
0.2,0.6,0.25 493.975
0.2,0.6,0.3 500.688
0.2,0.6,0.35 463.714
0.2,0.6,0.4 183.014
0.2,0.6,0.45 5.46978
0.2,0.65,0 2.88751e-11
0.2,0.65,0.05 128.719
0.2,0.65,0.1 690.148
0.2,0.65,0.15 502.395
0.2,0.65,0.2 461.677
0.2,0.65,0.25 245.171
0.2,0.65,0.3 226.528
0.2,0.65,0.35 106.131
0.2,0.65,0.4 18.9194
0.2,0.65,0.45 0.0147752
0.2,0.7,0 4.22553e-11
0.2,0.7,0.05 69.7958
0.2,0.7,0.1 404.382
0.2,0.7,0.15 583.203
0.2,0.7,0.2 614.735
0.2,0.7,0.25 517.814
0.2,0.7,0.3 659.75
0.2,0.7,0.35 97.2214
0.2,0.7,0.4 0.11851
0.2,0.7,0.45 9.79995e-06
0.2,0.75,0 3.94654e-12
0.2,0.75,0.05 124.877
0.2,0.75,0.1 570.547
0.2,0.75,0.15 711.137
0.2,0.75,0.2 741.939
0.2,0.75,0.25 325.718
0.2,0.75,0.3 232.353
0.2,0.75,0.35 29.6104
0.2,0.75,0.4 2.75557e-07
0.2,0.8,0.05 64.2457
0.2,0.8,0.1 357.816
0.2,0.8,0.15 676.818
0.2,0.8,0.2 660.585
0.2,0.8,0.25 326.689
0.2,0.8,0.3 21.9304
0.2,0.8,0.35 0.0539726
0.2,0.85,0.05 0.610226
0.2,0.85,0.1 22.5634
0.2,0.85,0.15 93.9444
0.2,0.85,0.2 163.25
0.2,0.85,0.25 185.52
0.2,0.85,0.3 13.5653
0.2,0.9,0.15 0.0545959
0.2,0.9,0.2 2.45925
0.2,0.9,0.25 3.40444
0.2,0.9,0.3 0.249925
0.25,0,0.1 4.4342e-13
0.25,0,0.15 1.88157e-11
0.25,0,0.2 3.02791e-11
0.25,0,0.25 9.52765e-11
0.25,0,0.3 8.85446e-11
0.25,0,0.35 3.50153e-12
0.25,0.05,0 1.08787e-12
0.25,0.05,0.05 0.0221119
0.25,0.05,0.1 7.35006
0.25,0.05,0.15 84.0633
0.25,0.05,0.2 105.765
0.25,0.05,0.25 80.4502
0.25,0.05,0.3 23.4437
0.25,0.05,0.35 0.549752
0.25,0.1,0 7.36776e-10
0.25,0.1,0.05 16.8766
0.25,0.1,0.1 134.956
0.25,0.1,0.15 553.738
