0.25,0.05,0.35 4.62051
0.25,0.1,0 7.36776e-10
0.25,0.1,0.05 14.9756
0.25,0.1,0.1 66.3388
0.25,0.1,0.15 241
0.25,0.1,0.2 473.198
0.25,0.1,0.25 365.505
0.25,0.1,0.3 348.563
0.25,0.1,0.35 35.2872
0.25,0.1,0.4 0.00140207
0.25,0.15,0 2.17012e-09
0.25,0.15,0.05 48.6372
0.25,0.15,0.1 218.739
0.25,0.15,0.15 480.699
0.25,0.15,0.2 725.941
0.25,0.15,0.25 386.803
0.25,0.15,0.3 299.439
0.25,0.15,0.35 121.096
0.25,0.15,0.4 12.2026
0.25,0.2,0 1.87492e-09
0.25,0.2,0.05 86.8318
0.25,0.2,0.1 369.465
0.25,0.2,0.15 422.728
0.25,0.2,0.2 438.435
0.25,0.2,0.25 241.3
0.25,0.2,0.3 575.741
0.25,0.2,0.35 462.812
0.25,0.2,0.4 46.485
0.25,0.25,0 8.87114e-10
0.25,0.25,0.05 89.4872
0.25,0.25,0.1 362.346
0.25,0.25,0.15 352.349
0.25,0.25,0.2 617.904
0.25,0.25,0.25 295.828
0.25,0.25,0.3 504.231
0.25,0.25,0.35 343.415
0.25,0.25,0.4 18.4548
0.25,0.3,0 1.48184e-11
0.25,0.3,0.05 45.9482
0.25,0.3,0.1 196.445
0.25,0.3,0.15 306.55
0.25,0.3,0.2 588.023
0.25,0.3,0.25 221.717
0.25,0.3,0.3 181.049
0.25,0.3,0.35 184.52
0.25,0.3,0.4 12.3043
0.25,0.35,0 1.74293e-13
0.25,0.35,0.05 76.8768
0.25,0.35,0.1 398.714
0.25,0.35,0.15 323.635
0.25,0.35,0.2 130.611
0.25,0.35,0.25 22.3285
0.25,0.35,0.3 29.668
0.25,0.35,0.35 37.1708
0.25,0.35,0.4 2.73589
0.25,0.4,0 6.86658e-11
0.25,0.4,0.05 103.59
0.25,0.4,0.1 490.973
0.25,0.4,0.15 375.242
0.25,0.4,0.2 131.121
0.25,0.4,0.25 27.7374
0.25,0.4,0.3 1.53775
0.25,0.4,0.35 6.97545e-06
0.25,0.4,0.4 4.86645e-07
0.25,0.45,0 8.10922e-10
0.25,0.45,0.05 149.204
0.25,0.45,0.1 654.35
0.25,0.45,0.15 456.158
0.25,0.45,0.2 331.607
0.25,0.45,0.25 308.294
0.25,0.45,0.3 100.589
0.25,0.45,0.35 72.0611
0.25,0.45,0.4 24.9379
0.25,0.45,0.45 1.53995
0.25,0.5,0 1.68748e-09
0.25,0.5,0.05 181.464
0.25,0.5,0.1 735.394
0.25,0.5,0.15 337.214
0.25,0.5,0.2 408.846
0.25,0.5,0.25 628.287
0.25,0.5,0.3 633.256
0.25,0.5,0.35 546.259
0.25,0.5,0.4 329.133
0.25,0.5,0.45 24.9083
0.25,0.55,0 2.49376e-09
0.25,0.55,0.05 85.7726
0.25,0.55,0.1 458.542
0.25,0.55,0.15 339.08
0.25,0.55,0.2 290.274
0.25,0.55,0.25 489.115
0.25,0.55,0.3 679.572
0.25,0.55,0.35 662.559
0.25,0.55,0.4 415.613
0.25,0.55,0.45 27.4079
0.25,0.6,0 1.73455e-08
0.25,0.6,0.05 18.1534
0.25,0.6,0.1 265.627
0.25,0.6,0.15 455.803
0.25,0.6,0.2 574.601
0.25,0.6,0.25 447.128
0.25,0.6,0.3 443.555
0.25,0.6,0.35 557.894
0.25,0.6,0.4 321.885
0.25,0.6,0.45 14.0321
0.25,0.65,0 1.10698e-08
0.25,0.65,0.05 78.5825
0.25,0.65,0.1 351.819
0.25,0.65,0.15 384.535
0.25,0.65,0.2 536.512
0.25,0.65,0.25 256.195
0.25,0.65,0.3 368.456
0.25,0.65,0.35 274.424
0.25,0.65,0.4 139.406
0.25,0.65,0.45 6.81317
0.25,0.7,0 2.14309e-09
0.25,0.7,0.05 102.772
0.25,0.7,0.1 496.025
0.25,0.7,0.15 442.776
0.25,0.7,0.2 409.116
0.25,0.7,0.25 353.64
0.25,0.7,0.3 232.591
0.25,0.7,0.35 68.2293
0.25,0.7,0.4 9.69004
0.25,0.7,0.45 0.478557
0.25,0.75,0 1.56936e-10
0.25,0.75,0.05 62.2359
0.25,0.75,0.1 450.896
0.25,0.75,0.15 500.023
0.25,0.75,0.2 421.971
0.25,0.75,0.25 279.042
0.25,0.75,0.3 130.917
0.25,0.75,0.35 6.94275
0.25,0.75,0.4 0.00210665
0.25,0.8,0.05 22.6978
0.25,0.8,0.1 175.383
0.25,0.8,0.15 230.739
0.25,0.8,0.2 232.538
0.25,0.8,0.25 113.347
0.25,0.8,0.3 81.3469
0.25,0.8,0.35 5.47731
0.25,0.85,0.05 0.0840133
0.25,0.85,0.1 0.81375
0.25,0.85,0.15 2.83932
0.25,0.85,0.2 4.36741
0.25,0.85,0.25 3.30278
0.25,0.85,0.3 2.92275
0.25,0.85,0.35 0.198545
0.3,0,0.1 8.98235e-13
0.3,0,0.15 3.69085e-11
0.3,0,0.2 7.2462e-11
0.3,0,0.25 4.93977e-10
0.3,0,0.3 4.6626e-10
0.3,0,0.35 1.84664e-11
0.3,0.05,0 3.73392e-15
0.3,0.05,0.05 0.264375
0.3,0.05,0.1 2.63887
0.3,0.05,0.15 59.7063
0.3,0.05,0.2 83.0487
0.3,0.05,0.25 82.6463
0.3,0.05,0.3 73.8608
0.3,0.05,0.35 3.04269
0.3,0.1,0 2.52885e-12
0.3,0.1,0.05 11.7862
0.3,0.1,0.1 60.6115
0.3,0.1,0.15 282.548
0.3,0.1,0.2 394.758
0.3,0.1,0.25 381.886
0.3,0.1,0.3 364.086
0.3,0.1,0.35 25.8991
0.3,0.1,0.4 0.00191731
0.3,0.15,0 1.71169e-11
0.3,0.15,0.05 21.702
0.3,0.15,0.1 123.742
0.3,0.15,0.15 409.905
0.3,0.15,0.2 491.932
0.3,0.15,0.25 322.409
0.3,0.15,0.3 552.083
0.3,0.15,0.35 195.659
0.3,0.15,0.4 19.1254
0.3,0.2,0 1.24436e-10
0.3,0.2,0.05 78.4905
0.3,0.2,0.1 370.059
0.3,0.2,0.15 621.817
0.3,0.2,0.2 628.042
0.3,0.2,0.25 394.043
0.3,0.2,0.3 700.116
0.3,0.2,0.35 465.594
0.3,0.2,0.4 67.2838
0.3,0.25,0 1.36644e-10
0.3,0.25,0.05 97.675
0.3,0.25,0.1 403.751
0.3,0.25,0.15 242.989
0.3,0.25,0.2 234.015
0.3,0.25,0.25 415.07
0.3,0.25,0.3 591.144
0.3,0.25,0.35 356.538
0.3,0.25,0.4 25.9633
0.3,0.3,0 1.85716e-11
0.3,0.3,0.05 34.1586
0.3,0.3,0.1 167.268
0.3,0.3,0.15 396.709
0.3,0.3,0.2 476.644
0.3,0.3,0.25 473.845
0.3,0.3,0.3 460.486
0.3,0.3,0.35 378.519
0.3,0.3,0.4 25.246
0.3,0.35,0 2.37737e-15
0.3,0.35,0.05 39.7011
0.3,0.35,0.1 336.56
0.3,0.35,0.15 764.537
0.3,0.35,0.2 549.005
0.3,0.35,0.25 81.8131
0.3,0.35,0.3 74.6268
0.3,0.35,0.35 76.3579
0.3,0.35,0.4 5.55663
0.3,0.4,0 2.39622e-11
0.3,0.4,0.05 108.894
0.3,0.4,0.1 582.586
0.3,0.4,0.15 772.678
0.3,0.4,0.2 457.246
0.3,0.4,0.25 40.7376
0.3,0.4,0.3 1.05353
0.3,0.4,0.35 0.130817
0.3,0.4,0.4 0.0827028
0.3,0.4,0.45 0.00369502
0.3,0.45,0 5.15266e-10
0.3,0.45,0.05 78.5228
0.3,0.45,0.1 374.543
0.3,0.45,0.15 528.287
0.3,0.45,0.2 494.816
0.3,0.45,0.25 218.63
0.3,0.45,0.3 88.2665
0.3,0.45,0.35 56.3351
0.3,0.45,0.4 7.81908
0.3,0.45,0.45 0.162309
0.3,0.5,0 1.13325e-09
0.3,0.5,0.05 120.66
0.3,0.5,0.1 486.374
0.3,0.5,0.15 210.218
0.3,0.5,0.2 236.111
0.3,0.5,0.25 357.492
0.3,0.5,0.3 572.653
0.3,0.5,0.35 340.919
0.3,0.5,0.4 52.2374
0.3,0.5,0.45 1.88731
0.3,0.55,0 6.19814e-08
0.3,0.55,0.05 81.2338
0.3,0.55,0.1 340.121
0.3,0.55,0.15 247.339
0.3,0.55,0.2 297.089
0.3,0.55,0.25 424.153
0.3,0.55,0.3 645.38
0.3,0.55,0.35 227.728
0.3,0.55,0.4 54.9861
0.3,0.55,0.45 2.30655
0.3,0.6,0 5.15624e-07
0.3,0.6,0.05 69.5499
0.3,0.6,0.1 306.182
0.3,0.6,0.15 320.622
0.3,0.6,0.2 567.312
0.3,0.6,0.25 430.007
0.3,0.6,0.3 710.458
0.3,0.6,0.35 468.528
0.3,0.6,0.4 225.298
0.3,0.6,0.45 10.2503
0.3,0.65,0 2.57486e-07
0.3,0.65,0.05 78.9898
0.3,0.65,0.1 323.928
0.3,0.65,0.15 206.429
0.3,0.65,0.2 384.543
0.3,0.65,0.25 461.775
0.3,0.65,0.3 662.522
0.3,0.65,0.35 571.471
0.3,0.65,0.4 289.265
0.3,0.65,0.45 13.1181
0.3,0.7,0 2.71045e-09
0.3,0.7,0.05 70.4573
0.3,0.7,0.1 298.389
0.3,0.7,0.15 263.326
0.3,0.7,0.2 473.798
0.3,0.7,0.25 260.033
0.3,0.7,0.3 107.482
0.3,0.7,0.35 50.2568
0.3,0.7,0.4 22.9278
0.3,0.7,0.45 1.0008
0.3,0.75,0 8.54123e-11
0.3,0.75,0.05 23.1673
0.3,0.75,0.1 169.029
0.3,0.75,0.15 391.587
0.3,0.75,0.2 317.427
0.3,0.75,0.25 158.738
0.3,0.75,0.3 46.9294
0.3,0.75,0.35 0.122947
0.3,0.75,0.4 5.4858e-05
0.3,0.8,0.05 7.39357
0.3,0.8,0.1 56.1764
0.3,0.8,0.15 80.5802
0.3,0.8,0.2 57.0728
0.3,0.8,0.25 60.028
0.3,0.8,0.3 22.1163
0.3,0.8,0.35 0.052528
0.3,0.85,0.05 0.0273665
0.3,0.85,0.1 0.19382
0.3,0.85,0.15 0.137479
0.3,0.85,0.2 0.198696
0.3,0.85,0.25 0.443893
0.3,0.85,0.3 0.165363
0.3,0.85,0.35 0.000562164
0.35,0,0.1 1.0915e-13
0.35,0,0.15 4.48499e-12
0.35,0,0.2 1.36352e-11
0.35,0,0.25 1.61573e-10
0.35,0,0.3 1.53173e-10
0.35,0,0.35 6.06646e-12
0.35,0.05,0.05 1.24013
0.35,0.05,0.1 5.78017
0.35,0.05,0.15 8.79348
0.35,0.05,0.2 11.1918
0.35,0.05,0.25 26.7992
0.35,0.05,0.3 23.934
0.35,0.05,0.35 0.939581
0.35,0.1,0.05 55.3329
0.35,0.1,0.1 252.241
0.35,0.1,0.15 100.854
0.35,0.1,0.2 64.218
0.35,0.1,0.25 166.217
0.35,0.1,0.3 122.656
0.35,0.1,0.35 7.44242
0.35,0.1,0.4 0.000185882
0.35,0.15,0 1.51019e-13
0.35,0.15,0.05 84.9212
0.35,0.15,0.1 402.748
0.35,0.15,0.15 192.645
0.35,0.15,0.2 172.569
0.35,0.15,0.25 269.12
0.35,0.15,0.3 201.618
0.35,0.15,0.35 37.8874
0.35,0.15,0.4 1.85354
0.35,0.2,0 4.02285e-11
0.35,0.2,0.05 103.492
0.35,0.2,0.1 456.774
0.35,0.2,0.15 446.746
0.35,0.2,0.2 426.736
0.35,0.2,0.25 361.122
0.35,0.2,0.3 457.338
0.35,0.2,0.35 119.648
0.35,0.2,0.4 7.84343
0.35,0.25,0 1.43456e-10
0.35,0.25,0.05 165.811
0.35,0.25,0.1 728.646
0.35,0.25,0.15 579.556
0.35,0.25,0.2 257.894
0.35,0.25,0.25 415.813
0.35,0.25,0.3 713.516
0.35,0.25,0.35 280.297
0.35,0.25,0.4 9.44022
0.35,0.3,0 3.41424e-11
0.35,0.3,0.05 130.264
0.35,0.3,0.1 553.597
0.35,0.3,0.15 512.654
0.35,0.3,0.2 426.956
0.35,0.3,0.25 684.505
0.35,0.3,0.3 696.826
0.35,0.3,0.35 153.713
0.35,0.3,0.4 5.17339
0.35,0.35,0 1.15767e-13
0.35,0.35,0.05 92.8621
0.35,0.35,0.1 407.744
0.35,0.35,0.15 474.911
0.35,0.35,0.2 449.959
0.35,0.35,0.25 209.787
0.35,0.35,0.3 111.254
0.35,0.35,0.35 17.5483
0.35,0.35,0.4 0.674535
0.35,0.4,0 6.72283e-11
0.35,0.4,0.05 165.034
0.35,0.4,0.1 814.614
0.35,0.4,0.15 727.615
0.35,0.4,0.2 384.564
0.35,0.4,0.25 41.8253
0.35,0.4,0.3 13.0583
0.35,0.4,0.35 25.5528
0.35,0.4,0.4 31.3263
0.35,0.4,0.45 2.29011
0.35,0.45,0 1.92789e-09
0.35,0.45,0.05 98.3306
0.35,0.45,0.1 549.942
0.35,0.45,0.15 735.024
0.35,0.45,0.2 652.212
0.35,0.45,0.25 160.967
0.35,0.45,0.3 104.176
0.35,0.45,0.35 272.22
0.35,0.45,0.4 180.759
0.35,0.45,0.45 9.34023
0.35,0.5,0 2.49667e-09
0.35,0.5,0.05 145.041
0.35,0.5,0.1 609.924
0.35,0.5,0.15 414.086
0.35,0.5,0.2 573.531
0.35,0.5,0.25 593.427
0.35,0.5,0.3 594.907
0.35,0.5,0.35 482.641
0.35,0.5,0.4 137.337
0.35,0.5,0.45 2.46293
0.35,0.55,0 7.25879e-08
0.35,0.55,0.05 90.4856
0.35,0.55,0.1 390.039
0.35,0.55,0.15 464.755
0.35,0.55,0.2 633.952
0.35,0.55,0.25 440.619
0.35,0.55,0.3 429.249
0.35,0.55,0.35 134.178
0.35,0.55,0.4 16.5451
0.35,0.55,0.45 0.196362
0.35,0.6,0 5.99473e-07
0.35,0.6,0.05 93.6075
0.35,0.6,0.1 420.882
0.35,0.6,0.15 638.71
0.35,0.6,0.2 965.743
0.35,0.6,0.25 431.899
0.35,0.6,0.3 558.194
0.35,0.6,0.35 476.224
0.35,0.6,0.4 223.329
0.35,0.6,0.45 7.76142
0.35,0.65,0 2.98019e-07
0.35,0.65,0.05 114.475
0.35,0.65,0.1 498.966
0.35,0.65,0.15 452.475
0.35,0.65,0.2 517.245
0.35,0.65,0.25 624.354
0.35,0.65,0.3 631.793
0.35,0.65,0.35 723.06
0.35,0.65,0.4 328.624
0.35,0.65,0.45 10.4554
0.35,0.7,0 2.2604e-09
0.35,0.7,0.05 76.3821
0.35,0.7,0.1 310.624
0.35,0.7,0.15 150.005
0.35,0.7,0.2 325.881
0.35,0.7,0.25 590.515
0.35,0.7,0.3 213.042
0.35,0.7,0.35 79.9024
0.35,0.7,0.4 27.3374
0.35,0.7,0.45 0.738193
0.35,0.75,0 6.48878e-09
0.35,0.75,0.05 4.15631
0.35,0.75,0.1 26.6618
0.35,0.75,0.15 148.269
0.35,0.75,0.2 341.414
0.35,0.75,0.25 627.907
0.35,0.75,0.3 233.639
0.35,0.75,0.35 14.3895
0.35,0.8,0 2.09747e-08
0.35,0.8,0.05 2.16537
0.35,0.8,0.1 10.3442
0.35,0.8,0.15 26.2009
0.35,0.8,0.2 56.0126
0.35,0.8,0.25 199.62
0.35,0.8,0.3 79.6407
0.35,0.8,0.35 1.56103
0.35,0.85,0 4.23295e-09
0.35,0.85,0.05 0.4362
0.35,0.85,0.1 1.73369
0.35,0.85,0.15 0.430672
0.35,0.85,0.2 0.219447
0.35,0.85,0.25 1.37123
0.35,0.85,0.3 0.528612
0.35,0.85,0.35 0.00111939
0.4,0,0.2 4.56167e-15
0.4,0,0.25 9.59092e-14
0.4,0,0.3 9.1156e-14
0.4,0,0.35 3.61026e-15
0.4,0.05,0.05 0.363414
0.4,0.05,0.1 1.64243
0.4,0.05,0.15 0.465615
0.4,0.05,0.2 1.88908
0.4,0.05,0.25 5.50098
0.4,0.05,0.3 1.28966
0.4,0.05,0.35 0.146084
0.4,0.05,0.4 0.000981308
0.4,0.1,0 6.4182e-13
0.4,0.1,0.05 23.1987
0.4,0.1,0.1 115.715
0.4,0.1,0.15 39.4191
0.4,0.1,0.2 93.1043
0.4,0.1,0.25 264.565
0.4,0.1,0.3 66.5831
0.4,0.1,0.35 9.89218
0.4,0.1,0.4 0.066689
0.4,0.15,0 3.4194e-12
0.4,0.15,0.05 79.0668
0.4,0.15,0.1 501.304
0.4,0.15,0.15 251.638
0.4,0.15,0.2 295.265
0.4,0.15,0.25 652.386
0.4,0.15,0.3 140.886
0.4,0.15,0.35 16.5249
0.4,0.15,0.4 0.108128
0.4,0.2,0 6.10834e-12
0.4,0.2,0.05 66.9694
0.4,0.2,0.1 398.203
0.4,0.2,0.15 414.344
0.4,0.2,0.2 412.537
0.4,0.2,0.25 359.78
0.4,0.2,0.3 108.433
0.4,0.2,0.35 9.65684
0.4,0.2,0.4 0.12024
0.4,0.25,0 3.73124e-11
0.4,0.25,0.05 92.6068
0.4,0.25,0.1 428.215
0.4,0.25,0.15 468.068
0.4,0.25,0.2 260.953
0.4,0.25,0.25 186.762
0.4,0.25,0.3 171.274
0.4,0.25,0.35 27.9795
0.4,0.25,0.4 0.561221
0.4,0.3,0 3.2501e-11
0.4,0.3,0.05 107.328
0.4,0.3,0.1 447.803
0.4,0.3,0.15 268.838
0.4,0.3,0.2 334.921
0.4,0.3,0.25 514.937
0.4,0.3,0.3 302.293
0.4,0.3,0.35 27.1366
0.4,0.3,0.4 0.178023
0.4,0.35,0 2.51282e-11
0.4,0.35,0.05 53.0735
0.4,0.35,0.1 216.892
0.4,0.35,0.15 138.028
0.4,0.35,0.2 300.681
0.4,0.35,0.25 587.234
0.4,0.35,0.3 406.673
0.4,0.35,0.35 66.5859
0.4,0.35,0.4 0.438217
0.4,0.4,0 5.82416e-11
0.4,0.4,0.05 54.3973
0.4,0.4,0.1 273.013
0.4,0.4,0.15 388.68
0.4,0.4,0.2 346.144
0.4,0.4,0.25 258.811
0.4,0.4,0.3 354.91
0.4,0.4,0.35 152.112
0.4,0.4,0.4 85.5137
0.4,0.4,0.45 6.19772
0.4,0.45,0 1.1675e-09
0.4,0.45,0.05 53.4576
0.4,0.45,0.1 298.811
0.4,0.45,0.15 559.634
0.4,0.45,0.2 580.822
0.4,0.45,0.25 291.124
0.4,0.45,0.3 259.732
0.4,0.45,0.35 445.6
0.4,0.45,0.4 389.017
0.4,0.45,0.45 25.6466
0.4,0.5,0 1.37084e-09
0.4,0.5,0.05 68.0372
0.4,0.5,0.1 339.281
0.4,0.5,0.15 494.758
0.4,0.5,0.2 752.739
0.4,0.5,0.25 547.504
0.4,0.5,0.3 499.363
0.4,0.5,0.35 657.804
0.4,0.5,0.4 233.322
0.4,0.5,0.45 11.8609
0.4,0.55,0 1.13367e-08
0.4,0.55,0.05 50.7061
0.4,0.55,0.1 264.862
0.4,0.55,0.15 414.312
0.4,0.55,0.2 519.647
0.4,0.55,0.25 331.769
0.4,0.55,0.3 211.582
0.4,0.55,0.35 233.155
0.4,0.55,0.4 54.8145
0.4,0.55,0.45 3.52446
0.4,0.6,0 6.01546e-08
0.4,0.6,0.05 147.897
0.4,0.6,0.1 612.142
0.4,0.6,0.15 377.732
0.4,0.6,0.2 615.544
0.4,0.6,0.25 323.829
0.4,0.6,0.3 194
0.4,0.6,0.35 178.127
0.4,0.6,0.4 109.116
0.4,0.6,0.45 4.15587
0.4,0.65,0 2.32439e-08
0.4,0.65,0.05 72.0672
0.4,0.65,0.1 304.644
0.4,0.65,0.15 254.878
0.4,0.65,0.2 524.939
0.4,0.65,0.25 439.59
0.4,0.65,0.3 372.76
0.4,0.65,0.35 270.016
0.4,0.65,0.4 151.141
0.4,0.65,0.45 5.47368
0.4,0.7,0 2.16872e-10
0.4,0.7,0.05 17.1986
0.4,0.7,0.1 69.4123
0.4,0.7,0.15 30.0101
0.4,0.7,0.2 169.186
0.4,0.7,0.25 355.379
0.4,0.7,0.3 292.767
0.4,0.7,0.35 65.7419
0.4,0.7,0.4 11.5946
0.4,0.7,0.45 0.380754
0.4,0.75,0 2.05596e-07
0.4,0.75,0.05 21.9332
0.4,0.75,0.1 87.2295
0.4,0.75,0.15 25.3029
0.4,0.75,0.2 124.159
0.4,0.75,0.25 337.524
0.4,0.75,0.3 404.277
0.4,0.75,0.35 69.8703
0.4,0.8,0 6.64996e-07
0.4,0.8,0.05 68.5247
0.4,0.8,0.1 272.353
0.4,0.8,0.15 67.9048
0.4,0.8,0.2 11.8219
0.4,0.8,0.25 56.7905
0.4,0.8,0.3 51.5414
0.4,0.8,0.35 7.01603
0.4,0.85,0 1.34204e-07
0.4,0.85,0.05 13.8291
0.4,0.85,0.1 54.9628
0.4,0.85,0.15 13.6529
0.4,0.85,0.2 0.0446393
0.4,0.85,0.25 0.278932
0.4,0.85,0.3 0.107529
0.4,0.85,0.35 0.000227704
0.45,0.05,0.05 4.66432e-05
0.45,0.05,0.1 0.000210801
0.45,0.05,0.15 0.000594688
0.45,0.05,0.2 0.547838
0.45,0.05,0.25 1.92214
0.45,0.05,0.3 3.06622
0.45,0.05,0.35 1.35743
0.45,0.05,0.4 0.00915349
0.45,0.1,0 2.72625e-12
0.45,0.1,0.05 20.818
