0.25,0.3,0.3 186.329
0.25,0.3,0.35 87.7229
0.25,0.3,0.4 0.655231
0.25,0.35,0 1.29229e-10
0.25,0.35,0.05 80.8881
0.25,0.35,0.1 409.573
0.25,0.35,0.15 290.07
0.25,0.35,0.2 114.768
0.25,0.35,0.25 21.4651
0.25,0.35,0.3 28.5831
0.25,0.35,0.35 14.1866
0.25,0.35,0.4 0.112104
0.25,0.4,0 1.31348e-10
0.25,0.4,0.05 109.894
0.25,0.4,0.1 515.197
0.25,0.4,0.15 343.253
0.25,0.4,0.2 127.348
0.25,0.4,0.25 19.2569
0.25,0.4,0.3 0.500705
0.25,0.45,0 5.8739e-10
0.25,0.45,0.05 148.907
0.25,0.45,0.1 657.581
0.25,0.45,0.15 441.115
0.25,0.45,0.2 322.483
0.25,0.45,0.25 237.078
0.25,0.45,0.3 54.653
0.25,0.45,0.35 30.9374
0.25,0.45,0.4 2.54884
0.25,0.45,0.45 0.0652853
0.25,0.5,0 1.63161e-09
0.25,0.5,0.05 180.939
0.25,0.5,0.1 736.715
0.25,0.5,0.15 349.495
0.25,0.5,0.2 453.582
0.25,0.5,0.25 623.045
0.25,0.5,0.3 507.057
0.25,0.5,0.35 417.676
0.25,0.5,0.4 156.24
0.25,0.5,0.45 6.62752
0.25,0.55,0 2.49173e-09
0.25,0.55,0.05 106.387
0.25,0.55,0.1 530.388
0.25,0.55,0.15 245.157
0.25,0.55,0.2 200.518
0.25,0.55,0.25 610.801
0.25,0.55,0.3 676.171
0.25,0.55,0.35 693.292
0.25,0.55,0.4 371.818
0.25,0.55,0.45 13.8965
0.25,0.6,0 1.75057e-08
0.25,0.6,0.05 52.5555
0.25,0.6,0.1 391.039
0.25,0.6,0.15 375.617
0.25,0.6,0.2 378.128
0.25,0.6,0.25 519.149
0.25,0.6,0.3 508.005
0.25,0.6,0.35 563.517
0.25,0.6,0.4 262.026
0.25,0.6,0.45 5.19799
0.25,0.65,0 1.09943e-08
0.25,0.65,0.05 83.6179
0.25,0.65,0.1 376.181
0.25,0.65,0.15 504.903
0.25,0.65,0.2 631.131
0.25,0.65,0.25 280.6
0.25,0.65,0.3 302.573
0.25,0.65,0.35 385.312
0.25,0.65,0.4 110.458
0.25,0.65,0.45 0.552008
0.25,0.7,0 8.80551e-10
0.25,0.7,0.05 114.627
0.25,0.7,0.1 530.992
0.25,0.7,0.15 445.833
0.25,0.7,0.2 400.188
0.25,0.7,0.25 243.787
0.25,0.7,0.3 288.64
0.25,0.7,0.35 133.955
0.25,0.7,0.4 25.7793
0.25,0.7,0.45 0.00122123
0.25,0.75,0 1.38828e-10
0.25,0.75,0.05 120.161
0.25,0.75,0.1 610.282
0.25,0.75,0.15 417.662
0.25,0.75,0.2 305.583
0.25,0.75,0.25 232.363
0.25,0.75,0.3 50.2799
0.25,0.75,0.35 5.2735
0.25,0.75,0.4 0.0128682
0.25,0.75,0.45 6.09952e-07
0.25,0.8,0 4.79495e-11
0.25,0.8,0.05 39.2322
0.25,0.8,0.1 211.991
0.25,0.8,0.15 251.403
0.25,0.8,0.2 168.049
0.25,0.8,0.25 111.619
0.25,0.8,0.3 19.542
0.25,0.85,0 4.69305e-14
0.25,0.85,0.05 0.0502929
0.25,0.85,0.1 1.67873
0.25,0.85,0.15 14.2616
0.25,0.85,0.2 13.9526
0.25,0.85,0.25 18.3723
0.25,0.85,0.3 4.09991
0.3,0,0.1 8.98235e-13
0.3,0,0.15 3.69085e-11
0.3,0,0.2 7.2462e-11
0.3,0,0.25 4.93977e-10
0.3,0,0.3 4.6626e-10
0.3,0,0.35 1.84664e-11
0.3,0.05,0 8.01219e-13
0.3,0.05,0.05 0.302368
0.3,0.05,0.1 2.65583
0.3,0.05,0.15 61.304
0.3,0.05,0.2 87.234
0.3,0.05,0.25 83.8331
0.3,0.05,0.3 73.1763
0.3,0.05,0.35 2.87244
0.3,0.1,0 3.75156e-11
0.3,0.1,0.05 13.3948
0.3,0.1,0.1 70.4282
0.3,0.1,0.15 309.447
0.3,0.1,0.2 436.278
0.3,0.1,0.25 384.495
0.3,0.1,0.3 364.224
0.3,0.1,0.35 21.7487
0.3,0.1,0.4 0.00505686
0.3,0.15,0 6.5408e-11
0.3,0.15,0.05 24.3543
0.3,0.15,0.1 197.904
0.3,0.15,0.15 464.14
0.3,0.15,0.2 534.275
0.3,0.15,0.25 376.944
0.3,0.15,0.3 542.33
0.3,0.15,0.35 166.339
0.3,0.15,0.4 13.7509
0.3,0.2,0 1.11971e-10
0.3,0.2,0.05 78.2601
0.3,0.2,0.1 397.47
0.3,0.2,0.15 607.987
0.3,0.2,0.2 516.235
0.3,0.2,0.25 487.285
0.3,0.2,0.3 666.753
0.3,0.2,0.35 400.088
0.3,0.2,0.4 44.0258
0.3,0.25,0 6.43405e-11
0.3,0.25,0.05 95.7745
0.3,0.25,0.1 405.257
0.3,0.25,0.15 278.934
0.3,0.25,0.2 274.641
0.3,0.25,0.25 464.024
0.3,0.25,0.3 588.335
0.3,0.25,0.35 252.615
0.3,0.25,0.4 10.3263
0.3,0.3,0 6.64674e-12
0.3,0.3,0.05 34.7067
0.3,0.3,0.1 207.876
0.3,0.3,0.15 484.177
0.3,0.3,0.2 486.377
0.3,0.3,0.25 435.507
0.3,0.3,0.3 499.281
0.3,0.3,0.35 216.55
0.3,0.3,0.4 1.74932
0.3,0.35,0 5.51124e-10
0.3,0.35,0.05 47.322
0.3,0.35,0.1 410.356
0.3,0.35,0.15 732.078
0.3,0.35,0.2 462.581
0.3,0.35,0.25 78.7677
0.3,0.35,0.3 77.473
0.3,0.35,0.35 36.0485
0.3,0.35,0.4 0.282515
0.3,0.4,0 1.05523e-09
0.3,0.4,0.05 122.619
0.3,0.4,0.1 666.69
0.3,0.4,0.15 780.238
0.3,0.4,0.2 494.819
0.3,0.4,0.25 44.7478
0.3,0.4,0.3 0.331427
0.3,0.4,0.35 0.0115938
0.3,0.4,0.4 0.00299492
0.3,0.4,0.45 3.76892e-09
0.3,0.45,0 3.95435e-10
0.3,0.45,0.05 87.4642
0.3,0.45,0.1 413.26
0.3,0.45,0.15 501.538
0.3,0.45,0.2 480.494
0.3,0.45,0.25 169.347
0.3,0.45,0.3 61.5126
0.3,0.45,0.35 34.2431
0.3,0.45,0.4 1.64453
0.3,0.45,0.45 0.00220233
0.3,0.5,0 8.08206e-10
0.3,0.5,0.05 120.921
0.3,0.5,0.1 488.825
0.3,0.5,0.15 210.601
0.3,0.5,0.2 255.529
0.3,0.5,0.25 350.78
0.3,0.5,0.3 535.806
0.3,0.5,0.35 279.855
0.3,0.5,0.4 21.1636
0.3,0.5,0.45 0.238102
0.3,0.55,0 6.18584e-08
0.3,0.55,0.05 84.6142
0.3,0.55,0.1 366.245
0.3,0.55,0.15 280.97
0.3,0.55,0.2 266.073
0.3,0.55,0.25 490.843
0.3,0.55,0.3 574.796
0.3,0.55,0.35 214.948
0.3,0.55,0.4 43.7995
0.3,0.55,0.45 0.69385
0.3,0.6,0 5.15615e-07
0.3,0.6,0.05 75.443
0.3,0.6,0.1 340.743
0.3,0.6,0.15 322.12
0.3,0.6,0.2 477.144
0.3,0.6,0.25 583.808
0.3,0.6,0.3 758.223
0.3,0.6,0.35 322.048
0.3,0.6,0.4 64.6805
0.3,0.6,0.45 0.855945
0.3,0.65,0 2.5704e-07
0.3,0.65,0.05 79.6256
0.3,0.65,0.1 329.915
0.3,0.65,0.15 212.781
0.3,0.65,0.2 315.842
0.3,0.65,0.25 529.174
0.3,0.65,0.3 687.296
0.3,0.65,0.35 668.499
0.3,0.65,0.4 148.476
0.3,0.65,0.45 1.13239
0.3,0.7,0 1.91277e-09
0.3,0.7,0.05 74.8263
0.3,0.7,0.1 394.311
0.3,0.7,0.15 340.668
0.3,0.7,0.2 509.798
0.3,0.7,0.25 227.943
0.3,0.7,0.3 101.106
0.3,0.7,0.35 167.712
0.3,0.7,0.4 44.2943
0.3,0.7,0.45 0.29873
0.3,0.75,0 3.97504e-11
0.3,0.75,0.05 38.1871
0.3,0.75,0.1 345.176
0.3,0.75,0.15 394.415
0.3,0.75,0.2 220.615
0.3,0.75,0.25 68.8752
0.3,0.75,0.3 3.91305
0.3,0.75,0.35 0.181673
0.3,0.75,0.4 0.015367
0.3,0.75,0.45 2.10799e-05
0.3,0.8,0 1.34167e-11
0.3,0.8,0.05 10.392
0.3,0.8,0.1 65.3127
0.3,0.8,0.15 58.4781
0.3,0.8,0.2 23.5056
0.3,0.8,0.25 3.3115
0.3,0.8,0.3 0.0865773
0.3,0.85,0 1.31316e-14
0.3,0.85,0.05 0.00973761
0.3,0.85,0.1 0.0566261
0.3,0.85,0.15 0.419204
0.3,0.85,0.2 0.621864
0.3,0.85,0.25 0.0695691
0.35,0,0.1 1.0915e-13
0.35,0,0.15 4.48499e-12
0.35,0,0.2 1.36352e-11
0.35,0,0.25 1.61573e-10
0.35,0,0.3 1.53173e-10
0.35,0,0.35 6.06646e-12
0.35,0.05,0 3.76251e-12
0.35,0.05,0.05 1.42621
0.35,0.05,0.1 5.87794
0.35,0.05,0.15 8.66856
0.35,0.05,0.2 11.6287
0.35,0.05,0.25 26.5204
0.35,0.05,0.3 23.7667
0.35,0.05,0.35 0.939581
0.35,0.1,0 1.65787e-10
0.35,0.1,0.05 63.5386
0.35,0.1,0.1 254.875
0.35,0.1,0.15 94.012
0.35,0.1,0.2 74.3866
0.35,0.1,0.25 148.658
0.35,0.1,0.3 122.114
0.35,0.1,0.35 7.47585
0.35,0.1,0.4 0.000411879
0.35,0.15,0 2.34674e-10
0.35,0.15,0.05 102.439
0.35,0.15,0.1 416.226
0.35,0.15,0.15 188.007
0.35,0.15,0.2 185.094
0.35,0.15,0.25 279.839
0.35,0.15,0.3 208.379
0.35,0.15,0.35 30.6966
0.35,0.15,0.4 1.11992
0.35,0.2,0 3.02037e-11
0.35,0.2,0.05 108.819
0.35,0.2,0.1 478.087
0.35,0.2,0.15 493.375
0.35,0.2,0.2 377.47
0.35,0.2,0.25 497.714
0.35,0.2,0.3 366.559
0.35,0.2,0.35 86.5753
0.35,0.2,0.4 4.08629
0.35,0.25,0 1.43187e-11
0.35,0.25,0.05 164.354
0.35,0.25,0.1 765.746
0.35,0.25,0.15 622.587
0.35,0.25,0.2 253.785
0.35,0.25,0.25 514.024
0.35,0.25,0.3 717.279
0.35,0.25,0.35 219.615
0.35,0.25,0.4 2.77444
0.35,0.3,0 3.14001e-11
0.35,0.3,0.05 130.124
0.35,0.3,0.1 570.163
0.35,0.3,0.15 498.67
0.35,0.3,0.2 569.656
0.35,0.3,0.25 643.95
0.35,0.3,0.3 578.474
0.35,0.3,0.35 98.5996
0.35,0.3,0.4 0.700318
0.35,0.35,0 3.02065e-09
0.35,0.35,0.05 95.1465
0.35,0.35,0.1 421.627
0.35,0.35,0.15 368.276
0.35,0.35,0.2 446.549
0.35,0.35,0.25 161.515
0.35,0.35,0.3 68.4909
0.35,0.35,0.35 9.24365
0.35,0.35,0.4 0.0438106
0.35,0.4,0 5.88905e-09
0.35,0.4,0.05 168.844
0.35,0.4,0.1 850.704
0.35,0.4,0.15 655.311
0.35,0.4,0.2 328.848
0.35,0.4,0.25 36.5747
0.35,0.4,0.3 18.3388
0.35,0.4,0.35 15.0053
0.35,0.4,0.4 6.97427
0.35,0.4,0.45 0.07664
0.35,0.45,0 6.81954e-10
0.35,0.45,0.05 104.24
0.35,0.45,0.1 627.213
0.35,0.45,0.15 737.599
0.35,0.45,0.2 619.326
0.35,0.45,0.25 123.324
0.35,0.45,0.3 78.0731
0.35,0.45,0.35 190.268
0.35,0.45,0.4 66.5712
0.35,0.45,0.45 0.421605
0.35,0.5,0 7.24392e-12
0.35,0.5,0.05 145.205
0.35,0.5,0.1 615.823
0.35,0.5,0.15 403.128
0.35,0.5,0.2 536.583
0.35,0.5,0.25 524.95
0.35,0.5,0.3 538.626
0.35,0.5,0.35 420.672
0.35,0.5,0.4 83.2595
0.35,0.5,0.45 0.144271
0.35,0.55,0 7.21272e-08
0.35,0.55,0.05 91.299
0.35,0.55,0.1 402.66
0.35,0.55,0.15 509.809
0.35,0.55,0.2 599.103
0.35,0.55,0.25 472.024
0.35,0.55,0.3 416.968
0.35,0.55,0.35 134.527
0.35,0.55,0.4 10.6834
0.35,0.55,0.45 0.000138957
0.35,0.6,0 5.99459e-07
0.35,0.6,0.05 93.7336
0.35,0.6,0.1 422.592
0.35,0.6,0.15 683.322
0.35,0.6,0.2 929.481
0.35,0.6,0.25 398.755
0.35,0.6,0.3 524.076
0.35,0.6,0.35 255.953
0.35,0.6,0.4 66.5424
0.35,0.6,0.45 1.44908
0.35,0.65,0 2.98015e-07
0.35,0.65,0.05 114.481
0.35,0.65,0.1 512.638
0.35,0.65,0.15 544.506
0.35,0.65,0.2 560.23
0.35,0.65,0.25 430.527
0.35,0.65,0.3 653.394
0.35,0.65,0.35 807.084
0.35,0.65,0.4 304.402
0.35,0.65,0.45 6.5893
0.35,0.7,0 2.25256e-09
0.35,0.7,0.05 77.2313
0.35,0.7,0.1 356.567
0.35,0.7,0.15 273.811
0.35,0.7,0.2 632.538
0.35,0.7,0.25 504.417
0.35,0.7,0.3 164.765
0.35,0.7,0.35 217.267
0.35,0.7,0.4 87.1098
0.35,0.7,0.45 1.87196
0.35,0.75,0 6.48796e-09
0.35,0.75,0.05 5.89027
0.35,0.75,0.1 112.831
0.35,0.75,0.15 292.006
0.35,0.75,0.2 470.311
0.35,0.75,0.25 296.196
0.35,0.75,0.3 36.8832
0.35,0.75,0.35 0.0247188
0.35,0.75,0.4 0.0076134
0.35,0.75,0.45 0.000128573
0.35,0.8,0 2.09747e-08
0.35,0.8,0.05 2.37473
0.35,0.8,0.1 20.8062
0.35,0.8,0.15 119.102
0.35,0.8,0.2 220.918
0.35,0.8,0.25 39.5334
0.35,0.8,0.3 2.01565
0.35,0.85,0 4.23295e-09
0.35,0.85,0.05 0.436186
0.35,0.85,0.1 1.74871
0.35,0.85,0.15 3.24431
0.35,0.85,0.2 6.09546
0.35,0.85,0.25 0.797802
0.35,0.85,0.3 0.000118717
0.4,0,0.2 4.56167e-15
0.4,0,0.25 9.59092e-14
0.4,0,0.3 9.1156e-14
0.4,0,0.35 3.61026e-15
0.4,0.05,0 1.10857e-12
0.4,0.05,0.05 0.42021
0.4,0.05,0.1 1.68014
0.4,0.05,0.15 0.666246
0.4,0.05,0.2 6.31833
0.4,0.05,0.25 6.9936
0.4,0.05,0.3 1.20521
0.4,0.05,0.35 0.169977
0.4,0.1,0 8.54485e-11
0.4,0.1,0.05 30.4033
0.4,0.1,0.1 121.565
0.4,0.1,0.15 37.7677
0.4,0.1,0.2 199.535
0.4,0.1,0.25 235.386
0.4,0.1,0.3 44.0611
0.4,0.1,0.35 6.0579
0.4,0.15,0 3.03823e-10
0.4,0.15,0.05 136.091
0.4,0.15,0.1 545.693
0.4,0.15,0.15 185.08
0.4,0.15,0.2 419.414
0.4,0.15,0.25 577.865
0.4,0.15,0.3 93.7254
0.4,0.15,0.35 7.62724
0.4,0.15,0.4 3.21403e-07
0.4,0.2,0 2.15578e-10
0.4,0.2,0.05 99.5468
0.4,0.2,0.1 421.682
0.4,0.2,0.15 389.76
0.4,0.2,0.2 395.87
0.4,0.2,0.25 318.727
0.4,0.2,0.3 73.9434
0.4,0.2,0.35 5.81843
0.4,0.2,0.4 0.0530005
0.4,0.25,0 1.4204e-10
0.4,0.25,0.05 92.4503
0.4,0.25,0.1 445.344
0.4,0.25,0.15 437.55
0.4,0.25,0.2 229.292
0.4,0.25,0.25 256.528
0.4,0.25,0.3 195.688
0.4,0.25,0.35 26.18
0.4,0.25,0.4 0.200516
0.4,0.3,0 1.09272e-10
0.4,0.3,0.05 104.613
0.4,0.3,0.1 441.598
0.4,0.3,0.15 260.273
0.4,0.3,0.2 487.707
0.4,0.3,0.25 560.929
0.4,0.3,0.3 284.394
0.4,0.3,0.35 16.2659
0.4,0.3,0.4 0.0474199
0.4,0.35,0 1.26375e-09
0.4,0.35,0.05 50.3491
0.4,0.35,0.1 203.012
0.4,0.35,0.15 119.069
0.4,0.35,0.2 382.983
0.4,0.35,0.25 498.623
0.4,0.35,0.3 307.39
0.4,0.35,0.35 35.8967
0.4,0.35,0.4 0.199263
0.4,0.4,0 2.2241e-09
0.4,0.4,0.05 51.5829
0.4,0.4,0.1 268.604
0.4,0.4,0.15 355.847
0.4,0.4,0.2 299.617
0.4,0.4,0.25 299.86
0.4,0.4,0.3 377.869
0.4,0.4,0.35 130.696
0.4,0.4,0.4 37.9457
0.4,0.4,0.45 0.413173
0.4,0.45,0 2.45477e-10
0.4,0.45,0.05 55.1589
0.4,0.45,0.1 328.858
0.4,0.45,0.15 609.089
0.4,0.45,0.2 604.26
0.4,0.45,0.25 309.768
0.4,0.45,0.3 330.826
0.4,0.45,0.35 527.837
0.4,0.45,0.4 236.968
0.4,0.45,0.45 2.27407
0.4,0.5,0 2.85402e-12
0.4,0.5,0.05 69.2243
0.4,0.5,0.1 354.72
0.4,0.5,0.15 539.33
0.4,0.5,0.2 771.119
0.4,0.5,0.25 508.991
0.4,0.5,0.3 582.73
0.4,0.5,0.35 629.055
0.4,0.5,0.4 157.301
0.4,0.5,0.45 0.995329
0.4,0.55,0 1.1203e-08
0.4,0.55,0.05 51.7986
0.4,0.55,0.1 276.748
0.4,0.55,0.15 457.647
0.4,0.55,0.2 604.199
0.4,0.55,0.25 358.365
0.4,0.55,0.3 295.658
0.4,0.55,0.35 182.009
0.4,0.55,0.4 26.8342
0.4,0.55,0.45 0.460449
0.4,0.6,0 6.0152e-08
0.4,0.6,0.05 148.027
0.4,0.6,0.1 614.106
0.4,0.6,0.15 416.847
0.4,0.6,0.2 617.546
0.4,0.6,0.25 267.709
0.4,0.6,0.3 133.962
0.4,0.6,0.35 59.6705
0.4,0.6,0.4 25.005
0.4,0.6,0.45 0.620639
0.4,0.65,0 2.32439e-08
0.4,0.65,0.05 72.0675
0.4,0.65,0.1 314.809
0.4,0.65,0.15 340.954
0.4,0.65,0.2 591.334
0.4,0.65,0.25 371.278
0.4,0.65,0.3 365.074
0.4,0.65,0.35 223.087
0.4,0.65,0.4 105.985
0.4,0.65,0.45 2.55706
0.4,0.7,0 2.16875e-10
0.4,0.7,0.05 17.2033
0.4,0.7,0.1 71.1575
0.4,0.7,0.15 75.953
0.4,0.7,0.2 330.439
0.4,0.7,0.25 369.715
0.4,0.7,0.3 118.38
0.4,0.7,0.35 61.2125
0.4,0.7,0.4 30.1967
0.4,0.7,0.45 0.726434
0.4,0.75,0 2.05596e-07
0.4,0.75,0.05 21.9426
0.4,0.75,0.1 88.1337
0.4,0.75,0.15 108.523
0.4,0.75,0.2 366.481
0.4,0.75,0.25 501.079
0.4,0.75,0.3 84.4755
0.4,0.75,0.35 0.00518477
0.4,0.75,0.4 0.00225172
0.4,0.75,0.45 4.98832e-05
0.4,0.8,0 6.64996e-07
0.4,0.8,0.05 68.5258
0.4,0.8,0.1 272.755
0.4,0.8,0.15 132.152
0.4,0.8,0.2 172.775
0.4,0.8,0.25 118.803
0.4,0.8,0.3 18.9263
0.4,0.85,0 1.34204e-07
0.4,0.85,0.05 13.8291
0.4,0.85,0.1 54.9726
0.4,0.85,0.15 15.4745
0.4,0.85,0.2 3.94894
0.4,0.85,0.25 0.524505
0.4,0.85,0.3 0.00158764
0.45,0.05,0 1.5661e-16
0.45,0.05,0.05 5.9364e-05
0.45,0.05,0.1 0.000237358
0.45,0.05,0.15 0.111817
0.45,0.05,0.2 2.86652
0.45,0.05,0.25 5.23712
0.45,0.05,0.3 7.02783
0.45,0.05,0.35 1.3434
0.45,0.1,0 1.42886e-10
0.45,0.1,0.05 23.2713
0.45,0.1,0.1 93.0631
0.45,0.1,0.15 31.095
0.45,0.1,0.2 97.3201
0.45,0.1,0.25 178.113
0.45,0.1,0.3 253.757
0.45,0.1,0.35 48.2077
0.45,0.15,0 8.00615e-10
0.45,0.15,0.05 152.762
0.45,0.15,0.1 611.365
0.45,0.15,0.15 241.729
0.45,0.15,0.2 330.688
0.45,0.15,0.25 339.934
0.45,0.15,0.3 361.441
0.45,0.15,0.35 64.8187
0.45,0.2,0 6.55596e-10
0.45,0.2,0.05 164.013
0.45,0.2,0.1 657.356
0.45,0.2,0.15 258.246
0.45,0.2,0.2 300.12
