0.25,0.15,0.3 292.449
0.25,0.15,0.35 118.257
0.25,0.15,0.4 11.7165
0.25,0.2,0 1.87549e-09
0.25,0.2,0.05 86.8105
0.25,0.2,0.1 372.172
0.25,0.2,0.15 429.551
0.25,0.2,0.2 437.749
0.25,0.2,0.25 240.036
0.25,0.2,0.3 584.271
0.25,0.2,0.35 454.591
0.25,0.2,0.4 43.1119
0.25,0.25,0 8.88807e-10
0.25,0.25,0.05 89.4508
0.25,0.25,0.1 362.726
0.25,0.25,0.15 363.031
0.25,0.25,0.2 616.625
0.25,0.25,0.25 289.12
0.25,0.25,0.3 499.231
0.25,0.25,0.35 321.019
0.25,0.25,0.4 15.4339
0.25,0.3,0 1.5192e-11
0.25,0.3,0.05 45.9694
0.25,0.3,0.1 197.383
0.25,0.3,0.15 317.44
0.25,0.3,0.2 582.113
0.25,0.3,0.25 210.993
0.25,0.3,0.3 184.066
0.25,0.3,0.35 168.603
0.25,0.3,0.4 8.67486
0.25,0.35,0 1.73947e-13
0.25,0.35,0.05 77.7387
0.25,0.35,0.1 403.176
0.25,0.35,0.15 316.998
0.25,0.35,0.2 128.527
0.25,0.35,0.25 21.8102
0.25,0.35,0.3 31.3031
0.25,0.35,0.35 33.8059
0.25,0.35,0.4 1.90478
0.25,0.4,0 5.72895e-11
0.25,0.4,0.05 104.879
0.25,0.4,0.1 496.795
0.25,0.4,0.15 368.79
0.25,0.4,0.2 128.964
0.25,0.4,0.25 25.3846
0.25,0.4,0.3 1.27985
0.25,0.45,0 7.68815e-10
0.25,0.45,0.05 149.275
0.25,0.45,0.1 655.445
0.25,0.45,0.15 454.893
0.25,0.45,0.2 330.457
0.25,0.45,0.25 295.835
0.25,0.45,0.3 93.1296
0.25,0.45,0.35 64.8743
0.25,0.45,0.4 19.0448
0.25,0.45,0.45 1.05919
0.25,0.5,0 1.6718e-09
0.25,0.5,0.05 181.408
0.25,0.5,0.1 735.626
0.25,0.5,0.15 338.1
0.25,0.5,0.2 417.865
0.25,0.5,0.25 632.602
0.25,0.5,0.3 616.332
0.25,0.5,0.35 533.337
0.25,0.5,0.4 302.253
0.25,0.5,0.45 20.8672
0.25,0.55,0 2.49167e-09
0.25,0.55,0.05 87.5311
0.25,0.55,0.1 470.21
0.25,0.55,0.15 326.395
0.25,0.55,0.2 266.474
0.25,0.55,0.25 505.39
0.25,0.55,0.3 680.452
0.25,0.55,0.35 662.77
0.25,0.55,0.4 411.028
0.25,0.55,0.45 24.9373
0.25,0.6,0 1.73455e-08
0.25,0.6,0.05 21.2342
0.25,0.6,0.1 289.166
0.25,0.6,0.15 466.771
0.25,0.6,0.2 562.925
0.25,0.6,0.25 446.902
0.25,0.6,0.3 452.911
0.25,0.6,0.35 561.503
0.25,0.6,0.4 310.811
0.25,0.6,0.45 11.6147
0.25,0.65,0 1.10698e-08
0.25,0.65,0.05 78.9272
0.25,0.65,0.1 353.841
0.25,0.65,0.15 385.387
0.25,0.65,0.2 545.486
0.25,0.65,0.25 255.29
0.25,0.65,0.3 347.209
0.25,0.65,0.35 280.954
0.25,0.65,0.4 145.752
0.25,0.65,0.45 5.41143
0.25,0.7,0 2.14309e-09
0.25,0.7,0.05 106.532
0.25,0.7,0.1 505.516
0.25,0.7,0.15 442.891
0.25,0.7,0.2 409.958
0.25,0.7,0.25 354.715
0.25,0.7,0.3 236.705
0.25,0.7,0.35 71.4193
0.25,0.7,0.4 12.5559
0.25,0.7,0.45 0.467572
0.25,0.75,0 1.56936e-10
0.25,0.75,0.05 81.5208
0.25,0.75,0.1 479.026
0.25,0.75,0.15 487.095
0.25,0.75,0.2 387.501
0.25,0.75,0.25 277.973
0.25,0.75,0.3 110.384
0.25,0.75,0.35 4.66344
0.25,0.75,0.4 0.00124373
0.25,0.8,0.05 28.4619
0.25,0.8,0.1 173.683
0.25,0.8,0.15 227.357
0.25,0.8,0.2 227.062
0.25,0.8,0.25 116.006
0.25,0.8,0.3 76.105
0.25,0.8,0.35 3.50756
0.25,0.85,0.05 0.0669959
0.25,0.85,0.1 0.611112
0.25,0.85,0.15 3.5216
0.25,0.85,0.2 5.70278
0.25,0.85,0.25 4.7944
0.25,0.85,0.3 3.87882
0.25,0.85,0.35 0.180794
0.3,0,0.1 8.98235e-13
0.3,0,0.15 3.69085e-11
0.3,0,0.2 7.2462e-11
0.3,0,0.25 4.93977e-10
0.3,0,0.3 4.6626e-10
0.3,0,0.35 1.84664e-11
0.3,0.05,0 8.01219e-13
0.3,0.05,0.05 0.302368
0.3,0.05,0.1 2.65306
0.3,0.05,0.15 59.7151
0.3,0.05,0.2 83.372
0.3,0.05,0.25 82.8339
0.3,0.05,0.3 73.7072
0.3,0.05,0.35 2.9914
0.3,0.1,0 3.75156e-11
0.3,0.1,0.05 13.3133
0.3,0.1,0.1 61.6748
0.3,0.1,0.15 285.206
0.3,0.1,0.2 401.892
0.3,0.1,0.25 382.99
0.3,0.1,0.3 361.513
0.3,0.1,0.35 24.4142
0.3,0.1,0.4 0.00239976
0.3,0.15,0 6.54091e-11
0.3,0.15,0.05 23.7074
0.3,0.15,0.1 128.108
0.3,0.15,0.15 422.132
0.3,0.15,0.2 510.263
0.3,0.15,0.25 333.302
0.3,0.15,0.3 549.779
0.3,0.15,0.35 188.577
0.3,0.15,0.4 17.9515
0.3,0.2,0 1.7609e-10
0.3,0.2,0.05 78.2881
0.3,0.2,0.1 372.647
0.3,0.2,0.15 627.689
0.3,0.2,0.2 608.985
0.3,0.2,0.25 410.985
0.3,0.2,0.3 702.022
0.3,0.2,0.35 451.172
0.3,0.2,0.4 62.0612
0.3,0.25,0 2.03661e-09
0.3,0.25,0.05 97.022
0.3,0.25,0.1 403.131
0.3,0.25,0.15 249.198
0.3,0.25,0.2 229.074
0.3,0.25,0.25 422.515
0.3,0.25,0.3 591.806
0.3,0.25,0.35 336.903
0.3,0.25,0.4 21.9106
0.3,0.3,0 8.3025e-09
0.3,0.3,0.05 34.3159
0.3,0.3,0.1 169.774
0.3,0.3,0.15 404.354
0.3,0.3,0.2 483.337
0.3,0.3,0.25 471.994
0.3,0.3,0.3 469.663
0.3,0.3,0.35 354.316
0.3,0.3,0.4 18.2347
0.3,0.35,0 2.44725e-09
0.3,0.35,0.05 41.0912
0.3,0.35,0.1 350.099
0.3,0.35,0.15 755.124
0.3,0.35,0.2 542.108
0.3,0.35,0.25 82.4368
0.3,0.35,0.3 77.8445
0.3,0.35,0.35 70.8212
0.3,0.35,0.4 3.9477
0.3,0.4,0 2.1891e-11
0.3,0.4,0.05 111.135
0.3,0.4,0.1 594.849
0.3,0.4,0.15 766.284
0.3,0.4,0.2 461.553
0.3,0.4,0.25 40.7346
0.3,0.4,0.3 0.875485
0.3,0.4,0.35 0.0902515
0.3,0.4,0.4 0.0401104
0.3,0.4,0.45 0.000801594
0.3,0.45,0 5.06379e-10
0.3,0.45,0.05 80.1053
0.3,0.45,0.1 379.893
0.3,0.45,0.15 524.193
0.3,0.45,0.2 492.372
0.3,0.45,0.25 209.318
0.3,0.45,0.3 83.1398
0.3,0.45,0.35 52.7405
0.3,0.45,0.4 6.43401
0.3,0.45,0.45 0.0968932
0.3,0.5,0 1.13125e-09
0.3,0.5,0.05 120.8
0.3,0.5,0.1 487.048
0.3,0.5,0.15 210.977
0.3,0.5,0.2 238.888
0.3,0.5,0.25 358.323
0.3,0.5,0.3 562.758
0.3,0.5,0.35 330.293
0.3,0.5,0.4 47.1472
0.3,0.5,0.45 1.46814
0.3,0.55,0 6.19814e-08
0.3,0.55,0.05 81.493
0.3,0.55,0.1 343.632
0.3,0.55,0.15 254.769
0.3,0.55,0.2 295.852
0.3,0.55,0.25 434.564
0.3,0.55,0.3 636.347
0.3,0.55,0.35 223.379
0.3,0.55,0.4 52.2051
0.3,0.55,0.45 1.92404
0.3,0.6,0 5.15624e-07
0.3,0.6,0.05 70.0004
0.3,0.6,0.1 311.49
0.3,0.6,0.15 324.793
0.3,0.6,0.2 556.102
0.3,0.6,0.25 442.256
0.3,0.6,0.3 726.332
0.3,0.6,0.35 455.226
0.3,0.6,0.4 189.761
0.3,0.6,0.45 6.64575
0.3,0.65,0 2.57486e-07
0.3,0.65,0.05 79.0348
0.3,0.65,0.1 324.759
0.3,0.65,0.15 203.069
0.3,0.65,0.2 362.839
0.3,0.65,0.25 476.4
0.3,0.65,0.3 660.948
0.3,0.65,0.35 601.671
0.3,0.65,0.4 281.007
0.3,0.65,0.45 9.6159
0.3,0.7,0 2.71045e-09
0.3,0.7,0.05 71.5515
0.3,0.7,0.1 308.942
0.3,0.7,0.15 295.971
0.3,0.7,0.2 488.258
0.3,0.7,0.25 271.07
0.3,0.7,0.3 104.013
0.3,0.7,0.35 60.318
0.3,0.7,0.4 27.9276
0.3,0.7,0.45 0.922287
0.3,0.75,0 8.54123e-11
0.3,0.75,0.05 28.6176
0.3,0.75,0.1 188.134
0.3,0.75,0.15 413.254
0.3,0.75,0.2 278.637
0.3,0.75,0.25 128.21
0.3,0.75,0.3 20.9162
0.3,0.75,0.35 0.0358065
0.3,0.75,0.4 2.87573e-05
0.3,0.8,0.05 8.94496
0.3,0.8,0.1 54.6776
0.3,0.8,0.15 71.5286
0.3,0.8,0.2 51.1916
0.3,0.8,0.25 61.3711
0.3,0.8,0.3 12.5094
0.3,0.8,0.35 0.00213673
0.3,0.85,0.05 0.0210554
0.3,0.85,0.1 0.115571
0.3,0.85,0.15 0.126213
0.3,0.85,0.2 0.506744
0.3,0.85,0.25 1.1441
0.3,0.85,0.3 0.234989
0.3,0.85,0.35 0.000110136
0.35,0,0.1 1.0915e-13
0.35,0,0.15 4.48499e-12
0.35,0,0.2 1.36352e-11
0.35,0,0.25 1.61573e-10
0.35,0,0.3 1.53173e-10
0.35,0,0.35 6.06646e-12
0.35,0.05,0 3.76251e-12
0.35,0.05,0.05 1.42621
0.35,0.05,0.1 5.87794
0.35,0.05,0.15 8.6367
0.35,0.05,0.2 11.2482
0.35,0.05,0.25 26.7886
0.35,0.05,0.3 23.9032
0.35,0.05,0.35 0.939581
0.35,0.1,0 1.65066e-10
0.35,0.1,0.05 62.9539
0.35,0.1,0.1 253.947
0.35,0.1,0.15 93.1119
0.35,0.1,0.2 65.4636
0.35,0.1,0.25 161.858
0.35,0.1,0.3 120.31
0.35,0.1,0.35 7.14544
0.35,0.1,0.4 0.000220811
0.35,0.15,0 2.26612e-10
0.35,0.15,0.05 96.0224
0.35,0.15,0.1 406.676
0.35,0.15,0.15 183.388
0.35,0.15,0.2 176.207
0.35,0.15,0.25 262.668
0.35,0.15,0.3 197.658
0.35,0.15,0.35 35.365
0.35,0.15,0.4 1.65125
0.35,0.2,0 1.42489e-10
0.35,0.2,0.05 104.831
0.35,0.2,0.1 462.085
0.35,0.2,0.15 455.992
0.35,0.2,0.2 404.366
0.35,0.2,0.25 367.777
0.35,0.2,0.3 453.528
0.35,0.2,0.35 111.537
0.35,0.2,0.4 6.82998
0.35,0.25,0 9.11395e-09
0.35,0.25,0.05 165.658
0.35,0.25,0.1 735.118
0.35,0.25,0.15 589.803
0.35,0.25,0.2 250.326
0.35,0.25,0.25 431.453
0.35,0.25,0.3 716.702
0.35,0.25,0.35 269.416
0.35,0.25,0.4 7.851
0.35,0.3,0 4.13014e-08
0.35,0.3,0.05 130.894
0.35,0.3,0.1 555.504
0.35,0.3,0.15 514.478
0.35,0.3,0.2 448.975
0.35,0.3,0.25 693.791
0.35,0.3,0.3 678.592
0.35,0.3,0.35 145.981
0.35,0.3,0.4 4.01556
0.35,0.35,0 1.22264e-08
0.35,0.35,0.05 93.9816
0.35,0.35,0.1 411.071
0.35,0.35,0.15 457.425
0.35,0.35,0.2 450.274
0.35,0.35,0.25 205.221
0.35,0.35,0.3 101.929
0.35,0.35,0.35 15.8848
0.35,0.35,0.4 0.490846
0.35,0.4,0 6.91815e-11
0.35,0.4,0.05 166.122
0.35,0.4,0.1 821.741
0.35,0.4,0.15 713.943
0.35,0.4,0.2 372.641
0.35,0.4,0.25 40.4861
0.35,0.4,0.3 12.7898
0.35,0.4,0.35 23.2364
0.35,0.4,0.4 24.9608
0.35,0.4,0.45 1.50177
0.35,0.45,0 1.92789e-09
0.35,0.45,0.05 99.3647
0.35,0.45,0.1 561.953
0.35,0.45,0.15 739.293
0.35,0.45,0.2 646.425
0.35,0.45,0.25 151.787
0.35,0.45,0.3 96.9451
0.35,0.45,0.35 261.12
0.35,0.45,0.4 158.542
0.35,0.45,0.45 6.50941
0.35,0.5,0 2.49667e-09
0.35,0.5,0.05 145.072
0.35,0.5,0.1 610.364
0.35,0.5,0.15 413.542
0.35,0.5,0.2 562.508
0.35,0.5,0.25 578.292
0.35,0.5,0.3 586.986
0.35,0.5,0.35 478.05
0.35,0.5,0.4 131.588
0.35,0.5,0.45 1.83005
0.35,0.55,0 7.25879e-08
0.35,0.55,0.05 90.4856
0.35,0.55,0.1 390.384
0.35,0.55,0.15 473.058
0.35,0.55,0.2 631.994
0.35,0.55,0.25 442.881
0.35,0.55,0.3 432.489
0.35,0.55,0.35 135.743
0.35,0.55,0.4 14.563
0.35,0.55,0.45 0.105587
0.35,0.6,0 5.99473e-07
0.35,0.6,0.05 93.6075
0.35,0.6,0.1 419.606
0.35,0.6,0.15 644.059
0.35,0.6,0.2 970.579
0.35,0.6,0.25 415.037
0.35,0.6,0.3 550.948
0.35,0.6,0.35 438.489
0.35,0.6,0.4 193.394
0.35,0.6,0.45 6.31981
0.35,0.65,0 2.98019e-07
0.35,0.65,0.05 114.475
0.35,0.65,0.1 501.113
0.35,0.65,0.15 466.058
0.35,0.65,0.2 517.681
0.35,0.65,0.25 605.216
0.35,0.65,0.3 628.534
0.35,0.65,0.35 750.937
0.35,0.65,0.4 337.19
0.35,0.65,0.45 10.1717
0.35,0.7,0 2.2604e-09
0.35,0.7,0.05 76.3821
0.35,0.7,0.1 314.595
0.35,0.7,0.15 173.418
0.35,0.7,0.2 409.12
0.35,0.7,0.25 612.605
0.35,0.7,0.3 190.061
0.35,0.7,0.35 91.5174
0.35,0.7,0.4 34.8417
0.35,0.7,0.45 0.920791
0.35,0.75,0 6.48878e-09
0.35,0.75,0.05 4.15511
0.35,0.75,0.1 33.9266
0.35,0.75,0.15 164.105
0.35,0.75,0.2 365.623
0.35,0.75,0.25 556.814
0.35,0.75,0.3 145.499
0.35,0.75,0.35 7.0929
0.35,0.8,0 2.09747e-08
0.35,0.8,0.05 2.16458
0.35,0.8,0.1 11.157
0.35,0.8,0.15 24.3823
0.35,0.8,0.2 87.1473
0.35,0.8,0.25 245.772
0.35,0.8,0.3 57.9585
0.35,0.8,0.35 0.974567
0.35,0.85,0 4.23295e-09
0.35,0.85,0.05 0.436193
0.35,0.85,0.1 1.73363
0.35,0.85,0.15 0.430911
0.35,0.85,0.2 1.33721
0.35,0.85,0.25 4.44045
0.35,0.85,0.3 0.920518
0.4,0,0.2 4.56167e-15
0.4,0,0.25 9.59092e-14
0.4,0,0.3 9.1156e-14
0.4,0,0.35 3.61026e-15
0.4,0.05,0 1.10857e-12
0.4,0.05,0.05 0.42021
0.4,0.05,0.1 1.68014
0.4,0.05,0.15 0.425983
0.4,0.05,0.2 2.37579
0.4,0.05,0.25 6.02782
0.4,0.05,0.3 1.28588
0.4,0.05,0.35 0.151739
0.4,0.05,0.4 0.000592994
0.4,0.1,0 4.86343e-11
0.4,0.1,0.05 26.3226
0.4,0.1,0.1 118.613
0.4,0.1,0.15 36.2263
0.4,0.1,0.2 106.802
0.4,0.1,0.25 266.675
0.4,0.1,0.3 62.8857
0.4,0.1,0.35 9.76787
0.4,0.1,0.4 0.0383043
0.4,0.15,0 6.87584e-11
0.4,0.15,0.05 90.8145
0.4,0.15,0.1 517.284
0.4,0.15,0.15 231.149
0.4,0.15,0.2 317.445
0.4,0.15,0.25 643.675
0.4,0.15,0.3 131.147
0.4,0.15,0.35 15.9951
0.4,0.15,0.4 0.0609937
0.4,0.2,0 4.10981e-11
0.4,0.2,0.05 72.1382
0.4,0.2,0.1 403.919
0.4,0.2,0.15 403.527
0.4,0.2,0.2 414.559
0.4,0.2,0.25 350.502
0.4,0.2,0.3 102.703
0.4,0.2,0.35 9.00099
0.4,0.2,0.4 0.101589
0.4,0.25,0 2.78998e-09
0.4,0.25,0.05 92.6548
0.4,0.25,0.1 431.496
0.4,0.25,0.15 462.961
0.4,0.25,0.2 253.779
0.4,0.25,0.25 198.086
0.4,0.25,0.3 172.676
0.4,0.25,0.35 27.3245
0.4,0.25,0.4 0.48504
0.4,0.3,0 1.29167e-08
0.4,0.3,0.05 107.289
0.4,0.3,0.1 447.753
0.4,0.3,0.15 267.144
0.4,0.3,0.2 350.45
0.4,0.3,0.25 523.684
0.4,0.3,0.3 290.247
0.4,0.3,0.35 24.5185
0.4,0.3,0.4 0.152613
0.4,0.35,0 3.82901e-09
0.4,0.35,0.05 52.342
0.4,0.35,0.1 213.328
0.4,0.35,0.15 133.834
0.4,0.35,0.2 315.645
0.4,0.35,0.25 585.791
0.4,0.35,0.3 381.992
0.4,0.35,0.35 59.3056
0.4,0.35,0.4 0.329047
0.4,0.4,0 4.16587e-11
0.4,0.4,0.05 53.3137
0.4,0.4,0.1 270.353
0.4,0.4,0.15 382.869
0.4,0.4,0.2 338.441
0.4,0.4,0.25 262.461
0.4,0.4,0.3 354.429
0.4,0.4,0.35 147.666
0.4,0.4,0.4 77.29
0.4,0.4,0.45 4.63178
0.4,0.45,0 1.1671e-09
0.4,0.45,0.05 53.5375
0.4,0.45,0.1 303.149
0.4,0.45,0.15 571.07
0.4,0.45,0.2 589.557
0.4,0.45,0.25 294.074
0.4,0.45,0.3 265.885
0.4,0.45,0.35 458.528
0.4,0.45,0.4 372.739
0.4,0.45,0.45 20.1805
0.4,0.5,0 1.37167e-09
0.4,0.5,0.05 68.2684
0.4,0.5,0.1 340.372
0.4,0.5,0.15 503.521
0.4,0.5,0.2 764.813
0.4,0.5,0.25 537.329
0.4,0.5,0.3 514.971
0.4,0.5,0.35 650.235
0.4,0.5,0.4 218.183
0.4,0.5,0.45 8.64706
0.4,0.55,0 1.13389e-08
0.4,0.55,0.05 51.2827
0.4,0.55,0.1 265.751
0.4,0.55,0.15 421.19
0.4,0.55,0.2 538.575
0.4,0.55,0.25 336.351
0.4,0.55,0.3 230.984
0.4,0.55,0.35 224.976
0.4,0.55,0.4 47.1655
0.4,0.55,0.45 2.58154
0.4,0.6,0 6.01549e-08
0.4,0.6,0.05 147.99
0.4,0.6,0.1 611.773
0.4,0.6,0.15 379.467
0.4,0.6,0.2 615.83
0.4,0.6,0.25 312.08
0.4,0.6,0.3 181.622
0.4,0.6,0.35 153.848
0.4,0.6,0.4 92.761
0.4,0.6,0.45 3.45297
0.4,0.65,0 2.32439e-08
0.4,0.65,0.05 72.0673
0.4,0.65,0.1 305.7
0.4,0.65,0.15 261.325
0.4,0.65,0.2 530.81
0.4,0.65,0.25 436.305
0.4,0.65,0.3 369.854
0.4,0.65,0.35 268.254
0.4,0.65,0.4 152.507
0.4,0.65,0.45 5.41984
0.4,0.7,0 2.16872e-10
0.4,0.7,0.05 17.1987
0.4,0.7,0.1 69.5871
0.4,0.7,0.15 36.0546
0.4,0.7,0.2 220.176
0.4,0.7,0.25 381.436
0.4,0.7,0.3 239.406
0.4,0.7,0.35 48.1189
0.4,0.7,0.4 14.7134
0.4,0.7,0.45 0.487021
0.4,0.75,0 2.05596e-07
0.4,0.75,0.05 21.9332
0.4,0.75,0.1 87.2536
0.4,0.75,0.15 28.2624
0.4,0.75,0.2 140.427
0.4,0.75,0.25 376.995
0.4,0.75,0.3 378.542
0.4,0.75,0.35 40.1242
0.4,0.8,0 6.64996e-07
0.4,0.8,0.05 68.5247
0.4,0.8,0.1 272.356
0.4,0.8,0.15 67.8906
0.4,0.8,0.2 20.7665
0.4,0.8,0.25 86.6559
0.4,0.8,0.3 61.0668
0.4,0.8,0.35 5.51307
0.4,0.85,0 1.34204e-07
0.4,0.85,0.05 13.8291
0.4,0.85,0.1 54.9628
0.4,0.85,0.15 13.6529
0.4,0.85,0.2 0.330702
0.4,0.85,0.25 1.09816
0.4,0.85,0.3 0.227652
0.45,0.05,0 1.5661e-16
0.45,0.05,0.05 5.9364e-05
0.45,0.05,0.1 0.000237358
0.45,0.05,0.15 0.0020162
0.45,0.05,0.2 0.759376
0.45,0.05,0.25 2.34194
0.45,0.05,0.3 3.3717
0.45,0.05,0.35 1.32631
0.45,0.05,0.4 0.00520236
0.45,0.1,0 6.87068e-15
0.45,0.1,0.05 21.3792
0.45,0.1,0.1 92.489
0.45,0.1,0.15 32.2222
0.45,0.1,0.2 50.6491
0.45,0.1,0.25 116.208
0.45,0.1,0.3 214.353
0.45,0.1,0.35 85.892
0.45,0.1,0.4 0.336045
0.45,0.15,0 6.65564e-12
0.45,0.15,0.05 132.686
0.45,0.15,0.1 610.616
0.45,0.15,0.15 270.198
0.45,0.15,0.2 324.435
0.45,0.15,0.25 307.452
