0.25,0.15,0.3 396.703
0.25,0.15,0.35 266.372
0.25,0.15,0.4 22.4561
0.25,0.15,0.45 0.0786807
0.25,0.2,0 3.42255e-10
0.25,0.2,0.05 12.5193
0.25,0.2,0.1 132.429
0.25,0.2,0.15 554.428
0.25,0.2,0.2 597.663
0.25,0.2,0.25 429.849
0.25,0.2,0.3 442.116
0.25,0.2,0.35 546.451
0.25,0.2,0.4 138.485
0.25,0.2,0.45 0.892793
0.25,0.25,0 4.39707e-12
0.25,0.25,0.05 47.7844
0.25,0.25,0.1 232.879
0.25,0.25,0.15 277.29
0.25,0.25,0.2 421.689
0.25,0.25,0.25 196.104
0.25,0.25,0.3 476.031
0.25,0.25,0.35 705.567
0.25,0.25,0.4 158.55
0.25,0.25,0.45 1.27146
0.25,0.3,0 3.13446e-12
0.25,0.3,0.05 37.373
0.25,0.3,0.1 175.829
0.25,0.3,0.15 207.13
0.25,0.3,0.2 547.781
0.25,0.3,0.25 309.276
0.25,0.3,0.3 175.39
0.25,0.3,0.35 290.985
0.25,0.3,0.4 142.015
0.25,0.3,0.45 3.51361
0.25,0.35,0 8.41004e-11
0.25,0.35,0.05 70.7671
0.25,0.35,0.1 354.917
0.25,0.35,0.15 426.087
0.25,0.35,0.2 198.36
0.25,0.35,0.25 60.9935
0.25,0.35,0.3 28.8112
0.25,0.35,0.35 47.5953
0.25,0.35,0.4 37.8095
0.25,0.35,0.45 1.08749
0.25,0.4,0 4.25497e-10
0.25,0.4,0.05 98.8308
0.25,0.4,0.1 445.969
0.25,0.4,0.15 430.323
0.25,0.4,0.2 199.536
0.25,0.4,0.25 91.9233
0.25,0.4,0.3 17.9591
0.25,0.4,0.35 0.764069
0.25,0.4,0.4 0.90768
0.25,0.4,0.45 0.178588
0.25,0.4,0.5 0.000341264
0.25,0.45,0 1.3497e-10
0.25,0.45,0.05 137.276
0.25,0.45,0.1 632.269
0.25,0.45,0.15 450.661
0.25,0.45,0.2 270.844
0.25,0.45,0.25 417.073
0.25,0.45,0.3 298.994
0.25,0.45,0.35 161.318
0.25,0.45,0.4 192.968
0.25,0.45,0.45 43.5222
0.25,0.45,0.5 0.109508
0.25,0.5,0 4.37244e-13
0.25,0.5,0.05 129.543
0.25,0.5,0.1 729.99
0.25,0.5,0.15 446.945
0.25,0.5,0.2 293.857
0.25,0.5,0.25 307.161
0.25,0.5,0.3 777.494
0.25,0.5,0.35 578.977
0.25,0.5,0.4 578.28
0.25,0.5,0.45 154.945
0.25,0.5,0.5 0.746285
0.25,0.55,0 2.03016e-09
0.25,0.55,0.05 51.2195
0.25,0.55,0.1 336.094
0.25,0.55,0.15 381.484
0.25,0.55,0.2 345.94
0.25,0.55,0.25 218.97
0.25,0.55,0.3 583.801
0.25,0.55,0.35 672.157
0.25,0.55,0.4 604.162
0.25,0.55,0.45 147.996
0.25,0.55,0.5 0.328154
0.25,0.6,0 1.7001e-08
0.25,0.6,0.05 7.41518
0.25,0.6,0.1 59.9789
0.25,0.6,0.15 376.61
0.25,0.6,0.2 615.143
0.25,0.6,0.25 548.535
0.25,0.6,0.3 491.076
0.25,0.6,0.35 478.429
0.25,0.6,0.4 308.057
0.25,0.6,0.45 52.5155
0.25,0.6,0.5 0.00288227
0.25,0.65,0 9.29816e-09
0.25,0.65,0.05 64.5646
0.25,0.65,0.1 312.41
0.25,0.65,0.15 392.213
0.25,0.65,0.2 391.166
0.25,0.65,0.25 263.354
0.25,0.65,0.3 344.482
0.25,0.65,0.35 386.631
0.25,0.65,0.4 99.0035
0.25,0.65,0.45 4.81866
0.25,0.65,0.5 2.89289e-06
0.25,0.7,0 1.55522e-09
0.25,0.7,0.05 91.1453
0.25,0.7,0.1 408.17
0.25,0.7,0.15 475.371
0.25,0.7,0.2 515.975
0.25,0.7,0.25 356.976
0.25,0.7,0.3 269.732
0.25,0.7,0.35 200.428
0.25,0.7,0.4 16.8652
0.25,0.7,0.45 0.023178
0.25,0.75,0 1.56549e-10
0.25,0.75,0.05 8.95252
0.25,0.75,0.1 51.2846
0.25,0.75,0.15 221.478
0.25,0.75,0.2 709.201
0.25,0.75,0.25 512.543
0.25,0.75,0.3 298.905
0.25,0.75,0.35 178.452
0.25,0.75,0.4 6.96296
0.25,0.75,0.45 2.19933e-07
0.25,0.8,0.1 0.215269
0.25,0.8,0.15 16.7611
0.25,0.8,0.2 129.174
0.25,0.8,0.25 87.0787
0.25,0.8,0.3 63.9259
0.25,0.8,0.35 47.206
0.25,0.8,0.4 1.69266
0.25,0.85,0.15 0.00706493
0.25,0.85,0.2 0.0698907
0.25,0.85,0.25 0.0419895
0.25,0.85,0.3 0.00777615
0.25,0.85,0.35 0.00557902
0.25,0.85,0.4 0.000200125
0.3,0.05,0 3.73392e-15
0.3,0.05,0.05 7.58951e-05
0.3,0.05,0.1 0.00951325
0.3,0.05,0.15 7.35947
0.3,0.05,0.2 46.7003
0.3,0.05,0.25 52.7438
0.3,0.05,0.3 59.2037
0.3,0.05,0.35 6.72509
0.3,0.05,0.4 0.0625494
0.3,0.1,0 2.52885e-12
0.3,0.1,0.05 0.0514011
0.3,0.1,0.1 16.228
0.3,0.1,0.15 123.168
0.3,0.1,0.2 365.758
0.3,0.1,0.25 358.465
0.3,0.1,0.3 392.556
0.3,0.1,0.35 70.7111
0.3,0.1,0.4 1.9422
0.3,0.15,0 6.92181e-12
0.3,0.15,0.05 6.86682
0.3,0.15,0.1 81.2987
0.3,0.15,0.15 322.767
0.3,0.15,0.2 459.171
0.3,0.15,0.25 385.833
0.3,0.15,0.3 429.498
0.3,0.15,0.35 321.477
0.3,0.15,0.4 29.3449
0.3,0.15,0.45 0.152272
0.3,0.2,0 1.30658e-12
0.3,0.2,0.05 64.3517
0.3,0.2,0.1 328.824
0.3,0.2,0.15 381.146
0.3,0.2,0.2 591.3
0.3,0.2,0.25 341.87
0.3,0.2,0.3 513.714
0.3,0.2,0.35 601.12
0.3,0.2,0.4 179.057
0.3,0.2,0.45 1.73709
0.3,0.25,0 4.81045e-10
0.3,0.25,0.05 63.0467
0.3,0.25,0.1 429.608
0.3,0.25,0.15 331.716
0.3,0.25,0.2 366.684
0.3,0.25,0.25 211.214
0.3,0.25,0.3 480.752
0.3,0.25,0.35 593.419
0.3,0.25,0.4 183.954
0.3,0.25,0.45 2.53171
0.3,0.3,0 1.5665e-09
0.3,0.3,0.05 25.8898
0.3,0.3,0.1 165.714
0.3,0.3,0.15 283.531
0.3,0.3,0.2 472.864
0.3,0.3,0.25 469.752
0.3,0.3,0.3 509.737
0.3,0.3,0.35 516.8
0.3,0.3,0.4 264.586
0.3,0.3,0.45 7.11299
0.3,0.35,0 1.90407e-09
0.3,0.35,0.05 30.9883
0.3,0.35,0.1 200.324
0.3,0.35,0.15 658.049
0.3,0.35,0.2 540.009
0.3,0.35,0.25 166.964
0.3,0.35,0.3 126.747
0.3,0.35,0.35 113.336
0.3,0.35,0.4 76.6711
0.3,0.35,0.45 2.20176
0.3,0.35,0.5 5.17958e-08
0.3,0.4,0 7.9962e-09
0.3,0.4,0.05 103.503
0.3,0.4,0.1 483.253
0.3,0.4,0.15 734.99
0.3,0.4,0.2 510.89
0.3,0.4,0.25 96.508
0.3,0.4,0.3 14.2422
0.3,0.4,0.35 0.714523
0.3,0.4,0.4 2.98136
0.3,0.4,0.45 1.18932
0.3,0.4,0.5 0.00464838
0.3,0.45,0 2.69485e-09
0.3,0.45,0.05 71.1044
0.3,0.45,0.1 356.233
0.3,0.45,0.15 580.766
0.3,0.45,0.2 549.941
0.3,0.45,0.25 363.272
0.3,0.45,0.3 212.831
0.3,0.45,0.35 142.73
0.3,0.45,0.4 47.5864
0.3,0.45,0.45 9.78755
0.3,0.45,0.5 0.0173711
0.3,0.5,0 1.99851e-10
0.3,0.5,0.05 73.9327
0.3,0.5,0.1 478.879
0.3,0.5,0.15 294.553
0.3,0.5,0.2 209.485
0.3,0.5,0.25 264.011
0.3,0.5,0.3 727.093
0.3,0.5,0.35 596.597
0.3,0.5,0.4 110.202
0.3,0.5,0.45 16.3217
0.3,0.5,0.5 0.0042315
0.3,0.55,0 6.16108e-08
0.3,0.55,0.05 45.3849
0.3,0.55,0.1 315.832
0.3,0.55,0.15 242.675
0.3,0.55,0.2 333.146
0.3,0.55,0.25 188.008
0.3,0.55,0.3 615.466
0.3,0.55,0.35 450.265
0.3,0.55,0.4 194.456
0.3,0.55,0.45 31.6721
0.3,0.55,0.5 0.000746306
0.3,0.6,0 5.15612e-07
0.3,0.6,0.05 67.2064
0.3,0.6,0.1 279.1
0.3,0.6,0.15 266.729
0.3,0.6,0.2 675.212
0.3,0.6,0.25 446.764
0.3,0.6,0.3 629.112
0.3,0.6,0.35 485.8
0.3,0.6,0.4 520.092
0.3,0.6,0.45 74.9789
0.3,0.6,0.5 0.000273232
0.3,0.65,0 2.57486e-07
0.3,0.65,0.05 78.9156
0.3,0.65,0.1 323.857
0.3,0.65,0.15 289.694
0.3,0.65,0.2 394.892
0.3,0.65,0.25 408.452
0.3,0.65,0.3 664.076
0.3,0.65,0.35 297.09
0.3,0.65,0.4 198.419
0.3,0.65,0.45 29.411
0.3,0.65,0.5 5.24554e-07
0.3,0.7,0 2.7104e-09
0.3,0.7,0.05 67.9686
0.3,0.7,0.1 282.039
0.3,0.7,0.15 315.918
0.3,0.7,0.2 515.315
0.3,0.7,0.25 392.335
0.3,0.7,0.3 237.256
0.3,0.7,0.35 177.662
0.3,0.7,0.4 15.1815
0.3,0.7,0.45 0.141363
0.3,0.75,0 8.54123e-11
0.3,0.75,0.05 5.81105
0.3,0.75,0.1 24.4336
0.3,0.75,0.15 69.8255
0.3,0.75,0.2 502.128
0.3,0.75,0.25 401.868
0.3,0.75,0.3 156.276
0.3,0.75,0.35 82.5186
0.3,0.75,0.4 2.60096
0.3,0.8,0.1 0.00438463
0.3,0.8,0.15 11.2503
0.3,0.8,0.2 109.241
0.3,0.8,0.25 64.8705
0.3,0.8,0.3 14.6346
0.3,0.8,0.35 7.06789
0.3,0.8,0.4 0.0731259
0.3,0.85,0.15 0.00881867
0.3,0.85,0.2 0.0869975
0.3,0.85,0.25 0.0495472
0.3,0.85,0.3 0.000687552
0.3,0.85,0.35 0.000102138
0.3,0.85,0.4 3.67336e-06
0.35,0.05,0.1 0.0160244
0.35,0.05,0.15 0.738826
0.35,0.05,0.2 4.36997
0.35,0.05,0.25 10.7982
0.35,0.05,0.3 15.3216
0.35,0.05,0.35 1.45947
0.35,0.1,0.05 0.0566563
0.35,0.1,0.1 29.1415
0.35,0.1,0.15 127.388
0.35,0.1,0.2 64.893
0.35,0.1,0.25 85.4028
0.35,0.1,0.3 137.581
0.35,0.1,0.35 19.0977
0.35,0.1,0.4 0.233209
0.35,0.15,0.05 8.05957
0.35,0.15,0.1 127.077
0.35,0.15,0.15 415.713
0.35,0.15,0.2 162.246
0.35,0.15,0.25 156.709
0.35,0.15,0.3 282.714
0.35,0.15,0.35 87.651
0.35,0.15,0.4 4.58997
0.35,0.15,0.45 0.0177689
0.35,0.2,0 1.10931e-12
0.35,0.2,0.05 73.8471
0.35,0.2,0.1 376.585
0.35,0.2,0.15 390.235
0.35,0.2,0.2 487.05
0.35,0.2,0.25 422.682
0.35,0.2,0.3 483.279
0.35,0.2,0.35 154.936
0.35,0.2,0.4 24.5269
0.35,0.2,0.45 0.202703
0.35,0.25,0 2.89392e-09
0.35,0.25,0.05 99.1737
0.35,0.25,0.1 598.116
0.35,0.25,0.15 614.774
0.35,0.25,0.2 501.409
0.35,0.25,0.25 275.828
0.35,0.25,0.3 539.305
0.35,0.25,0.35 397.275
0.35,0.25,0.4 53.408
0.35,0.25,0.45 0.301273
0.35,0.3,0 9.40854e-09
0.35,0.3,0.05 116.649
0.35,0.3,0.1 533.811
0.35,0.3,0.15 460.298
0.35,0.3,0.2 453.453
0.35,0.3,0.25 516.872
0.35,0.3,0.3 862.655
0.35,0.3,0.35 401.022
0.35,0.3,0.4 51.678
0.35,0.3,0.45 0.859101
0.35,0.35,0 3.42553e-09
0.35,0.35,0.05 77.7577
0.35,0.35,0.1 337.021
0.35,0.35,0.15 475.917
0.35,0.35,0.2 457.406
0.35,0.35,0.25 304.472
0.35,0.35,0.3 311.852
0.35,0.35,0.35 68.724
0.35,0.35,0.4 9.63064
0.35,0.35,0.45 0.266299
0.35,0.35,0.5 1.40933e-06
0.35,0.4,0 7.36195e-09
0.35,0.4,0.05 162.075
0.35,0.4,0.1 744.173
0.35,0.4,0.15 789.848
0.35,0.4,0.2 511.147
0.35,0.4,0.25 57.9165
0.35,0.4,0.3 8.00224
0.35,0.4,0.35 23.24
0.35,0.4,0.4 80.655
0.35,0.4,0.45 31.6953
0.35,0.4,0.5 0.126491
0.35,0.45,0 4.16879e-09
0.35,0.45,0.05 96.9339
0.35,0.45,0.1 462.305
0.35,0.45,0.15 605.142
0.35,0.45,0.2 675.814
0.35,0.45,0.25 316.358
0.35,0.45,0.3 162.716
0.35,0.45,0.35 265.593
0.35,0.45,0.4 384.292
0.35,0.45,0.45 119.856
0.35,0.45,0.5 0.472663
0.35,0.5,0 2.13896e-09
0.35,0.5,0.05 95.3266
0.35,0.5,0.1 563.472
0.35,0.5,0.15 418.58
0.35,0.5,0.2 524.627
0.35,0.5,0.25 758.379
0.35,0.5,0.3 584.109
0.35,0.5,0.35 373.84
0.35,0.5,0.4 152.872
0.35,0.5,0.45 29.0355
0.35,0.5,0.5 0.110503
0.35,0.55,0 7.22365e-08
0.35,0.55,0.05 37.8447
0.35,0.55,0.1 310.927
0.35,0.55,0.15 415.692
0.35,0.55,0.2 605.557
0.35,0.55,0.25 449.336
0.35,0.55,0.3 512.83
0.35,0.55,0.35 346.061
0.35,0.55,0.4 149.767
0.35,0.55,0.45 7.13817
0.35,0.55,0.5 8.50136e-06
0.35,0.6,0 5.99459e-07
0.35,0.6,0.05 91.1243
0.35,0.6,0.1 400.751
0.35,0.6,0.15 590.553
0.35,0.6,0.2 1002.36
0.35,0.6,0.25 460.268
0.35,0.6,0.3 597.334
0.35,0.6,0.35 744.711
0.35,0.6,0.4 557.277
0.35,0.6,0.45 35.047
0.35,0.65,0 2.98019e-07
0.35,0.65,0.05 114.475
0.35,0.65,0.1 470.625
0.35,0.65,0.15 314.485
0.35,0.65,0.2 418.53
0.35,0.65,0.25 312.837
0.35,0.65,0.3 560.112
0.35,0.65,0.35 500.539
0.35,0.65,0.4 229.159
0.35,0.65,0.45 13.8018
0.35,0.7,0 2.2604e-09
0.35,0.7,0.05 76.3808
0.35,0.7,0.1 306.399
0.35,0.7,0.15 101.276
0.35,0.7,0.2 107.141
0.35,0.7,0.25 253.731
0.35,0.7,0.3 705.297
0.35,0.7,0.35 564.77
0.35,0.7,0.4 56.4234
0.35,0.7,0.45 0.082741
0.35,0.75,0 6.48878e-09
0.35,0.75,0.05 4.14685
0.35,0.75,0.1 16.6525
0.35,0.75,0.15 9.0064
0.35,0.75,0.2 71.2053
0.35,0.75,0.25 134.837
0.35,0.75,0.3 399.931
0.35,0.75,0.35 229.569
0.35,0.75,0.4 8.08825
0.35,0.8,0 2.09747e-08
0.35,0.8,0.05 2.16134
0.35,0.8,0.1 8.59011
0.35,0.8,0.15 2.78797
0.35,0.8,0.2 7.19251
0.35,0.8,0.25 9.28887
0.35,0.8,0.3 35.9
0.35,0.8,0.35 17.464
0.35,0.8,0.4 0.118395
0.35,0.85,0 4.23295e-09
0.35,0.85,0.05 0.436185
0.35,0.85,0.1 1.73359
0.35,0.85,0.15 0.431181
0.35,0.85,0.2 0.00547123
0.35,0.85,0.25 0.00311563
0.35,0.85,0.3 3.61316e-05
0.4,0.05,0.1 0.00160527
0.4,0.05,0.15 0.00693703
0.4,0.05,0.2 0.00187409
0.4,0.05,0.25 0.000765488
0.4,0.05,0.3 0.0200152
0.4,0.05,0.35 0.022066
0.4,0.05,0.4 0.00114319
0.4,0.1,0.05 2.23461
0.4,0.1,0.1 49.4
0.4,0.1,0.15 67.4857
0.4,0.1,0.2 11.4078
0.4,0.1,0.25 40.2245
0.4,0.1,0.3 96.1307
0.4,0.1,0.35 14.5619
0.4,0.1,0.4 0.0323335
0.4,0.15,0.05 10.6205
0.4,0.15,0.1 250.68
0.4,0.15,0.15 493.58
0.4,0.15,0.2 157.029
0.4,0.15,0.25 229.675
0.4,0.15,0.3 416.421
0.4,0.15,0.35 57.2062
0.4,0.15,0.4 0.0360943
0.4,0.2,0 3.39904e-12
0.4,0.2,0.05 14.8321
0.4,0.2,0.1 215.19
0.4,0.2,0.15 507.788
0.4,0.2,0.2 405.833
0.4,0.2,0.25 492.305
0.4,0.2,0.3 334.355
0.4,0.2,0.35 23.1212
0.4,0.2,0.4 0.236892
0.4,0.25,0 1.14322e-09
0.4,0.25,0.05 86.3571
0.4,0.25,0.1 434.172
0.4,0.25,0.15 514.627
0.4,0.25,0.2 356.092
0.4,0.25,0.25 249.497
0.4,0.25,0.3 184.266
0.4,0.25,0.35 35.1829
0.4,0.25,0.4 2.54477
0.4,0.3,0 7.03492e-09
0.4,0.3,0.05 112.434
0.4,0.3,0.1 471.431
0.4,0.3,0.15 356.082
0.4,0.3,0.2 282.399
0.4,0.3,0.25 414.214
0.4,0.3,0.3 447.093
0.4,0.3,0.35 76.8983
0.4,0.3,0.4 1.77124
0.4,0.3,0.45 0.0299973
0.4,0.35,0 5.50712e-08
0.4,0.35,0.05 60.3695
0.4,0.35,0.1 246.856
0.4,0.35,0.15 179.07
0.4,0.35,0.2 204.554
0.4,0.35,0.25 410.438
0.4,0.35,0.3 607.83
0.4,0.35,0.35 113.314
0.4,0.35,0.4 2.39163
0.4,0.35,0.45 0.209632
0.4,0.35,0.5 1.54227e-06
0.4,0.4,0 4.33656e-08
0.4,0.4,0.05 69.6646
0.4,0.4,0.1 320.088
0.4,0.4,0.15 417.811
0.4,0.4,0.2 414.254
0.4,0.4,0.25 146.599
0.4,0.4,0.3 272.709
0.4,0.4,0.35 124.125
0.4,0.4,0.4 101.729
0.4,0.4,0.45 37.0426
0.4,0.4,0.5 0.141254
0.4,0.45,0 2.44986e-09
0.4,0.45,0.05 54.4071
0.4,0.45,0.1 278.006
0.4,0.45,0.15 465.698
0.4,0.45,0.2 539.706
0.4,0.45,0.25 358.159
0.4,0.45,0.3 236.614
0.4,0.45,0.35 482.621
0.4,0.45,0.4 610.655
0.4,0.45,0.45 177.226
0.4,0.45,0.5 0.574768
0.4,0.5,0 1.32221e-09
0.4,0.5,0.05 55.7535
0.4,0.5,0.1 295.842
0.4,0.5,0.15 448.331
0.4,0.5,0.2 577.313
0.4,0.5,0.25 642.376
0.4,0.5,0.3 282.967
0.4,0.5,0.35 525.837
0.4,0.5,0.4 411.391
0.4,0.5,0.45 77.8408
0.4,0.5,0.5 0.17452
0.4,0.55,0 1.12705e-08
0.4,0.55,0.05 36.3458
0.4,0.55,0.1 213.24
0.4,0.55,0.15 413.932
0.4,0.55,0.2 381.218
0.4,0.55,0.25 376.444
0.4,0.55,0.3 130.181
0.4,0.55,0.35 118.415
0.4,0.55,0.4 76.437
0.4,0.55,0.45 4.22581
0.4,0.55,0.5 0.00205387
0.4,0.6,0 6.01517e-08
0.4,0.6,0.05 146.899
0.4,0.6,0.1 603.265
0.4,0.6,0.15 367.858
0.4,0.6,0.2 602.046
0.4,0.6,0.25 467.322
0.4,0.6,0.3 329.194
0.4,0.6,0.35 304.737
0.4,0.6,0.4 167.74
0.4,0.6,0.45 3.55383
0.4,0.65,0 2.32439e-08
0.4,0.65,0.05 72.067
0.4,0.65,0.1 292.728
0.4,0.65,0.15 181.278
0.4,0.65,0.2 394.621
0.4,0.65,0.25 247.993
0.4,0.65,0.3 337.765
0.4,0.65,0.35 439.754
0.4,0.65,0.4 148.417
0.4,0.65,0.45 1.62386
0.4,0.7,0 2.16872e-10
0.4,0.7,0.05 17.1986
0.4,0.7,0.1 68.7858
0.4,0.7,0.15 20.4122
0.4,0.7,0.2 18.1271
0.4,0.7,0.25 83.8457
0.4,0.7,0.3 349.069
0.4,0.7,0.35 457.24
0.4,0.7,0.4 93.5011
0.4,0.7,0.45 0.0235303
0.4,0.75,0 2.05596e-07
0.4,0.75,0.05 21.9332
0.4,0.75,0.1 87.1903
0.4,0.75,0.15 21.6648
0.4,0.75,0.2 0.113756
0.4,0.75,0.25 12.8414
0.4,0.75,0.3 85.8799
0.4,0.75,0.35 67.7501
0.4,0.75,0.4 7.86032
0.4,0.8,0 6.64996e-07
0.4,0.8,0.05 68.5247
0.4,0.8,0.1 272.347
0.4,0.8,0.15 67.6515
0.4,0.8,0.2 0.00188001
0.4,0.8,0.25 0.767154
0.4,0.8,0.3 6.24562
0.4,0.8,0.35 3.05071
0.4,0.8,0.4 0.020682
0.4,0.85,0 1.34204e-07
0.4,0.85,0.05 13.8291
0.4,0.85,0.1 54.9628
0.4,0.85,0.15 13.6529
0.45,0.05,0.25 0.110494
0.45,0.05,0.3 3.07194
0.45,0.05,0.35 3.39928
0.45,0.05,0.4 0.176171
0.45,0.1,0.05 2.92154
0.45,0.1,0.1 59.7659
