0,0.5,0.2 4.33746e-13
0,0.5,0.25 4.34535e-12
0,0.5,0.3 2.50448e-12
0,0.5,0.35 3.01543e-14
0,0.55,0.2 1.29637e-11
0,0.55,0.25 1.29873e-10
0,0.55,0.3 7.48536e-11
0,0.55,0.35 9.01247e-13
0,0.6,0.2 1.48791e-11
0,0.6,0.25 1.49062e-10
0,0.6,0.3 8.59131e-11
0,0.6,0.35 1.0344e-12
0,0.65,0.2 8.19104e-13
0,0.65,0.25 8.20593e-12
0,0.65,0.3 4.72957e-12
0,0.65,0.35 5.69446e-14
0.05,0.1,0.05 0.448378
0.05,0.1,0.1 10.055
0.05,0.1,0.15 9.9152
0.05,0.1,0.2 0.423354
0.05,0.1,0.25 0.000450133
0.05,0.15,0 1.83915e-16
0.05,0.15,0.05 2.54773
0.05,0.15,0.1 57.1364
0.05,0.15,0.15 58.5093
0.05,0.15,0.2 7.42251
0.05,0.15,0.25 0.71434
0.05,0.15,0.3 0.0847573
0.05,0.15,0.35 0.141919
0.05,0.15,0.4 0.0147142
0.05,0.2,0 6.19752e-15
0.05,0.2,0.05 0.930329
0.05,0.2,0.1 20.3025
0.05,0.2,0.15 26.5446
0.05,0.2,0.2 17.0568
0.05,0.2,0.25 17.5366
0.05,0.2,0.3 16.8789
0.05,0.2,0.35 7.40087
0.05,0.2,0.4 0.725884
0.05,0.25,0 5.6899e-14
0.05,0.25,0.05 0.367616
0.05,0.25,0.1 1.49695
0.05,0.25,0.15 2.74521
0.05,0.25,0.2 8.42469
0.05,0.25,0.25 49.0317
0.05,0.25,0.3 46.3222
0.05,0.25,0.35 11.3297
0.05,0.25,0.4 1.0431
0.05,0.3,0 3.84023e-14
0.05,0.3,0.05 0.250637
0.05,0.3,0.1 1.00561
0.05,0.3,0.15 1.45619
0.05,0.3,0.2 3.55205
0.05,0.3,0.25 9.88523
0.05,0.3,0.3 8.39927
0.05,0.3,0.35 1.0289
0.05,0.3,0.4 0.0807827
0.05,0.35,0 2.9298e-10
0.05,0.35,0.05 1.34787
0.05,0.35,0.1 5.38196
0.05,0.35,0.15 1.40334
0.05,0.35,0.2 0.150478
0.05,0.35,0.25 0.0230781
0.05,0.4,0 1.17859e-09
0.05,0.4,0.05 5.4024
0.05,0.4,0.1 21.5751
0.05,0.4,0.15 5.52163
0.05,0.4,0.2 0.271728
0.05,0.4,0.25 0.0500041
0.05,0.4,0.3 1.49251e-07
0.05,0.45,0 2.96394e-10
0.05,0.45,0.05 1.40132
0.05,0.45,0.1 5.67082
0.05,0.45,0.15 16.1999
0.05,0.45,0.2 56.4193
0.05,0.45,0.25 14.3318
0.05,0.45,0.3 0.00358859
0.05,0.45,0.35 0.000790084
0.05,0.45,0.4 0.000412383
0.05,0.45,0.45 5.68644e-06
0.05,0.5,0 1.42835e-12
0.05,0.5,0.05 0.876939
0.05,0.5,0.1 3.56902
0.05,0.5,0.15 34.7065
0.05,0.5,0.2 137.147
0.05,0.5,0.25 39.3062
0.05,0.5,0.3 2.71175
0.05,0.5,0.35 0.0745035
0.05,0.5,0.4 0.00808587
0.05,0.5,0.45 0.000111498
0.05,0.55,0 1.33311e-12
0.05,0.55,0.05 0.818467
0.05,0.55,0.1 3.2746
0.05,0.55,0.15 6.57224
0.05,0.55,0.2 32.3334
0.05,0.55,0.25 74.3116
0.05,0.55,0.3 39.7552
0.05,0.55,0.35 0.577878
0.05,0.55,0.4 0.00738032
0.05,0.55,0.45 0.00010173
0.05,0.6,0 5.10195e-14
0.05,0.6,0.05 0.0313236
0.05,0.6,0.1 0.12525
0.05,0.6,0.15 1.20072
0.05,0.6,0.2 15.0332
0.05,0.6,0.25 75.5642
0.05,0.6,0.3 45.7924
0.05,0.6,0.35 3.91778
0.05,0.6,0.4 0.109548
0.05,0.6,0.45 3.72771e-06
0.05,0.65,0.15 0.9607
0.05,0.65,0.2 7.42521
0.05,0.65,0.25 7.96704
0.05,0.65,0.3 18.3974
0.05,0.65,0.35 13.8594
0.05,0.65,0.4 0.449432
0.05,0.7,0.15 11.1654
0.05,0.7,0.2 82.5222
0.05,0.7,0.25 37.221
0.05,0.7,0.3 4.31182
0.05,0.7,0.35 3.5538
0.05,0.7,0.4 0.115532
0.05,0.75,0.15 7.80586
0.05,0.75,0.2 57.6924
0.05,0.75,0.25 25.8587
0.05,0.75,0.3 0.121996
0.05,0.75,0.35 2.77026e-06
0.05,0.75,0.4 9.00598e-08
0.05,0.8,0.15 0.16005
0.05,0.8,0.2 1.18292
0.05,0.8,0.25 0.530204
0.05,0.8,0.3 0.00250133
0.1,0,0.1 2.01027e-19
0.1,0,0.15 6.84176e-17
0.1,0,0.2 2.02121e-14
0.1,0,0.25 1.40043e-13
0.1,0,0.3 5.97136e-14
0.1,0,0.35 2.22277e-16
0.1,0.05,0.1 2.64753e-06
0.1,0.05,0.15 0.000901064
0.1,0.05,0.2 0.275795
0.1,0.05,0.25 1.91144
0.1,0.05,0.3 0.81503
0.1,0.05,0.35 0.00303385
0.1,0.1,0.05 2.30236
0.1,0.1,0.1 51.6308
0.1,0.1,0.15 50.9478
0.1,0.1,0.2 3.59054
0.1,0.1,0.25 7.95425
0.1,0.1,0.3 3.36413
0.1,0.1,0.35 0.0312149
0.1,0.15,0 1.61724e-12
0.1,0.15,0.05 15.8719
0.1,0.15,0.1 304.674
0.1,0.15,0.15 335.323
0.1,0.15,0.2 116.163
0.1,0.15,0.25 21.7789
0.1,0.15,0.3 7.58762
0.1,0.15,0.35 4.19254
0.1,0.15,0.4 0.332804
0.1,0.2,0 1.6235e-11
0.1,0.2,0.05 35.072
0.1,0.2,0.1 225.834
0.1,0.2,0.15 270.404
0.1,0.2,0.2 330.405
0.1,0.2,0.25 152.86
0.1,0.2,0.3 180.797
0.1,0.2,0.35 162.244
0.1,0.2,0.4 16.4179
0.1,0.25,0 1.52925e-11
0.1,0.25,0.05 57.3682
0.1,0.25,0.1 229.818
0.1,0.25,0.15 148.484
0.1,0.25,0.2 239.999
0.1,0.25,0.25 356.018
0.1,0.25,0.3 396.275
0.1,0.25,0.35 235.717
0.1,0.25,0.4 23.5926
0.1,0.3,0 4.52776e-12
0.1,0.3,0.05 29.4396
0.1,0.3,0.1 117.922
0.1,0.3,0.15 97.4864
0.1,0.3,0.2 173.539
0.1,0.3,0.25 89.4423
0.1,0.3,0.3 62.6415
0.1,0.3,0.35 19.2338
0.1,0.3,0.4 1.82713
0.1,0.35,0 4.53774e-09
0.1,0.35,0.05 21.5211
0.1,0.35,0.1 85.9429
0.1,0.35,0.15 24.8483
0.1,0.35,0.2 8.48838
0.1,0.35,0.25 1.30182
0.1,0.4,0 1.82539e-08
0.1,0.4,0.05 83.6724
0.1,0.4,0.1 334.477
0.1,0.4,0.15 91.4484
0.1,0.4,0.2 8.55919
0.1,0.4,0.25 0.622764
0.1,0.4,0.3 9.08849e-05
0.1,0.45,0 4.59304e-09
0.1,0.45,0.05 24.2634
0.1,0.45,0.1 103.299
0.1,0.45,0.15 231.587
0.1,0.45,0.2 442.618
0.1,0.45,0.25 87.6417
0.1,0.45,0.3 0.573971
0.1,0.45,0.35 4.16368
0.1,0.45,0.4 2.50803
0.1,0.45,0.45 0.0345838
0.1,0.5,0 7.30804e-11
0.1,0.5,0.05 48.8614
0.1,0.5,0.1 201.259
0.1,0.5,0.15 369.756
0.1,0.5,0.2 907.24
0.1,0.5,0.25 287.662
0.1,0.5,0.3 76.6307
0.1,0.5,0.35 84.8969
0.1,0.5,0.4 49.3113
0.1,0.5,0.45 0.678781
0.1,0.55,0 6.82076e-11
0.1,0.55,0.05 42.8741
0.1,0.55,0.1 172.886
0.1,0.55,0.15 148.327
0.1,0.55,0.2 374.524
0.1,0.55,0.25 556.94
0.1,0.55,0.3 396.604
0.1,0.55,0.35 148.084
0.1,0.55,0.4 49.8428
0.1,0.55,0.45 0.622032
0.1,0.6,0 2.61038e-12
0.1,0.6,0.05 2.05296
0.1,0.6,0.1 11.2626
0.1,0.6,0.15 44.2875
0.1,0.6,0.2 270.803
0.1,0.6,0.25 452.58
0.1,0.6,0.3 437.093
0.1,0.6,0.35 169.377
0.1,0.6,0.4 9.85394
0.1,0.6,0.45 0.0236996
0.1,0.65,0.05 0.544086
0.1,0.65,0.1 13.4813
0.1,0.65,0.15 26.704
0.1,0.65,0.2 57.186
0.1,0.65,0.25 61.7434
0.1,0.65,0.3 298.093
0.1,0.65,0.35 232.537
0.1,0.65,0.4 7.58762
0.1,0.65,0.45 2.96409e-07
0.1,0.7,0.05 0.4931
0.1,0.7,0.1 29.6326
0.1,0.7,0.15 103.383
0.1,0.7,0.2 370.282
0.1,0.7,0.25 188.097
0.1,0.7,0.3 88.4859
0.1,0.7,0.35 57.7765
0.1,0.7,0.4 1.83786
0.1,0.75,0.05 0.094267
0.1,0.75,0.1 5.95397
0.1,0.75,0.15 49.4586
0.1,0.75,0.2 249.354
0.1,0.75,0.25 118.803
0.1,0.75,0.3 7.75642
0.1,0.75,0.35 0.23525
0.1,0.75,0.4 1.43265e-06
0.1,0.8,0.1 0.144032
0.1,0.8,0.15 6.1584
0.1,0.8,0.2 12.0983
0.1,0.8,0.25 3.06691
0.1,0.8,0.3 0.0833186
0.1,0.8,0.35 0.00013581
0.1,0.85,0.1 0.00499025
0.1,0.85,0.15 0.192607
0.1,0.85,0.2 0.360357
0.1,0.85,0.25 0.205217
0.1,0.85,0.3 0.0177896
0.1,0.9,0.15 1.08947e-05
0.1,0.9,0.2 0.000790575
0.1,0.9,0.25 0.00131135
0.1,0.9,0.3 0.000123486
0.15,0,0.1 2.5992e-15
0.15,0,0.15 8.84613e-13
0.15,0,0.2 2.8455e-12
0.15,0,0.25 5.0451e-12
0.15,0,0.3 2.01227e-12
0.15,0,0.35 7.49043e-15
0.15,0.05,0 3.77742e-13
0.15,0.05,0.05 0.00767793
0.15,0.05,0.1 0.0649096
0.15,0.05,0.15 11.6581
0.15,0.05,0.2 38.1973
0.15,0.05,0.25 70.0775
0.15,0.05,0.3 27.7612
0.15,0.05,0.35 0.102237
0.15,0.1,0 2.55832e-10
0.15,0.1,0.05 5.93694
0.15,0.1,0.1 37.4404
0.15,0.1,0.15 68.4907
0.15,0.1,0.2 163.588
0.15,0.1,0.25 293.536
0.15,0.1,0.3 115.118
0.15,0.1,0.35 1.03625
0.15,0.15,0 7.0896e-10
0.15,0.15,0.05 28.1622
0.15,0.15,0.1 189.995
0.15,0.15,0.15 189.293
0.15,0.15,0.2 318.959
0.15,0.15,0.25 292.867
0.15,0.15,0.3 201.967
0.15,0.15,0.35 37.5143
0.15,0.15,0.4 0.329709
0.15,0.2,0 2.0535e-10
0.15,0.2,0.05 105.602
0.15,0.2,0.1 450.798
0.15,0.2,0.15 403.865
0.15,0.2,0.2 719.367
0.15,0.2,0.25 395.95
0.15,0.2,0.3 429.873
0.15,0.2,0.35 212.835
0.15,0.2,0.4 16.2652
0.15,0.25,0 6.20458e-11
0.15,0.25,0.05 149.868
0.15,0.25,0.1 600.195
0.15,0.25,0.15 343.803
0.15,0.25,0.2 489.147
0.15,0.25,0.25 466.52
0.15,0.25,0.3 408.272
0.15,0.25,0.35 235.921
0.15,0.25,0.4 23.3732
0.15,0.3,0 1.07222e-11
0.15,0.3,0.05 110.086
0.15,0.3,0.1 440.574
0.15,0.3,0.15 214.3
0.15,0.3,0.2 267.657
0.15,0.3,0.25 125.814
0.15,0.3,0.3 65.2424
0.15,0.3,0.35 18.5076
0.15,0.3,0.4 1.81014
0.15,0.35,0 3.57402e-09
0.15,0.35,0.05 35.8024
0.15,0.35,0.1 143.102
0.15,0.35,0.15 40.9259
0.15,0.35,0.2 12.949
0.15,0.35,0.25 1.9951
0.15,0.35,0.3 1.76583e-07
0.15,0.4,0 1.43752e-08
0.15,0.4,0.05 65.9328
0.15,0.4,0.1 271.657
0.15,0.4,0.15 111.739
0.15,0.4,0.2 23.7916
0.15,0.4,0.25 0.839367
0.15,0.4,0.3 0.0161548
0.15,0.45,0 3.61949e-09
0.15,0.45,0.05 39.8885
0.15,0.45,0.1 210.493
0.15,0.45,0.15 529.015
0.15,0.45,0.2 475.391
0.15,0.45,0.25 106.615
0.15,0.45,0.3 9.95583
0.15,0.45,0.35 16.2196
0.15,0.45,0.4 8.65652
0.15,0.45,0.45 0.116332
0.15,0.5,0 1.06559e-10
0.15,0.5,0.05 143.754
0.15,0.5,0.1 604.402
0.15,0.5,0.15 672.896
0.15,0.5,0.2 845.7
0.15,0.5,0.25 418.518
0.15,0.5,0.3 180.897
0.15,0.5,0.35 352.295
0.15,0.5,0.4 192.455
0.15,0.5,0.45 3.61651
0.15,0.55,0 9.94557e-11
0.15,0.55,0.05 81.0778
0.15,0.55,0.1 335.607
0.15,0.55,0.15 358.544
0.15,0.55,0.2 618.787
0.15,0.55,0.25 763.541
0.15,0.55,0.3 716.206
0.15,0.55,0.35 665.73
0.15,0.55,0.4 282.984
0.15,0.55,0.45 8.68945
0.15,0.6,0 3.80964e-12
0.15,0.6,0.05 22.9855
0.15,0.6,0.1 202.445
0.15,0.6,0.15 174.311
0.15,0.6,0.2 331.532
0.15,0.6,0.25 495.947
0.15,0.6,0.3 801.637
0.15,0.6,0.35 501.429
0.15,0.6,0.4 67.7181
0.15,0.6,0.45 2.11654
0.15,0.65,0 3.26454e-16
0.15,0.65,0.05 39.4549
0.15,0.65,0.1 318.5
0.15,0.65,0.15 268.75
0.15,0.65,0.2 151.397
0.15,0.65,0.25 154.733
0.15,0.65,0.3 403.9
0.15,0.65,0.35 228.012
0.15,0.65,0.4 7.64683
0.15,0.65,0.45 0.000598341
0.15,0.7,0 6.90307e-10
0.15,0.7,0.05 15.1601
0.15,0.7,0.1 269.245
0.15,0.7,0.15 525.3
0.15,0.7,0.2 539.799
0.15,0.7,0.25 563.707
0.15,0.7,0.3 462.416
0.15,0.7,0.35 75.4978
0.15,0.7,0.4 1.47281
0.15,0.7,0.45 2.55478e-08
0.15,0.75,0 4.42804e-09
0.15,0.75,0.05 13.6152
0.15,0.75,0.1 104.072
0.15,0.75,0.15 307.798
0.15,0.75,0.2 441.477
0.15,0.75,0.25 268.625
0.15,0.75,0.3 118.521
0.15,0.75,0.35 5.81273
0.15,0.75,0.4 1.14806e-06
0.15,0.8,0 1.74862e-09
0.15,0.8,0.05 5.09602
0.15,0.8,0.1 39.2582
0.15,0.8,0.15 211.637
0.15,0.8,0.2 296.307
0.15,0.8,0.25 154.098
0.15,0.8,0.3 13.013
0.15,0.8,0.35 0.00194049
0.15,0.85,0 4.28675e-12
0.15,0.85,0.05 0.0124995
0.15,0.85,0.1 3.20602
0.15,0.85,0.15 18.958
0.15,0.85,0.2 49.2824
0.15,0.85,0.25 65.8702
0.15,0.85,0.3 6.16364
0.15,0.9,0.15 0.00377473
0.15,0.9,0.2 0.273914
0.15,0.9,0.25 0.45435
0.15,0.9,0.3 0.0427847
0.2,0,0.1 1.21643e-14
0.2,0,0.15 3.22306e-12
0.2,0,0.2 8.58693e-12
0.2,0,0.25 6.89561e-12
0.2,0,0.3 2.44805e-12
0.2,0,0.35 9.11257e-15
0.2,0.05,0 2.59192e-12
0.2,0.05,0.05 0.0526829
0.2,0.05,0.1 0.971896
0.2,0.05,0.15 48.8008
0.2,0.05,0.2 129.279
0.2,0.05,0.25 136.814
0.2,0.05,0.3 42.7356
0.2,0.05,0.35 0.124377
0.2,0.1,0 1.75541e-09
0.2,0.1,0.05 35.8006
0.2,0.1,0.1 150.935
0.2,0.1,0.15 275.233
0.2,0.1,0.2 584.07
0.2,0.1,0.25 653.406
0.2,0.1,0.3 195.118
0.2,0.1,0.35 1.25541
0.2,0.1,0.4 0.000260826
0.2,0.15,0 4.92556e-09
0.2,0.15,0.05 107.065
0.2,0.15,0.1 448.062
0.2,0.15,0.15 255.883
0.2,0.15,0.2 471.9
0.2,0.15,0.25 490.391
0.2,0.15,0.3 352.428
0.2,0.15,0.35 61.6276
0.2,0.15,0.4 0.110988
0.2,0.2,0 2.02103e-09
0.2,0.2,0.05 102.222
0.2,0.2,0.1 420.954
0.2,0.2,0.15 366.685
0.2,0.2,0.2 781.491
0.2,0.2,0.25 548.525
0.2,0.2,0.3 807.987
0.2,0.2,0.35 172.325
0.2,0.2,0.4 0.936787
0.2,0.25,0 7.042e-10
0.2,0.25,0.05 146.559
0.2,0.25,0.1 589.24
0.2,0.25,0.15 359.739
0.2,0.25,0.2 490.595
0.2,0.25,0.25 422.684
0.2,0.25,0.3 433.332
0.2,0.25,0.35 75.4855
0.2,0.25,0.4 1.0362
0.2,0.3,0 2.70641e-11
0.2,0.3,0.05 157.269
0.2,0.3,0.1 630.966
0.2,0.3,0.15 267.871
0.2,0.3,0.2 266.138
0.2,0.3,0.25 116.884
0.2,0.3,0.3 49.6783
0.2,0.3,0.35 4.50318
0.2,0.3,0.4 0.0773846
0.2,0.35,0 2.98643e-10
0.2,0.35,0.05 57.4071
0.2,0.35,0.1 229.72
0.2,0.35,0.15 62.5633
0.2,0.35,0.2 15.6434
0.2,0.35,0.25 3.63841
0.2,0.35,0.3 0.0378293
0.2,0.35,0.35 0.00889812
0.2,0.4,0 5.87482e-10
0.2,0.4,0.05 27.3007
0.2,0.4,0.1 155.677
0.2,0.4,0.15 178.994
0.2,0.4,0.2 36.7712
0.2,0.4,0.25 0.945248
0.2,0.4,0.3 0.0473645
0.2,0.45,0 1.79166e-10
0.2,0.45,0.05 40.969
0.2,0.45,0.1 334.475
0.2,0.45,0.15 769.524
0.2,0.45,0.2 366.682
0.2,0.45,0.25 157.992
0.2,0.45,0.3 23.6912
0.2,0.45,0.35 14.2549
0.2,0.45,0.4 2.87786
0.2,0.45,0.45 0.024434
0.2,0.5,0 1.9133e-10
0.2,0.5,0.05 97.4152
0.2,0.5,0.1 442.675
0.2,0.5,0.15 611.61
0.2,0.5,0.2 751.794
0.2,0.5,0.25 686.16
0.2,0.5,0.3 296.917
0.2,0.5,0.35 407.982
0.2,0.5,0.4 137.382
0.2,0.5,0.45 4.62138
0.2,0.55,0 5.32048e-11
0.2,0.55,0.05 47.4004
0.2,0.55,0.1 200.249
0.2,0.55,0.15 199.257
0.2,0.55,0.2 385.819
0.2,0.55,0.25 789.473
0.2,0.55,0.3 661.848
0.2,0.55,0.35 864.288
0.2,0.55,0.4 452.792
0.2,0.55,0.45 20.9443
0.2,0.6,0 2.29345e-11
0.2,0.6,0.05 65.3442
0.2,0.6,0.1 403.806
0.2,0.6,0.15 222.068
0.2,0.6,0.2 200.956
0.2,0.6,0.25 464.217
0.2,0.6,0.3 492.719
0.2,0.6,0.35 425.63
0.2,0.6,0.4 173.608
0.2,0.6,0.45 6.38744
0.2,0.65,0 7.41667e-11
0.2,0.65,0.05 129.007
0.2,0.65,0.1 683.376
0.2,0.65,0.15 533.603
0.2,0.65,0.2 491.244
0.2,0.65,0.25 263.398
0.2,0.65,0.3 245.651
0.2,0.65,0.35 101.514
0.2,0.65,0.4 18.4316
0.2,0.65,0.45 0.017894
0.2,0.7,0 5.33914e-09
0.2,0.7,0.05 71.9177
0.2,0.7,0.1 436.55
0.2,0.7,0.15 691.123
0.2,0.7,0.2 582.235
0.2,0.7,0.25 556.647
0.2,0.7,0.3 665.986
0.2,0.7,0.35 84.1415
0.2,0.7,0.4 0.155265
0.2,0.7,0.45 4.00361e-05
0.2,0.75,0 3.35132e-08
0.2,0.75,0.05 130.605
0.2,0.75,0.1 595.379
0.2,0.75,0.15 676.307
0.2,0.75,0.2 750.233
0.2,0.75,0.25 335.273
0.2,0.75,0.3 186.726
0.2,0.75,0.35 19.0183
0.2,0.75,0.4 0.00199934
0.2,0.8,0 1.32398e-08
0.2,0.8,0.05 51.532
0.2,0.8,0.1 297.157
0.2,0.8,0.15 625.226
0.2,0.8,0.2 651.607
0.2,0.8,0.25 387.316
0.2,0.8,0.3 31.2237
0.2,0.8,0.35 0.00674544
0.2,0.85,0 3.26167e-11
0.2,0.85,0.05 0.13459
0.2,0.85,0.1 17.7931
0.2,0.85,0.15 84.8557
0.2,0.85,0.2 126.251
0.2,0.85,0.25 161.696
0.2,0.85,0.3 15.169
0.2,0.9,0.15 0.00928979
0.2,0.9,0.2 0.674116
0.2,0.9,0.25 1.11818
0.2,0.9,0.3 0.105295
0.25,0,0.1 4.4342e-13
0.25,0,0.15 1.88157e-11
0.25,0,0.2 3.02791e-11
0.25,0,0.25 9.52765e-11
0.25,0,0.3 8.85446e-11
0.25,0,0.35 3.50153e-12
0.25,0.05,0 1.08787e-12
0.25,0.05,0.05 0.0221119
0.25,0.05,0.1 3.58473
0.25,0.05,0.15 71.7322
0.25,0.05,0.2 99.3038
0.25,0.05,0.25 76.5337
