0.45,0.15,0.1 424.138
0.45,0.15,0.15 571.966
0.45,0.15,0.2 280.417
0.45,0.15,0.25 210.318
0.45,0.15,0.3 189.257
0.45,0.15,0.35 63.5898
0.45,0.15,0.4 1.3943
0.45,0.2,0 2.36408e-11
0.45,0.2,0.05 47.8892
0.45,0.2,0.1 514.232
0.45,0.2,0.15 558.23
0.45,0.2,0.2 263.628
0.45,0.2,0.25 472.475
0.45,0.2,0.3 314.921
0.45,0.2,0.35 12.2161
0.45,0.2,0.4 0.160528
0.45,0.25,0 7.07087e-11
0.45,0.25,0.05 75.3789
0.45,0.25,0.1 436.647
0.45,0.25,0.15 314.09
0.45,0.25,0.2 252.282
0.45,0.25,0.25 261.267
0.45,0.25,0.3 150.74
0.45,0.25,0.35 9.15777
0.45,0.25,0.4 0.352369
0.45,0.3,0 1.32032e-10
0.45,0.3,0.05 129.043
0.45,0.3,0.1 541.274
0.45,0.3,0.15 652.339
0.45,0.3,0.2 804.282
0.45,0.3,0.25 184.663
0.45,0.3,0.3 74.6497
0.45,0.3,0.35 19.8167
0.45,0.3,0.4 13.1186
0.45,0.3,0.45 1.97831
0.45,0.35,0 2.2472e-11
0.45,0.35,0.05 134.089
0.45,0.35,0.1 555.374
0.45,0.35,0.15 503.238
0.45,0.35,0.2 619.779
0.45,0.35,0.25 315.002
0.45,0.35,0.3 608.876
0.45,0.35,0.35 300.574
0.45,0.35,0.4 153.961
0.45,0.35,0.45 18.8383
0.45,0.4,0 6.55843e-12
0.45,0.4,0.05 78.9426
0.45,0.4,0.1 342.178
0.45,0.4,0.15 312.227
0.45,0.4,0.2 375.374
0.45,0.4,0.25 260.153
0.45,0.4,0.3 639.052
0.45,0.4,0.35 613.29
0.45,0.4,0.4 190.376
0.45,0.4,0.45 12.986
0.45,0.4,0.5 0.000411911
0.45,0.45,0 1.88303e-10
0.45,0.45,0.05 74.0867
0.45,0.45,0.1 360.721
0.45,0.45,0.15 494.065
0.45,0.45,0.2 546.875
0.45,0.45,0.25 582.165
0.45,0.45,0.3 546.415
0.45,0.45,0.35 396.132
0.45,0.45,0.4 308.891
0.45,0.45,0.45 67.8643
0.45,0.45,0.5 0.00640894
0.45,0.5,0 9.64835e-10
0.45,0.5,0.05 87.5146
0.45,0.5,0.1 405.701
0.45,0.5,0.15 460.935
0.45,0.5,0.2 633.592
0.45,0.5,0.25 693.552
0.45,0.5,0.3 462.932
0.45,0.5,0.35 938.66
0.45,0.5,0.4 775.042
0.45,0.5,0.45 111.438
0.45,0.5,0.5 0.00855837
0.45,0.55,0 4.41897e-09
0.45,0.55,0.05 35.6823
0.45,0.55,0.1 290.382
0.45,0.55,0.15 593.029
0.45,0.55,0.2 535.428
0.45,0.55,0.25 231.284
0.45,0.55,0.3 80.2878
0.45,0.55,0.35 460.382
0.45,0.55,0.4 311.414
0.45,0.55,0.45 14.7725
0.45,0.55,0.5 0.000765788
0.45,0.6,0 1.45626e-08
0.45,0.6,0.05 124.764
0.45,0.6,0.1 543.477
0.45,0.6,0.15 388.595
0.45,0.6,0.2 734.689
0.45,0.6,0.25 404.779
0.45,0.6,0.3 31.5351
0.45,0.6,0.35 15.2484
0.45,0.6,0.4 8.10004
0.45,0.6,0.45 0.115895
0.45,0.65,0 4.32448e-09
0.45,0.65,0.05 65.776
0.45,0.65,0.1 288.467
0.45,0.65,0.15 225.899
0.45,0.65,0.2 253.761
0.45,0.65,0.25 109.526
0.45,0.65,0.3 31.7813
0.45,0.65,0.35 52.1708
0.45,0.65,0.4 8.29085
0.45,0.65,0.45 0.010316
0.45,0.7,0 1.04913e-10
0.45,0.7,0.05 1.20881
0.45,0.7,0.1 13.4966
0.45,0.7,0.15 49.805
0.45,0.7,0.2 53.7473
0.45,0.7,0.25 19.3887
0.45,0.7,0.3 49.6334
0.45,0.7,0.35 113.83
0.45,0.7,0.4 16.87
0.45,0.7,0.45 0.000432212
0.45,0.75,0 2.42916e-07
0.45,0.75,0.05 25.0314
0.45,0.75,0.1 99.4949
0.45,0.75,0.15 31.2525
0.45,0.75,0.2 22.8836
0.45,0.75,0.25 5.72805
0.45,0.75,0.3 6.7289
0.45,0.75,0.35 15.8938
0.45,0.75,0.4 2.35255
0.45,0.8,0 7.85732e-07
0.45,0.8,0.05 80.9672
0.45,0.8,0.1 321.799
0.45,0.8,0.15 80.5549
0.45,0.8,0.2 1.96165
0.45,0.8,0.25 0.387511
0.45,0.8,0.3 0.000414826
0.45,0.8,0.35 7.19262e-05
0.45,0.85,0 1.58594e-07
0.45,0.85,0.05 16.3439
0.45,0.85,0.1 64.9577
0.45,0.85,0.15 16.1356
0.45,0.9,0 1.66874e-12
0.45,0.9,0.05 0.000257712
0.45,0.9,0.1 0.00102509
0.45,0.9,0.15 0.00025484
0.5,0.05,0.25 1.46133
0.5,0.05,0.3 20.4912
0.5,0.05,0.35 15.0994
0.5,0.05,0.4 0.351357
0.5,0.1,0 1.41447e-14
0.5,0.1,0.05 0.720558
0.5,0.1,0.1 8.67118
0.5,0.1,0.15 33.0035
0.5,0.1,0.2 44.63
0.5,0.1,0.25 54.6631
0.5,0.1,0.3 290.43
0.5,0.1,0.35 202.234
0.5,0.1,0.4 4.68827
0.5,0.15,0 1.58589e-11
0.5,0.15,0.05 10.6438
0.5,0.15,0.1 77.5341
0.5,0.15,0.15 261.402
0.5,0.15,0.2 424.383
0.5,0.15,0.25 636.966
0.5,0.15,0.3 555.959
0.5,0.15,0.35 159.493
0.5,0.15,0.4 3.34941
0.5,0.2,0 1.69216e-10
0.5,0.2,0.05 90.5444
0.5,0.2,0.1 418.616
0.5,0.2,0.15 488.303
0.5,0.2,0.2 758.799
0.5,0.2,0.25 889.296
0.5,0.2,0.3 628.22
0.5,0.2,0.35 101.88
0.5,0.2,0.4 5.38627
0.5,0.25,0 1.87225e-09
0.5,0.25,0.05 94.1417
0.5,0.25,0.1 408.001
0.5,0.25,0.15 402.658
0.5,0.25,0.2 666.098
0.5,0.25,0.25 576.893
0.5,0.25,0.3 343.247
0.5,0.25,0.35 213.936
0.5,0.25,0.4 14.2709
0.5,0.3,0 5.26648e-09
0.5,0.3,0.05 138.182
0.5,0.3,0.1 577.805
0.5,0.3,0.15 669.93
0.5,0.3,0.2 742.556
0.5,0.3,0.25 364.504
0.5,0.3,0.3 128.157
0.5,0.3,0.35 61.8827
0.5,0.3,0.4 40.1785
0.5,0.3,0.45 5.72405
0.5,0.35,0 1.43253e-09
0.5,0.35,0.05 157.308
0.5,0.35,0.1 648.391
0.5,0.35,0.15 497.758
0.5,0.35,0.2 482.967
0.5,0.35,0.25 121.599
0.5,0.35,0.3 113.444
0.5,0.35,0.35 282.528
0.5,0.35,0.4 408.087
0.5,0.35,0.45 54.4191
0.5,0.4,0 1.95405e-10
0.5,0.4,0.05 99.7528
0.5,0.4,0.1 403.489
0.5,0.4,0.15 211.715
0.5,0.4,0.2 374.037
0.5,0.4,0.25 263.09
0.5,0.4,0.3 197.285
0.5,0.4,0.35 567.21
0.5,0.4,0.4 396.884
0.5,0.4,0.45 31.4154
0.5,0.4,0.5 1.15031e-05
0.5,0.45,0 2.59237e-10
0.5,0.45,0.05 105.566
0.5,0.45,0.1 428.265
0.5,0.45,0.15 228.75
0.5,0.45,0.2 452.868
0.5,0.45,0.25 398.233
0.5,0.45,0.3 165.122
0.5,0.45,0.35 156.755
0.5,0.45,0.4 99.3592
0.5,0.45,0.45 11.3187
0.5,0.45,0.5 0.000827681
0.5,0.5,0 4.76714e-09
0.5,0.5,0.05 118.723
0.5,0.5,0.1 509.322
0.5,0.5,0.15 417.91
0.5,0.5,0.2 581.731
0.5,0.5,0.25 498.272
0.5,0.5,0.3 299.819
0.5,0.5,0.35 263.658
0.5,0.5,0.4 205.099
0.5,0.5,0.45 20.1887
0.5,0.5,0.5 0.00136891
0.5,0.55,0 4.82648e-09
0.5,0.55,0.05 79.1552
0.5,0.55,0.1 500.604
0.5,0.55,0.15 818.831
0.5,0.55,0.2 918.2
0.5,0.55,0.25 295.692
0.5,0.55,0.3 213.023
0.5,0.55,0.35 179.63
0.5,0.55,0.4 107.369
0.5,0.55,0.45 3.5832
0.5,0.55,0.5 0.000128415
0.5,0.6,0 5.08459e-10
0.5,0.6,0.05 14.8948
0.5,0.6,0.1 205.818
0.5,0.6,0.15 422.985
0.5,0.6,0.2 401.688
0.5,0.6,0.25 97.899
0.5,0.6,0.3 11.0556
0.5,0.6,0.35 5.17505
0.5,0.6,0.4 2.52928
0.5,0.6,0.45 0.0385279
0.5,0.65,0 1.85934e-10
0.5,0.65,0.05 5.88432
0.5,0.65,0.1 118.438
0.5,0.65,0.15 452.421
0.5,0.65,0.2 353.224
0.5,0.65,0.25 176.8
0.5,0.65,0.3 13.248
0.5,0.65,0.35 0.0172677
0.5,0.65,0.4 0.00140339
0.5,0.7,0 2.10608e-11
0.5,0.7,0.05 0.420909
0.5,0.7,0.1 33.1608
0.5,0.7,0.15 250.643
0.5,0.7,0.2 678.901
0.5,0.7,0.25 344.549
0.5,0.7,0.3 16.607
0.5,0.7,0.35 0.0300272
0.5,0.7,0.4 0.00322195
0.5,0.75,0 1.82807e-08
0.5,0.75,0.05 8.33258
0.5,0.75,0.1 36.274
0.5,0.75,0.15 118.376
0.5,0.75,0.2 372.145
0.5,0.75,0.25 98.0448
0.5,0.75,0.3 1.16359
0.5,0.75,0.35 0.00344089
0.5,0.75,0.4 0.000450382
0.5,0.8,0 1.78869e-07
0.5,0.8,0.05 31.89
0.5,0.8,0.1 127.225
0.5,0.8,0.15 41.9899
0.5,0.8,0.2 31.3291
0.5,0.8,0.25 6.17394
0.5,0.85,0 1.65992e-07
0.5,0.85,0.05 25.4838
0.5,0.85,0.1 101.369
0.5,0.85,0.15 25.2017
0.5,0.9,0 8.96276e-09
0.5,0.9,0.05 1.38416
0.5,0.9,0.1 5.50572
0.5,0.9,0.15 1.36874
0.55,0.05,0.25 0.214188
0.55,0.05,0.3 3.00341
0.55,0.05,0.35 2.21313
0.55,0.05,0.4 0.0514986
0.55,0.1,0 5.85935e-13
0.55,0.1,0.05 0.0830138
0.55,0.1,0.1 0.381825
0.55,0.1,0.15 8.76613
0.55,0.1,0.2 45.7664
0.55,0.1,0.25 29.4879
0.55,0.1,0.3 48.0296
0.55,0.1,0.35 29.9486
0.55,0.1,0.4 0.687162
0.55,0.15,0 1.8437e-10
0.55,0.15,0.05 27.9813
0.55,0.15,0.1 112.422
0.55,0.15,0.15 101.761
0.55,0.15,0.2 359.35
0.55,0.15,0.25 348.254
0.55,0.15,0.3 222.704
0.55,0.15,0.35 36.4445
0.55,0.15,0.4 0.704276
0.55,0.2,0 4.99695e-10
0.55,0.2,0.05 96.7055
0.55,0.2,0.1 395.961
0.55,0.2,0.15 339.355
0.55,0.2,0.2 530.333
0.55,0.2,0.25 488.064
0.55,0.2,0.3 513.721
0.55,0.2,0.35 222.173
0.55,0.2,0.4 10.5526
0.55,0.25,0 2.54098e-09
0.55,0.25,0.05 64.7
0.55,0.25,0.1 280.7
0.55,0.25,0.15 457.521
0.55,0.25,0.2 676.167
0.55,0.25,0.25 730.499
0.55,0.25,0.3 696.903
0.55,0.25,0.35 425.32
0.55,0.25,0.4 21.9621
0.55,0.3,0 7.75073e-09
0.55,0.3,0.05 104.751
0.55,0.3,0.1 430.054
0.55,0.3,0.15 404.626
0.55,0.3,0.2 536.893
0.55,0.3,0.25 712.398
0.55,0.3,0.3 707.938
0.55,0.3,0.35 190.217
0.55,0.3,0.4 10.268
0.55,0.3,0.45 1.02925
0.55,0.35,0 5.06416e-09
0.55,0.35,0.05 140.517
0.55,0.35,0.1 577.692
0.55,0.35,0.15 253.98
0.55,0.35,0.2 100.249
0.55,0.35,0.25 250.057
0.55,0.35,0.3 348.001
0.55,0.35,0.35 81.5209
0.55,0.35,0.4 71.1456
0.55,0.35,0.45 9.77132
0.55,0.4,0 1.5119e-09
0.55,0.4,0.05 84.3765
0.55,0.4,0.1 344.668
0.55,0.4,0.15 119.836
0.55,0.4,0.2 125.985
0.55,0.4,0.25 389.57
0.55,0.4,0.3 130.953
0.55,0.4,0.35 69.752
0.55,0.4,0.4 62.6935
0.55,0.4,0.45 5.56859
0.55,0.45,0 7.68297e-11
0.55,0.45,0.05 104.754
0.55,0.45,0.1 459.2
0.55,0.45,0.15 190.781
0.55,0.45,0.2 412.551
0.55,0.45,0.25 339.878
0.55,0.45,0.3 60.9048
0.55,0.45,0.35 14.28
0.55,0.45,0.4 7.11275
0.55,0.45,0.45 0.111922
0.55,0.5,0 1.71857e-09
0.55,0.5,0.05 83.6764
0.55,0.5,0.1 416.09
0.55,0.5,0.15 265.085
0.55,0.5,0.2 783.871
0.55,0.5,0.25 450.203
0.55,0.5,0.3 209.535
0.55,0.5,0.35 24.9871
0.55,0.5,0.4 0.280463
0.55,0.5,0.45 0.0068168
0.55,0.55,0 1.74893e-09
0.55,0.55,0.05 38.0371
0.55,0.55,0.1 293.199
0.55,0.55,0.15 401.177
0.55,0.55,0.2 717.045
0.55,0.55,0.25 360.878
0.55,0.55,0.3 210.766
0.55,0.55,0.35 25.0745
0.55,0.55,0.4 0.178487
0.55,0.55,0.45 0.00409552
0.55,0.6,0 5.26559e-10
0.55,0.6,0.05 9.59851
0.55,0.6,0.1 234.104
0.55,0.6,0.15 351.972
0.55,0.6,0.2 452.462
0.55,0.6,0.25 288.114
0.55,0.6,0.3 22.977
0.55,0.6,0.35 1.11977
0.55,0.6,0.4 0.00336838
0.55,0.6,0.45 6.23934e-05
0.55,0.65,0 8.4364e-09
0.55,0.65,0.05 29.6638
0.55,0.65,0.1 192.747
0.55,0.65,0.15 281.081
0.55,0.65,0.2 439.077
0.55,0.65,0.25 580.798
0.55,0.65,0.3 106.6
0.55,0.65,0.35 0.0888605
0.55,0.7,0 7.51379e-09
0.55,0.7,0.05 28.8784
0.55,0.7,0.1 230.703
0.55,0.7,0.15 414.902
0.55,0.7,0.2 691.959
0.55,0.7,0.25 623.254
0.55,0.7,0.3 104.602
0.55,0.7,0.35 0.0943055
0.55,0.75,0 1.45626e-08
0.55,0.75,0.05 71.2277
0.55,0.75,0.1 388.479
0.55,0.75,0.15 374.012
0.55,0.75,0.2 335.378
0.55,0.75,0.25 102.176
0.55,0.75,0.3 6.30084
0.55,0.75,0.35 0.00455289
0.55,0.8,0 4.45858e-07
0.55,0.8,0.05 145.027
0.55,0.8,0.1 587.057
0.55,0.8,0.15 170.161
0.55,0.8,0.2 27.5803
0.55,0.8,0.25 5.73746
0.55,0.8,0.3 0.162509
0.55,0.85,0 5.23551e-07
0.55,0.85,0.05 89.3176
0.55,0.85,0.1 355.454
0.55,0.85,0.15 88.4148
0.55,0.85,0.2 0.00236656
0.55,0.85,0.25 5.41515e-05
0.55,0.9,0 2.99179e-08
0.55,0.9,0.05 5.75641
0.55,0.9,0.1 22.9211
0.55,0.9,0.15 5.70429
0.55,0.95,0 9.51499e-18
0.55,0.95,0.05 1.11451e-05
0.55,0.95,0.1 4.45676e-05
0.55,0.95,0.15 1.11387e-05
0.6,0.1,0 7.82696e-13
0.6,0.1,0.05 0.11089
0.6,0.1,0.1 0.443306
0.6,0.1,0.15 12.3604
0.6,0.1,0.2 65.2162
0.6,0.1,0.25 22.1843
0.6,0.1,0.3 0.102503
0.6,0.1,0.35 0.00439257
0.6,0.15,0 2.39861e-10
0.6,0.15,0.05 34.174
0.6,0.15,0.1 137.646
0.6,0.15,0.15 128.003
0.6,0.15,0.2 486.381
0.6,0.15,0.25 165.951
0.6,0.15,0.3 15.616
0.6,0.15,0.35 11.1
0.6,0.15,0.4 0.36114
0.6,0.2,0 5.77363e-10
0.6,0.2,0.05 97.5324
0.6,0.2,0.1 483.155
0.6,0.2,0.15 296.603
0.6,0.2,0.2 293.676
0.6,0.2,0.25 111.527
0.6,0.2,0.3 241.885
0.6,0.2,0.35 199.973
0.6,0.2,0.4 6.80578
0.6,0.25,0 2.63317e-10
0.6,0.25,0.05 41.5974
0.6,0.25,0.1 349.133
0.6,0.25,0.15 597.333
0.6,0.25,0.2 492.781
0.6,0.25,0.25 472.643
0.6,0.25,0.3 468.044
0.6,0.25,0.35 225.215
0.6,0.25,0.4 6.76923
0.6,0.3,0 7.94795e-10
0.6,0.3,0.05 15.7537
0.6,0.3,0.1 117.003
0.6,0.3,0.15 486.988
0.6,0.3,0.2 767.134
0.6,0.3,0.25 751.781
0.6,0.3,0.3 497.153
0.6,0.3,0.35 101.545
0.6,0.3,0.4 0.55363
0.6,0.35,0 1.86062e-09
0.6,0.35,0.05 45.5541
0.6,0.35,0.1 305.013
0.6,0.35,0.15 728.687
0.6,0.35,0.2 341.327
0.6,0.35,0.25 181.361
0.6,0.35,0.3 182.765
0.6,0.35,0.35 23.4829
0.6,0.35,0.4 0.0198034
0.6,0.4,0 7.37103e-10
0.6,0.4,0.05 35.3571
0.6,0.4,0.1 208.771
0.6,0.4,0.15 343.93
0.6,0.4,0.2 148.422
0.6,0.4,0.25 76.1686
0.6,0.4,0.3 25.9962
0.6,0.4,0.35 1.09118
0.6,0.45,0 8.36311e-11
0.6,0.45,0.05 121.516
0.6,0.45,0.1 608.745
0.6,0.45,0.15 299.775
0.6,0.45,0.2 595.193
0.6,0.45,0.25 369.195
0.6,0.45,0.3 27.7629
0.6,0.45,0.35 0.0553489
0.6,0.5,0 1.92185e-11
0.6,0.5,0.05 100.447
0.6,0.5,0.1 556.912
0.6,0.5,0.15 303.721
0.6,0.5,0.2 744.751
0.6,0.5,0.25 477.1
0.6,0.5,0.3 91.0534
0.6,0.5,0.35 5.19144
0.6,0.55,0 2.58914e-12
0.6,0.55,0.05 11.5649
0.6,0.55,0.1 82.4827
0.6,0.55,0.15 81.2926
0.6,0.55,0.2 369.345
0.6,0.55,0.25 394.137
0.6,0.55,0.3 200.171
0.6,0.55,0.35 12.6341
0.6,0.6,0 1.19215e-09
0.6,0.6,0.05 5.13262
0.6,0.6,0.1 46.7232
0.6,0.6,0.15 93.0242
0.6,0.6,0.2 703.053
0.6,0.6,0.25 712.714
0.6,0.6,0.3 89.3132
0.6,0.6,0.35 2.08321
0.6,0.65,0 2.24436e-08
0.6,0.65,0.05 77.4276
0.6,0.65,0.1 401.23
0.6,0.65,0.15 378.051
0.6,0.65,0.2 516.993
0.6,0.65,0.25 707.122
0.6,0.65,0.3 112.854
0.6,0.65,0.35 0.0637657
0.6,0.7,0 1.99888e-08
0.6,0.7,0.05 71.1277
0.6,0.7,0.1 463.998
0.6,0.7,0.15 587.845
0.6,0.7,0.2 366.69
0.6,0.7,0.25 386.191
0.6,0.7,0.3 91.1788
0.6,0.7,0.35 0.0675715
0.6,0.75,0 4.17184e-09
0.6,0.75,0.05 79.8684
0.6,0.75,0.1 455.472
0.6,0.75,0.15 457.871
0.6,0.75,0.2 232.496
0.6,0.75,0.25 260.442
0.6,0.75,0.3 51.644
0.6,0.75,0.35 0.00325389
0.6,0.8,0 9.40025e-08
0.6,0.8,0.05 157.083
0.6,0.8,0.1 644.211
0.6,0.8,0.15 261.643
0.6,0.8,0.2 76.8201
0.6,0.8,0.25 44.7829
0.6,0.8,0.3 8.98466
0.6,0.85,0 1.09315e-07
0.6,0.85,0.05 109.325
0.6,0.85,0.1 437.043
0.6,0.85,0.15 112.444
0.6,0.85,0.2 2.46429
0.6,0.85,0.25 0.0563877
0.6,0.9,0 6.2527e-09
0.6,0.9,0.05 22.1589
0.6,0.9,0.1 88.5901
0.6,0.9,0.15 22.1361
0.6,0.95,0 1.77506e-16
0.6,0.95,0.05 0.000207916
0.6,0.95,0.1 0.000831427
0.6,0.95,0.15 0.000207798
0.65,0.1,0 5.45339e-14
0.65,0.1,0.05 0.00772622
0.65,0.1,0.1 0.0308871
0.65,0.1,0.15 9.49023
0.65,0.1,0.2 42.142
0.65,0.1,0.25 11.7456
0.65,0.1,0.3 0.00150964
0.65,0.15,0 1.6711e-11
0.65,0.15,0.05 2.52449
0.65,0.15,0.1 10.959
0.65,0.15,0.15 82.2313
0.65,0.15,0.2 352.169
0.65,0.15,0.25 98.504
0.65,0.15,0.3 1.31368
0.65,0.15,0.35 1.12298
0.65,0.15,0.4 0.0369073
0.65,0.2,0 4.02021e-11
0.65,0.2,0.05 18.991
0.65,0.2,0.1 150.643
0.65,0.2,0.15 155.951
0.65,0.2,0.2 279.403
0.65,0.2,0.25 75.4405
0.65,0.2,0.3 23.2692
0.65,0.2,0.35 19.7277
0.65,0.2,0.4 0.648088
0.65,0.25,0 5.92256e-12
0.65,0.25,0.05 24.0553
0.65,0.25,0.1 240.066
0.65,0.25,0.15 384.831
0.65,0.25,0.2 432.493
0.65,0.25,0.25 164.641
0.65,0.25,0.3 42.4933
0.65,0.25,0.35 17.7238
0.65,0.25,0.4 0.554599
0.65,0.3,0 1.5714e-12
0.65,0.3,0.05 2.37652
0.65,0.3,0.1 74.9768
0.65,0.3,0.15 540.488
0.65,0.3,0.2 629.851
0.65,0.3,0.25 385.162
0.65,0.3,0.3 54.3108
0.65,0.3,0.35 2.3421
0.65,0.3,0.4 0.0210434
0.65,0.35,0 1.03572e-11
0.65,0.35,0.05 0.311125
0.65,0.35,0.1 103.261
0.65,0.35,0.15 544.781
