0.65,0.35,0.35 0.126279
0.65,0.35,0.4 5.58982e-05
0.65,0.4,0 2.14756e-10
0.65,0.4,0.05 33.8694
0.65,0.4,0.1 229.082
0.65,0.4,0.15 426.924
0.65,0.4,0.2 134.427
0.65,0.4,0.25 20.2448
0.65,0.4,0.3 1.96644
0.65,0.4,0.35 0.00510888
0.65,0.45,0 7.045e-10
0.65,0.45,0.05 125.428
0.65,0.45,0.1 600.614
0.65,0.45,0.15 291.513
0.65,0.45,0.2 238.828
0.65,0.45,0.25 273.437
0.65,0.45,0.3 30.5063
0.65,0.45,0.35 0.00478163
0.65,0.5,0 1.44638e-10
0.65,0.5,0.05 39.6766
0.65,0.5,0.1 294.104
0.65,0.5,0.15 229.969
0.65,0.5,0.2 257.076
0.65,0.5,0.25 323.114
0.65,0.5,0.3 118.019
0.65,0.5,0.35 9.69856
0.65,0.55,0.05 15.4609
0.65,0.55,0.1 170.4
0.65,0.55,0.15 118.604
0.65,0.55,0.2 152.99
0.65,0.55,0.25 432.992
0.65,0.55,0.3 334.746
0.65,0.55,0.35 30.0564
0.65,0.6,0 2.02843e-10
0.65,0.6,0.05 13.66
0.65,0.6,0.1 139.471
0.65,0.6,0.15 88.0954
0.65,0.6,0.2 207.271
0.65,0.6,0.25 622.164
0.65,0.6,0.3 199.039
0.65,0.6,0.35 5.83657
0.65,0.65,0 3.82344e-09
0.65,0.65,0.05 13.2061
0.65,0.65,0.1 67.1897
0.65,0.65,0.15 68.3296
0.65,0.65,0.2 195.645
0.65,0.65,0.25 465.951
0.65,0.65,0.3 150.061
0.65,0.65,0.35 0.450119
0.65,0.7,0 3.40872e-09
0.65,0.7,0.05 11.5066
0.65,0.7,0.1 64.2656
0.65,0.7,0.15 145.837
0.65,0.7,0.2 466.204
0.65,0.7,0.25 521.233
0.65,0.7,0.3 149.705
0.65,0.7,0.35 0.502524
0.65,0.75,0 4.48865e-10
0.65,0.75,0.05 26.5058
0.65,0.75,0.1 130.209
0.65,0.75,0.15 310.308
0.65,0.75,0.2 401.965
0.65,0.75,0.25 390.11
0.65,0.75,0.3 82.7995
0.65,0.75,0.35 0.0268687
0.65,0.8,0 7.41904e-10
0.65,0.8,0.05 73.17
0.65,0.8,0.1 308.009
0.65,0.8,0.15 301.898
0.65,0.8,0.2 197.045
0.65,0.8,0.25 74.5529
0.65,0.8,0.3 16.0486
0.65,0.85,0 1.7205e-10
0.65,0.85,0.05 77.8794
0.65,0.85,0.1 311.987
0.65,0.85,0.15 86.5738
0.65,0.85,0.2 6.84088
0.65,0.85,0.25 0.182376
0.65,0.9,0 1.99767e-11
0.65,0.9,0.05 18.789
0.65,0.9,0.1 75.1345
0.65,0.9,0.15 18.7783
0.65,0.95,0 1.57188e-16
0.65,0.95,0.05 0.000184117
0.65,0.95,0.1 0.000736258
0.65,0.95,0.15 0.000184012
0.7,0.1,0.15 0.585109
0.7,0.1,0.2 3.10491
0.7,0.1,0.25 1.02596
0.7,0.1,0.3 0.00064755
0.7,0.15,0.05 0.00340489
0.7,0.15,0.1 0.0396647
0.7,0.15,0.15 10.3393
0.7,0.15,0.2 68.4592
0.7,0.15,0.25 28.6658
0.7,0.15,0.3 0.126242
0.7,0.2,0.05 0.366072
0.7,0.2,0.1 4.26547
0.7,0.2,0.15 67.9107
0.7,0.2,0.2 428.74
0.7,0.2,0.25 185.272
0.7,0.2,0.3 1.01502
0.7,0.25,0.05 0.687516
0.7,0.25,0.1 10.054
0.7,0.25,0.15 146.668
0.7,0.25,0.2 536.388
0.7,0.25,0.25 164.595
0.7,0.25,0.3 1.06785
0.7,0.3,0.05 0.076238
0.7,0.3,0.1 11.3139
0.7,0.3,0.15 136.385
0.7,0.3,0.2 185.18
0.7,0.3,0.25 43.9665
0.7,0.3,0.3 2.17051
0.7,0.35,0 1.41557e-14
0.7,0.35,0.05 0.0257833
0.7,0.35,0.1 80.2052
0.7,0.35,0.15 292.718
0.7,0.35,0.2 154.893
0.7,0.35,0.25 43.5107
0.7,0.35,0.3 0.748002
0.7,0.4,0 6.09059e-11
0.7,0.4,0.05 9.00166
0.7,0.4,0.1 214.758
0.7,0.4,0.15 637.398
0.7,0.4,0.2 382.826
0.7,0.4,0.25 117.645
0.7,0.4,0.3 0.780347
0.7,0.45,0 2.00339e-10
0.7,0.45,0.05 32.5323
0.7,0.45,0.1 255.31
0.7,0.45,0.15 491.185
0.7,0.45,0.2 470.06
0.7,0.45,0.25 159.276
0.7,0.45,0.3 4.66055
0.7,0.45,0.35 0.000256263
0.7,0.5,0 4.11309e-11
0.7,0.5,0.05 15.3329
0.7,0.5,0.1 297.457
0.7,0.5,0.15 520.206
0.7,0.5,0.2 724.129
0.7,0.5,0.25 404.011
0.7,0.5,0.3 17.4518
0.7,0.5,0.35 0.519777
0.7,0.55,0.05 24.1652
0.7,0.55,0.1 281.546
0.7,0.55,0.15 227.533
0.7,0.55,0.2 470.697
0.7,0.55,0.25 550.518
0.7,0.55,0.3 74.6931
0.7,0.55,0.35 1.61138
0.7,0.6,0.05 21.2717
0.7,0.6,0.1 223.424
0.7,0.6,0.15 135.876
0.7,0.6,0.2 134.203
0.7,0.6,0.25 336.31
0.7,0.6,0.3 65.345
0.7,0.6,0.35 0.320526
0.7,0.65,0.05 0.811105
0.7,0.65,0.1 8.5193
0.7,0.65,0.15 6.75078
0.7,0.65,0.2 30.0601
0.7,0.65,0.25 133.496
0.7,0.65,0.3 52.3084
0.7,0.65,0.35 0.184271
0.7,0.7,0 3.08274e-14
0.7,0.7,0.05 0.00239233
0.7,0.7,0.1 0.140941
0.7,0.7,0.15 10.2749
0.7,0.7,0.2 64.061
0.7,0.7,0.25 140.941
0.7,0.7,0.3 53.4007
0.7,0.7,0.35 0.206937
0.7,0.75,0 6.0956e-12
0.7,0.75,0.05 0.473042
0.7,0.75,0.1 4.58012
0.7,0.75,0.15 44.2749
0.7,0.75,0.2 52.531
0.7,0.75,0.25 32.789
0.7,0.75,0.3 7.60607
0.7,0.75,0.35 0.0110684
0.7,0.8,0 2.01839e-09
0.7,0.8,0.05 11.2981
0.7,0.8,0.1 47.6367
0.7,0.8,0.15 49.8437
0.7,0.8,0.2 31.3881
0.7,0.8,0.25 5.235
0.7,0.8,0.3 1.01833
0.7,0.85,0 8.01202e-09
0.7,0.85,0.05 41.2806
0.7,0.85,0.1 164.942
0.7,0.85,0.15 42.6258
0.7,0.85,0.2 1.16083
0.7,0.85,0.25 0.0309474
0.7,0.9,0 2.00013e-09
0.7,0.9,0.05 10.3149
0.7,0.9,0.1 41.1903
0.7,0.9,0.15 10.2803
0.7,0.95,0 5.43256e-18
0.7,0.95,0.05 6.36324e-06
0.7,0.95,0.1 2.54457e-05
0.7,0.95,0.15 6.35962e-06
0.75,0.15,0.15 2.04695
0.75,0.15,0.2 16.2058
0.75,0.15,0.25 7.7077
0.75,0.15,0.3 0.0469584
0.75,0.2,0.1 7.60189e-05
0.75,0.2,0.15 18.6126
0.75,0.2,0.2 141.082
0.75,0.2,0.25 65.8023
0.75,0.2,0.3 0.393948
0.75,0.25,0.1 0.000445393
0.75,0.25,0.15 16.1628
0.75,0.25,0.2 94.9013
0.75,0.25,0.25 38.299
0.75,0.25,0.3 0.196749
0.75,0.3,0.05 0.000740347
0.75,0.3,0.1 2.13575
0.75,0.3,0.15 9.38368
0.75,0.3,0.2 10.8028
0.75,0.3,0.25 2.24777
0.75,0.3,0.3 0.0016797
0.75,0.35,0 9.93924e-19
0.75,0.35,0.05 0.0272356
0.75,0.35,0.1 79.8101
0.75,0.35,0.15 268.489
0.75,0.35,0.2 154.641
0.75,0.35,0.25 48.7287
0.75,0.35,0.3 0.28196
0.75,0.4,0 4.27642e-15
0.75,0.4,0.05 0.0388452
0.75,0.4,0.1 112.785
0.75,0.4,0.15 406.577
0.75,0.4,0.2 385.762
0.75,0.4,0.25 144.398
0.75,0.4,0.3 0.839462
0.75,0.45,0 1.40665e-14
0.75,0.45,0.05 0.442312
0.75,0.45,0.1 27.7968
0.75,0.45,0.15 155.816
0.75,0.45,0.2 227.059
0.75,0.45,0.25 79.3708
0.75,0.45,0.3 1.43079
0.75,0.5,0 8.93546e-13
0.75,0.5,0.05 1.57592
0.75,0.5,0.1 41.0183
0.75,0.5,0.15 128.778
0.75,0.5,0.2 285.745
0.75,0.5,0.25 154.143
0.75,0.5,0.3 3.85396
0.75,0.55,0 2.19994e-11
0.75,0.55,0.05 10.612
0.75,0.55,0.1 61.3647
0.75,0.55,0.15 42.0567
0.75,0.55,0.2 151.439
0.75,0.55,0.25 132.632
0.75,0.55,0.3 9.79172
0.75,0.6,0 2.29927e-11
0.75,0.6,0.05 20.6555
0.75,0.6,0.1 95.4193
0.75,0.6,0.15 31.8808
0.75,0.6,0.2 24.415
0.75,0.6,0.25 46.4395
0.75,0.6,0.3 6.72615
0.75,0.6,0.35 2.03731e-05
0.75,0.65,0 1.19587e-12
0.75,0.65,0.05 11.3498
0.75,0.65,0.1 45.8844
0.75,0.65,0.15 11.7456
0.75,0.65,0.2 0.47196
0.75,0.65,0.25 1.42515
0.75,0.65,0.3 0.321187
0.75,0.65,0.35 0.000587938
0.75,0.7,0 6.07228e-15
0.75,0.7,0.05 0.506462
0.75,0.7,0.1 2.02571
0.75,0.7,0.15 0.506394
0.75,0.7,0.2 0.0542869
0.75,0.7,0.25 0.38511
0.75,0.7,0.3 0.166501
0.75,0.7,0.35 0.000663054
0.75,0.75,0 2.65197e-11
0.75,0.75,0.05 0.114227
0.75,0.75,0.1 0.456068
0.75,0.75,0.15 0.113807
0.75,0.75,0.2 0.00290362
0.75,0.75,0.25 0.0205982
0.75,0.75,0.3 0.00890555
0.75,0.75,0.35 3.54644e-05
0.75,0.8,0 6.47176e-09
0.75,0.8,0.05 30.6451
0.75,0.8,0.1 122.361
0.75,0.8,0.15 30.5357
0.75,0.85,0 2.26947e-08
0.75,0.85,0.05 108.816
0.75,0.85,0.1 434.491
0.75,0.85,0.15 108.43
0.75,0.9,0 5.3693e-09
0.75,0.9,0.05 25.8896
0.75,0.9,0.1 103.375
0.75,0.9,0.15 25.7978
0.8,0.05,0 1.96048e-11
0.8,0.05,0.05 1.15495
0.8,0.05,0.1 4.61623
0.8,0.05,0.15 1.15317
0.8,0.1,0 2.31151e-10
0.8,0.1,0.05 13.6174
0.8,0.1,0.1 54.4276
0.8,0.1,0.15 13.5964
0.8,0.15,0 1.50684e-10
0.8,0.15,0.05 8.87703
0.8,0.15,0.1 35.4807
0.8,0.15,0.15 8.86795
0.8,0.15,0.2 0.0364167
0.8,0.15,0.25 0.0173202
0.8,0.15,0.3 0.000105522
0.8,0.2,0 2.58221e-12
0.8,0.2,0.05 0.152121
0.8,0.2,0.1 0.608017
0.8,0.2,0.15 0.190476
0.8,0.2,0.2 0.305511
0.8,0.2,0.25 0.145305
0.8,0.2,0.3 0.000885255
0.8,0.25,0.15 0.0192724
0.8,0.25,0.2 0.152581
0.8,0.25,0.25 0.0725695
0.8,0.25,0.3 0.000442122
0.8,0.3,0.05 7.45007e-05
0.8,0.3,0.1 0.214885
0.8,0.3,0.15 0.686965
0.8,0.3,0.2 0.143024
0.8,0.3,0.25 0.00299594
0.8,0.3,0.3 1.74998e-05
0.8,0.35,0.05 0.00368466
0.8,0.35,0.1 7.51859
0.8,0.35,0.15 24.7487
0.8,0.35,0.2 11.2603
0.8,0.35,0.25 3.0562
0.8,0.35,0.3 0.0176845
0.8,0.4,0 1.57474e-14
0.8,0.4,0.05 0.108233
0.8,0.4,0.1 14.0805
0.8,0.4,0.15 38.7902
0.8,0.4,0.2 25.6033
0.8,0.4,0.25 9.01856
0.8,0.4,0.3 0.0521994
0.8,0.45,0 1.17854e-12
0.8,0.45,0.05 0.445394
0.8,0.45,0.1 10.3443
0.8,0.45,0.15 15.2103
0.8,0.45,0.2 5.36256
0.8,0.45,0.25 1.83486
0.8,0.45,0.3 0.0139677
0.8,0.5,0 9.62276e-12
0.8,0.5,0.05 3.20066
0.8,0.5,0.1 13.6382
0.8,0.5,0.15 4.73563
0.8,0.5,0.2 0.927879
0.8,0.5,0.25 0.444154
0.8,0.5,0.3 0.0103755
0.8,0.55,0 1.89067e-10
0.8,0.55,0.05 70.5956
0.8,0.55,0.1 282.267
0.8,0.55,0.15 70.5674
0.8,0.55,0.2 0.273167
0.8,0.55,0.25 0.16883
0.8,0.55,0.3 0.00278157
0.8,0.6,0 1.97184e-10
0.8,0.6,0.05 140.991
0.8,0.6,0.1 563.826
0.8,0.6,0.15 140.924
0.8,0.6,0.2 0.0155453
0.8,0.6,0.25 0.0091633
0.8,0.6,0.3 0.00011814
0.8,0.65,0 1.01062e-11
0.8,0.65,0.05 77.1781
0.8,0.65,0.1 308.687
0.8,0.65,0.15 77.1654
0.8,0.7,0 2.27173e-13
0.8,0.7,0.05 4.71673
0.8,0.7,0.1 18.8652
0.8,0.7,0.15 4.71587
0.8,0.75,0 2.78316e-10
0.8,0.75,0.05 1.40664
0.8,0.75,0.1 5.61753
0.8,0.75,0.15 1.40214
0.8,0.8,0 1.35993e-08
0.8,0.8,0.05 59.6748
0.8,0.8,0.1 238.264
0.8,0.8,0.15 59.5046
0.8,0.8,0.2 0.0711483
0.8,0.8,0.25 0.00586099
0.8,0.85,0 2.1173e-08
0.8,0.85,0.05 93.7068
0.8,0.85,0.1 374.15
0.8,0.85,0.15 93.6418
0.8,0.85,0.2 0.414554
0.8,0.85,0.25 0.0341498
0.8,0.9,0 2.16719e-09
0.8,0.9,0.05 9.81897
0.8,0.9,0.1 39.2066
0.8,0.9,0.15 9.88317
0.8,0.9,0.2 0.149736
0.8,0.9,0.25 0.0123348
0.8,0.95,0.1 2.45344e-06
0.8,0.95,0.15 0.000135392
0.8,0.95,0.2 0.000203333
0.8,0.95,0.25 1.675e-05
0.85,0.05,0 1.24806e-10
0.85,0.05,0.05 7.35247
0.85,0.05,0.1 29.3872
0.85,0.05,0.15 7.34114
0.85,0.1,0 1.47152e-09
0.85,0.1,0.05 86.6892
0.85,0.1,0.1 346.489
0.85,0.1,0.15 86.5556
0.85,0.15,0 9.59267e-10
0.85,0.15,0.05 56.5117
0.85,0.15,0.1 225.873
0.85,0.15,0.15 56.4246
0.85,0.2,0 1.64385e-11
0.85,0.2,0.05 0.968414
0.85,0.2,0.1 3.87067
0.85,0.2,0.15 0.966922
0.85,0.35,0.05 0.021021
0.85,0.35,0.1 1.00441
0.85,0.35,0.15 1.42476
0.85,0.35,0.2 0.108326
0.85,0.4,0 1.61239e-12
0.85,0.4,0.05 2.30668
0.85,0.4,0.1 94.4704
0.85,0.4,0.15 132.327
0.85,0.4,0.2 10.0336
0.85,0.45,0 1.20671e-10
0.85,0.45,0.05 30.4112
0.85,0.45,0.1 274.687
0.85,0.45,0.15 263.895
0.85,0.45,0.2 18.0199
0.85,0.5,0 2.06168e-10
0.85,0.5,0.05 46.8754
0.85,0.5,0.1 203.377
0.85,0.5,0.15 71.1832
0.85,0.5,0.2 1.87936
0.85,0.55,0 1.15474e-10
0.85,0.55,0.05 39.9523
0.85,0.55,0.1 159.742
0.85,0.55,0.15 39.9188
0.85,0.6,0 1.00327e-10
0.85,0.6,0.05 65.0686
0.85,0.6,0.1 260.206
0.85,0.6,0.15 65.0344
0.85,0.65,0 8.67211e-12
0.85,0.65,0.05 57.5541
0.85,0.65,0.1 230.19
0.85,0.65,0.15 57.5406
0.85,0.7,0 8.47068e-12
0.85,0.7,0.05 60.7193
0.85,0.7,0.1 242.84
0.85,0.7,0.15 60.7005
0.85,0.75,0 1.79695e-10
0.85,0.75,0.05 10.525
0.85,0.75,0.1 42.0858
0.85,0.75,0.15 10.5179
0.85,0.8,0 7.95205e-09
0.85,0.8,0.05 72.5733
0.85,0.8,0.1 290.237
0.85,0.8,0.15 88.0607
0.85,0.8,0.2 23.5139
0.85,0.8,0.25 1.93701
0.85,0.85,0 1.09868e-08
0.85,0.85,0.05 89.5657
0.85,0.85,0.1 359.471
0.85,0.85,0.15 180.571
0.85,0.85,0.2 137.006
0.85,0.85,0.25 11.2862
0.85,0.9,0 8.06315e-10
0.85,0.9,0.05 5.64828
0.85,0.9,0.1 23.1597
0.85,0.9,0.15 38.5842
0.85,0.9,0.2 49.4863
0.85,0.9,0.25 4.07654
0.85,0.95,0.1 0.00081084
0.85,0.95,0.15 0.044746
0.85,0.95,0.2 0.0671997
0.85,0.95,0.25 0.00553573
0.9,0.05,0 4.89436e-11
0.9,0.05,0.05 2.88334
0.9,0.05,0.1 11.5245
0.9,0.05,0.15 2.87889
0.9,0.1,0 5.77069e-10
0.9,0.1,0.05 33.9959
0.9,0.1,0.1 135.879
0.9,0.1,0.15 33.9435
0.9,0.15,0 3.76185e-10
0.9,0.15,0.05 22.1616
0.9,0.15,0.1 88.578
0.9,0.15,0.15 22.1274
0.9,0.2,0 6.4465e-12
0.9,0.2,0.05 0.379772
0.9,0.2,0.1 1.51792
0.9,0.2,0.15 0.379187
0.9,0.35,0.05 0.0189274
0.9,0.35,0.1 0.904376
0.9,0.35,0.15 1.28286
0.9,0.35,0.2 0.0975375
0.9,0.4,0 2.98509e-12
0.9,0.4,0.05 2.41893
0.9,0.4,0.1 86.4289
0.9,0.4,0.15 119.489
0.9,0.4,0.2 9.03434
0.9,0.45,0 2.23404e-10
0.9,0.45,0.05 52.9764
0.9,0.45,0.1 349.654
0.9,0.45,0.15 263.182
0.9,0.45,0.2 16.2252
0.9,0.5,0 3.74512e-10
0.9,0.5,0.05 83.8632
0.9,0.5,0.1 349.664
0.9,0.5,0.15 105.709
0.9,0.5,0.2 1.69218
0.9,0.55,0 3.65142e-11
0.9,0.55,0.05 8.25105
0.9,0.55,0.1 32.988
0.9,0.55,0.15 8.24293
0.9,0.6,0 8.14264e-13
0.9,0.6,0.05 0.51691
0.9,0.6,0.1 2.06705
0.9,0.6,0.15 0.516613
0.9,0.65,0 5.11004e-12
0.9,0.65,0.05 35.6933
0.9,0.65,0.1 142.751
0.9,0.65,0.15 35.6821
0.9,0.7,0 1.17393e-11
0.9,0.7,0.05 82.3675
0.9,0.7,0.1 329.418
0.9,0.7,0.15 82.3416
0.9,0.75,0 2.30819e-11
0.9,0.75,0.05 13.8493
0.9,0.75,0.1 55.3843
0.9,0.75,0.15 13.8429
0.9,0.8,0 6.31785e-10
0.9,0.8,0.05 61.7132
0.9,0.8,0.1 247.391
0.9,0.8,0.15 99.8385
0.9,0.8,0.2 57.3725
0.9,0.8,0.25 4.72619
0.9,0.85,0 7.26178e-10
0.9,0.85,0.05 68.1559
0.9,0.85,0.1 276.486
0.9,0.85,0.15 290.661
0.9,0.85,0.2 334.288
0.9,0.85,0.25 27.5377
0.9,0.9,0 4.0616e-11
0.9,0.9,0.05 3.52351
0.9,0.9,0.1 15.542
0.9,0.9,0.15 83.9181
0.9,0.9,0.2 120.744
0.9,0.9,0.25 9.94653
0.9,0.95,0.1 0.0019784
0.9,0.95,0.15 0.109178
0.9,0.95,0.2 0.163964
0.9,0.95,0.25 0.0135069
0.95,0.05,0 1.15116e-13
0.95,0.05,0.05 0.00678165
0.95,0.05,0.1 0.0271057
0.95,0.05,0.15 0.0067712
0.95,0.1,0 1.35728e-12
0.95,0.1,0.05 0.079959
0.95,0.1,0.1 0.319589
0.95,0.1,0.15 0.0798357
0.95,0.15,0 8.84793e-13
0.95,0.15,0.05 0.0521244
0.95,0.15,0.1 0.208337
0.95,0.15,0.15 0.052044
0.95,0.2,0 1.51623e-14
0.95,0.2,0.05 0.000893231
0.95,0.2,0.1 0.00357017
0.95,0.2,0.15 0.000891854
0.95,0.35,0.05 0.000675949
0.95,0.35,0.1 0.0322977
0.95,0.35,0.15 0.0458145
0.95,0.35,0.2 0.00348333
0.95,0.4,0 3.23381e-13
0.95,0.4,0.05 0.134736
0.95,0.4,0.1 3.27991
0.95,0.4,0.15 4.31559
0.95,0.4,0.2 0.32264
0.95,0.45,0 2.42019e-11
0.95,0.45,0.05 5.51039
0.95,0.45,0.1 26.9538
0.95,0.45,0.15 13.0138
0.95,0.45,0.2 0.579447
0.95,0.5,0 4.05683e-11
0.95,0.5,0.05 9.06002
0.95,0.5,0.1 36.7356
0.95,0.5,0.15 9.83419
0.95,0.5,0.2 0.0604323
0.95,0.55,0 3.87302e-12
0.95,0.55,0.05 0.863833
0.95,0.55,0.1 3.45362
0.95,0.55,0.15 0.862979
0.95,0.6,0 1.48447e-15
0.95,0.6,0.05 0.0104151
0.95,0.6,0.1 0.041654
0.95,0.6,0.15 0.0104119
0.95,0.65,0 3.7401e-13
0.95,0.65,0.05 2.62407
0.95,0.65,0.1 10.4946
0.95,0.65,0.15 2.62325
0.95,0.7,0 8.6566e-13
0.95,0.7,0.05 6.07352
0.95,0.7,0.1 24.2903
0.95,0.7,0.15 6.07161
0.95,0.75,0 1.75853e-12
0.95,0.75,0.05 1.04604
0.95,0.75,0.1 4.18317
0.95,0.75,0.15 1.04554
0.95,0.8,0 4.51572e-11
0.95,0.8,0.05 5.22184
0.95,0.8,0.1 20.9781
0.95,0.8,0.15 10.9323
0.95,0.8,0.2 8.5857
0.95,0.8,0.25 0.707266
0.95,0.85,0 4.97777e-11
0.95,0.85,0.05 5.75614
0.95,0.85,0.1 23.614
0.95,0.85,0.15 39.0593
0.95,0.85,0.2 50.0256
0.95,0.85,0.25 4.12097
0.95,0.9,0 2.56326e-12
0.95,0.9,0.05 0.296408
0.95,0.9,0.1 1.40293
0.95,0.9,0.15 12.3276
0.95,0.9,0.2 18.0691
0.95,0.9,0.25 1.48848
0.95,0.95,0.1 0.000296065
0.95,0.95,0.15 0.0163382
0.95,0.95,0.2 0.0245369
0.95,0.95,0.25 0.00202128
