0.25,0.05,0.25 33.6313
0.25,0.05,0.3 57.5156
0.25,0.05,0.35 10.0982
0.25,0.1,0 7.36776e-10
0.25,0.1,0.05 14.9756
0.25,0.1,0.1 62.9041
0.25,0.1,0.15 191.951
0.25,0.1,0.2 387.862
0.25,0.1,0.25 328.882
0.25,0.1,0.3 396.768
0.25,0.1,0.35 75.7544
0.25,0.1,0.4 0.00201806
0.25,0.15,0 2.01665e-09
0.25,0.15,0.05 47.575
0.25,0.15,0.1 202.436
0.25,0.15,0.15 329.686
0.25,0.15,0.2 718.437
0.25,0.15,0.25 511.727
0.25,0.15,0.3 325.924
0.25,0.15,0.35 137.634
0.25,0.15,0.4 14.4359
0.25,0.2,0 3.42337e-10
0.25,0.2,0.05 76.3037
0.25,0.2,0.1 360.978
0.25,0.2,0.15 410.559
0.25,0.2,0.2 493.773
0.25,0.2,0.25 266.49
0.25,0.2,0.3 547.071
0.25,0.2,0.35 491.626
0.25,0.2,0.4 64.1926
0.25,0.25,0 5.67905e-12
0.25,0.25,0.05 83.1804
0.25,0.25,0.1 360.071
0.25,0.25,0.15 311.976
0.25,0.25,0.2 624.564
0.25,0.25,0.25 318.229
0.25,0.25,0.3 525.606
0.25,0.25,0.35 443.203
0.25,0.25,0.4 38.1382
0.25,0.3,0 5.60199e-12
0.25,0.3,0.05 43.5923
0.25,0.3,0.1 195.778
0.25,0.3,0.15 272.459
0.25,0.3,0.2 610.154
0.25,0.3,0.25 262.129
0.25,0.3,0.3 170.37
0.25,0.3,0.35 234.162
0.25,0.3,0.4 34.6919
0.25,0.35,0 3.20643e-11
0.25,0.35,0.05 74.3322
0.25,0.35,0.1 392.912
0.25,0.35,0.15 347.528
0.25,0.35,0.2 139.388
0.25,0.35,0.25 26.2762
0.25,0.35,0.3 20.2376
0.25,0.35,0.35 39.5423
0.25,0.35,0.4 6.73869
0.25,0.4,0 1.22152e-10
0.25,0.4,0.05 101.521
0.25,0.4,0.1 477.61
0.25,0.4,0.15 389.946
0.25,0.4,0.2 148.388
0.25,0.4,0.25 42.2814
0.25,0.4,0.3 3.14543
0.25,0.4,0.35 0.057855
0.25,0.4,0.4 0.00472871
0.25,0.4,0.45 8.67825e-09
0.25,0.45,0 8.90017e-10
0.25,0.45,0.05 149.061
0.25,0.45,0.1 649.557
0.25,0.45,0.15 458.975
0.25,0.45,0.2 331.424
0.25,0.45,0.25 353.674
0.25,0.45,0.3 134.956
0.25,0.45,0.35 103.356
0.25,0.45,0.4 53.8771
0.25,0.45,0.45 4.71359
0.25,0.45,0.5 3.54222e-06
0.25,0.5,0 1.69868e-09
0.25,0.5,0.05 181.479
0.25,0.5,0.1 733.69
0.25,0.5,0.15 342.507
0.25,0.5,0.2 372.829
0.25,0.5,0.25 594.732
0.25,0.5,0.3 686.054
0.25,0.5,0.35 570.209
0.25,0.5,0.4 420.071
0.25,0.5,0.45 44.1674
0.25,0.5,0.5 5.41723e-05
0.25,0.55,0 2.49174e-09
0.25,0.55,0.05 82.03
0.25,0.55,0.1 400.102
0.25,0.55,0.15 346.67
0.25,0.55,0.2 364.7
0.25,0.55,0.25 460.277
0.25,0.55,0.3 678.051
0.25,0.55,0.35 656.724
0.25,0.55,0.4 456.109
0.25,0.55,0.45 41.7901
0.25,0.55,0.5 4.23087e-05
0.25,0.6,0 1.73455e-08
0.25,0.6,0.05 11.9041
0.25,0.6,0.1 169.84
0.25,0.6,0.15 409.243
0.25,0.6,0.2 556.938
0.25,0.6,0.25 489.928
0.25,0.6,0.3 446.151
0.25,0.6,0.35 531.779
0.25,0.6,0.4 347.486
0.25,0.6,0.45 23.7947
0.25,0.6,0.5 1.12396e-06
0.25,0.65,0 1.10698e-08
0.25,0.65,0.05 77.9443
0.25,0.65,0.1 343.746
0.25,0.65,0.15 411.886
0.25,0.65,0.2 503.02
0.25,0.65,0.25 240.448
0.25,0.65,0.3 428.932
0.25,0.65,0.35 305.681
0.25,0.65,0.4 105.354
0.25,0.65,0.45 7.42111
0.25,0.7,0 2.14309e-09
0.25,0.7,0.05 95.4049
0.25,0.7,0.1 459.815
0.25,0.7,0.15 453.1
0.25,0.7,0.2 405.776
0.25,0.7,0.25 290.6
0.25,0.7,0.3 252.58
0.25,0.7,0.35 61.2961
0.25,0.7,0.4 4.31751
0.25,0.7,0.45 0.250862
0.25,0.75,0 1.56936e-10
0.25,0.75,0.05 11.4383
0.25,0.75,0.1 243.988
0.25,0.75,0.15 586.782
0.25,0.75,0.2 574.566
0.25,0.75,0.25 332.233
0.25,0.75,0.3 207.851
0.25,0.75,0.35 31.7298
0.25,0.75,0.4 9.46788e-05
0.25,0.8,0.05 1.33938
0.25,0.8,0.1 105.948
0.25,0.8,0.15 286.954
0.25,0.8,0.2 228.871
0.25,0.8,0.25 110.674
0.25,0.8,0.3 84.648
0.25,0.8,0.35 16.1205
0.25,0.85,0.05 0.0130189
0.25,0.85,0.1 1.05017
0.25,0.85,0.15 3.04643
0.25,0.85,0.2 1.64769
0.25,0.85,0.25 0.724933
0.25,0.85,0.3 0.80568
0.25,0.85,0.35 0.15026
0.3,0,0.1 8.98235e-13
0.3,0,0.15 3.69085e-11
0.3,0,0.2 7.2462e-11
0.3,0,0.25 4.93977e-10
0.3,0,0.3 4.6626e-10
0.3,0,0.35 1.84664e-11
0.3,0.05,0 3.73392e-15
0.3,0.05,0.05 0.128875
0.3,0.05,0.1 2.54789
0.3,0.05,0.15 59.8989
0.3,0.05,0.2 82.6502
0.3,0.05,0.25 82.1163
0.3,0.05,0.3 74.3198
0.3,0.05,0.35 3.33424
0.3,0.1,0 2.52885e-12
0.3,0.1,0.05 5.95846
0.3,0.1,0.1 56.7343
0.3,0.1,0.15 277.574
0.3,0.1,0.2 378.697
0.3,0.1,0.25 374.69
0.3,0.1,0.3 372.5
0.3,0.1,0.35 35.3947
0.3,0.1,0.4 0.00687463
0.3,0.15,0 6.92182e-12
0.3,0.15,0.05 13.6263
0.3,0.15,0.1 107.635
0.3,0.15,0.15 356.45
0.3,0.15,0.2 487.651
0.3,0.15,0.25 294.082
0.3,0.15,0.3 550.852
0.3,0.15,0.35 236.415
0.3,0.15,0.4 24.5324
0.3,0.2,0 1.32056e-12
0.3,0.2,0.05 76.9495
0.3,0.2,0.1 345.069
0.3,0.2,0.15 530.859
0.3,0.2,0.2 667.106
0.3,0.2,0.25 329.273
0.3,0.2,0.3 667.679
0.3,0.2,0.35 523.144
0.3,0.2,0.4 94.4694
0.3,0.25,0 2.12808e-12
0.3,0.25,0.05 98.12
0.3,0.25,0.1 402.999
0.3,0.25,0.15 227.75
0.3,0.25,0.2 281.005
0.3,0.25,0.25 372.502
0.3,0.25,0.3 586.084
0.3,0.25,0.35 448.479
0.3,0.25,0.4 52.5475
0.3,0.3,0 8.4984e-12
0.3,0.3,0.05 33.2961
0.3,0.3,0.1 160.635
0.3,0.3,0.15 380.686
0.3,0.3,0.2 471.762
0.3,0.3,0.25 459.595
0.3,0.3,0.3 441.727
0.3,0.3,0.35 447.358
0.3,0.3,0.4 67.0106
0.3,0.35,0 1.87413e-10
0.3,0.35,0.05 37.3283
0.3,0.35,0.1 305.565
0.3,0.35,0.15 755.312
0.3,0.35,0.2 554.944
0.3,0.35,0.25 84.8128
0.3,0.35,0.3 60.4319
0.3,0.35,0.35 78.2128
0.3,0.35,0.4 13.0489
0.3,0.35,0.45 4.39254e-07
0.3,0.4,0 3.85241e-10
0.3,0.4,0.05 106.779
0.3,0.4,0.1 551.136
0.3,0.4,0.15 764.973
0.3,0.4,0.2 464.838
0.3,0.4,0.25 52
0.3,0.4,0.3 2.19975
0.3,0.4,0.35 0.401956
0.3,0.4,0.4 0.784916
0.3,0.4,0.45 0.1125
0.3,0.45,0 5.74216e-10
0.3,0.45,0.05 76.8537
0.3,0.45,0.1 367.072
0.3,0.45,0.15 545.577
0.3,0.45,0.2 515.159
0.3,0.45,0.25 261.007
0.3,0.45,0.3 113.41
0.3,0.45,0.35 73.3799
0.3,0.45,0.4 14.9137
0.3,0.45,0.45 0.992139
0.3,0.5,0 1.13733e-09
0.3,0.5,0.05 120.553
0.3,0.5,0.1 485.766
0.3,0.5,0.15 208.108
0.3,0.5,0.2 222.52
0.3,0.5,0.25 341.56
0.3,0.5,0.3 619.835
0.3,0.5,0.35 392.035
0.3,0.5,0.4 69.6061
0.3,0.5,0.45 4.22976
0.3,0.55,0 6.19814e-08
0.3,0.55,0.05 80.8018
0.3,0.55,0.1 329.674
0.3,0.55,0.15 229.27
0.3,0.55,0.2 294.973
0.3,0.55,0.25 376.562
0.3,0.55,0.3 677.171
0.3,0.55,0.35 252.965
0.3,0.55,0.4 75.6129
0.3,0.55,0.45 4.99116
0.3,0.6,0 5.15624e-07
0.3,0.6,0.05 68.8294
0.3,0.6,0.1 289.182
0.3,0.6,0.15 292.679
0.3,0.6,0.2 584.319
0.3,0.6,0.25 430.813
0.3,0.6,0.3 651.507
0.3,0.6,0.35 481.069
0.3,0.6,0.4 327.9
0.3,0.6,0.45 22.1318
0.3,0.65,0 2.57486e-07
0.3,0.65,0.05 78.9215
0.3,0.65,0.1 320.839
0.3,0.65,0.15 233.802
0.3,0.65,0.2 440.264
0.3,0.65,0.25 425.41
0.3,0.65,0.3 633.299
0.3,0.65,0.35 483.912
0.3,0.65,0.4 273.975
0.3,0.65,0.45 18.1022
0.3,0.7,0 2.71045e-09
0.3,0.7,0.05 68.1003
0.3,0.7,0.1 282.067
0.3,0.7,0.15 205.272
0.3,0.7,0.2 455.06
0.3,0.7,0.25 221.798
0.3,0.7,0.3 164.138
0.3,0.7,0.35 47.3525
0.3,0.7,0.4 10.7966
0.3,0.7,0.45 0.653085
0.3,0.75,0 8.54123e-11
0.3,0.75,0.05 7.01521
0.3,0.75,0.1 113.565
0.3,0.75,0.15 243.987
0.3,0.75,0.2 468.472
0.3,0.75,0.25 248.458
0.3,0.75,0.3 155.189
0.3,0.75,0.35 23.8669
0.3,0.75,0.4 1.43871e-06
0.3,0.8,0.05 0.64949
0.3,0.8,0.1 48.6971
0.3,0.8,0.15 101.02
0.3,0.8,0.2 105.598
0.3,0.8,0.25 45.8181
0.3,0.8,0.3 16.7731
0.3,0.8,0.35 2.44294
0.3,0.85,0.05 0.0063131
0.3,0.85,0.1 0.473907
0.3,0.85,0.15 0.829973
0.3,0.85,0.2 0.1132
0.3,0.85,0.25 0.00393018
0.3,0.85,0.3 0.00260604
0.3,0.85,0.35 0.000516394
0.35,0,0.1 1.0915e-13
0.35,0,0.15 4.48499e-12
0.35,0,0.2 1.36352e-11
0.35,0,0.25 1.61573e-10
0.35,0,0.3 1.53173e-10
0.35,0,0.35 6.06646e-12
0.35,0.05,0.05 0.580655
0.35,0.05,0.1 5.15031
0.35,0.05,0.15 9.73888
0.35,0.05,0.2 10.9741
0.35,0.05,0.25 26.4911
0.35,0.05,0.3 23.9997
0.35,0.05,0.35 0.9397
0.35,0.1,0.05 26.6644
0.35,0.1,0.1 229.99
0.35,0.1,0.15 146.431
0.35,0.1,0.2 57.7873
0.35,0.1,0.25 172.853
0.35,0.1,0.3 135.415
0.35,0.1,0.35 9.87453
0.35,0.1,0.4 0.00201253
0.35,0.15,0 1.89783e-17
0.35,0.15,0.05 43.4579
0.35,0.15,0.1 360.314
0.35,0.15,0.15 241.565
0.35,0.15,0.2 137.374
0.35,0.15,0.25 274.226
0.35,0.15,0.3 236.049
0.35,0.15,0.35 54.7142
0.35,0.15,0.4 2.91727
0.35,0.2,0 2.46648e-13
0.35,0.2,0.05 98.2013
0.35,0.2,0.1 436.933
0.35,0.2,0.15 411.579
0.35,0.2,0.2 495.153
0.35,0.2,0.25 377.411
0.35,0.2,0.3 476.772
0.35,0.2,0.35 150.511
0.35,0.2,0.4 13.6629
0.35,0.25,0 8.92347e-12
0.35,0.25,0.05 166.072
0.35,0.25,0.1 714.92
0.35,0.25,0.15 544.871
0.35,0.25,0.2 303.424
0.35,0.25,0.25 340.69
0.35,0.25,0.3 686.124
0.35,0.25,0.35 326.732
0.35,0.25,0.4 18.9608
0.35,0.3,0 4.50192e-11
0.35,0.3,0.05 130.021
0.35,0.3,0.1 548.212
0.35,0.3,0.15 488.598
0.35,0.3,0.2 368.149
0.35,0.3,0.25 599.998
0.35,0.3,0.3 791.988
0.35,0.3,0.35 193.898
0.35,0.3,0.4 11.8262
0.35,0.35,0 1.27489e-09
0.35,0.35,0.05 90.3275
0.35,0.35,0.1 395.814
0.35,0.35,0.15 506.172
0.35,0.35,0.2 444.122
0.35,0.35,0.25 213.297
0.35,0.35,0.3 155.416
0.35,0.35,0.35 25.3663
0.35,0.35,0.4 1.49629
0.35,0.35,0.45 3.24254e-05
0.35,0.4,0 2.51728e-09
0.35,0.4,0.05 165.031
0.35,0.4,0.1 789.08
0.35,0.4,0.15 764.551
0.35,0.4,0.2 421.84
0.35,0.4,0.25 44.1699
0.35,0.4,0.3 13.559
0.35,0.4,0.35 26.7078
0.35,0.4,0.4 56.1098
0.35,0.4,0.45 8.30272
0.35,0.45,0 2.20825e-09
0.35,0.45,0.05 96.8546
0.35,0.45,0.1 505.501
0.35,0.45,0.15 701.82
0.35,0.45,0.2 681.346
0.35,0.45,0.25 207.011
0.35,0.45,0.3 125.612
0.35,0.45,0.35 278.778
0.35,0.45,0.4 267.397
0.35,0.45,0.45 31.7124
0.35,0.5,0 2.49667e-09
0.35,0.5,0.05 144.983
0.35,0.5,0.1 605.191
0.35,0.5,0.15 399.289
0.35,0.5,0.2 595.975
0.35,0.5,0.25 647.905
0.35,0.5,0.3 600.225
0.35,0.5,0.35 484.004
0.35,0.5,0.4 152.009
0.35,0.5,0.45 7.6504
0.35,0.55,0 7.25879e-08
0.35,0.55,0.05 90.4856
0.35,0.55,0.1 386.87
0.35,0.55,0.15 441.171
0.35,0.55,0.2 619.907
0.35,0.55,0.25 441.016
0.35,0.55,0.3 432.485
0.35,0.55,0.35 149.528
0.35,0.55,0.4 34.8891
0.35,0.55,0.45 1.12963
0.35,0.6,0 5.99473e-07
0.35,0.6,0.05 93.6075
0.35,0.6,0.1 421.888
0.35,0.6,0.15 621.714
0.35,0.6,0.2 943.389
0.35,0.6,0.25 508.699
0.35,0.6,0.3 576.767
0.35,0.6,0.35 589.482
0.35,0.6,0.4 352.193
0.35,0.6,0.45 14.4337
0.35,0.65,0 2.98019e-07
0.35,0.65,0.05 114.475
0.35,0.65,0.1 490.057
0.35,0.65,0.15 405.206
0.35,0.65,0.2 493.554
0.35,0.65,0.25 624.365
0.35,0.65,0.3 580.487
0.35,0.65,0.35 607.335
0.35,0.65,0.4 296.747
0.35,0.65,0.45 10.2239
0.35,0.7,0 2.2604e-09
0.35,0.7,0.05 76.3816
0.35,0.7,0.1 306.166
0.35,0.7,0.15 99.1993
0.35,0.7,0.2 150.274
0.35,0.7,0.25 493.23
0.35,0.7,0.3 435.12
0.35,0.7,0.35 123.296
0.35,0.7,0.4 13.4431
0.35,0.7,0.45 0.231046
0.35,0.75,0 6.48878e-09
0.35,0.75,0.05 4.15478
0.35,0.75,0.1 17.1589
0.35,0.75,0.15 32.3888
0.35,0.75,0.2 215.657
0.35,0.75,0.25 557.818
0.35,0.75,0.3 521.858
0.35,0.75,0.35 89.3767
0.35,0.75,0.4 0.749178
0.35,0.8,0 2.09747e-08
0.35,0.8,0.05 2.16562
0.35,0.8,0.1 8.9098
0.35,0.8,0.15 8.57307
0.35,0.8,0.2 43.2766
0.35,0.8,0.25 84.4181
0.35,0.8,0.3 57.1532
0.35,0.8,0.35 6.47503
0.35,0.8,0.4 0.00756807
0.35,0.85,0 4.23295e-09
0.35,0.85,0.05 0.436227
0.35,0.85,0.1 1.7367
0.35,0.85,0.15 0.435833
0.35,0.85,0.2 0.000496694
0.4,0,0.2 4.56167e-15
0.4,0,0.25 9.59092e-14
0.4,0,0.3 9.1156e-14
0.4,0,0.35 3.61026e-15
0.4,0.05,0.05 0.163556
0.4,0.05,0.1 1.40129
0.4,0.05,0.15 0.712185
0.4,0.05,0.2 0.575624
0.4,0.05,0.25 2.94959
0.4,0.05,0.3 1.20234
0.4,0.05,0.35 0.17546
0.4,0.05,0.4 0.00327698
0.4,0.1,0.05 11.1464
0.4,0.1,0.1 97.2043
0.4,0.1,0.15 56.19
0.4,0.1,0.2 45.8701
0.4,0.1,0.25 223.442
0.4,0.1,0.3 80.1109
0.4,0.1,0.35 6.56848
0.4,0.1,0.4 0.122728
0.4,0.15,0 1.88745e-18
0.4,0.15,0.05 36.135
0.4,0.15,0.1 397.691
0.4,0.15,0.15 343.397
0.4,0.15,0.2 199.779
0.4,0.15,0.25 618.242
0.4,0.15,0.3 186.14
0.4,0.15,0.35 9.08614
0.4,0.15,0.4 0.156781
0.4,0.2,0 2.45299e-14
0.4,0.2,0.05 44.425
0.4,0.2,0.1 350.073
0.4,0.2,0.15 464.481
0.4,0.2,0.2 410.071
0.4,0.2,0.25 444.767
0.4,0.2,0.3 153.032
0.4,0.2,0.35 10.481
0.4,0.2,0.4 0.200049
0.4,0.25,0 2.66838e-12
0.4,0.25,0.05 92.8137
0.4,0.25,0.1 434.004
0.4,0.25,0.15 489.327
0.4,0.25,0.2 286.923
0.4,0.25,0.25 155.815
0.4,0.25,0.3 167.508
0.4,0.25,0.35 31.9093
0.4,0.25,0.4 0.979822
0.4,0.3,0 1.54878e-11
0.4,0.3,0.05 109.604
0.4,0.3,0.1 456.511
0.4,0.3,0.15 279.973
0.4,0.3,0.2 306.076
0.4,0.3,0.25 485.664
0.4,0.3,0.3 369.251
0.4,0.3,0.35 44.9517
0.4,0.3,0.4 0.316078
0.4,0.35,0 5.4048e-10
0.4,0.35,0.05 55.7772
0.4,0.35,0.1 228.29
0.4,0.35,0.15 151.446
0.4,0.35,0.2 254.465
0.4,0.35,0.25 538.354
0.4,0.35,0.3 514.16
0.4,0.35,0.35 100.901
0.4,0.35,0.4 1.17507
0.4,0.35,0.45 5.41005e-05
0.4,0.4,0 1.0814e-09
0.4,0.4,0.05 58.6819
0.4,0.4,0.1 283.224
0.4,0.4,0.15 418.354
0.4,0.4,0.2 370.451
0.4,0.4,0.25 228.601
0.4,0.4,0.3 359.568
0.4,0.4,0.35 154.653
0.4,0.4,0.4 97.6467
0.4,0.4,0.45 13.8522
0.4,0.45,0 1.28614e-09
0.4,0.45,0.05 53.5383
0.4,0.45,0.1 285.75
0.4,0.45,0.15 522.915
0.4,0.45,0.2 543.374
0.4,0.45,0.25 285.058
0.4,0.45,0.3 255.621
0.4,0.45,0.35 408.895
0.4,0.45,0.4 429.852
0.4,0.45,0.45 56.7615
0.4,0.5,0 1.37084e-09
0.4,0.5,0.05 67.3285
0.4,0.5,0.1 333.057
0.4,0.5,0.15 472.973
0.4,0.5,0.2 687.012
0.4,0.5,0.25 580.496
0.4,0.5,0.3 442.766
0.4,0.5,0.35 684.478
0.4,0.5,0.4 312.257
0.4,0.5,0.45 31.1385
0.4,0.55,0 1.13367e-08
0.4,0.55,0.05 48.9756
0.4,0.55,0.1 255.412
0.4,0.55,0.15 389.222
0.4,0.55,0.2 461.526
0.4,0.55,0.25 332.239
0.4,0.55,0.3 144.963
0.4,0.55,0.35 230.625
0.4,0.55,0.4 82.1618
0.4,0.55,0.45 5.96505
0.4,0.6,0 6.01546e-08
0.4,0.6,0.05 147.634
0.4,0.6,0.1 613.2
0.4,0.6,0.15 379.153
0.4,0.6,0.2 606.214
0.4,0.6,0.25 383.897
0.4,0.6,0.3 252.935
0.4,0.6,0.35 236.053
0.4,0.6,0.4 147.455
0.4,0.6,0.45 5.7898
0.4,0.65,0 2.32439e-08
0.4,0.65,0.05 72.0671
0.4,0.65,0.1 301.911
0.4,0.65,0.15 238.197
0.4,0.65,0.2 494.289
0.4,0.65,0.25 443.06
0.4,0.65,0.3 370.457
0.4,0.65,0.35 255.089
0.4,0.65,0.4 115.034
0.4,0.65,0.45 3.78915
0.4,0.7,0 2.16872e-10
0.4,0.7,0.05 17.1986
0.4,0.7,0.1 69.0576
0.4,0.7,0.15 24.5735
0.4,0.7,0.2 67.7554
0.4,0.7,0.25 246.069
0.4,0.7,0.3 419.066
0.4,0.7,0.35 255.206
0.4,0.7,0.4 10.4535
0.4,0.7,0.45 0.065812
0.4,0.75,0 2.05596e-07
0.4,0.75,0.05 21.9332
0.4,0.75,0.1 87.1903
0.4,0.75,0.15 21.6999
0.4,0.75,0.2 32.0913
0.4,0.75,0.25 210.529
0.4,0.75,0.3 283.845
0.4,0.75,0.35 139.051
0.4,0.75,0.4 3.47395
0.4,0.8,0 6.64996e-07
0.4,0.8,0.05 68.5247
0.4,0.8,0.1 272.347
0.4,0.8,0.15 67.6597
0.4,0.8,0.2 5.12529
0.4,0.8,0.25 30.7911
0.4,0.8,0.3 17.3704
0.4,0.8,0.35 2.30073
0.4,0.8,0.4 0.0350933
0.4,0.85,0 1.34204e-07
0.4,0.85,0.05 13.8291
0.4,0.85,0.1 54.9628
0.4,0.85,0.15 13.6529
0.45,0.05,0.05 9.19658e-06
0.45,0.05,0.1 7.87928e-05
0.45,0.05,0.15 4.00454e-05
0.45,0.05,0.2 0.119725
0.45,0.05,0.25 0.983206
0.45,0.05,0.3 4.77932
0.45,0.05,0.35 3.09474
0.45,0.05,0.4 0.0581162
0.45,0.1,0.05 12.7576
0.45,0.1,0.1 85.0754
