0.05,0.1,0.15 0.797778
0.05,0.1,0.2 11.8532
0.05,0.1,0.25 9.08195
0.05,0.1,0.3 0.231166
0.05,0.15,0 3.05839e-13
0.05,0.15,0.05 0.00355671
0.05,0.15,0.1 0.014208
0.05,0.15,0.15 4.24986
0.05,0.15,0.2 63.4083
0.05,0.15,0.25 50.2251
0.05,0.15,0.3 1.92381
0.05,0.15,0.35 0.00107616
0.05,0.2,0 2.16413e-12
0.05,0.2,0.05 0.062772
0.05,0.2,0.1 0.261318
0.05,0.2,0.15 1.53462
0.05,0.2,0.2 25.4526
0.05,0.2,0.25 42.0634
0.05,0.2,0.3 10.3626
0.05,0.2,0.35 3.02508
0.05,0.2,0.4 2.96895
0.05,0.2,0.45 0.132256
0.05,0.25,0 9.33563e-13
0.05,0.25,0.05 0.476231
0.05,0.25,0.1 2.03282
0.05,0.25,0.15 0.874528
0.05,0.25,0.2 4.18078
0.05,0.25,0.25 22.811
0.05,0.25,0.3 25.2198
0.05,0.25,0.35 32.1264
0.05,0.25,0.4 27.5849
0.05,0.25,0.45 1.22879
0.05,0.3,0 3.67734e-15
0.05,0.3,0.05 0.314252
0.05,0.3,0.1 1.34344
0.05,0.3,0.15 0.474899
0.05,0.3,0.2 0.415644
0.05,0.3,0.25 6.28993
0.05,0.3,0.3 27.3724
0.05,0.3,0.35 22.3915
0.05,0.3,0.4 14.9783
0.05,0.3,0.45 0.667201
0.05,0.35,0.05 0.00590171
0.05,0.35,0.1 1.38902
0.05,0.35,0.15 13.5709
0.05,0.35,0.2 7.77393
0.05,0.35,0.25 0.592379
0.05,0.35,0.3 2.3002
0.05,0.35,0.35 0.803885
0.05,0.35,0.4 0.148921
0.05,0.35,0.45 0.00663149
0.05,0.4,0.1 4.7613
0.05,0.4,0.15 47.3902
0.05,0.4,0.2 27.4285
0.05,0.4,0.25 0.687358
0.05,0.4,0.3 0.0336065
0.05,0.45,0.05 0.000103543
0.05,0.45,0.1 1.14455
0.05,0.45,0.15 18.8433
0.05,0.45,0.2 57.5102
0.05,0.45,0.25 38.9037
0.05,0.45,0.3 5.72679
0.05,0.45,0.35 0.526171
0.05,0.45,0.4 0.0150399
0.05,0.45,0.45 0.000225593
0.05,0.5,0.05 0.00170616
0.05,0.5,0.1 1.70519
0.05,0.5,0.15 27.5327
0.05,0.5,0.2 127.446
0.05,0.5,0.25 82.4775
0.05,0.5,0.3 24.0722
0.05,0.5,0.35 9.34986
0.05,0.5,0.4 4.30659
0.05,0.5,0.45 0.277846
0.05,0.5,0.5 0.00190316
0.05,0.55,0.05 0.00139856
0.05,0.55,0.1 1.39693
0.05,0.55,0.15 7.95771
0.05,0.55,0.2 20.8018
0.05,0.55,0.25 33.0034
0.05,0.55,0.3 57.1664
0.05,0.55,0.35 25.1537
0.05,0.55,0.4 32.0292
0.05,0.55,0.45 12.1299
0.05,0.55,0.5 0.103925
0.05,0.6,0.05 4.12585e-05
0.05,0.6,0.1 0.0412433
0.05,0.6,0.15 0.118969
0.05,0.6,0.2 0.0824557
0.05,0.6,0.25 15.8707
0.05,0.6,0.3 37.1801
0.05,0.6,0.35 11.2173
0.05,0.6,0.4 35.6685
0.05,0.6,0.45 17.9598
0.05,0.6,0.5 0.155444
0.05,0.65,0.1 0.000437526
0.05,0.65,0.15 0.00544322
0.05,0.65,0.2 1.69119
0.05,0.65,0.25 6.01129
0.05,0.65,0.3 2.03198
0.05,0.65,0.35 0.439717
0.05,0.65,0.4 2.81675
0.05,0.65,0.45 1.46962
0.05,0.65,0.5 0.0127334
0.05,0.7,0.1 0.000311115
0.05,0.7,0.15 0.00604012
0.05,0.7,0.2 13.4256
0.05,0.7,0.25 44.9409
0.05,0.7,0.3 9.39428
0.05,0.75,0.1 6.64976e-06
0.05,0.75,0.15 0.00121645
0.05,0.75,0.2 6.41342
0.05,0.75,0.25 21.4719
0.05,0.75,0.3 4.4884
0.05,0.8,0.15 7.06459e-06
0.05,0.8,0.2 0.0398042
0.05,0.8,0.25 0.133264
0.05,0.8,0.3 0.027857
0.1,0.05,0.15 0.00175879
0.1,0.05,0.2 0.012761
0.1,0.05,0.25 0.0479143
0.1,0.05,0.3 0.935012
0.1,0.05,0.35 0.914562
0.1,0.05,0.4 0.0382009
0.1,0.1,0.15 4.17915
0.1,0.1,0.2 62.0989
0.1,0.1,0.25 48.0606
0.1,0.1,0.3 9.7654
0.1,0.1,0.35 8.34762
0.1,0.1,0.4 0.348677
0.1,0.15,0 4.01599e-10
0.1,0.15,0.05 4.67034
0.1,0.15,0.1 18.6566
0.1,0.15,0.15 26.864
0.1,0.15,0.2 334.395
0.1,0.15,0.25 276.612
0.1,0.15,0.3 19.7454
0.1,0.15,0.35 7.95328
0.1,0.15,0.4 2.31351
0.1,0.15,0.45 0.0310472
0.1,0.2,0 2.84174e-09
0.1,0.2,0.05 36.421
0.1,0.2,0.1 146.442
0.1,0.2,0.15 54.9825
0.1,0.2,0.2 193.862
0.1,0.2,0.25 424.697
0.1,0.2,0.3 156.532
0.1,0.2,0.35 57.777
0.1,0.2,0.4 44.3472
0.1,0.2,0.45 1.45052
0.1,0.25,0 1.22587e-09
0.1,0.25,0.05 56.0932
0.1,0.25,0.1 236.892
0.1,0.25,0.15 122.536
0.1,0.25,0.2 217.615
0.1,0.25,0.25 366.487
0.1,0.25,0.3 364.508
0.1,0.25,0.35 320.091
0.1,0.25,0.4 257.799
0.1,0.25,0.45 11.2255
0.1,0.3,0 4.82875e-12
0.1,0.3,0.05 28.6627
0.1,0.3,0.1 127.522
0.1,0.3,0.15 58.3245
0.1,0.3,0.2 62.7894
0.1,0.3,0.25 92.3124
0.1,0.3,0.3 324.851
0.1,0.3,0.35 222.38
0.1,0.3,0.4 135.361
0.1,0.3,0.45 6.02772
0.1,0.35,0.05 0.652036
0.1,0.35,0.1 14.3608
0.1,0.35,0.15 102.806
0.1,0.35,0.2 57.7445
0.1,0.35,0.25 6.50461
0.1,0.35,0.3 26.6972
0.1,0.35,0.35 8.95654
0.1,0.35,0.4 1.34535
0.1,0.35,0.45 0.0599024
0.1,0.4,0.05 1.48103e-05
0.1,0.4,0.1 35.586
0.1,0.4,0.15 366.842
0.1,0.4,0.2 226.289
0.1,0.4,0.25 6.7894
0.1,0.4,0.3 0.279034
0.1,0.4,0.35 0.13966
0.1,0.4,0.4 3.44087
0.1,0.4,0.45 4.03704
0.1,0.4,0.5 0.230864
0.1,0.45,0 1.93879e-13
0.1,0.45,0.05 1.18752
0.1,0.45,0.1 18.2306
0.1,0.45,0.15 212.761
0.1,0.45,0.2 434.841
0.1,0.45,0.25 265.497
0.1,0.45,0.3 81.405
0.1,0.45,0.35 14.1551
0.1,0.45,0.4 44.1761
0.1,0.45,0.45 50.9533
0.1,0.45,0.5 2.91339
0.1,0.5,0 1.00185e-12
0.1,0.5,0.05 6.18384
0.1,0.5,0.1 94.0482
0.1,0.5,0.15 343.79
0.1,0.5,0.2 726.067
0.1,0.5,0.25 591.465
0.1,0.5,0.3 404.059
0.1,0.5,0.35 227.869
0.1,0.5,0.4 142.736
0.1,0.5,0.45 38.7016
0.1,0.5,0.5 2.01121
0.1,0.55,0 3.22651e-13
0.1,0.55,0.05 2.02593
0.1,0.55,0.1 64.4604
0.1,0.55,0.15 201.612
0.1,0.55,0.2 193.058
0.1,0.55,0.25 320.247
0.1,0.55,0.3 602.927
0.1,0.55,0.35 484.443
0.1,0.55,0.4 450.276
0.1,0.55,0.45 109.157
0.1,0.55,0.5 0.940707
0.1,0.6,0 1.55456e-16
0.1,0.6,0.05 0.00324144
0.1,0.6,0.1 2.223
0.1,0.6,0.15 13.61
0.1,0.6,0.2 13.7184
0.1,0.6,0.25 128.296
0.1,0.6,0.3 288.576
0.1,0.6,0.35 137.156
0.1,0.6,0.4 348.054
0.1,0.6,0.45 157.434
0.1,0.6,0.5 1.34898
0.1,0.65,0.05 0.00408082
0.1,0.65,0.1 7.23542
0.1,0.65,0.15 88.1593
0.1,0.65,0.2 84.9399
0.1,0.65,0.25 60.2098
0.1,0.65,0.3 18.5566
0.1,0.65,0.35 60.5637
0.1,0.65,0.4 88.8937
0.1,0.65,0.45 17.1719
0.1,0.65,0.5 0.110503
0.1,0.7,0.05 0.00164628
0.1,0.7,0.1 5.11966
0.1,0.7,0.15 61.5523
0.1,0.7,0.2 161.174
0.1,0.7,0.25 376.246
0.1,0.7,0.3 78.2894
0.1,0.7,0.35 24.61
0.1,0.7,0.4 21.288
0.1,0.7,0.45 1.11461
0.1,0.75,0.05 4.56455e-06
0.1,0.75,0.1 0.108837
0.1,0.75,0.15 1.31311
0.1,0.75,0.2 53.1791
0.1,0.75,0.25 173.587
0.1,0.75,0.3 36.187
0.1,0.75,0.35 0.391845
0.1,0.75,0.4 0.208727
0.1,0.75,0.45 0.00194671
0.1,0.8,0.15 5.67919e-05
0.1,0.8,0.2 0.320038
0.1,0.8,0.25 1.07238
0.1,0.8,0.3 0.224939
0.1,0.8,0.35 3.74645e-05
0.1,0.85,0.2 3.51331e-12
0.1,0.85,0.25 7.03678e-11
0.1,0.85,0.3 6.50153e-11
0.1,0.85,0.35 2.4407e-12
0.15,0.05,0 3.77742e-13
0.15,0.05,0.05 0.00767793
0.15,0.05,0.1 0.030678
0.15,0.05,0.15 3.07579
0.15,0.05,0.2 22.261
0.15,0.05,0.25 10.7992
0.15,0.05,0.3 21.862
0.15,0.05,0.35 21.4578
0.15,0.05,0.4 0.911479
0.15,0.1,0 2.55832e-10
0.15,0.1,0.05 5.19999
0.15,0.1,0.1 20.7771
0.15,0.1,0.15 23.9172
0.15,0.1,0.2 152.933
0.15,0.1,0.25 94.6781
0.15,0.1,0.3 203
0.15,0.1,0.35 198.107
0.15,0.1,0.4 8.541
0.15,0.15,0 1.8922e-09
0.15,0.15,0.05 28.0947
0.15,0.15,0.1 112.641
0.15,0.15,0.15 45.3713
0.15,0.15,0.2 243.702
0.15,0.15,0.25 299.341
0.15,0.15,0.3 142.723
0.15,0.15,0.35 145.095
0.15,0.15,0.4 27.4705
0.15,0.15,0.45 0.326031
0.15,0.2,0 8.55314e-09
0.15,0.2,0.05 107.043
0.15,0.2,0.1 431.561
0.15,0.2,0.15 169.837
0.15,0.2,0.2 337.666
0.15,0.2,0.25 546.786
0.15,0.2,0.3 278.977
0.15,0.2,0.35 361.928
0.15,0.2,0.4 212.078
0.15,0.2,0.45 3.33594
0.15,0.25,0 3.63974e-09
0.15,0.25,0.05 126.681
0.15,0.25,0.1 562.547
0.15,0.25,0.15 332.503
0.15,0.25,0.2 591.429
0.15,0.25,0.25 654.228
0.15,0.25,0.3 617.043
0.15,0.25,0.35 407.1
0.15,0.25,0.4 242.469
0.15,0.25,0.45 7.23425
0.15,0.3,0 1.52925e-11
0.15,0.3,0.05 68.8413
0.15,0.3,0.1 451.864
0.15,0.3,0.15 293.626
0.15,0.3,0.2 197.763
0.15,0.3,0.25 163.364
0.15,0.3,0.3 309.485
0.15,0.3,0.35 153.619
0.15,0.3,0.4 75.6329
0.15,0.3,0.45 3.20935
0.15,0.35,0 2.06337e-14
0.15,0.35,0.05 5.46377
0.15,0.35,0.1 74.2569
0.15,0.35,0.15 99.9881
0.15,0.35,0.2 34.3376
0.15,0.35,0.25 6.738
0.15,0.35,0.3 17.9001
0.15,0.35,0.35 5.82832
0.15,0.35,0.4 0.737655
0.15,0.35,0.45 0.0317942
0.15,0.4,0 8.73849e-20
0.15,0.4,0.05 0.488174
0.15,0.4,0.1 21.8782
0.15,0.4,0.15 234.803
0.15,0.4,0.2 183.797
0.15,0.4,0.25 11.9677
0.15,0.4,0.3 1.76047
0.15,0.4,0.35 2.32058
0.15,0.4,0.4 18.4963
0.15,0.4,0.45 21.3649
0.15,0.4,0.5 1.22164
0.15,0.45,0 2.69596e-12
0.15,0.45,0.05 16.4794
0.15,0.45,0.1 84.9242
0.15,0.45,0.15 455.853
0.15,0.45,0.2 691.05
0.15,0.45,0.25 322.222
0.15,0.45,0.3 187.412
0.15,0.45,0.35 158.864
0.15,0.45,0.4 269.823
0.15,0.45,0.45 281.946
0.15,0.45,0.5 15.6872
0.15,0.5,0 1.39311e-11
0.15,0.5,0.05 85.1191
0.15,0.5,0.1 434.214
0.15,0.5,0.15 591.184
0.15,0.5,0.2 737.495
0.15,0.5,0.25 646.735
0.15,0.5,0.3 659.02
0.15,0.5,0.35 576.947
0.15,0.5,0.4 447.344
0.15,0.5,0.45 250.203
0.15,0.5,0.5 11.9231
0.15,0.55,0 4.48659e-12
0.15,0.55,0.05 27.4585
0.15,0.55,0.1 184.627
0.15,0.55,0.15 358.72
0.15,0.55,0.2 445.551
0.15,0.55,0.25 489.951
0.15,0.55,0.3 841.14
0.15,0.55,0.35 697.265
0.15,0.55,0.4 513.429
0.15,0.55,0.45 83.6657
0.15,0.55,0.5 1.09449
0.15,0.6,0 2.16168e-15
0.15,0.6,0.05 1.13989
0.15,0.6,0.1 20.6723
0.15,0.6,0.15 78.6817
0.15,0.6,0.2 106.338
0.15,0.6,0.25 157.089
0.15,0.6,0.3 297.062
0.15,0.6,0.35 215.504
0.15,0.6,0.4 308.134
0.15,0.6,0.45 88.371
0.15,0.6,0.5 0.693087
0.15,0.65,0.05 7.38417
0.15,0.65,0.1 132.025
0.15,0.65,0.15 501.65
0.15,0.65,0.2 590.626
0.15,0.65,0.25 223.05
0.15,0.65,0.3 61.2552
0.15,0.65,0.35 522.203
0.15,0.65,0.4 501.849
0.15,0.65,0.45 35.6849
0.15,0.65,0.5 0.0567601
0.15,0.7,0.05 2.97892
0.15,0.7,0.1 61.6199
0.15,0.7,0.15 304.523
0.15,0.7,0.2 471.576
0.15,0.7,0.25 438.824
0.15,0.7,0.3 123.421
0.15,0.7,0.35 291.026
0.15,0.7,0.4 193.167
0.15,0.7,0.45 7.65511
0.15,0.75,0.05 0.00825947
0.15,0.75,0.1 1.04338
0.15,0.75,0.15 15.7682
0.15,0.75,0.2 54.5008
0.15,0.75,0.25 193.559
0.15,0.75,0.3 119.849
0.15,0.75,0.35 26.0088
0.15,0.75,0.4 4.1627
0.15,0.75,0.45 0.0239998
0.15,0.8,0.1 0.0162582
0.15,0.8,0.15 0.32328
0.15,0.8,0.2 1.55498
0.15,0.8,0.25 22.7066
0.15,0.8,0.3 23.1459
0.15,0.8,0.35 4.4154
0.15,0.8,0.4 0.276011
0.15,0.85,0.2 7.169e-08
0.15,0.85,0.25 1.43588e-06
0.15,0.85,0.3 1.32666e-06
0.15,0.85,0.35 4.98032e-08
0.2,0.05,0 2.59192e-12
0.2,0.05,0.05 0.0526829
0.2,0.05,0.1 0.2105
0.2,0.05,0.15 9.45462
0.2,0.05,0.2 68.3481
0.2,0.05,0.25 31.2731
0.2,0.05,0.3 27.8596
0.2,0.05,0.35 31.5228
0.2,0.05,0.4 1.8967
0.2,0.1,0 1.75541e-09
0.2,0.1,0.05 35.6802
0.2,0.1,0.1 142.566
0.2,0.1,0.15 88.9495
0.2,0.1,0.2 401.544
0.2,0.1,0.25 220.793
0.2,0.1,0.3 312.372
0.2,0.1,0.35 373.696
0.2,0.1,0.4 25.7682
0.2,0.15,0 5.02491e-09
0.2,0.15,0.05 100.221
0.2,0.15,0.1 408.284
0.2,0.15,0.15 183.703
0.2,0.15,0.2 356.775
0.2,0.15,0.25 555.075
0.2,0.15,0.3 306.266
0.2,0.15,0.35 288.251
0.2,0.15,0.4 36.0496
0.2,0.15,0.45 0.200336
0.2,0.2,0 2.37326e-09
0.2,0.2,0.05 41.0214
0.2,0.2,0.1 207.684
0.2,0.2,0.15 400.997
0.2,0.2,0.2 534.454
0.2,0.2,0.25 488.116
0.2,0.2,0.3 244.879
0.2,0.2,0.35 513.98
0.2,0.2,0.4 214.263
0.2,0.2,0.45 1.77662
0.2,0.25,0 6.86064e-10
0.2,0.25,0.05 95.3746
0.2,0.25,0.1 439.902
0.2,0.25,0.15 366.642
0.2,0.25,0.2 681.123
0.2,0.25,0.25 481.241
0.2,0.25,0.3 605.705
0.2,0.25,0.35 779.071
0.2,0.25,0.4 218.842
0.2,0.25,0.45 1.03575
0.2,0.3,0 1.27438e-11
0.2,0.3,0.05 77.4236
0.2,0.3,0.1 504.094
0.2,0.3,0.15 412.841
0.2,0.3,0.2 680.502
0.2,0.3,0.25 336.042
0.2,0.3,0.3 253.124
0.2,0.3,0.35 210.64
0.2,0.3,0.4 35.8523
0.2,0.3,0.45 0.0850094
0.2,0.35,0 2.16884e-13
0.2,0.35,0.05 45.9901
0.2,0.35,0.1 244.498
0.2,0.35,0.15 145.184
0.2,0.35,0.2 94.5373
0.2,0.35,0.25 29.8012
0.2,0.35,0.3 2.67125
0.2,0.35,0.35 2.25847
0.2,0.35,0.4 0.633976
0.2,0.35,0.45 0.019406
0.2,0.4,0 4.70581e-13
0.2,0.4,0.05 45.5545
0.2,0.4,0.1 213.517
0.2,0.4,0.15 295.828
0.2,0.4,0.2 141.231
0.2,0.4,0.25 12.1692
0.2,0.4,0.3 3.86899
0.2,0.4,0.35 3.32225
0.2,0.4,0.4 7.89182
0.2,0.4,0.45 7.40798
0.2,0.4,0.5 0.402569
0.2,0.45,0 3.632e-12
0.2,0.45,0.05 43.5431
0.2,0.45,0.1 229.609
0.2,0.45,0.15 569.611
0.2,0.45,0.2 524.633
0.2,0.45,0.25 247.435
0.2,0.45,0.3 298.106
0.2,0.45,0.35 308.552
0.2,0.45,0.4 280.895
0.2,0.45,0.45 164.352
0.2,0.45,0.5 6.17827
0.2,0.5,0 1.05713e-11
0.2,0.5,0.05 79.7583
0.2,0.5,0.1 375.84
0.2,0.5,0.15 453.983
0.2,0.5,0.2 539.884
0.2,0.5,0.25 408.731
0.2,0.5,0.3 767.472
0.2,0.5,0.35 750.314
0.2,0.5,0.4 689.078
0.2,0.5,0.45 365.299
0.2,0.5,0.5 9.02492
0.2,0.55,0 3.28718e-12
0.2,0.55,0.05 24.7881
0.2,0.55,0.1 128.821
0.2,0.55,0.15 314.245
0.2,0.55,0.2 425.969
0.2,0.55,0.25 360.529
0.2,0.55,0.3 701.427
0.2,0.55,0.35 475.336
0.2,0.55,0.4 402.545
0.2,0.55,0.45 139.09
0.2,0.55,0.5 1.93928
0.2,0.6,0 9.57895e-13
0.2,0.6,0.05 3.68558
0.2,0.6,0.1 61.3095
0.2,0.6,0.15 343.885
0.2,0.6,0.2 423.005
0.2,0.6,0.25 303.757
0.2,0.6,0.3 434.127
0.2,0.6,0.35 359.567
0.2,0.6,0.4 212.097
0.2,0.6,0.45 18.7231
0.2,0.6,0.5 0.0428528
0.2,0.65,0 8.97926e-11
0.2,0.65,0.05 27.7691
0.2,0.65,0.1 356.933
0.2,0.65,0.15 579.68
0.2,0.65,0.2 597.914
0.2,0.65,0.25 244.487
0.2,0.65,0.3 180.357
0.2,0.65,0.35 670.668
0.2,0.65,0.4 367.043
0.2,0.65,0.45 12.8501
0.2,0.65,0.5 0.000465051
0.2,0.7,0 1.61943e-10
0.2,0.7,0.05 18.3858
0.2,0.7,0.1 182.338
0.2,0.7,0.15 413.066
0.2,0.7,0.2 533.14
0.2,0.7,0.25 520.14
0.2,0.7,0.3 503.514
0.2,0.7,0.35 566.851
0.2,0.7,0.4 165.531
0.2,0.7,0.45 3.35915
0.2,0.75,0 1.69791e-11
0.2,0.75,0.05 0.995462
0.2,0.75,0.1 12.5406
0.2,0.75,0.15 170.812
0.2,0.75,0.2 256.715
0.2,0.75,0.25 507.65
0.2,0.75,0.3 620.419
0.2,0.75,0.35 317.467
0.2,0.75,0.4 26.6448
0.2,0.75,0.45 0.0161598
0.2,0.8,0.1 0.247112
0.2,0.8,0.15 5.25214
0.2,0.8,0.2 14.1059
0.2,0.8,0.25 85.8307
0.2,0.8,0.3 121.132
0.2,0.8,0.35 69.108
0.2,0.8,0.4 5.01977
0.2,0.85,0.15 3.65821e-06
0.2,0.85,0.2 0.000148701
0.2,0.85,0.25 0.000201647
0.2,0.85,0.3 1.82472e-05
0.2,0.85,0.35 1.77791e-07
0.25,0.05,0 1.08787e-12
0.25,0.05,0.05 0.0221119
0.25,0.05,0.1 0.0883519
0.25,0.05,0.15 3.5475
0.25,0.05,0.2 33.5653
0.25,0.05,0.25 24.7212
0.25,0.05,0.3 22.7296
0.25,0.05,0.35 16.3144
0.25,0.05,0.4 1.33773
0.25,0.1,0 7.36776e-10
0.25,0.1,0.05 14.9756
0.25,0.1,0.1 60.1536
0.25,0.1,0.15 43.0606
0.25,0.1,0.2 264.549
0.25,0.1,0.25 224.702
0.25,0.1,0.3 260.738
0.25,0.1,0.35 260.79
0.25,0.1,0.4 23.5213
0.25,0.15,0 2.01665e-09
0.25,0.15,0.05 41.2652
0.25,0.15,0.1 175.26
0.25,0.15,0.15 211.136
0.25,0.15,0.2 439.132
0.25,0.15,0.25 604.668
0.25,0.15,0.3 370.15
0.25,0.15,0.35 319.671
0.25,0.15,0.4 34.265
0.25,0.15,0.45 0.108658
0.25,0.2,0 3.42561e-10
0.25,0.2,0.05 12.954
0.25,0.2,0.1 99.5114
0.25,0.2,0.15 500.179
0.25,0.2,0.2 595.515
0.25,0.2,0.25 468.375
