0.25,0.1,0.25 209.924
0.25,0.1,0.3 345.989
0.25,0.1,0.35 206.39
0.25,0.1,0.4 5.5662
0.25,0.15,0 2.01665e-09
0.25,0.15,0.05 41.2905
0.25,0.15,0.1 187.538
0.25,0.15,0.15 249.832
0.25,0.15,0.2 536.276
0.25,0.15,0.25 608.481
0.25,0.15,0.3 392.52
0.25,0.15,0.35 210.492
0.25,0.15,0.4 17.5957
0.25,0.15,0.45 0.0360588
0.25,0.2,0 3.41922e-10
0.25,0.2,0.05 13.1288
0.25,0.2,0.1 188.974
0.25,0.2,0.15 558.983
0.25,0.2,0.2 601.753
0.25,0.2,0.25 388.601
0.25,0.2,0.3 490.463
0.25,0.2,0.35 525.987
0.25,0.2,0.4 119.157
0.25,0.2,0.45 0.279892
0.25,0.25,0 -5.93616e-14
0.25,0.25,0.05 47.2243
0.25,0.25,0.1 253.949
0.25,0.25,0.15 310.372
0.25,0.25,0.2 523.529
0.25,0.25,0.25 248.102
0.25,0.25,0.3 520.229
0.25,0.25,0.35 643.981
0.25,0.25,0.4 122.61
0.25,0.25,0.45 0.469871
0.25,0.3,0 2.37425e-14
0.25,0.3,0.05 37.2911
0.25,0.3,0.1 178.708
0.25,0.3,0.15 234.101
0.25,0.3,0.2 625.985
0.25,0.3,0.25 326.21
0.25,0.3,0.3 174.782
0.25,0.3,0.35 286.726
0.25,0.3,0.4 114.886
0.25,0.3,0.45 1.30898
0.25,0.35,0 1.38582e-12
0.25,0.35,0.05 71.1926
0.25,0.35,0.1 370.846
0.25,0.35,0.15 409.202
0.25,0.35,0.2 176.382
0.25,0.35,0.25 54.1311
0.25,0.35,0.3 25.0212
0.25,0.35,0.35 42.2595
0.25,0.35,0.4 24.6122
0.25,0.35,0.45 0.315553
0.25,0.4,0 9.06104e-11
0.25,0.4,0.05 99.2599
0.25,0.4,0.1 455.546
0.25,0.4,0.15 421.724
0.25,0.4,0.2 186.937
0.25,0.4,0.25 84.921
0.25,0.4,0.3 13.3032
0.25,0.4,0.35 0.578355
0.25,0.4,0.4 0.212231
0.25,0.4,0.45 0.026452
0.25,0.4,0.5 8.93473e-05
0.25,0.45,0 3.12844e-10
0.25,0.45,0.05 147.959
0.25,0.45,0.1 637.457
0.25,0.45,0.15 444.03
0.25,0.45,0.2 281.741
0.25,0.45,0.25 427.462
0.25,0.45,0.3 257.508
0.25,0.45,0.35 147.658
0.25,0.45,0.4 154.266
0.25,0.45,0.45 28.0471
0.25,0.45,0.5 0.0361596
0.25,0.5,0 6.86566e-11
0.25,0.5,0.05 163.623
0.25,0.5,0.1 733.869
0.25,0.5,0.15 377.221
0.25,0.5,0.2 299.36
0.25,0.5,0.25 389.046
0.25,0.5,0.3 788.971
0.25,0.5,0.35 566.751
0.25,0.5,0.4 557.9
0.25,0.5,0.45 121.094
0.25,0.5,0.5 0.308521
0.25,0.55,0 2.03016e-09
0.25,0.55,0.05 63.7853
0.25,0.55,0.1 342.472
0.25,0.55,0.15 368.642
0.25,0.55,0.2 358.539
0.25,0.55,0.25 265.07
0.25,0.55,0.3 621.478
0.25,0.55,0.35 662.282
0.25,0.55,0.4 572.292
0.25,0.55,0.45 112.647
0.25,0.55,0.5 0.163974
0.25,0.6,0 1.70046e-08
0.25,0.6,0.05 10.5305
0.25,0.6,0.1 64.4832
0.25,0.6,0.15 359.364
0.25,0.6,0.2 633.72
0.25,0.6,0.25 533.162
0.25,0.6,0.3 483.273
0.25,0.6,0.35 490.851
0.25,0.6,0.4 317.701
0.25,0.6,0.45 47.2592
0.25,0.6,0.5 0.00156514
0.25,0.65,0 9.31709e-09
0.25,0.65,0.05 77.92
0.25,0.65,0.1 330.362
0.25,0.65,0.15 413.889
0.25,0.65,0.2 437.429
0.25,0.65,0.25 221.814
0.25,0.65,0.3 390.049
0.25,0.65,0.35 379.241
0.25,0.65,0.4 75.9189
0.25,0.65,0.45 5.00165
0.25,0.7,0 1.56153e-09
0.25,0.7,0.05 95.1572
0.25,0.7,0.1 424.484
0.25,0.7,0.15 488.602
0.25,0.7,0.2 483.664
0.25,0.7,0.25 302.529
0.25,0.7,0.3 243.739
0.25,0.7,0.35 150.753
0.25,0.7,0.4 6.75519
0.25,0.7,0.45 0.0487826
0.25,0.75,0 1.56554e-10
0.25,0.75,0.05 8.95155
0.25,0.75,0.1 53.5879
0.25,0.75,0.15 299.979
0.25,0.75,0.2 778.379
0.25,0.75,0.25 467.302
0.25,0.75,0.3 264.494
0.25,0.75,0.35 132.307
0.25,0.75,0.4 2.82595
0.25,0.75,0.45 6.5195e-11
0.25,0.8,0.1 0.0927147
0.25,0.8,0.15 56.0669
0.25,0.8,0.2 190.502
0.25,0.8,0.25 75.5564
0.25,0.8,0.3 67.1809
0.25,0.8,0.35 39.9239
0.25,0.8,0.4 0.84032
0.25,0.85,0.1 5.47962e-05
0.25,0.85,0.15 0.081319
0.25,0.85,0.2 0.248287
0.25,0.85,0.25 0.0737271
0.25,0.85,0.3 0.0494997
0.25,0.85,0.35 0.0278993
0.25,0.85,0.4 0.000586943
0.3,0.05,0 3.73392e-15
0.3,0.05,0.05 0.000227544
0.3,0.05,0.1 0.0880067
0.3,0.05,0.15 14.8701
0.3,0.05,0.2 60.5425
0.3,0.05,0.25 66.5804
0.3,0.05,0.3 65.8469
0.3,0.05,0.35 5.26509
0.3,0.05,0.4 0.0347565
0.3,0.1,0 2.52885e-12
0.3,0.1,0.05 0.0931383
0.3,0.1,0.1 24.3884
0.3,0.1,0.15 156.017
0.3,0.1,0.2 395.424
0.3,0.1,0.25 374.032
0.3,0.1,0.3 372.924
0.3,0.1,0.35 55.746
0.3,0.1,0.4 1.03687
0.3,0.15,0 6.92181e-12
0.3,0.15,0.05 6.51526
0.3,0.15,0.1 87.6123
0.3,0.15,0.15 302.681
0.3,0.15,0.2 484.452
0.3,0.15,0.25 354.936
0.3,0.15,0.3 452.177
0.3,0.15,0.35 302.167
0.3,0.15,0.4 26.5541
0.3,0.15,0.45 0.0733724
0.3,0.2,0 1.17355e-12
0.3,0.2,0.05 66.9321
0.3,0.2,0.1 327.867
0.3,0.2,0.15 387.223
0.3,0.2,0.2 617.106
0.3,0.2,0.25 307.5
0.3,0.2,0.3 558.411
0.3,0.2,0.35 591.965
0.3,0.2,0.4 156.541
0.3,0.2,0.45 0.569555
0.3,0.25,0 -7.18114e-16
0.3,0.25,0.05 67.4678
0.3,0.25,0.1 417.798
0.3,0.25,0.15 301.916
0.3,0.25,0.2 346.641
0.3,0.25,0.25 235.714
0.3,0.25,0.3 509.198
0.3,0.25,0.35 575.392
0.3,0.25,0.4 150.925
0.3,0.25,0.45 0.931403
0.3,0.3,0 3.91419e-12
0.3,0.3,0.05 26.5469
0.3,0.3,0.1 159.978
0.3,0.3,0.15 310.333
0.3,0.3,0.2 497.553
0.3,0.3,0.25 474.599
0.3,0.3,0.3 505.411
0.3,0.3,0.35 518.676
0.3,0.3,0.4 215.723
0.3,0.3,0.45 2.56813
0.3,0.35,0 5.97129e-10
0.3,0.35,0.05 32.5549
0.3,0.35,0.1 229.18
0.3,0.35,0.15 682.449
0.3,0.35,0.2 529.837
0.3,0.35,0.25 144.08
0.3,0.35,0.3 105.459
0.3,0.35,0.35 93.1386
0.3,0.35,0.4 48.4079
0.3,0.35,0.45 0.619082
0.3,0.4,0 1.26154e-09
0.3,0.4,0.05 104.363
0.3,0.4,0.1 498.877
0.3,0.4,0.15 747.108
0.3,0.4,0.2 504.028
0.3,0.4,0.25 87.9608
0.3,0.4,0.3 10.1951
0.3,0.4,0.35 0.665183
0.3,0.4,0.4 2.78047
0.3,0.4,0.45 0.938959
0.3,0.4,0.5 0.00100465
0.3,0.45,0 4.07663e-10
0.3,0.45,0.05 76.9412
0.3,0.45,0.1 361.597
0.3,0.45,0.15 568.633
0.3,0.45,0.2 540.456
0.3,0.45,0.25 343.057
0.3,0.45,0.3 179.825
0.3,0.45,0.35 114.318
0.3,0.45,0.4 41.6107
0.3,0.45,0.45 7.76831
0.3,0.45,0.5 0.00424183
0.3,0.5,0 2.15799e-10
0.3,0.5,0.05 95.871
0.3,0.5,0.1 492.225
0.3,0.5,0.15 260.736
0.3,0.5,0.2 205.732
0.3,0.5,0.25 276.932
0.3,0.5,0.3 729.622
0.3,0.5,0.35 536.803
0.3,0.5,0.4 104.171
0.3,0.5,0.45 13.53
0.3,0.5,0.5 0.00112717
0.3,0.55,0 6.16108e-08
0.3,0.55,0.05 54.8605
0.3,0.55,0.1 320.379
0.3,0.55,0.15 243.156
0.3,0.55,0.2 333.177
0.3,0.55,0.25 215.908
0.3,0.55,0.3 665.663
0.3,0.55,0.35 396.395
0.3,0.55,0.4 164.497
0.3,0.55,0.45 21.2278
0.3,0.55,0.5 4.47013e-06
0.3,0.6,0 5.15612e-07
0.3,0.6,0.05 67.5508
0.3,0.6,0.1 279.588
0.3,0.6,0.15 271.211
0.3,0.6,0.2 664.913
0.3,0.6,0.25 438.756
0.3,0.6,0.3 592.557
0.3,0.6,0.35 487.561
0.3,0.6,0.4 485.991
0.3,0.6,0.45 53.799
0.3,0.6,0.5 4.26595e-08
0.3,0.65,0 2.57486e-07
0.3,0.65,0.05 78.9183
0.3,0.65,0.1 321.286
0.3,0.65,0.15 273.537
0.3,0.65,0.2 397.047
0.3,0.65,0.25 423.45
0.3,0.65,0.3 655.932
0.3,0.65,0.35 329.495
0.3,0.65,0.4 219.602
0.3,0.65,0.45 24.6877
0.3,0.7,0 2.7104e-09
0.3,0.7,0.05 67.9695
0.3,0.7,0.1 276.6
0.3,0.7,0.15 280.207
0.3,0.7,0.2 473.891
0.3,0.7,0.25 353.276
0.3,0.7,0.3 255.858
0.3,0.7,0.35 151.639
0.3,0.7,0.4 9.52741
0.3,0.7,0.45 0.254311
0.3,0.75,0 8.54123e-11
0.3,0.75,0.05 5.81105
0.3,0.75,0.1 23.926
0.3,0.75,0.15 136.503
0.3,0.75,0.2 528.305
0.3,0.75,0.25 369.43
0.3,0.75,0.3 162.088
0.3,0.75,0.35 58.5728
0.3,0.75,0.4 1.4883
0.3,0.8,0.1 0.027527
0.3,0.8,0.15 41.5221
0.3,0.8,0.2 134.199
0.3,0.8,0.25 40.7581
0.3,0.8,0.3 16.1078
0.3,0.8,0.35 4.50335
0.3,0.8,0.4 0.00879419
0.3,0.85,0.1 6.13055e-05
0.3,0.85,0.15 0.0909789
0.3,0.85,0.2 0.273517
0.3,0.85,0.25 0.0512194
0.3,0.85,0.3 0.000393716
0.3,0.85,0.35 0.00027826
0.3,0.85,0.4 5.8598e-06
0.35,0.05,0.05 0.000372281
0.35,0.05,0.1 0.215302
0.35,0.05,0.15 2.00983
0.35,0.05,0.2 6.31589
0.35,0.05,0.25 16.945
0.35,0.05,0.3 19.3115
0.35,0.05,0.35 1.21272
0.35,0.1,0.05 0.149733
0.35,0.1,0.1 60.1028
0.35,0.1,0.15 168.856
0.35,0.1,0.2 65.5073
0.35,0.1,0.25 126.284
0.35,0.1,0.3 159.55
0.35,0.1,0.35 16.4363
0.35,0.1,0.4 0.183821
0.35,0.15,0.05 7.90379
0.35,0.15,0.1 177.362
0.35,0.15,0.15 423.044
0.35,0.15,0.2 136.649
0.35,0.15,0.25 207.022
0.35,0.15,0.3 312.998
0.35,0.15,0.35 87.5505
0.35,0.15,0.4 4.2328
0.35,0.15,0.45 0.00891726
0.35,0.2,0.05 79.4279
0.35,0.2,0.1 393.661
0.35,0.2,0.15 393.13
0.35,0.2,0.2 504.553
0.35,0.2,0.25 419.116
0.35,0.2,0.3 497.728
0.35,0.2,0.35 162.445
0.35,0.2,0.4 22.8307
0.35,0.2,0.45 0.0692204
0.35,0.25,0.05 108.009
0.35,0.25,0.1 634.133
0.35,0.25,0.15 604.432
0.35,0.25,0.2 443.625
0.35,0.25,0.25 270.569
0.35,0.25,0.3 563.406
0.35,0.25,0.35 385.689
0.35,0.25,0.4 48.0415
0.35,0.25,0.45 0.109724
0.35,0.3,0 3.08178e-11
0.35,0.3,0.05 117.872
0.35,0.3,0.1 538.465
0.35,0.3,0.15 467.248
0.35,0.3,0.2 394.718
0.35,0.3,0.25 498.617
0.35,0.3,0.3 882.296
0.35,0.3,0.35 344.9
0.35,0.3,0.4 41.4168
0.35,0.3,0.45 0.29871
0.35,0.35,0 4.7078e-09
0.35,0.35,0.05 80.8209
0.35,0.35,0.1 354.659
0.35,0.35,0.15 507.021
0.35,0.35,0.2 442.335
0.35,0.35,0.25 272.409
0.35,0.35,0.3 280.37
0.35,0.35,0.35 53.1935
0.35,0.35,0.4 5.79039
0.35,0.35,0.45 0.072006
0.35,0.4,0 9.79091e-09
0.35,0.4,0.05 163.322
0.35,0.4,0.1 752.385
0.35,0.4,0.15 806.398
0.35,0.4,0.2 507.585
0.35,0.4,0.25 53.5707
0.35,0.4,0.3 7.95107
0.35,0.4,0.35 20.8058
0.35,0.4,0.4 71.9348
0.35,0.4,0.45 23.8033
0.35,0.4,0.5 0.0255543
0.35,0.45,0 3.11328e-09
0.35,0.45,0.05 96.6124
0.35,0.45,0.1 461.993
0.35,0.45,0.15 621.832
0.35,0.45,0.2 696.812
0.35,0.45,0.25 302.367
0.35,0.45,0.3 147.127
0.35,0.45,0.35 264.026
0.35,0.45,0.4 377.143
0.35,0.45,0.45 101.246
0.35,0.45,0.5 0.107897
0.35,0.5,0 2.13811e-09
0.35,0.5,0.05 101.622
0.35,0.5,0.1 576.986
0.35,0.5,0.15 427.725
0.35,0.5,0.2 556.246
0.35,0.5,0.25 746.94
0.35,0.5,0.3 576.554
0.35,0.5,0.35 395.578
0.35,0.5,0.4 167.612
0.35,0.5,0.45 27.4044
0.35,0.5,0.5 0.0284929
0.35,0.55,0 7.22365e-08
0.35,0.55,0.05 44.7617
0.35,0.55,0.1 334.477
0.35,0.55,0.15 430.673
0.35,0.55,0.2 613.76
0.35,0.55,0.25 452.992
0.35,0.55,0.3 494.805
0.35,0.55,0.35 293.416
0.35,0.55,0.4 134.692
0.35,0.55,0.45 5.61138
0.35,0.55,0.5 2.28681e-06
0.35,0.6,0 5.99459e-07
0.35,0.6,0.05 91.4594
0.35,0.6,0.1 406.837
0.35,0.6,0.15 595.111
0.35,0.6,0.2 979.734
0.35,0.6,0.25 507.914
0.35,0.6,0.3 583.904
0.35,0.6,0.35 707.549
0.35,0.6,0.4 532.257
0.35,0.6,0.45 25.985
0.35,0.65,0 2.98019e-07
0.35,0.65,0.05 114.475
0.35,0.65,0.1 476.341
0.35,0.65,0.15 343.595
0.35,0.65,0.2 399.52
0.35,0.65,0.25 394.752
0.35,0.65,0.3 556.605
0.35,0.65,0.35 471.707
0.35,0.65,0.4 239.684
0.35,0.65,0.45 10.9791
0.35,0.7,0 2.2604e-09
0.35,0.7,0.05 76.3808
0.35,0.7,0.1 305.947
0.35,0.7,0.15 95.9505
0.35,0.7,0.2 81.6214
0.35,0.7,0.25 319.869
0.35,0.7,0.3 729.985
0.35,0.7,0.35 465.195
0.35,0.7,0.4 36.434
0.35,0.7,0.45 0.134583
0.35,0.75,0 6.48878e-09
0.35,0.75,0.05 4.14685
0.35,0.75,0.1 16.6018
0.35,0.75,0.15 11.5778
0.35,0.75,0.2 69.3257
0.35,0.75,0.25 185.947
0.35,0.75,0.3 470.837
0.35,0.75,0.35 186.632
0.35,0.75,0.4 5.287
0.35,0.8,0 2.09747e-08
0.35,0.8,0.05 2.16134
0.35,0.8,0.1 8.59151
0.35,0.8,0.15 4.24433
0.35,0.8,0.2 8.75483
0.35,0.8,0.25 16.0972
0.35,0.8,0.3 50.2314
0.35,0.8,0.35 14.4037
0.35,0.8,0.4 0.00142027
0.35,0.85,0 4.23295e-09
0.35,0.85,0.05 0.436185
0.35,0.85,0.1 1.73359
0.35,0.85,0.15 0.435429
0.35,0.85,0.2 0.0144373
0.35,0.85,0.25 0.002702
0.4,0.05,0.05 5.60887e-05
0.4,0.05,0.1 0.0324378
0.4,0.05,0.15 0.0868038
0.4,0.05,0.2 0.0156541
0.4,0.05,0.25 0.0627971
0.4,0.05,0.3 0.10254
0.4,0.05,0.35 0.0180697
0.4,0.05,0.4 0.000300333
0.4,0.1,0.05 3.09239
0.4,0.1,0.1 52.284
0.4,0.1,0.15 66.9151
0.4,0.1,0.2 10.8073
0.4,0.1,0.25 75.1206
0.4,0.1,0.3 107.639
0.4,0.1,0.35 8.42965
0.4,0.1,0.4 0.00410512
0.4,0.15,0.05 15.5244
0.4,0.15,0.1 278.073
0.4,0.15,0.15 472.962
0.4,0.15,0.2 131.697
0.4,0.15,0.25 305.398
0.4,0.15,0.3 355.244
0.4,0.15,0.35 25.3245
0.4,0.15,0.4 0.00298386
0.4,0.2,0.05 17.7716
0.4,0.2,0.1 237.967
0.4,0.2,0.15 509.848
0.4,0.2,0.2 395.513
0.4,0.2,0.25 509.935
0.4,0.2,0.3 291.613
0.4,0.2,0.35 14.2375
0.4,0.2,0.4 0.23373
0.4,0.25,0.05 84.0139
0.4,0.25,0.1 431.018
0.4,0.25,0.15 514.365
0.4,0.25,0.2 331.97
0.4,0.25,0.25 215.561
0.4,0.25,0.3 164.167
0.4,0.25,0.35 33.0322
0.4,0.25,0.4 2.15246
0.4,0.3,0 1.46082e-11
0.4,0.3,0.05 110.718
0.4,0.3,0.1 466.722
0.4,0.3,0.15 326.764
0.4,0.3,0.2 271.625
0.4,0.3,0.25 428.078
0.4,0.3,0.3 432.743
0.4,0.3,0.35 71.4064
0.4,0.3,0.4 1.19991
0.4,0.3,0.45 0.00637719
0.4,0.35,0 2.23158e-09
0.4,0.35,0.05 58.3468
0.4,0.35,0.1 239.431
0.4,0.35,0.15 162.767
0.4,0.35,0.2 198.813
0.4,0.35,0.25 437.423
0.4,0.35,0.3 600.903
0.4,0.35,0.35 120.548
0.4,0.35,0.4 2.07596
0.4,0.35,0.45 0.0553419
0.4,0.4,0 4.65083e-09
0.4,0.4,0.05 66.1262
0.4,0.4,0.1 309.164
0.4,0.4,0.15 420.223
0.4,0.4,0.2 398.09
0.4,0.4,0.25 158.213
0.4,0.4,0.3 296.828
0.4,0.4,0.35 131.914
0.4,0.4,0.4 86.2287
0.4,0.4,0.45 26.1126
0.4,0.4,0.5 0.0273296
0.4,0.45,0 1.75198e-09
0.4,0.45,0.05 54.0774
0.4,0.45,0.1 283.422
0.4,0.45,0.15 462.888
0.4,0.45,0.2 498.767
0.4,0.45,0.25 314.23
0.4,0.45,0.3 250.46
0.4,0.45,0.35 459.299
0.4,0.45,0.4 547.41
0.4,0.45,0.45 139.265
0.4,0.45,0.5 0.125571
0.4,0.5,0 1.32218e-09
0.4,0.5,0.05 57.1523
0.4,0.5,0.1 308.919
0.4,0.5,0.15 460.165
0.4,0.5,0.2 572.054
0.4,0.5,0.25 608.018
0.4,0.5,0.3 320.927
0.4,0.5,0.35 594.94
0.4,0.5,0.4 420.316
0.4,0.5,0.45 70.5424
0.4,0.5,0.5 0.0443486
0.4,0.55,0 1.12705e-08
0.4,0.55,0.05 37.7776
0.4,0.55,0.1 221.497
0.4,0.55,0.15 386.366
0.4,0.55,0.2 383.377
0.4,0.55,0.25 369.045
0.4,0.55,0.3 119.324
0.4,0.55,0.35 139.09
0.4,0.55,0.4 87.6844
0.4,0.55,0.45 4.65493
0.4,0.55,0.5 0.000876766
0.4,0.6,0 6.01517e-08
0.4,0.6,0.05 146.962
0.4,0.6,0.1 606.131
0.4,0.6,0.15 371.265
0.4,0.6,0.2 604.499
0.4,0.6,0.25 462.3
0.4,0.6,0.3 310.609
0.4,0.6,0.35 269.433
0.4,0.6,0.4 155.357
0.4,0.6,0.45 3.43192
0.4,0.65,0 2.32439e-08
0.4,0.65,0.05 72.067
0.4,0.65,0.1 295.567
0.4,0.65,0.15 197.416
0.4,0.65,0.2 404.102
0.4,0.65,0.25 304.502
0.4,0.65,0.3 340.615
0.4,0.65,0.35 388.012
0.4,0.65,0.4 129.891
0.4,0.65,0.45 1.51814
0.4,0.7,0 2.16872e-10
0.4,0.7,0.05 17.1986
0.4,0.7,0.1 68.8352
0.4,0.7,0.15 20.8174
0.4,0.7,0.2 22.1007
0.4,0.7,0.25 136.967
0.4,0.7,0.3 364.766
0.4,0.7,0.35 447.12
0.4,0.7,0.4 74.058
0.4,0.7,0.45 0.0372096
0.4,0.75,0 2.05596e-07
0.4,0.75,0.05 21.9332
0.4,0.75,0.1 87.1903
0.4,0.75,0.15 21.663
0.4,0.75,0.2 0.227679
0.4,0.75,0.25 27.1134
0.4,0.75,0.3 118.525
0.4,0.75,0.35 76.113
0.4,0.75,0.4 8.07711
0.4,0.8,0 6.64996e-07
0.4,0.8,0.05 68.5247
0.4,0.8,0.1 272.347
0.4,0.8,0.15 67.6514
0.4,0.8,0.2 0.00083529
0.4,0.8,0.25 2.36303
0.4,0.8,0.3 10.9261
0.4,0.8,0.35 3.15747
0.4,0.8,0.4 0.000311341
0.4,0.85,0 1.34204e-07
0.4,0.85,0.05 13.8291
0.4,0.85,0.1 54.9628
0.4,0.85,0.15 13.6529
0.45,0.05,0.2 0.000141995
0.45,0.05,0.25 0.498693
0.45,0.05,0.3 7.51309
0.45,0.05,0.35 5.8518
0.45,0.05,0.4 0.154911
