0.4,0.85,0.05 13.8291
0.4,0.85,0.1 54.9628
0.4,0.85,0.15 13.6529
0.45,0.05,0.2 0.00936726
0.45,0.05,0.25 0.630529
0.45,0.05,0.3 7.6339
0.45,0.05,0.35 5.67167
0.45,0.05,0.4 0.137125
0.45,0.1,0.05 7.89115
0.45,0.1,0.1 77.3761
0.45,0.1,0.15 68.3997
0.45,0.1,0.2 30.4909
0.45,0.1,0.25 37.6649
0.45,0.1,0.3 148.682
0.45,0.1,0.35 100.191
0.45,0.1,0.4 2.41584
0.45,0.15,0 5.90076e-14
0.45,0.15,0.05 44.7547
0.45,0.15,0.1 484.196
0.45,0.15,0.15 551.51
0.45,0.15,0.2 266.773
0.45,0.15,0.25 216.729
0.45,0.15,0.3 208.171
0.45,0.15,0.35 87.7466
0.45,0.15,0.4 2.0655
0.45,0.2,0 7.2783e-13
0.45,0.2,0.05 66.557
0.45,0.2,0.1 578.498
0.45,0.2,0.15 509.841
0.45,0.2,0.2 246.03
0.45,0.2,0.25 464.518
0.45,0.2,0.3 276.997
0.45,0.2,0.35 9.35953
0.45,0.2,0.4 0.073021
0.45,0.25,0 8.18861e-10
0.45,0.25,0.05 83.5561
0.45,0.25,0.1 448.426
0.45,0.25,0.15 276.92
0.45,0.25,0.2 247.271
0.45,0.25,0.25 261.212
0.45,0.25,0.3 139.329
0.45,0.25,0.35 3.49002
0.45,0.25,0.4 0.0166191
0.45,0.3,0 9.91779e-09
0.45,0.3,0.05 131.373
0.45,0.3,0.1 548.91
0.45,0.3,0.15 615.617
0.45,0.3,0.2 774.035
0.45,0.3,0.25 192.482
0.45,0.3,0.3 61.3382
0.45,0.3,0.35 15.7718
0.45,0.3,0.4 9.08869
0.45,0.3,0.45 1.10197
0.45,0.35,0 6.94021e-08
0.45,0.35,0.05 137.553
0.45,0.35,0.1 562.457
0.45,0.35,0.15 474.324
0.45,0.35,0.2 591.636
0.45,0.35,0.25 322.921
0.45,0.35,0.3 561.915
0.45,0.35,0.35 283.986
0.45,0.35,0.4 121.673
0.45,0.35,0.45 11.8665
0.45,0.4,0 5.26404e-08
0.45,0.4,0.05 79.7325
0.45,0.4,0.1 338.441
0.45,0.4,0.15 318.727
0.45,0.4,0.2 381.515
0.45,0.4,0.25 257.959
0.45,0.4,0.3 616.715
0.45,0.4,0.35 629.072
0.45,0.4,0.4 162.616
0.45,0.4,0.45 8.64522
0.45,0.45,0 1.47202e-09
0.45,0.45,0.05 74.1353
0.45,0.45,0.1 354.46
0.45,0.45,0.15 502.835
0.45,0.45,0.2 531.586
0.45,0.45,0.25 589.683
0.45,0.45,0.3 535.441
0.45,0.45,0.35 368.257
0.45,0.45,0.4 234.096
0.45,0.45,0.45 44.639
0.45,0.5,0 8.25801e-10
0.45,0.5,0.05 88.7016
0.45,0.5,0.1 424.757
0.45,0.5,0.15 443.437
0.45,0.5,0.2 641.013
0.45,0.5,0.25 688.063
0.45,0.5,0.3 493.472
0.45,0.5,0.35 942.065
0.45,0.5,0.4 707.497
0.45,0.5,0.45 102.789
0.45,0.55,0 4.41203e-09
0.45,0.55,0.05 39.5257
0.45,0.55,0.1 342.801
0.45,0.55,0.15 534.551
0.45,0.55,0.2 518.395
0.45,0.55,0.25 223.015
0.45,0.55,0.3 108.068
0.45,0.55,0.35 561.817
0.45,0.55,0.4 304.229
0.45,0.55,0.45 17.3826
0.45,0.6,0 1.45626e-08
0.45,0.6,0.05 125.65
0.45,0.6,0.1 551.679
0.45,0.6,0.15 366.767
0.45,0.6,0.2 760.612
0.45,0.6,0.25 394.573
0.45,0.6,0.3 29.6157
0.45,0.6,0.35 22.6319
0.45,0.6,0.4 8.81112
0.45,0.6,0.45 0.0514612
0.45,0.65,0 4.32448e-09
0.45,0.65,0.05 65.8213
0.45,0.65,0.1 304.073
0.45,0.65,0.15 228.892
0.45,0.65,0.2 260.781
0.45,0.65,0.25 110.775
0.45,0.65,0.3 31.0254
0.45,0.65,0.35 33.7504
0.45,0.65,0.4 3.50043
0.45,0.65,0.45 0.00177255
0.45,0.7,0 1.04913e-10
0.45,0.7,0.05 1.22329
0.45,0.7,0.1 18.4259
0.45,0.7,0.15 48.0175
0.45,0.7,0.2 32.7118
0.45,0.7,0.25 10.2388
0.45,0.7,0.3 65.3086
0.45,0.7,0.35 109.814
0.45,0.7,0.4 10.9195
0.45,0.7,0.45 9.23769e-05
0.45,0.75,0 2.42916e-07
0.45,0.75,0.05 25.0314
0.45,0.75,0.1 99.6031
0.45,0.75,0.15 33.1418
0.45,0.75,0.2 14.9176
0.45,0.75,0.25 2.06412
0.45,0.75,0.3 13.9112
0.45,0.75,0.35 23.6939
0.45,0.75,0.4 2.35278
0.45,0.8,0 7.85732e-07
0.45,0.8,0.05 80.9672
0.45,0.8,0.1 321.81
0.45,0.8,0.15 80.7934
0.45,0.8,0.2 1.42832
0.45,0.8,0.25 0.154046
0.45,0.8,0.3 0.0245909
0.45,0.8,0.35 0.0016327
0.45,0.85,0 1.58594e-07
0.45,0.85,0.05 16.3439
0.45,0.85,0.1 64.9577
0.45,0.85,0.15 16.1356
0.45,0.9,0 1.66874e-12
0.45,0.9,0.05 0.000257712
0.45,0.9,0.1 0.00102509
0.45,0.9,0.15 0.00025484
0.5,0.05,0.25 0.933282
0.5,0.05,0.3 13.4095
0.5,0.05,0.35 10.0459
0.5,0.05,0.4 0.242925
0.5,0.1,0 7.91476e-14
0.5,0.1,0.05 1.30053
0.5,0.1,0.1 12.6682
0.5,0.1,0.15 32.6
0.5,0.1,0.2 42.1665
0.5,0.1,0.25 49.112
0.5,0.1,0.3 255.217
0.5,0.1,0.35 178.04
0.5,0.1,0.4 4.27979
0.5,0.15,0 2.54057e-11
0.5,0.15,0.05 14.9009
0.5,0.15,0.1 103.788
0.5,0.15,0.15 264.372
0.5,0.15,0.2 427.821
0.5,0.15,0.25 637.441
0.5,0.15,0.3 568.064
0.5,0.15,0.35 168.815
0.5,0.15,0.4 3.66717
0.5,0.2,0 6.53916e-11
0.5,0.2,0.05 96.83
0.5,0.2,0.1 439.611
0.5,0.2,0.15 464.6
0.5,0.2,0.2 760.534
0.5,0.2,0.25 917.045
0.5,0.2,0.3 568.329
0.5,0.2,0.35 71.4821
0.5,0.2,0.4 3.57471
0.5,0.25,0 6.83242e-10
0.5,0.25,0.05 93.0859
0.5,0.25,0.1 398.396
0.5,0.25,0.15 378.701
0.5,0.25,0.2 643.726
0.5,0.25,0.25 573.769
0.5,0.25,0.3 263.15
0.5,0.25,0.35 125.825
0.5,0.25,0.4 8.83074
0.5,0.3,0 5.58862e-09
0.5,0.3,0.05 144.597
0.5,0.3,0.1 605.122
0.5,0.3,0.15 705.853
0.5,0.3,0.2 746.209
0.5,0.3,0.25 344.865
0.5,0.3,0.3 83.9848
0.5,0.3,0.35 37.3698
0.5,0.3,0.4 32.8594
0.5,0.3,0.45 3.81683
0.5,0.35,0 1.77451e-08
0.5,0.35,0.05 165.448
0.5,0.35,0.1 678.458
0.5,0.35,0.15 515.41
0.5,0.35,0.2 489.837
0.5,0.35,0.25 101.357
0.5,0.35,0.3 81.3366
0.5,0.35,0.35 294.265
0.5,0.35,0.4 374.235
0.5,0.35,0.45 41.0818
0.5,0.4,0 1.24412e-08
0.5,0.4,0.05 98.0143
0.5,0.4,0.1 394.523
0.5,0.4,0.15 232.022
0.5,0.4,0.2 375.109
0.5,0.4,0.25 239.005
0.5,0.4,0.3 225.564
0.5,0.4,0.35 610.718
0.5,0.4,0.4 357.302
0.5,0.4,0.45 25.1713
0.5,0.45,0 5.41375e-10
0.5,0.45,0.05 106.054
0.5,0.45,0.1 429.389
0.5,0.45,0.15 251.144
0.5,0.45,0.2 433.757
0.5,0.45,0.25 401.324
0.5,0.45,0.3 183.996
0.5,0.45,0.35 164.266
0.5,0.45,0.4 79.525
0.5,0.45,0.45 7.86083
0.5,0.5,0 4.70703e-09
0.5,0.5,0.05 119.754
0.5,0.5,0.1 528.7
0.5,0.5,0.15 419.545
0.5,0.5,0.2 554.152
0.5,0.5,0.25 443.426
0.5,0.5,0.3 227.829
0.5,0.5,0.35 240.201
0.5,0.5,0.4 178.103
0.5,0.5,0.45 19.7585
0.5,0.55,0 4.82344e-09
0.5,0.55,0.05 84.2334
0.5,0.55,0.1 566.152
0.5,0.55,0.15 814.458
0.5,0.55,0.2 892.463
0.5,0.55,0.25 274.007
0.5,0.55,0.3 173.184
0.5,0.55,0.35 186.892
0.5,0.55,0.4 95.7787
0.5,0.55,0.45 3.72289
0.5,0.6,0 5.08459e-10
0.5,0.6,0.05 18.1162
0.5,0.6,0.1 236.354
0.5,0.6,0.15 418.657
0.5,0.6,0.2 427.574
0.5,0.6,0.25 100.799
0.5,0.6,0.3 11.4795
0.5,0.6,0.35 6.95717
0.5,0.6,0.4 2.74653
0.5,0.6,0.45 0.0194027
0.5,0.65,0 1.85934e-10
0.5,0.65,0.05 6.23686
0.5,0.65,0.1 174.105
0.5,0.65,0.15 463.163
0.5,0.65,0.2 302.443
0.5,0.65,0.25 106.258
0.5,0.65,0.3 3.76131
0.5,0.65,0.35 0.00540032
0.5,0.65,0.4 0.000536483
0.5,0.7,0 2.10608e-11
0.5,0.7,0.05 0.478124
0.5,0.7,0.1 51.6278
0.5,0.7,0.15 306.409
0.5,0.7,0.2 587.148
0.5,0.7,0.25 184.368
0.5,0.7,0.3 4.16302
0.5,0.7,0.35 0.0186618
0.5,0.7,0.4 0.00185391
0.5,0.75,0 1.82807e-08
0.5,0.75,0.05 8.34168
0.5,0.75,0.1 38.5075
0.5,0.75,0.15 180.316
0.5,0.75,0.2 315.186
0.5,0.75,0.25 44.1399
0.5,0.75,0.3 0.253347
0.5,0.75,0.35 0.00402824
0.5,0.75,0.4 0.000400176
0.5,0.8,0 1.78869e-07
0.5,0.8,0.05 31.8906
0.5,0.8,0.1 127.442
0.5,0.8,0.15 48.322
0.5,0.8,0.2 27.0946
0.5,0.8,0.25 2.5574
0.5,0.85,0 1.65992e-07
0.5,0.85,0.05 25.4838
0.5,0.85,0.1 101.369
0.5,0.85,0.15 25.2017
0.5,0.9,0 8.96276e-09
0.5,0.9,0.05 1.38416
0.5,0.9,0.1 5.50572
0.5,0.9,0.15 1.36874
0.55,0.05,0.25 0.0956663
0.55,0.05,0.3 1.37455
0.55,0.05,0.35 1.02976
0.55,0.05,0.4 0.0249011
0.55,0.1,0 2.94778e-12
0.55,0.1,0.05 0.0824722
0.55,0.1,0.1 0.373037
0.55,0.1,0.15 13.7334
0.55,0.1,0.2 47.4918
0.55,0.1,0.25 24.2252
0.55,0.1,0.3 35.3537
0.55,0.1,0.35 18.8389
0.55,0.1,0.4 0.438701
0.55,0.15,0 9.31657e-10
0.55,0.15,0.05 28.9358
0.55,0.15,0.1 116.267
0.55,0.15,0.15 133.618
0.55,0.15,0.2 358.28
0.55,0.15,0.25 345.579
0.55,0.15,0.3 250.113
0.55,0.15,0.35 30.5209
0.55,0.15,0.4 0.427152
0.55,0.2,0 2.25595e-09
0.55,0.2,0.05 100.175
0.55,0.2,0.1 410.303
0.55,0.2,0.15 371.894
0.55,0.2,0.2 557.833
0.55,0.2,0.25 511.782
0.55,0.2,0.3 489.118
0.55,0.2,0.35 187.691
0.55,0.2,0.4 9.62952
0.55,0.25,0 3.5535e-10
0.55,0.25,0.05 62.5904
0.55,0.25,0.1 271.846
0.55,0.25,0.15 463.449
0.55,0.25,0.2 716.08
0.55,0.25,0.25 772.983
0.55,0.25,0.3 617.736
0.55,0.25,0.35 402.803
0.55,0.25,0.4 23.7985
0.55,0.3,0 1.34596e-10
0.55,0.3,0.05 103.785
0.55,0.3,0.1 426.748
0.55,0.3,0.15 386.629
0.55,0.3,0.2 530.36
0.55,0.3,0.25 739.282
0.55,0.3,0.3 549.481
0.55,0.3,0.35 147.327
0.55,0.3,0.4 10.676
0.55,0.3,0.45 0.825805
0.55,0.35,0 5.59911e-11
0.55,0.35,0.05 142.299
0.55,0.35,0.1 586.709
0.55,0.35,0.15 236.586
0.55,0.35,0.2 81.9491
0.55,0.35,0.25 240.462
0.55,0.35,0.3 245.204
0.55,0.35,0.35 69.7992
0.55,0.35,0.4 77.9342
0.55,0.35,0.45 8.88542
0.55,0.4,0 6.79555e-12
0.55,0.4,0.05 81.7991
0.55,0.4,0.1 332.806
0.55,0.4,0.15 112.146
0.55,0.4,0.2 88.5961
0.55,0.4,0.25 339.835
0.55,0.4,0.3 152.409
0.55,0.4,0.35 78.9776
0.55,0.4,0.4 64.576
0.55,0.4,0.45 5.42931
0.55,0.45,0 1.14816e-10
0.55,0.45,0.05 111.952
0.55,0.45,0.1 457.128
0.55,0.45,0.15 187.826
0.55,0.45,0.2 369.955
0.55,0.45,0.25 333.728
0.55,0.45,0.3 94.2993
0.55,0.45,0.35 15.9098
0.55,0.45,0.4 5.97271
0.55,0.45,0.45 0.083485
0.55,0.5,0 1.73689e-09
0.55,0.5,0.05 94.3286
0.55,0.5,0.1 407.242
0.55,0.5,0.15 289.97
0.55,0.5,0.2 783.057
0.55,0.5,0.25 400.182
0.55,0.5,0.3 200.545
0.55,0.5,0.35 15.5405
0.55,0.5,0.4 0.233405
0.55,0.5,0.45 0.00344264
0.55,0.55,0 1.74903e-09
0.55,0.55,0.05 42.6208
0.55,0.55,0.1 311.348
0.55,0.55,0.15 416.021
0.55,0.55,0.2 741.536
0.55,0.55,0.25 371.425
0.55,0.55,0.3 244.223
0.55,0.55,0.35 19.0067
0.55,0.55,0.4 0.168013
0.55,0.55,0.45 0.00247265
0.55,0.6,0 5.26559e-10
0.55,0.6,0.05 14.5385
0.55,0.6,0.1 265.039
0.55,0.6,0.15 358.315
0.55,0.6,0.2 461.295
0.55,0.6,0.25 195.264
0.55,0.6,0.3 19.605
0.55,0.6,0.35 1.16629
0.55,0.6,0.4 0.00371455
0.55,0.6,0.45 5.4167e-05
0.55,0.65,0 8.4364e-09
0.55,0.65,0.05 30.269
0.55,0.65,0.1 216.997
0.55,0.65,0.15 313.496
0.55,0.65,0.2 528.966
0.55,0.65,0.25 463.805
0.55,0.65,0.3 49.754
0.55,0.7,0 7.51379e-09
0.55,0.7,0.05 29.2831
0.55,0.7,0.1 251.168
0.55,0.7,0.15 506.82
0.55,0.7,0.2 856.819
0.55,0.7,0.25 510.679
0.55,0.7,0.3 47.9339
0.55,0.75,0 1.45626e-08
0.55,0.75,0.05 71.5344
0.55,0.75,0.1 395.863
0.55,0.75,0.15 436.382
0.55,0.75,0.2 336.975
0.55,0.75,0.25 62.0167
0.55,0.75,0.3 2.37109
0.55,0.8,0 4.45858e-07
0.55,0.8,0.05 145.047
0.55,0.8,0.1 587.084
0.55,0.8,0.15 174.965
0.55,0.8,0.2 26.0011
0.55,0.8,0.25 2.34861
0.55,0.8,0.3 0.00958973
0.55,0.85,0 5.23551e-07
0.55,0.85,0.05 89.3176
0.55,0.85,0.1 355.453
0.55,0.85,0.15 88.4122
0.55,0.85,0.2 0.000394711
0.55,0.85,0.25 6.22953e-06
0.55,0.9,0 2.99179e-08
0.55,0.9,0.05 5.75641
0.55,0.9,0.1 22.9211
0.55,0.9,0.15 5.70429
0.55,0.95,0 9.51499e-18
0.55,0.95,0.05 1.11451e-05
0.55,0.95,0.1 4.45676e-05
0.55,0.95,0.15 1.11387e-05
0.6,0.1,0 3.75622e-12
0.6,0.1,0.05 0.105091
0.6,0.1,0.1 0.428136
0.6,0.1,0.15 21.3847
0.6,0.1,0.2 71.6939
0.6,0.1,0.25 15.4009
0.6,0.1,0.3 0.183185
0.6,0.1,0.35 0.0124446
0.6,0.15,0 1.18696e-09
0.6,0.15,0.05 33.8289
0.6,0.15,0.1 136.579
0.6,0.15,0.15 185.937
0.6,0.15,0.2 501.682
0.6,0.15,0.25 111.916
0.6,0.15,0.3 23.6829
0.6,0.15,0.35 10.6327
0.6,0.15,0.4 0.106073
0.6,0.2,0 2.87211e-09
0.6,0.2,0.05 111.662
0.6,0.2,0.1 520.436
0.6,0.2,0.15 305.073
0.6,0.2,0.2 285.706
0.6,0.2,0.25 112.395
0.6,0.2,0.3 329.772
0.6,0.2,0.35 183.949
0.6,0.2,0.4 3.10282
0.6,0.25,0 4.25857e-10
0.6,0.25,0.05 59.1263
0.6,0.25,0.1 375.249
0.6,0.25,0.15 585.113
0.6,0.25,0.2 489.663
0.6,0.25,0.25 532.36
0.6,0.25,0.3 544.279
0.6,0.25,0.35 240.248
0.6,0.25,0.4 5.21615
0.6,0.3,0 7.68843e-17
0.6,0.3,0.05 15.7442
0.6,0.3,0.1 133.742
0.6,0.3,0.15 543.058
0.6,0.3,0.2 717.383
0.6,0.3,0.25 736.552
0.6,0.3,0.3 562.818
0.6,0.3,0.35 142.499
0.6,0.3,0.4 0.909557
0.6,0.35,0 3.69744e-16
0.6,0.35,0.05 43.6716
0.6,0.35,0.1 354.396
0.6,0.35,0.15 722.629
0.6,0.35,0.2 269.179
0.6,0.35,0.25 217.739
0.6,0.35,0.3 207.657
0.6,0.35,0.35 23.8335
0.6,0.35,0.4 0.0357132
0.6,0.4,0 2.46053e-11
0.6,0.4,0.05 36.8013
0.6,0.4,0.1 226.03
0.6,0.4,0.15 321.513
0.6,0.4,0.2 114.395
0.6,0.4,0.25 65.0989
0.6,0.4,0.3 27.024
0.6,0.4,0.35 0.560123
0.6,0.45,0 1.91751e-10
0.6,0.45,0.05 151.402
0.6,0.45,0.1 623.34
0.6,0.45,0.15 296.915
0.6,0.45,0.2 614.111
0.6,0.45,0.25 313.885
0.6,0.45,0.3 25.5909
0.6,0.45,0.35 0.0702028
0.6,0.5,0 9.34969e-11
0.6,0.5,0.05 131.5
0.6,0.5,0.1 572.616
0.6,0.5,0.15 323.561
0.6,0.5,0.2 781.268
0.6,0.5,0.25 413.634
0.6,0.5,0.3 56.4595
0.6,0.5,0.35 1.62474
0.6,0.55,0 3.15769e-12
0.6,0.55,0.05 15.2617
0.6,0.55,0.1 84.6361
0.6,0.55,0.15 111.608
0.6,0.55,0.2 437.716
0.6,0.55,0.25 305.862
0.6,0.55,0.3 81.5627
0.6,0.55,0.35 2.27526
0.6,0.6,0 1.19215e-09
0.6,0.6,0.05 5.80472
0.6,0.6,0.1 51.2846
0.6,0.6,0.15 153.906
0.6,0.6,0.2 823.914
0.6,0.6,0.25 503.362
0.6,0.6,0.3 29.3355
0.6,0.6,0.35 0.191987
0.6,0.65,0 2.24436e-08
0.6,0.65,0.05 77.8545
0.6,0.65,0.1 426.259
0.6,0.65,0.15 413.498
0.6,0.65,0.2 632.29
0.6,0.65,0.25 632.034
0.6,0.65,0.3 61.8979
0.6,0.7,0 1.99888e-08
0.6,0.7,0.05 71.7902
0.6,0.7,0.1 494.476
0.6,0.7,0.15 609.883
0.6,0.7,0.2 388.664
0.6,0.7,0.25 364.806
0.6,0.7,0.3 52.9234
0.6,0.75,0 4.17184e-09
0.6,0.75,0.05 80.2469
0.6,0.75,0.1 462.517
0.6,0.75,0.15 445.409
0.6,0.75,0.2 193.687
0.6,0.75,0.25 168.301
0.6,0.75,0.3 24.6414
0.6,0.8,0 9.40025e-08
0.6,0.8,0.05 157.107
0.6,0.8,0.1 644.981
0.6,0.8,0.15 256.14
0.6,0.8,0.2 60.7555
0.6,0.8,0.25 20.0513
0.6,0.8,0.3 2.91744
0.6,0.85,0 1.09315e-07
0.6,0.85,0.05 109.325
0.6,0.85,0.1 437.135
0.6,0.85,0.15 112.857
0.6,0.85,0.2 2.39134
0.6,0.85,0.25 0.0377414
0.6,0.9,0 6.2527e-09
0.6,0.9,0.05 22.1589
0.6,0.9,0.1 88.5901
0.6,0.9,0.15 22.1361
0.6,0.95,0 1.77506e-16
0.6,0.95,0.05 0.000207916
0.6,0.95,0.1 0.000831427
0.6,0.95,0.15 0.000207798
0.65,0.1,0 2.43819e-13
0.65,0.1,0.05 0.00682152
0.65,0.1,0.1 0.0409963
0.65,0.1,0.15 15.1182
0.65,0.1,0.2 44.2732
0.65,0.1,0.25 8.08841
0.65,0.15,0 7.70466e-11
0.65,0.15,0.05 2.6138
0.65,0.15,0.1 11.5563
0.65,0.15,0.15 128.293
0.65,0.15,0.2 363.383
0.65,0.15,0.25 66.2767
0.65,0.15,0.3 3.9725
0.65,0.15,0.35 2.15461
0.65,0.15,0.4 0.0213371
0.65,0.2,0 1.8643e-10
0.65,0.2,0.05 28.5858
0.65,0.2,0.1 166.773
0.65,0.2,0.15 181.059
0.65,0.2,0.2 261.702
0.65,0.2,0.25 48.0642
0.65,0.2,0.3 62.7941
0.65,0.2,0.35 33.8591
0.65,0.2,0.4 0.335108
0.65,0.25,0 2.76424e-11
0.65,0.25,0.05 34.8064
0.65,0.25,0.1 243.858
0.65,0.25,0.15 424.52
0.65,0.25,0.2 378.973
0.65,0.25,0.25 156.794
0.65,0.25,0.3 77.0165
0.65,0.25,0.35 31.5422
0.65,0.25,0.4 0.276495
0.65,0.3,0.05 2.72062
0.65,0.3,0.1 108.994
0.65,0.3,0.15 631.913
