0.4,0.8,0.25 27.2513
0.4,0.8,0.3 17.7708
0.4,0.8,0.35 1.17949
0.4,0.8,0.4 0.0124557
0.4,0.85,0 1.34204e-07
0.4,0.85,0.05 13.8291
0.4,0.85,0.1 54.9628
0.4,0.85,0.15 13.6529
0.45,0.05,0.05 7.76704e-07
0.45,0.05,0.1 8.81481e-06
0.45,0.05,0.15 5.58681e-06
0.45,0.05,0.2 0.0598401
0.45,0.05,0.25 0.804046
0.45,0.05,0.3 5.80278
0.45,0.05,0.35 4.0282
0.45,0.05,0.4 0.0864909
0.45,0.1,0.05 10.5393
0.45,0.1,0.1 82.3242
0.45,0.1,0.15 58.3652
0.45,0.1,0.2 31.9328
0.45,0.1,0.25 56.3492
0.45,0.1,0.3 177.449
0.45,0.1,0.35 114.567
0.45,0.1,0.4 2.45663
0.45,0.15,0.05 63.3184
0.45,0.15,0.1 540.726
0.45,0.15,0.15 482.464
0.45,0.15,0.2 275.35
0.45,0.15,0.25 245.372
0.45,0.15,0.3 261.548
0.45,0.15,0.35 129.872
0.45,0.15,0.4 2.74827
0.45,0.2,0 5.41314e-11
0.45,0.2,0.05 97.1983
0.45,0.2,0.1 631.397
0.45,0.2,0.15 421.699
0.45,0.2,0.2 246.043
0.45,0.2,0.25 450.751
0.45,0.2,0.3 229.472
0.45,0.2,0.35 10.5894
0.45,0.2,0.4 0.145049
0.45,0.25,0 1.62447e-09
0.45,0.25,0.05 97.4776
0.45,0.25,0.1 458.208
0.45,0.25,0.15 240.591
0.45,0.25,0.2 238.312
0.45,0.25,0.25 271.856
0.45,0.25,0.3 132.877
0.45,0.25,0.35 2.02505
0.45,0.3,0 1.86825e-09
0.45,0.3,0.05 133.514
0.45,0.3,0.1 557.371
0.45,0.3,0.15 591.914
0.45,0.3,0.2 742.318
0.45,0.3,0.25 187.471
0.45,0.3,0.3 50.5901
0.45,0.3,0.35 12.3556
0.45,0.3,0.4 5.80009
0.45,0.3,0.45 0.416759
0.45,0.35,0 1.03194e-10
0.45,0.35,0.05 139.574
0.45,0.35,0.1 572.171
0.45,0.35,0.15 459.767
0.45,0.35,0.2 576.179
0.45,0.35,0.25 345.892
0.45,0.35,0.3 527.544
0.45,0.35,0.35 260.343
0.45,0.35,0.4 78.141
0.45,0.35,0.45 4.58767
0.45,0.4,0 1.5705e-12
0.45,0.4,0.05 78.5712
0.45,0.4,0.1 332.122
0.45,0.4,0.15 311.86
0.45,0.4,0.2 372.487
0.45,0.4,0.25 268.65
0.45,0.4,0.3 635.585
0.45,0.4,0.35 598.184
0.45,0.4,0.4 106.258
0.45,0.4,0.45 4.14175
0.45,0.45,0 6.13992e-11
0.45,0.45,0.05 74.058
0.45,0.45,0.1 348.865
0.45,0.45,0.15 498.452
0.45,0.45,0.2 518.893
0.45,0.45,0.25 583.286
0.45,0.45,0.3 523.378
0.45,0.45,0.35 331.789
0.45,0.45,0.4 170.022
0.45,0.45,0.45 27.3994
0.45,0.5,0 8.2609e-10
0.45,0.5,0.05 92.3186
0.45,0.5,0.1 448.603
0.45,0.5,0.15 424.249
0.45,0.5,0.2 667.734
0.45,0.5,0.25 666.681
0.45,0.5,0.3 534.905
0.45,0.5,0.35 946.229
0.45,0.5,0.4 619.272
0.45,0.5,0.45 86.2694
0.45,0.55,0 4.41203e-09
0.45,0.55,0.05 50.4711
0.45,0.55,0.1 396.9
0.45,0.55,0.15 470.33
0.45,0.55,0.2 519.327
0.45,0.55,0.25 214.647
0.45,0.55,0.3 165.956
0.45,0.55,0.35 642.104
0.45,0.55,0.4 282.172
0.45,0.55,0.45 20.5307
0.45,0.6,0 1.45626e-08
0.45,0.6,0.05 127.874
0.45,0.6,0.1 560.645
0.45,0.6,0.15 352.063
0.45,0.6,0.2 780.394
0.45,0.6,0.25 376.734
0.45,0.6,0.3 29.7368
0.45,0.6,0.35 29.3652
0.45,0.6,0.4 8.58619
0.45,0.6,0.45 0.0406418
0.45,0.65,0 4.32448e-09
0.45,0.65,0.05 66.5634
0.45,0.65,0.1 323.722
0.45,0.65,0.15 220.541
0.45,0.65,0.2 270.957
0.45,0.65,0.25 112.933
0.45,0.65,0.3 29.0456
0.45,0.65,0.35 16.2503
0.45,0.65,0.4 0.961414
0.45,0.65,0.45 0.0106974
0.45,0.7,0 1.04913e-10
0.45,0.7,0.05 1.4569
0.45,0.7,0.1 24.3411
0.45,0.7,0.15 42.1829
0.45,0.7,0.2 22.2378
0.45,0.7,0.25 10.1404
0.45,0.7,0.3 84.7451
0.45,0.7,0.35 88.296
0.45,0.7,0.4 4.24941
0.45,0.7,0.45 8.86779e-05
0.45,0.75,0 2.42916e-07
0.45,0.75,0.05 25.0315
0.45,0.75,0.1 99.9252
0.45,0.75,0.15 34.6061
0.45,0.75,0.2 10.0992
0.45,0.75,0.25 2.43119
0.45,0.75,0.3 32.758
0.45,0.75,0.35 34.3038
0.45,0.75,0.4 1.65003
0.45,0.8,0 7.85732e-07
0.45,0.8,0.05 80.9672
0.45,0.8,0.1 321.846
0.45,0.8,0.15 81.001
0.45,0.8,0.2 1.06348
0.45,0.8,0.25 0.157513
0.45,0.8,0.3 0.133225
0.45,0.8,0.35 0.0773612
0.45,0.8,0.4 0.00369073
0.45,0.85,0 1.58594e-07
0.45,0.85,0.05 16.3439
0.45,0.85,0.1 64.9577
0.45,0.85,0.15 16.1356
0.45,0.9,0 1.66874e-12
0.45,0.9,0.05 0.000257712
0.45,0.9,0.1 0.00102509
0.45,0.9,0.15 0.00025484
0.5,0.05,0.25 0.467917
0.5,0.05,0.3 6.24793
0.5,0.05,0.35 4.45126
0.5,0.05,0.4 0.0955828
0.5,0.1,0 7.91476e-14
0.5,0.1,0.05 2.31962
0.5,0.1,0.1 17.1402
0.5,0.1,0.15 27.5387
0.5,0.1,0.2 38.4462
0.5,0.1,0.25 44.3627
0.5,0.1,0.3 200.947
0.5,0.1,0.35 128.171
0.5,0.1,0.4 2.71487
0.5,0.15,0 2.50105e-11
0.5,0.15,0.05 21.1106
0.5,0.15,0.1 129.972
0.5,0.15,0.15 241.353
0.5,0.15,0.2 449.724
0.5,0.15,0.25 636.545
0.5,0.15,0.3 584.695
0.5,0.15,0.35 164.003
0.5,0.15,0.4 3.03968
0.5,0.2,0 6.14826e-11
0.5,0.2,0.05 103.929
0.5,0.2,0.1 454.436
0.5,0.2,0.15 442.197
0.5,0.2,0.2 783.502
0.5,0.2,0.25 923.908
0.5,0.2,0.3 530.4
0.5,0.2,0.35 49.8317
0.5,0.2,0.4 1.34741
0.5,0.25,0 3.79142e-11
0.5,0.25,0.05 95.0881
0.5,0.25,0.1 398.022
0.5,0.25,0.15 364.972
0.5,0.25,0.2 602.741
0.5,0.25,0.25 566.905
0.5,0.25,0.3 237.057
0.5,0.25,0.35 62.5268
0.5,0.25,0.4 3.08024
0.5,0.3,0 3.32873e-11
0.5,0.3,0.05 147.873
0.5,0.3,0.1 623.658
0.5,0.3,0.15 739.265
0.5,0.3,0.2 717.39
0.5,0.3,0.25 317.887
0.5,0.3,0.3 78.7388
0.5,0.3,0.35 30.1214
0.5,0.3,0.4 27.6107
0.5,0.3,0.45 1.9488
0.5,0.35,0 1.87063e-12
0.5,0.35,0.05 170.392
0.5,0.35,0.1 701
0.5,0.35,0.15 539.647
0.5,0.35,0.2 492.871
0.5,0.35,0.25 89.7933
0.5,0.35,0.3 86.3925
0.5,0.35,0.35 342.185
0.5,0.35,0.4 317.76
0.5,0.35,0.45 21.4523
0.5,0.4,0 1.5593e-11
0.5,0.4,0.05 97.0821
0.5,0.4,0.1 390.939
0.5,0.4,0.15 247.138
0.5,0.4,0.2 383.832
0.5,0.4,0.25 240.411
0.5,0.4,0.3 305.84
0.5,0.4,0.35 658.663
0.5,0.4,0.4 270.686
0.5,0.4,0.45 13.2899
0.5,0.45,0 2.50415e-10
0.5,0.45,0.05 106.339
0.5,0.45,0.1 429.916
0.5,0.45,0.15 268.724
0.5,0.45,0.2 444.253
0.5,0.45,0.25 419.886
0.5,0.45,0.3 206.882
0.5,0.45,0.35 169.024
0.5,0.45,0.4 54.5053
0.5,0.45,0.45 5.24972
0.5,0.5,0 4.72323e-09
0.5,0.5,0.05 123.283
0.5,0.5,0.1 552.824
0.5,0.5,0.15 412.647
0.5,0.5,0.2 543.646
0.5,0.5,0.25 369.795
0.5,0.5,0.3 158.837
0.5,0.5,0.35 220.876
0.5,0.5,0.4 157.612
0.5,0.5,0.45 19.3385
0.5,0.55,0 4.82499e-09
0.5,0.55,0.05 96.5995
0.5,0.55,0.1 630.964
0.5,0.55,0.15 787.222
0.5,0.55,0.2 881.103
0.5,0.55,0.25 221.805
0.5,0.55,0.3 129.978
0.5,0.55,0.35 191.667
0.5,0.55,0.4 85.0909
0.5,0.55,0.45 4.73884
0.5,0.6,0 5.08459e-10
0.5,0.6,0.05 24.1003
0.5,0.6,0.1 278.073
0.5,0.6,0.15 419.069
0.5,0.6,0.2 454.088
0.5,0.6,0.25 100.579
0.5,0.6,0.3 12.468
0.5,0.6,0.35 8.53092
0.5,0.6,0.4 2.70844
0.5,0.6,0.45 0.00831003
0.5,0.65,0 1.85934e-10
0.5,0.65,0.05 9.20632
0.5,0.65,0.1 250.783
0.5,0.65,0.15 442.458
0.5,0.65,0.2 250.638
0.5,0.65,0.25 65.1923
0.5,0.65,0.3 0.8482
0.5,0.65,0.35 0.00220739
0.5,0.65,0.4 0.000106188
0.5,0.7,0 2.10608e-11
0.5,0.7,0.05 1.31657
0.5,0.7,0.1 77.6519
0.5,0.7,0.15 338.544
0.5,0.7,0.2 455.253
0.5,0.7,0.25 91.196
0.5,0.7,0.3 0.724525
0.5,0.7,0.35 0.0139261
0.5,0.7,0.4 0.000669928
0.5,0.75,0 1.82807e-08
0.5,0.75,0.05 8.35135
0.5,0.75,0.1 45.5404
0.5,0.75,0.15 232.879
0.5,0.75,0.2 244.371
0.5,0.75,0.25 17.5231
0.5,0.75,0.3 0.0397671
0.5,0.75,0.35 0.00541622
0.5,0.75,0.4 0.000260551
0.5,0.8,0 1.78869e-07
0.5,0.8,0.05 31.8912
0.5,0.8,0.1 128.2
0.5,0.8,0.15 54.3212
0.5,0.8,0.2 22.0617
0.5,0.8,0.25 0.935182
0.5,0.8,0.3 1.1439e-05
0.5,0.8,0.35 1.21148e-05
0.5,0.8,0.4 5.8279e-07
0.5,0.85,0 1.65992e-07
0.5,0.85,0.05 25.4838
0.5,0.85,0.1 101.369
0.5,0.85,0.15 25.2017
0.5,0.9,0 8.96276e-09
0.5,0.9,0.05 1.38416
0.5,0.9,0.1 5.50572
0.5,0.9,0.15 1.36874
0.55,0.05,0.25 0.0241976
0.55,0.05,0.3 0.323102
0.55,0.05,0.35 0.23019
0.55,0.05,0.4 0.00494292
0.55,0.1,0 2.94778e-12
0.55,0.1,0.05 0.0824722
0.55,0.1,0.1 0.410672
0.55,0.1,0.15 17.7301
0.55,0.1,0.2 42.1098
0.55,0.1,0.25 20.5933
0.55,0.1,0.3 25.2576
0.55,0.1,0.35 7.79501
0.55,0.1,0.4 0.140395
0.55,0.15,0 9.31495e-10
0.55,0.15,0.05 29.0405
0.55,0.15,0.1 116.966
0.55,0.15,0.15 162.287
0.55,0.15,0.2 333.539
0.55,0.15,0.25 330.789
0.55,0.15,0.3 269.501
0.55,0.15,0.35 24.7842
0.55,0.15,0.4 0.171093
0.55,0.2,0 2.25394e-09
0.55,0.2,0.05 101.75
0.55,0.2,0.1 413.595
0.55,0.2,0.15 402.507
0.55,0.2,0.2 578.59
0.55,0.2,0.25 471.413
0.55,0.2,0.3 438.046
0.55,0.2,0.35 147.081
0.55,0.2,0.4 5.93983
0.55,0.25,0 3.34197e-10
0.55,0.25,0.05 62.7874
0.55,0.25,0.1 267.791
0.55,0.25,0.15 474.804
0.55,0.25,0.2 745.341
0.55,0.25,0.25 780.495
0.55,0.25,0.3 569.284
0.55,0.25,0.35 338.415
0.55,0.25,0.4 15.3981
0.55,0.3,0 2.09737e-14
0.55,0.3,0.05 103.157
0.55,0.3,0.1 425.683
0.55,0.3,0.15 389.471
0.55,0.3,0.2 536.72
0.55,0.3,0.25 773.112
0.55,0.3,0.3 432.844
0.55,0.3,0.35 112.728
0.55,0.3,0.4 10.5216
0.55,0.3,0.45 0.569155
0.55,0.35,0 1.43316e-13
0.55,0.35,0.05 142.826
0.55,0.35,0.1 591.684
0.55,0.35,0.15 226.497
0.55,0.35,0.2 84.7035
0.55,0.35,0.25 242.097
0.55,0.35,0.3 156.051
0.55,0.35,0.35 88.5049
0.55,0.35,0.4 89.8081
0.55,0.35,0.45 6.26524
0.55,0.4,0 2.11353e-11
0.55,0.4,0.05 79.977
0.55,0.4,0.1 326.156
0.55,0.4,0.15 110.451
0.55,0.4,0.2 86.9216
0.55,0.4,0.25 293.525
0.55,0.4,0.3 145.571
0.55,0.4,0.35 102.75
0.55,0.4,0.4 65.87
0.55,0.4,0.45 3.88135
0.55,0.45,0 4.96425e-10
0.55,0.45,0.05 113.418
0.55,0.45,0.1 453.671
0.55,0.45,0.15 209.667
0.55,0.45,0.2 398.706
0.55,0.45,0.25 334.896
0.55,0.45,0.3 107.208
0.55,0.45,0.35 18.9043
0.55,0.45,0.4 4.18978
0.55,0.45,0.45 0.0578706
0.55,0.5,0 2.6863e-09
0.55,0.5,0.05 99.5043
0.55,0.5,0.1 402.494
0.55,0.5,0.15 341.434
0.55,0.5,0.2 788.07
0.55,0.5,0.25 337.853
0.55,0.5,0.3 162.205
0.55,0.5,0.35 9.40029
0.55,0.5,0.4 0.178514
0.55,0.5,0.45 0.000738127
0.55,0.55,0 1.91045e-09
0.55,0.55,0.05 47.133
0.55,0.55,0.1 319.054
0.55,0.55,0.15 440.928
0.55,0.55,0.2 732.358
0.55,0.55,0.25 384.525
0.55,0.55,0.3 290.134
0.55,0.55,0.35 16.8989
0.55,0.55,0.4 0.172124
0.55,0.55,0.45 0.000712678
0.55,0.6,0 5.26559e-10
0.55,0.6,0.05 20.5079
0.55,0.6,0.1 290.801
0.55,0.6,0.15 379.559
0.55,0.6,0.2 438.455
0.55,0.6,0.25 129.433
0.55,0.6,0.3 32.5612
0.55,0.6,0.35 1.78827
0.55,0.6,0.4 0.00701963
0.55,0.6,0.45 2.90648e-05
0.55,0.65,0 8.4364e-09
0.55,0.65,0.05 31.9382
0.55,0.65,0.1 249.52
0.55,0.65,0.15 357.494
0.55,0.65,0.2 597.315
0.55,0.65,0.25 338.242
0.55,0.65,0.3 17.0542
0.55,0.7,0 7.51379e-09
0.55,0.7,0.05 30.2615
0.55,0.7,0.1 276.714
0.55,0.7,0.15 610.102
0.55,0.7,0.2 919.478
0.55,0.7,0.25 363.888
0.55,0.7,0.3 15.3089
0.55,0.75,0 1.45626e-08
0.55,0.75,0.05 71.9166
0.55,0.75,0.1 407.174
0.55,0.75,0.15 493.793
0.55,0.75,0.2 296.77
0.55,0.75,0.25 33.5407
0.55,0.75,0.3 0.630809
0.55,0.8,0 4.45858e-07
0.55,0.8,0.05 145.069
0.55,0.8,0.1 587.667
0.55,0.8,0.15 180.023
0.55,0.8,0.2 22.3459
0.55,0.8,0.25 0.886601
0.55,0.8,0.3 1.46509e-08
0.55,0.85,0 5.23551e-07
0.55,0.85,0.05 89.3176
0.55,0.85,0.1 355.453
0.55,0.85,0.15 88.4116
0.55,0.9,0 2.99179e-08
0.55,0.9,0.05 5.75641
0.55,0.9,0.1 22.9211
0.55,0.9,0.15 5.70429
0.55,0.95,0 9.51499e-18
0.55,0.95,0.05 1.11451e-05
0.55,0.95,0.1 4.45676e-05
0.55,0.95,0.15 1.11387e-05
0.6,0.1,0 3.75622e-12
0.6,0.1,0.05 0.105091
0.6,0.1,0.1 0.561752
0.6,0.1,0.15 30.5036
0.6,0.1,0.2 68.506
0.6,0.1,0.25 9.64612
0.6,0.1,0.3 0.345132
0.6,0.1,0.35 0.0278715
0.6,0.15,0 1.18696e-09
0.6,0.15,0.05 34.6745
0.6,0.15,0.1 139.813
0.6,0.15,0.15 251.802
0.6,0.15,0.2 483.548
0.6,0.15,0.25 73.3115
0.6,0.15,0.3 23.0541
0.6,0.15,0.35 6.85255
0.6,0.15,0.4 0.0136615
0.6,0.2,0 2.8721e-09
0.6,0.2,0.05 134.062
0.6,0.2,0.1 549.242
0.6,0.2,0.15 314.883
0.6,0.2,0.2 281.248
0.6,0.2,0.25 116.029
0.6,0.2,0.3 350.268
0.6,0.2,0.35 148.645
0.6,0.2,0.4 2.00361
0.6,0.25,0 4.25853e-10
0.6,0.25,0.05 81.4071
0.6,0.25,0.1 383.054
0.6,0.25,0.15 567.255
0.6,0.25,0.2 512.926
0.6,0.25,0.25 557.778
0.6,0.25,0.3 585.103
0.6,0.25,0.35 245.831
0.6,0.25,0.4 5.04753
0.6,0.3,0 8.9394e-15
0.6,0.3,0.05 16.2002
0.6,0.3,0.1 158.292
0.6,0.3,0.15 571.144
0.6,0.3,0.2 691.681
0.6,0.3,0.25 761.113
0.6,0.3,0.3 592.816
0.6,0.3,0.35 171.953
0.6,0.3,0.4 1.16521
0.6,0.3,0.45 6.86739e-05
0.6,0.35,0 5.59203e-14
0.6,0.35,0.05 43.3461
0.6,0.35,0.1 420.43
0.6,0.35,0.15 676.432
0.6,0.35,0.2 221.923
0.6,0.35,0.25 272.94
0.6,0.35,0.3 191.68
0.6,0.35,0.35 26.8895
0.6,0.35,0.4 0.0769598
0.6,0.35,0.45 0.000755961
0.6,0.4,0 2.61478e-11
0.6,0.4,0.05 36.3583
0.6,0.4,0.1 247.638
0.6,0.4,0.15 296.683
0.6,0.4,0.2 110.74
0.6,0.4,0.25 56.6749
0.6,0.4,0.3 18.7116
0.6,0.4,0.35 0.131043
0.6,0.4,0.4 0.00651666
0.6,0.4,0.45 0.000468322
0.6,0.45,0 8.2725e-10
0.6,0.45,0.05 156.095
0.6,0.45,0.1 625.3
0.6,0.45,0.15 317.678
0.6,0.45,0.2 633.009
0.6,0.45,0.25 287.289
0.6,0.45,0.3 23.5441
0.6,0.45,0.35 0.0540005
0.6,0.45,0.4 9.71054e-05
0.6,0.45,0.45 6.97852e-06
0.6,0.5,0 1.84544e-09
0.6,0.5,0.05 144.573
0.6,0.5,0.1 578.515
0.6,0.5,0.15 336.53
0.6,0.5,0.2 721.946
0.6,0.5,0.25 387.341
0.6,0.5,0.3 57.8652
0.6,0.5,0.35 1.78922
0.6,0.55,0 3.03311e-10
0.6,0.55,0.05 17.7473
0.6,0.55,0.1 84.3854
0.6,0.55,0.15 163.085
0.6,0.55,0.2 485.256
0.6,0.55,0.25 247.079
0.6,0.55,0.3 75.6706
0.6,0.55,0.35 3.28692
0.6,0.6,0 1.19215e-09
0.6,0.6,0.05 6.34954
0.6,0.6,0.1 52.5146
0.6,0.6,0.15 266.167
0.6,0.6,0.2 869.783
0.6,0.6,0.25 315.127
0.6,0.6,0.3 14.7256
0.6,0.6,0.35 0.352942
0.6,0.65,0 2.24436e-08
0.6,0.65,0.05 79.1297
0.6,0.65,0.1 458.384
0.6,0.65,0.15 462.724
0.6,0.65,0.2 722.112
0.6,0.65,0.25 525.039
0.6,0.65,0.3 27.7812
0.6,0.7,0 1.99888e-08
0.6,0.7,0.05 73.3907
0.6,0.7,0.1 535.911
0.6,0.7,0.15 642.404
0.6,0.7,0.2 423.699
0.6,0.7,0.25 311.119
0.6,0.7,0.3 23.0492
0.6,0.75,0 4.17184e-09
0.6,0.75,0.05 80.767
0.6,0.75,0.1 472.71
0.6,0.75,0.15 441.664
0.6,0.75,0.2 154.953
0.6,0.75,0.25 91.1907
0.6,0.75,0.3 8.70086
0.6,0.8,0 9.40025e-08
0.6,0.8,0.05 157.136
0.6,0.8,0.1 645.432
0.6,0.8,0.15 245.254
0.6,0.8,0.2 44.0233
0.6,0.8,0.25 6.70136
0.6,0.8,0.3 0.637318
0.6,0.85,0 1.09315e-07
0.6,0.85,0.05 109.325
0.6,0.85,0.1 437.152
0.6,0.85,0.15 112.354
0.6,0.85,0.2 1.78567
0.6,0.85,0.25 0.0179284
0.6,0.9,0 6.2527e-09
0.6,0.9,0.05 22.1589
0.6,0.9,0.1 88.5901
0.6,0.9,0.15 22.1361
0.6,0.95,0 1.77506e-16
0.6,0.95,0.05 0.000207916
0.6,0.95,0.1 0.000831427
0.6,0.95,0.15 0.000207798
0.65,0.1,0 2.43819e-13
0.65,0.1,0.05 0.00682152
0.65,0.1,0.1 0.154432
0.65,0.1,0.15 19.3684
0.65,0.1,0.2 40.0395
0.65,0.1,0.25 4.96674
0.65,0.15,0 7.70466e-11
0.65,0.15,0.05 3.17869
0.65,0.15,0.1 14.1766
0.65,0.15,0.15 176.568
0.65,0.15,0.2 351.23
0.65,0.15,0.25 44.0752
0.65,0.15,0.3 6.81982
0.65,0.15,0.35 2.50302
0.65,0.15,0.4 0.00381993
0.65,0.2,0 1.8643e-10
0.65,0.2,0.05 42.8329
0.65,0.2,0.1 181.193
0.65,0.2,0.15 207.719
0.65,0.2,0.2 240.057
0.65,0.2,0.25 45.9264
0.65,0.2,0.3 119.64
0.65,0.2,0.35 43.8072
0.65,0.2,0.4 0.0673997
0.65,0.25,0 2.76424e-11
0.65,0.25,0.05 48.4274
0.65,0.25,0.1 254.949
0.65,0.25,0.15 444.562
0.65,0.25,0.2 330.223
0.65,0.25,0.25 160.978
0.65,0.25,0.3 135.841
0.65,0.25,0.35 46.6912
0.65,0.25,0.4 0.0828482
0.65,0.3,0 3.31779e-17
0.65,0.3,0.05 3.21918
