0.45,0.2,0.15 260.196
0.45,0.2,0.2 298.714
0.45,0.2,0.25 293.848
0.45,0.2,0.3 83.8678
0.45,0.2,0.35 8.04043
0.45,0.25,0 2.13356e-10
0.45,0.25,0.05 117.606
0.45,0.25,0.1 474.162
0.45,0.25,0.15 178.108
0.45,0.25,0.2 318.132
0.45,0.25,0.25 396.69
0.45,0.25,0.3 51.1914
0.45,0.25,0.35 0.257166
0.45,0.3,0 9.62422e-11
0.45,0.3,0.05 138
0.45,0.3,0.1 575.367
0.45,0.3,0.15 481.531
0.45,0.3,0.2 664.353
0.45,0.3,0.25 284.774
0.45,0.3,0.3 26.3024
0.45,0.3,0.35 4.69364
0.45,0.3,0.4 0.692464
0.45,0.35,0 1.06295e-09
0.45,0.35,0.05 143.114
0.45,0.35,0.1 586.966
0.45,0.35,0.15 382.757
0.45,0.35,0.2 518.482
0.45,0.35,0.25 465.818
0.45,0.35,0.3 350.972
0.45,0.35,0.35 130.31
0.45,0.35,0.4 8.09502
0.45,0.4,0 7.68215e-10
0.45,0.4,0.05 76.678
0.45,0.4,0.1 319.324
0.45,0.4,0.15 255.989
0.45,0.4,0.2 306.398
0.45,0.4,0.25 427.616
0.45,0.4,0.3 738.744
0.45,0.4,0.35 359.973
0.45,0.4,0.4 23.6213
0.45,0.4,0.45 0.0911631
0.45,0.45,0 1.19874e-10
0.45,0.45,0.05 74.0003
0.45,0.45,0.1 344.713
0.45,0.45,0.15 516.218
0.45,0.45,0.2 439.558
0.45,0.45,0.25 582.353
0.45,0.45,0.3 550.054
0.45,0.45,0.35 261.425
0.45,0.45,0.4 68.3474
0.45,0.45,0.45 0.51349
0.45,0.5,0 8.34616e-10
0.45,0.5,0.05 115.404
0.45,0.5,0.1 489.623
0.45,0.5,0.15 421.161
0.45,0.5,0.2 651.241
0.45,0.5,0.25 490.757
0.45,0.5,0.3 963.868
0.45,0.5,0.35 540.173
0.45,0.5,0.4 123.059
0.45,0.5,0.45 3.29904
0.45,0.55,0 4.47662e-09
0.45,0.55,0.05 109.877
0.45,0.55,0.1 456.419
0.45,0.55,0.15 357.228
0.45,0.55,0.2 650.161
0.45,0.55,0.25 332.669
0.45,0.55,0.3 748.819
0.45,0.55,0.35 541.831
0.45,0.55,0.4 215.546
0.45,0.55,0.45 7.07187
0.45,0.6,0 1.47217e-08
0.45,0.6,0.05 143.698
0.45,0.6,0.1 577.159
0.45,0.6,0.15 377.182
0.45,0.6,0.2 735.024
0.45,0.6,0.25 271.018
0.45,0.6,0.3 68.7087
0.45,0.6,0.35 52.4672
0.45,0.6,0.4 29.3338
0.45,0.6,0.45 0.971593
0.45,0.65,0 4.85193e-09
0.45,0.65,0.05 94.0174
0.45,0.65,0.1 376.402
0.45,0.65,0.15 190.487
0.45,0.65,0.2 324.428
0.45,0.65,0.25 107.15
0.45,0.65,0.3 28.2731
0.45,0.65,0.35 2.81925
0.45,0.65,0.4 0.109778
0.45,0.65,0.45 0.00256482
0.45,0.7,0 2.56568e-10
0.45,0.7,0.05 9.38674
0.45,0.7,0.1 41.7165
0.45,0.7,0.15 24.4889
0.45,0.7,0.2 50.7585
0.45,0.7,0.25 60.2233
0.45,0.7,0.3 11.4898
0.45,0.7,0.35 0.586729
0.45,0.7,0.4 0.0365401
0.45,0.7,0.45 0.000853717
0.45,0.75,0 2.42916e-07
0.45,0.75,0.05 25.0713
0.45,0.75,0.1 108.204
0.45,0.75,0.15 46.6567
0.45,0.75,0.2 125.734
0.45,0.75,0.25 242.257
0.45,0.75,0.3 28.8269
0.45,0.75,0.35 3.3582e-05
0.45,0.75,0.4 2.47884e-05
0.45,0.75,0.45 5.79153e-07
0.45,0.8,0 7.85732e-07
0.45,0.8,0.05 80.972
0.45,0.8,0.1 322.885
0.45,0.8,0.15 83.4986
0.45,0.8,0.2 41.1912
0.45,0.8,0.25 79.3921
0.45,0.8,0.3 9.42482
0.45,0.85,0 1.58594e-07
0.45,0.85,0.05 16.3439
0.45,0.85,0.1 64.958
0.45,0.85,0.15 16.1484
0.45,0.85,0.2 0.0433768
0.45,0.85,0.25 0.0544986
0.45,0.85,0.3 0.00633786
0.45,0.9,0 1.66874e-12
0.45,0.9,0.05 0.000257712
0.45,0.9,0.1 0.00102509
0.45,0.9,0.15 0.00025484
0.5,0.05,0.15 0.000923731
0.5,0.05,0.2 0.020196
0.5,0.05,0.25 1.27993
0.5,0.05,0.3 3.53966
0.5,0.05,0.35 0.615373
0.5,0.1,0 1.64921e-11
0.5,0.1,0.05 5.56249
0.5,0.1,0.1 22.2958
0.5,0.1,0.15 12.9698
0.5,0.1,0.2 24.499
0.5,0.1,0.25 98.3557
0.5,0.1,0.3 159.549
0.5,0.1,0.35 22.9272
0.5,0.15,0 1.76994e-10
0.5,0.15,0.05 38.5661
0.5,0.15,0.1 156.225
0.5,0.15,0.15 198.909
0.5,0.15,0.2 505.925
0.5,0.15,0.25 634.63
0.5,0.15,0.3 599.003
0.5,0.15,0.35 71.5362
0.5,0.2,0 9.33906e-10
0.5,0.2,0.05 114.725
0.5,0.2,0.1 469.641
0.5,0.2,0.15 454.263
0.5,0.2,0.2 807.858
0.5,0.2,0.25 592.935
0.5,0.2,0.3 368.342
0.5,0.2,0.35 45.5426
0.5,0.25,0 6.04662e-10
0.5,0.25,0.05 100.479
0.5,0.25,0.1 413.541
0.5,0.25,0.15 322.108
0.5,0.25,0.2 404.781
0.5,0.25,0.25 368.322
0.5,0.25,0.3 88.5184
0.5,0.25,0.35 2.61733
0.5,0.3,0 2.08936e-10
0.5,0.3,0.05 158.638
0.5,0.3,0.1 682.668
0.5,0.3,0.15 795.829
0.5,0.3,0.2 598.931
0.5,0.3,0.25 175.562
0.5,0.3,0.3 52.7418
0.5,0.3,0.35 43.4957
0.5,0.3,0.4 7.25185
0.5,0.35,0 1.1103e-09
0.5,0.35,0.05 184.511
0.5,0.35,0.1 767.009
0.5,0.35,0.15 603.667
0.5,0.35,0.2 557.46
0.5,0.35,0.25 143.255
0.5,0.35,0.3 230.121
0.5,0.35,0.35 400.272
0.5,0.35,0.4 58.4464
0.5,0.4,0 1.06631e-09
0.5,0.4,0.05 97.1099
0.5,0.4,0.1 396.433
0.5,0.4,0.15 311.023
0.5,0.4,0.2 378.718
0.5,0.4,0.25 269.815
0.5,0.4,0.3 647.723
0.5,0.4,0.35 445.083
0.5,0.4,0.4 33.3734
0.5,0.4,0.45 7.09243e-05
0.5,0.45,0 1.66914e-09
0.5,0.45,0.05 106.812
0.5,0.45,0.1 439.55
0.5,0.45,0.15 377.704
0.5,0.45,0.2 441.339
0.5,0.45,0.25 556.984
0.5,0.45,0.3 359.607
0.5,0.45,0.35 103.07
0.5,0.45,0.4 2.05587
0.5,0.45,0.45 0.0110753
0.5,0.5,0 5.01305e-09
0.5,0.5,0.05 145.991
0.5,0.5,0.1 586.695
0.5,0.5,0.15 374.359
0.5,0.5,0.2 545.707
0.5,0.5,0.25 265.654
0.5,0.5,0.3 219.668
0.5,0.5,0.35 152.732
0.5,0.5,0.4 72.8184
0.5,0.5,0.45 2.40472
0.5,0.55,0 6.35302e-09
0.5,0.55,0.05 177.253
0.5,0.55,0.1 718.131
0.5,0.55,0.15 641.95
0.5,0.55,0.2 820.867
0.5,0.55,0.25 150.795
0.5,0.55,0.3 240.452
0.5,0.55,0.35 267.822
0.5,0.55,0.4 164.089
0.5,0.55,0.45 5.43487
0.5,0.6,0 3.50025e-09
0.5,0.6,0.05 96.0384
0.5,0.6,0.1 392.192
0.5,0.6,0.15 435.265
0.5,0.6,0.2 540.191
0.5,0.6,0.25 73.5205
0.5,0.6,0.3 26.4788
0.5,0.6,0.35 33.6574
0.5,0.6,0.4 22.5134
0.5,0.6,0.45 0.746335
0.5,0.65,0 2.35742e-09
0.5,0.65,0.05 114.509
0.5,0.65,0.1 462.02
0.5,0.65,0.15 239.988
0.5,0.65,0.2 177.426
0.5,0.65,0.25 17.8181
0.5,0.65,0.3 0.0330791
0.5,0.7,0 5.67027e-10
0.5,0.7,0.05 30.8795
0.5,0.7,0.1 193.364
0.5,0.7,0.15 304.668
0.5,0.7,0.2 155.307
0.5,0.7,0.25 8.74689
0.5,0.7,0.3 0.138801
0.5,0.75,0 1.82803e-08
0.5,0.75,0.05 9.0363
0.5,0.75,0.1 167.439
0.5,0.75,0.15 318.656
0.5,0.75,0.2 56.051
0.5,0.75,0.25 6.85903
0.5,0.75,0.3 0.741523
0.5,0.8,0 1.78869e-07
0.5,0.8,0.05 31.9701
0.5,0.8,0.1 143.254
0.5,0.8,0.15 68.0953
0.5,0.8,0.2 6.0219
0.5,0.8,0.25 2.07635
0.5,0.8,0.3 0.246661
0.5,0.85,0 1.65992e-07
0.5,0.85,0.05 25.4838
0.5,0.85,0.1 101.369
0.5,0.85,0.15 25.2017
0.5,0.85,0.2 0.000701056
0.5,0.85,0.25 0.00139975
0.5,0.85,0.3 0.000166284
0.5,0.9,0 8.96276e-09
0.5,0.9,0.05 1.38416
0.5,0.9,0.1 5.50572
0.5,0.9,0.15 1.36874
0.55,0.05,0.2 9.17666e-06
0.55,0.05,0.25 0.00741935
0.55,0.05,0.3 0.0207954
0.55,0.05,0.35 0.00361597
0.55,0.1,0 2.68358e-12
0.55,0.1,0.05 0.0993738
0.55,0.1,0.1 1.57156
0.55,0.1,0.15 22.5613
0.55,0.1,0.2 26.1578
0.55,0.1,0.25 43.4646
0.55,0.1,0.3 32.5552
0.55,0.1,0.35 1.62426
0.55,0.15,0 7.70255e-10
0.55,0.15,0.05 30.4002
0.55,0.15,0.1 130.248
0.55,0.15,0.15 211.767
0.55,0.15,0.2 292.944
0.55,0.15,0.25 372.237
0.55,0.15,0.3 297.97
0.55,0.15,0.35 25.6651
0.55,0.2,0 2.09107e-09
0.55,0.2,0.05 104.258
0.55,0.2,0.1 438.221
0.55,0.2,0.15 566.538
0.55,0.2,0.2 733.044
0.55,0.2,0.25 373.292
0.55,0.2,0.3 311.249
0.55,0.2,0.35 42.8851
0.55,0.25,0 5.03857e-10
0.55,0.25,0.05 61.5365
0.55,0.25,0.1 273.987
0.55,0.25,0.15 561.593
0.55,0.25,0.2 674.11
0.55,0.25,0.25 792.709
0.55,0.25,0.3 492.247
0.55,0.25,0.35 47.3414
0.55,0.25,0.4 0.00375703
0.55,0.3,0 3.45091e-10
0.55,0.3,0.05 102.256
0.55,0.3,0.1 432.807
0.55,0.3,0.15 479.298
0.55,0.3,0.2 564.434
0.55,0.3,0.25 686.039
0.55,0.3,0.3 301.981
0.55,0.3,0.35 42.7301
0.55,0.3,0.4 4.35945
0.55,0.35,0 1.66366e-09
0.55,0.35,0.05 147.673
0.55,0.35,0.1 601.962
0.55,0.35,0.15 236.222
0.55,0.35,0.2 208.29
0.55,0.35,0.25 95.1474
0.55,0.35,0.3 104.356
0.55,0.35,0.35 209.037
0.55,0.35,0.4 33.7578
0.55,0.4,0 1.13908e-09
0.55,0.4,0.05 78.3976
0.55,0.4,0.1 317.091
0.55,0.4,0.15 128.67
0.55,0.4,0.2 115.623
0.55,0.4,0.25 129.139
0.55,0.4,0.3 122.037
0.55,0.4,0.35 116.06
0.55,0.4,0.4 15.9616
0.55,0.45,0 1.94604e-09
0.55,0.45,0.05 112.884
0.55,0.45,0.1 453.371
0.55,0.45,0.15 286.806
0.55,0.45,0.2 462.37
0.55,0.45,0.25 406.204
0.55,0.45,0.3 111.684
0.55,0.45,0.35 10.668
0.55,0.45,0.4 0.134693
0.55,0.45,0.45 0.000273882
0.55,0.5,0 2.97876e-09
0.55,0.5,0.05 100.754
0.55,0.5,0.1 410.106
0.55,0.5,0.15 489.803
0.55,0.5,0.2 764.567
0.55,0.5,0.25 174.679
0.55,0.5,0.3 18.6477
0.55,0.5,0.35 2.36241
0.55,0.5,0.4 1.85868
0.55,0.5,0.45 0.0616257
0.55,0.55,0 4.29293e-09
0.55,0.55,0.05 85.3651
0.55,0.55,0.1 388.113
0.55,0.55,0.15 663.133
0.55,0.55,0.2 772.905
0.55,0.55,0.25 151.797
0.55,0.55,0.3 9.23349
0.55,0.55,0.35 5.16417
0.55,0.55,0.4 4.20097
0.55,0.55,0.45 0.139287
0.55,0.6,0 4.28921e-09
0.55,0.6,0.05 89.2123
0.55,0.6,0.1 390.134
0.55,0.6,0.15 414.989
0.55,0.6,0.2 359.314
0.55,0.6,0.25 79.7949
0.55,0.6,0.3 4.37011
0.55,0.6,0.35 0.709448
0.55,0.6,0.4 0.576892
0.55,0.6,0.45 0.0191274
0.55,0.65,0 8.54032e-10
0.55,0.65,0.05 60.0717
0.55,0.65,0.1 275.621
0.55,0.65,0.15 483.878
0.55,0.65,0.2 579.538
0.55,0.65,0.25 74.0551
0.55,0.65,0.3 0.294031
0.55,0.7,0 1.304e-10
0.55,0.7,0.05 40.9441
0.55,0.7,0.1 334.625
0.55,0.7,0.15 763.801
0.55,0.7,0.2 684.791
0.55,0.7,0.25 63.0979
0.55,0.7,0.3 0.0162664
0.55,0.75,0 1.43001e-08
0.55,0.75,0.05 79.2673
0.55,0.75,0.1 531.718
0.55,0.75,0.15 463.849
0.55,0.75,0.2 82.011
0.55,0.75,0.25 3.70349
0.55,0.8,0 4.45858e-07
0.55,0.8,0.05 145.611
0.55,0.8,0.1 601.038
0.55,0.8,0.15 181.113
0.55,0.8,0.2 4.14096
0.55,0.85,0 5.23551e-07
0.55,0.85,0.05 89.3176
0.55,0.85,0.1 355.453
0.55,0.85,0.15 88.4116
0.55,0.9,0 2.99179e-08
0.55,0.9,0.05 5.75641
0.55,0.9,0.1 22.9211
0.55,0.9,0.15 5.70429
0.55,0.95,0 9.51499e-18
0.55,0.95,0.05 1.11451e-05
0.55,0.95,0.1 4.45676e-05
0.55,0.95,0.15 1.11387e-05
0.6,0.1,0 3.24101e-12
0.6,0.1,0.05 0.11968
0.6,0.1,0.1 3.53917
0.6,0.1,0.15 57.6519
0.6,0.1,0.2 51.313
0.6,0.1,0.25 3.02177
0.6,0.1,0.3 0.868664
0.6,0.1,0.35 0.0240709
0.6,0.15,0 8.9936e-10
0.6,0.15,0.05 35.2676
0.6,0.15,0.1 160.982
0.6,0.15,0.15 416.831
0.6,0.15,0.2 345.869
0.6,0.15,0.25 25.4605
0.6,0.15,0.3 9.03454
0.6,0.15,0.35 0.448344
0.6,0.2,0 2.14862e-09
0.6,0.2,0.05 137.64
0.6,0.2,0.1 567.327
0.6,0.2,0.15 406.529
0.6,0.2,0.2 266.547
0.6,0.2,0.25 183.724
0.6,0.2,0.3 212.595
0.6,0.2,0.35 31.8602
0.6,0.25,0 3.3873e-10
0.6,0.25,0.05 82.0293
0.6,0.25,0.1 437.334
0.6,0.25,0.15 624.209
0.6,0.25,0.2 487.561
0.6,0.25,0.25 696.213
0.6,0.25,0.3 581.574
0.6,0.25,0.35 85.2799
0.6,0.25,0.4 0.0508446
0.6,0.3,0 1.0247e-10
0.6,0.3,0.05 32.37
0.6,0.3,0.1 291.689
0.6,0.3,0.15 555.507
0.6,0.3,0.2 704.239
0.6,0.3,0.25 753.862
0.6,0.3,0.3 527.572
0.6,0.3,0.35 138.524
0.6,0.3,0.4 0.503568
0.6,0.35,0 5.7752e-10
0.6,0.35,0.05 118.5
0.6,0.35,0.1 682.287
0.6,0.35,0.15 369.381
0.6,0.35,0.2 304.646
0.6,0.35,0.25 160.571
0.6,0.35,0.3 168.684
0.6,0.35,0.35 68.923
0.6,0.35,0.4 0.681231
0.6,0.4,0 2.65865e-10
0.6,0.4,0.05 62.1349
0.6,0.4,0.1 319.701
0.6,0.4,0.15 174.416
0.6,0.4,0.2 171.24
0.6,0.4,0.25 35.8782
0.6,0.4,0.3 3.5304
0.6,0.4,0.35 1.81803
0.6,0.4,0.4 0.213161
0.6,0.45,0 9.10976e-10
0.6,0.45,0.05 154.995
0.6,0.45,0.1 620.463
0.6,0.45,0.15 377.936
0.6,0.45,0.2 593.653
0.6,0.45,0.25 126.32
0.6,0.45,0.3 5.80753
0.6,0.45,0.35 0.00723917
0.6,0.45,0.4 0.00121419
0.6,0.5,0 1.8648e-09
0.6,0.5,0.05 144.22
0.6,0.5,0.1 583.488
0.6,0.5,0.15 389.97
0.6,0.5,0.2 582.593
0.6,0.5,0.25 148.335
0.6,0.5,0.3 5.41404
0.6,0.55,0 5.1768e-10
0.6,0.55,0.05 20.6988
0.6,0.55,0.1 149.426
0.6,0.55,0.15 452.064
0.6,0.55,0.2 515.484
0.6,0.55,0.25 378.875
0.6,0.55,0.3 35.0632
0.6,0.6,0 3.70083e-10
0.6,0.6,0.05 11.583
0.6,0.6,0.1 113.26
0.6,0.6,0.15 568.511
0.6,0.6,0.2 669.711
0.6,0.6,0.25 321.797
0.6,0.6,0.3 19.4013
0.6,0.65,0 3.70421e-11
0.6,0.65,0.05 78.5604
0.6,0.65,0.1 434.266
0.6,0.65,0.15 777.722
0.6,0.65,0.2 869.262
0.6,0.65,0.25 220.879
0.6,0.65,0.3 2.37953
0.6,0.7,0 3.41557e-12
0.6,0.7,0.05 81.0044
0.6,0.7,0.1 586.791
0.6,0.7,0.15 850.291
0.6,0.7,0.2 541.988
0.6,0.7,0.25 64.0201
0.6,0.7,0.3 0.138415
0.6,0.75,0 3.47347e-09
0.6,0.75,0.05 92.3324
0.6,0.75,0.1 579.985
0.6,0.75,0.15 379.871
0.6,0.75,0.2 45.9794
0.6,0.75,0.25 2.48765
0.6,0.8,0 9.40025e-08
0.6,0.8,0.05 158.041
0.6,0.8,0.1 660.905
0.6,0.8,0.15 207.076
0.6,0.8,0.2 5.10656
0.6,0.8,0.25 7.79421e-07
0.6,0.85,0 1.09315e-07
0.6,0.85,0.05 109.328
0.6,0.85,0.1 437.338
0.6,0.85,0.15 110.215
0.6,0.85,0.2 0.145283
0.6,0.9,0 6.2527e-09
0.6,0.9,0.05 22.1589
0.6,0.9,0.1 88.5901
0.6,0.9,0.15 22.1361
0.6,0.95,0 1.77506e-16
0.6,0.95,0.05 0.000207916
0.6,0.95,0.1 0.000831427
0.6,0.95,0.15 0.000207798
0.65,0.1,0 1.93704e-13
0.65,0.1,0.05 0.00716192
0.65,0.1,0.1 1.40376
0.65,0.1,0.15 27.9005
0.65,0.1,0.2 25.9908
0.65,0.1,0.25 0.993587
0.65,0.15,0 5.43849e-11
0.65,0.15,0.05 4.9389
0.65,0.15,0.1 37.9186
0.65,0.15,0.15 307.982
0.65,0.15,0.2 284.159
0.65,0.15,0.25 22.7479
0.65,0.15,0.3 5.80601
0.65,0.15,0.35 0.0523036
0.65,0.2,0 1.4644e-10
0.65,0.2,0.05 54.8367
0.65,0.2,0.1 257.489
0.65,0.2,0.15 284.751
0.65,0.2,0.2 227.054
0.65,0.2,0.25 283.111
0.65,0.2,0.3 146.064
0.65,0.2,0.35 3.66545
0.65,0.25,0 4.0353e-11
0.65,0.25,0.05 66.2302
0.65,0.25,0.1 459.497
0.65,0.25,0.15 418.086
0.65,0.25,0.2 241.152
0.65,0.25,0.25 359.803
0.65,0.25,0.3 195.793
0.65,0.25,0.35 17.5409
0.65,0.25,0.4 0.0365628
0.65,0.3,0 1.37717e-12
0.65,0.3,0.05 28.2116
0.65,0.3,0.1 383.535
0.65,0.3,0.15 717.449
0.65,0.3,0.2 652.055
0.65,0.3,0.25 259.995
0.65,0.3,0.3 239.608
0.65,0.3,0.35 92.7701
0.65,0.3,0.4 0.320539
0.65,0.35,0 1.5145e-12
0.65,0.35,0.05 90.5494
0.65,0.35,0.1 642.461
0.65,0.35,0.15 478.617
0.65,0.35,0.2 225.63
0.65,0.35,0.25 68.9346
0.65,0.35,0.3 113.943
0.65,0.35,0.35 47.5932
0.65,0.35,0.4 0.166026
0.65,0.4,0 3.97929e-11
0.65,0.4,0.05 82.9326
0.65,0.4,0.1 426.359
0.65,0.4,0.15 164.42
0.65,0.4,0.2 41.158
0.65,0.4,0.25 6.60084
0.65,0.4,0.3 0.955451
0.65,0.4,0.35 0.401808
0.65,0.4,0.4 0.00140172
0.65,0.45,0 3.01056e-10
0.65,0.45,0.05 159.24
0.65,0.45,0.1 637.997
0.65,0.45,0.15 229.303
0.65,0.45,0.2 267.745
0.65,0.45,0.25 76.0269
0.65,0.45,0.3 0.0916219
0.65,0.5,0 4.42848e-10
0.65,0.5,0.05 93.543
0.65,0.5,0.1 375.409
0.65,0.5,0.15 267.198
0.65,0.5,0.2 675.034
0.65,0.5,0.25 200.157
