0.65,0.35,0.2 214.08
0.65,0.35,0.25 73.1538
0.65,0.35,0.3 20.8593
0.65,0.35,0.35 4.9465
0.65,0.35,0.4 0.0133636
0.65,0.4,0 3.8796e-11
0.65,0.4,0.05 44.8464
0.65,0.4,0.1 340.243
0.65,0.4,0.15 342.042
0.65,0.4,0.2 59.4714
0.65,0.4,0.25 8.74546
0.65,0.4,0.3 0.655897
0.65,0.4,0.35 0.00268377
0.65,0.45,0 3.46858e-09
0.65,0.45,0.05 158.196
0.65,0.45,0.1 648.613
0.65,0.45,0.15 221.727
0.65,0.45,0.2 233.526
0.65,0.45,0.25 197.059
0.65,0.45,0.3 16.5067
0.65,0.5,0 9.04271e-09
0.65,0.5,0.05 95.074
0.65,0.5,0.1 381.066
0.65,0.5,0.15 127.111
0.65,0.5,0.2 270.939
0.65,0.5,0.25 423.675
0.65,0.5,0.3 54.3262
0.65,0.55,0 4.64465e-09
0.65,0.55,0.05 44.43
0.65,0.55,0.1 177.659
0.65,0.55,0.15 93.1132
0.65,0.55,0.2 419.505
0.65,0.55,0.25 522.008
0.65,0.55,0.3 74.4143
0.65,0.6,0 3.36606e-09
0.65,0.6,0.05 35.1301
0.65,0.6,0.1 141.279
0.65,0.6,0.15 137.589
0.65,0.6,0.2 636.942
0.65,0.6,0.25 346.621
0.65,0.6,0.3 14.2621
0.65,0.65,0 3.82557e-09
0.65,0.65,0.05 14.4502
0.65,0.65,0.1 82.8999
0.65,0.65,0.15 160.082
0.65,0.65,0.2 460.192
0.65,0.65,0.25 346.441
0.65,0.65,0.3 14.9776
0.65,0.7,0 3.28852e-09
0.65,0.7,0.05 11.8309
0.65,0.7,0.1 95.0634
0.65,0.7,0.15 401.152
0.65,0.7,0.2 546.765
0.65,0.7,0.25 377.18
0.65,0.7,0.3 28.5427
0.65,0.75,0 4.44503e-10
0.65,0.75,0.05 26.5797
0.65,0.75,0.1 150.787
0.65,0.75,0.15 403.752
0.65,0.75,0.2 402.209
0.65,0.75,0.25 310.948
0.65,0.75,0.3 29.2296
0.65,0.8,0 7.41904e-10
0.65,0.8,0.05 73.1739
0.65,0.8,0.1 324.012
0.65,0.8,0.15 352.709
0.65,0.8,0.2 160.992
0.65,0.8,0.25 23.7477
0.65,0.8,0.3 2.13797
0.65,0.85,0 1.7205e-10
0.65,0.85,0.05 77.8794
0.65,0.85,0.1 312.849
0.65,0.85,0.15 90.7489
0.65,0.85,0.2 6.84819
0.65,0.85,0.25 0.0627033
0.65,0.9,0 1.99767e-11
0.65,0.9,0.05 18.789
0.65,0.9,0.1 75.1345
0.65,0.9,0.15 18.7783
0.65,0.95,0 1.57188e-16
0.65,0.95,0.05 0.000184117
0.65,0.95,0.1 0.000736258
0.65,0.95,0.15 0.000184012
0.7,0.1,0.1 0.0168249
0.7,0.1,0.15 2.08995
0.7,0.1,0.2 4.08845
0.7,0.1,0.25 0.473874
0.7,0.15,0 3.25536e-13
0.7,0.15,0.05 0.0221914
0.7,0.15,0.1 3.04202
0.7,0.15,0.15 75.7916
0.7,0.15,0.2 89.8024
0.7,0.15,0.25 6.27568
0.7,0.15,0.3 0.0265649
0.7,0.15,0.35 0.0092437
0.7,0.15,0.4 9.35321e-06
0.7,0.2,0 1.17448e-11
0.7,0.2,0.05 0.800626
0.7,0.2,0.1 24.3319
0.7,0.2,0.15 376.296
0.7,0.2,0.2 336.281
0.7,0.2,0.25 13.2867
0.7,0.2,0.3 0.482642
0.7,0.2,0.35 0.167668
0.7,0.2,0.4 0.000169654
0.7,0.25,0 1.47501e-11
0.7,0.25,0.05 1.00567
0.7,0.25,0.1 44.6587
0.7,0.25,0.15 460.233
0.7,0.25,0.2 323.374
0.7,0.25,0.25 19.4685
0.7,0.25,0.3 1.10676
0.7,0.25,0.35 0.145953
0.7,0.25,0.4 0.000147682
0.7,0.3,0 1.14388e-11
0.7,0.3,0.05 0.35231
0.7,0.3,0.1 27.8577
0.7,0.3,0.15 165.259
0.7,0.3,0.2 115.296
0.7,0.3,0.25 36.969
0.7,0.3,0.3 1.95771
0.7,0.3,0.35 0.00487457
0.7,0.3,0.4 4.93232e-06
0.7,0.35,0 9.72551e-10
0.7,0.35,0.05 34.8711
0.7,0.35,0.1 214.581
0.7,0.35,0.15 164.156
0.7,0.35,0.2 40.9751
0.7,0.35,0.25 6.76673
0.7,0.35,0.3 0.341181
0.7,0.4,0 1.76098e-09
0.7,0.4,0.05 90.6854
0.7,0.4,0.1 608.041
0.7,0.4,0.15 382.728
0.7,0.4,0.2 52.9371
0.7,0.4,0.25 0.666224
0.7,0.4,0.3 0.0202411
0.7,0.45,0 6.67927e-09
0.7,0.45,0.05 78.8321
0.7,0.45,0.1 405.135
0.7,0.45,0.15 380.271
0.7,0.45,0.2 184.504
0.7,0.45,0.25 28.2294
0.7,0.45,0.3 1.03733
0.7,0.5,0 1.72423e-08
0.7,0.5,0.05 102.362
0.7,0.5,0.1 438.589
0.7,0.5,0.15 475.035
0.7,0.5,0.2 513.783
0.7,0.5,0.25 142.581
0.7,0.5,0.3 11.6335
0.7,0.55,0 9.16412e-09
0.7,0.55,0.05 84.911
0.7,0.55,0.1 344.973
0.7,0.55,0.15 287.796
0.7,0.55,0.2 565.396
0.7,0.55,0.25 286.561
0.7,0.55,0.3 24.5578
0.7,0.6,0 6.34483e-09
0.7,0.6,0.05 68.9394
0.7,0.6,0.1 275.669
0.7,0.6,0.15 138.03
0.7,0.6,0.2 477.262
0.7,0.6,0.25 234.8
0.7,0.6,0.3 5.15014
0.7,0.65,0 2.69198e-10
0.7,0.65,0.05 2.92495
0.7,0.65,0.1 12.5024
0.7,0.65,0.15 28.437
0.7,0.65,0.2 230.921
0.7,0.65,0.25 215.768
0.7,0.65,0.3 10.1503
0.7,0.7,0 3.08274e-14
0.7,0.7,0.05 0.00239233
0.7,0.7,0.1 3.95542
0.7,0.7,0.15 68.7014
0.7,0.7,0.2 209.549
0.7,0.7,0.25 193.887
0.7,0.7,0.3 12.3603
0.7,0.75,0 6.0956e-12
0.7,0.75,0.05 0.473042
0.7,0.75,0.1 10.5597
0.7,0.75,0.15 87.1824
0.7,0.75,0.2 101.627
0.7,0.75,0.25 84.9005
0.7,0.75,0.3 7.91781
0.7,0.8,0 2.01839e-09
0.7,0.8,0.05 11.2981
0.7,0.8,0.1 53.0685
0.7,0.8,0.15 82.9866
0.7,0.8,0.2 41.5706
0.7,0.8,0.25 6.34665
0.7,0.8,0.3 0.572632
0.7,0.85,0 8.01202e-09
0.7,0.85,0.05 41.2806
0.7,0.85,0.1 165.214
0.7,0.85,0.15 44.4694
0.7,0.85,0.2 1.76369
0.7,0.85,0.25 0.0161487
0.7,0.9,0 2.00013e-09
0.7,0.9,0.05 10.3149
0.7,0.9,0.1 41.1903
0.7,0.9,0.15 10.2803
0.7,0.95,0 5.43256e-18
0.7,0.95,0.05 6.36324e-06
0.7,0.95,0.1 2.54457e-05
0.7,0.95,0.15 6.35962e-06
0.75,0.15,0.1 1.4681
0.75,0.15,0.15 29.9084
0.75,0.15,0.2 27.9103
0.75,0.15,0.25 1.06787
0.75,0.2,0.1 8.35625
0.75,0.2,0.15 160.477
0.75,0.2,0.2 146.016
0.75,0.2,0.25 5.40554
0.75,0.25,0.1 6.83779
0.75,0.25,0.15 99.0624
0.75,0.25,0.2 77.0227
0.75,0.25,0.25 2.19991
0.75,0.3,0 1.88196e-11
0.75,0.3,0.05 0.507997
0.75,0.3,0.1 3.51189
0.75,0.3,0.15 17.1268
0.75,0.3,0.2 10.4753
0.75,0.3,0.25 0.165806
0.75,0.35,0 1.74275e-09
0.75,0.35,0.05 49.3588
0.75,0.35,0.1 233.859
0.75,0.35,0.15 261.642
0.75,0.35,0.2 110.123
0.75,0.35,0.25 1.14248
0.75,0.4,0 3.1312e-09
0.75,0.4,0.05 93.754
0.75,0.4,0.1 473.653
0.75,0.4,0.15 489.53
0.75,0.4,0.2 189.082
0.75,0.4,0.25 1.91558
0.75,0.45,0 1.07792e-09
0.75,0.45,0.05 15.2625
0.75,0.45,0.1 112.975
0.75,0.45,0.15 319.751
0.75,0.45,0.2 210.271
0.75,0.45,0.25 21.2607
0.75,0.45,0.3 2.46746e-05
0.75,0.5,0 1.99715e-09
0.75,0.5,0.05 11.5501
0.75,0.5,0.1 78.0301
0.75,0.5,0.15 436.185
0.75,0.5,0.2 572.884
0.75,0.5,0.25 85.0704
0.75,0.5,0.3 0.00946495
0.75,0.55,0 1.09515e-09
0.75,0.55,0.05 19.4935
0.75,0.55,0.1 85.0577
0.75,0.55,0.15 229.551
0.75,0.55,0.2 335.319
0.75,0.55,0.25 55.8075
0.75,0.55,0.3 0.133049
0.75,0.6,0 7.68796e-10
0.75,0.6,0.05 27.8077
0.75,0.6,0.1 111.53
0.75,0.6,0.15 49.6635
0.75,0.6,0.2 97.7538
0.75,0.6,0.25 38.9404
0.75,0.6,0.3 0.196851
0.75,0.65,0 3.27684e-11
0.75,0.65,0.05 11.6454
0.75,0.65,0.1 46.5762
0.75,0.65,0.15 12.7975
0.75,0.65,0.2 14.7395
0.75,0.65,0.25 12.1831
0.75,0.65,0.3 0.495376
0.75,0.7,0 6.07228e-15
0.75,0.7,0.05 0.506462
0.75,0.7,0.1 2.02571
0.75,0.7,0.15 0.728071
0.75,0.7,0.2 5.98196
0.75,0.7,0.25 6.51838
0.75,0.7,0.3 0.32921
0.75,0.75,0 2.65197e-11
0.75,0.75,0.05 0.114227
0.75,0.75,0.1 0.456075
0.75,0.75,0.15 0.118106
0.75,0.75,0.2 0.114628
0.75,0.75,0.25 0.12519
0.75,0.75,0.3 0.00636373
0.75,0.8,0 6.47176e-09
0.75,0.8,0.05 30.6451
0.75,0.8,0.1 122.361
0.75,0.8,0.15 30.5358
0.75,0.8,0.2 7.6497e-05
0.75,0.8,0.25 6.84135e-05
0.75,0.8,0.3 6.49926e-06
0.75,0.85,0 2.26947e-08
0.75,0.85,0.05 108.816
0.75,0.85,0.1 434.491
0.75,0.85,0.15 108.43
0.75,0.85,0.2 1.6655e-06
0.75,0.85,0.25 1.52496e-08
0.75,0.9,0 5.3693e-09
0.75,0.9,0.05 25.8896
0.75,0.9,0.1 103.375
0.75,0.9,0.15 25.7978
0.8,0.05,0 1.96048e-11
0.8,0.05,0.05 1.15495
0.8,0.05,0.1 4.61623
0.8,0.05,0.15 1.15317
0.8,0.1,0 2.31151e-10
0.8,0.1,0.05 13.6174
0.8,0.1,0.1 54.4276
0.8,0.1,0.15 13.5964
0.8,0.15,0 1.50684e-10
0.8,0.15,0.05 8.87703
0.8,0.15,0.1 35.4936
0.8,0.15,0.15 9.12602
0.8,0.15,0.2 0.245121
0.8,0.15,0.25 0.00937857
0.8,0.2,0 2.58221e-12
0.8,0.2,0.05 0.152121
0.8,0.2,0.1 0.671584
0.8,0.2,0.15 1.4469
0.8,0.2,0.2 1.2085
0.8,0.2,0.25 0.0462382
0.8,0.25,0.1 0.0195565
0.8,0.25,0.15 0.398409
0.8,0.25,0.2 0.371792
0.8,0.25,0.25 0.0142251
0.8,0.3,0 1.95722e-12
0.8,0.3,0.05 0.0528312
0.8,0.3,0.1 0.291353
0.8,0.3,0.15 0.810974
0.8,0.3,0.2 0.417351
0.8,0.3,0.25 0.00434095
0.8,0.35,0 1.81244e-10
0.8,0.35,0.05 4.95062
0.8,0.35,0.1 25.7999
0.8,0.35,0.15 59.7927
0.8,0.35,0.2 30.1005
0.8,0.35,0.25 0.312862
0.8,0.4,0 3.25499e-10
0.8,0.4,0.05 10.7024
0.8,0.4,0.1 59.9698
0.8,0.4,0.15 107.211
0.8,0.4,0.2 50.1622
0.8,0.4,0.25 0.519036
0.8,0.45,0 3.51212e-11
0.8,0.45,0.05 3.47798
0.8,0.45,0.1 25.3882
0.8,0.45,0.15 30.8669
0.8,0.45,0.2 14.9034
0.8,0.45,0.25 1.2903
0.8,0.5,0 6.13755e-12
0.8,0.5,0.05 3.55596
0.8,0.5,0.1 16.3324
0.8,0.5,0.15 27.3639
0.8,0.5,0.2 33.5045
0.8,0.5,0.25 5.01581
0.8,0.5,0.3 2.87255e-08
0.8,0.55,0 9.7934e-11
0.8,0.55,0.05 72.847
0.8,0.55,0.1 291.736
0.8,0.55,0.15 85.4082
0.8,0.55,0.2 16.806
0.8,0.55,0.25 1.65805
0.8,0.55,0.3 1.16333e-06
0.8,0.6,0 9.96733e-11
0.8,0.6,0.05 141.355
0.8,0.6,0.1 565.329
0.8,0.6,0.15 141.922
0.8,0.6,0.2 0.685733
0.8,0.6,0.25 0.0353689
0.8,0.6,0.3 1.53876e-06
0.8,0.65,0 5.34485e-12
0.8,0.65,0.05 77.0385
0.8,0.65,0.1 308.13
0.8,0.65,0.15 77.0264
0.8,0.65,0.2 5.85592e-05
0.8,0.65,0.25 2.55221e-05
0.8,0.65,0.3 1.05656e-07
0.8,0.7,0 2.27173e-13
0.8,0.7,0.05 4.71673
0.8,0.7,0.1 18.8652
0.8,0.7,0.15 4.71587
0.8,0.75,0 2.78316e-10
0.8,0.75,0.05 1.40664
0.8,0.75,0.1 5.61753
0.8,0.75,0.15 1.40214
0.8,0.8,0 1.35993e-08
0.8,0.8,0.05 59.6748
0.8,0.8,0.1 238.266
0.8,0.8,0.15 59.5061
0.8,0.8,0.2 0.0431696
0.8,0.8,0.25 0.00148208
0.8,0.85,0 2.1173e-08
0.8,0.85,0.05 93.7068
0.8,0.85,0.1 374.163
0.8,0.85,0.15 93.6993
0.8,0.85,0.2 0.294363
0.8,0.85,0.25 0.010106
0.8,0.9,0 2.16719e-09
0.8,0.9,0.05 9.81897
0.8,0.9,0.1 39.2123
0.8,0.9,0.15 9.92267
0.8,0.9,0.2 0.122857
0.8,0.9,0.25 0.0042179
0.8,0.95,0.1 2.50131e-05
0.8,0.95,0.15 0.000464061
0.8,0.95,0.2 0.000409568
0.8,0.95,0.25 1.40612e-05
0.85,0.05,0 1.24806e-10
0.85,0.05,0.05 7.35247
0.85,0.05,0.1 29.3872
0.85,0.05,0.15 7.34114
0.85,0.1,0 1.47152e-09
0.85,0.1,0.05 86.6892
0.85,0.1,0.1 346.489
0.85,0.1,0.15 86.5556
0.85,0.15,0 9.59267e-10
0.85,0.15,0.05 56.5117
0.85,0.15,0.1 225.873
0.85,0.15,0.15 56.4246
0.85,0.2,0 1.64385e-11
0.85,0.2,0.05 0.968414
0.85,0.2,0.1 3.87067
0.85,0.2,0.15 0.966922
0.85,0.3,0.1 2.06002e-06
0.85,0.3,0.15 1.94653e-05
0.85,0.3,0.2 1.07129e-05
0.85,0.3,0.25 1.11354e-07
0.85,0.35,0.05 0.804346
0.85,0.35,0.1 6.37797
0.85,0.35,0.15 3.03873
0.85,0.35,0.2 0.0193764
0.85,0.35,0.25 8.03276e-06
0.85,0.4,0 1.61239e-12
0.85,0.4,0.05 26.7764
0.85,0.4,0.1 210.902
0.85,0.4,0.15 100.115
0.85,0.4,0.2 0.612269
0.85,0.4,0.25 1.32972e-05
0.85,0.45,0 1.20671e-10
0.85,0.45,0.05 58.6611
0.85,0.45,0.1 359.33
0.85,0.45,0.15 146.768
0.85,0.45,0.2 0.734386
0.85,0.45,0.25 1.24882e-06
0.85,0.5,0 2.04223e-10
0.85,0.5,0.05 48.391
0.85,0.5,0.1 200.866
0.85,0.5,0.15 53.5691
0.85,0.5,0.2 0.0435201
0.85,0.55,0 6.50538e-11
0.85,0.55,0.05 38.221
0.85,0.55,0.1 152.831
0.85,0.55,0.15 38.1946
0.85,0.6,0 4.66144e-11
0.85,0.6,0.05 62.3435
0.85,0.6,0.1 249.322
0.85,0.6,0.15 62.3174
0.85,0.65,0 6.0675e-12
0.85,0.65,0.05 57.3539
0.85,0.65,0.1 229.389
0.85,0.65,0.15 57.3408
0.85,0.7,0 8.47068e-12
0.85,0.7,0.05 60.7193
0.85,0.7,0.1 242.84
0.85,0.7,0.15 60.7005
0.85,0.75,0 1.79695e-10
0.85,0.75,0.05 10.525
0.85,0.75,0.1 42.0858
0.85,0.75,0.15 10.5179
0.85,0.8,0 7.95205e-09
0.85,0.8,0.05 72.5733
0.85,0.8,0.1 290.892
0.85,0.8,0.15 89.8193
0.85,0.8,0.2 15.3706
0.85,0.8,0.25 0.527697
0.85,0.85,0 1.09868e-08
0.85,0.85,0.05 89.5657
0.85,0.85,0.1 364.219
0.85,0.85,0.15 208.096
0.85,0.85,0.2 104.808
0.85,0.85,0.25 3.59824
0.85,0.9,0 8.06315e-10
0.85,0.9,0.05 5.64828
0.85,0.9,0.1 25.2341
0.85,0.9,0.15 55.1966
0.85,0.9,0.2 43.7435
0.85,0.9,0.25 1.50179
0.85,0.95,0.1 0.00890594
0.85,0.95,0.15 0.165229
0.85,0.95,0.2 0.145827
0.85,0.95,0.25 0.00500649
0.9,0.05,0 4.89436e-11
0.9,0.05,0.05 2.88334
0.9,0.05,0.1 11.5245
0.9,0.05,0.15 2.87889
0.9,0.1,0 5.77069e-10
0.9,0.1,0.05 33.9959
0.9,0.1,0.1 135.879
0.9,0.1,0.15 33.9435
0.9,0.15,0 3.76185e-10
0.9,0.15,0.05 22.1616
0.9,0.15,0.1 88.578
0.9,0.15,0.15 22.1274
0.9,0.2,0 6.4465e-12
0.9,0.2,0.05 0.379772
0.9,0.2,0.1 1.51792
0.9,0.2,0.15 0.379187
0.9,0.35,0.05 0.586536
0.9,0.35,0.1 4.65076
0.9,0.35,0.15 2.21485
0.9,0.35,0.2 0.0135659
0.9,0.4,0 2.98509e-12
0.9,0.4,0.05 19.9291
0.9,0.4,0.1 155.405
0.9,0.4,0.15 73.4063
0.9,0.4,0.2 0.445539
0.9,0.45,0 2.23404e-10
0.9,0.45,0.05 72.9778
0.9,0.45,0.1 382.773
0.9,0.45,0.15 137.196
0.9,0.45,0.2 0.535433
0.9,0.5,0 3.74492e-10
0.9,0.5,0.05 84.9038
0.9,0.5,0.1 344.841
0.9,0.5,0.15 88.6303
0.9,0.5,0.2 0.0317352
0.9,0.55,0 3.6012e-11
0.9,0.55,0.05 8.16414
0.9,0.55,0.1 32.6405
0.9,0.55,0.15 8.15613
0.9,0.6,0 2.84751e-13
0.9,0.6,0.05 0.421284
0.9,0.6,0.1 1.68477
0.9,0.6,0.15 0.421101
0.9,0.65,0 5.08479e-12
0.9,0.65,0.05 35.6884
0.9,0.65,0.1 142.731
0.9,0.65,0.15 35.6772
0.9,0.7,0 1.17393e-11
0.9,0.7,0.05 82.3675
0.9,0.7,0.1 329.418
0.9,0.7,0.15 82.3416
0.9,0.75,0 2.30819e-11
0.9,0.75,0.05 13.8493
0.9,0.75,0.1 55.3843
0.9,0.75,0.15 13.8429
0.9,0.8,0 6.31785e-10
0.9,0.8,0.05 61.7132
0.9,0.8,0.1 249.02
0.9,0.8,0.15 104.707
0.9,0.8,0.2 38.0134
0.9,0.8,0.25 1.30506
0.9,0.85,0 7.26178e-10
0.9,0.85,0.05 68.1559
0.9,0.85,0.1 288.283
0.9,0.85,0.15 361.762
0.9,0.85,0.2 259.204
0.9,0.85,0.25 8.89891
0.9,0.9,0 4.0616e-11
0.9,0.9,0.05 3.52351
0.9,0.9,0.1 20.6921
0.9,0.9,0.15 126.096
0.9,0.9,0.2 108.183
0.9,0.9,0.25 3.71411
0.9,0.95,0.1 0.0220255
0.9,0.95,0.15 0.408633
0.9,0.95,0.2 0.360649
0.9,0.95,0.25 0.0123817
0.95,0.05,0 1.15116e-13
0.95,0.05,0.05 0.00678165
0.95,0.05,0.1 0.0271057
0.95,0.05,0.15 0.0067712
0.95,0.1,0 1.35728e-12
0.95,0.1,0.05 0.079959
0.95,0.1,0.1 0.319589
0.95,0.1,0.15 0.0798357
0.95,0.15,0 8.84793e-13
0.95,0.15,0.05 0.0521244
0.95,0.15,0.1 0.208337
0.95,0.15,0.15 0.052044
0.95,0.2,0 1.51623e-14
0.95,0.2,0.05 0.000893231
0.95,0.2,0.1 0.00357017
0.95,0.2,0.15 0.000891854
0.95,0.35,0.05 0.0133165
0.95,0.35,0.1 0.105589
0.95,0.35,0.15 0.0502852
0.95,0.35,0.2 0.000307996
0.95,0.4,0 3.23381e-13
0.95,0.4,0.05 0.509475
0.95,0.4,0.1 3.75619
0.95,0.4,0.15 1.72355
0.95,0.4,0.2 0.0101154
0.95,0.45,0 2.42019e-11
0.95,0.45,0.05 5.92354
0.95,0.45,0.1 25.7486
0.95,0.45,0.15 7.37731
0.95,0.45,0.2 0.0121563
0.95,0.5,0 4.05683e-11
0.95,0.5,0.05 9.07945
0.95,0.5,0.1 36.4223
0.95,0.5,0.15 9.15698
0.95,0.5,0.2 0.000720506
0.95,0.55,0 3.87302e-12
0.95,0.55,0.05 0.863833
0.95,0.55,0.1 3.45362
0.95,0.55,0.15 0.862979
0.95,0.6,0 1.48447e-15
0.95,0.6,0.05 0.0104151
0.95,0.6,0.1 0.041654
0.95,0.6,0.15 0.0104119
0.95,0.65,0 3.7401e-13
0.95,0.65,0.05 2.62407
0.95,0.65,0.1 10.4946
0.95,0.65,0.15 2.62325
0.95,0.7,0 8.6566e-13
0.95,0.7,0.05 6.07352
0.95,0.7,0.1 24.2903
0.95,0.7,0.15 6.07161
0.95,0.75,0 1.75853e-12
0.95,0.75,0.05 1.04604
0.95,0.75,0.1 4.18317
0.95,0.75,0.15 1.04554
0.95,0.8,0 4.51572e-11
0.95,0.8,0.05 5.22184
0.95,0.8,0.1 21.2272
0.95,0.8,0.15 11.7579
0.95,0.8,0.2 5.77419
0.95,0.8,0.25 0.198238
0.95,0.85,0 4.97777e-11
0.95,0.85,0.05 5.75614
0.95,0.85,0.1 25.415
0.95,0.85,0.15 50.3604
0.95,0.85,0.2 39.3728
0.95,0.85,0.25 1.35173
0.95,0.9,0 2.56326e-12
0.95,0.9,0.05 0.296408
0.95,0.9,0.1 2.18849
0.95,0.9,0.15 18.9154
0.95,0.9,0.2 16.4329
0.95,0.9,0.25 0.56417
0.95,0.95,0.1 0.00334565
0.95,0.95,0.15 0.062071
0.95,0.95,0.2 0.0547822
0.95,0.95,0.25 0.00188076
