0.45,0.1,0.35 98.8835
0.45,0.1,0.4 0.943867
0.45,0.15,0 3.80579e-11
0.45,0.15,0.05 120.796
0.45,0.15,0.1 603.021
0.45,0.15,0.15 304.512
0.45,0.15,0.2 315.553
0.45,0.15,0.25 289.094
0.45,0.15,0.3 364.799
0.45,0.15,0.35 160.958
0.45,0.15,0.4 1.51254
0.45,0.2,0 3.90704e-10
0.45,0.2,0.05 146.797
0.45,0.2,0.1 661.859
0.45,0.2,0.15 286.499
0.45,0.2,0.2 277.135
0.45,0.2,0.25 396.831
0.45,0.2,0.3 170.607
0.45,0.2,0.35 17.1157
0.45,0.2,0.4 0.136079
0.45,0.25,0 2.98205e-10
0.45,0.25,0.05 115.27
0.45,0.25,0.1 466.414
0.45,0.25,0.15 208.317
0.45,0.25,0.2 250.116
0.45,0.25,0.25 335.147
0.45,0.25,0.3 116.624
0.45,0.25,0.35 0.490111
0.45,0.3,0 1.68999e-10
0.45,0.3,0.05 138.933
0.45,0.3,0.1 577.756
0.45,0.3,0.15 569.977
0.45,0.3,0.2 714.726
0.45,0.3,0.25 192.308
0.45,0.3,0.3 34.5272
0.45,0.3,0.35 5.40157
0.45,0.3,0.4 1.34661
0.45,0.3,0.45 0.0204594
0.45,0.35,0 1.12132e-09
0.45,0.35,0.05 143.782
0.45,0.35,0.1 587.649
0.45,0.35,0.15 436.008
0.45,0.35,0.2 560.816
0.45,0.35,0.25 391.609
0.45,0.35,0.3 459.576
0.45,0.35,0.35 187.993
0.45,0.35,0.4 22.4578
0.45,0.35,0.45 0.263298
0.45,0.4,0 8.47156e-10
0.45,0.4,0.05 77.351
0.45,0.4,0.1 321.203
0.45,0.4,0.15 275.918
0.45,0.4,0.2 337.74
0.45,0.4,0.25 301.854
0.45,0.4,0.3 730.164
0.45,0.4,0.35 496.307
0.45,0.4,0.4 46.5315
0.45,0.4,0.45 1.32244
0.45,0.45,0 1.39421e-10
0.45,0.45,0.05 74.0036
0.45,0.45,0.1 342.109
0.45,0.45,0.15 494.231
0.45,0.45,0.2 484.444
0.45,0.45,0.25 568.331
0.45,0.45,0.3 531.311
0.45,0.45,0.35 271.348
0.45,0.45,0.4 101.948
0.45,0.45,0.45 9.445
0.45,0.5,0 8.36729e-10
0.45,0.5,0.05 106.732
0.45,0.5,0.1 480.303
0.45,0.5,0.15 393.47
0.45,0.5,0.2 696.696
0.45,0.5,0.25 599.48
0.45,0.5,0.3 662.617
0.45,0.5,0.35 883.704
0.45,0.5,0.4 428.603
0.45,0.5,0.45 46.1026
0.45,0.55,0 4.41203e-09
0.45,0.55,0.05 87.2503
0.45,0.55,0.1 446.681
0.45,0.55,0.15 363.725
0.45,0.55,0.2 544.72
0.45,0.55,0.25 216.805
0.45,0.55,0.3 352.512
0.45,0.55,0.35 715.533
0.45,0.55,0.4 262.532
0.45,0.55,0.45 23.8994
0.45,0.6,0 1.45626e-08
0.45,0.6,0.05 135.42
0.45,0.6,0.1 571.583
0.45,0.6,0.15 354.692
0.45,0.6,0.2 793.332
0.45,0.6,0.25 323.398
0.45,0.6,0.3 34.9944
0.45,0.6,0.35 44.3592
0.45,0.6,0.4 9.22146
0.45,0.6,0.45 0.288515
0.45,0.65,0 4.32448e-09
0.45,0.65,0.05 74.3342
0.45,0.65,0.1 360.486
0.45,0.65,0.15 194.774
0.45,0.65,0.2 287.009
0.45,0.65,0.25 108.144
0.45,0.65,0.3 24.1391
0.45,0.65,0.35 5.19012
0.45,0.65,0.4 1.80507
0.45,0.65,0.45 0.0791635
0.45,0.7,0 1.04913e-10
0.45,0.7,0.05 3.73146
0.45,0.7,0.1 34.4573
0.45,0.7,0.15 29.2201
0.45,0.7,0.2 18.2092
0.45,0.7,0.25 24.0156
0.45,0.7,0.3 74.5451
0.45,0.7,0.35 20.5558
0.45,0.7,0.4 0.10166
0.45,0.7,0.45 0.00441359
0.45,0.75,0 2.42916e-07
0.45,0.75,0.05 25.0318
0.45,0.75,0.1 101.175
0.45,0.75,0.15 38.4511
0.45,0.75,0.2 8.14333
0.45,0.75,0.25 24.4017
0.45,0.75,0.3 98.5967
0.45,0.75,0.35 27.5545
0.45,0.75,0.4 0.00135288
0.45,0.8,0 7.85732e-07
0.45,0.8,0.05 80.9672
0.45,0.8,0.1 322.002
0.45,0.8,0.15 81.581
0.45,0.8,0.2 0.906853
0.45,0.8,0.25 1.77544
0.45,0.8,0.3 7.11814
0.45,0.8,0.35 1.98902
0.45,0.8,0.4 9.76569e-05
0.45,0.85,0 1.58594e-07
0.45,0.85,0.05 16.3439
0.45,0.85,0.1 64.9577
0.45,0.85,0.15 16.1356
0.45,0.9,0 1.66874e-12
0.45,0.9,0.05 0.000257712
0.45,0.9,0.1 0.00102509
0.45,0.9,0.15 0.00025484
0.5,0.05,0.15 1.4159e-09
0.5,0.05,0.2 4.56237e-06
0.5,0.05,0.25 0.174897
0.5,0.05,0.3 1.60223
0.5,0.05,0.35 0.860208
0.5,0.05,0.4 0.00823064
0.5,0.1,0 4.66917e-15
0.5,0.1,0.05 4.82906
0.5,0.1,0.1 20.4172
0.5,0.1,0.15 14.9506
0.5,0.1,0.2 32.3481
0.5,0.1,0.25 50.9488
0.5,0.1,0.3 144.709
0.5,0.1,0.35 59.6346
0.5,0.1,0.4 0.541166
0.5,0.15,0 8.53531e-12
0.5,0.15,0.05 34.7296
0.5,0.15,0.1 146.015
0.5,0.15,0.15 170.151
0.5,0.15,0.2 505.542
0.5,0.15,0.25 611.231
0.5,0.15,0.3 628.496
0.5,0.15,0.35 124.308
0.5,0.15,0.4 0.867542
0.5,0.2,0 7.69872e-11
0.5,0.2,0.05 112.39
0.5,0.2,0.1 457.718
0.5,0.2,0.15 419.521
0.5,0.2,0.2 837.299
0.5,0.2,0.25 767.595
0.5,0.2,0.3 490.48
0.5,0.2,0.35 44.0933
0.5,0.2,0.4 0.224308
0.5,0.25,0 4.53581e-11
0.5,0.25,0.05 99.5797
0.5,0.25,0.1 406.003
0.5,0.25,0.15 352.595
0.5,0.25,0.2 524.46
0.5,0.25,0.25 495.96
0.5,0.25,0.3 201.077
0.5,0.25,0.35 21.124
0.5,0.25,0.4 0.37612
0.5,0.3,0 6.51139e-11
0.5,0.3,0.05 155.138
0.5,0.3,0.1 658.053
0.5,0.3,0.15 767.578
0.5,0.3,0.2 654.363
0.5,0.3,0.25 245.235
0.5,0.3,0.3 76.9365
0.5,0.3,0.35 24.543
0.5,0.3,0.4 13.2926
0.5,0.3,0.45 0.201079
0.5,0.35,0 5.55492e-10
0.5,0.35,0.05 180.793
0.5,0.35,0.1 744.563
0.5,0.35,0.15 568.088
0.5,0.35,0.2 510.551
0.5,0.35,0.25 91.5084
0.5,0.35,0.3 123.381
0.5,0.35,0.35 355.13
0.5,0.35,0.4 173.963
0.5,0.35,0.45 2.58773
0.5,0.4,0 8.21716e-10
0.5,0.4,0.05 96.6464
0.5,0.4,0.1 388.91
0.5,0.4,0.15 271.672
0.5,0.4,0.2 390.132
0.5,0.4,0.25 230.888
0.5,0.4,0.3 514.536
0.5,0.4,0.35 607.157
0.5,0.4,0.4 136.229
0.5,0.4,0.45 1.79654
0.5,0.45,0 1.66818e-09
0.5,0.45,0.05 106.802
0.5,0.45,0.1 432.122
0.5,0.45,0.15 309.087
0.5,0.45,0.2 458.921
0.5,0.45,0.25 480.517
0.5,0.45,0.3 306.417
0.5,0.45,0.35 163.275
0.5,0.45,0.4 22.8264
0.5,0.45,0.45 1.84992
0.5,0.5,0 4.97947e-09
0.5,0.5,0.05 137.352
0.5,0.5,0.1 584.019
0.5,0.5,0.15 395.077
0.5,0.5,0.2 539.166
0.5,0.5,0.25 302.919
0.5,0.5,0.3 132.686
0.5,0.5,0.35 201.92
0.5,0.5,0.4 145.322
0.5,0.5,0.45 16.3895
0.5,0.55,0 4.82499e-09
0.5,0.55,0.05 137.86
0.5,0.55,0.1 699.593
0.5,0.55,0.15 721.771
0.5,0.55,0.2 867.786
0.5,0.55,0.25 130.149
0.5,0.55,0.3 94.033
0.5,0.55,0.35 214.803
0.5,0.55,0.4 94.3782
0.5,0.55,0.45 8.70161
0.5,0.6,0 5.07655e-10
0.5,0.6,0.05 46.935
0.5,0.6,0.1 359.096
0.5,0.6,0.15 425.1
0.5,0.6,0.2 514.84
0.5,0.6,0.25 90.8256
0.5,0.6,0.3 9.56585
0.5,0.6,0.35 14.9188
0.5,0.6,0.4 2.94288
0.5,0.6,0.45 0.0801373
0.5,0.65,0 1.70788e-10
0.5,0.65,0.05 39.1765
0.5,0.65,0.1 402.364
0.5,0.65,0.15 343.389
0.5,0.65,0.2 213.827
0.5,0.65,0.25 37.2826
0.5,0.65,0.3 0.101017
0.5,0.65,0.35 7.39874e-05
0.5,0.65,0.4 2.00322e-09
0.5,0.7,0 7.57348e-12
0.5,0.7,0.05 9.74461
0.5,0.7,0.1 129.188
0.5,0.7,0.15 332.741
0.5,0.7,0.2 281.27
0.5,0.7,0.25 29.0922
0.5,0.7,0.3 0.0186585
0.5,0.7,0.35 0.0017879
0.5,0.7,0.4 8.77827e-08
0.5,0.75,0 1.82802e-08
0.5,0.75,0.05 8.35168
0.5,0.75,0.1 69.5906
0.5,0.75,0.15 295.796
0.5,0.75,0.2 150.773
0.5,0.75,0.25 2.85996
0.5,0.75,0.3 0.00908266
0.5,0.75,0.35 0.00244654
0.5,0.75,0.4 1.2012e-07
0.5,0.8,0 1.78869e-07
0.5,0.8,0.05 31.8912
0.5,0.8,0.1 131.197
0.5,0.8,0.15 64.5032
0.5,0.8,0.2 15.8166
0.5,0.8,0.25 0.103961
0.5,0.8,0.3 0.000630402
0.5,0.8,0.35 0.000176602
0.5,0.8,0.4 8.67085e-09
0.5,0.85,0 1.65992e-07
0.5,0.85,0.05 25.4838
0.5,0.85,0.1 101.369
0.5,0.85,0.15 25.2017
0.5,0.9,0 8.96276e-09
0.5,0.9,0.05 1.38416
0.5,0.9,0.1 5.50572
0.5,0.9,0.15 1.36874
0.55,0.05,0.25 0.00207171
0.55,0.05,0.3 0.0189805
0.55,0.05,0.35 0.0101903
0.55,0.05,0.4 9.75028e-05
0.55,0.1,0 1.72536e-13
0.55,0.1,0.05 0.0954822
0.55,0.1,0.1 0.794331
0.55,0.1,0.15 20.8725
0.55,0.1,0.2 33.3827
0.55,0.1,0.25 24.4128
0.55,0.1,0.3 28.5704
0.55,0.1,0.35 2.82291
0.55,0.1,0.4 0.00641082
0.55,0.15,0 4.81203e-11
0.55,0.15,0.05 29.429
0.55,0.15,0.1 120.982
0.55,0.15,0.15 188.232
0.55,0.15,0.2 305.844
0.55,0.15,0.25 307.262
0.55,0.15,0.3 297.256
0.55,0.15,0.35 23.4232
0.55,0.15,0.4 0.0137756
0.55,0.2,0 1.13676e-10
0.55,0.2,0.05 101.161
0.55,0.2,0.1 414.425
0.55,0.2,0.15 446.784
0.55,0.2,0.2 627.931
0.55,0.2,0.25 379.152
0.55,0.2,0.3 382.898
0.55,0.2,0.35 99.1176
0.55,0.2,0.4 1.56641
0.55,0.25,0 1.64096e-11
0.55,0.25,0.05 60.9534
0.55,0.25,0.1 260.514
0.55,0.25,0.15 495.012
0.55,0.25,0.2 740.71
0.55,0.25,0.25 788.571
0.55,0.25,0.3 569.926
0.55,0.25,0.35 215.236
0.55,0.25,0.4 4.05307
0.55,0.3,0 2.50908e-10
0.55,0.3,0.05 102.032
0.55,0.3,0.1 423.78
0.55,0.3,0.15 402.961
0.55,0.3,0.2 537.312
0.55,0.3,0.25 810.731
0.55,0.3,0.3 359.35
0.55,0.3,0.35 77.8901
0.55,0.3,0.4 8.29608
0.55,0.3,0.45 0.114168
0.55,0.35,0 1.48824e-09
0.55,0.35,0.05 145.058
0.55,0.35,0.1 601
0.55,0.35,0.15 213.49
0.55,0.35,0.2 131.851
0.55,0.35,0.25 230.384
0.55,0.35,0.3 86.8296
0.55,0.35,0.35 172.57
0.55,0.35,0.4 96.99
0.55,0.35,0.45 1.46926
0.55,0.4,0 1.06361e-09
0.55,0.4,0.05 77.7662
0.55,0.4,0.1 316.687
0.55,0.4,0.15 115.405
0.55,0.4,0.2 107.391
0.55,0.4,0.25 217.336
0.55,0.4,0.3 136.25
0.55,0.4,0.35 153.44
0.55,0.4,0.4 68.7372
0.55,0.4,0.45 1.02004
0.55,0.45,0 1.9456e-09
0.55,0.45,0.05 112.892
0.55,0.45,0.1 451.776
0.55,0.45,0.15 262.064
0.55,0.45,0.2 472.193
0.55,0.45,0.25 372.919
0.55,0.45,0.3 130.57
0.55,0.45,0.35 20.6712
0.55,0.45,0.4 2.01328
0.55,0.45,0.45 0.0231701
0.55,0.5,0 2.94912e-09
0.55,0.5,0.05 100.039
0.55,0.5,0.1 404.344
0.55,0.5,0.15 428.102
0.55,0.5,0.2 787.842
0.55,0.5,0.25 203.93
0.55,0.5,0.3 46.0881
0.55,0.5,0.35 1.26669
0.55,0.5,0.4 0.234608
0.55,0.5,0.45 0.0236229
0.55,0.55,0 1.91045e-09
0.55,0.55,0.05 55.8513
0.55,0.55,0.1 326.509
0.55,0.55,0.15 535.619
0.55,0.55,0.2 723.374
0.55,0.55,0.25 334.354
0.55,0.55,0.3 187.095
0.55,0.55,0.35 4.75301
0.55,0.55,0.4 0.178343
0.55,0.55,0.45 0.012542
0.55,0.6,0 7.93788e-11
0.55,0.6,0.05 36.9072
0.55,0.6,0.1 331.884
0.55,0.6,0.15 405.776
0.55,0.6,0.2 364.288
0.55,0.6,0.25 126.531
0.55,0.6,0.3 60.3062
0.55,0.6,0.35 1.40425
0.55,0.6,0.4 0.00835034
0.55,0.6,0.45 0.000115506
0.55,0.65,0 1.70578e-11
0.55,0.65,0.05 40.3452
0.55,0.65,0.1 291.364
0.55,0.65,0.15 430.511
0.55,0.65,0.2 691.704
0.55,0.65,0.25 191.557
0.55,0.65,0.3 0.901341
0.55,0.65,0.35 0.000645431
0.55,0.7,0 1.65759e-11
0.55,0.7,0.05 32.6043
0.55,0.7,0.1 302.195
0.55,0.7,0.15 710.183
0.55,0.7,0.2 829.34
0.55,0.7,0.25 174.867
0.55,0.7,0.3 0.525081
0.55,0.75,0 1.43007e-08
0.55,0.75,0.05 72.1504
0.55,0.75,0.1 429.81
0.55,0.75,0.15 539.342
0.55,0.75,0.2 189.685
0.55,0.75,0.25 9.05874
0.55,0.75,0.3 0.0142608
0.55,0.8,0 4.45858e-07
0.55,0.8,0.05 145.087
0.55,0.8,0.1 590.541
0.55,0.8,0.15 188.276
0.55,0.8,0.2 15.8226
0.55,0.8,0.25 0.0952858
0.55,0.85,0 5.23551e-07
0.55,0.85,0.05 89.3176
0.55,0.85,0.1 355.453
0.55,0.85,0.15 88.4116
0.55,0.9,0 2.99179e-08
0.55,0.9,0.05 5.75641
0.55,0.9,0.1 22.9211
0.55,0.9,0.15 5.70429
0.55,0.95,0 9.51499e-18
0.55,0.95,0.05 1.11451e-05
0.55,0.95,0.1 4.45676e-05
0.55,0.95,0.15 1.11387e-05
0.6,0.1,0 2.19071e-13
0.6,0.1,0.05 0.121219
0.6,0.1,0.1 1.3764
0.6,0.1,0.15 42.1248
0.6,0.1,0.2 59.3111
0.6,0.1,0.25 4.87043
0.6,0.1,0.3 0.560595
0.6,0.1,0.35 0.0446312
0.6,0.15,0 6.10987e-11
0.6,0.15,0.05 35.6453
0.6,0.15,0.1 149.133
0.6,0.15,0.15 339.762
0.6,0.15,0.2 426.07
0.6,0.15,0.25 38.1016
0.6,0.15,0.3 12.5568
0.6,0.15,0.35 1.80835
0.6,0.15,0.4 0.00212385
0.6,0.2,0 1.44335e-10
0.6,0.2,0.05 137.536
0.6,0.2,0.1 559.934
0.6,0.2,0.15 369.089
0.6,0.2,0.2 275.74
0.6,0.2,0.25 120.237
0.6,0.2,0.3 284.128
0.6,0.2,0.35 85.5594
0.6,0.2,0.4 0.949337
0.6,0.25,0 2.08355e-11
0.6,0.25,0.05 80.738
0.6,0.25,0.1 388.233
0.6,0.25,0.15 589.816
0.6,0.25,0.2 521.168
0.6,0.25,0.25 587.493
0.6,0.25,0.3 594.426
0.6,0.25,0.35 199.203
0.6,0.25,0.4 2.58817
0.6,0.3,0 9.72645e-11
0.6,0.3,0.05 17.8963
0.6,0.3,0.1 215.275
0.6,0.3,0.15 582.365
0.6,0.3,0.2 668.974
0.6,0.3,0.25 779.009
0.6,0.3,0.3 568.117
0.6,0.3,0.35 193.557
0.6,0.3,0.4 1.23399
0.6,0.3,0.45 0.00131178
0.6,0.35,0 5.76756e-10
0.6,0.35,0.05 54.2632
0.6,0.35,0.1 542.532
0.6,0.35,0.15 549.327
0.6,0.35,0.2 226.404
0.6,0.35,0.25 284.044
0.6,0.35,0.3 166.258
0.6,0.35,0.35 56.9023
0.6,0.35,0.4 1.35585
0.6,0.35,0.45 0.0168816
0.6,0.4,0 2.5965e-10
0.6,0.4,0.05 38.9798
0.6,0.4,0.1 270.654
0.6,0.4,0.15 233.544
0.6,0.4,0.2 142.462
0.6,0.4,0.25 49.7136
0.6,0.4,0.3 7.48559
0.6,0.4,0.35 1.27357
0.6,0.4,0.4 0.771419
0.6,0.4,0.45 0.0117201
0.6,0.45,0 8.91343e-10
0.6,0.45,0.05 155.218
0.6,0.45,0.1 621.333
0.6,0.45,0.15 341.353
0.6,0.45,0.2 626.004
0.6,0.45,0.25 207.478
0.6,0.45,0.3 12.7521
0.6,0.45,0.35 0.0408281
0.6,0.45,0.4 0.0155434
0.6,0.45,0.45 0.000236185
0.6,0.5,0 1.85832e-09
0.6,0.5,0.05 144.243
0.6,0.5,0.1 578.137
0.6,0.5,0.15 339.857
0.6,0.5,0.2 619.638
0.6,0.5,0.25 296.481
0.6,0.5,0.3 42.8448
0.6,0.5,0.35 0.745203
0.6,0.55,0 3.03679e-10
0.6,0.55,0.05 18.0738
0.6,0.55,0.1 89.7971
0.6,0.55,0.15 335.58
0.6,0.55,0.2 478.968
0.6,0.55,0.25 317.479
0.6,0.55,0.3 171.626
0.6,0.55,0.35 3.83883
0.6,0.6,0 2.64146e-12
0.6,0.6,0.05 7.16916
0.6,0.6,0.1 61.4899
0.6,0.6,0.15 475.501
0.6,0.6,0.2 719.989
0.6,0.6,0.25 226.269
0.6,0.6,0.3 56.6326
0.6,0.6,0.35 1.23465
0.6,0.65,0 4.56657e-11
0.6,0.65,0.05 79.9647
0.6,0.65,0.1 477.61
0.6,0.65,0.15 576.817
0.6,0.65,0.2 820.742
0.6,0.65,0.25 333.174
0.6,0.65,0.3 4.12559
0.6,0.65,0.35 0.000586034
0.6,0.7,0 4.39977e-11
0.6,0.7,0.05 74.9679
0.6,0.7,0.1 590.883
0.6,0.7,0.15 744.998
0.6,0.7,0.2 457.073
0.6,0.7,0.25 156.459
0.6,0.7,0.3 1.80938
0.6,0.75,0 3.4749e-09
0.6,0.75,0.05 81.2645
0.6,0.75,0.1 495.307
0.6,0.75,0.15 455.624
0.6,0.75,0.2 88.5521
0.6,0.75,0.25 18.2035
0.6,0.75,0.3 0.782969
0.6,0.8,0 9.40025e-08
0.6,0.8,0.05 157.169
0.6,0.8,0.1 647.731
0.6,0.8,0.15 226.039
0.6,0.8,0.2 20.061
0.6,0.8,0.25 0.536195
0.6,0.8,0.3 0.0282041
0.6,0.85,0 1.09315e-07
0.6,0.85,0.05 109.325
0.6,0.85,0.1 437.13
0.6,0.85,0.15 110.943
0.6,0.85,0.2 0.655815
0.6,0.85,0.25 0.000716495
0.6,0.9,0 6.2527e-09
0.6,0.9,0.05 22.1589
0.6,0.9,0.1 88.5901
0.6,0.9,0.15 22.1361
0.6,0.95,0 1.77506e-16
0.6,0.95,0.05 0.000207916
0.6,0.95,0.1 0.000831427
0.6,0.95,0.15 0.000207798
0.65,0.1,0 1.41428e-14
0.65,0.1,0.05 0.00782568
0.65,0.1,0.1 0.564627
0.65,0.1,0.15 22.3962
0.65,0.1,0.2 30.1024
0.65,0.1,0.25 2.11972
0.65,0.15,0 3.94441e-12
0.65,0.15,0.05 3.46254
0.65,0.15,0.1 21.619
0.65,0.15,0.15 243.878
0.65,0.15,0.2 311.897
0.65,0.15,0.25 24.0206
0.65,0.15,0.3 6.86766
0.65,0.15,0.35 1.23608
0.65,0.15,0.4 2.97716e-05
0.65,0.2,0 9.318e-12
0.65,0.2,0.05 45.4241
0.65,0.2,0.1 204.605
0.65,0.2,0.15 271.787
0.65,0.2,0.2 214.706
0.65,0.2,0.25 82.6512
0.65,0.2,0.3 196.196
0.65,0.2,0.35 35.7227
0.65,0.2,0.4 0.0133076
0.65,0.25,0 1.3451e-12
0.65,0.25,0.05 48.4629
0.65,0.25,0.1 311.814
0.65,0.25,0.15 472.86
0.65,0.25,0.2 251.501
0.65,0.25,0.25 189.461
0.65,0.25,0.3 252.579
0.65,0.25,0.35 51.7985
0.65,0.25,0.4 0.0824684
0.65,0.3,0 2.74302e-13
0.65,0.3,0.05 5.67987
0.65,0.3,0.1 240.659
0.65,0.3,0.15 714.807
0.65,0.3,0.2 655.263
0.65,0.3,0.25 327.012
0.65,0.3,0.3 151.852
0.65,0.3,0.35 58.4255
0.65,0.3,0.4 0.254614
0.65,0.35,0 6.49345e-12
0.65,0.35,0.05 17.4658
0.65,0.35,0.1 412.993
0.65,0.35,0.15 601.74
0.65,0.35,0.2 215.261
0.65,0.35,0.25 79.311
0.65,0.35,0.3 44.3913
0.65,0.35,0.35 18.0499
0.65,0.35,0.4 0.0802052
