0.25,0.15,0 2.01665e-09
0.25,0.15,0.05 44.9974
0.25,0.15,0.1 199.816
0.25,0.15,0.15 282.292
0.25,0.15,0.2 668.95
0.25,0.15,0.25 569.474
0.25,0.15,0.3 343.094
0.25,0.15,0.35 147.029
0.25,0.15,0.4 14.8259
0.25,0.15,0.45 0.000255076
0.25,0.2,0 3.42426e-10
0.25,0.2,0.05 49.9696
0.25,0.2,0.1 342.487
0.25,0.2,0.15 426.938
0.25,0.2,0.2 526.687
0.25,0.2,0.25 301.432
0.25,0.2,0.3 530.515
0.25,0.2,0.35 502.644
0.25,0.2,0.4 75.211
0.25,0.2,0.45 0.00106784
0.25,0.25,0 6.87229e-12
0.25,0.25,0.05 67.5791
0.25,0.25,0.1 349.474
0.25,0.25,0.15 312.628
0.25,0.25,0.2 612.87
0.25,0.25,0.25 316.282
0.25,0.25,0.3 527.154
0.25,0.25,0.35 494.722
0.25,0.25,0.4 53.9321
0.25,0.25,0.45 0.000279392
0.25,0.3,0 5.03848e-12
0.25,0.3,0.05 40.503
0.25,0.3,0.1 192.03
0.25,0.3,0.15 263.747
0.25,0.3,0.2 629.176
0.25,0.3,0.25 286.339
0.25,0.3,0.3 165.662
0.25,0.3,0.35 247.054
0.25,0.3,0.4 50.2823
0.25,0.3,0.45 9.33516e-10
0.25,0.35,0 4.19321e-12
0.25,0.35,0.05 73.0297
0.25,0.35,0.1 391.259
0.25,0.35,0.15 357.897
0.25,0.35,0.2 144.302
0.25,0.35,0.25 31.9288
0.25,0.35,0.3 18.3879
0.25,0.35,0.35 38.4169
0.25,0.35,0.4 9.31489
0.25,0.4,0 1.06862e-10
0.25,0.4,0.05 100.945
0.25,0.4,0.1 472.468
0.25,0.4,0.15 394.954
0.25,0.4,0.2 161.374
0.25,0.4,0.25 53.3903
0.25,0.4,0.3 4.48469
0.25,0.4,0.35 0.184913
0.25,0.4,0.4 0.0171448
0.25,0.4,0.45 5.63772e-06
0.25,0.4,0.5 1.89003e-09
0.25,0.45,0 8.93137e-10
0.25,0.45,0.05 149.002
0.25,0.45,0.1 646.262
0.25,0.45,0.15 456.671
0.25,0.45,0.2 329.576
0.25,0.45,0.25 375.983
0.25,0.45,0.3 156.125
0.25,0.45,0.35 117.92
0.25,0.45,0.4 72.9399
0.25,0.45,0.45 7.5284
0.25,0.45,0.5 0.000188158
0.25,0.5,0 1.69862e-09
0.25,0.5,0.05 181.477
0.25,0.5,0.1 733.132
0.25,0.5,0.15 345.057
0.25,0.5,0.2 345.999
0.25,0.5,0.25 558.406
0.25,0.5,0.3 718.271
0.25,0.5,0.35 569.114
0.25,0.5,0.4 460.304
0.25,0.5,0.45 56.8622
0.25,0.5,0.5 0.00264061
0.25,0.55,0 2.49169e-09
0.25,0.55,0.05 81.7198
0.25,0.55,0.1 373.405
0.25,0.55,0.15 347.916
0.25,0.55,0.2 380.434
0.25,0.55,0.25 434.755
0.25,0.55,0.3 678.896
0.25,0.55,0.35 652.845
0.25,0.55,0.4 484.506
0.25,0.55,0.45 53.1467
0.25,0.55,0.5 0.00194805
0.25,0.6,0 1.73455e-08
0.25,0.6,0.05 11.3744
0.25,0.6,0.1 119.399
0.25,0.6,0.15 391.618
0.25,0.6,0.2 557.384
0.25,0.6,0.25 503.44
0.25,0.6,0.3 453.733
0.25,0.6,0.35 517.819
0.25,0.6,0.4 345.438
0.25,0.6,0.45 28.3634
0.25,0.6,0.5 4.54679e-05
0.25,0.65,0 1.10698e-08
0.25,0.65,0.05 77.8876
0.25,0.65,0.1 338.769
0.25,0.65,0.15 433.754
0.25,0.65,0.2 481.629
0.25,0.65,0.25 225.344
0.25,0.65,0.3 439.832
0.25,0.65,0.35 325.82
0.25,0.65,0.4 89.8111
0.25,0.65,0.45 6.12891
0.25,0.7,0 2.14309e-09
0.25,0.7,0.05 95.1231
0.25,0.7,0.1 445.179
0.25,0.7,0.15 462.876
0.25,0.7,0.2 409.26
0.25,0.7,0.25 265.795
0.25,0.7,0.3 268.932
0.25,0.7,0.35 65.6176
0.25,0.7,0.4 3.52629
0.25,0.7,0.45 0.15581
0.25,0.75,0 1.56936e-10
0.25,0.75,0.05 8.95257
0.25,0.75,0.1 135.21
0.25,0.75,0.15 591.312
0.25,0.75,0.2 620.84
0.25,0.75,0.25 379.992
0.25,0.75,0.3 223.576
0.25,0.75,0.35 51.9912
0.25,0.75,0.4 0.010622
0.25,0.8,0.1 44.9984
0.25,0.8,0.15 270.765
0.25,0.8,0.2 227.812
0.25,0.8,0.25 106.369
0.25,0.8,0.3 79.5454
0.25,0.8,0.35 21.9216
0.25,0.8,0.4 0.00451533
0.25,0.85,0.1 0.381641
0.25,0.85,0.15 2.23289
0.25,0.85,0.2 1.34994
0.25,0.85,0.25 0.38343
0.25,0.85,0.3 0.389761
0.25,0.85,0.35 0.102834
0.25,0.85,0.4 2.11754e-05
0.3,0,0.2 2.33328e-11
0.3,0,0.25 4.90572e-10
0.3,0,0.3 4.6626e-10
0.3,0,0.35 1.84664e-11
0.3,0.05,0 3.73392e-15
0.3,0.05,0.05 0.0651891
0.3,0.05,0.1 1.53109
0.3,0.05,0.15 47.49
0.3,0.05,0.2 82.742
0.3,0.05,0.25 84.0409
0.3,0.05,0.3 74.3767
0.3,0.05,0.35 3.55539
0.3,0.05,0.4 0.000332891
0.3,0.1,0 2.52885e-12
0.3,0.1,0.05 3.49336
0.3,0.1,0.1 51.5945
0.3,0.1,0.15 246.672
0.3,0.1,0.2 394.362
0.3,0.1,0.25 377.295
0.3,0.1,0.3 366.263
0.3,0.1,0.35 39.2539
0.3,0.1,0.4 0.0548788
0.3,0.15,0 6.92181e-12
0.3,0.15,0.05 10.0421
0.3,0.15,0.1 104.893
0.3,0.15,0.15 329.777
0.3,0.15,0.2 507.184
0.3,0.15,0.25 298.858
0.3,0.15,0.3 531.43
0.3,0.15,0.35 253.877
0.3,0.15,0.4 25.8595
0.3,0.15,0.45 0.000552066
0.3,0.2,0 1.1791e-12
0.3,0.2,0.05 68.4813
0.3,0.2,0.1 337.983
0.3,0.2,0.15 482.831
0.3,0.2,0.2 670.655
0.3,0.2,0.25 317.629
0.3,0.2,0.3 645.416
0.3,0.2,0.35 548.014
0.3,0.2,0.4 110.301
0.3,0.2,0.45 0.00231115
0.3,0.25,0 3.61274e-12
0.3,0.25,0.05 86.3968
0.3,0.25,0.1 404.867
0.3,0.25,0.15 238.764
0.3,0.25,0.2 303.01
0.3,0.25,0.25 340.728
0.3,0.25,0.3 567.236
0.3,0.25,0.35 495.053
0.3,0.25,0.4 74.3248
0.3,0.25,0.45 0.000604693
0.3,0.3,0 1.43341e-11
0.3,0.3,0.05 30.9185
0.3,0.3,0.1 157.466
0.3,0.3,0.15 369.224
0.3,0.3,0.2 485.162
0.3,0.3,0.25 462.416
0.3,0.3,0.3 444.79
0.3,0.3,0.35 474.421
0.3,0.3,0.4 98.3103
0.3,0.3,0.45 2.02043e-09
0.3,0.35,0 6.71116e-11
0.3,0.35,0.05 36.2448
0.3,0.35,0.1 292.326
0.3,0.35,0.15 737.504
0.3,0.35,0.2 549.153
0.3,0.35,0.25 95.177
0.3,0.35,0.3 62.8292
0.3,0.35,0.35 78.0064
0.3,0.35,0.4 18.3276
0.3,0.35,0.45 4.29875e-08
0.3,0.4,0 3.24379e-10
0.3,0.4,0.05 106.092
0.3,0.4,0.1 539.392
0.3,0.4,0.15 760.379
0.3,0.4,0.2 477.151
0.3,0.4,0.25 61.1895
0.3,0.4,0.3 3.13282
0.3,0.4,0.35 0.527179
0.3,0.4,0.4 1.36493
0.3,0.4,0.45 0.261037
0.3,0.45,0 6.14418e-10
0.3,0.45,0.05 76.6414
0.3,0.45,0.1 366.004
0.3,0.45,0.15 551.544
0.3,0.45,0.2 526.356
0.3,0.45,0.25 280.662
0.3,0.45,0.3 124.932
0.3,0.45,0.35 82.0847
0.3,0.45,0.4 20.2108
0.3,0.45,0.45 1.99336
0.3,0.5,0 1.02344e-09
0.3,0.5,0.05 116.893
0.3,0.5,0.1 488.925
0.3,0.5,0.15 213.03
0.3,0.5,0.2 212.331
0.3,0.5,0.25 327.306
0.3,0.5,0.3 651.406
0.3,0.5,0.35 420.673
0.3,0.5,0.4 77.4986
0.3,0.5,0.45 5.90894
0.3,0.55,0 6.18688e-08
0.3,0.55,0.05 76.9132
0.3,0.55,0.1 328.774
0.3,0.55,0.15 228.932
0.3,0.55,0.2 296.304
0.3,0.55,0.25 342.158
0.3,0.55,0.3 691.97
0.3,0.55,0.35 275.672
0.3,0.55,0.4 91.0589
0.3,0.55,0.45 7.1382
0.3,0.6,0 5.1562e-07
0.3,0.6,0.05 68.6112
0.3,0.6,0.1 283.972
0.3,0.6,0.15 281.376
0.3,0.6,0.2 599.764
0.3,0.6,0.25 433.85
0.3,0.6,0.3 611.665
0.3,0.6,0.35 491.013
0.3,0.6,0.4 367.523
0.3,0.6,0.45 25.1637
0.3,0.65,0 2.57486e-07
0.3,0.65,0.05 78.9182
0.3,0.65,0.1 320.059
0.3,0.65,0.15 241.744
0.3,0.65,0.2 434.802
0.3,0.65,0.25 431.843
0.3,0.65,0.3 616.598
0.3,0.65,0.35 447.293
0.3,0.65,0.4 260.806
0.3,0.65,0.45 17.0591
0.3,0.7,0 2.71045e-09
0.3,0.7,0.05 67.9695
0.3,0.7,0.1 278.318
0.3,0.7,0.15 218.408
0.3,0.7,0.2 453.119
0.3,0.7,0.25 240.62
0.3,0.7,0.3 202.648
0.3,0.7,0.35 66.3019
0.3,0.7,0.4 7.9173
0.3,0.7,0.45 0.461346
0.3,0.75,0 8.54123e-11
0.3,0.75,0.05 5.81106
0.3,0.75,0.1 75.6594
0.3,0.75,0.15 264.482
0.3,0.75,0.2 443.721
0.3,0.75,0.25 317.393
0.3,0.75,0.3 149.352
0.3,0.75,0.35 36.7918
0.3,0.75,0.4 0.0215757
0.3,0.8,0.1 27.1733
0.3,0.8,0.15 119.872
0.3,0.8,0.2 95.5487
0.3,0.8,0.25 52.4782
0.3,0.8,0.3 11.5087
0.3,0.8,0.35 1.65614
0.3,0.8,0.4 0.000886054
0.3,0.85,0.1 0.231297
0.3,0.85,0.15 0.977919
0.3,0.85,0.2 0.28261
0.3,0.85,0.25 0.00257665
0.3,0.85,0.3 0.00139488
0.3,0.85,0.35 0.000420619
0.3,0.85,0.4 8.66135e-08
0.35,0,0.2 7.66514e-12
0.35,0,0.25 1.6116e-10
0.35,0,0.3 1.53173e-10
0.35,0,0.35 6.06646e-12
0.35,0.05,0.05 0.262681
0.35,0.05,0.1 3.78538
0.35,0.05,0.15 8.28206
0.35,0.05,0.2 10.6749
0.35,0.05,0.25 26.4096
0.35,0.05,0.3 23.9646
0.35,0.05,0.35 0.940633
0.35,0.1,0.05 13.893
0.35,0.1,0.1 197.218
0.35,0.1,0.15 170.593
0.35,0.1,0.2 58.1985
0.35,0.1,0.25 171.675
0.35,0.1,0.3 141.916
0.35,0.1,0.35 11.1329
0.35,0.1,0.4 0.016793
0.35,0.15,0.05 26.173
0.35,0.15,0.1 325.733
0.35,0.15,0.15 283.707
0.35,0.15,0.2 122.404
0.35,0.15,0.25 263.464
0.35,0.15,0.3 258.877
0.35,0.15,0.35 66.4342
0.35,0.15,0.4 3.44228
0.35,0.15,0.45 7.21264e-05
0.35,0.2,0.05 87.2112
0.35,0.2,0.1 429.433
0.35,0.2,0.15 400.32
0.35,0.2,0.2 510.975
0.35,0.2,0.25 391.193
0.35,0.2,0.3 487.921
0.35,0.2,0.35 163.562
0.35,0.2,0.4 17.4961
0.35,0.2,0.45 0.000301947
0.35,0.25,0 1.87376e-11
0.35,0.25,0.05 147.182
0.35,0.25,0.1 708.489
0.35,0.25,0.15 551.687
0.35,0.25,0.2 332.893
0.35,0.25,0.25 307.244
0.35,0.25,0.3 654.549
0.35,0.25,0.35 351.959
0.35,0.25,0.4 27.0999
0.35,0.25,0.45 7.90021e-05
0.35,0.3,0 7.56221e-11
0.35,0.3,0.05 126.417
0.35,0.3,0.1 546.149
0.35,0.3,0.15 477.56
0.35,0.3,0.2 355.438
0.35,0.3,0.25 556.83
0.35,0.3,0.3 833.654
0.35,0.3,0.35 227.171
0.35,0.3,0.4 17.9092
0.35,0.3,0.45 2.63965e-10
0.35,0.35,0 7.68773e-11
0.35,0.35,0.05 88.0495
0.35,0.35,0.1 386.57
0.35,0.35,0.15 515.146
0.35,0.35,0.2 447.178
0.35,0.35,0.25 218.335
0.35,0.35,0.3 185.035
0.35,0.35,0.35 31.2
0.35,0.35,0.4 2.14628
0.35,0.35,0.45 2.01403e-06
0.35,0.4,0 3.36093e-10
0.35,0.4,0.05 164.826
0.35,0.4,0.1 780.066
0.35,0.4,0.15 785.538
0.35,0.4,0.2 444.722
0.35,0.4,0.25 44.8933
0.35,0.4,0.3 11.9825
0.35,0.4,0.35 24.0508
0.35,0.4,0.4 63.0061
0.35,0.4,0.45 12.2289
0.35,0.45,0 1.9904e-09
0.35,0.45,0.05 96.3843
0.35,0.45,0.1 489.273
0.35,0.45,0.15 678.46
0.35,0.45,0.2 695.914
0.35,0.45,0.25 232.374
0.35,0.45,0.3 130.968
0.35,0.45,0.35 276.774
0.35,0.45,0.4 301.966
0.35,0.45,0.45 48.1757
0.35,0.5,0 2.14437e-09
0.35,0.5,0.05 131.52
0.35,0.5,0.1 603.156
0.35,0.5,0.15 407.157
0.35,0.5,0.2 594.829
0.35,0.5,0.25 673.679
0.35,0.5,0.3 591.769
0.35,0.5,0.35 472.995
0.35,0.5,0.4 155.448
0.35,0.5,0.45 11.9394
0.35,0.55,0 7.22396e-08
0.35,0.55,0.05 76.4306
0.35,0.55,0.1 380.885
0.35,0.55,0.15 447.877
0.35,0.55,0.2 617.481
0.35,0.55,0.25 446.089
0.35,0.55,0.3 444.714
0.35,0.55,0.35 171.037
0.35,0.55,0.4 53.7844
0.35,0.55,0.45 2.18995
0.35,0.6,0 5.99459e-07
0.35,0.6,0.05 92.9516
0.35,0.6,0.1 419.103
0.35,0.6,0.15 613.054
0.35,0.6,0.2 942.153
0.35,0.6,0.25 533.203
0.35,0.6,0.3 579.215
0.35,0.6,0.35 634.625
0.35,0.6,0.4 424.246
0.35,0.6,0.45 17.9843
0.35,0.65,0 2.98019e-07
0.35,0.65,0.05 114.475
0.35,0.65,0.1 487.138
0.35,0.65,0.15 390.117
0.35,0.65,0.2 456.772
0.35,0.65,0.25 595.422
0.35,0.65,0.3 552.671
0.35,0.65,0.35 549.533
0.35,0.65,0.4 284.238
0.35,0.65,0.45 9.39279
0.35,0.7,0 2.2604e-09
0.35,0.7,0.05 76.3808
0.35,0.7,0.1 306.084
0.35,0.7,0.15 95.2078
0.35,0.7,0.2 119.354
0.35,0.7,0.25 454.506
0.35,0.7,0.3 557.938
0.35,0.7,0.35 193.851
0.35,0.7,0.4 13.855
0.35,0.7,0.45 0.122385
0.35,0.75,0 6.48878e-09
0.35,0.75,0.05 4.14685
0.35,0.75,0.1 17.4434
0.35,0.75,0.15 17.7613
0.35,0.75,0.2 145.433
0.35,0.75,0.25 469.181
0.35,0.75,0.3 533.873
0.35,0.75,0.35 119.387
0.35,0.75,0.4 1.41458
0.35,0.8,0 2.09747e-08
0.35,0.8,0.05 2.16134
0.35,0.8,0.1 9.04506
0.35,0.8,0.15 5.58698
0.35,0.8,0.2 25.0474
0.35,0.8,0.25 73.6161
0.35,0.8,0.3 51.9875
0.35,0.8,0.35 4.56885
0.35,0.8,0.4 0.00302246
0.35,0.85,0 4.23295e-09
0.35,0.85,0.05 0.436185
0.35,0.85,0.1 1.73746
0.35,0.85,0.15 0.446473
0.35,0.85,0.2 0.00405163
0.35,0.85,0.25 1.66275e-09
0.4,0,0.2 4.56167e-15
0.4,0,0.25 9.59092e-14
0.4,0,0.3 9.1156e-14
0.4,0,0.35 3.61026e-15
0.4,0.05,0.05 0.0662318
0.4,0.05,0.1 0.936255
0.4,0.05,0.15 0.693708
0.4,0.05,0.2 0.233368
0.4,0.05,0.25 1.5951
0.4,0.05,0.3 0.87169
0.4,0.05,0.35 0.125382
0.4,0.05,0.4 0.00279086
0.4,0.1,0.05 6.45527
0.4,0.1,0.1 80.2149
0.4,0.1,0.15 62.3834
0.4,0.1,0.2 28.8365
0.4,0.1,0.25 186.599
0.4,0.1,0.3 86.0273
0.4,0.1,0.35 3.40203
0.4,0.1,0.4 0.0696821
0.4,0.15,0.05 23.5476
0.4,0.15,0.1 338.449
0.4,0.15,0.15 379.12
0.4,0.15,0.2 160.881
0.4,0.15,0.25 553.391
0.4,0.15,0.3 216.468
0.4,0.15,0.35 4.66025
0.4,0.15,0.4 0.0729158
0.4,0.2,0.05 32.1986
0.4,0.2,0.1 312.162
0.4,0.2,0.15 480.089
0.4,0.2,0.2 409.587
0.4,0.2,0.25 499.87
0.4,0.2,0.3 189.372
0.4,0.2,0.35 10.6704
0.4,0.2,0.4 0.234751
0.4,0.25,0 2.50593e-10
0.4,0.25,0.05 89.4313
0.4,0.25,0.1 441.361
0.4,0.25,0.15 502.584
0.4,0.25,0.2 296.893
0.4,0.25,0.25 161.558
0.4,0.25,0.3 163.484
0.4,0.25,0.35 33.4372
0.4,0.25,0.4 1.323
0.4,0.3,0 1.71547e-09
0.4,0.3,0.05 110.128
0.4,0.3,0.1 462.526
0.4,0.3,0.15 291.278
0.4,0.3,0.2 290.187
0.4,0.3,0.25 475.857
0.4,0.3,0.3 398.997
0.4,0.3,0.35 55.1028
0.4,0.3,0.4 0.47039
0.4,0.35,0 8.67376e-10
0.4,0.35,0.05 56.3427
0.4,0.35,0.1 230.69
0.4,0.35,0.15 155.208
0.4,0.35,0.2 235.745
0.4,0.35,0.25 507.963
0.4,0.35,0.3 550.712
0.4,0.35,0.35 111.987
0.4,0.35,0.4 1.56386
0.4,0.35,0.45 2.83401e-06
0.4,0.4,0 1.70879e-10
0.4,0.4,0.05 60.5846
0.4,0.4,0.1 289.031
0.4,0.4,0.15 428.434
0.4,0.4,0.2 379.901
0.4,0.4,0.25 208.462
0.4,0.4,0.3 349.476
0.4,0.4,0.35 149.125
0.4,0.4,0.4 94.2966
0.4,0.4,0.45 17.2084
0.4,0.45,0 1.16998e-09
0.4,0.45,0.05 53.6224
0.4,0.45,0.1 282.538
0.4,0.45,0.15 503.004
0.4,0.45,0.2 520.398
0.4,0.45,0.25 283.069
0.4,0.45,0.3 256.832
0.4,0.45,0.35 413.302
0.4,0.45,0.4 445.057
0.4,0.45,0.45 75.4151
0.4,0.5,0 1.30294e-09
0.4,0.5,0.05 64.1094
0.4,0.5,0.1 330.04
0.4,0.5,0.15 472.86
0.4,0.5,0.2 646.731
0.4,0.5,0.25 586.913
0.4,0.5,0.3 414.66
0.4,0.5,0.35 680.044
0.4,0.5,0.4 349.346
0.4,0.5,0.45 42.8112
0.4,0.55,0 1.12696e-08
0.4,0.55,0.05 45.2864
0.4,0.55,0.1 247.433
0.4,0.55,0.15 378.011
0.4,0.55,0.2 436.898
0.4,0.55,0.25 340.474
0.4,0.55,0.3 125.724
0.4,0.55,0.35 208.713
0.4,0.55,0.4 90.59
0.4,0.55,0.45 6.36862
0.4,0.6,0 6.01517e-08
0.4,0.6,0.05 147.395
0.4,0.6,0.1 612.268
0.4,0.6,0.15 378.834
0.4,0.6,0.2 600.054
0.4,0.6,0.25 407.984
0.4,0.6,0.3 276.493
0.4,0.6,0.35 238.285
0.4,0.6,0.4 146.824
0.4,0.6,0.45 5.5442
0.4,0.65,0 2.32439e-08
0.4,0.65,0.05 72.067
0.4,0.65,0.1 301.09
0.4,0.65,0.15 231.882
0.4,0.65,0.2 466.379
0.4,0.65,0.25 423.958
0.4,0.65,0.3 361.844
0.4,0.65,0.35 263.768
0.4,0.65,0.4 98.5627
0.4,0.65,0.45 2.50192
0.4,0.7,0 2.16872e-10
0.4,0.7,0.05 17.1986
0.4,0.7,0.1 69.0111
0.4,0.7,0.15 23.5443
0.4,0.7,0.2 51.4618
0.4,0.7,0.25 219.885
0.4,0.7,0.3 415.322
0.4,0.7,0.35 349.998
0.4,0.7,0.4 23.1703
0.4,0.7,0.45 0.015408
0.4,0.75,0 2.05596e-07
0.4,0.75,0.05 21.9332
0.4,0.75,0.1 87.1903
0.4,0.75,0.15 21.6706
0.4,0.75,0.2 11.2318
0.4,0.75,0.25 152.418
0.4,0.75,0.3 228.996
0.4,0.75,0.35 122.76
0.4,0.75,0.4 6.50243
0.4,0.8,0 6.64996e-07
0.4,0.8,0.05 68.5247
0.4,0.8,0.1 272.347
0.4,0.8,0.15 67.6528
0.4,0.8,0.2 1.86119
0.4,0.8,0.25 24.3881
0.4,0.8,0.3 18.6861
0.4,0.8,0.35 1.00025
0.4,0.8,0.4 0.00410862
0.4,0.85,0 1.34204e-07
0.4,0.85,0.05 13.8291
0.4,0.85,0.1 54.9628
0.4,0.85,0.15 13.6529
0.45,0.05,0.05 1.50227e-09
0.45,0.05,0.1 2.12361e-08
0.45,0.05,0.15 1.57347e-08
0.45,0.05,0.2 0.0385256
0.45,0.05,0.25 0.719272
0.45,0.05,0.3 6.23321
0.45,0.05,0.35 4.47337
0.45,0.05,0.4 0.102483
0.45,0.1,0.05 9.60125
0.45,0.1,0.1 80.844
0.45,0.1,0.15 61.5223
0.45,0.1,0.2 31.0191
0.45,0.1,0.25 50.5172
