0.65,0.35,0.25 80.2787
0.65,0.35,0.3 51.9019
0.65,0.35,0.35 21.5149
0.65,0.35,0.4 0.0927692
0.65,0.4,0 1.01128e-10
0.65,0.4,0.05 66.9552
0.65,0.4,0.1 405.322
0.65,0.4,0.15 260.175
0.65,0.4,0.2 45.2089
0.65,0.4,0.25 7.42624
0.65,0.4,0.3 0.168559
0.65,0.4,0.35 0.0258945
0.65,0.4,0.4 0.000111655
0.65,0.45,0 4.88584e-10
0.65,0.45,0.05 162.062
0.65,0.45,0.1 649.617
0.65,0.45,0.15 205.477
0.65,0.45,0.2 227.977
0.65,0.45,0.25 146.125
0.65,0.45,0.3 5.74359
0.65,0.5,0 4.80033e-10
0.65,0.5,0.05 93.5224
0.65,0.5,0.1 374.729
0.65,0.5,0.15 136.198
0.65,0.5,0.2 472.329
0.65,0.5,0.25 385.75
0.65,0.5,0.3 15.394
0.65,0.5,0.35 0.0229916
0.65,0.55,0 8.64303e-11
0.65,0.55,0.05 43.737
0.65,0.55,0.1 177.905
0.65,0.55,0.15 238.369
0.65,0.55,0.2 635.416
0.65,0.55,0.25 275.703
0.65,0.55,0.3 14.6922
0.65,0.55,0.35 0.136089
0.65,0.6,0 1.88998e-11
0.65,0.6,0.05 33.7626
0.65,0.6,0.1 141.167
0.65,0.6,0.15 341.503
0.65,0.6,0.2 647.724
0.65,0.6,0.25 152.458
0.65,0.6,0.3 5.29165
0.65,0.6,0.35 0.0498865
0.65,0.65,0 7.77571e-13
0.65,0.65,0.05 14.5605
0.65,0.65,0.1 102.111
0.65,0.65,0.15 273.369
0.65,0.65,0.2 475.131
0.65,0.65,0.25 169.176
0.65,0.65,0.3 2.60205
0.65,0.65,0.35 7.54533e-05
0.65,0.7,0 1.67458e-12
0.65,0.7,0.05 12.1754
0.65,0.7,0.1 173.512
0.65,0.7,0.15 521.892
0.65,0.7,0.2 395.959
0.65,0.7,0.25 207.228
0.65,0.7,0.3 8.78086
0.65,0.75,0 3.29648e-10
0.65,0.75,0.05 26.6417
0.65,0.75,0.1 205.2
0.65,0.75,0.15 480.041
0.65,0.75,0.2 278.317
0.65,0.75,0.25 152.93
0.65,0.75,0.3 7.32664
0.65,0.8,0 7.41904e-10
0.65,0.8,0.05 73.1771
0.65,0.8,0.1 348.137
0.65,0.8,0.15 352.55
0.65,0.8,0.2 92.6264
0.65,0.8,0.25 4.94422
0.65,0.8,0.3 0.235614
0.65,0.85,0 1.7205e-10
0.65,0.85,0.05 77.8794
0.65,0.85,0.1 313.459
0.65,0.85,0.15 88.1876
0.65,0.85,0.2 3.27474
0.65,0.85,0.25 0.00127371
0.65,0.9,0 1.99767e-11
0.65,0.9,0.05 18.789
0.65,0.9,0.1 75.1345
0.65,0.9,0.15 18.7783
0.65,0.95,0 1.57188e-16
0.65,0.95,0.05 0.000184117
0.65,0.95,0.1 0.000736258
0.65,0.95,0.15 0.000184012
0.7,0.1,0.1 0.0737738
0.7,0.1,0.15 2.71124
0.7,0.1,0.2 3.43392
0.7,0.1,0.25 0.220845
0.7,0.15,0 5.2883e-13
0.7,0.15,0.05 0.0427965
0.7,0.15,0.1 30.4178
0.7,0.15,0.15 121.972
0.7,0.15,0.2 56.8081
0.7,0.15,0.25 2.6655
0.7,0.15,0.3 0.339613
0.7,0.15,0.35 0.0523314
0.7,0.2,0 1.60879e-11
0.7,0.2,0.05 0.93343
0.7,0.2,0.1 158.605
0.7,0.2,0.15 491.321
0.7,0.2,0.2 114.349
0.7,0.2,0.25 5.65712
0.7,0.2,0.3 10.128
0.7,0.2,0.35 1.56064
0.7,0.25,0 1.86276e-11
0.7,0.25,0.05 1.18172
0.7,0.25,0.1 185.526
0.7,0.25,0.15 528.557
0.7,0.25,0.2 113.724
0.7,0.25,0.25 16.6381
0.7,0.25,0.3 11.898
0.7,0.25,0.35 1.80402
0.7,0.25,0.4 6.36306e-05
0.7,0.3,0 1.0402e-12
0.7,0.3,0.05 0.597245
0.7,0.3,0.1 60.4967
0.7,0.3,0.15 170.51
0.7,0.3,0.2 102.45
0.7,0.3,0.25 44.6662
0.7,0.3,0.3 1.75982
0.7,0.3,0.35 0.182877
0.7,0.3,0.4 0.000364581
0.7,0.35,0 3.12457e-12
0.7,0.35,0.05 46.4502
0.7,0.35,0.1 216.021
0.7,0.35,0.15 135.807
0.7,0.35,0.2 48.5413
0.7,0.35,0.25 10.6106
0.7,0.35,0.3 0.282037
0.7,0.35,0.35 0.0300606
0.7,0.35,0.4 0.000129618
0.7,0.4,0 4.16317e-11
0.7,0.4,0.05 155.595
0.7,0.4,0.1 648.848
0.7,0.4,0.15 273.309
0.7,0.4,0.2 49.9835
0.7,0.4,0.25 0.554919
0.7,0.4,0.3 0.00426929
0.7,0.4,0.35 3.61802e-05
0.7,0.4,0.4 1.56006e-07
0.7,0.45,0 2.40502e-10
0.7,0.45,0.05 100.505
0.7,0.45,0.1 464.56
0.7,0.45,0.15 325.733
0.7,0.45,0.2 90.2079
0.7,0.45,0.25 18.8177
0.7,0.45,0.3 0.642211
0.7,0.5,0 4.29462e-10
0.7,0.5,0.05 103.616
0.7,0.5,0.1 471.528
0.7,0.5,0.15 426.246
0.7,0.5,0.2 353.819
0.7,0.5,0.25 104.679
0.7,0.5,0.3 2.08262
0.7,0.55,0 1.09361e-10
0.7,0.55,0.05 86.7904
0.7,0.55,0.1 375.135
0.7,0.55,0.15 425.808
0.7,0.55,0.2 604.647
0.7,0.55,0.25 145.261
0.7,0.55,0.3 1.41132
0.7,0.6,0 3.93614e-11
0.7,0.6,0.05 68.8859
0.7,0.6,0.1 277.756
0.7,0.6,0.15 270.654
0.7,0.6,0.2 473.562
0.7,0.6,0.25 75.9283
0.7,0.6,0.3 0.137043
0.7,0.65,0 1.6194e-12
0.7,0.65,0.05 2.83408
0.7,0.65,0.1 14.2286
0.7,0.65,0.15 161.965
0.7,0.65,0.2 404.582
0.7,0.65,0.25 75.5857
0.7,0.65,0.3 0.488252
0.7,0.7,0 3.08274e-14
0.7,0.7,0.05 0.00239233
0.7,0.7,0.1 14.3975
0.7,0.7,0.15 133.414
0.7,0.7,0.2 338.807
0.7,0.7,0.25 191.42
0.7,0.7,0.3 7.86929
0.7,0.75,0 6.0956e-12
0.7,0.75,0.05 0.473042
0.7,0.75,0.1 28.0125
0.7,0.75,0.15 136.373
0.7,0.75,0.2 173.877
0.7,0.75,0.25 140.195
0.7,0.75,0.3 6.72049
0.7,0.8,0 2.01839e-09
0.7,0.8,0.05 11.2981
0.7,0.8,0.1 65.3479
0.7,0.8,0.15 113.973
0.7,0.8,0.2 36.6755
0.7,0.8,0.25 4.5167
0.7,0.8,0.3 0.216134
0.7,0.85,0 8.01202e-09
0.7,0.85,0.05 41.2806
0.7,0.85,0.1 165.599
0.7,0.85,0.15 44.9645
0.7,0.85,0.2 1.20844
0.7,0.85,0.25 0.00047002
0.7,0.9,0 2.00013e-09
0.7,0.9,0.05 10.3149
0.7,0.9,0.1 41.1903
0.7,0.9,0.15 10.2803
0.7,0.95,0 5.43256e-18
0.7,0.95,0.05 6.36324e-06
0.7,0.95,0.1 2.54457e-05
0.7,0.95,0.15 6.35962e-06
0.75,0.15,0.05 0.00869124
0.75,0.15,0.1 16.7921
0.75,0.15,0.15 51.7997
0.75,0.15,0.2 9.95666
0.75,0.2,0.05 0.0423388
0.75,0.2,0.1 75.6708
0.75,0.2,0.15 232.031
0.75,0.2,0.2 44.3376
0.75,0.25,0.05 0.0373601
0.75,0.25,0.1 47.5044
0.75,0.25,0.15 140.922
0.75,0.25,0.2 26.032
0.75,0.3,0.05 0.582811
0.75,0.3,0.1 10.1071
0.75,0.3,0.15 24.4427
0.75,0.3,0.2 4.97623
0.75,0.3,0.25 0.0104569
0.75,0.35,0 8.32169e-13
0.75,0.35,0.05 55.1662
0.75,0.35,0.1 241.137
0.75,0.35,0.15 240.572
0.75,0.35,0.2 101.767
0.75,0.35,0.25 1.05688
0.75,0.4,0 3.98564e-12
0.75,0.4,0.05 114.185
0.75,0.4,0.1 504.916
0.75,0.4,0.15 490.612
0.75,0.4,0.2 194.759
0.75,0.4,0.25 1.94911
0.75,0.45,0 1.94829e-11
0.75,0.45,0.05 21.1892
0.75,0.45,0.1 190.129
0.75,0.45,0.15 419.901
0.75,0.45,0.2 152.633
0.75,0.45,0.25 9.45987
0.75,0.45,0.3 3.68696e-05
0.75,0.5,0 4.97859e-11
0.75,0.5,0.05 12.1864
0.75,0.5,0.1 149.718
0.75,0.5,0.15 598.203
0.75,0.5,0.2 496.411
0.75,0.5,0.25 55.5362
0.75,0.5,0.3 0.00237757
0.75,0.55,0 1.50571e-11
0.75,0.55,0.05 20.6685
0.75,0.55,0.1 135.91
0.75,0.55,0.15 404.601
0.75,0.55,0.2 328.785
0.75,0.55,0.25 35.0496
0.75,0.55,0.3 0.00378363
0.75,0.6,0 6.74582e-12
0.75,0.6,0.05 28.567
0.75,0.6,0.1 117.251
0.75,0.6,0.15 84.1539
0.75,0.6,0.2 106.689
0.75,0.6,0.25 15.979
0.75,0.6,0.3 0.000337251
0.75,0.65,0 4.06947e-13
0.75,0.65,0.05 11.6588
0.75,0.65,0.1 46.668
0.75,0.65,0.15 32.4312
0.75,0.65,0.2 55.8212
0.75,0.65,0.25 9.52007
0.75,0.65,0.3 0.0165476
0.75,0.7,0 6.07228e-15
0.75,0.7,0.05 0.506462
0.75,0.7,0.1 2.04205
0.75,0.7,0.15 9.34051
0.75,0.7,0.2 28.82
0.75,0.7,0.25 9.90003
0.75,0.7,0.3 0.291229
0.75,0.75,0 2.65197e-11
0.75,0.75,0.05 0.114227
0.75,0.75,0.1 0.490969
0.75,0.75,0.15 0.523745
0.75,0.75,0.2 5.06924
0.75,0.75,0.25 5.20383
0.75,0.75,0.3 0.248834
0.75,0.8,0 6.47176e-09
0.75,0.8,0.05 30.6451
0.75,0.8,0.1 122.393
0.75,0.8,0.15 30.7045
0.75,0.8,0.2 0.209082
0.75,0.8,0.25 0.166789
0.75,0.8,0.3 0.00800259
0.75,0.85,0 2.26947e-08
0.75,0.85,0.05 108.816
0.75,0.85,0.1 434.492
0.75,0.85,0.15 108.436
0.75,0.85,0.2 0.0019158
0.75,0.85,0.25 7.45148e-07
0.75,0.9,0 5.3693e-09
0.75,0.9,0.05 25.8896
0.75,0.9,0.1 103.375
0.75,0.9,0.15 25.7978
0.8,0.05,0 1.96048e-11
0.8,0.05,0.05 1.15495
0.8,0.05,0.1 4.61623
0.8,0.05,0.15 1.15317
0.8,0.1,0 2.31151e-10
0.8,0.1,0.05 13.6174
0.8,0.1,0.1 54.4276
0.8,0.1,0.15 13.5964
0.8,0.15,0 1.50684e-10
0.8,0.15,0.05 8.87713
0.8,0.15,0.1 35.676
0.8,0.15,0.15 9.46568
0.8,0.15,0.2 0.115778
0.8,0.2,0 2.58221e-12
0.8,0.2,0.05 0.152532
0.8,0.2,0.1 1.40066
0.8,0.2,0.15 2.59701
0.8,0.2,0.2 0.469988
0.8,0.25,0.05 0.000104087
0.8,0.25,0.1 0.201103
0.8,0.25,0.15 0.620358
0.8,0.25,0.2 0.119242
0.8,0.3,0.05 0.0713728
0.8,0.3,0.1 0.337895
0.8,0.3,0.15 0.55479
0.8,0.3,0.2 0.265626
0.8,0.3,0.25 0.00275861
0.8,0.35,0 2.14988e-12
0.8,0.35,0.05 6.29421
0.8,0.35,0.1 30.4528
0.8,0.35,0.15 55.143
0.8,0.35,0.2 26.8469
0.8,0.35,0.25 0.278813
0.8,0.4,0 5.64518e-11
0.8,0.4,0.05 15.4036
0.8,0.4,0.1 72.2983
0.8,0.4,0.15 108.687
0.8,0.4,0.2 50.1684
0.8,0.4,0.25 0.514189
0.8,0.45,0 6.17943e-11
0.8,0.45,0.05 6.37695
0.8,0.45,0.1 35.9834
0.8,0.45,0.15 50.8914
0.8,0.45,0.2 20.1979
0.8,0.45,0.25 1.28559
0.8,0.5,0 5.5162e-12
0.8,0.5,0.05 3.76785
0.8,0.5,0.1 25.4468
0.8,0.5,0.15 69.5875
0.8,0.5,0.2 62.3854
0.8,0.5,0.25 7.28292
0.8,0.55,0 1.29552e-11
0.8,0.55,0.05 73.7106
0.8,0.55,0.1 300.872
0.8,0.55,0.15 114.46
0.8,0.55,0.2 29.4444
0.8,0.55,0.25 2.68268
0.8,0.6,0 1.35796e-11
0.8,0.6,0.05 141.422
0.8,0.6,0.1 565.956
0.8,0.6,0.15 143.26
0.8,0.6,0.2 0.710565
0.8,0.6,0.25 0.0127181
0.8,0.65,0 1.51337e-12
0.8,0.65,0.05 76.9784
0.8,0.65,0.1 307.891
0.8,0.65,0.15 76.9683
0.8,0.65,0.2 0.00226964
0.8,0.65,0.25 0.000356872
0.8,0.7,0 2.27173e-13
0.8,0.7,0.05 4.71673
0.8,0.7,0.1 18.8652
0.8,0.7,0.15 4.71587
0.8,0.75,0 2.78316e-10
0.8,0.75,0.05 1.40664
0.8,0.75,0.1 5.61753
0.8,0.75,0.15 1.40214
0.8,0.8,0 1.35993e-08
0.8,0.8,0.05 59.6748
0.8,0.8,0.1 238.267
0.8,0.8,0.15 59.4966
0.8,0.8,0.2 0.0240308
0.8,0.8,0.25 0.000342336
0.8,0.85,0 2.1173e-08
0.8,0.85,0.05 93.7068
0.8,0.85,0.1 374.175
0.8,0.85,0.15 93.6897
0.8,0.85,0.2 0.197528
0.8,0.85,0.25 0.00281392
0.8,0.9,0 2.16719e-09
0.8,0.9,0.05 9.81897
0.8,0.9,0.1 39.2196
0.8,0.9,0.15 9.9425
0.8,0.9,0.2 0.0969787
0.8,0.9,0.25 0.00138153
0.8,0.95,0.1 0.00010201
0.8,0.95,0.15 0.00109972
0.8,0.95,0.2 0.000670619
0.8,0.95,0.25 9.55343e-06
0.85,0.05,0 1.24806e-10
0.85,0.05,0.05 7.35247
0.85,0.05,0.1 29.3872
0.85,0.05,0.15 7.34114
0.85,0.1,0 1.47152e-09
0.85,0.1,0.05 86.6892
0.85,0.1,0.1 346.489
0.85,0.1,0.15 86.5556
0.85,0.15,0 9.59267e-10
0.85,0.15,0.05 56.5117
0.85,0.15,0.1 225.873
0.85,0.15,0.15 56.4246
0.85,0.2,0 1.64385e-11
0.85,0.2,0.05 0.968414
0.85,0.2,0.1 3.87067
0.85,0.2,0.15 0.966922
0.85,0.3,0.1 2.79093e-07
0.85,0.3,0.15 2.6363e-06
0.85,0.3,0.2 1.45053e-06
0.85,0.3,0.25 1.50642e-08
0.85,0.35,0 2.78483e-11
0.85,0.35,0.05 2.31003
0.85,0.35,0.1 9.2338
0.85,0.35,0.15 2.30712
0.85,0.35,0.2 0.000146605
0.85,0.35,0.25 1.52254e-06
0.85,0.4,0 7.32657e-10
0.85,0.4,0.05 61.0001
0.85,0.4,0.1 243.833
0.85,0.4,0.15 60.9169
0.85,0.4,0.2 0.00027037
0.85,0.4,0.25 2.80788e-06
0.85,0.45,0 9.05857e-10
0.85,0.45,0.05 92.0459
0.85,0.45,0.1 367.951
0.85,0.45,0.15 91.9298
0.85,0.45,0.2 2.91495e-05
0.85,0.45,0.25 3.02726e-07
0.85,0.5,0 2.41219e-10
0.85,0.5,0.05 49.718
0.85,0.5,0.1 198.773
0.85,0.5,0.15 49.6684
0.85,0.55,0 2.50876e-11
0.85,0.55,0.05 37.5337
0.85,0.55,0.1 150.104
0.85,0.55,0.15 37.5184
0.85,0.6,0 6.1264e-12
0.85,0.6,0.05 61.2836
0.85,0.6,0.1 245.105
0.85,0.6,0.15 61.2689
0.85,0.65,0 4.26584e-12
0.85,0.65,0.05 57.2783
0.85,0.65,0.1 229.088
0.85,0.65,0.15 57.2658
0.85,0.7,0 8.47068e-12
0.85,0.7,0.05 60.7193
0.85,0.7,0.1 242.84
0.85,0.7,0.15 60.7005
0.85,0.75,0 1.79695e-10
0.85,0.75,0.05 10.525
0.85,0.75,0.1 42.0858
0.85,0.75,0.15 10.5179
0.85,0.8,0 7.95205e-09
0.85,0.8,0.05 72.5733
0.85,0.8,0.1 291.42
0.85,0.8,0.15 88.2078
0.85,0.8,0.2 9.63755
0.85,0.8,0.25 0.137294
0.85,0.85,0 1.09868e-08
0.85,0.85,0.05 89.5657
0.85,0.85,0.1 369.868
0.85,0.85,0.15 219.25
0.85,0.85,0.2 79.2186
0.85,0.85,0.25 1.12852
0.85,0.9,0 8.06315e-10
0.85,0.9,0.05 5.64828
0.85,0.9,0.1 28.4787
0.85,0.9,0.15 69.4122
0.85,0.9,0.2 38.8933
0.85,0.9,0.25 0.554061
0.85,0.95,0.1 0.0409111
0.85,0.95,0.15 0.441041
0.85,0.95,0.2 0.268952
0.85,0.95,0.25 0.0038314
0.9,0.05,0 4.89436e-11
0.9,0.05,0.05 2.88334
0.9,0.05,0.1 11.5245
0.9,0.05,0.15 2.87889
0.9,0.1,0 5.77069e-10
0.9,0.1,0.05 33.9959
0.9,0.1,0.1 135.879
0.9,0.1,0.15 33.9435
0.9,0.15,0 3.76185e-10
0.9,0.15,0.05 22.1616
0.9,0.15,0.1 88.578
0.9,0.15,0.15 22.1274
0.9,0.2,0 6.4465e-12
0.9,0.2,0.05 0.379772
0.9,0.2,0.1 1.51792
0.9,0.2,0.15 0.379187
0.9,0.35,0 1.9423e-11
0.9,0.35,0.05 1.61114
0.9,0.35,0.1 6.44014
0.9,0.35,0.15 1.60893
0.9,0.4,0 5.12856e-10
0.9,0.4,0.05 42.9598
0.9,0.4,0.1 171.722
0.9,0.4,0.15 42.901
0.9,0.45,0 7.71037e-10
0.9,0.45,0.05 95.2542
0.9,0.45,0.1 380.793
0.9,0.45,0.15 95.1424
0.9,0.5,0 4.01469e-10
0.9,0.5,0.05 85.7692
0.9,0.5,0.1 342.905
0.9,0.5,0.15 85.6835
0.9,0.55,0 3.57798e-11
0.9,0.55,0.05 8.13557
0.9,0.55,0.1 32.5264
0.9,0.55,0.15 8.12763
0.9,0.6,0 4.9626e-14
0.9,0.6,0.05 0.390584
0.9,0.6,0.1 1.56212
0.9,0.6,0.15 0.390474
0.9,0.65,0 5.07433e-12
0.9,0.65,0.05 35.6869
0.9,0.65,0.1 142.725
0.9,0.65,0.15 35.6757
0.9,0.7,0 1.17393e-11
0.9,0.7,0.05 82.3675
0.9,0.7,0.1 329.418
0.9,0.7,0.15 82.3416
0.9,0.75,0 2.30819e-11
0.9,0.75,0.05 13.8493
0.9,0.75,0.1 55.3843
0.9,0.75,0.15 13.8429
0.9,0.8,0 6.31785e-10
0.9,0.8,0.05 61.7132
0.9,0.8,0.1 250.4
0.9,0.8,0.15 101.542
0.9,0.8,0.2 24.3351
0.9,0.8,0.25 0.34667
0.9,0.85,0 7.26178e-10
0.9,0.85,0.05 68.1559
0.9,0.85,0.1 302.88
0.9,0.85,0.15 396.088
0.9,0.85,0.2 200.029
0.9,0.85,0.25 2.84955
0.9,0.9,0 4.0616e-11
0.9,0.9,0.05 3.52351
0.9,0.9,0.1 29.0236
0.9,0.9,0.15 164.563
0.9,0.9,0.2 98.2065
0.9,0.9,0.25 1.39902
0.9,0.95,0.1 0.103301
0.9,0.95,0.15 1.11364
0.9,0.95,0.2 0.67911
0.9,0.95,0.25 0.00967439
0.95,0.05,0 1.15116e-13
0.95,0.05,0.05 0.00678165
0.95,0.05,0.1 0.0271057
0.95,0.05,0.15 0.0067712
0.95,0.1,0 1.35728e-12
0.95,0.1,0.05 0.079959
0.95,0.1,0.1 0.319589
0.95,0.1,0.15 0.0798357
0.95,0.15,0 8.84793e-13
0.95,0.15,0.05 0.0521244
0.95,0.15,0.1 0.208337
0.95,0.15,0.15 0.052044
0.95,0.2,0 1.51623e-14
0.95,0.2,0.05 0.000893231
0.95,0.2,0.1 0.00357017
0.95,0.2,0.15 0.000891854
0.95,0.35,0 3.95914e-13
0.95,0.35,0.05 0.0328412
0.95,0.35,0.1 0.131275
0.95,0.35,0.15 0.0327961
0.95,0.4,0 1.07165e-11
0.95,0.4,0.05 0.93424
0.95,0.4,0.1 3.73445
0.95,0.4,0.15 0.932983
0.95,0.45,0 3.53647e-11
0.95,0.45,0.05 6.32391
0.95,0.45,0.1 25.2824
0.95,0.45,0.15 6.3173
0.95,0.5,0 4.11184e-11
0.95,0.5,0.05 9.09393
0.95,0.5,0.1 36.3577
0.95,0.5,0.15 9.08492
0.95,0.55,0 3.87302e-12
0.95,0.55,0.05 0.863833
0.95,0.55,0.1 3.45362
0.95,0.55,0.15 0.862979
0.95,0.6,0 1.48447e-15
0.95,0.6,0.05 0.0104151
0.95,0.6,0.1 0.041654
0.95,0.6,0.15 0.0104119
0.95,0.65,0 3.7401e-13
0.95,0.65,0.05 2.62407
0.95,0.65,0.1 10.4946
0.95,0.65,0.15 2.62325
0.95,0.7,0 8.6566e-13
0.95,0.7,0.05 6.07352
0.95,0.7,0.1 24.2903
0.95,0.7,0.15 6.07161
0.95,0.75,0 1.75853e-12
0.95,0.75,0.05 1.04604
0.95,0.75,0.1 4.18317
0.95,0.75,0.15 1.04554
0.95,0.8,0 4.51572e-11
0.95,0.8,0.05 5.22184
0.95,0.8,0.1 21.4498
0.95,0.8,0.15 11.4169
0.95,0.8,0.2 3.78176
0.95,0.8,0.25 0.0538737
0.95,0.85,0 4.97777e-11
0.95,0.85,0.05 5.75614
0.95,0.85,0.1 27.7389
0.95,0.85,0.15 56.7242
0.95,0.85,0.2 31.0852
0.95,0.85,0.25 0.44283
0.95,0.9,0 2.56326e-12
0.95,0.9,0.05 0.296408
0.95,0.9,0.1 3.5064
0.95,0.9,0.15 25.3229
0.95,0.9,0.2 15.2616
0.95,0.9,0.25 0.217413
0.95,0.95,0.1 0.0160534
0.95,0.95,0.15 0.173064
0.95,0.95,0.2 0.105536
0.95,0.95,0.25 0.00150343
