0.5,0.55,0.15 457.775
0.5,0.55,0.2 385.072
0.5,0.55,0.25 273.951
0.5,0.55,0.3 709.003
0.5,0.55,0.35 400.442
0.5,0.55,0.4 408.637
0.5,0.55,0.45 275.182
0.5,0.55,0.5 314.714
0.5,0.55,0.55 453.347
0.5,0.55,0.6 276.924
0.5,0.55,0.65 15.4536
0.5,0.6,0 1.46395e-06
0.5,0.6,0.05 15.8915
0.5,0.6,0.1 97.0839
0.5,0.6,0.15 102.702
0.5,0.6,0.2 78.5029
0.5,0.6,0.25 379.031
0.5,0.6,0.3 525.139
0.5,0.6,0.35 116.538
0.5,0.6,0.4 200.83
0.5,0.6,0.45 514.875
0.5,0.6,0.5 391.55
0.5,0.6,0.55 83.1401
0.5,0.6,0.6 69.8751
0.5,0.6,0.65 5.77523
0.5,0.65,0 1.91701e-10
0.5,0.65,0.05 20.6362
0.5,0.65,0.1 143.541
0.5,0.65,0.15 92.6856
0.5,0.65,0.2 80.2631
0.5,0.65,0.25 336.265
0.5,0.65,0.3 473.426
0.5,0.65,0.35 322.171
0.5,0.65,0.4 463.621
0.5,0.65,0.45 652.561
0.5,0.65,0.5 626.144
0.5,0.65,0.55 147.536
0.5,0.65,0.6 25.069
0.5,0.65,0.65 0.0242532
0.5,0.7,0 2.14455e-12
0.5,0.7,0.05 2.46187
0.5,0.7,0.1 17.2337
0.5,0.7,0.15 25.0369
0.5,0.7,0.2 39.4027
0.5,0.7,0.25 121.091
0.5,0.7,0.3 395.955
0.5,0.7,0.35 332.377
0.5,0.7,0.4 281.423
0.5,0.7,0.45 433.611
0.5,0.7,0.5 652.868
0.5,0.7,0.55 399.262
0.5,0.7,0.6 74.6963
0.5,0.7,0.65 0.0260319
0.5,0.75,0.05 0.028526
0.5,0.75,0.1 1.62202
0.5,0.75,0.15 2.66782
0.5,0.75,0.2 0.647279
0.5,0.75,0.25 49.0286
0.5,0.75,0.3 240.096
0.5,0.75,0.35 85.8016
0.5,0.75,0.4 33.4013
0.5,0.75,0.45 223.072
0.5,0.75,0.5 271.265
0.5,0.75,0.55 98.0635
0.5,0.75,0.6 14.0147
0.5,0.75,0.65 0.00477581
0.5,0.8,0.05 0.49956
0.5,0.8,0.1 28.3852
0.5,0.8,0.15 43.1072
0.5,0.8,0.2 3.60606
0.5,0.8,0.25 55.2759
0.5,0.8,0.3 311.973
0.5,0.8,0.35 109.343
0.5,0.8,0.4 1.60091
0.5,0.8,0.45 23.2847
0.5,0.8,0.5 18.5731
0.5,0.8,0.55 0.55223
0.5,0.8,0.6 0.000287805
0.5,0.85,0.05 0.425523
0.5,0.85,0.1 24.1783
0.5,0.85,0.15 36.7185
0.5,0.85,0.2 3.07162
0.5,0.85,0.25 6.79276
0.5,0.85,0.3 38.3379
0.5,0.85,0.35 13.437
0.5,0.85,0.4 0.0144312
0.5,0.9,0.05 0.0135989
0.5,0.9,0.1 0.772696
0.5,0.9,0.15 1.17346
0.5,0.9,0.2 0.0981635
0.55,0.1,0.2 0.532943
0.55,0.1,0.25 3.40431
0.55,0.1,0.3 1.3392
0.55,0.1,0.35 0.00320913
0.55,0.1,0.4 0.135071
0.55,0.1,0.45 1.26436
0.55,0.1,0.5 1.08431
0.55,0.1,0.55 0.101379
0.55,0.1,0.6 0.00272116
0.55,0.15,0.1 0.365301
0.55,0.15,0.15 2.74762
0.55,0.15,0.2 38.1686
0.55,0.15,0.25 229.515
0.55,0.15,0.3 93.4147
0.55,0.15,0.35 9.84572
0.55,0.15,0.4 46.6441
0.55,0.15,0.45 111.552
0.55,0.15,0.5 110.358
0.55,0.15,0.55 36.7853
0.55,0.15,0.6 2.8392
0.55,0.15,0.65 0.0694872
0.55,0.2,0.05 0.0104222
0.55,0.2,0.1 14.5922
0.55,0.2,0.15 110.099
0.55,0.2,0.2 243.837
0.55,0.2,0.25 596.313
0.55,0.2,0.3 213.179
0.55,0.2,0.35 104.78
0.55,0.2,0.4 384.991
0.55,0.2,0.45 356.72
0.55,0.2,0.5 369.786
0.55,0.2,0.55 196.846
0.55,0.2,0.6 137.22
0.55,0.2,0.65 13.1578
0.55,0.25,0.05 6.83326
0.55,0.25,0.1 65.0313
0.55,0.25,0.15 176.109
0.55,0.25,0.2 347.389
0.55,0.25,0.25 477.44
0.55,0.25,0.3 357.686
0.55,0.25,0.35 314.745
0.55,0.25,0.4 309.623
0.55,0.25,0.45 525.173
0.55,0.25,0.5 747.694
0.55,0.25,0.55 343.861
0.55,0.25,0.6 302.086
0.55,0.25,0.65 32.1206
0.55,0.25,0.7 0.05514
0.55,0.3,0.05 22.6882
0.55,0.3,0.1 150.895
0.55,0.3,0.15 184.118
0.55,0.3,0.2 568.424
0.55,0.3,0.25 585.479
0.55,0.3,0.3 676.321
0.55,0.3,0.35 371.19
0.55,0.3,0.4 106.697
0.55,0.3,0.45 263.593
0.55,0.3,0.5 529.549
0.55,0.3,0.55 539.21
0.55,0.3,0.6 436.384
0.55,0.3,0.65 137.173
0.55,0.3,0.7 2.11427
0.55,0.35,0.05 70.7527
0.55,0.35,0.1 365.599
0.55,0.35,0.15 577.026
0.55,0.35,0.2 718.629
0.55,0.35,0.25 341.242
0.55,0.35,0.3 565.707
0.55,0.35,0.35 419.824
0.55,0.35,0.4 424.988
0.55,0.35,0.45 607.617
0.55,0.35,0.5 566.842
0.55,0.35,0.55 578.63
0.55,0.35,0.6 501.819
0.55,0.35,0.65 176.292
0.55,0.35,0.7 2.8693
0.55,0.4,0 3.57239e-07
0.55,0.4,0.05 63.5935
0.55,0.4,0.1 316.213
0.55,0.4,0.15 453.949
0.55,0.4,0.2 249.061
0.55,0.4,0.25 102.669
0.55,0.4,0.3 471.336
0.55,0.4,0.35 390.482
0.55,0.4,0.4 337.852
0.55,0.4,0.45 321.16
0.55,0.4,0.5 107.791
0.55,0.4,0.55 44.7349
0.55,0.4,0.6 43.5598
0.55,0.4,0.65 20.2135
0.55,0.4,0.7 0.456248
0.55,0.45,0 1.34238e-05
0.55,0.45,0.05 60.3374
0.55,0.45,0.1 241.001
0.55,0.45,0.15 159.196
0.55,0.45,0.2 380.784
0.55,0.45,0.25 404.901
0.55,0.45,0.3 501.233
0.55,0.45,0.35 131.693
0.55,0.45,0.4 319.09
0.55,0.45,0.45 303.191
0.55,0.45,0.5 356.868
0.55,0.45,0.55 352.596
0.55,0.45,0.6 95.0101
0.55,0.45,0.65 3.97901
0.55,0.45,0.7 0.0320738
0.55,0.5,0 8.41282e-05
0.55,0.5,0.05 90.0965
0.55,0.5,0.1 364.393
0.55,0.5,0.15 353.702
0.55,0.5,0.2 601.883
0.55,0.5,0.25 417.579
0.55,0.5,0.3 613.719
0.55,0.5,0.35 345.577
0.55,0.5,0.4 565.006
0.55,0.5,0.45 506.552
0.55,0.5,0.5 796.214
0.55,0.5,0.55 840.861
0.55,0.5,0.6 410.172
0.55,0.5,0.65 31.7702
0.55,0.5,0.7 0.168749
0.55,0.55,0 5.44636e-05
0.55,0.55,0.05 89.4714
0.55,0.55,0.1 393.275
0.55,0.55,0.15 544.872
0.55,0.55,0.2 480.763
0.55,0.55,0.25 285.332
0.55,0.55,0.3 610.938
0.55,0.55,0.35 438.834
0.55,0.55,0.4 270.576
0.55,0.55,0.45 338.239
0.55,0.55,0.5 581.958
0.55,0.55,0.55 675.798
0.55,0.55,0.6 672.665
0.55,0.55,0.65 69.4053
0.55,0.55,0.7 1.16576
0.55,0.6,0 2.54499e-06
0.55,0.6,0.05 47.7539
0.55,0.6,0.1 215.117
0.55,0.6,0.15 318.694
0.55,0.6,0.2 525.219
0.55,0.6,0.25 202.912
0.55,0.6,0.3 201.417
0.55,0.6,0.35 177.517
0.55,0.6,0.4 513.146
0.55,0.6,0.45 588.667
0.55,0.6,0.5 467.878
0.55,0.6,0.55 195.528
0.55,0.6,0.6 180.63
0.55,0.6,0.65 22.1971
0.55,0.6,0.7 0.494561
0.55,0.65,0 4.51011e-08
0.55,0.65,0.05 22.0762
0.55,0.65,0.1 92.3723
0.55,0.65,0.15 250.36
0.55,0.65,0.2 464.87
0.55,0.65,0.25 205.47
0.55,0.65,0.3 401.566
0.55,0.65,0.35 311.006
0.55,0.65,0.4 797.545
0.55,0.65,0.45 648.05
0.55,0.65,0.5 655.228
0.55,0.65,0.55 291.117
0.55,0.65,0.6 82.4022
0.55,0.65,0.65 7.3584
0.55,0.65,0.7 0.00179417
0.55,0.7,0 5.04543e-10
0.55,0.7,0.05 0.253015
0.55,0.7,0.1 1.6629
0.55,0.7,0.15 93.8843
0.55,0.7,0.2 198.336
0.55,0.7,0.25 74.4115
0.55,0.7,0.3 187.376
0.55,0.7,0.35 293.647
0.55,0.7,0.4 298.149
0.55,0.7,0.45 393.198
0.55,0.7,0.5 549.281
0.55,0.7,0.55 495.01
0.55,0.7,0.6 220.129
0.55,0.7,0.65 18.093
0.55,0.75,0.05 0.177571
0.55,0.75,0.1 10.0957
0.55,0.75,0.15 16.3942
0.55,0.75,0.2 3.57413
0.55,0.75,0.25 21.7476
0.55,0.75,0.3 122.173
0.55,0.75,0.35 75.7613
0.55,0.75,0.4 66.1102
0.55,0.75,0.45 378.355
0.55,0.75,0.5 310.15
0.55,0.75,0.55 86.9861
0.55,0.75,0.6 37.1032
0.55,0.75,0.65 2.75766
0.55,0.8,0 1.02978e-07
0.55,0.8,0.05 3.88277
0.55,0.8,0.1 179.74
0.55,0.8,0.15 269.087
0.55,0.8,0.2 22.4473
0.55,0.8,0.25 41.091
0.55,0.8,0.3 231.915
0.55,0.8,0.35 81.6705
0.55,0.8,0.4 6.48175
0.55,0.8,0.45 46.5727
0.55,0.8,0.5 34.6345
0.55,0.8,0.55 1.23782
0.55,0.8,0.6 0.00408557
0.55,0.85,0 5.72026e-07
0.55,0.85,0.05 6.94306
0.55,0.85,0.1 167.422
0.55,0.85,0.15 232.732
0.55,0.85,0.2 19.1205
0.55,0.85,0.25 5.04962
0.55,0.85,0.3 28.4997
0.55,0.85,0.35 9.98882
0.55,0.85,0.4 0.0107279
0.55,0.9,0 1.97478e-07
0.55,0.9,0.05 1.56713
0.55,0.9,0.1 10.6492
0.55,0.9,0.15 8.74214
0.55,0.9,0.2 0.611057
0.55,0.95,0 1.8689e-10
0.55,0.95,0.05 0.001403
0.55,0.95,0.1 0.00552622
0.55,0.95,0.15 0.00136044
0.6,0.1,0.05 2.35593e-05
0.6,0.1,0.1 0.00253015
0.6,0.1,0.15 0.00475032
0.6,0.1,0.2 0.197382
0.6,0.1,0.25 1.25748
0.6,0.1,0.3 0.494673
0.6,0.1,0.35 0.00118539
0.6,0.1,0.4 0.484793
0.6,0.1,0.45 2.71809
0.6,0.1,0.5 1.0668
0.6,0.1,0.55 0.152318
0.6,0.1,0.6 0.010364
0.6,0.15,0.05 0.104366
0.6,0.15,0.1 11.9951
0.6,0.15,0.15 27.6337
0.6,0.15,0.2 45.7031
0.6,0.15,0.25 155.106
0.6,0.15,0.3 69.0879
0.6,0.15,0.35 2.80926
0.6,0.15,0.4 44.4503
0.6,0.15,0.45 230.611
0.6,0.15,0.5 176.118
0.6,0.15,0.55 120.194
0.6,0.15,0.6 8.79553
0.6,0.15,0.65 0.0535718
0.6,0.2,0.05 0.377092
0.6,0.2,0.1 68.4375
0.6,0.2,0.15 305.654
0.6,0.2,0.2 350.135
0.6,0.2,0.25 678.785
0.6,0.2,0.3 335.424
0.6,0.2,0.35 48.8153
0.6,0.2,0.4 150.388
0.6,0.2,0.45 495.263
0.6,0.2,0.5 516.59
0.6,0.2,0.55 443.607
0.6,0.2,0.6 127.095
0.6,0.2,0.65 10.1442
0.6,0.25,0.05 21.951
0.6,0.25,0.1 202.947
0.6,0.25,0.15 397.895
0.6,0.25,0.2 319.727
0.6,0.25,0.25 366.944
0.6,0.25,0.3 468.165
0.6,0.25,0.35 368.818
0.6,0.25,0.4 359.467
0.6,0.25,0.45 552.307
0.6,0.25,0.5 665.208
0.6,0.25,0.55 535.405
0.6,0.25,0.6 252.875
0.6,0.25,0.65 27.2303
0.6,0.25,0.7 0.107304
0.6,0.3,0.05 71.0212
0.6,0.3,0.1 574.238
0.6,0.3,0.15 496.742
0.6,0.3,0.2 344.632
0.6,0.3,0.25 234.316
0.6,0.3,0.3 515.557
0.6,0.3,0.35 364.219
0.6,0.3,0.4 228.004
0.6,0.3,0.45 296.597
0.6,0.3,0.5 375.419
0.6,0.3,0.55 429.083
0.6,0.3,0.6 283.028
0.6,0.3,0.65 130.823
0.6,0.3,0.7 2.46763
0.6,0.35,0 2.84175e-09
0.6,0.35,0.05 92.0249
0.6,0.35,0.1 564.385
0.6,0.35,0.15 865.34
0.6,0.35,0.2 883.608
0.6,0.35,0.25 318.271
0.6,0.35,0.3 746.353
0.6,0.35,0.35 437.404
0.6,0.35,0.4 331.803
0.6,0.35,0.45 516.848
0.6,0.35,0.5 421.039
0.6,0.35,0.55 377.611
0.6,0.35,0.6 400.526
0.6,0.35,0.65 234.624
0.6,0.35,0.7 5.52813
0.6,0.4,0 5.22009e-07
0.6,0.4,0.05 55.6146
0.6,0.4,0.1 274.234
0.6,0.4,0.15 415.852
0.6,0.4,0.2 402.301
0.6,0.4,0.25 177.861
0.6,0.4,0.3 653.119
0.6,0.4,0.35 372.663
0.6,0.4,0.4 271.122
0.6,0.4,0.45 291.454
0.6,0.4,0.5 236.231
0.6,0.4,0.55 187.353
0.6,0.4,0.6 255.237
0.6,0.4,0.65 192.992
0.6,0.4,0.7 5.88274
0.6,0.45,0 0.000156419
0.6,0.45,0.05 92.0244
0.6,0.45,0.1 366.835
0.6,0.45,0.15 257.856
0.6,0.45,0.2 474.168
0.6,0.45,0.25 390.585
0.6,0.45,0.3 368.892
0.6,0.45,0.35 173.925
0.6,0.45,0.4 230.594
0.6,0.45,0.45 239.09
0.6,0.45,0.5 390.692
0.6,0.45,0.55 341.02
0.6,0.45,0.6 229.014
0.6,0.45,0.65 58.2476
0.6,0.45,0.7 0.669258
0.6,0.5,0 0.00118407
0.6,0.5,0.05 135.752
0.6,0.5,0.1 541.377
0.6,0.5,0.15 572.252
0.6,0.5,0.2 763.365
0.6,0.5,0.25 473.153
0.6,0.5,0.3 379.91
0.6,0.5,0.35 527.98
0.6,0.5,0.4 780.68
0.6,0.5,0.45 640.709
0.6,0.5,0.5 743.504
0.6,0.5,0.55 521.053
0.6,0.5,0.6 693.583
0.6,0.5,0.65 164.555
0.6,0.5,0.7 3.42502
0.6,0.55,0 0.000558722
0.6,0.55,0.05 56.4051
0.6,0.55,0.1 341.375
0.6,0.55,0.15 622.531
0.6,0.55,0.2 626.66
0.6,0.55,0.25 392.806
0.6,0.55,0.3 456.038
0.6,0.55,0.35 561.655
0.6,0.55,0.4 356.448
0.6,0.55,0.45 588.548
0.6,0.55,0.5 591.766
0.6,0.55,0.55 321.282
0.6,0.55,0.6 529.15
0.6,0.55,0.65 308.152
0.6,0.55,0.7 23.6492
0.6,0.6,0 3.68521e-06
0.6,0.6,0.05 90.5331
0.6,0.6,0.1 492.964
0.6,0.6,0.15 814.398
0.6,0.6,0.2 950.329
0.6,0.6,0.25 327.426
0.6,0.6,0.3 162.447
0.6,0.6,0.35 250.749
0.6,0.6,0.4 499.161
0.6,0.6,0.45 533.374
0.6,0.6,0.5 475.867
0.6,0.6,0.55 211.048
0.6,0.6,0.6 146.449
0.6,0.6,0.65 114.01
0.6,0.6,0.7 10.0328
0.6,0.65,0 1.0291e-07
0.6,0.65,0.05 50.2535
0.6,0.65,0.1 224.607
0.6,0.65,0.15 406.813
0.6,0.65,0.2 441.25
0.6,0.65,0.25 211.159
0.6,0.65,0.3 293.192
0.6,0.65,0.35 322.012
0.6,0.65,0.4 689.079
0.6,0.65,0.45 358.891
0.6,0.65,0.5 402.758
0.6,0.65,0.55 246.58
0.6,0.65,0.6 182.085
0.6,0.65,0.65 25.8916
0.6,0.65,0.7 0.0363969
0.6,0.7,0 1.15125e-09
0.6,0.7,0.05 0.562032
0.6,0.7,0.1 3.29497
0.6,0.7,0.15 41.4832
0.6,0.7,0.2 83.8666
0.6,0.7,0.25 112.911
0.6,0.7,0.3 188.46
0.6,0.7,0.35 412.903
0.6,0.7,0.4 410.898
0.6,0.7,0.45 383.953
0.6,0.7,0.5 736.024
0.6,0.7,0.55 395.239
0.6,0.7,0.6 399.801
0.6,0.7,0.65 62.6252
0.6,0.75,0.05 0.0682143
0.6,0.75,0.1 3.87957
0.6,0.75,0.15 8.90993
0.6,0.75,0.2 10.503
0.6,0.75,0.25 19.2341
0.6,0.75,0.3 41.4972
0.6,0.75,0.35 95.2431
0.6,0.75,0.4 359.193
0.6,0.75,0.45 539.779
0.6,0.75,0.5 518.036
0.6,0.75,0.55 167.915
0.6,0.75,0.6 62.135
0.6,0.75,0.65 9.53907
0.6,0.8,0 1.90607e-06
0.6,0.8,0.05 15.5036
0.6,0.8,0.1 124.25
0.6,0.8,0.15 134.533
0.6,0.8,0.2 68.4136
0.6,0.8,0.25 87.7131
0.6,0.8,0.3 76.821
0.6,0.8,0.35 12.3434
0.6,0.8,0.4 44.8579
0.6,0.8,0.45 69.5783
0.6,0.8,0.5 52.1896
0.6,0.8,0.55 11.6663
0.6,0.8,0.6 0.11646
0.6,0.85,0 1.05879e-05
0.6,0.85,0.05 80.5012
0.6,0.85,0.1 370.898
0.6,0.85,0.15 171.967
0.6,0.85,0.2 32.6688
0.6,0.85,0.25 41.5562
0.6,0.85,0.3 26.392
0.6,0.85,0.35 1.32256
0.6,0.85,0.4 0.000254938
0.6,0.9,0 3.65521e-06
0.6,0.9,0.05 27.4723
0.6,0.9,0.1 109.93
0.6,0.9,0.15 29.4333
0.6,0.9,0.2 0.346808
0.6,0.9,0.25 0.456475
0.6,0.9,0.3 0.224465
0.6,0.9,0.35 0.0017173
0.6,0.95,0 3.45923e-09
0.6,0.95,0.05 0.0259686
0.6,0.95,0.1 0.102287
0.6,0.95,0.15 0.025181
0.65,0.1,0.05 0.000126489
0.65,0.1,0.1 0.0135843
0.65,0.1,0.15 0.0255043
0.65,0.1,0.2 0.00312555
0.65,0.1,0.25 0.00200732
0.65,0.1,0.3 0.000789647
0.65,0.1,0.35 1.89223e-06
0.65,0.1,0.4 0.128973
0.65,0.1,0.45 0.847684
0.65,0.1,0.5 0.419354
0.65,0.1,0.55 0.0416852
0.65,0.1,0.6 0.00246699
0.65,0.15,0.05 0.560336
0.65,0.15,0.1 60.2794
0.65,0.15,0.15 114.903
0.65,0.15,0.2 48.8914
0.65,0.15,0.25 53.7571
0.65,0.15,0.3 20.0566
0.65,0.15,0.35 13.6474
0.65,0.15,0.4 16.9209
0.65,0.15,0.45 161.447
0.65,0.15,0.5 140.228
0.65,0.15,0.55 46.9506
0.65,0.15,0.6 4.96462
0.65,0.15,0.65 0.00138271
0.65,0.2,0 9.71916e-14
0.65,0.2,0.05 2.29029
0.65,0.2,0.1 204.192
0.65,0.2,0.15 419.758
0.65,0.2,0.2 416.964
0.65,0.2,0.25 489.208
0.65,0.2,0.3 321.182
0.65,0.2,0.35 264.824
0.65,0.2,0.4 119.323
0.65,0.2,0.45 447.496
0.65,0.2,0.5 452.043
0.65,0.2,0.55 308.993
0.65,0.2,0.6 49.6798
0.65,0.2,0.65 0.261824
0.65,0.25,0 1.47704e-12
0.65,0.25,0.05 11.5358
0.65,0.25,0.1 115.777
0.65,0.25,0.15 202.85
0.65,0.25,0.2 655.227
0.65,0.25,0.25 757.501
0.65,0.25,0.3 691.986
0.65,0.25,0.35 684.479
0.65,0.25,0.4 293.237
0.65,0.25,0.45 323.845
0.65,0.25,0.5 330.56
0.65,0.25,0.55 295.987
0.65,0.25,0.6 60.1338
0.65,0.25,0.65 13.1456
0.65,0.25,0.7 0.296781
0.65,0.3,0 1.14879e-12
0.65,0.3,0.05 24.5235
