0.45,0.1,0.35 100.409
0.45,0.1,0.4 1.0299
0.45,0.15,0 1.1213e-11
0.45,0.15,0.05 118.154
0.45,0.15,0.1 601.715
0.45,0.15,0.15 310.832
0.45,0.15,0.2 314.127
0.45,0.15,0.25 287.059
0.45,0.15,0.3 361.701
0.45,0.15,0.35 162.362
0.45,0.15,0.4 1.64035
0.45,0.2,0 1.15036e-10
0.45,0.2,0.05 145.808
0.45,0.2,0.1 662.12
0.45,0.2,0.15 290.118
0.45,0.2,0.2 275.537
0.45,0.2,0.25 400.109
0.45,0.2,0.3 173.578
0.45,0.2,0.35 17.0755
0.45,0.2,0.4 0.146378
0.45,0.25,0 1.22895e-10
0.45,0.25,0.05 115.053
0.45,0.25,0.1 465.662
0.45,0.25,0.15 208.819
0.45,0.25,0.2 248.47
0.45,0.25,0.25 331.117
0.45,0.25,0.3 118.055
0.45,0.25,0.35 0.532934
0.45,0.3,0 1.46033e-10
0.45,0.3,0.05 138.739
0.45,0.3,0.1 576.922
0.45,0.3,0.15 570.906
0.45,0.3,0.2 715.557
0.45,0.3,0.25 190.941
0.45,0.3,0.3 35.094
0.45,0.3,0.35 5.6825
0.45,0.3,0.4 1.46875
0.45,0.3,0.45 0.0249832
0.45,0.35,0 4.05663e-10
0.45,0.35,0.05 143.717
0.45,0.35,0.1 587.384
0.45,0.35,0.15 437.158
0.45,0.35,0.2 561.187
0.45,0.35,0.25 388.803
0.45,0.35,0.3 463.315
0.45,0.35,0.35 192.142
0.45,0.35,0.4 24.1667
0.45,0.35,0.45 0.319575
0.45,0.4,0 3.14579e-10
0.45,0.4,0.05 77.391
0.45,0.4,0.1 321.585
0.45,0.4,0.15 277.717
0.45,0.4,0.2 339.442
0.45,0.4,0.25 299.018
0.45,0.4,0.3 725.089
0.45,0.4,0.35 502.912
0.45,0.4,0.4 48.3557
0.45,0.4,0.45 1.38361
0.45,0.45,0 1.27881e-10
0.45,0.45,0.05 74.0055
0.45,0.45,0.1 342.242
0.45,0.45,0.15 494.043
0.45,0.45,0.2 486.714
0.45,0.45,0.25 568.617
0.45,0.45,0.3 529.028
0.45,0.45,0.35 273.574
0.45,0.45,0.4 104.124
0.45,0.45,0.45 10.043
0.45,0.5,0 8.36729e-10
0.45,0.5,0.05 105.805
0.45,0.5,0.1 479.465
0.45,0.5,0.15 394.506
0.45,0.5,0.2 696.378
0.45,0.5,0.25 603.99
0.45,0.5,0.3 654.506
0.45,0.5,0.35 889.87
0.45,0.5,0.4 439.621
0.45,0.5,0.45 48.4348
0.45,0.55,0 4.41203e-09
0.45,0.55,0.05 84.9049
0.45,0.55,0.1 445.609
0.45,0.55,0.15 368.375
0.45,0.55,0.2 542.458
0.45,0.55,0.25 215.915
0.45,0.55,0.3 340.453
0.45,0.55,0.35 714.96
0.45,0.55,0.4 263.182
0.45,0.55,0.45 24.0751
0.45,0.6,0 1.45626e-08
0.45,0.6,0.05 134.899
0.45,0.6,0.1 571.123
0.45,0.6,0.15 353.818
0.45,0.6,0.2 793.518
0.45,0.6,0.25 326.44
0.45,0.6,0.3 34.3331
0.45,0.6,0.35 43.6926
0.45,0.6,0.4 9.19528
0.45,0.6,0.45 0.260094
0.45,0.65,0 4.32448e-09
0.45,0.65,0.05 73.6699
0.45,0.65,0.1 358.992
0.45,0.65,0.15 196.003
0.45,0.65,0.2 286.667
0.45,0.65,0.25 108.524
0.45,0.65,0.3 24.1899
0.45,0.65,0.35 5.26129
0.45,0.65,0.4 1.76772
0.45,0.65,0.45 0.0780239
0.45,0.7,0 1.04913e-10
0.45,0.7,0.05 3.54187
0.45,0.7,0.1 34.039
0.45,0.7,0.15 29.7284
0.45,0.7,0.2 18.1828
0.45,0.7,0.25 22.7793
0.45,0.7,0.3 76.1226
0.45,0.7,0.35 22.9657
0.45,0.7,0.4 0.0988886
0.45,0.7,0.45 0.00409828
0.45,0.75,0 2.42916e-07
0.45,0.75,0.05 25.0318
0.45,0.75,0.1 101.049
0.45,0.75,0.15 38.0787
0.45,0.75,0.2 8.12456
0.45,0.75,0.25 21.648
0.45,0.75,0.3 94.6596
0.45,0.75,0.35 28.968
0.45,0.75,0.4 0.00768516
0.45,0.8,0 7.85732e-07
0.45,0.8,0.05 80.9672
0.45,0.8,0.1 321.985
0.45,0.8,0.15 81.5261
0.45,0.8,0.2 0.913262
0.45,0.8,0.25 1.46816
0.45,0.8,0.3 6.21866
0.45,0.8,0.35 1.90164
0.45,0.8,0.4 0.000504502
0.45,0.85,0 1.58594e-07
0.45,0.85,0.05 16.3439
0.45,0.85,0.1 64.9577
0.45,0.85,0.15 16.1356
0.45,0.9,0 1.66874e-12
0.45,0.9,0.05 0.000257712
0.45,0.9,0.1 0.00102509
0.45,0.9,0.15 0.00025484
0.5,0.05,0.15 3.17683e-10
0.5,0.05,0.2 1.53174e-06
0.5,0.05,0.25 0.175014
0.5,0.05,0.3 1.6468
0.5,0.05,0.35 0.903322
0.5,0.05,0.4 0.00928721
0.5,0.1,0 3.13007e-15
0.5,0.1,0.05 4.70923
0.5,0.1,0.1 20.315
0.5,0.1,0.15 15.3718
0.5,0.1,0.2 32.6912
0.5,0.1,0.25 50.5443
0.5,0.1,0.3 145.472
0.5,0.1,0.35 61.4467
0.5,0.1,0.4 0.600315
0.5,0.15,0 3.0068e-12
0.5,0.15,0.05 34.1133
0.5,0.15,0.1 145.572
0.5,0.15,0.15 172.455
0.5,0.15,0.2 504.114
0.5,0.15,0.25 614.21
0.5,0.15,0.3 627.128
0.5,0.15,0.35 126.071
0.5,0.15,0.4 0.956525
0.5,0.2,0 2.38233e-11
0.5,0.2,0.05 112.222
0.5,0.2,0.1 457.558
0.5,0.2,0.15 420.077
0.5,0.2,0.2 836.994
0.5,0.2,0.25 777.375
0.5,0.2,0.3 491.911
0.5,0.2,0.35 43.861
0.5,0.2,0.4 0.250939
0.5,0.25,0 6.55491e-10
0.5,0.25,0.05 99.4939
0.5,0.25,0.1 405.438
0.5,0.25,0.15 353.373
0.5,0.25,0.2 529.1
0.5,0.25,0.25 500.503
0.5,0.25,0.3 203.839
0.5,0.25,0.35 22.2687
0.5,0.25,0.4 0.423829
0.5,0.3,0 2.23869e-09
0.5,0.3,0.05 154.937
0.5,0.3,0.1 656.707
0.5,0.3,0.15 766.988
0.5,0.3,0.2 657.337
0.5,0.3,0.25 248.568
0.5,0.3,0.3 77.5461
0.5,0.3,0.35 24.7896
0.5,0.3,0.4 13.9043
0.5,0.3,0.45 0.235409
0.5,0.35,0 8.11939e-10
0.5,0.35,0.05 180.511
0.5,0.35,0.1 743.191
0.5,0.35,0.15 566.96
0.5,0.35,0.2 509.218
0.5,0.35,0.25 90.7914
0.5,0.35,0.3 121.645
0.5,0.35,0.35 356.602
0.5,0.35,0.4 180.961
0.5,0.35,0.45 3.01123
0.5,0.4,0 6.66272e-10
0.5,0.4,0.05 96.6338
0.5,0.4,0.1 388.796
0.5,0.4,0.15 270.329
0.5,0.4,0.2 390.163
0.5,0.4,0.25 230.955
0.5,0.4,0.3 504.551
0.5,0.4,0.35 613.649
0.5,0.4,0.4 141.944
0.5,0.4,0.45 2.08161
0.5,0.45,0 1.66453e-09
0.5,0.45,0.05 106.802
0.5,0.45,0.1 432.028
0.5,0.45,0.15 306.872
0.5,0.45,0.2 458.852
0.5,0.45,0.25 476.693
0.5,0.45,0.3 299.97
0.5,0.45,0.35 164.308
0.5,0.45,0.4 24.0866
0.5,0.45,0.45 1.99628
0.5,0.5,0 4.97947e-09
0.5,0.5,0.05 136.438
0.5,0.5,0.1 583.211
0.5,0.5,0.15 396.156
0.5,0.5,0.2 538.803
0.5,0.5,0.25 304.105
0.5,0.5,0.3 131.149
0.5,0.5,0.35 202.175
0.5,0.5,0.4 145.706
0.5,0.5,0.45 16.76
0.5,0.55,0 4.82499e-09
0.5,0.55,0.05 135.197
0.5,0.55,0.1 697.552
0.5,0.55,0.15 726.037
0.5,0.55,0.2 868.201
0.5,0.55,0.25 132.666
0.5,0.55,0.3 92.533
0.5,0.55,0.35 213.05
0.5,0.55,0.4 92.6606
0.5,0.55,0.45 8.52321
0.5,0.6,0 5.07661e-10
0.5,0.6,0.05 45.3468
0.5,0.6,0.1 355.764
0.5,0.6,0.15 425.067
0.5,0.6,0.2 511.788
0.5,0.6,0.25 91.6589
0.5,0.6,0.3 9.69245
0.5,0.6,0.35 14.5191
0.5,0.6,0.4 2.89998
0.5,0.6,0.45 0.067325
0.5,0.65,0 1.7091e-10
0.5,0.65,0.05 36.6329
0.5,0.65,0.1 396.299
0.5,0.65,0.15 348.64
0.5,0.65,0.2 214.371
0.5,0.65,0.25 38.1844
0.5,0.65,0.3 0.108468
0.5,0.65,0.35 6.71104e-05
0.5,0.65,0.4 1.07926e-08
0.5,0.7,0 7.68261e-12
0.5,0.7,0.05 9.03998
0.5,0.7,0.1 126.722
0.5,0.7,0.15 333.101
0.5,0.7,0.2 287.715
0.5,0.7,0.25 30.6414
0.5,0.7,0.3 0.020914
0.5,0.7,0.35 0.00154019
0.5,0.7,0.4 4.08611e-07
0.5,0.75,0 1.82803e-08
0.5,0.75,0.05 8.35257
0.5,0.75,0.1 67.5494
0.5,0.75,0.15 292.179
0.5,0.75,0.2 155.167
0.5,0.75,0.25 3.18009
0.5,0.75,0.3 0.00690145
0.5,0.75,0.35 0.0019772
0.5,0.75,0.4 5.24549e-07
0.5,0.8,0 1.78869e-07
0.5,0.8,0.05 31.8913
0.5,0.8,0.1 130.926
0.5,0.8,0.15 63.8411
0.5,0.8,0.2 16.1576
0.5,0.8,0.25 0.124736
0.5,0.8,0.3 0.000422971
0.5,0.8,0.35 0.000129796
0.5,0.8,0.4 3.44347e-08
0.5,0.85,0 1.65992e-07
0.5,0.85,0.05 25.4838
0.5,0.85,0.1 101.369
0.5,0.85,0.15 25.2017
0.5,0.9,0 8.96276e-09
0.5,0.9,0.05 1.38416
0.5,0.9,0.1 5.50572
0.5,0.9,0.15 1.36874
0.55,0.05,0.25 0.00218118
0.55,0.05,0.3 0.0205245
0.55,0.05,0.35 0.0112584
0.55,0.05,0.4 0.000115749
0.55,0.1,0 1.15842e-13
0.55,0.1,0.05 0.0946531
0.55,0.1,0.1 0.77
0.55,0.1,0.15 20.8107
0.55,0.1,0.2 33.7715
0.55,0.1,0.25 24.2392
0.55,0.1,0.3 28.3596
0.55,0.1,0.35 2.86538
0.55,0.1,0.4 0.0074819
0.55,0.15,0 3.37201e-11
0.55,0.15,0.05 29.3897
0.55,0.15,0.1 120.678
0.55,0.15,0.15 187.438
0.55,0.15,0.2 306.359
0.55,0.15,0.25 307.648
0.55,0.15,0.3 295.851
0.55,0.15,0.35 23.2021
0.55,0.15,0.4 0.0158465
0.55,0.2,0 1.14647e-10
0.55,0.2,0.05 101.148
0.55,0.2,0.1 414.146
0.55,0.2,0.15 444.278
0.55,0.2,0.2 623.734
0.55,0.2,0.25 381.065
0.55,0.2,0.3 383.823
0.55,0.2,0.35 101.153
0.55,0.2,0.4 1.70821
0.55,0.25,0 7.75916e-10
0.55,0.25,0.05 61.0175
0.55,0.25,0.1 260.546
0.55,0.25,0.15 493.351
0.55,0.25,0.2 740.74
0.55,0.25,0.25 788.551
0.55,0.25,0.3 569.278
0.55,0.25,0.35 220.634
0.55,0.25,0.4 4.39882
0.55,0.3,0 2.71156e-09
0.55,0.3,0.05 102.143
0.55,0.3,0.1 423.784
0.55,0.3,0.15 402.109
0.55,0.3,0.2 536.557
0.55,0.3,0.25 811.641
0.55,0.3,0.3 360.987
0.55,0.3,0.35 79.2489
0.55,0.3,0.4 8.43828
0.55,0.3,0.45 0.12927
0.55,0.35,0 2.01209e-09
0.55,0.35,0.05 145.004
0.55,0.35,0.1 600.84
0.55,0.35,0.15 213.903
0.55,0.35,0.2 128.607
0.55,0.35,0.25 233.15
0.55,0.35,0.3 88.2681
0.55,0.35,0.35 167.583
0.55,0.35,0.4 97.5422
0.55,0.35,0.45 1.65356
0.55,0.4,0 1.0636e-09
0.55,0.4,0.05 77.7803
0.55,0.4,0.1 316.781
0.55,0.4,0.15 114.94
0.55,0.4,0.2 106.304
0.55,0.4,0.25 220.795
0.55,0.4,0.3 136.858
0.55,0.4,0.35 150.912
0.55,0.4,0.4 69.0589
0.55,0.4,0.45 1.14308
0.55,0.45,0 1.9456e-09
0.55,0.45,0.05 112.893
0.55,0.45,0.1 451.757
0.55,0.45,0.15 260.244
0.55,0.45,0.2 469.899
0.55,0.45,0.25 369.907
0.55,0.45,0.3 129.857
0.55,0.45,0.35 20.8369
0.55,0.45,0.4 2.08505
0.55,0.45,0.45 0.0250683
0.55,0.5,0 2.94912e-09
0.55,0.5,0.05 99.9975
0.55,0.5,0.1 404.225
0.55,0.5,0.15 425.183
0.55,0.5,0.2 788.239
0.55,0.5,0.25 207.667
0.55,0.5,0.3 49.8488
0.55,0.5,0.35 1.44343
0.55,0.5,0.4 0.201999
0.55,0.5,0.45 0.0195297
0.55,0.55,0 1.91045e-09
0.55,0.55,0.05 55.2926
0.55,0.55,0.1 325.582
0.55,0.55,0.15 530.252
0.55,0.55,0.2 722.934
0.55,0.55,0.25 340.836
0.55,0.55,0.3 199.959
0.55,0.55,0.35 5.54056
0.55,0.55,0.4 0.159827
0.55,0.55,0.45 0.0099317
0.55,0.6,0 8.30765e-11
0.55,0.6,0.05 35.8649
0.55,0.6,0.1 329.919
0.55,0.6,0.15 405.277
0.55,0.6,0.2 366.634
0.55,0.6,0.25 125.979
0.55,0.6,0.3 61.9285
0.55,0.6,0.35 1.59725
0.55,0.6,0.4 0.00817531
0.55,0.6,0.45 7.84506e-05
0.55,0.65,0 8.71572e-11
0.55,0.65,0.05 39.7475
0.55,0.65,0.1 290.692
0.55,0.65,0.15 427.22
0.55,0.65,0.2 688.632
0.55,0.65,0.25 196.984
0.55,0.65,0.3 1.07494
0.55,0.65,0.35 0.000452206
0.55,0.7,0 7.92563e-11
0.55,0.7,0.05 32.5103
0.55,0.7,0.1 302.133
0.55,0.7,0.15 707.384
0.55,0.7,0.2 836.323
0.55,0.7,0.25 181.352
0.55,0.7,0.3 0.670467
0.55,0.75,0 1.43029e-08
0.55,0.75,0.05 72.1658
0.55,0.75,0.1 428.703
0.55,0.75,0.15 538.663
0.55,0.75,0.2 195.536
0.55,0.75,0.25 9.68487
0.55,0.75,0.3 0.0185616
0.55,0.8,0 4.45858e-07
0.55,0.8,0.05 145.088
0.55,0.8,0.1 590.367
0.55,0.8,0.15 187.957
0.55,0.8,0.2 16.2534
0.55,0.8,0.25 0.115285
0.55,0.85,0 5.23551e-07
0.55,0.85,0.05 89.3176
0.55,0.85,0.1 355.453
0.55,0.85,0.15 88.4116
0.55,0.9,0 2.99179e-08
0.55,0.9,0.05 5.75641
0.55,0.9,0.1 22.9211
0.55,0.9,0.15 5.70429
0.55,0.95,0 9.51499e-18
0.55,0.95,0.05 1.11451e-05
0.55,0.95,0.1 4.45676e-05
0.55,0.95,0.15 1.11387e-05
0.6,0.1,0 1.47189e-13
0.6,0.1,0.05 0.120256
0.6,0.1,0.1 1.32537
0.6,0.1,0.15 41.7143
0.6,0.1,0.2 59.8179
0.6,0.1,0.25 5.02135
0.6,0.1,0.3 0.552042
0.6,0.1,0.35 0.0441662
0.6,0.15,0 5.67124e-11
0.6,0.15,0.05 35.5927
0.6,0.15,0.1 148.581
0.6,0.15,0.15 336.548
0.6,0.15,0.2 429.19
0.6,0.15,0.25 39.1534
0.6,0.15,0.3 12.8464
0.6,0.15,0.35 1.92046
0.6,0.15,0.4 0.00231562
0.6,0.2,0 5.86202e-10
0.6,0.2,0.05 137.461
0.6,0.2,0.1 559.322
0.6,0.2,0.15 366.573
0.6,0.2,0.2 275.763
0.6,0.2,0.25 119.666
0.6,0.2,0.3 287.873
0.6,0.2,0.35 88.0219
0.6,0.2,0.4 1.00593
0.6,0.25,0 6.30041e-10
0.6,0.25,0.05 80.9443
0.6,0.25,0.1 387.867
0.6,0.25,0.15 588.629
0.6,0.25,0.2 521.331
0.6,0.25,0.25 585.529
0.6,0.25,0.3 594.669
0.6,0.25,0.35 202.097
0.6,0.25,0.4 2.72786
0.6,0.3,0 2.61095e-10
0.6,0.3,0.05 17.6739
0.6,0.3,0.1 212.325
0.6,0.3,0.15 582.508
0.6,0.3,0.2 669.394
0.6,0.3,0.25 779.092
0.6,0.3,0.3 569.449
0.6,0.3,0.35 194.373
0.6,0.3,0.4 1.25428
0.6,0.3,0.45 0.00133384
0.6,0.35,0 6.04558e-10
0.6,0.35,0.05 53.0446
0.6,0.35,0.1 536.456
0.6,0.35,0.15 556.071
0.6,0.35,0.2 224.248
0.6,0.35,0.25 285.409
0.6,0.35,0.3 165.794
0.6,0.35,0.35 55.4016
0.6,0.35,0.4 1.24368
0.6,0.35,0.45 0.0170618
0.6,0.4,0 2.60439e-10
0.6,0.4,0.05 38.6152
0.6,0.4,0.1 269.377
0.6,0.4,0.15 236.629
0.6,0.4,0.2 141.025
0.6,0.4,0.25 49.9583
0.6,0.4,0.3 7.79452
0.6,0.4,0.35 1.09703
0.6,0.4,0.4 0.693372
0.6,0.4,0.45 0.0117945
0.6,0.45,0 8.93843e-10
0.6,0.45,0.05 155.284
0.6,0.45,0.1 621.614
0.6,0.45,0.15 340.766
0.6,0.45,0.2 627.486
0.6,0.45,0.25 211.707
0.6,0.45,0.3 13.2547
0.6,0.45,0.35 0.0388315
0.6,0.45,0.4 0.0138227
0.6,0.45,0.45 0.000235157
0.6,0.5,0 1.85881e-09
0.6,0.5,0.05 144.26
0.6,0.5,0.1 578.109
0.6,0.5,0.15 339.516
0.6,0.5,0.2 622.985
0.6,0.5,0.25 302.263
0.6,0.5,0.3 44.639
0.6,0.5,0.35 0.854576
0.6,0.55,0 3.03679e-10
0.6,0.55,0.05 18.0455
0.6,0.55,0.1 88.6778
0.6,0.55,0.15 326.849
0.6,0.55,0.2 481.885
0.6,0.55,0.25 307.937
0.6,0.55,0.3 169.877
0.6,0.55,0.35 4.22476
0.6,0.6,0 1.25267e-11
0.6,0.6,0.05 7.11996
0.6,0.6,0.1 60.3981
0.6,0.6,0.15 468.089
0.6,0.6,0.2 728.096
0.6,0.6,0.25 222.19
0.6,0.6,0.3 53.938
0.6,0.6,0.35 1.30524
0.6,0.65,0 2.33061e-10
0.6,0.65,0.05 80.0575
0.6,0.65,0.1 477.969
0.6,0.65,0.15 570.084
0.6,0.65,0.2 817.212
0.6,0.65,0.25 340.317
0.6,0.65,0.3 4.44635
0.6,0.65,0.35 0.000379625
0.6,0.7,0 2.1156e-10
0.6,0.7,0.05 75.0238
0.6,0.7,0.1 589.328
0.6,0.7,0.15 737.626
0.6,0.7,0.2 456.169
0.6,0.7,0.25 163.255
0.6,0.7,0.3 2.13903
0.6,0.75,0 3.48081e-09
0.6,0.75,0.05 81.2688
0.6,0.75,0.1 494.304
0.6,0.75,0.15 454.432
0.6,0.75,0.2 91.19
0.6,0.75,0.25 20.3557
0.6,0.75,0.3 0.920425
0.6,0.8,0 9.40025e-08
0.6,0.8,0.05 157.169
0.6,0.8,0.1 647.607
0.6,0.8,0.15 226.825
0.6,0.8,0.2 20.9336
0.6,0.8,0.25 0.635139
0.6,0.8,0.3 0.034252
0.6,0.85,0 1.09315e-07
0.6,0.85,0.05 109.325
0.6,0.85,0.1 437.128
0.6,0.85,0.15 110.986
0.6,0.85,0.2 0.689995
0.6,0.85,0.25 0.000936282
0.6,0.9,0 6.2527e-09
0.6,0.9,0.05 22.1589
0.6,0.9,0.1 88.5901
0.6,0.9,0.15 22.1361
0.6,0.95,0 1.77506e-16
0.6,0.95,0.05 0.000207916
0.6,0.95,0.1 0.000831427
0.6,0.95,0.15 0.000207798
0.65,0.1,0 9.51241e-15
0.65,0.1,0.05 0.00777182
0.65,0.1,0.1 0.545234
0.65,0.1,0.15 22.3627
0.65,0.1,0.2 30.5156
0.65,0.1,0.25 2.19726
0.65,0.15,0 1.34161e-11
0.65,0.15,0.05 3.44716
0.65,0.15,0.1 21.1286
0.65,0.15,0.15 241.434
0.65,0.15,0.2 313.521
0.65,0.15,0.25 24.5343
0.65,0.15,0.3 6.91109
0.65,0.15,0.35 1.29412
0.65,0.15,0.4 2.98231e-05
0.65,0.2,0 3.47722e-10
0.65,0.2,0.05 45.3372
0.65,0.2,0.1 202.818
0.65,0.2,0.15 269.505
0.65,0.2,0.2 215.409
0.65,0.2,0.25 79.6561
0.65,0.2,0.3 193.93
0.65,0.2,0.35 36.6809
0.65,0.2,0.4 0.0129555
0.65,0.25,0 4.04722e-10
0.65,0.25,0.05 48.5412
0.65,0.25,0.1 308.176
0.65,0.25,0.15 473.438
0.65,0.25,0.2 254.913
0.65,0.25,0.25 186.576
0.65,0.25,0.3 248.159
0.65,0.25,0.35 52.4994
0.65,0.25,0.4 0.0820523
0.65,0.3,0 2.35493e-11
0.65,0.3,0.05 5.42576
0.65,0.3,0.1 235.868
0.65,0.3,0.15 713.829
0.65,0.3,0.2 655.678
0.65,0.3,0.25 328.861
0.65,0.3,0.3 148.797
0.65,0.3,0.35 57.1542
0.65,0.3,0.4 0.250373
0.65,0.35,0 1.26597e-12
0.65,0.35,0.05 16.2289
0.65,0.35,0.1 404.185
0.65,0.35,0.15 603.268
0.65,0.35,0.2 214.762
0.65,0.35,0.25 78.9861
0.65,0.35,0.3 42.4788
0.65,0.35,0.35 17.1445
0.65,0.35,0.4 0.0766618
