0,0.5,0.2 5.33245e-14
0,0.5,0.25 4.84953e-13
0,0.5,0.3 2.58814e-13
0,0.5,0.35 2.42646e-15
0,0.55,0.2 1.69113e-12
0,0.55,0.25 1.53798e-11
0,0.55,0.3 8.208e-12
0,0.55,0.35 7.69525e-14
0,0.6,0.2 1.99839e-12
0,0.6,0.25 1.81741e-11
0,0.6,0.3 9.6993e-12
0,0.6,0.35 9.09339e-14
0,0.65,0.2 1.15314e-13
0,0.65,0.25 1.04871e-12
0,0.65,0.3 5.59682e-13
0,0.65,0.35 5.24719e-15
0.05,0.1,0.05 0.887127
0.05,0.1,0.1 11.4482
0.05,0.1,0.15 7.96503
0.05,0.1,0.2 0.165143
0.05,0.1,0.25 0.000577796
0.05,0.15,0 1.83915e-16
0.05,0.15,0.05 5.17355
0.05,0.15,0.1 66.7676
0.05,0.15,0.15 48.5757
0.05,0.15,0.2 6.12859
0.05,0.15,0.25 0.7871
0.05,0.15,0.3 0.131768
0.05,0.15,0.35 0.188859
0.05,0.15,0.4 0.0160502
0.05,0.2,0 6.19752e-15
0.05,0.2,0.05 1.90188
0.05,0.2,0.1 24.2796
0.05,0.2,0.15 23.2152
0.05,0.2,0.2 17.2809
0.05,0.2,0.25 20.1916
0.05,0.2,0.3 17.3572
0.05,0.2,0.35 8.22807
0.05,0.2,0.4 0.679884
0.05,0.25,0 5.6899e-14
0.05,0.25,0.05 0.369156
0.05,0.25,0.1 1.50657
0.05,0.25,0.15 2.78333
0.05,0.25,0.2 10.0201
0.05,0.25,0.25 53.9345
0.05,0.25,0.3 43.1938
0.05,0.25,0.35 11.4806
0.05,0.25,0.4 0.916985
0.05,0.3,0 3.84023e-14
0.05,0.3,0.05 0.250637
0.05,0.3,0.1 1.00663
0.05,0.3,0.15 1.61898
0.05,0.3,0.2 4.10226
0.05,0.3,0.25 10.3084
0.05,0.3,0.3 7.19568
0.05,0.3,0.35 0.891587
0.05,0.3,0.4 0.064805
0.05,0.35,0 2.9298e-10
0.05,0.35,0.05 1.34787
0.05,0.35,0.1 5.38202
0.05,0.35,0.15 1.41574
0.05,0.35,0.2 0.176574
0.05,0.35,0.25 0.0262856
0.05,0.4,0 1.17859e-09
0.05,0.4,0.05 5.4024
0.05,0.4,0.1 21.5779
0.05,0.4,0.15 5.57387
0.05,0.4,0.2 0.337699
0.05,0.4,0.25 0.0565
0.05,0.4,0.3 4.07354e-07
0.05,0.45,0 2.96394e-10
0.05,0.45,0.05 1.40132
0.05,0.45,0.1 5.71187
0.05,0.45,0.15 16.9162
0.05,0.45,0.2 56.3466
0.05,0.45,0.25 14.0332
0.05,0.45,0.3 0.00106582
0.05,0.45,0.35 0.00306006
0.05,0.45,0.4 0.00128896
0.05,0.45,0.45 4.57108e-06
0.05,0.5,0 1.42835e-12
0.05,0.5,0.05 0.876939
0.05,0.5,0.1 3.59997
0.05,0.5,0.15 34.8409
0.05,0.5,0.2 135.129
0.05,0.5,0.25 38.225
0.05,0.5,0.3 2.20018
0.05,0.5,0.35 0.129543
0.05,0.5,0.4 0.0384284
0.05,0.5,0.45 0.000136279
0.05,0.55,0 1.33311e-12
0.05,0.55,0.05 0.818467
0.05,0.55,0.1 3.27537
0.05,0.55,0.15 7.08112
0.05,0.55,0.2 33.3997
0.05,0.55,0.25 74.1484
0.05,0.55,0.3 37.0072
0.05,0.55,0.35 0.511618
0.05,0.55,0.4 0.0440514
0.05,0.55,0.45 0.000156221
0.05,0.6,0 5.10195e-14
0.05,0.6,0.05 0.0313236
0.05,0.6,0.1 0.12525
0.05,0.6,0.15 2.11668
0.05,0.6,0.2 17.0321
0.05,0.6,0.25 77.6354
0.05,0.6,0.3 45.5652
0.05,0.6,0.35 3.49245
0.05,0.6,0.4 0.0384796
0.05,0.6,0.45 8.58263e-06
0.05,0.65,0.15 0.954081
0.05,0.65,0.2 6.73124
0.05,0.65,0.25 9.25832
0.05,0.65,0.3 26.1739
0.05,0.65,0.35 13.6498
0.05,0.65,0.4 0.159011
0.05,0.7,0.15 11.2681
0.05,0.7,0.2 80.1284
0.05,0.7,0.25 35.3827
0.05,0.7,0.3 6.72028
0.05,0.7,0.35 3.75482
0.05,0.7,0.4 0.0438165
0.05,0.75,0.15 8.53105
0.05,0.75,0.2 60.6652
0.05,0.75,0.25 26.2845
0.05,0.75,0.3 0.105968
0.05,0.75,0.35 0.00011694
0.05,0.75,0.4 1.36462e-06
0.05,0.8,0.15 0.211337
0.05,0.8,0.2 1.50284
0.05,0.8,0.25 0.651138
0.05,0.8,0.3 0.00262003
0.1,0,0.1 2.01027e-19
0.1,0,0.15 6.84176e-17
0.1,0,0.2 2.02121e-14
0.1,0,0.25 1.40043e-13
0.1,0,0.3 5.97136e-14
0.1,0,0.35 2.22277e-16
0.1,0.05,0.1 2.64753e-06
0.1,0.05,0.15 0.000901064
0.1,0.05,0.2 0.275795
0.1,0.05,0.25 1.91144
0.1,0.05,0.3 0.81503
0.1,0.05,0.35 0.00303385
0.1,0.1,0.05 4.51047
0.1,0.1,0.1 58.2068
0.1,0.1,0.15 40.5329
0.1,0.1,0.2 2.24105
0.1,0.1,0.25 7.94614
0.1,0.1,0.3 3.35994
0.1,0.1,0.35 0.0265938
0.1,0.15,0 1.61724e-12
0.1,0.15,0.05 29.0938
0.1,0.15,0.1 350.729
0.1,0.15,0.15 281.247
0.1,0.15,0.2 111.076
0.1,0.15,0.25 23.0835
0.1,0.15,0.3 7.75103
0.1,0.15,0.35 4.51862
0.1,0.15,0.4 0.325528
0.1,0.2,0 1.6235e-11
0.1,0.2,0.05 39.9664
0.1,0.2,0.1 244.973
0.1,0.2,0.15 249.173
0.1,0.2,0.2 333.127
0.1,0.2,0.25 170.964
0.1,0.2,0.3 190.604
0.1,0.2,0.35 164.591
0.1,0.2,0.4 13.7893
0.1,0.25,0 1.52925e-11
0.1,0.25,0.05 57.376
0.1,0.25,0.1 229.891
0.1,0.25,0.15 148.692
0.1,0.25,0.2 247.116
0.1,0.25,0.25 383.655
0.1,0.25,0.3 379.028
0.1,0.25,0.35 223.221
0.1,0.25,0.4 18.5981
0.1,0.3,0 4.52776e-12
0.1,0.3,0.05 29.4396
0.1,0.3,0.1 117.964
0.1,0.3,0.15 101.47
0.1,0.3,0.2 180.173
0.1,0.3,0.25 91.2366
0.1,0.3,0.3 54.0602
0.1,0.3,0.35 16.2887
0.1,0.3,0.4 1.31436
0.1,0.35,0 4.53774e-09
0.1,0.35,0.05 21.5211
0.1,0.35,0.1 85.9457
0.1,0.35,0.15 25.2715
0.1,0.35,0.2 9.29022
0.1,0.35,0.25 1.38298
0.1,0.4,0 1.82539e-08
0.1,0.4,0.05 83.6724
0.1,0.4,0.1 334.602
0.1,0.4,0.15 92.8186
0.1,0.4,0.2 9.43725
0.1,0.4,0.25 0.66172
0.1,0.4,0.3 2.42645e-05
0.1,0.45,0 4.60167e-09
0.1,0.45,0.05 24.2181
0.1,0.45,0.1 104.804
0.1,0.45,0.15 250.147
0.1,0.45,0.2 450.803
0.1,0.45,0.25 85.3258
0.1,0.45,0.3 0.477434
0.1,0.45,0.35 3.05586
0.1,0.45,0.4 1.29063
0.1,0.45,0.45 0.004577
0.1,0.5,0 1.05137e-10
0.1,0.5,0.05 48.5044
0.1,0.5,0.1 200.846
0.1,0.5,0.15 382.344
0.1,0.5,0.2 907.424
0.1,0.5,0.25 269.444
0.1,0.5,0.3 66.1574
0.1,0.5,0.35 92.8271
0.1,0.5,0.4 38.5397
0.1,0.5,0.45 0.137775
0.1,0.55,0 7.5648e-11
0.1,0.55,0.05 42.7352
0.1,0.55,0.1 171.921
0.1,0.55,0.15 157.707
0.1,0.55,0.2 387.77
0.1,0.55,0.25 550.675
0.1,0.55,0.3 367.695
0.1,0.55,0.35 155.294
0.1,0.55,0.4 47.2378
0.1,0.55,0.45 0.16498
0.1,0.6,0 2.61038e-12
0.1,0.6,0.05 1.8918
0.1,0.6,0.1 10.0155
0.1,0.6,0.15 65.9225
0.1,0.6,0.2 288.983
0.1,0.6,0.25 460.804
0.1,0.6,0.3 441.4
0.1,0.6,0.35 142.197
0.1,0.6,0.4 8.18222
0.1,0.6,0.45 0.0120086
0.1,0.65,0.05 1.48348
0.1,0.65,0.1 22.6994
0.1,0.65,0.15 27.2369
0.1,0.65,0.2 51.3582
0.1,0.65,0.25 79.8639
0.1,0.65,0.3 363.437
0.1,0.65,0.35 191.627
0.1,0.65,0.4 2.60928
0.1,0.65,0.45 8.89964e-06
0.1,0.7,0.05 3.76748
0.1,0.7,0.1 60.0892
0.1,0.7,0.15 99.8997
0.1,0.7,0.2 350.983
0.1,0.7,0.25 183.323
0.1,0.7,0.3 112.421
0.1,0.7,0.35 51.2666
0.1,0.7,0.4 0.571767
0.1,0.75,0.05 0.719661
0.1,0.75,0.1 11.8619
0.1,0.75,0.15 55.3609
0.1,0.75,0.2 264.628
0.1,0.75,0.25 126.13
0.1,0.75,0.3 10.9819
0.1,0.75,0.35 0.525386
0.1,0.75,0.4 1.78071e-05
0.1,0.8,0.1 0.303693
0.1,0.8,0.15 8.97963
0.1,0.8,0.2 15.4712
0.1,0.8,0.25 4.24455
0.1,0.8,0.3 0.23993
0.1,0.8,0.35 0.000537388
0.1,0.85,0.1 0.00840167
0.1,0.85,0.15 0.233272
0.1,0.85,0.2 0.62539
0.1,0.85,0.25 0.533509
0.1,0.85,0.3 0.0374825
0.1,0.9,0.15 0.000176007
0.1,0.9,0.2 0.00766342
0.1,0.9,0.25 0.010458
0.1,0.9,0.3 0.000751917
0.15,0,0.1 2.5992e-15
0.15,0,0.15 8.84613e-13
0.15,0,0.2 2.8455e-12
0.15,0,0.25 5.0451e-12
0.15,0,0.3 2.01227e-12
0.15,0,0.35 7.49043e-15
0.15,0.05,0 3.77742e-13
0.15,0.05,0.05 0.00767793
0.15,0.05,0.1 0.0649096
0.15,0.05,0.15 11.6608
0.15,0.05,0.2 38.3783
0.15,0.05,0.25 69.9995
0.15,0.05,0.3 27.6412
0.15,0.05,0.35 0.102237
0.15,0.1,0 2.55832e-10
0.15,0.1,0.05 6.62994
0.15,0.1,0.1 39.3673
0.15,0.1,0.15 64.9973
0.15,0.1,0.2 163.237
0.15,0.1,0.25 292.186
0.15,0.1,0.3 114.446
0.15,0.1,0.35 0.933978
0.15,0.15,0 7.0896e-10
0.15,0.15,0.05 32.3139
0.15,0.15,0.1 203.747
0.15,0.15,0.15 172.106
0.15,0.15,0.2 314.522
0.15,0.15,0.25 303.64
0.15,0.15,0.3 199.034
0.15,0.15,0.35 30.5121
0.15,0.15,0.4 0.302991
0.15,0.2,0 2.0535e-10
0.15,0.2,0.05 107.139
0.15,0.2,0.1 457.098
0.15,0.2,0.15 407.528
0.15,0.2,0.2 718.131
0.15,0.2,0.25 422.867
0.15,0.2,0.3 427.244
0.15,0.2,0.35 194.277
0.15,0.2,0.4 12.8346
0.15,0.25,0 6.20458e-11
0.15,0.25,0.05 149.87
0.15,0.25,0.1 600.547
0.15,0.25,0.15 346.457
0.15,0.25,0.2 478.794
0.15,0.25,0.25 481.813
0.15,0.25,0.3 393.64
0.15,0.25,0.35 211.018
0.15,0.25,0.4 17.3105
0.15,0.3,0 1.0722e-11
0.15,0.3,0.05 110.086
0.15,0.3,0.1 440.632
0.15,0.3,0.15 217.329
0.15,0.3,0.2 269.01
0.15,0.3,0.25 124.509
0.15,0.3,0.3 58.3921
0.15,0.3,0.35 15.0093
0.15,0.3,0.4 1.22337
0.15,0.35,0 3.57402e-09
0.15,0.35,0.05 35.802
0.15,0.35,0.1 143.105
0.15,0.35,0.15 41.4111
0.15,0.35,0.2 13.7823
0.15,0.35,0.25 2.06206
0.15,0.35,0.3 1.9587e-06
0.15,0.4,0 1.43752e-08
0.15,0.4,0.05 65.9569
0.15,0.4,0.1 273.923
0.15,0.4,0.15 114.496
0.15,0.4,0.2 23.6226
0.15,0.4,0.25 0.722364
0.15,0.4,0.3 0.00723444
0.15,0.45,0 3.80169e-09
0.15,0.45,0.05 40.5384
0.15,0.45,0.1 220.082
0.15,0.45,0.15 543.914
0.15,0.45,0.2 464.281
0.15,0.45,0.25 93.6943
0.15,0.45,0.3 8.7092
0.15,0.45,0.35 10.599
0.15,0.45,0.4 3.90729
0.15,0.45,0.45 0.0131741
0.15,0.5,0 7.83219e-10
0.15,0.5,0.05 142.198
0.15,0.5,0.1 599.274
0.15,0.5,0.15 681.257
0.15,0.5,0.2 849.223
0.15,0.5,0.25 386.97
0.15,0.5,0.3 166.032
0.15,0.5,0.35 337.288
0.15,0.5,0.4 133.379
0.15,0.5,0.45 1.16335
0.15,0.55,0 2.5651e-10
0.15,0.55,0.05 79.5536
0.15,0.55,0.1 327.404
0.15,0.55,0.15 347.318
0.15,0.55,0.2 645.857
0.15,0.55,0.25 780.871
0.15,0.55,0.3 650.483
0.15,0.55,0.35 669.565
0.15,0.55,0.4 254.389
0.15,0.55,0.45 5.4503
0.15,0.6,0 3.81026e-12
0.15,0.6,0.05 18.9265
0.15,0.6,0.1 183.813
0.15,0.6,0.15 193.85
0.15,0.6,0.2 349.751
0.15,0.6,0.25 545.287
0.15,0.6,0.3 836.364
0.15,0.6,0.35 478.207
0.15,0.6,0.4 73.7292
0.15,0.6,0.45 2.02005
0.15,0.65,0 3.90585e-16
0.15,0.65,0.05 39.4836
0.15,0.65,0.1 335.01
0.15,0.65,0.15 231.213
0.15,0.65,0.2 122.173
0.15,0.65,0.25 154.565
0.15,0.65,0.3 441.356
0.15,0.65,0.35 186.806
0.15,0.65,0.4 3.94907
0.15,0.65,0.45 0.00520123
0.15,0.7,0 6.84951e-11
0.15,0.7,0.05 29.3735
0.15,0.7,0.1 365.209
0.15,0.7,0.15 391.724
0.15,0.7,0.2 494.924
0.15,0.7,0.25 546.009
0.15,0.7,0.3 488.674
0.15,0.7,0.35 76.4012
0.15,0.7,0.4 0.40095
0.15,0.7,0.45 7.15019e-09
0.15,0.75,0 6.8542e-10
0.15,0.75,0.05 12.7858
0.15,0.75,0.1 111.021
0.15,0.75,0.15 326.46
0.15,0.75,0.2 473.322
0.15,0.75,0.25 327.667
0.15,0.75,0.3 160.903
0.15,0.75,0.35 10.1045
0.15,0.75,0.4 1.24841e-05
0.15,0.8,0 3.94756e-10
0.15,0.8,0.05 5.10946
0.15,0.8,0.1 45.9091
0.15,0.8,0.15 251.142
0.15,0.8,0.2 318.709
0.15,0.8,0.25 149.948
0.15,0.8,0.3 11.4756
0.15,0.8,0.35 0.00965942
0.15,0.85,0 4.74463e-12
0.15,0.85,0.05 0.0611032
0.15,0.85,0.1 4.62836
0.15,0.85,0.15 23.8119
0.15,0.85,0.2 74.5423
0.15,0.85,0.25 88.743
0.15,0.85,0.3 6.35639
0.15,0.9,0.15 0.0298476
0.15,0.9,0.2 1.29958
0.15,0.9,0.25 1.7735
0.15,0.9,0.3 0.127512
0.2,0,0.1 1.21643e-14
0.2,0,0.15 3.22306e-12
0.2,0,0.2 8.58693e-12
0.2,0,0.25 6.89561e-12
0.2,0,0.3 2.44805e-12
0.2,0,0.35 9.11257e-15
0.2,0.05,0 2.59192e-12
0.2,0.05,0.05 0.0526829
0.2,0.05,0.1 2.00776
0.2,0.05,0.15 52.4878
0.2,0.05,0.2 136.362
0.2,0.05,0.25 138.391
0.2,0.05,0.3 39.5103
0.2,0.05,0.35 0.124377
0.2,0.1,0 1.75541e-09
0.2,0.1,0.05 35.8615
0.2,0.1,0.1 158.228
0.2,0.1,0.15 292.175
0.2,0.1,0.2 605.96
0.2,0.1,0.25 635.671
0.2,0.1,0.3 171.992
0.2,0.1,0.35 1.16291
0.2,0.1,0.4 0.000231217
0.2,0.15,0 4.92556e-09
0.2,0.15,0.05 108.067
0.2,0.15,0.1 453.488
0.2,0.15,0.15 252.416
0.2,0.15,0.2 460.931
0.2,0.15,0.25 495.228
0.2,0.15,0.3 347.294
0.2,0.15,0.35 52.2121
0.2,0.15,0.4 0.0817783
0.2,0.2,0 2.02103e-09
0.2,0.2,0.05 103.028
0.2,0.2,0.1 424.314
0.2,0.2,0.15 369.49
0.2,0.2,0.2 781.245
0.2,0.2,0.25 595.079
0.2,0.2,0.3 796.029
0.2,0.2,0.35 143.892
0.2,0.2,0.4 0.657347
0.2,0.25,0 7.042e-10
0.2,0.25,0.05 146.581
0.2,0.25,0.1 589.93
0.2,0.25,0.15 365.946
0.2,0.25,0.2 489.636
0.2,0.25,0.25 433.25
0.2,0.25,0.3 406.294
0.2,0.25,0.35 58.6205
0.2,0.25,0.4 0.683856
0.2,0.3,0 1.80979e-11
0.2,0.3,0.05 157.183
0.2,0.3,0.1 630.74
0.2,0.3,0.15 265.011
0.2,0.3,0.2 262.376
0.2,0.3,0.25 116.962
0.2,0.3,0.3 44.5608
0.2,0.3,0.35 3.25629
0.2,0.3,0.4 0.0465761
0.2,0.35,0 9.75736e-11
0.2,0.35,0.05 55.3102
0.2,0.35,0.1 221.417
0.2,0.35,0.15 60.268
0.2,0.35,0.2 16.3051
0.2,0.35,0.25 4.15656
0.2,0.35,0.3 0.0457364
0.2,0.35,0.35 0.00820694
0.2,0.4,0 3.97561e-10
0.2,0.4,0.05 24.8439
0.2,0.4,0.1 154.451
0.2,0.4,0.15 175.031
0.2,0.4,0.2 32.3543
0.2,0.4,0.25 0.709847
0.2,0.4,0.3 0.026459
0.2,0.45,0 3.39598e-10
0.2,0.45,0.05 40.7138
0.2,0.45,0.1 359.163
0.2,0.45,0.15 779.023
0.2,0.45,0.2 358.861
0.2,0.45,0.25 147.543
0.2,0.45,0.3 21.2022
0.2,0.45,0.35 9.84645
0.2,0.45,0.4 1.53132
0.2,0.45,0.45 0.00235589
0.2,0.5,0 7.68371e-10
0.2,0.5,0.05 98.5847
0.2,0.5,0.1 453.921
0.2,0.5,0.15 646.846
0.2,0.5,0.2 763.842
0.2,0.5,0.25 663.633
0.2,0.5,0.3 258.734
0.2,0.5,0.35 368.202
0.2,0.5,0.4 99.2316
0.2,0.5,0.45 2.14114
0.2,0.55,0 1.99131e-10
0.2,0.55,0.05 46.3235
0.2,0.55,0.1 196.049
0.2,0.55,0.15 187.88
0.2,0.55,0.2 417.362
0.2,0.55,0.25 833.697
0.2,0.55,0.3 621.265
0.2,0.55,0.35 886.162
0.2,0.55,0.4 404.165
0.2,0.55,0.45 13.5182
0.2,0.6,0 3.46351e-11
0.2,0.6,0.05 62.2906
0.2,0.6,0.1 400.139
0.2,0.6,0.15 223.568
0.2,0.6,0.2 189.016
0.2,0.6,0.25 496.317
0.2,0.6,0.3 500.89
0.2,0.6,0.35 466.083
0.2,0.6,0.4 183.2
0.2,0.6,0.45 5.36933
0.2,0.65,0 2.88751e-11
0.2,0.65,0.05 128.579
0.2,0.65,0.1 690.371
0.2,0.65,0.15 499.763
0.2,0.65,0.2 458.402
0.2,0.65,0.25 243.828
0.2,0.65,0.3 225.436
0.2,0.65,0.35 106.558
0.2,0.65,0.4 18.8968
0.2,0.65,0.45 0.0152562
0.2,0.7,0 7.64609e-10
0.2,0.7,0.05 70.0387
0.2,0.7,0.1 402.958
0.2,0.7,0.15 575.76
0.2,0.7,0.2 616.998
0.2,0.7,0.25 513.683
0.2,0.7,0.3 661.23
0.2,0.7,0.35 99.4777
0.2,0.7,0.4 0.120137
0.2,0.7,0.45 8.02927e-06
0.2,0.75,0 7.03225e-09
0.2,0.75,0.05 124.915
0.2,0.75,0.1 569.515
0.2,0.75,0.15 712.701
0.2,0.75,0.2 739.093
0.2,0.75,0.25 324.662
0.2,0.75,0.3 237.051
0.2,0.75,0.35 30.8167
0.2,0.75,0.4 2.57746e-07
0.2,0.8,0 3.97781e-09
0.2,0.8,0.05 65.0122
0.2,0.8,0.1 361.215
0.2,0.8,0.15 680.043
0.2,0.8,0.2 660.27
0.2,0.8,0.25 320.979
0.2,0.8,0.3 21.3197
0.2,0.8,0.35 0.0597939
0.2,0.85,0 4.61143e-11
0.2,0.85,0.05 0.647894
0.2,0.85,0.1 22.9935
0.2,0.85,0.15 94.9222
0.2,0.85,0.2 167.259
0.2,0.85,0.25 188.122
0.2,0.85,0.3 13.4709
0.2,0.9,0.15 0.0632551
0.2,0.9,0.2 2.75416
0.2,0.9,0.25 3.75851
0.2,0.9,0.3 0.270232
0.25,0,0.1 4.4342e-13
0.25,0,0.15 1.88157e-11
0.25,0,0.2 3.02791e-11
0.25,0,0.25 9.52765e-11
0.25,0,0.3 8.85446e-11
0.25,0,0.35 3.50153e-12
0.25,0.05,0 1.08787e-12
0.25,0.05,0.05 0.0221119
0.25,0.05,0.1 7.71519
0.25,0.05,0.15 84.9816
0.25,0.05,0.2 106.286
0.25,0.05,0.25 80.619
0.25,0.05,0.3 23.2294
0.25,0.05,0.35 0.549752
