0.25,0.15,0.15 248.626
0.25,0.15,0.2 531.202
0.25,0.15,0.25 608.438
0.25,0.15,0.3 393.893
0.25,0.15,0.35 215.241
0.25,0.15,0.4 17.8758
0.25,0.15,0.45 0.0391084
0.25,0.2,0 3.42223e-10
0.25,0.2,0.05 12.931
0.25,0.2,0.1 182.678
0.25,0.2,0.15 561.868
0.25,0.2,0.2 604.486
0.25,0.2,0.25 392.337
0.25,0.2,0.3 487.542
0.25,0.2,0.35 528.509
0.25,0.2,0.4 121.017
0.25,0.2,0.45 0.314258
0.25,0.25,0 3.98095e-12
0.25,0.25,0.05 47.1788
0.25,0.25,0.1 251.02
0.25,0.25,0.15 307.851
0.25,0.25,0.2 516.342
0.25,0.25,0.25 242.954
0.25,0.25,0.3 516.997
0.25,0.25,0.35 650.756
0.25,0.25,0.4 126.097
0.25,0.25,0.45 0.526096
0.25,0.3,0 9.70682e-12
0.25,0.3,0.05 37.2772
0.25,0.3,0.1 178.265
0.25,0.3,0.15 231.412
0.25,0.3,0.2 621.085
0.25,0.3,0.25 325.089
0.25,0.3,0.3 174.414
0.25,0.3,0.35 287.886
0.25,0.3,0.4 117.827
0.25,0.3,0.45 1.47413
0.25,0.35,0 1.49022e-10
0.25,0.35,0.05 71.1836
0.25,0.35,0.1 369.443
0.25,0.35,0.15 411
0.25,0.35,0.2 178.261
0.25,0.35,0.25 54.7728
0.25,0.35,0.3 25.2629
0.25,0.35,0.35 42.5943
0.25,0.35,0.4 25.622
0.25,0.35,0.45 0.361969
0.25,0.4,0 2.55112e-10
0.25,0.4,0.05 99.2277
0.25,0.4,0.1 454.623
0.25,0.4,0.15 422.341
0.25,0.4,0.2 187.726
0.25,0.4,0.25 85.9909
0.25,0.4,0.3 13.8166
0.25,0.4,0.35 0.59188
0.25,0.4,0.4 0.249313
0.25,0.4,0.45 0.033609
0.25,0.4,0.5 0.000109369
0.25,0.45,0 3.2763e-10
0.25,0.45,0.05 146.948
0.25,0.45,0.1 637.439
0.25,0.45,0.15 443.738
0.25,0.45,0.2 279.597
0.25,0.45,0.25 427.451
0.25,0.45,0.3 262.148
0.25,0.45,0.35 148.955
0.25,0.45,0.4 158.116
0.25,0.45,0.45 29.3656
0.25,0.45,0.5 0.0409793
0.25,0.5,0 6.86593e-11
0.25,0.5,0.05 160.212
0.25,0.5,0.1 734.055
0.25,0.5,0.15 383.453
0.25,0.5,0.2 298.725
0.25,0.5,0.25 381.142
0.25,0.5,0.3 789.476
0.25,0.5,0.35 567.433
0.25,0.5,0.4 560.401
0.25,0.5,0.45 124.181
0.25,0.5,0.5 0.34106
0.25,0.55,0 2.03016e-09
0.25,0.55,0.05 62.5967
0.25,0.55,0.1 341.825
0.25,0.55,0.15 370.458
0.25,0.55,0.2 358.501
0.25,0.55,0.25 259.93
0.25,0.55,0.3 618.302
0.25,0.55,0.35 662.932
0.25,0.55,0.4 575.213
0.25,0.55,0.45 115.441
0.25,0.55,0.5 0.17792
0.25,0.6,0 1.70033e-08
0.25,0.6,0.05 10.498
0.25,0.6,0.1 64.2062
0.25,0.6,0.15 360.683
0.25,0.6,0.2 634.184
0.25,0.6,0.25 532.586
0.25,0.6,0.3 484.229
0.25,0.6,0.35 490.435
0.25,0.6,0.4 316.161
0.25,0.6,0.45 47.7777
0.25,0.6,0.5 0.00159455
0.25,0.65,0 9.3106e-09
0.25,0.65,0.05 78.0103
0.25,0.65,0.1 330.532
0.25,0.65,0.15 410.761
0.25,0.65,0.2 433.584
0.25,0.65,0.25 224.897
0.25,0.65,0.3 385.432
0.25,0.65,0.35 380.813
0.25,0.65,0.4 76.6001
0.25,0.65,0.45 4.92231
0.25,0.7,0 1.55938e-09
0.25,0.7,0.05 95.2198
0.25,0.7,0.1 423.675
0.25,0.7,0.15 488.885
0.25,0.7,0.2 487.778
0.25,0.7,0.25 309.275
0.25,0.7,0.3 244.401
0.25,0.7,0.35 155.424
0.25,0.7,0.4 7.40197
0.25,0.7,0.45 0.0447299
0.25,0.75,0 1.56552e-10
0.25,0.75,0.05 8.95181
0.25,0.75,0.1 53.5376
0.25,0.75,0.15 289.824
0.25,0.75,0.2 777.227
0.25,0.75,0.25 468.837
0.25,0.75,0.3 267.725
0.25,0.75,0.35 135.521
0.25,0.75,0.4 3.02604
0.25,0.75,0.45 1.97131e-10
0.25,0.8,0.1 0.0848183
0.25,0.8,0.15 50.1925
0.25,0.8,0.2 184.934
0.25,0.8,0.25 75.4157
0.25,0.8,0.3 66.7487
0.25,0.8,0.35 40.2185
0.25,0.8,0.4 0.871859
0.25,0.85,0.1 1.06266e-05
0.25,0.85,0.15 0.0632727
0.25,0.85,0.2 0.215471
0.25,0.85,0.25 0.0668533
0.25,0.85,0.3 0.0417133
0.25,0.85,0.35 0.0239866
0.25,0.85,0.4 0.000519719
0.3,0.05,0 3.73392e-15
0.3,0.05,0.05 0.000168373
0.3,0.05,0.1 0.0771429
0.3,0.05,0.15 13.9998
0.3,0.05,0.2 59.2722
0.3,0.05,0.25 65.1564
0.3,0.05,0.3 65.098
0.3,0.05,0.35 5.3745
0.3,0.05,0.4 0.037579
0.3,0.1,0 2.52885e-12
0.3,0.1,0.05 0.0794507
0.3,0.1,0.1 23.5536
0.3,0.1,0.15 152.973
0.3,0.1,0.2 393.472
0.3,0.1,0.25 372.948
0.3,0.1,0.3 374.698
0.3,0.1,0.35 57.0166
0.3,0.1,0.4 1.11705
0.3,0.15,0 6.92181e-12
0.3,0.15,0.05 6.53975
0.3,0.15,0.1 86.7285
0.3,0.15,0.15 302.979
0.3,0.15,0.2 480.915
0.3,0.15,0.25 358.05
0.3,0.15,0.3 449.993
0.3,0.15,0.35 304.403
0.3,0.15,0.4 26.6967
0.3,0.15,0.45 0.0793476
0.3,0.2,0 1.1772e-12
0.3,0.2,0.05 66.8344
0.3,0.2,0.1 327.419
0.3,0.2,0.15 384.968
0.3,0.2,0.2 613.434
0.3,0.2,0.25 308.682
0.3,0.2,0.3 553.122
0.3,0.2,0.35 593.424
0.3,0.2,0.4 158.471
0.3,0.2,0.45 0.637744
0.3,0.25,0 4.83274e-14
0.3,0.25,0.05 66.9435
0.3,0.25,0.1 417.948
0.3,0.25,0.15 304.506
0.3,0.25,0.2 347.864
0.3,0.25,0.25 231.737
0.3,0.25,0.3 505.739
0.3,0.25,0.35 577.691
0.3,0.25,0.4 154.113
0.3,0.25,0.45 1.04403
0.3,0.3,0 9.04647e-13
0.3,0.3,0.05 26.3985
0.3,0.3,0.1 159.965
0.3,0.3,0.15 307.652
0.3,0.3,0.2 496.035
0.3,0.3,0.25 474.476
0.3,0.3,0.3 506.748
0.3,0.3,0.35 519.365
0.3,0.3,0.4 220.867
0.3,0.3,0.45 2.89858
0.3,0.35,0 1.59564e-10
0.3,0.35,0.05 32.405
0.3,0.35,0.1 226.276
0.3,0.35,0.15 679.878
0.3,0.35,0.2 529.774
0.3,0.35,0.25 146.285
0.3,0.35,0.3 107.568
0.3,0.35,0.35 94.6012
0.3,0.35,0.4 50.5048
0.3,0.35,0.45 0.71172
0.3,0.4,0 6.82884e-10
0.3,0.4,0.05 104.381
0.3,0.4,0.1 497.42
0.3,0.4,0.15 745.881
0.3,0.4,0.2 504.615
0.3,0.4,0.25 89.086
0.3,0.4,0.3 10.6225
0.3,0.4,0.35 0.677731
0.3,0.4,0.4 2.85978
0.3,0.4,0.45 0.981529
0.3,0.4,0.5 0.00121166
0.3,0.45,0 4.43082e-10
0.3,0.45,0.05 76.3874
0.3,0.45,0.1 361.48
0.3,0.45,0.15 569.865
0.3,0.45,0.2 540.874
0.3,0.45,0.25 345.324
0.3,0.45,0.3 182.751
0.3,0.45,0.35 116.418
0.3,0.45,0.4 42.6286
0.3,0.45,0.45 8.08322
0.3,0.45,0.5 0.00507299
0.3,0.5,0 2.15849e-10
0.3,0.5,0.05 93.5197
0.3,0.5,0.1 491.004
0.3,0.5,0.15 263.944
0.3,0.5,0.2 206.286
0.3,0.5,0.25 275.024
0.3,0.5,0.3 730.551
0.3,0.5,0.35 541.981
0.3,0.5,0.4 105.179
0.3,0.5,0.45 13.8772
0.3,0.5,0.5 0.0013382
0.3,0.55,0 6.16108e-08
0.3,0.55,0.05 53.8917
0.3,0.55,0.1 319.92
0.3,0.55,0.15 243.216
0.3,0.55,0.2 333.905
0.3,0.55,0.25 212.449
0.3,0.55,0.3 661.939
0.3,0.55,0.35 401.687
0.3,0.55,0.4 167.814
0.3,0.55,0.45 22.0827
0.3,0.55,0.5 6.01961e-06
0.3,0.6,0 5.15612e-07
0.3,0.6,0.05 67.5187
0.3,0.6,0.1 279.576
0.3,0.6,0.15 270.411
0.3,0.6,0.2 665.56
0.3,0.6,0.25 438.281
0.3,0.6,0.3 595.218
0.3,0.6,0.35 488.116
0.3,0.6,0.4 489.598
0.3,0.6,0.45 55.4799
0.3,0.6,0.5 5.3974e-08
0.3,0.65,0 2.57486e-07
0.3,0.65,0.05 78.9185
0.3,0.65,0.1 321.543
0.3,0.65,0.15 275.831
0.3,0.65,0.2 396.502
0.3,0.65,0.25 421.664
0.3,0.65,0.3 658.183
0.3,0.65,0.35 326.584
0.3,0.65,0.4 216.873
0.3,0.65,0.45 24.9988
0.3,0.7,0 2.7104e-09
0.3,0.7,0.05 67.9696
0.3,0.7,0.1 277.055
0.3,0.7,0.15 283.22
0.3,0.7,0.2 476.628
0.3,0.7,0.25 358.462
0.3,0.7,0.3 254.969
0.3,0.7,0.35 154.217
0.3,0.7,0.4 9.94183
0.3,0.7,0.45 0.239314
0.3,0.75,0 8.54123e-11
0.3,0.75,0.05 5.81105
0.3,0.75,0.1 23.9208
0.3,0.75,0.15 127.615
0.3,0.75,0.2 530.267
0.3,0.75,0.25 369.809
0.3,0.75,0.3 162.214
0.3,0.75,0.35 60.5395
0.3,0.75,0.4 1.55064
0.3,0.8,0.1 0.00710364
0.3,0.8,0.15 37.1329
0.3,0.8,0.2 132.83
0.3,0.8,0.25 41.7621
0.3,0.8,0.3 16.028
0.3,0.8,0.35 4.80387
0.3,0.8,0.4 0.0104622
0.3,0.85,0.1 1.20188e-05
0.3,0.85,0.15 0.0715622
0.3,0.85,0.2 0.240408
0.3,0.85,0.25 0.0504549
0.3,0.85,0.3 0.000356057
0.3,0.85,0.35 0.000254731
0.3,0.85,0.4 5.52545e-06
0.35,0.05,0.05 0.000220502
0.35,0.05,0.1 0.183215
0.35,0.05,0.15 1.85831
0.35,0.05,0.2 6.12761
0.35,0.05,0.25 16.2862
0.35,0.05,0.3 18.8888
0.35,0.05,0.35 1.22847
0.35,0.1,0.05 0.115968
0.35,0.1,0.1 56.452
0.35,0.1,0.15 166.201
0.35,0.1,0.2 65.9118
0.35,0.1,0.25 122.248
0.35,0.1,0.3 158.335
0.35,0.1,0.35 16.7645
0.35,0.1,0.4 0.191171
0.35,0.15,0.05 7.90032
0.35,0.15,0.1 171.478
0.35,0.15,0.15 424.199
0.35,0.15,0.2 139.04
0.35,0.15,0.25 202.028
0.35,0.15,0.3 311.906
0.35,0.15,0.35 87.8694
0.35,0.15,0.4 4.27599
0.35,0.15,0.45 0.0096152
0.35,0.2,0.05 79.2506
0.35,0.2,0.1 392.352
0.35,0.2,0.15 393.601
0.35,0.2,0.2 504.511
0.35,0.2,0.25 420.276
0.35,0.2,0.3 497.734
0.35,0.2,0.35 162.005
0.35,0.2,0.4 23.0067
0.35,0.2,0.45 0.0772807
0.35,0.25,0.05 107.202
0.35,0.25,0.1 631.181
0.35,0.25,0.15 606.218
0.35,0.25,0.2 449.521
0.35,0.25,0.25 270.884
0.35,0.25,0.3 561.221
0.35,0.25,0.35 386.945
0.35,0.25,0.4 48.6454
0.35,0.25,0.45 0.123157
0.35,0.3,0 1.34735e-12
0.35,0.3,0.05 117.68
0.35,0.3,0.1 537.858
0.35,0.3,0.15 466.764
0.35,0.3,0.2 399.261
0.35,0.3,0.25 498.755
0.35,0.3,0.3 881.227
0.35,0.3,0.35 350.672
0.35,0.3,0.4 42.435
0.35,0.3,0.45 0.33805
0.35,0.35,0 3.13155e-10
0.35,0.35,0.05 80.4754
0.35,0.35,0.1 353.037
0.35,0.35,0.15 504.993
0.35,0.35,0.2 442.57
0.35,0.35,0.25 274.503
0.35,0.35,0.3 283.207
0.35,0.35,0.35 54.5473
0.35,0.35,0.4 6.06227
0.35,0.35,0.45 0.0830029
0.35,0.4,0 1.01918e-09
0.35,0.4,0.05 163.216
0.35,0.4,0.1 751.523
0.35,0.4,0.15 805.628
0.35,0.4,0.2 507.784
0.35,0.4,0.25 53.6863
0.35,0.4,0.3 7.84656
0.35,0.4,0.35 21.0585
0.35,0.4,0.4 72.9603
0.35,0.4,0.45 24.5031
0.35,0.4,0.5 0.0303751
0.35,0.45,0 2.12493e-09
0.35,0.45,0.05 96.6747
0.35,0.45,0.1 461.897
0.35,0.45,0.15 620.133
0.35,0.45,0.2 694.69
0.35,0.45,0.25 304.139
0.35,0.45,0.3 148.465
0.35,0.45,0.35 264.278
0.35,0.45,0.4 380.041
0.35,0.45,0.45 103.397
0.35,0.45,0.5 0.127177
0.35,0.5,0 2.13816e-09
0.35,0.5,0.05 100.9
0.35,0.5,0.1 575.718
0.35,0.5,0.15 427.325
0.35,0.5,0.2 554.005
0.35,0.5,0.25 747.702
0.35,0.5,0.3 576.997
0.35,0.5,0.35 392.775
0.35,0.5,0.4 167.142
0.35,0.5,0.45 27.7852
0.35,0.5,0.5 0.0333062
0.35,0.55,0 7.22365e-08
0.35,0.55,0.05 43.9752
0.35,0.55,0.1 332.215
0.35,0.55,0.15 429.11
0.35,0.55,0.2 613.296
0.35,0.55,0.25 452.274
0.35,0.55,0.3 497.123
0.35,0.55,0.35 299.089
0.35,0.55,0.4 136.44
0.35,0.55,0.45 5.68386
0.35,0.55,0.5 2.78927e-06
0.35,0.6,0 5.99459e-07
0.35,0.6,0.05 91.4209
0.35,0.6,0.1 406.461
0.35,0.6,0.15 594.854
0.35,0.6,0.2 982.2
0.35,0.6,0.25 504.552
0.35,0.6,0.3 585.298
0.35,0.6,0.35 711.868
0.35,0.6,0.4 534.813
0.35,0.6,0.45 26.5875
0.35,0.65,0 2.98019e-07
0.35,0.65,0.05 114.475
0.35,0.65,0.1 475.923
0.35,0.65,0.15 341.448
0.35,0.65,0.2 400.212
0.35,0.65,0.25 385.821
0.35,0.65,0.3 557.821
0.35,0.65,0.35 474.598
0.35,0.65,0.4 238.669
0.35,0.65,0.45 11.2221
0.35,0.7,0 2.2604e-09
0.35,0.7,0.05 76.3808
0.35,0.7,0.1 305.974
0.35,0.7,0.15 96.1864
0.35,0.7,0.2 82.2507
0.35,0.7,0.25 313.1
0.35,0.7,0.3 729.628
0.35,0.7,0.35 475.273
0.35,0.7,0.4 38.1393
0.35,0.7,0.45 0.129588
0.35,0.75,0 6.48878e-09
0.35,0.75,0.05 4.14685
0.35,0.75,0.1 16.6023
0.35,0.75,0.15 11.1924
0.35,0.75,0.2 68.8952
0.35,0.75,0.25 178.744
0.35,0.75,0.3 464.212
0.35,0.75,0.35 190.777
0.35,0.75,0.4 5.44861
0.35,0.8,0 2.09747e-08
0.35,0.8,0.05 2.16134
0.35,0.8,0.1 8.59043
0.35,0.8,0.15 4.04861
0.35,0.8,0.2 8.59012
0.35,0.8,0.25 14.9214
0.35,0.8,0.3 48.9025
0.35,0.8,0.35 14.9283
0.35,0.8,0.4 0.00406915
0.35,0.85,0 4.23295e-09
0.35,0.85,0.05 0.436185
0.35,0.85,0.1 1.73359
0.35,0.85,0.15 0.434473
0.35,0.85,0.2 0.0129198
0.35,0.85,0.25 0.00271007
0.4,0.05,0.05 3.21631e-05
0.4,0.05,0.1 0.0267243
0.4,0.05,0.15 0.0751685
0.4,0.05,0.2 0.0139983
0.4,0.05,0.25 0.0487503
0.4,0.05,0.3 0.085086
0.4,0.05,0.35 0.0164974
0.4,0.05,0.4 0.000290687
0.4,0.1,0.05 3.02688
0.4,0.1,0.1 51.8276
0.4,0.1,0.15 66.7302
0.4,0.1,0.2 10.7684
0.4,0.1,0.25 71.4092
0.4,0.1,0.3 107.789
0.4,0.1,0.35 9.06504
0.4,0.1,0.4 0.00411107
0.4,0.15,0.05 15.1333
0.4,0.15,0.1 275.218
0.4,0.15,0.15 474.16
0.4,0.15,0.2 133.306
0.4,0.15,0.25 297.011
0.4,0.15,0.3 362.131
0.4,0.15,0.35 27.7831
0.4,0.15,0.4 0.00304968
0.4,0.2,0.05 17.516
0.4,0.2,0.1 235.765
0.4,0.2,0.15 509.764
0.4,0.2,0.2 395.242
0.4,0.2,0.25 506.111
0.4,0.2,0.3 294.631
0.4,0.2,0.35 14.7777
0.4,0.2,0.4 0.23315
0.4,0.25,0.05 84.0305
0.4,0.25,0.1 431.209
0.4,0.25,0.15 514.948
0.4,0.25,0.2 333.235
0.4,0.25,0.25 217.021
0.4,0.25,0.3 164.979
0.4,0.25,0.35 33.182
0.4,0.25,0.4 2.1847
0.4,0.3,0 6.4124e-13
0.4,0.3,0.05 110.807
0.4,0.3,0.1 467.177
0.4,0.3,0.15 328.142
0.4,0.3,0.2 270.495
0.4,0.3,0.25 426.688
0.4,0.3,0.3 434.608
0.4,0.3,0.35 72.1332
0.4,0.3,0.4 1.2404
0.4,0.3,0.45 0.00739818
0.4,0.35,0 1.02274e-10
0.4,0.35,0.05 58.3811
0.4,0.35,0.1 239.652
0.4,0.35,0.15 163.428
0.4,0.35,0.2 198.224
0.4,0.35,0.25 434.393
0.4,0.35,0.3 600.689
0.4,0.35,0.35 119.63
0.4,0.35,0.4 2.07014
0.4,0.35,0.45 0.0631566
0.4,0.4,0 2.63868e-10
0.4,0.4,0.05 66.2715
0.4,0.4,0.1 309.776
0.4,0.4,0.15 420.288
0.4,0.4,0.2 399.386
0.4,0.4,0.25 156.743
0.4,0.4,0.3 293.101
0.4,0.4,0.35 130.271
0.4,0.4,0.4 87.0601
0.4,0.4,0.45 26.7882
0.4,0.4,0.5 0.032319
0.4,0.45,0 1.2128e-09
0.4,0.45,0.05 54.0971
0.4,0.45,0.1 283.18
0.4,0.45,0.15 462.356
0.4,0.45,0.2 501.362
0.4,0.45,0.25 317.553
0.4,0.45,0.3 249.994
0.4,0.45,0.35 461.758
0.4,0.45,0.4 553.057
0.4,0.45,0.45 142.335
0.4,0.45,0.5 0.14858
0.4,0.5,0 1.32218e-09
0.4,0.5,0.05 56.9909
0.4,0.5,0.1 307.806
0.4,0.5,0.15 459.199
0.4,0.5,0.2 573.059
0.4,0.5,0.25 611.099
0.4,0.5,0.3 317.559
0.4,0.5,0.35 588.369
0.4,0.5,0.4 419.56
0.4,0.5,0.45 71.2415
0.4,0.5,0.5 0.052956
0.4,0.55,0 1.12705e-08
0.4,0.55,0.05 37.6098
0.4,0.55,0.1 220.658
0.4,0.55,0.15 388.409
0.4,0.55,0.2 382.591
0.4,0.55,0.25 370.223
0.4,0.55,0.3 120.136
0.4,0.55,0.35 136.676
0.4,0.55,0.4 86.5531
0.4,0.55,0.45 4.57108
0.4,0.55,0.5 0.00104284
0.4,0.6,0 6.01517e-08
0.4,0.6,0.05 146.954
0.4,0.6,0.1 605.908
0.4,0.6,0.15 370.547
0.4,0.6,0.2 604.014
0.4,0.6,0.25 464.174
0.4,0.6,0.3 312.319
0.4,0.6,0.35 272.073
0.4,0.6,0.4 156.247
0.4,0.6,0.45 3.40068
0.4,0.65,0 2.32439e-08
0.4,0.65,0.05 72.067
0.4,0.65,0.1 295.322
0.4,0.65,0.15 195.763
0.4,0.65,0.2 402.579
0.4,0.65,0.25 298.968
0.4,0.65,0.3 340.097
0.4,0.65,0.35 393.154
0.4,0.65,0.4 131.623
0.4,0.65,0.45 1.52873
0.4,0.7,0 2.16872e-10
0.4,0.7,0.05 17.1986
0.4,0.7,0.1 68.8292
0.4,0.7,0.15 20.753
0.4,0.7,0.2 21.4477
0.4,0.7,0.25 132.248
0.4,0.7,0.3 363.506
0.4,0.7,0.35 448.019
0.4,0.7,0.4 75.9011
0.4,0.7,0.45 0.0361992
0.4,0.75,0 2.05596e-07
0.4,0.75,0.05 21.9332
0.4,0.75,0.1 87.1903
0.4,0.75,0.15 21.6631
0.4,0.75,0.2 0.198815
0.4,0.75,0.25 25.2261
0.4,0.75,0.3 114.533
0.4,0.75,0.35 75.0131
0.4,0.75,0.4 8.02703
0.4,0.8,0 6.64996e-07
0.4,0.8,0.05 68.5247
0.4,0.8,0.1 272.347
0.4,0.8,0.15 67.6514
0.4,0.8,0.2 0.000823392
0.4,0.8,0.25 2.10047
0.4,0.8,0.3 10.3431
0.4,0.8,0.35 3.18017
0.4,0.8,0.4 0.000866846
0.4,0.85,0 1.34204e-07
0.4,0.85,0.05 13.8291
0.4,0.85,0.1 54.9628
0.4,0.85,0.15 13.6529
0.45,0.05,0.2 9.76101e-05
0.45,0.05,0.25 0.460782
0.45,0.05,0.3 7.12211
0.45,0.05,0.35 5.63497
0.45,0.05,0.4 0.154361
0.45,0.1,0.05 4.71836
0.45,0.1,0.1 66.2897
0.45,0.1,0.15 74.8869
0.45,0.1,0.2 31.7682
0.45,0.1,0.25 25.0115
0.45,0.1,0.3 116.386
