0.85,0.75,0.4 399.703
0.85,0.75,0.45 372.034
0.85,0.75,0.5 424.841
0.85,0.75,0.55 182.614
0.85,0.75,0.6 223.276
0.85,0.75,0.65 363.02
0.85,0.75,0.7 150.479
0.85,0.75,0.75 17.7968
0.85,0.75,0.8 5.43523
0.85,0.75,0.85 0.00380077
0.85,0.8,0.25 21.5288
0.85,0.8,0.3 231.883
0.85,0.8,0.35 173.695
0.85,0.8,0.4 181.304
0.85,0.8,0.45 160.531
0.85,0.8,0.5 49.0077
0.85,0.8,0.55 161.962
0.85,0.8,0.6 112.96
0.85,0.8,0.65 26.7058
0.85,0.8,0.7 12.0643
0.85,0.8,0.75 0.123729
0.85,0.85,0.25 1.24428
0.85,0.85,0.3 13.3403
0.85,0.85,0.35 8.36425
0.85,0.85,0.4 27.4898
0.85,0.85,0.45 110.011
0.85,0.85,0.5 45.2743
0.85,0.85,0.55 188.314
0.85,0.85,0.6 123.564
0.85,0.85,0.65 2.15456
0.85,0.9,0.4 3.32124
0.85,0.9,0.45 14.1834
0.85,0.9,0.5 4.72805
0.85,0.9,0.55 11.2135
0.85,0.9,0.6 7.35791
0.85,0.9,0.65 0.128298
0.9,0.05,0.4 0.0240482
0.9,0.05,0.45 0.570907
0.9,0.05,0.5 0.580974
0.9,0.05,0.55 0.0260618
0.9,0.1,0.4 1.29296
0.9,0.1,0.45 30.6951
0.9,0.1,0.5 31.2364
0.9,0.1,0.55 1.40122
0.9,0.15,0.25 0.0204764
0.9,0.15,0.3 2.65316
0.9,0.15,0.35 5.25003
0.9,0.15,0.4 2.5455
0.9,0.15,0.45 45.8956
0.9,0.15,0.5 47.7163
0.9,0.15,0.55 4.51449
0.9,0.15,0.6 11.7004
0.9,0.15,0.65 12.3703
0.9,0.15,0.7 8.33447
0.9,0.15,0.75 0.549183
0.9,0.2,0.25 0.903211
0.9,0.2,0.3 117.066
0.9,0.2,0.35 231.679
0.9,0.2,0.4 55.2644
0.9,0.2,0.45 127.153
0.9,0.2,0.5 154.402
0.9,0.2,0.55 148.482
0.9,0.2,0.6 109.232
0.9,0.2,0.65 159.825
0.9,0.2,0.7 163.697
0.9,0.2,0.75 10.8386
0.9,0.25,0.2 2.14197
0.9,0.25,0.25 27.2345
0.9,0.25,0.3 185.225
0.9,0.25,0.35 355.962
0.9,0.25,0.4 185.316
0.9,0.25,0.45 432.867
0.9,0.25,0.5 333.187
0.9,0.25,0.55 355.796
0.9,0.25,0.6 325.064
0.9,0.25,0.65 239.638
0.9,0.25,0.7 173.788
0.9,0.25,0.75 23.1148
0.9,0.25,0.8 5.06784
0.9,0.25,0.85 0.0106752
0.9,0.3,0.15 7.32924e-07
0.9,0.3,0.2 23.3695
0.9,0.3,0.25 312.948
0.9,0.3,0.3 340.709
0.9,0.3,0.35 390.677
0.9,0.3,0.4 409.472
0.9,0.3,0.45 412.646
0.9,0.3,0.5 230.806
0.9,0.3,0.55 306.721
0.9,0.3,0.6 438.101
0.9,0.3,0.65 504.921
0.9,0.3,0.7 163.971
0.9,0.3,0.75 125.939
0.9,0.3,0.8 47.1909
0.9,0.3,0.85 0.100526
0.9,0.35,0.15 0.0890097
0.9,0.35,0.2 51.6303
0.9,0.35,0.25 319.475
0.9,0.35,0.3 321.805
0.9,0.35,0.35 339.364
0.9,0.35,0.4 416.532
0.9,0.35,0.45 474.722
0.9,0.35,0.5 399.792
0.9,0.35,0.55 279.506
0.9,0.35,0.6 428.679
0.9,0.35,0.65 355.753
0.9,0.35,0.7 188.395
0.9,0.35,0.75 131.388
0.9,0.35,0.8 53.4803
0.9,0.35,0.85 0.326869
0.9,0.4,0.05 3.86446e-05
0.9,0.4,0.1 0.0193908
0.9,0.4,0.15 0.443364
0.9,0.4,0.2 160.541
0.9,0.4,0.25 533.864
0.9,0.4,0.3 469.916
0.9,0.4,0.35 427.752
0.9,0.4,0.4 491.339
0.9,0.4,0.45 444.597
0.9,0.4,0.5 324.8
0.9,0.4,0.55 329.992
0.9,0.4,0.6 293.909
0.9,0.4,0.65 222.955
0.9,0.4,0.7 196.73
0.9,0.4,0.75 130.814
0.9,0.4,0.8 61.5727
0.9,0.4,0.85 1.994
0.9,0.4,0.9 1.23444
0.9,0.4,0.95 0.0424651
0.9,0.45,0.05 0.0968086
0.9,0.45,0.1 48.5759
0.9,0.45,0.15 127.397
0.9,0.45,0.2 98.401
0.9,0.45,0.25 433.129
0.9,0.45,0.3 462.49
0.9,0.45,0.35 312.363
0.9,0.45,0.4 476.18
0.9,0.45,0.45 564.351
0.9,0.45,0.5 264.307
0.9,0.45,0.55 221.146
0.9,0.45,0.6 173.914
0.9,0.45,0.65 229.945
0.9,0.45,0.7 322.093
0.9,0.45,0.75 133.519
0.9,0.45,0.8 42.3808
0.9,0.45,0.85 30.5626
0.9,0.45,0.9 26.8487
0.9,0.45,0.95 0.923603
0.9,0.5,0.05 0.305569
0.9,0.5,0.1 153.326
0.9,0.5,0.15 401.625
0.9,0.5,0.2 103.591
0.9,0.5,0.25 398.493
0.9,0.5,0.3 737.658
0.9,0.5,0.35 347.467
0.9,0.5,0.4 390.346
0.9,0.5,0.45 377.801
0.9,0.5,0.5 214.827
0.9,0.5,0.55 216.168
0.9,0.5,0.6 294.304
0.9,0.5,0.65 254.567
0.9,0.5,0.7 139.394
0.9,0.5,0.75 178.096
0.9,0.5,0.8 77.5315
0.9,0.5,0.85 30.4282
0.9,0.5,0.9 26.0183
0.9,0.5,0.95 0.895035
0.9,0.55,0.05 0.0601415
0.9,0.55,0.1 30.1774
0.9,0.55,0.15 80.546
0.9,0.55,0.2 125.261
0.9,0.55,0.25 304.68
0.9,0.55,0.3 599.99
0.9,0.55,0.35 639.532
0.9,0.55,0.4 589.771
0.9,0.55,0.45 366.439
0.9,0.55,0.5 525.722
0.9,0.55,0.55 456.989
0.9,0.55,0.6 468.839
0.9,0.55,0.65 194.62
0.9,0.55,0.7 164.349
0.9,0.55,0.75 168.222
0.9,0.55,0.8 137.354
0.9,0.55,0.85 8.3294
0.9,0.55,0.9 1.0683
0.9,0.55,0.95 0.0367497
0.9,0.6,0.1 0.0939821
0.9,0.6,0.15 5.79849
0.9,0.6,0.2 189.619
0.9,0.6,0.25 564.276
0.9,0.6,0.3 343.707
0.9,0.6,0.35 434.064
0.9,0.6,0.4 339.851
0.9,0.6,0.45 451.289
0.9,0.6,0.5 436.898
0.9,0.6,0.55 366.902
0.9,0.6,0.6 477.44
0.9,0.6,0.65 241.521
0.9,0.6,0.7 364.647
0.9,0.6,0.75 151.502
0.9,0.6,0.8 68.1285
0.9,0.6,0.85 3.70511
0.9,0.65,0.1 3.09089
0.9,0.65,0.15 120.969
0.9,0.65,0.2 194.706
0.9,0.65,0.25 268.511
0.9,0.65,0.3 214.425
0.9,0.65,0.35 489.49
0.9,0.65,0.4 391.855
0.9,0.65,0.45 297.411
0.9,0.65,0.5 340.915
0.9,0.65,0.55 503.562
0.9,0.65,0.6 619.957
0.9,0.65,0.65 196.074
0.9,0.65,0.7 241.472
0.9,0.65,0.75 68.519
0.9,0.65,0.8 2.14129
0.9,0.65,0.85 0.0331921
0.9,0.7,0.1 3.71697
0.9,0.7,0.15 145.281
0.9,0.7,0.2 189.915
0.9,0.7,0.25 19.4999
0.9,0.7,0.3 31.1314
0.9,0.7,0.35 251.952
0.9,0.7,0.4 306.523
0.9,0.7,0.45 399.475
0.9,0.7,0.5 493.097
0.9,0.7,0.55 584.565
0.9,0.7,0.6 546.249
0.9,0.7,0.65 190.243
0.9,0.7,0.7 20.6005
0.9,0.7,0.75 9.87842
0.9,0.7,0.8 2.15764
0.9,0.7,0.85 0.00150898
0.9,0.75,0.1 0.220536
0.9,0.75,0.15 8.61983
0.9,0.75,0.2 11.2244
0.9,0.75,0.25 1.94498
0.9,0.75,0.3 44.4228
0.9,0.75,0.35 411.434
0.9,0.75,0.4 611.082
0.9,0.75,0.45 311.522
0.9,0.75,0.5 193.236
0.9,0.75,0.55 158.177
0.9,0.75,0.6 204.828
0.9,0.75,0.65 117.952
0.9,0.75,0.7 8.57522
0.9,0.75,0.75 0.551849
0.9,0.75,0.8 0.159541
0.9,0.75,0.85 0.00011158
0.9,0.8,0.25 1.41389
0.9,0.8,0.3 20.4549
0.9,0.8,0.35 79.8247
0.9,0.8,0.4 165.82
0.9,0.8,0.45 218.347
0.9,0.8,0.5 63.839
0.9,0.8,0.55 178.09
0.9,0.8,0.6 120.876
0.9,0.8,0.65 5.78295
0.9,0.8,0.7 0.656591
0.9,0.8,0.75 0.00646312
0.9,0.85,0.25 0.0820666
0.9,0.85,0.3 0.880104
0.9,0.85,0.35 0.538447
0.9,0.85,0.4 92.2397
0.9,0.85,0.45 393.766
0.9,0.85,0.5 123.049
0.9,0.85,0.55 213.657
0.9,0.85,0.6 140.194
0.9,0.85,0.65 2.44453
0.9,0.9,0.4 12.4041
0.9,0.9,0.45 52.9721
0.9,0.9,0.5 15.2073
0.9,0.9,0.55 12.7228
0.9,0.9,0.6 8.3482
0.9,0.9,0.65 0.145566
0.95,0.15,0.25 0.00462328
0.95,0.15,0.3 0.599044
0.95,0.15,0.35 1.18538
0.95,0.15,0.4 0.139525
0.95,0.15,0.45 0.00268807
0.95,0.15,0.5 0.0569451
0.95,0.15,0.55 0.0662001
0.95,0.15,0.6 0.00873547
0.95,0.15,0.65 0.191788
0.95,0.15,0.7 0.247817
0.95,0.15,0.75 0.0164296
0.95,0.2,0.25 0.203511
0.95,0.2,0.3 26.3691
0.95,0.2,0.35 52.1789
0.95,0.2,0.4 8.88197
0.95,0.2,0.45 10.9161
0.95,0.2,0.5 8.89909
0.95,0.2,0.55 7.97397
0.95,0.2,0.6 2.21021
0.95,0.2,0.65 4.06536
0.95,0.2,0.7 4.89091
0.95,0.2,0.75 0.324255
0.95,0.25,0.2 0.332873
0.95,0.25,0.25 5.57072
0.95,0.25,0.3 40.7385
0.95,0.25,0.35 75.8552
0.95,0.25,0.4 21.291
0.95,0.25,0.45 38.7633
0.95,0.25,0.5 21.2146
0.95,0.25,0.55 17.5623
0.95,0.25,0.6 10.5729
0.95,0.25,0.65 7.41627
0.95,0.25,0.7 5.25623
0.95,0.25,0.75 0.308391
0.95,0.25,0.8 0.00397574
0.95,0.25,0.85 8.37474e-06
0.95,0.3,0.2 4.1911
0.95,0.3,0.25 66.6472
0.95,0.3,0.3 59.1454
0.95,0.3,0.35 44.7363
0.95,0.3,0.4 37.1683
0.95,0.3,0.45 27.4919
0.95,0.3,0.5 10.9186
0.95,0.3,0.55 7.53197
0.95,0.3,0.6 10.8946
0.95,0.3,0.65 15.352
0.95,0.3,0.7 4.01396
0.95,0.3,0.75 0.114755
0.95,0.3,0.8 0.0369715
0.95,0.3,0.85 7.8375e-05
0.95,0.35,0.15 0.0210457
0.95,0.35,0.2 11.5902
0.95,0.35,0.25 69.8545
0.95,0.35,0.3 49.006
0.95,0.35,0.35 31.9785
0.95,0.35,0.4 31.8802
0.95,0.35,0.45 28.5654
0.95,0.35,0.5 19.4929
0.95,0.35,0.55 7.20203
0.95,0.35,0.6 7.51713
0.95,0.35,0.65 7.08948
0.95,0.35,0.7 1.35369
0.95,0.35,0.75 0.089358
0.95,0.35,0.8 0.0324005
0.95,0.35,0.85 0.000163082
0.95,0.4,0.05 9.42947e-06
0.95,0.4,0.1 0.00473145
0.95,0.4,0.15 0.102912
0.95,0.4,0.2 37.6758
0.95,0.4,0.25 115.772
0.95,0.4,0.3 79.1223
0.95,0.4,0.35 57.4143
0.95,0.4,0.4 49.7027
0.95,0.4,0.45 31.042
0.95,0.4,0.5 18.8794
0.95,0.4,0.55 13.6991
0.95,0.4,0.6 6.32503
0.95,0.4,0.65 2.50856
0.95,0.4,0.7 1.22516
0.95,0.4,0.75 0.207619
0.95,0.4,0.8 0.0284165
0.95,0.4,0.85 0.000267516
0.95,0.45,0.05 0.0236217
0.95,0.45,0.1 11.8527
0.95,0.45,0.15 31.0665
0.95,0.45,0.2 17.3237
0.95,0.45,0.25 54.2185
0.95,0.45,0.3 61.03
0.95,0.45,0.35 40.608
0.95,0.45,0.4 54.2709
0.95,0.45,0.45 50.3435
0.95,0.45,0.5 18.1506
0.95,0.45,0.55 6.29948
0.95,0.45,0.6 3.03824
0.95,0.45,0.65 3.76097
0.95,0.45,0.7 6.18791
0.95,0.45,0.75 1.17373
0.95,0.45,0.8 0.134393
0.95,0.45,0.85 0.000409848
0.95,0.5,0.05 0.0745602
0.95,0.5,0.1 37.4123
0.95,0.5,0.15 97.9845
0.95,0.5,0.2 18.3605
0.95,0.5,0.25 30.4101
0.95,0.5,0.3 82.2673
0.95,0.5,0.35 43.5844
0.95,0.5,0.4 42.2349
0.95,0.5,0.45 25.9365
0.95,0.5,0.5 9.37609
0.95,0.5,0.55 4.20062
0.95,0.5,0.6 5.28581
0.95,0.5,0.65 3.96877
0.95,0.5,0.7 2.65627
0.95,0.5,0.75 1.01548
0.95,0.5,0.8 0.33673
0.95,0.5,0.85 0.00573438
0.95,0.55,0.05 0.0146748
0.95,0.55,0.1 7.36342
0.95,0.55,0.15 19.3947
0.95,0.55,0.2 11.5149
0.95,0.55,0.25 30.1174
0.95,0.55,0.3 89.2301
0.95,0.55,0.35 81.9035
0.95,0.55,0.4 61.6081
0.95,0.55,0.45 23.9102
0.95,0.55,0.5 24.6663
0.95,0.55,0.55 15.9989
0.95,0.55,0.6 17.1196
0.95,0.55,0.65 5.39733
0.95,0.55,0.7 2.12644
0.95,0.55,0.75 1.27727
0.95,0.55,0.8 0.845088
0.95,0.55,0.85 0.0446064
0.95,0.6,0.1 0.00403307
0.95,0.6,0.15 0.312275
0.95,0.6,0.2 17.4839
0.95,0.6,0.25 77.7905
0.95,0.6,0.3 53.1798
0.95,0.6,0.35 35.6993
0.95,0.6,0.4 25.5821
0.95,0.6,0.45 31.6938
0.95,0.6,0.5 22.3009
0.95,0.6,0.55 12.4769
0.95,0.6,0.6 16.8888
0.95,0.6,0.65 7.86229
0.95,0.6,0.7 11.071
0.95,0.6,0.75 3.24962
0.95,0.6,0.8 0.427011
0.95,0.6,0.85 0.0232342
0.95,0.65,0.1 0.13264
0.95,0.65,0.15 5.19594
0.95,0.65,0.2 12.5532
0.95,0.65,0.25 47.6164
0.95,0.65,0.3 28.4567
0.95,0.65,0.35 21.1684
0.95,0.65,0.4 18.6824
0.95,0.65,0.45 24.4518
0.95,0.65,0.5 20.5007
0.95,0.65,0.55 28.2112
0.95,0.65,0.6 30.2458
0.95,0.65,0.65 8.77794
0.95,0.65,0.7 10.6
0.95,0.65,0.75 2.80445
0.95,0.65,0.8 0.00371854
0.95,0.65,0.85 0.000201343
0.95,0.7,0.1 0.159507
0.95,0.7,0.15 6.23446
0.95,0.7,0.2 8.2591
0.95,0.7,0.25 1.84197
0.95,0.7,0.3 4.52584
0.95,0.7,0.35 41.7302
0.95,0.7,0.4 44.6552
0.95,0.7,0.45 45.8844
0.95,0.7,0.5 43.3198
0.95,0.7,0.55 54.7592
0.95,0.7,0.6 33.905
0.95,0.7,0.65 10.0286
0.95,0.7,0.7 0.678235
0.95,0.7,0.75 0.15219
0.95,0.7,0.8 1.00142e-06
0.95,0.75,0.1 0.00946391
0.95,0.75,0.15 0.369905
0.95,0.75,0.2 0.481676
0.95,0.75,0.25 0.0323079
0.95,0.75,0.3 8.43355
0.95,0.75,0.35 101.738
0.95,0.75,0.4 117.05
0.95,0.75,0.45 41.3171
0.95,0.75,0.5 14.6283
0.95,0.75,0.55 14.8716
0.95,0.75,0.6 13.005
0.95,0.75,0.65 6.06544
0.95,0.75,0.7 0.0784667
0.95,0.8,0.3 1.41063
0.95,0.8,0.35 17.4587
0.95,0.8,0.4 32.4317
0.95,0.8,0.45 47.4696
0.95,0.8,0.5 11.9034
0.95,0.8,0.55 9.60248
0.95,0.8,0.6 6.5402
0.95,0.8,0.65 0.261139
0.95,0.8,0.7 0.00196608
0.95,0.85,0.4 21.5208
0.95,0.85,0.45 91.9053
0.95,0.85,0.5 25.4991
0.95,0.85,0.55 11.5421
0.95,0.85,0.6 7.57341
0.95,0.85,0.65 0.132056
0.95,0.9,0.4 2.89523
0.95,0.9,0.45 12.3642
0.95,0.9,0.5 3.35769
0.95,0.9,0.55 0.687321
0.95,0.9,0.6 0.450977
0.95,0.9,0.65 0.00786358
1,0.65,0.3 4.63375e-08
1,0.65,0.35 5.1777e-07
1,0.65,0.4 3.2438e-07
1,0.65,0.45 4.98823e-09
1,0.7,0.3 2.86805e-05
1,0.7,0.35 0.000320472
1,0.7,0.4 0.000200774
1,0.7,0.45 3.08745e-06
1,0.75,0.3 7.7511e-05
1,0.75,0.35 0.000866099
1,0.75,0.4 0.000542606
1,0.75,0.45 8.34406e-06
1,0.8,0.3 1.29649e-05
1,0.8,0.35 0.000144868
1,0.8,0.4 9.07588e-05
1,0.8,0.45 1.39567e-06
