0.4,0.85,0 8.87548e-11
0.4,0.85,0.05 11.1266
0.4,0.85,0.1 44.4797
0.4,0.85,0.15 11.1142
0.4,0.85,0.2 0.00091074
0.4,0.85,0.25 4.17637e-05
0.45,0.05,0 1.5661e-16
0.45,0.05,0.05 5.9364e-05
0.45,0.05,0.1 0.00025799
0.45,0.05,0.15 0.815019
0.45,0.05,0.2 7.30469
0.45,0.05,0.25 34.4116
0.45,0.05,0.3 15.8317
0.45,0.05,0.35 0.0912939
0.45,0.1,0 4.32236e-12
0.45,0.1,0.05 23.2283
0.45,0.1,0.1 93.0846
0.45,0.1,0.15 60.7806
0.45,0.1,0.2 178.675
0.45,0.1,0.25 382.046
0.45,0.1,0.3 171.213
0.45,0.1,0.35 2.98436
0.45,0.15,0 5.85599e-11
0.45,0.15,0.05 152.652
0.45,0.15,0.1 614.377
0.45,0.15,0.15 293.251
0.45,0.15,0.2 367.991
0.45,0.15,0.25 377.532
0.45,0.15,0.3 170.526
0.45,0.15,0.35 11.4392
0.45,0.2,0 2.31435e-10
0.45,0.2,0.05 163.691
0.45,0.2,0.1 659.2
0.45,0.2,0.15 278.335
0.45,0.2,0.2 286.472
0.45,0.2,0.25 190.37
0.45,0.2,0.3 33.1226
0.45,0.2,0.35 3.57517
0.45,0.25,0 2.25946e-10
0.45,0.25,0.05 117.509
0.45,0.25,0.1 473.31
0.45,0.25,0.15 182.305
0.45,0.25,0.2 402.622
0.45,0.25,0.25 280.273
0.45,0.25,0.3 15.0821
0.45,0.25,0.35 0.155742
0.45,0.3,0 7.57745e-10
0.45,0.3,0.05 137.91
0.45,0.3,0.1 573.199
0.45,0.3,0.15 455.047
0.45,0.3,0.2 640.249
0.45,0.3,0.25 263.24
0.45,0.3,0.3 33.9524
0.45,0.3,0.35 9.25754
0.45,0.3,0.4 0.175545
0.45,0.35,0 1.35149e-09
0.45,0.35,0.05 142.918
0.45,0.35,0.1 586.409
0.45,0.35,0.15 358.992
0.45,0.35,0.2 498.394
0.45,0.35,0.25 468.688
0.45,0.35,0.3 347.681
0.45,0.35,0.35 137.26
0.45,0.35,0.4 2.69623
0.45,0.4,0 7.6945e-10
0.45,0.4,0.05 76.6606
0.45,0.4,0.1 322.592
0.45,0.4,0.15 258.95
0.45,0.4,0.2 334.54
0.45,0.4,0.25 511.583
0.45,0.4,0.3 658.341
0.45,0.4,0.35 241.764
0.45,0.4,0.4 7.21944
0.45,0.45,0 1.19994e-10
0.45,0.45,0.05 74.0136
0.45,0.45,0.1 352.563
0.45,0.45,0.15 558.744
0.45,0.45,0.2 491.586
0.45,0.45,0.25 577.681
0.45,0.45,0.3 512.065
0.45,0.45,0.35 176.947
0.45,0.45,0.4 15.8261
0.45,0.45,0.45 0.0308268
0.45,0.5,0 8.34757e-10
0.45,0.5,0.05 115.432
0.45,0.5,0.1 503.458
0.45,0.5,0.15 463.85
0.45,0.5,0.2 585.042
0.45,0.5,0.25 465.06
0.45,0.5,0.3 1057.42
0.45,0.5,0.35 435.622
0.45,0.5,0.4 131.007
0.45,0.5,0.45 6.83118
0.45,0.55,0 4.47663e-09
0.45,0.55,0.05 109.883
0.45,0.55,0.1 471.867
0.45,0.55,0.15 426.754
0.45,0.55,0.2 712.246
0.45,0.55,0.25 389.388
0.45,0.55,0.3 749.733
0.45,0.55,0.35 446.98
0.45,0.55,0.4 282.721
0.45,0.55,0.45 15.3892
0.45,0.6,0 1.47217e-08
0.45,0.6,0.05 143.699
0.45,0.6,0.1 579.622
0.45,0.6,0.15 372.096
0.45,0.6,0.2 707.648
0.45,0.6,0.25 244.893
0.45,0.6,0.3 52.5672
0.45,0.6,0.35 43.0675
0.45,0.6,0.4 38.6346
0.45,0.6,0.45 2.10538
0.45,0.65,0 4.85193e-09
0.45,0.65,0.05 94.0272
0.45,0.65,0.1 378.748
0.45,0.65,0.15 237.401
0.45,0.65,0.2 368.132
0.45,0.65,0.25 87.8846
0.45,0.65,0.3 24.8764
0.45,0.65,0.35 1.61291
0.45,0.7,0 1.85599e-10
0.45,0.7,0.05 10.5985
0.45,0.7,0.1 50.8936
0.45,0.7,0.15 94.1395
0.45,0.7,0.2 128.654
0.45,0.7,0.25 25.3084
0.45,0.7,0.3 9.54715
0.45,0.7,0.35 0.62324
0.45,0.75,0 2.3538e-10
0.45,0.75,0.05 31.8992
0.45,0.75,0.1 149.814
0.45,0.75,0.15 294.74
0.45,0.75,0.2 325.304
0.45,0.75,0.25 38.4113
0.45,0.75,0.3 0.0489613
0.45,0.75,0.35 0.00133924
0.45,0.8,0 6.65369e-10
0.45,0.8,0.05 80.6118
0.45,0.8,0.1 326.481
0.45,0.8,0.15 150.066
0.45,0.8,0.2 86.4055
0.45,0.8,0.25 9.80456
0.45,0.8,0.3 0.00707956
0.45,0.85,0 1.37523e-10
0.45,0.85,0.05 13.5839
0.45,0.85,0.1 54.3029
0.45,0.85,0.15 13.5687
0.45,0.85,0.2 0.00119653
0.45,0.85,0.25 5.53712e-05
0.45,0.9,0 1.66874e-12
0.45,0.9,0.05 0.000257712
0.45,0.9,0.1 0.00102509
0.45,0.9,0.15 0.00025484
0.5,0.05,0.1 1.56639e-07
0.5,0.05,0.15 0.00618714
0.5,0.05,0.2 1.92415
0.5,0.05,0.25 14.8277
0.5,0.05,0.3 6.95678
0.5,0.05,0.35 0.0401166
0.5,0.1,0 5.81337e-13
0.5,0.1,0.05 5.65237
0.5,0.1,0.1 23.0252
0.5,0.1,0.15 16.4071
0.5,0.1,0.2 51.0503
0.5,0.1,0.25 247.389
0.5,0.1,0.3 160.208
0.5,0.1,0.35 11.725
0.5,0.15,0 3.30206e-11
0.5,0.15,0.05 39.2845
0.5,0.15,0.1 167.141
0.5,0.15,0.15 279.799
0.5,0.15,0.2 498.807
0.5,0.15,0.25 754.98
0.5,0.15,0.3 519.195
0.5,0.15,0.35 59.5988
0.5,0.2,0 1.0546e-10
0.5,0.2,0.05 115.113
0.5,0.2,0.1 485.325
0.5,0.2,0.15 522.568
0.5,0.2,0.2 726.67
0.5,0.2,0.25 508.685
0.5,0.2,0.3 170.622
0.5,0.2,0.35 19.3894
0.5,0.25,0 1.372e-10
0.5,0.25,0.05 99.4113
0.5,0.25,0.1 414.788
0.5,0.25,0.15 309.803
0.5,0.25,0.2 398.352
0.5,0.25,0.25 257.146
0.5,0.25,0.3 24.4321
0.5,0.25,0.35 0.0580054
0.5,0.3,0 8.03702e-10
0.5,0.3,0.05 158.949
0.5,0.3,0.1 693.816
0.5,0.3,0.15 805.12
0.5,0.3,0.2 532.925
0.5,0.3,0.25 116.525
0.5,0.3,0.3 95.9082
0.5,0.3,0.35 56.9232
0.5,0.3,0.4 1.10998
0.5,0.35,0 1.3749e-09
0.5,0.35,0.05 184.609
0.5,0.35,0.1 777.658
0.5,0.35,0.15 639.98
0.5,0.35,0.2 562.737
0.5,0.35,0.25 220.784
0.5,0.35,0.3 515.465
0.5,0.35,0.35 328.916
0.5,0.35,0.4 6.53276
0.5,0.4,0 1.06742e-09
0.5,0.4,0.05 97.109
0.5,0.4,0.1 399.066
0.5,0.4,0.15 299.54
0.5,0.4,0.2 369.959
0.5,0.4,0.25 352.476
0.5,0.4,0.3 700.253
0.5,0.4,0.35 287.893
0.5,0.4,0.4 4.89493
0.5,0.45,0 1.66914e-09
0.5,0.45,0.05 106.812
0.5,0.45,0.1 445.699
0.5,0.45,0.15 416.06
0.5,0.45,0.2 479.419
0.5,0.45,0.25 493.8
0.5,0.45,0.3 262.454
0.5,0.45,0.35 52.0159
0.5,0.45,0.4 0.673935
0.5,0.45,0.45 0.0147485
0.5,0.5,0 5.01305e-09
0.5,0.5,0.05 145.991
0.5,0.5,0.1 589.5
0.5,0.5,0.15 387.52
0.5,0.5,0.2 554.247
0.5,0.5,0.25 236.326
0.5,0.5,0.3 223.256
0.5,0.5,0.35 111.175
0.5,0.5,0.4 60.0339
0.5,0.5,0.45 3.26825
0.5,0.55,0 6.35302e-09
0.5,0.55,0.05 177.253
0.5,0.55,0.1 726.82
0.5,0.55,0.15 637.072
0.5,0.55,0.2 755.159
0.5,0.55,0.25 171.346
0.5,0.55,0.3 228.791
0.5,0.55,0.35 171.015
0.5,0.55,0.4 135.136
0.5,0.55,0.45 7.36267
0.5,0.6,0 3.50025e-09
0.5,0.6,0.05 96.0385
0.5,0.6,0.1 401.474
0.5,0.6,0.15 463.318
0.5,0.6,0.2 506.322
0.5,0.6,0.25 69.849
0.5,0.6,0.3 19.9171
0.5,0.6,0.35 19.8339
0.5,0.6,0.4 18.4836
0.5,0.6,0.45 1.00728
0.5,0.65,0 2.35742e-09
0.5,0.65,0.05 114.625
0.5,0.65,0.1 460.232
0.5,0.65,0.15 192.155
0.5,0.65,0.2 141.844
0.5,0.65,0.25 18.2848
0.5,0.65,0.3 0.015281
0.5,0.7,0 5.62934e-10
0.5,0.7,0.05 46.9447
0.5,0.7,0.1 269.387
0.5,0.7,0.15 166.294
0.5,0.7,0.2 83.9841
0.5,0.7,0.25 6.38647
0.5,0.75,0 4.28068e-09
0.5,0.75,0.05 42.3822
0.5,0.75,0.1 336.599
0.5,0.75,0.15 189.28
0.5,0.75,0.2 26.4508
0.5,0.75,0.25 1.40369
0.5,0.8,0 1.3358e-07
0.5,0.8,0.05 36.2642
0.5,0.8,0.1 165.456
0.5,0.8,0.15 56.0515
0.5,0.8,0.2 4.81244
0.5,0.8,0.25 0.214458
0.5,0.85,0 1.56851e-07
0.5,0.85,0.05 25.3658
0.5,0.85,0.1 100.92
0.5,0.85,0.15 25.0948
0.5,0.85,0.2 8.24443e-05
0.5,0.85,0.25 3.81526e-06
0.5,0.9,0 8.96276e-09
0.5,0.9,0.05 1.38416
0.5,0.9,0.1 5.50572
0.5,0.9,0.15 1.36874
0.55,0.05,0.2 0.00818472
0.55,0.05,0.25 0.0637998
0.55,0.05,0.3 0.0299437
0.55,0.05,0.35 0.000172671
0.55,0.1,0 3.04537e-12
0.55,0.1,0.05 0.0979386
0.55,0.1,0.1 2.40202
0.55,0.1,0.15 25.007
0.55,0.1,0.2 36.016
0.55,0.1,0.25 83.3874
0.55,0.1,0.3 43.7283
0.55,0.1,0.35 3.8313
0.55,0.15,0 8.59442e-10
0.55,0.15,0.05 30.634
0.55,0.15,0.1 137.167
0.55,0.15,0.15 247.834
0.55,0.15,0.2 353.353
0.55,0.15,0.25 474.235
0.55,0.15,0.3 220.474
0.55,0.15,0.35 20.0976
0.55,0.2,0 2.03691e-09
0.55,0.2,0.05 105.746
0.55,0.2,0.1 469.967
0.55,0.2,0.15 701.38
0.55,0.2,0.2 718.189
0.55,0.2,0.25 354.264
0.55,0.2,0.3 135.857
0.55,0.2,0.35 8.74482
0.55,0.25,0 3.20228e-10
0.55,0.25,0.05 62.0864
0.55,0.25,0.1 291.694
0.55,0.25,0.15 617.276
0.55,0.25,0.2 587.22
0.55,0.25,0.25 714.793
0.55,0.25,0.3 309.631
0.55,0.25,0.35 4.78105
0.55,0.25,0.4 2.20762e-05
0.55,0.3,0 3.6376e-10
0.55,0.3,0.05 102.73
0.55,0.3,0.1 435.181
0.55,0.3,0.15 508.861
0.55,0.3,0.2 532.825
0.55,0.3,0.25 583.464
0.55,0.3,0.3 228.863
0.55,0.3,0.35 26.2028
0.55,0.3,0.4 0.470015
0.55,0.35,0 1.67733e-09
0.55,0.35,0.05 148.886
0.55,0.35,0.1 602.441
0.55,0.35,0.15 267.482
0.55,0.35,0.2 167.604
0.55,0.35,0.25 72.1949
0.55,0.35,0.3 166.301
0.55,0.35,0.35 104.626
0.55,0.35,0.4 2.01509
0.55,0.4,0 1.14055e-09
0.55,0.4,0.05 78.83
0.55,0.4,0.1 316.671
0.55,0.4,0.15 123.575
0.55,0.4,0.2 110.245
0.55,0.4,0.25 112.803
0.55,0.4,0.3 109.961
0.55,0.4,0.35 41.926
0.55,0.4,0.4 0.657
0.55,0.45,0 1.94604e-09
0.55,0.45,0.05 112.884
0.55,0.45,0.1 455.878
0.55,0.45,0.15 280.761
0.55,0.45,0.2 448.431
0.55,0.45,0.25 368.763
0.55,0.45,0.3 62.7943
0.55,0.45,0.35 4.88482
0.55,0.45,0.4 0.0189243
0.55,0.45,0.45 9.20424e-05
0.55,0.5,0 2.97876e-09
0.55,0.5,0.05 100.755
0.55,0.5,0.1 421.788
0.55,0.5,0.15 560.678
0.55,0.5,0.2 715.422
0.55,0.5,0.25 164.69
0.55,0.5,0.3 10.5672
0.55,0.5,0.35 0.416849
0.55,0.5,0.4 0.374268
0.55,0.5,0.45 0.0203965
0.55,0.55,0 4.29293e-09
0.55,0.55,0.05 85.3704
0.55,0.55,0.1 417.77
0.55,0.55,0.15 753.407
0.55,0.55,0.2 726.605
0.55,0.55,0.25 109.314
0.55,0.55,0.3 3.08837
0.55,0.55,0.35 0.878223
0.55,0.55,0.4 0.843147
0.55,0.55,0.45 0.045949
0.55,0.6,0 4.28921e-09
0.55,0.6,0.05 89.2155
0.55,0.6,0.1 418.11
0.55,0.6,0.15 497.775
0.55,0.6,0.2 339.433
0.55,0.6,0.25 54.9325
0.55,0.6,0.3 1.37838
0.55,0.6,0.35 0.117214
0.55,0.6,0.4 0.11535
0.55,0.6,0.45 0.00628624
0.55,0.65,0 8.54032e-10
0.55,0.65,0.05 60.7965
0.55,0.65,0.1 266.348
0.55,0.65,0.15 424.533
0.55,0.65,0.2 417.193
0.55,0.65,0.25 34.6929
0.55,0.65,0.3 0.0482051
0.55,0.7,0 1.304e-10
0.55,0.7,0.05 71.2795
0.55,0.7,0.1 425.193
0.55,0.7,0.15 642.845
0.55,0.7,0.2 594.99
0.55,0.7,0.25 40.7911
0.55,0.7,0.3 0.00124258
0.55,0.75,0 1.43001e-08
0.55,0.75,0.05 123.741
0.55,0.75,0.1 686.978
0.55,0.75,0.15 300.973
0.55,0.75,0.2 55.0466
0.55,0.75,0.25 3.75814
0.55,0.8,0 4.45858e-07
0.55,0.8,0.05 149.588
0.55,0.8,0.1 615.523
0.55,0.8,0.15 162.433
0.55,0.8,0.2 0.13733
0.55,0.85,0 5.23551e-07
0.55,0.85,0.05 89.3176
0.55,0.85,0.1 355.453
0.55,0.85,0.15 88.4116
0.55,0.9,0 2.99179e-08
0.55,0.9,0.05 5.75641
0.55,0.9,0.1 22.9211
0.55,0.9,0.15 5.70429
0.55,0.95,0 9.51499e-18
0.55,0.95,0.05 1.11451e-05
0.55,0.95,0.1 4.45676e-05
0.55,0.95,0.15 1.11387e-05
0.6,0.1,0 3.64916e-12
0.6,0.1,0.05 0.1168
0.6,0.1,0.1 7.10741
0.6,0.1,0.15 76.97
0.6,0.1,0.2 50.5977
0.6,0.1,0.25 4.34849
0.6,0.1,0.3 0.924345
0.6,0.1,0.35 0.00300619
0.6,0.15,0 1.03076e-09
0.6,0.15,0.05 35.059
0.6,0.15,0.1 180.001
0.6,0.15,0.15 474.136
0.6,0.15,0.2 292.402
0.6,0.15,0.25 29.9468
0.6,0.15,0.3 6.6206
0.6,0.15,0.35 0.113423
0.6,0.2,0 2.46641e-09
0.6,0.2,0.05 138.396
0.6,0.2,0.1 580.747
0.6,0.2,0.15 429.386
0.6,0.2,0.2 283.513
0.6,0.2,0.25 263.276
0.6,0.2,0.3 177.597
0.6,0.2,0.35 7.56513
0.6,0.25,0 3.85386e-10
0.6,0.25,0.05 105.056
0.6,0.25,0.1 489.915
0.6,0.25,0.15 583.517
0.6,0.25,0.2 535.114
0.6,0.25,0.25 859.189
0.6,0.25,0.3 496.306
0.6,0.25,0.35 21.4146
0.6,0.25,0.4 0.00156709
0.6,0.3,0 1.38971e-10
0.6,0.3,0.05 65.0069
0.6,0.3,0.1 338.802
0.6,0.3,0.15 603.41
0.6,0.3,0.2 768.845
0.6,0.3,0.25 767.16
0.6,0.3,0.3 416.374
0.6,0.3,0.35 64.2238
0.6,0.3,0.4 0.0145834
0.6,0.35,0 8.00176e-10
0.6,0.35,0.05 172.901
0.6,0.35,0.1 710.515
0.6,0.35,0.15 365.163
0.6,0.35,0.2 271.415
0.6,0.35,0.25 111.435
0.6,0.35,0.3 112.052
0.6,0.35,0.35 30.595
0.6,0.35,0.4 0.0137371
0.6,0.4,0 3.4986e-10
0.6,0.4,0.05 81.139
0.6,0.4,0.1 325.318
0.6,0.4,0.15 165.932
0.6,0.4,0.2 176.398
0.6,0.4,0.25 27.7539
0.6,0.4,0.3 1.52024
0.6,0.4,0.35 0.301102
0.6,0.4,0.4 0.00197435
0.6,0.45,0 9.10597e-10
0.6,0.45,0.05 154.988
0.6,0.45,0.1 621.618
0.6,0.45,0.15 410.481
0.6,0.45,0.2 574.697
0.6,0.45,0.25 103.116
0.6,0.45,0.3 2.90607
0.6,0.45,0.35 6.41583e-08
0.6,0.45,0.4 1.24821e-09
0.6,0.5,0 1.86335e-09
0.6,0.5,0.05 144.183
0.6,0.5,0.1 586.502
0.6,0.5,0.15 425.652
0.6,0.5,0.2 572.166
0.6,0.5,0.25 114.318
0.6,0.5,0.3 2.07737
0.6,0.55,0 5.17437e-10
0.6,0.55,0.05 20.7066
0.6,0.55,0.1 167.419
0.6,0.55,0.15 451.939
0.6,0.55,0.2 547.363
0.6,0.55,0.25 299.967
0.6,0.55,0.3 12.3368
0.6,0.6,0 3.71389e-10
0.6,0.6,0.05 12.2004
0.6,0.6,0.1 156.896
0.6,0.6,0.15 647.703
0.6,0.6,0.2 671.905
0.6,0.6,0.25 269.18
0.6,0.6,0.3 7.14475
0.6,0.65,0 4.31997e-11
0.6,0.65,0.05 82.332
0.6,0.65,0.1 417.12
0.6,0.65,0.15 909.934
0.6,0.65,0.2 849.056
0.6,0.65,0.25 132.889
0.6,0.65,0.3 0.4899
0.6,0.7,0 5.22762e-12
0.6,0.7,0.05 106.11
0.6,0.7,0.1 591.397
0.6,0.7,0.15 911.127
0.6,0.7,0.2 670.713
0.6,0.7,0.25 41.2194
0.6,0.7,0.3 0.0146721
0.6,0.75,0 3.47347e-09
0.6,0.75,0.05 119.943
0.6,0.75,0.1 613.034
0.6,0.75,0.15 265.383
0.6,0.75,0.2 46.3782
0.6,0.75,0.25 2.59656
0.6,0.8,0 9.40025e-08
0.6,0.8,0.05 160.283
0.6,0.8,0.1 664.651
0.6,0.8,0.15 184.65
0.6,0.8,0.2 0.939486
0.6,0.85,0 1.09315e-07
0.6,0.85,0.05 109.346
0.6,0.85,0.1 437.261
0.6,0.85,0.15 109.528
0.6,0.85,0.2 0.0189971
0.6,0.9,0 6.2527e-09
0.6,0.9,0.05 22.1589
0.6,0.9,0.1 88.5901
0.6,0.9,0.15 22.1361
0.6,0.95,0 1.77506e-16
0.6,0.95,0.05 0.000207916
0.6,0.95,0.1 0.000831427
0.6,0.95,0.15 0.000207798
0.65,0.1,0 2.15294e-13
0.65,0.1,0.05 0.00694888
0.65,0.1,0.1 3.79053
0.65,0.1,0.15 33.782
0.65,0.1,0.2 18.3286
0.65,0.1,0.25 0.210708
0.65,0.15,0 6.14486e-11
0.65,0.15,0.05 5.93852
0.65,0.15,0.1 70.2722
0.65,0.15,0.15 386.907
0.65,0.15,0.2 210.015
0.65,0.15,0.25 26.6972
0.65,0.15,0.3 1.86891
0.65,0.15,0.35 0.0215376
0.65,0.2,0 1.94591e-09
0.65,0.2,0.05 62.9726
0.65,0.2,0.1 289.569
0.65,0.2,0.15 354.179
0.65,0.2,0.2 378.13
0.65,0.2,0.25 315.65
0.65,0.2,0.3 51.6607
0.65,0.2,0.35 1.65423
0.65,0.25,0 8.53065e-09
0.65,0.25,0.05 123.81
0.65,0.25,0.1 576.734
0.65,0.25,0.15 352.9
0.65,0.25,0.2 380.838
0.65,0.25,0.25 299.148
0.65,0.25,0.3 120.629
0.65,0.25,0.35 15.3949
0.65,0.25,0.4 0.00257977
0.65,0.3,0 2.58243e-09
0.65,0.3,0.05 88.0298
0.65,0.3,0.1 489.428
0.65,0.3,0.15 654.199
0.65,0.3,0.2 572.17
0.65,0.3,0.25 206.869
0.65,0.3,0.3 356.354
0.65,0.3,0.35 102.405
0.65,0.3,0.4 0.0209877
0.65,0.35,0 3.51709e-10
0.65,0.35,0.05 162.486
0.65,0.35,0.1 697.288
0.65,0.35,0.15 439.038
0.65,0.35,0.2 178.478
0.65,0.35,0.25 57.4597
0.65,0.35,0.3 165.961
0.65,0.35,0.35 49.6905
0.65,0.35,0.4 0.010215
0.65,0.4,0 1.71021e-10
0.65,0.4,0.05 100.832
0.65,0.4,0.1 404.429
