0.65,0.4,0.35 0.345782
0.65,0.4,0.4 0.000301975
0.65,0.45,0 2.58977e-10
0.65,0.45,0.05 156.243
0.65,0.45,0.1 625.789
0.65,0.45,0.15 272.272
0.65,0.45,0.2 307.172
0.65,0.45,0.25 51.7598
0.65,0.5,0 2.92729e-10
0.65,0.5,0.05 93.5497
0.65,0.5,0.1 375.594
0.65,0.5,0.15 336.784
0.65,0.5,0.2 671.709
0.65,0.5,0.25 124.841
0.65,0.5,0.3 0.574428
0.65,0.55,0 6.21587e-11
0.65,0.55,0.05 44.569
0.65,0.55,0.1 186.319
0.65,0.55,0.15 294.833
0.65,0.55,0.2 623.673
0.65,0.55,0.25 178.288
0.65,0.55,0.3 5.36857
0.65,0.6,0 4.93358e-11
0.65,0.6,0.05 49.5672
0.65,0.6,0.1 220.644
0.65,0.6,0.15 378.695
0.65,0.6,0.2 618.209
0.65,0.6,0.25 178.456
0.65,0.6,0.3 3.4303
0.65,0.65,0 1.44239e-10
0.65,0.65,0.05 89.5018
0.65,0.65,0.1 431.056
0.65,0.65,0.15 413.652
0.65,0.65,0.2 309.426
0.65,0.65,0.25 81.4411
0.65,0.65,0.3 0.53228
0.65,0.7,0 4.39244e-11
0.65,0.7,0.05 37.8729
0.65,0.7,0.1 370.528
0.65,0.7,0.15 542.318
0.65,0.7,0.2 138.254
0.65,0.7,0.25 8.43524
0.65,0.7,0.3 0.020207
0.65,0.75,0 3.29656e-10
0.65,0.75,0.05 35.603
0.65,0.75,0.1 383.527
0.65,0.75,0.15 382.364
0.65,0.75,0.2 29.1293
0.65,0.75,0.25 0.257927
0.65,0.8,0 7.41904e-10
0.65,0.8,0.05 78.0816
0.65,0.8,0.1 448.653
0.65,0.8,0.15 258.761
0.65,0.8,0.2 10.8633
0.65,0.8,0.25 1.12322e-07
0.65,0.85,0 1.7205e-10
0.65,0.85,0.05 77.9876
0.65,0.85,0.1 314.923
0.65,0.85,0.15 82.016
0.65,0.85,0.2 0.245648
0.65,0.9,0 1.99767e-11
0.65,0.9,0.05 18.789
0.65,0.9,0.1 75.1345
0.65,0.9,0.15 18.7783
0.65,0.95,0 1.57188e-16
0.65,0.95,0.05 0.000184117
0.65,0.95,0.1 0.000736258
0.65,0.95,0.15 0.000184012
0.7,0.1,0 -7.72849e-19
0.7,0.1,0.05 0.000580121
0.7,0.1,0.1 0.487925
0.7,0.1,0.15 5.28795
0.7,0.1,0.2 3.24866
0.7,0.1,0.25 0.0472884
0.7,0.15,0 -1.92792e-14
0.7,0.15,0.05 25.3641
0.7,0.15,0.1 108.056
0.7,0.15,0.15 97.295
0.7,0.15,0.2 47.2177
0.7,0.15,0.25 6.11825
0.7,0.15,0.3 0.572854
0.7,0.2,0 2.86482e-13
0.7,0.2,0.05 117.479
0.7,0.2,0.1 475.301
0.7,0.2,0.15 170.25
0.7,0.2,0.2 73.3169
0.7,0.2,0.25 75.0292
0.7,0.2,0.3 7.80111
0.7,0.25,0 4.30041e-13
0.7,0.25,0.05 128.937
0.7,0.25,0.1 530.365
0.7,0.25,0.15 163.31
0.7,0.25,0.2 96.4685
0.7,0.25,0.25 68.5885
0.7,0.25,0.3 8.3187
0.7,0.25,0.35 0.918264
0.7,0.25,0.4 0.000801929
0.7,0.3,0 4.10655e-11
0.7,0.3,0.05 33.3099
0.7,0.3,0.1 157.428
0.7,0.3,0.15 161.366
0.7,0.3,0.2 230.106
0.7,0.3,0.25 51.4185
0.7,0.3,0.3 21.9401
0.7,0.3,0.35 7.46188
0.7,0.3,0.4 0.00651653
0.7,0.35,0 8.59671e-09
0.7,0.35,0.05 48.3287
0.7,0.35,0.1 202.428
0.7,0.35,0.15 121.63
0.7,0.35,0.2 69.8328
0.7,0.35,0.25 11.5082
0.7,0.35,0.3 10.6074
0.7,0.35,0.35 3.62827
0.7,0.35,0.4 0.00316861
0.7,0.4,0 1.97061e-08
0.7,0.4,0.05 150.057
0.7,0.4,0.1 611.04
0.7,0.4,0.15 220.29
0.7,0.4,0.2 41.422
0.7,0.4,0.25 0.658747
0.7,0.4,0.3 0.070628
0.7,0.4,0.35 0.0241584
0.7,0.4,0.4 2.10978e-05
0.7,0.45,0 2.8258e-09
0.7,0.45,0.05 123.739
0.7,0.45,0.1 560.575
0.7,0.45,0.15 200.644
0.7,0.45,0.2 66.4006
0.7,0.45,0.25 10.4913
0.7,0.5,0 1.16728e-10
0.7,0.5,0.05 130.27
0.7,0.5,0.1 613.618
0.7,0.5,0.15 340.956
0.7,0.5,0.2 317.416
0.7,0.5,0.25 48.9499
0.7,0.5,0.3 0.000313201
0.7,0.55,0 6.07299e-11
0.7,0.55,0.05 102.361
0.7,0.55,0.1 501.144
0.7,0.55,0.15 421.813
0.7,0.55,0.2 534.008
0.7,0.55,0.25 72.8178
0.7,0.55,0.3 0.0032721
0.7,0.6,0 7.00066e-11
0.7,0.6,0.05 86.3331
0.7,0.6,0.1 356.883
0.7,0.6,0.15 308.15
0.7,0.6,0.2 457.585
0.7,0.6,0.25 60.7931
0.7,0.6,0.3 0.00921516
0.7,0.65,0 1.46026e-10
0.7,0.65,0.05 78.0044
0.7,0.65,0.1 345.687
0.7,0.65,0.15 188.231
0.7,0.65,0.2 53.3511
0.7,0.65,0.25 5.01144
0.7,0.65,0.3 0.00732213
0.7,0.7,0 4.2527e-11
0.7,0.7,0.05 23.1788
0.7,0.7,0.1 241.686
0.7,0.7,0.15 463.054
0.7,0.7,0.2 99.7282
0.7,0.7,0.25 0.0715315
0.7,0.7,0.3 0.000293336
0.7,0.75,0 6.10148e-12
0.7,0.75,0.05 3.64676
0.7,0.75,0.1 136.991
0.7,0.75,0.15 239.532
0.7,0.75,0.2 37.0363
0.7,0.75,0.25 0.00952115
0.7,0.8,0 2.01839e-09
0.7,0.8,0.05 13.4459
0.7,0.8,0.1 114.721
0.7,0.8,0.15 94.395
0.7,0.8,0.2 4.8869
0.7,0.8,0.25 4.56633e-06
0.7,0.85,0 8.01202e-09
0.7,0.85,0.05 41.3292
0.7,0.85,0.1 166.419
0.7,0.85,0.15 43.0217
0.7,0.85,0.2 0.110282
0.7,0.9,0 2.00013e-09
0.7,0.9,0.05 10.3149
0.7,0.9,0.1 41.1903
0.7,0.9,0.15 10.2803
0.7,0.95,0 5.43256e-18
0.7,0.95,0.05 6.36324e-06
0.7,0.95,0.1 2.54457e-05
0.7,0.95,0.15 6.35962e-06
0.75,0.1,0 -4.45664e-19
0.75,0.1,0.05 0.000334528
0.75,0.1,0.1 0.00133806
0.75,0.1,0.15 0.000334504
0.75,0.15,0 -1.9462e-14
0.75,0.15,0.05 14.6087
0.75,0.15,0.1 58.4327
0.75,0.15,0.15 14.6076
0.75,0.2,0 -7.13191e-14
0.75,0.2,0.05 59.7283
0.75,0.2,0.1 238.941
0.75,0.2,0.15 59.7423
0.75,0.2,0.2 0.000193639
0.75,0.2,0.25 4.3152e-05
0.75,0.25,0 -1.63324e-14
0.75,0.25,0.05 39.4627
0.75,0.25,0.1 158.005
0.75,0.25,0.15 39.7345
0.75,0.25,0.2 0.694208
0.75,0.25,0.25 0.154703
0.75,0.3,0 7.77941e-11
0.75,0.3,0.05 7.63423
0.75,0.3,0.1 30.5831
0.75,0.3,0.15 8.34085
0.75,0.3,0.2 2.28722
0.75,0.3,0.25 0.502781
0.75,0.35,0 1.88688e-08
0.75,0.35,0.05 52.2347
0.75,0.35,0.1 219.043
0.75,0.35,0.15 166.653
0.75,0.35,0.2 70.9032
0.75,0.35,0.25 1.13157
0.75,0.4,0 4.33435e-08
0.75,0.4,0.05 152.528
0.75,0.4,0.1 650.928
0.75,0.4,0.15 513.957
0.75,0.4,0.2 219.174
0.75,0.4,0.25 3.20361
0.75,0.45,0 6.06954e-09
0.75,0.45,0.05 82.1877
0.75,0.45,0.1 457.105
0.75,0.45,0.15 276.196
0.75,0.45,0.2 64.2716
0.75,0.45,0.25 0.724957
0.75,0.5,0 1.37462e-11
0.75,0.5,0.05 60.9243
0.75,0.5,0.1 473.331
0.75,0.5,0.15 528.064
0.75,0.5,0.2 143.124
0.75,0.5,0.25 1.51113
0.75,0.55,0 9.25687e-12
0.75,0.55,0.05 51.7633
0.75,0.55,0.1 428.006
0.75,0.55,0.15 400.982
0.75,0.55,0.2 167.557
0.75,0.55,0.25 13.5247
0.75,0.6,0 8.09492e-12
0.75,0.6,0.05 32.7628
0.75,0.6,0.1 154.741
0.75,0.6,0.15 126.054
0.75,0.6,0.2 146.488
0.75,0.6,0.25 17.0743
0.75,0.65,0 6.7642e-12
0.75,0.65,0.05 14.9598
0.75,0.65,0.1 72.8541
0.75,0.65,0.15 85.1335
0.75,0.65,0.2 30.6934
0.75,0.65,0.25 1.21286
0.75,0.7,0 1.87689e-12
0.75,0.7,0.05 1.48617
0.75,0.7,0.1 72.7608
0.75,0.7,0.15 336.405
0.75,0.7,0.2 105.185
0.75,0.7,0.25 0.0391859
0.75,0.75,0 2.65199e-11
0.75,0.75,0.05 0.130292
0.75,0.75,0.1 22.3553
0.75,0.75,0.15 108.34
0.75,0.75,0.2 33.8789
0.75,0.75,0.25 0.0126148
0.75,0.8,0 6.47176e-09
0.75,0.8,0.05 30.6553
0.75,0.8,0.1 122.702
0.75,0.8,0.15 30.9821
0.75,0.8,0.2 0.0393797
0.75,0.8,0.25 6.05008e-06
0.75,0.85,0 2.26947e-08
0.75,0.85,0.05 108.816
0.75,0.85,0.1 434.498
0.75,0.85,0.15 108.438
0.75,0.85,0.2 0.00052411
0.75,0.9,0 5.3693e-09
0.75,0.9,0.05 25.8896
0.75,0.9,0.1 103.375
0.75,0.9,0.15 25.7978
0.8,0.05,0 1.96048e-11
0.8,0.05,0.05 1.15495
0.8,0.05,0.1 4.61623
0.8,0.05,0.15 1.15317
0.8,0.1,0 2.31151e-10
0.8,0.1,0.05 13.6174
0.8,0.1,0.1 54.4276
0.8,0.1,0.15 13.5964
0.8,0.15,0 1.50684e-10
0.8,0.15,0.05 9.05319
0.8,0.15,0.1 36.1854
0.8,0.15,0.15 9.0395
0.8,0.2,0 2.58135e-12
0.8,0.2,0.05 0.797706
0.8,0.2,0.1 3.19026
0.8,0.2,0.15 0.797425
0.8,0.2,0.2 2.24468e-15
0.8,0.25,0 -1.96951e-16
0.8,0.25,0.05 0.147927
0.8,0.25,0.1 0.591688
0.8,0.25,0.15 0.147917
0.8,0.25,0.2 9.85797e-15
0.8,0.3,0 1.03922e-11
0.8,0.3,0.05 0.0225475
0.8,0.3,0.1 0.0916333
0.8,0.3,0.15 0.0404653
0.8,0.3,0.2 0.0110896
0.8,0.3,0.25 0.00016211
0.8,0.35,0 2.51983e-09
0.8,0.35,0.05 5.86233
0.8,0.35,0.1 26.8994
0.8,0.35,0.15 44.0307
0.8,0.35,0.2 23.5019
0.8,0.35,0.25 0.343557
0.8,0.4,0 5.78638e-09
0.8,0.4,0.05 19.6449
0.8,0.4,0.1 90.2919
0.8,0.4,0.15 138.996
0.8,0.4,0.2 73.1144
0.8,0.4,0.25 1.06877
0.8,0.45,0 8.10276e-10
0.8,0.45,0.05 13.3696
0.8,0.45,0.1 72.7919
0.8,0.45,0.15 79.1781
0.8,0.45,0.2 28.3761
0.8,0.45,0.25 0.245401
0.8,0.5,0 2.5302e-12
0.8,0.5,0.05 9.317
0.8,0.5,0.1 93.2288
0.8,0.5,0.15 247.792
0.8,0.5,0.2 89.3355
0.8,0.5,0.25 0.242136
0.8,0.55,0 1.29552e-11
0.8,0.55,0.05 77.9275
0.8,0.55,0.1 352.416
0.8,0.55,0.15 186.838
0.8,0.55,0.2 35.681
0.8,0.55,0.25 0.181629
0.8,0.6,0 1.35796e-11
0.8,0.6,0.05 141.903
0.8,0.6,0.1 570.753
0.8,0.6,0.15 145.17
0.8,0.6,0.2 1.1452
0.8,0.6,0.25 0.119785
0.8,0.65,0 1.51337e-12
0.8,0.65,0.05 76.9784
0.8,0.65,0.1 308.771
0.8,0.65,0.15 81.4465
0.8,0.65,0.2 1.47218
0.8,0.65,0.25 0.00899007
0.8,0.7,0 2.27173e-13
0.8,0.7,0.05 4.71673
0.8,0.7,0.1 23.4071
0.8,0.7,0.15 27.6599
0.8,0.7,0.2 7.22839
0.8,0.7,0.25 0.00269735
0.8,0.75,0 2.78316e-10
0.8,0.75,0.05 1.40664
0.8,0.75,0.1 7.07967
0.8,0.75,0.15 8.78833
0.8,0.75,0.2 2.32698
0.8,0.75,0.25 0.000868334
0.8,0.8,0 1.35993e-08
0.8,0.8,0.05 59.6748
0.8,0.8,0.1 238.268
0.8,0.8,0.15 59.4716
0.8,0.8,0.2 0.00323513
0.8,0.8,0.25 4.16455e-07
0.8,0.85,0 2.1173e-08
0.8,0.85,0.05 93.7069
0.8,0.85,0.1 374.2
0.8,0.85,0.15 93.5388
0.8,0.85,0.2 0.0336822
0.8,0.9,0 2.16719e-09
0.8,0.9,0.05 9.81899
0.8,0.9,0.1 39.2492
0.8,0.9,0.15 9.92205
0.8,0.9,0.2 0.0269769
0.8,0.95,0.05 5.62946e-07
0.8,0.95,0.1 0.00124573
0.8,0.95,0.15 0.00389024
0.8,0.95,0.2 0.000757294
0.85,0.05,0 1.24806e-10
0.85,0.05,0.05 7.35247
0.85,0.05,0.1 29.3872
0.85,0.05,0.15 7.34114
0.85,0.1,0 1.47152e-09
0.85,0.1,0.05 86.6892
0.85,0.1,0.1 346.489
0.85,0.1,0.15 86.5556
0.85,0.15,0 9.59267e-10
0.85,0.15,0.05 56.5117
0.85,0.15,0.1 225.873
0.85,0.15,0.15 56.4246
0.85,0.2,0 1.64385e-11
0.85,0.2,0.05 0.968414
0.85,0.2,0.1 3.87067
0.85,0.2,0.15 0.966922
0.85,0.3,0.1 1.14561e-06
0.85,0.3,0.15 1.24982e-05
0.85,0.3,0.2 7.69057e-06
0.85,0.3,0.25 1.12422e-07
0.85,0.35,0 1.07736e-14
0.85,0.35,0.05 2.69568
0.85,0.35,0.1 10.7846
0.85,0.35,0.15 2.7219
0.85,0.35,0.2 0.0162985
0.85,0.35,0.25 0.000238255
0.85,0.4,0 1.87135e-12
0.85,0.4,0.05 65.1541
0.85,0.4,0.1 260.61
0.85,0.4,0.15 65.2295
0.85,0.4,0.2 0.050703
0.85,0.4,0.25 0.000741187
0.85,0.45,0 1.20937e-10
0.85,0.45,0.05 93.3
0.85,0.45,0.1 373.234
0.85,0.45,0.15 93.931
0.85,0.45,0.2 0.2701
0.85,0.45,0.25 0.000844833
0.85,0.5,0 2.02537e-10
0.85,0.5,0.05 49.5223
0.85,0.5,0.1 198.623
0.85,0.5,0.15 53.5548
0.85,0.5,0.2 1.63677
0.85,0.5,0.25 0.00440916
0.85,0.55,0 2.50876e-11
0.85,0.55,0.05 37.5337
0.85,0.55,0.1 150.347
0.85,0.55,0.15 39.0998
0.85,0.55,0.2 0.634709
0.85,0.55,0.25 0.0017098
0.85,0.6,0 6.1264e-12
0.85,0.6,0.05 61.2836
0.85,0.6,0.1 245.106
0.85,0.6,0.15 61.2723
0.85,0.6,0.2 0.00139427
0.85,0.6,0.25 3.75591e-06
0.85,0.65,0 4.26584e-12
0.85,0.65,0.05 57.2783
0.85,0.65,0.1 229.088
0.85,0.65,0.15 57.2658
0.85,0.7,0 8.47068e-12
0.85,0.7,0.05 60.7193
0.85,0.7,0.1 242.84
0.85,0.7,0.15 60.7005
0.85,0.75,0 1.79695e-10
0.85,0.75,0.05 10.525
0.85,0.75,0.1 42.0858
0.85,0.75,0.15 10.5179
0.85,0.8,0 7.95205e-09
0.85,0.8,0.05 72.5744
0.85,0.8,0.1 292.316
0.85,0.8,0.15 79.7798
0.85,0.8,0.2 1.43588
0.85,0.85,0 1.09868e-08
0.85,0.85,0.05 89.5827
0.85,0.85,0.1 395.361
0.85,0.85,0.15 206.584
0.85,0.85,0.2 22.8227
0.85,0.9,0 8.06315e-10
0.85,0.9,0.05 5.66186
0.85,0.9,0.1 52.6314
0.85,0.9,0.15 99.5342
0.85,0.9,0.2 18.2793
0.85,0.95,0.05 0.000381446
0.85,0.95,0.1 0.844091
0.85,0.95,0.15 2.63599
0.85,0.95,0.2 0.513135
0.9,0.05,0 4.89436e-11
0.9,0.05,0.05 2.88334
0.9,0.05,0.1 11.5245
0.9,0.05,0.15 2.87889
0.9,0.1,0 5.77069e-10
0.9,0.1,0.05 33.9959
0.9,0.1,0.1 135.879
0.9,0.1,0.15 33.9435
0.9,0.15,0 3.76185e-10
0.9,0.15,0.05 22.1616
0.9,0.15,0.1 88.578
0.9,0.15,0.15 22.1274
0.9,0.2,0 6.4465e-12
0.9,0.2,0.05 0.379772
0.9,0.2,0.1 1.51792
0.9,0.2,0.15 0.379187
0.9,0.35,0 6.6122e-15
0.9,0.35,0.05 1.65446
0.9,0.35,0.1 6.61749
0.9,0.35,0.15 1.65429
0.9,0.4,0 3.14403e-12
0.9,0.4,0.05 40.4329
0.9,0.4,0.1 161.722
0.9,0.4,0.15 40.4282
0.9,0.45,0 2.23567e-10
0.9,0.45,0.05 90.5715
0.9,0.45,0.1 362.179
0.9,0.45,0.15 90.5181
0.9,0.5,0 3.74489e-10
0.9,0.5,0.05 85.3804
0.9,0.5,0.1 341.356
0.9,0.5,0.15 85.2976
0.9,0.55,0 3.57798e-11
0.9,0.55,0.05 8.13557
0.9,0.55,0.1 32.5264
0.9,0.55,0.15 8.12763
0.9,0.6,0 4.9626e-14
0.9,0.6,0.05 0.390584
0.9,0.6,0.1 1.56212
0.9,0.6,0.15 0.390474
0.9,0.65,0 5.07433e-12
0.9,0.65,0.05 35.6869
0.9,0.65,0.1 142.725
0.9,0.65,0.15 35.6757
0.9,0.7,0 1.17393e-11
0.9,0.7,0.05 82.3675
0.9,0.7,0.1 329.418
0.9,0.7,0.15 82.3416
0.9,0.75,0 2.30819e-11
0.9,0.75,0.05 13.8493
0.9,0.75,0.1 55.3843
0.9,0.75,0.15 13.8429
0.9,0.8,0 6.31785e-10
0.9,0.8,0.05 61.7161
0.9,0.8,0.1 253.164
0.9,0.8,0.15 81.827
0.9,0.8,0.2 3.93046
0.9,0.85,0 7.26178e-10
0.9,0.85,0.05 68.2023
0.9,0.85,0.1 375.219
0.9,0.85,0.15 388.996
0.9,0.85,0.2 62.473
0.9,0.9,0 4.0616e-11
0.9,0.9,0.05 3.5607
0.9,0.9,0.1 96.3931
0.9,0.9,0.15 260.556
0.9,0.9,0.2 50.0361
0.9,0.95,0.05 0.00104414
0.9,0.95,0.1 2.31054
0.9,0.95,0.15 7.21552
0.9,0.95,0.2 1.40461
0.95,0.05,0 1.15116e-13
0.95,0.05,0.05 0.00678165
0.95,0.05,0.1 0.0271057
0.95,0.05,0.15 0.0067712
0.95,0.1,0 1.35728e-12
0.95,0.1,0.05 0.079959
0.95,0.1,0.1 0.319589
0.95,0.1,0.15 0.0798357
0.95,0.15,0 8.84793e-13
0.95,0.15,0.05 0.0521244
0.95,0.15,0.1 0.208337
0.95,0.15,0.15 0.052044
0.95,0.2,0 1.51623e-14
0.95,0.2,0.05 0.000893231
0.95,0.2,0.1 0.00357017
0.95,0.2,0.15 0.000891854
0.95,0.35,0 9.59472e-17
0.95,0.35,0.05 0.0240072
0.95,0.35,0.1 0.0960239
0.95,0.35,0.15 0.0240048
0.95,0.4,0 3.25688e-13
0.95,0.4,0.05 0.649173
0.95,0.4,0.1 2.59643
0.95,0.4,0.15 0.649042
0.95,0.45,0 2.42042e-11
0.95,0.45,0.05 5.98917
0.95,0.45,0.1 23.9459
0.95,0.45,0.15 5.98377
0.95,0.5,0 4.05684e-11
0.95,0.5,0.05 9.07514
0.95,0.5,0.1 36.2826
0.95,0.5,0.15 9.06619
0.95,0.55,0 3.87302e-12
0.95,0.55,0.05 0.863833
0.95,0.55,0.1 3.45362
0.95,0.55,0.15 0.862979
0.95,0.6,0 1.48447e-15
0.95,0.6,0.05 0.0104151
0.95,0.6,0.1 0.041654
0.95,0.6,0.15 0.0104119
0.95,0.65,0 3.7401e-13
0.95,0.65,0.05 2.62407
0.95,0.65,0.1 10.4946
0.95,0.65,0.15 2.62325
0.95,0.7,0 8.6566e-13
0.95,0.7,0.05 6.07352
0.95,0.7,0.1 24.2903
0.95,0.7,0.15 6.07161
0.95,0.75,0 1.75853e-12
0.95,0.75,0.05 1.04604
0.95,0.75,0.1 4.18317
0.95,0.75,0.15 1.04554
0.95,0.8,0 4.51572e-11
0.95,0.8,0.05 5.22234
0.95,0.8,0.1 21.9708
0.95,0.8,0.15 8.63906
0.95,0.8,0.2 0.666463
0.95,0.85,0 4.97777e-11
0.95,0.85,0.05 5.76402
0.95,0.85,0.1 40.4358
0.95,0.85,0.15 60.1663
0.95,0.85,0.2 10.5931
0.95,0.9,0 2.56326e-12
0.95,0.9,0.05 0.302715
0.95,0.9,0.1 15.1413
0.95,0.9,0.15 43.8802
0.95,0.9,0.2 8.48431
0.95,0.95,0.05 0.000177048
0.95,0.95,0.1 0.391784
0.95,0.95,0.15 1.22349
0.95,0.95,0.2 0.238171
