0.5,0.3,0.45 15.8014
0.5,0.3,0.5 0.126333
0.5,0.35,0 1.18855e-06
0.5,0.35,0.05 121.938
0.5,0.35,0.1 633.289
0.5,0.35,0.15 873.409
0.5,0.35,0.2 729.745
0.5,0.35,0.25 360.081
0.5,0.35,0.3 441.228
0.5,0.35,0.35 165.438
0.5,0.35,0.4 83.287
0.5,0.35,0.45 24.0903
0.5,0.35,0.5 0.253761
0.5,0.4,0 1.66777e-08
0.5,0.4,0.05 69.6322
0.5,0.4,0.1 347.913
0.5,0.4,0.15 332.525
0.5,0.4,0.2 311.8
0.5,0.4,0.25 343.846
0.5,0.4,0.3 729.298
0.5,0.4,0.35 204.196
0.5,0.4,0.4 189.768
0.5,0.4,0.45 154.001
0.5,0.4,0.5 9.09108
0.5,0.45,0 4.01778e-08
0.5,0.45,0.05 40.9095
0.5,0.45,0.1 220.078
0.5,0.45,0.15 446.999
0.5,0.45,0.2 725.404
0.5,0.45,0.25 576.931
0.5,0.45,0.3 492.885
0.5,0.45,0.35 489.94
0.5,0.45,0.4 495.028
0.5,0.45,0.45 219.288
0.5,0.45,0.5 12.3171
0.5,0.5,0 6.57567e-08
0.5,0.5,0.05 87.6774
0.5,0.5,0.1 398.492
0.5,0.5,0.15 493.152
0.5,0.5,0.2 612.447
0.5,0.5,0.25 626.967
0.5,0.5,0.3 616.979
0.5,0.5,0.35 804.135
0.5,0.5,0.4 626.307
0.5,0.5,0.45 76.3041
0.5,0.5,0.5 1.1536
0.5,0.5,0.55 0.000207453
0.5,0.55,0 6.08387e-09
0.5,0.55,0.05 57.9378
0.5,0.55,0.1 286.672
0.5,0.55,0.15 601.902
0.5,0.55,0.2 669.799
0.5,0.55,0.25 554.918
0.5,0.55,0.3 241.361
0.5,0.55,0.35 361.859
0.5,0.55,0.4 633.897
0.5,0.55,0.45 160.924
0.5,0.55,0.5 3.16803
0.5,0.55,0.55 0.00176757
0.5,0.6,0.05 16.0196
0.5,0.6,0.1 111.258
0.5,0.6,0.15 354.298
0.5,0.6,0.2 643.739
0.5,0.6,0.25 568.317
0.5,0.6,0.3 152.886
0.5,0.6,0.35 265.13
0.5,0.6,0.4 801.671
0.5,0.6,0.45 292.781
0.5,0.6,0.5 4.28069
0.5,0.6,0.55 0.000894234
0.5,0.65,0.05 17.3082
0.5,0.65,0.1 93.2079
0.5,0.65,0.15 282.467
0.5,0.65,0.2 555.64
0.5,0.65,0.25 349.165
0.5,0.65,0.3 259.386
0.5,0.65,0.35 156.031
0.5,0.65,0.4 614.343
0.5,0.65,0.45 323.665
0.5,0.65,0.5 7.10458
0.5,0.65,0.55 6.92948e-06
0.5,0.7,0 4.11456e-12
0.5,0.7,0.05 1.57464
0.5,0.7,0.1 9.06833
0.5,0.7,0.15 92.9986
0.5,0.7,0.2 146.3
0.5,0.7,0.25 58.7956
0.5,0.7,0.3 178.32
0.5,0.7,0.35 115.983
0.5,0.7,0.4 387.423
0.5,0.7,0.45 328.438
0.5,0.7,0.5 14.4698
0.5,0.75,0 1.82775e-08
0.5,0.75,0.05 2.10251
0.5,0.75,0.1 8.37042
0.5,0.75,0.15 2.45641
0.5,0.75,0.2 0.52134
0.5,0.75,0.25 12.3016
0.5,0.75,0.3 95.3443
0.5,0.75,0.35 54.5634
0.5,0.75,0.4 40.2902
0.5,0.75,0.45 47.8459
0.5,0.75,0.5 3.16552
0.5,0.8,0 1.78866e-07
0.5,0.8,0.05 25.2937
0.5,0.8,0.1 100.613
0.5,0.8,0.15 25.251
0.5,0.8,0.2 0.1854
0.5,0.8,0.25 0.274833
0.5,0.8,0.3 1.96071
0.5,0.8,0.35 0.926366
0.5,0.8,0.4 0.0138849
0.5,0.8,0.45 0.000414615
0.5,0.8,0.5 2.90023e-05
0.5,0.85,0 1.65992e-07
0.5,0.85,0.05 25.1649
0.5,0.85,0.1 100.097
0.5,0.85,0.15 24.9175
0.5,0.85,0.2 0.0242812
0.5,0.85,0.25 0.000507179
0.5,0.9,0 8.96276e-09
0.5,0.9,0.05 1.38416
0.5,0.9,0.1 5.50572
0.5,0.9,0.15 1.36874
0.55,0.1,0.05 0.000830963
0.55,0.1,0.1 0.0296404
0.55,0.1,0.15 0.395463
0.55,0.1,0.2 1.46578
0.55,0.1,0.25 1.48163
0.55,0.1,0.3 3.25049
0.55,0.1,0.35 1.69139
0.55,0.1,0.4 0.471551
0.55,0.1,0.45 0.0261681
0.55,0.15,0.05 0.51351
0.55,0.15,0.1 16.2592
0.55,0.15,0.15 41.0153
0.55,0.15,0.2 140.751
0.55,0.15,0.25 145.867
0.55,0.15,0.3 167.95
0.55,0.15,0.35 158.591
0.55,0.15,0.4 105.494
0.55,0.15,0.45 5.88051
0.55,0.2,0.05 1.3878
0.55,0.2,0.1 99.4525
0.55,0.2,0.15 379.811
0.55,0.2,0.2 603.801
0.55,0.2,0.25 627.071
0.55,0.2,0.3 651.723
0.55,0.2,0.35 481.845
0.55,0.2,0.4 244.637
0.55,0.2,0.45 13.2919
0.55,0.25,0 2.20985e-08
0.55,0.25,0.05 11.5328
0.55,0.25,0.1 167.631
0.55,0.25,0.15 441.714
0.55,0.25,0.2 571.536
0.55,0.25,0.25 748.772
0.55,0.25,0.3 779.193
0.55,0.25,0.35 434.463
0.55,0.25,0.4 121.856
0.55,0.25,0.45 2.66931
0.55,0.3,0 2.32885e-07
0.55,0.3,0.05 49.8107
0.55,0.3,0.1 435.119
0.55,0.3,0.15 676.254
0.55,0.3,0.2 500.888
0.55,0.3,0.25 320.329
0.55,0.3,0.3 405.086
0.55,0.3,0.35 719.741
0.55,0.3,0.4 286.351
0.55,0.3,0.45 4.28456
0.55,0.35,0 1.39582e-07
0.55,0.35,0.05 59.6109
0.55,0.35,0.1 421.533
0.55,0.35,0.15 629.5
0.55,0.35,0.2 453.817
0.55,0.35,0.25 231.156
0.55,0.35,0.3 390.584
0.55,0.35,0.35 619.917
0.55,0.35,0.4 327.557
0.55,0.35,0.45 28.4961
0.55,0.35,0.5 0.00645389
0.55,0.4,0 1.90121e-09
0.55,0.4,0.05 47.79
0.55,0.4,0.1 293.461
0.55,0.4,0.15 258.691
0.55,0.4,0.2 348.735
0.55,0.4,0.25 396.485
0.55,0.4,0.3 762.812
0.55,0.4,0.35 552.84
0.55,0.4,0.4 411.942
0.55,0.4,0.45 42.8926
0.55,0.4,0.5 0.278369
0.55,0.45,0 7.21098e-10
0.55,0.45,0.05 42.1829
0.55,0.45,0.1 374.983
0.55,0.45,0.15 273.405
0.55,0.45,0.2 445.771
0.55,0.45,0.25 493.377
0.55,0.45,0.3 515.079
0.55,0.45,0.35 480.219
0.55,0.45,0.4 539.276
0.55,0.45,0.45 79.5137
0.55,0.45,0.5 0.37836
0.55,0.5,0 1.18018e-09
0.55,0.5,0.05 60.2071
0.55,0.5,0.1 394.422
0.55,0.5,0.15 412.361
0.55,0.5,0.2 588.681
0.55,0.5,0.25 543.374
0.55,0.5,0.3 365.79
0.55,0.5,0.35 569.141
0.55,0.5,0.4 650.781
0.55,0.5,0.45 82.7292
0.55,0.5,0.5 0.0271201
0.55,0.55,0 1.09191e-10
0.55,0.55,0.05 66.8855
0.55,0.55,0.1 366.086
0.55,0.55,0.15 721.18
0.55,0.55,0.2 986.482
0.55,0.55,0.25 542.304
0.55,0.55,0.3 388.57
0.55,0.55,0.35 514.18
0.55,0.55,0.4 442.719
0.55,0.55,0.45 61.1466
0.55,0.55,0.5 0.341
0.55,0.6,0.05 13.5481
0.55,0.6,0.1 269.007
0.55,0.6,0.15 525.729
0.55,0.6,0.2 511.179
0.55,0.6,0.25 388.726
0.55,0.6,0.3 289.668
0.55,0.6,0.35 155.266
0.55,0.6,0.4 203.58
0.55,0.6,0.45 94.3535
0.55,0.6,0.5 1.19796
0.55,0.65,0.05 2.91957
0.55,0.65,0.1 86.9451
0.55,0.65,0.15 166.231
0.55,0.65,0.2 173.224
0.55,0.65,0.25 278.66
0.55,0.65,0.3 447.544
0.55,0.65,0.35 159.108
0.55,0.65,0.4 134.727
0.55,0.65,0.45 66.8251
0.55,0.65,0.5 0.810315
0.55,0.7,0 8.91877e-14
0.55,0.7,0.05 0.019515
0.55,0.7,0.1 0.662493
0.55,0.7,0.15 37.2885
0.55,0.7,0.2 78.3905
0.55,0.7,0.25 102.657
0.55,0.7,0.3 656.863
0.55,0.7,0.35 516.334
0.55,0.7,0.4 89.7628
0.55,0.7,0.45 33.4644
0.55,0.7,0.5 0.476461
0.55,0.75,0 1.42498e-08
0.55,0.75,0.05 5.0812
0.55,0.75,0.1 24.5132
0.55,0.75,0.15 121.266
0.55,0.75,0.2 217.489
0.55,0.75,0.25 76.3398
0.55,0.75,0.3 323.859
0.55,0.75,0.35 251.764
0.55,0.75,0.4 16.3814
0.55,0.75,0.45 1.02527
0.55,0.75,0.5 0.0360856
0.55,0.8,0 4.45779e-07
0.55,0.8,0.05 76.1721
0.55,0.8,0.1 312.623
0.55,0.8,0.15 220.839
0.55,0.8,0.2 162.342
0.55,0.8,0.25 24.1311
0.55,0.8,0.3 5.74635
0.55,0.8,0.35 3.15354
0.55,0.8,0.4 0.101013
0.55,0.8,0.45 3.89862e-06
0.55,0.8,0.5 2.72708e-07
0.55,0.85,0 5.23539e-07
0.55,0.85,0.05 85.8505
0.55,0.85,0.1 343.061
0.55,0.85,0.15 102.894
0.55,0.85,0.2 13.2948
0.55,0.85,0.25 0.596235
0.55,0.85,0.3 0.00136206
0.55,0.9,0 2.9917e-08
0.55,0.9,0.05 5.73856
0.55,0.9,0.1 22.8816
0.55,0.9,0.15 5.70242
0.55,0.9,0.2 1.31879e-08
0.55,0.95,0.05 1.70324e-05
0.55,0.95,0.1 6.85955e-05
0.55,0.95,0.15 1.72661e-05
0.55,0.95,0.2 2.00854e-13
0.6,0.1,0.05 0.00690867
0.6,0.1,0.1 0.161517
0.6,0.1,0.15 0.165991
0.6,0.1,0.2 0.0636243
0.6,0.1,0.25 0.0596058
0.6,0.1,0.3 0.0601325
0.6,0.1,0.35 0.0465206
0.6,0.1,0.4 0.027437
0.6,0.1,0.45 0.00153047
0.6,0.15,0.05 4.26935
0.6,0.15,0.1 100.37
0.6,0.15,0.15 103.874
0.6,0.15,0.2 21.7265
0.6,0.15,0.25 52.5349
0.6,0.15,0.3 21.7382
0.6,0.15,0.35 7.17106
0.6,0.15,0.4 6.16363
0.6,0.15,0.45 0.343929
0.6,0.2,0.05 11.5359
0.6,0.2,0.1 278.91
0.6,0.2,0.15 322.083
0.6,0.2,0.2 181.052
0.6,0.2,0.25 472.313
0.6,0.2,0.3 197.215
0.6,0.2,0.35 99.5513
0.6,0.2,0.4 38.3367
0.6,0.2,0.45 0.798845
0.6,0.25,0.05 10.9575
0.6,0.25,0.1 139.582
0.6,0.25,0.15 238.918
0.6,0.25,0.2 423.427
0.6,0.25,0.25 572.831
0.6,0.25,0.3 410.822
0.6,0.25,0.35 486.574
0.6,0.25,0.4 158.175
0.6,0.25,0.45 0.484839
0.6,0.3,0.05 32.8845
0.6,0.3,0.1 319.599
0.6,0.3,0.15 459.847
0.6,0.3,0.2 449.741
0.6,0.3,0.25 730.562
0.6,0.3,0.3 822.491
0.6,0.3,0.35 484.737
0.6,0.3,0.4 146.733
0.6,0.3,0.45 2.07983
0.6,0.35,0.05 9.45617
0.6,0.35,0.1 190.424
0.6,0.35,0.15 589.49
0.6,0.35,0.2 616.411
0.6,0.35,0.25 679.389
0.6,0.35,0.3 673.675
0.6,0.35,0.35 554.166
0.6,0.35,0.4 251.182
0.6,0.35,0.45 24.9757
0.6,0.4,0.05 4.43703
0.6,0.4,0.1 168.476
0.6,0.4,0.15 469.346
0.6,0.4,0.2 440.541
0.6,0.4,0.25 289.011
0.6,0.4,0.3 255.884
0.6,0.4,0.35 415.363
0.6,0.4,0.4 329.085
0.6,0.4,0.45 30.3053
0.6,0.45,0.05 17.3415
0.6,0.45,0.1 266.345
0.6,0.45,0.15 381.658
0.6,0.45,0.2 193.561
0.6,0.45,0.25 593.502
0.6,0.45,0.3 342.663
0.6,0.45,0.35 171.359
0.6,0.45,0.4 180.833
0.6,0.45,0.45 14.3833
0.6,0.5,0.05 15.5049
0.6,0.5,0.1 354.017
0.6,0.5,0.15 553.025
0.6,0.5,0.2 410.598
0.6,0.5,0.25 796.582
0.6,0.5,0.3 349.979
0.6,0.5,0.35 67.76
0.6,0.5,0.4 62.9476
0.6,0.5,0.45 7.77992
0.6,0.5,0.5 1.43626e-07
0.6,0.55,0.05 6.82867
0.6,0.55,0.1 127.014
0.6,0.55,0.15 278.46
0.6,0.55,0.2 556.14
0.6,0.55,0.25 688.85
0.6,0.55,0.3 488.859
0.6,0.55,0.35 212.037
0.6,0.55,0.4 34.4871
0.6,0.55,0.45 2.05456
0.6,0.55,0.5 0.000987265
0.6,0.6,0.05 5.96905
0.6,0.6,0.1 166.059
0.6,0.6,0.15 218.094
0.6,0.6,0.2 297.676
0.6,0.6,0.25 712.758
0.6,0.6,0.3 789.877
0.6,0.6,0.35 242.066
0.6,0.6,0.4 24.4982
0.6,0.6,0.45 0.528788
0.6,0.6,0.5 0.00334527
0.6,0.65,0.05 2.11428
0.6,0.65,0.1 61.6847
0.6,0.65,0.15 89.8159
0.6,0.65,0.2 162.777
0.6,0.65,0.25 279.638
0.6,0.65,0.3 602.986
0.6,0.65,0.35 438.501
0.6,0.65,0.4 126.477
0.6,0.65,0.45 1.53982
0.6,0.65,0.5 0.000709471
0.6,0.7,0 1.15612e-12
0.6,0.7,0.05 0.187626
0.6,0.7,0.1 1.0606
0.6,0.7,0.15 79.4887
0.6,0.7,0.2 373.625
0.6,0.7,0.25 176.74
0.6,0.7,0.3 417.974
0.6,0.7,0.35 421.016
0.6,0.7,0.4 75.2205
0.6,0.7,0.45 0.686815
0.6,0.7,0.5 1.1335e-06
0.6,0.75,0 3.20098e-09
0.6,0.75,0.05 37.8342
0.6,0.75,0.1 162.536
0.6,0.75,0.15 400.258
0.6,0.75,0.2 842.388
0.6,0.75,0.25 216.255
0.6,0.75,0.3 100.915
0.6,0.75,0.35 129.529
0.6,0.75,0.4 17.0247
0.6,0.75,0.45 0.00972574
0.6,0.75,0.5 2.16773e-08
0.6,0.8,0 9.34105e-08
0.6,0.8,0.05 115.157
0.6,0.8,0.1 485.544
0.6,0.8,0.15 523.568
0.6,0.8,0.2 571.232
0.6,0.8,0.25 118.838
0.6,0.8,0.3 2.77943
0.6,0.8,0.35 7.42512
0.6,0.8,0.4 2.23983
0.6,0.8,0.45 0.00156026
0.6,0.85,0 1.09172e-07
0.6,0.85,0.05 106.41
0.6,0.85,0.1 430.945
0.6,0.85,0.15 154.694
0.6,0.85,0.2 37.5112
0.6,0.85,0.25 2.67273
0.6,0.85,0.3 0.00808682
0.6,0.85,0.35 5.06652e-06
0.6,0.85,0.4 1.69515e-06
0.6,0.85,0.45 1.20862e-09
0.6,0.9,0 6.2346e-09
0.6,0.9,0.05 22.141
0.6,0.9,0.1 89.1214
0.6,0.9,0.15 22.4208
0.6,0.9,0.2 2.49742e-07
0.6,0.95,0.05 0.000322546
0.6,0.95,0.1 0.00129901
0.6,0.95,0.15 0.000326971
0.6,0.95,0.2 3.80361e-12
0.65,0.1,0.05 0.0034245
0.65,0.1,0.1 0.080061
0.65,0.1,0.15 0.0807885
0.65,0.1,0.2 0.00427067
0.65,0.1,0.25 0.0122382
0.65,0.1,0.3 0.0104074
0.65,0.1,0.35 0.000331489
0.65,0.15,0.05 2.11624
0.65,0.15,0.1 49.4753
0.65,0.15,0.15 49.9248
0.65,0.15,0.2 9.73281
0.65,0.15,0.25 94.291
0.65,0.15,0.3 71.5354
0.65,0.15,0.35 2.09952
0.65,0.2,0.05 5.71799
0.65,0.2,0.1 135.458
0.65,0.2,0.15 160.369
0.65,0.2,0.2 76.553
0.65,0.2,0.25 421.788
0.65,0.2,0.3 279.212
0.65,0.2,0.35 29.3334
0.65,0.2,0.4 7.6119
0.65,0.2,0.45 0.00679174
0.65,0.25,0.05 1.25909
0.65,0.25,0.1 43.1973
0.65,0.25,0.15 305.814
0.65,0.25,0.2 462.959
0.65,0.25,0.25 340.06
0.65,0.25,0.3 156.58
0.65,0.25,0.35 133.76
0.65,0.25,0.4 42.9078
0.65,0.25,0.45 0.0383601
0.65,0.3,0.05 1.1002
0.65,0.3,0.1 21.4357
0.65,0.3,0.15 223.652
0.65,0.3,0.2 597.855
0.65,0.3,0.25 652.108
0.65,0.3,0.3 371.067
0.65,0.3,0.35 78.7458
0.65,0.3,0.4 15.6927
0.65,0.3,0.45 0.0518874
0.65,0.35,0.05 0.328967
0.65,0.35,0.1 29.8732
0.65,0.35,0.15 256.169
0.65,0.35,0.2 646.88
0.65,0.35,0.25 589.498
0.65,0.35,0.3 345.666
0.65,0.35,0.35 84.177
0.65,0.35,0.4 10.3319
0.65,0.35,0.45 0.872575
0.65,0.4,0.05 0.596827
0.65,0.4,0.1 145.889
0.65,0.4,0.15 444.358
0.65,0.4,0.2 312.057
0.65,0.4,0.25 148.107
0.65,0.4,0.3 92.605
0.65,0.4,0.35 62.4126
0.65,0.4,0.4 11.985
0.65,0.4,0.45 0.987351
0.65,0.45,0.05 0.694008
0.65,0.45,0.1 151.591
0.65,0.45,0.15 589.55
0.65,0.45,0.2 306.937
0.65,0.45,0.25 363.845
0.65,0.45,0.3 321.635
0.65,0.45,0.35 59.3851
0.65,0.45,0.4 4.44218
0.65,0.45,0.45 0.173572
0.65,0.5,0.05 1.90268
0.65,0.5,0.1 150.218
0.65,0.5,0.15 594.814
0.65,0.5,0.2 382.746
0.65,0.5,0.25 496.374
0.65,0.5,0.3 470.116
0.65,0.5,0.35 193.139
0.65,0.5,0.4 36.8859
0.65,0.5,0.45 0.00888687
0.65,0.55,0.05 0.602278
0.65,0.55,0.1 33.4614
0.65,0.55,0.15 189.63
0.65,0.55,0.2 273.527
0.65,0.55,0.25 542.797
0.65,0.55,0.3 446.312
0.65,0.55,0.35 288.721
0.65,0.55,0.4 67.917
0.65,0.55,0.45 0.00400002
0.65,0.6,0.05 0.125477
0.65,0.6,0.1 3.8572
0.65,0.6,0.15 10.3482
0.65,0.6,0.2 111.506
0.65,0.6,0.25 547.577
0.65,0.6,0.3 766.975
0.65,0.6,0.35 402.036
0.65,0.6,0.4 55.6417
0.65,0.6,0.45 0.280483
0.65,0.65,0.05 0.0472187
0.65,0.65,0.1 1.37713
0.65,0.65,0.15 20.7292
0.65,0.65,0.2 142.587
0.65,0.65,0.25 187.688
0.65,0.65,0.3 425.765
0.65,0.65,0.35 626.624
0.65,0.65,0.4 201.129
0.65,0.65,0.45 2.13641
0.65,0.7,0 8.06751e-13
0.65,0.7,0.05 0.128315
0.65,0.7,0.1 0.555401
0.65,0.7,0.15 47.0213
0.65,0.7,0.2 289.461
0.65,0.7,0.25 123.65
0.65,0.7,0.3 173.544
0.65,0.7,0.35 487.705
0.65,0.7,0.4 142.809
0.65,0.7,0.45 1.00424
0.65,0.75,0 1.6409e-10
0.65,0.75,0.05 26.0814
0.65,0.75,0.1 106.129
0.65,0.75,0.15 103.771
0.65,0.75,0.2 242.711
0.65,0.75,0.25 76.1099
0.65,0.75,0.3 92.7156
0.65,0.75,0.35 408.465
0.65,0.75,0.4 124.233
0.65,0.75,0.45 0.0868009
0.65,0.8,0 3.66718e-10
0.65,0.8,0.05 73.9259
0.65,0.8,0.1 300.077
0.65,0.8,0.15 148.618
0.65,0.8,0.2 142.912
0.65,0.8,0.25 39.937
0.65,0.8,0.3 16.4968
0.65,0.8,0.35 87.881
0.65,0.8,0.4 29.4018
0.65,0.8,0.45 0.0209627
0.65,0.85,0 6.4396e-11
0.65,0.85,0.05 77.9415
0.65,0.85,0.1 314.245
0.65,0.85,0.15 86.7276
0.65,0.85,0.2 7.03021
0.65,0.85,0.25 0.840926
0.65,0.85,0.3 0.00298491
0.65,0.85,0.35 6.80707e-05
0.65,0.85,0.4 2.2775e-05
0.65,0.85,0.45 1.62383e-08
0.65,0.9,0 3.95209e-12
0.65,0.9,0.05 18.9438
0.65,0.9,0.1 76.2927
0.65,0.9,0.15 19.2034
0.65,0.9,0.2 2.23169e-07
0.65,0.95,0.05 0.000288227
0.65,0.95,0.1 0.00116079
0.65,0.95,0.15 0.000292181
0.65,0.95,0.2 3.3989e-12
0.7,0.1,0.05 2.4571e-05
0.7,0.1,0.1 0.000574442
0.7,0.1,0.15 0.000579662
0.7,0.1,0.2 0.000561853
0.7,0.1,0.25 0.00936626
0.7,0.1,0.3 0.00796511
0.7,0.1,0.35 0.000253699
0.7,0.15,0.05 0.0151841
0.7,0.15,0.1 0.354988
0.7,0.15,0.15 0.358214
0.7,0.15,0.2 3.4178
0.7,0.15,0.25 59.2597
0.7,0.15,0.3 50.3572
0.7,0.15,0.35 1.60316
0.7,0.2,0.05 0.0410269
0.7,0.2,0.1 2.36348
0.7,0.2,0.15 19.9972
0.7,0.2,0.2 27.3538
0.7,0.2,0.25 218.724
0.7,0.2,0.3 183.081
0.7,0.2,0.35 5.7444
0.7,0.2,0.4 0.00261618
0.7,0.2,0.45 2.33429e-06
0.7,0.25,0.05 0.00686068
0.7,0.25,0.1 14.5462
0.7,0.25,0.15 196.856
0.7,0.25,0.2 244.796
0.7,0.25,0.25 374.21
0.7,0.25,0.3 182.607
0.7,0.25,0.35 4.4618
0.7,0.25,0.4 0.0147441
