0,0.5,0.2 3.17088e-14
0,0.5,0.25 3.06857e-13
0,0.5,0.3 1.72115e-13
0,0.5,0.35 1.90247e-15
0,0.55,0.2 9.68154e-13
0,0.55,0.25 9.36915e-12
0,0.55,0.3 5.25513e-12
0,0.55,0.35 5.80874e-14
0,0.6,0.2 1.12301e-12
0,0.6,0.25 1.08677e-11
0,0.6,0.3 6.09568e-12
0,0.6,0.35 6.73783e-14
0,0.65,0.2 6.28935e-14
0,0.65,0.25 6.08642e-13
0,0.65,0.3 3.41386e-13
0,0.65,0.35 3.77349e-15
0.05,0.1,0.05 0.618929
0.05,0.1,0.1 10.6879
0.05,0.1,0.15 9.02602
0.05,0.1,0.2 0.286806
0.05,0.1,0.25 0.000512807
0.05,0.15,0 1.83915e-16
0.05,0.15,0.05 3.56447
0.05,0.15,0.1 61.5565
0.05,0.15,0.15 54.1324
0.05,0.15,0.2 6.74672
0.05,0.15,0.25 0.749613
0.05,0.15,0.3 0.105484
0.05,0.15,0.35 0.164466
0.05,0.15,0.4 0.0156179
0.05,0.2,0 6.19752e-15
0.05,0.2,0.05 1.30507
0.05,0.2,0.1 22.1369
0.05,0.2,0.15 25.123
0.05,0.2,0.2 17.1203
0.05,0.2,0.25 18.759
0.05,0.2,0.3 17.1321
0.05,0.2,0.35 7.8019
0.05,0.2,0.4 0.710866
0.05,0.25,0 5.6899e-14
0.05,0.25,0.05 0.368191
0.05,0.25,0.1 1.50119
0.05,0.25,0.15 2.7516
0.05,0.25,0.2 9.08387
0.05,0.25,0.25 51.3047
0.05,0.25,0.3 44.9389
0.05,0.25,0.35 11.3889
0.05,0.25,0.4 0.988371
0.05,0.3,0 3.84023e-14
0.05,0.3,0.05 0.250637
0.05,0.3,0.1 1.00595
0.05,0.3,0.15 1.51896
0.05,0.3,0.2 3.77881
0.05,0.3,0.25 10.0814
0.05,0.3,0.3 7.83718
0.05,0.3,0.35 0.957133
0.05,0.3,0.4 0.0730157
0.05,0.35,0 2.9298e-10
0.05,0.35,0.05 1.34787
0.05,0.35,0.1 5.38198
0.05,0.35,0.15 1.40821
0.05,0.35,0.2 0.161143
0.05,0.35,0.25 0.0244672
0.05,0.4,0 1.17859e-09
0.05,0.4,0.05 5.4024
0.05,0.4,0.1 21.5763
0.05,0.4,0.15 5.54354
0.05,0.4,0.2 0.29483
0.05,0.4,0.25 0.0515124
0.05,0.4,0.3 2.73691e-07
0.05,0.45,0 2.96394e-10
0.05,0.45,0.05 1.40132
0.05,0.45,0.1 5.68812
0.05,0.45,0.15 16.4153
0.05,0.45,0.2 56.1995
0.05,0.45,0.25 14.1959
0.05,0.45,0.3 0.00193723
0.05,0.45,0.35 0.0014204
0.05,0.45,0.4 0.000717992
0.05,0.45,0.45 6.24051e-06
0.05,0.5,0 1.42835e-12
0.05,0.5,0.05 0.876939
0.05,0.5,0.1 3.58163
0.05,0.5,0.15 34.6207
0.05,0.5,0.2 136.089
0.05,0.5,0.25 38.9252
0.05,0.5,0.3 2.52763
0.05,0.5,0.35 0.0843384
0.05,0.5,0.4 0.017166
0.05,0.5,0.45 0.0001492
0.05,0.55,0 1.33311e-12
0.05,0.55,0.05 0.818467
0.05,0.55,0.1 3.27488
0.05,0.55,0.15 6.77733
0.05,0.55,0.2 32.8803
0.05,0.55,0.25 74.3971
0.05,0.55,0.3 38.8375
0.05,0.55,0.35 0.535026
0.05,0.55,0.4 0.0175364
0.05,0.55,0.45 0.000152419
0.05,0.6,0 5.10195e-14
0.05,0.6,0.05 0.0313236
0.05,0.6,0.1 0.12525
0.05,0.6,0.15 1.6053
0.05,0.6,0.2 16.1039
0.05,0.6,0.25 76.3318
0.05,0.6,0.3 45.8018
0.05,0.6,0.35 3.69336
0.05,0.6,0.4 0.0681414
0.05,0.6,0.45 6.88437e-06
0.05,0.65,0.15 0.998652
0.05,0.65,0.2 7.31476
0.05,0.65,0.25 8.45994
0.05,0.65,0.3 21.878
0.05,0.65,0.35 13.8561
0.05,0.65,0.4 0.290522
0.05,0.7,0.15 11.5454
0.05,0.7,0.2 82.4252
0.05,0.7,0.25 36.2378
0.05,0.7,0.3 5.42568
0.05,0.7,0.35 3.72751
0.05,0.7,0.4 0.0783192
0.05,0.75,0.15 8.25417
0.05,0.75,0.2 58.9285
0.05,0.75,0.25 25.6213
0.05,0.75,0.3 0.104925
0.05,0.75,0.35 5.50709e-05
0.05,0.75,0.4 1.1571e-06
0.05,0.8,0.15 0.178749
0.05,0.8,0.2 1.27613
0.05,0.8,0.25 0.554844
0.05,0.8,0.3 0.00227052
0.1,0,0.1 2.01027e-19
0.1,0,0.15 6.84176e-17
0.1,0,0.2 2.02121e-14
0.1,0,0.25 1.40043e-13
0.1,0,0.3 5.97136e-14
0.1,0,0.35 2.22277e-16
0.1,0.05,0.1 2.64753e-06
0.1,0.05,0.15 0.000901064
0.1,0.05,0.2 0.275795
0.1,0.05,0.25 1.91144
0.1,0.05,0.3 0.81503
0.1,0.05,0.35 0.00303385
0.1,0.1,0.05 3.16574
0.1,0.1,0.1 54.6676
0.1,0.1,0.15 46.2023
0.1,0.1,0.2 2.87555
0.1,0.1,0.25 7.9499
0.1,0.1,0.3 3.36307
0.1,0.1,0.35 0.0290029
0.1,0.15,0 1.61724e-12
0.1,0.15,0.05 21.0215
0.1,0.15,0.1 326.126
0.1,0.15,0.15 311.463
0.1,0.15,0.2 113.493
0.1,0.15,0.25 22.4306
0.1,0.15,0.3 7.66264
0.1,0.15,0.35 4.36458
0.1,0.15,0.4 0.335584
0.1,0.2,0 1.6235e-11
0.1,0.2,0.05 36.9708
0.1,0.2,0.1 234.776
0.1,0.2,0.15 261.037
0.1,0.2,0.2 331.464
0.1,0.2,0.25 161.254
0.1,0.2,0.3 185.55
0.1,0.2,0.35 163.957
0.1,0.2,0.4 15.2745
0.1,0.25,0 1.52925e-11
0.1,0.25,0.05 57.3711
0.1,0.25,0.1 229.845
0.1,0.25,0.15 148.279
0.1,0.25,0.2 242.805
0.1,0.25,0.25 368.92
0.1,0.25,0.3 388.472
0.1,0.25,0.35 229.904
0.1,0.25,0.4 21.2373
0.1,0.3,0 4.52776e-12
0.1,0.3,0.05 29.4396
0.1,0.3,0.1 117.936
0.1,0.3,0.15 99.0163
0.1,0.3,0.2 176.407
0.1,0.3,0.25 90.3606
0.1,0.3,0.3 58.5707
0.1,0.3,0.35 17.7287
0.1,0.3,0.4 1.5689
0.1,0.35,0 4.53774e-09
0.1,0.35,0.05 21.5211
0.1,0.35,0.1 85.9439
0.1,0.35,0.15 25.0196
0.1,0.35,0.2 8.8349
0.1,0.35,0.25 1.34145
0.1,0.4,0 1.82539e-08
0.1,0.4,0.05 83.6724
0.1,0.4,0.1 334.533
0.1,0.4,0.15 92.1403
0.1,0.4,0.2 9.0139
0.1,0.4,0.25 0.633815
0.1,0.4,0.3 5.59891e-05
0.1,0.45,0 4.59307e-09
0.1,0.45,0.05 24.2445
0.1,0.45,0.1 103.931
0.1,0.45,0.15 239.637
0.1,0.45,0.2 445.961
0.1,0.45,0.25 86.6014
0.1,0.45,0.3 0.497474
0.1,0.45,0.35 3.55701
0.1,0.45,0.4 1.85652
0.1,0.45,0.45 0.0161361
0.1,0.5,0 7.31876e-11
0.1,0.5,0.05 48.6978
0.1,0.5,0.1 201.02
0.1,0.5,0.15 374.896
0.1,0.5,0.2 907.474
0.1,0.5,0.25 280.717
0.1,0.5,0.3 71.6734
0.1,0.5,0.35 87.4717
0.1,0.5,0.4 44.4718
0.1,0.5,0.45 0.386708
0.1,0.55,0 6.82331e-11
0.1,0.55,0.05 42.8072
0.1,0.55,0.1 172.457
0.1,0.55,0.15 152.396
0.1,0.55,0.2 381.453
0.1,0.55,0.25 555.579
0.1,0.55,0.3 384.263
0.1,0.55,0.35 149.016
0.1,0.55,0.4 49.3471
0.1,0.55,0.45 0.399332
0.1,0.6,0 2.61038e-12
0.1,0.6,0.05 1.95528
0.1,0.6,0.1 10.4631
0.1,0.6,0.15 53.1952
0.1,0.6,0.2 281.99
0.1,0.6,0.25 454.278
0.1,0.6,0.3 439.619
0.1,0.6,0.35 155.689
0.1,0.6,0.4 8.98823
0.1,0.6,0.45 0.0196397
0.1,0.65,0.05 0.693191
0.1,0.65,0.1 16.2514
0.1,0.65,0.15 27.3307
0.1,0.65,0.2 55.8105
0.1,0.65,0.25 68.8796
0.1,0.65,0.3 329.664
0.1,0.65,0.35 213.429
0.1,0.65,0.4 4.70311
0.1,0.65,0.45 2.0519e-06
0.1,0.7,0.05 1.19958
0.1,0.7,0.1 39.6998
0.1,0.7,0.15 104.368
0.1,0.7,0.2 365.944
0.1,0.7,0.25 185.535
0.1,0.7,0.3 100.337
0.1,0.7,0.35 55.5678
0.1,0.7,0.4 1.13424
0.1,0.75,0.05 0.229382
0.1,0.75,0.1 7.87681
0.1,0.75,0.15 52.5716
0.1,0.75,0.2 255.356
0.1,0.75,0.25 119.907
0.1,0.75,0.3 8.62393
0.1,0.75,0.35 0.319871
0.1,0.75,0.4 1.67574e-05
0.1,0.8,0.1 0.210568
0.1,0.8,0.15 7.42966
0.1,0.8,0.2 13.3966
0.1,0.8,0.25 3.34802
0.1,0.8,0.3 0.121731
0.1,0.8,0.35 0.000160344
0.1,0.85,0.1 0.00694646
0.1,0.85,0.15 0.224299
0.1,0.85,0.2 0.437338
0.1,0.85,0.25 0.284762
0.1,0.85,0.3 0.0229568
0.1,0.9,0.15 3.23114e-05
0.1,0.9,0.2 0.00190045
0.1,0.9,0.25 0.00292392
0.1,0.9,0.3 0.000248992
0.15,0,0.1 2.5992e-15
0.15,0,0.15 8.84613e-13
0.15,0,0.2 2.8455e-12
0.15,0,0.25 5.0451e-12
0.15,0,0.3 2.01227e-12
0.15,0,0.35 7.49043e-15
0.15,0.05,0 3.77742e-13
0.15,0.05,0.05 0.00767793
0.15,0.05,0.1 0.0649096
0.15,0.05,0.15 11.6586
0.15,0.05,0.2 38.2736
0.15,0.05,0.25 70.05
0.15,0.05,0.3 27.7024
0.15,0.05,0.35 0.102237
0.15,0.1,0 2.55832e-10
0.15,0.1,0.05 6.20947
0.15,0.1,0.1 38.3463
0.15,0.1,0.15 66.8918
0.15,0.1,0.2 163.319
0.15,0.1,0.25 292.91
0.15,0.1,0.3 114.803
0.15,0.1,0.35 0.990195
0.15,0.15,0 7.0896e-10
0.15,0.15,0.05 29.7884
0.15,0.15,0.1 196.497
0.15,0.15,0.15 181.677
0.15,0.15,0.2 316.824
0.15,0.15,0.25 298.161
0.15,0.15,0.3 201.154
0.15,0.15,0.35 34.0324
0.15,0.15,0.4 0.322961
0.15,0.2,0 2.0535e-10
0.15,0.2,0.05 106.202
0.15,0.2,0.1 453.736
0.15,0.2,0.15 405.32
0.15,0.2,0.2 719.221
0.15,0.2,0.25 408.902
0.15,0.2,0.3 428.979
0.15,0.2,0.35 204.216
0.15,0.2,0.4 14.6999
0.15,0.25,0 6.20458e-11
0.15,0.25,0.05 149.869
0.15,0.25,0.1 600.332
0.15,0.25,0.15 344.503
0.15,0.25,0.2 483.886
0.15,0.25,0.25 473.651
0.15,0.25,0.3 401.83
0.15,0.25,0.35 224.103
0.15,0.25,0.4 20.4384
0.15,0.3,0 1.07223e-11
0.15,0.3,0.05 110.086
0.15,0.3,0.1 440.593
0.15,0.3,0.15 215.416
0.15,0.3,0.2 268.44
0.15,0.3,0.25 125.534
0.15,0.3,0.3 62.1559
0.15,0.3,0.35 16.7325
0.15,0.3,0.4 1.50989
0.15,0.35,0 3.57402e-09
0.15,0.35,0.05 35.8021
0.15,0.35,0.1 143.102
0.15,0.35,0.15 41.126
0.15,0.35,0.2 13.3263
0.15,0.35,0.25 2.03312
0.15,0.35,0.3 6.22053e-07
0.15,0.4,0 1.43752e-08
0.15,0.4,0.05 65.9391
0.15,0.4,0.1 272.49
0.15,0.4,0.15 112.852
0.15,0.4,0.2 23.7952
0.15,0.4,0.25 0.791971
0.15,0.4,0.3 0.0126495
0.15,0.45,0 3.62006e-09
0.15,0.45,0.05 40.1961
0.15,0.45,0.1 214.269
0.15,0.45,0.15 535.027
0.15,0.45,0.2 471.054
0.15,0.45,0.25 101.228
0.15,0.45,0.3 9.2729
0.15,0.45,0.35 13.2197
0.15,0.45,0.4 6.08079
0.15,0.45,0.45 0.0510675
0.15,0.5,0 1.0873e-10
0.15,0.5,0.05 143.053
0.15,0.5,0.1 602.067
0.15,0.5,0.15 677.787
0.15,0.5,0.2 847.637
0.15,0.5,0.25 404.53
0.15,0.5,0.3 171.848
0.15,0.5,0.35 344.34
0.15,0.5,0.4 165.068
0.15,0.5,0.45 2.25594
0.15,0.55,0 9.9973e-11
0.15,0.55,0.05 80.3563
0.15,0.55,0.1 331.959
0.15,0.55,0.15 354.912
0.15,0.55,0.2 629.172
0.15,0.55,0.25 772.152
0.15,0.55,0.3 685.422
0.15,0.55,0.35 665.005
0.15,0.55,0.4 272.92
0.15,0.55,0.45 7.11797
0.15,0.6,0 3.81026e-12
0.15,0.6,0.05 21.0876
0.15,0.6,0.1 193.073
0.15,0.6,0.15 181.311
0.15,0.6,0.2 340.155
0.15,0.6,0.25 513.957
0.15,0.6,0.3 822.689
0.15,0.6,0.35 491.482
0.15,0.6,0.4 70.9045
0.15,0.6,0.45 2.12372
0.15,0.65,0 3.90585e-16
0.15,0.65,0.05 38.806
0.15,0.65,0.1 323.869
0.15,0.65,0.15 255.081
0.15,0.65,0.2 138.829
0.15,0.65,0.25 153.391
0.15,0.65,0.3 422.23
0.15,0.65,0.35 207.333
0.15,0.65,0.4 5.391
0.15,0.65,0.45 0.00231166
0.15,0.7,0 8.83306e-12
0.15,0.7,0.05 18.4082
0.15,0.7,0.1 306.428
0.15,0.7,0.15 481.045
0.15,0.7,0.2 529.175
0.15,0.7,0.25 563.001
0.15,0.7,0.3 469.049
0.15,0.7,0.35 74.1075
0.15,0.7,0.4 0.854333
0.15,0.7,0.45 1.99419e-08
0.15,0.75,0 7.00072e-11
0.15,0.75,0.05 12.4909
0.15,0.75,0.1 105.192
0.15,0.75,0.15 318.121
0.15,0.75,0.2 460.315
0.15,0.75,0.25 293.3
0.15,0.75,0.3 130.464
0.15,0.75,0.35 6.99924
0.15,0.75,0.4 1.26212e-05
0.15,0.8,0 3.33268e-11
0.15,0.8,0.05 5.22217
0.15,0.8,0.1 42.7621
0.15,0.8,0.15 230.275
0.15,0.8,0.2 306.145
0.15,0.8,0.25 151.834
0.15,0.8,0.3 12.0836
0.15,0.8,0.35 0.00293221
0.15,0.85,0 2.03804e-13
0.15,0.85,0.05 0.0318769
0.15,0.85,0.1 3.8484
0.15,0.85,0.15 21.1437
0.15,0.85,0.2 57.4093
0.15,0.85,0.25 73.4483
0.15,0.85,0.3 6.22304
0.15,0.9,0.15 0.00875882
0.15,0.9,0.2 0.515165
0.15,0.9,0.25 0.792603
0.15,0.9,0.3 0.0674956
0.2,0,0.1 1.21643e-14
0.2,0,0.15 3.22306e-12
0.2,0,0.2 8.58693e-12
0.2,0,0.25 6.89561e-12
0.2,0,0.3 2.44805e-12
0.2,0,0.35 9.11257e-15
0.2,0.05,0 2.59192e-12
0.2,0.05,0.05 0.0526829
0.2,0.05,0.1 1.33868
0.2,0.05,0.15 50.3386
0.2,0.05,0.2 132.202
0.2,0.05,0.25 137.827
0.2,0.05,0.3 41.22
0.2,0.05,0.35 0.124377
0.2,0.1,0 1.75541e-09
0.2,0.1,0.05 35.8258
0.2,0.1,0.1 153.714
0.2,0.1,0.15 283.078
0.2,0.1,0.2 593.197
0.2,0.1,0.25 647.061
0.2,0.1,0.3 183.847
0.2,0.1,0.35 1.21607
0.2,0.1,0.4 0.000254199
0.2,0.15,0 4.92556e-09
0.2,0.15,0.05 107.472
0.2,0.15,0.1 450.394
0.2,0.15,0.15 254.57
0.2,0.15,0.2 466.799
0.2,0.15,0.25 493.68
0.2,0.15,0.3 350.894
0.2,0.15,0.35 57.0257
0.2,0.15,0.4 0.0977278
0.2,0.2,0 2.02103e-09
0.2,0.2,0.05 102.545
0.2,0.2,0.1 422.459
0.2,0.2,0.15 367.286
0.2,0.2,0.2 782.515
0.2,0.2,0.25 571.327
0.2,0.2,0.3 803.255
0.2,0.2,0.35 158.005
0.2,0.2,0.4 0.802685
0.2,0.25,0 7.042e-10
0.2,0.25,0.05 146.568
0.2,0.25,0.1 589.537
0.2,0.25,0.15 362.183
0.2,0.25,0.2 489.572
0.2,0.25,0.25 426.994
0.2,0.25,0.3 420.295
0.2,0.25,0.35 66.9352
0.2,0.25,0.4 0.859513
0.2,0.3,0 1.6337e-10
0.2,0.3,0.05 157.23
0.2,0.3,0.1 630.861
0.2,0.3,0.15 266.864
0.2,0.3,0.2 264.925
0.2,0.3,0.25 116.887
0.2,0.3,0.3 47.3117
0.2,0.3,0.35 3.86416
0.2,0.3,0.4 0.0612068
0.2,0.35,0 3.35129e-09
0.2,0.35,0.05 56.5056
0.2,0.35,0.1 226.016
0.2,0.35,0.15 61.5324
0.2,0.35,0.2 15.9995
0.2,0.35,0.25 3.86879
0.2,0.35,0.3 0.0429039
0.2,0.35,0.35 0.00892694
0.2,0.4,0 3.59843e-09
0.2,0.4,0.05 26.2379
0.2,0.4,0.1 154.796
0.2,0.4,0.15 177.378
0.2,0.4,0.2 34.7953
0.2,0.4,0.25 0.848256
0.2,0.4,0.3 0.0393546
0.2,0.45,0 3.17176e-10
0.2,0.45,0.05 40.8062
0.2,0.45,0.1 343.984
0.2,0.45,0.15 772.902
0.2,0.45,0.2 363.746
0.2,0.45,0.25 154.688
0.2,0.45,0.3 22.2233
0.2,0.45,0.35 11.8361
0.2,0.45,0.4 2.14848
0.2,0.45,0.45 0.0100784
0.2,0.5,0 1.95347e-10
0.2,0.5,0.05 97.9499
0.2,0.5,0.1 447.463
0.2,0.5,0.15 628.229
0.2,0.5,0.2 759.916
0.2,0.5,0.25 677.274
0.2,0.5,0.3 275.52
0.2,0.5,0.35 388.027
0.2,0.5,0.4 118.363
0.2,0.5,0.45 3.26835
0.2,0.55,0 6.08503e-11
0.2,0.55,0.05 46.7164
0.2,0.55,0.1 197.824
0.2,0.55,0.15 195.615
0.2,0.55,0.2 397.818
0.2,0.55,0.25 811.006
0.2,0.55,0.3 642.459
0.2,0.55,0.35 875.982
0.2,0.55,0.4 432.005
0.2,0.55,0.45 17.422
0.2,0.6,0 3.4772e-11
0.2,0.6,0.05 64.0726
0.2,0.6,0.1 404.032
0.2,0.6,0.15 224.029
0.2,0.6,0.2 195.558
0.2,0.6,0.25 477.65
0.2,0.6,0.3 498.112
0.2,0.6,0.35 445.594
0.2,0.6,0.4 179.652
0.2,0.6,0.45 6.07358
0.2,0.65,0 3.87984e-11
0.2,0.65,0.05 129.649
0.2,0.65,0.1 689.434
0.2,0.65,0.15 521.404
0.2,0.65,0.2 480.237
0.2,0.65,0.25 255.308
0.2,0.65,0.3 236.158
0.2,0.65,0.35 103.492
0.2,0.65,0.4 18.7765
0.2,0.65,0.45 0.0128849
0.2,0.7,0 1.31865e-10
0.2,0.7,0.05 70.5272
0.2,0.7,0.1 423.946
0.2,0.7,0.15 646.086
0.2,0.7,0.2 594.586
0.2,0.7,0.25 542.438
0.2,0.7,0.3 658.354
0.2,0.7,0.35 86.9083
0.2,0.7,0.4 0.105526
0.2,0.7,0.45 2.6811e-05
0.2,0.75,0 5.85256e-10
0.2,0.75,0.05 127.785
0.2,0.75,0.1 584.828
0.2,0.75,0.15 692.427
0.2,0.75,0.2 748.206
0.2,0.75,0.25 330.29
0.2,0.75,0.3 204.577
0.2,0.75,0.35 22.7911
0.2,0.75,0.4 0.000196059
0.2,0.8,0 2.75976e-10
0.2,0.8,0.05 57.9994
0.2,0.8,0.1 329.024
0.2,0.8,0.15 649.638
0.2,0.8,0.2 653.636
0.2,0.8,0.25 362.129
0.2,0.8,0.3 26.9702
0.2,0.8,0.35 0.021189
0.2,0.85,0 1.68731e-12
0.2,0.85,0.05 0.314833
0.2,0.85,0.1 20.282
0.2,0.85,0.15 89.8652
0.2,0.85,0.2 140.769
0.2,0.85,0.25 172.275
0.2,0.85,0.3 14.6182
0.2,0.9,0.15 0.0205749
0.2,0.9,0.2 1.21015
0.2,0.9,0.25 1.86186
0.2,0.9,0.3 0.15855
0.25,0,0.1 4.4342e-13
0.25,0,0.15 1.88157e-11
0.25,0,0.2 3.02791e-11
0.25,0,0.25 9.52765e-11
0.25,0,0.3 8.85446e-11
0.25,0,0.35 3.50153e-12
0.25,0.05,0 1.08787e-12
0.25,0.05,0.05 0.0221119
0.25,0.05,0.1 5.07587
0.25,0.05,0.15 77.4312
0.25,0.05,0.2 102.145
0.25,0.05,0.25 78.7082
0.25,0.05,0.3 25.1059
