0.45,0.35,0.45 124.896
0.45,0.35,0.5 0.147386
0.45,0.4,0 7.02247e-11
0.45,0.4,0.05 75.2441
0.45,0.4,0.1 337.077
0.45,0.4,0.15 313.43
0.45,0.4,0.2 355.746
0.45,0.4,0.25 251.133
0.45,0.4,0.3 865.159
0.45,0.4,0.35 604.645
0.45,0.4,0.4 511.615
0.45,0.4,0.45 150.118
0.45,0.4,0.5 0.17763
0.45,0.45,0 8.98587e-12
0.45,0.45,0.05 55.9129
0.45,0.45,0.1 252.222
0.45,0.45,0.15 316.548
0.45,0.45,0.2 546.901
0.45,0.45,0.25 669.704
0.45,0.45,0.3 520.492
0.45,0.45,0.35 448.14
0.45,0.45,0.4 555.61
0.45,0.45,0.45 184.553
0.45,0.45,0.5 0.953251
0.45,0.5,0 1.38416e-13
0.45,0.5,0.05 77.9558
0.45,0.5,0.1 365.157
0.45,0.5,0.15 441.831
0.45,0.5,0.2 470.806
0.45,0.5,0.25 557.733
0.45,0.5,0.3 575.072
0.45,0.5,0.35 604.438
0.45,0.5,0.4 946.691
0.45,0.5,0.45 238.773
0.45,0.5,0.5 0.591412
0.45,0.55,0 3.43921e-09
0.45,0.55,0.05 20.5923
0.45,0.55,0.1 134.499
0.45,0.55,0.15 498.118
0.45,0.55,0.2 591.223
0.45,0.55,0.25 577.933
0.45,0.55,0.3 406.398
0.45,0.55,0.35 309.612
0.45,0.55,0.4 422.726
0.45,0.55,0.45 87.3133
0.45,0.55,0.5 0.0292419
0.45,0.6,0 1.23695e-08
0.45,0.6,0.05 60.1868
0.45,0.6,0.1 409.863
0.45,0.6,0.15 409.448
0.45,0.6,0.2 510.642
0.45,0.6,0.25 658.543
0.45,0.6,0.3 278.519
0.45,0.6,0.35 107.569
0.45,0.6,0.4 67.6223
0.45,0.6,0.45 19.4285
0.45,0.6,0.5 0.0862611
0.45,0.65,0 2.77989e-09
0.45,0.65,0.05 23.1964
0.45,0.65,0.1 245.904
0.45,0.65,0.15 280.651
0.45,0.65,0.2 482.136
0.45,0.65,0.25 370.562
0.45,0.65,0.3 380.879
0.45,0.65,0.35 81.3398
0.45,0.65,0.4 75.592
0.45,0.65,0.45 26.0647
0.45,0.65,0.5 0.111189
0.45,0.7,0 7.13216e-11
0.45,0.7,0.05 0.511664
0.45,0.7,0.1 8.13778
0.45,0.7,0.15 34.9647
0.45,0.7,0.2 112.576
0.45,0.7,0.25 175.231
0.45,0.7,0.3 414.472
0.45,0.7,0.35 180.029
0.45,0.7,0.4 28.1243
0.45,0.7,0.45 4.13906
0.45,0.7,0.5 0.00735762
0.45,0.75,0 2.42916e-07
0.45,0.75,0.05 25.0314
0.45,0.75,0.1 99.4857
0.45,0.75,0.15 24.7228
0.45,0.75,0.2 0.455913
0.45,0.75,0.25 54.875
0.45,0.75,0.3 175.96
0.45,0.75,0.35 89.7773
0.45,0.75,0.4 4.3696
0.45,0.75,0.45 0.102862
0.45,0.8,0 7.85732e-07
0.45,0.8,0.05 80.9672
0.45,0.8,0.1 321.799
0.45,0.8,0.15 79.9354
0.45,0.8,0.2 0.0018376
0.45,0.8,0.25 0.263175
0.45,0.8,0.3 1.3008
0.45,0.8,0.35 0.942538
0.45,0.8,0.4 0.041826
0.45,0.85,0 1.58594e-07
0.45,0.85,0.05 16.3439
0.45,0.85,0.1 64.9577
0.45,0.85,0.15 16.1356
0.45,0.9,0 1.66874e-12
0.45,0.9,0.05 0.000257712
0.45,0.9,0.1 0.00102509
0.45,0.9,0.15 0.00025484
0.5,0.1,0.05 3.20507e-08
0.5,0.1,0.1 0.658896
0.5,0.1,0.15 7.21706
0.5,0.1,0.2 9.57174
0.5,0.1,0.25 8.17596
0.5,0.1,0.3 7.99451
0.5,0.1,0.35 5.16817
0.5,0.1,0.4 3.78612
0.5,0.1,0.45 0.248257
0.5,0.15,0.05 9.17262e-06
0.5,0.15,0.1 8.27033
0.5,0.15,0.15 76.6472
0.5,0.15,0.2 180.185
0.5,0.15,0.25 215.797
0.5,0.15,0.3 182.775
0.5,0.15,0.35 100.458
0.5,0.15,0.4 48.2012
0.5,0.15,0.45 3.0966
0.5,0.2,0.05 0.021002
0.5,0.2,0.1 49.4434
0.5,0.2,0.15 419.981
0.5,0.2,0.2 582.907
0.5,0.2,0.25 718.22
0.5,0.2,0.3 585.433
0.5,0.2,0.35 347.446
0.5,0.2,0.4 147.538
0.5,0.2,0.45 8.5864
0.5,0.25,0.05 4.53952
0.5,0.25,0.1 80.1071
0.5,0.25,0.15 385.841
0.5,0.25,0.2 514.181
0.5,0.25,0.25 721.369
0.5,0.25,0.3 569.348
0.5,0.25,0.35 570.572
0.5,0.25,0.4 394.631
0.5,0.25,0.45 22.4078
0.5,0.3,0.05 37.0189
0.5,0.3,0.1 364.999
0.5,0.3,0.15 580.839
0.5,0.3,0.2 630.871
0.5,0.3,0.25 386.294
0.5,0.3,0.3 535.733
0.5,0.3,0.35 836.882
0.5,0.3,0.4 340.823
0.5,0.3,0.45 23.4999
0.5,0.3,0.5 0.0152077
0.5,0.35,0.05 41.8192
0.5,0.35,0.1 429.118
0.5,0.35,0.15 638.363
0.5,0.35,0.2 450.498
0.5,0.35,0.25 333.324
0.5,0.35,0.3 288.76
0.5,0.35,0.35 676.615
0.5,0.35,0.4 480.961
0.5,0.35,0.45 98.0099
0.5,0.35,0.5 0.115696
0.5,0.4,0.05 23.1484
0.5,0.4,0.1 267.416
0.5,0.4,0.15 391.521
0.5,0.4,0.2 273.811
0.5,0.4,0.25 424.715
0.5,0.4,0.3 303.437
0.5,0.4,0.35 388.284
0.5,0.4,0.4 441.145
0.5,0.4,0.45 107.53
0.5,0.4,0.5 0.0584681
0.5,0.45,0.05 27.9728
0.5,0.45,0.1 218.762
0.5,0.45,0.15 335.529
0.5,0.45,0.2 338.365
0.5,0.45,0.25 589.039
0.5,0.45,0.3 376.135
0.5,0.45,0.35 136.825
0.5,0.45,0.4 133.358
0.5,0.45,0.45 37.812
0.5,0.45,0.5 0.048168
0.5,0.5,0 8.88681e-16
0.5,0.5,0.05 45.1086
0.5,0.5,0.1 363.314
0.5,0.5,0.15 477.072
0.5,0.5,0.2 544.001
0.5,0.5,0.25 671.932
0.5,0.5,0.3 477.225
0.5,0.5,0.35 169.626
0.5,0.5,0.4 118.112
0.5,0.5,0.45 25.6967
0.5,0.5,0.5 0.0330636
0.5,0.55,0 2.20809e-11
0.5,0.55,0.05 10.2019
0.5,0.55,0.1 236.152
0.5,0.55,0.15 620.161
0.5,0.55,0.2 922.038
0.5,0.55,0.25 708.682
0.5,0.55,0.3 449.627
0.5,0.55,0.35 388.228
0.5,0.55,0.4 99.1535
0.5,0.55,0.45 12.2286
0.5,0.55,0.5 0.00250836
0.5,0.6,0 7.94165e-11
0.5,0.6,0.05 1.94887
0.5,0.6,0.1 62.3293
0.5,0.6,0.15 348.641
0.5,0.6,0.2 406.675
0.5,0.6,0.25 371.608
0.5,0.6,0.3 321.909
0.5,0.6,0.35 209.262
0.5,0.6,0.4 19.5731
0.5,0.6,0.45 0.215549
0.5,0.6,0.5 1.11524e-05
0.5,0.65,0 1.78479e-11
0.5,0.65,0.05 1.25068
0.5,0.65,0.1 24.9059
0.5,0.65,0.15 126.444
0.5,0.65,0.2 289.077
0.5,0.65,0.25 240.473
0.5,0.65,0.3 530.829
0.5,0.65,0.35 217.257
0.5,0.65,0.4 23.1496
0.5,0.65,0.45 0.453261
0.5,0.7,0 4.11456e-12
0.5,0.7,0.05 0.0475236
0.5,0.7,0.1 0.803386
0.5,0.7,0.15 22.2453
0.5,0.7,0.2 82.6765
0.5,0.7,0.25 207.695
0.5,0.7,0.3 694.542
0.5,0.7,0.35 436.519
0.5,0.7,0.4 70.309
0.5,0.7,0.45 1.18612
0.5,0.75,0 1.82775e-08
0.5,0.75,0.05 2.10251
0.5,0.75,0.1 9.6354
0.5,0.75,0.15 9.4564
0.5,0.75,0.2 3.24068
0.5,0.75,0.25 71.2644
0.5,0.75,0.3 265.697
0.5,0.75,0.35 173.586
0.5,0.75,0.4 18.8996
0.5,0.75,0.45 0.2505
0.5,0.8,0 1.78866e-07
0.5,0.8,0.05 25.2937
0.5,0.8,0.1 102.064
0.5,0.8,0.15 33.3943
0.5,0.8,0.2 2.98524
0.5,0.8,0.25 0.356627
0.5,0.8,0.3 2.10704
0.5,0.8,0.35 1.67378
0.5,0.8,0.4 0.0755197
0.5,0.85,0 1.65992e-07
0.5,0.85,0.05 25.1649
0.5,0.85,0.1 100.176
0.5,0.85,0.15 25.3494
0.5,0.85,0.2 0.16486
0.5,0.85,0.25 0.000189862
0.5,0.85,0.3 1.32499e-11
0.5,0.9,0 8.96276e-09
0.5,0.9,0.05 1.38416
0.5,0.9,0.1 5.50572
0.5,0.9,0.15 1.36874
0.55,0.1,0.05 2.57026e-06
0.55,0.1,0.1 0.0836678
0.55,0.1,0.15 0.307987
0.55,0.1,0.2 0.216066
0.55,0.1,0.25 0.309119
0.55,0.1,0.3 0.460332
0.55,0.1,0.35 0.0991851
0.55,0.1,0.4 2.55471e-07
0.55,0.15,0.05 0.000735587
0.55,0.15,0.1 25.2044
0.55,0.15,0.15 100.293
0.55,0.15,0.2 34.9622
0.55,0.15,0.25 57.3419
0.55,0.15,0.3 121.369
0.55,0.15,0.35 19.9238
0.55,0.15,0.4 0.107899
0.55,0.15,0.45 0.00595598
0.55,0.2,0.05 0.00176971
0.55,0.2,0.1 69.742
0.55,0.2,0.15 342.875
0.55,0.2,0.2 201.324
0.55,0.2,0.25 336.823
0.55,0.2,0.3 483.514
0.55,0.2,0.35 117.3
0.55,0.2,0.4 56.1118
0.55,0.2,0.45 3.2904
0.55,0.25,0.05 0.397873
0.55,0.25,0.1 70.0457
0.55,0.25,0.15 329.295
0.55,0.25,0.2 367.903
0.55,0.25,0.25 503.725
0.55,0.25,0.3 394.791
0.55,0.25,0.35 285.99
0.55,0.25,0.4 156.74
0.55,0.25,0.45 8.8132
0.55,0.3,0.05 2.77381
0.55,0.3,0.1 194.904
0.55,0.3,0.15 681.972
0.55,0.3,0.2 453.63
0.55,0.3,0.25 603.541
0.55,0.3,0.3 926.717
0.55,0.3,0.35 569.735
0.55,0.3,0.4 67.0643
0.55,0.3,0.45 1.88517
0.55,0.3,0.5 0.000409489
0.55,0.35,0.05 2.33303
0.55,0.35,0.1 124.38
0.55,0.35,0.15 545.716
0.55,0.35,0.2 541.431
0.55,0.35,0.25 655.644
0.55,0.35,0.3 533.076
0.55,0.35,0.35 282.918
0.55,0.35,0.4 71.9287
0.55,0.35,0.45 2.76391
0.55,0.35,0.5 0.00311507
0.55,0.4,0.05 1.02327
0.55,0.4,0.1 93.4278
0.55,0.4,0.15 332.193
0.55,0.4,0.2 325.547
0.55,0.4,0.25 293.918
0.55,0.4,0.3 133.103
0.55,0.4,0.35 97.9934
0.55,0.4,0.4 38.2877
0.55,0.4,0.45 2.86816
0.55,0.4,0.5 0.00145547
0.55,0.45,0.05 0.443756
0.55,0.45,0.1 123.971
0.55,0.45,0.15 447.443
0.55,0.45,0.2 201.394
0.55,0.45,0.25 255.422
0.55,0.45,0.3 647.368
0.55,0.45,0.35 224.083
0.55,0.45,0.4 6.46741
0.55,0.45,0.45 0.762432
0.55,0.45,0.5 1.91358e-05
0.55,0.5,0.05 3.31798
0.55,0.5,0.1 137.006
0.55,0.5,0.15 456.587
0.55,0.5,0.2 365.849
0.55,0.5,0.25 609.171
0.55,0.5,0.3 761.189
0.55,0.5,0.35 214.774
0.55,0.5,0.4 23.9469
0.55,0.5,0.45 2.24498
0.55,0.5,0.5 4.4777e-08
0.55,0.55,0.05 3.57999
0.55,0.55,0.1 122.459
0.55,0.55,0.15 301.507
0.55,0.55,0.2 380.596
0.55,0.55,0.25 598.87
0.55,0.55,0.3 575.552
0.55,0.55,0.35 257.459
0.55,0.55,0.4 46.2137
0.55,0.55,0.45 4.12914
0.55,0.6,0.05 0.208507
0.55,0.6,0.1 56.6128
0.55,0.6,0.15 386.337
0.55,0.6,0.2 261.37
0.55,0.6,0.25 442.214
0.55,0.6,0.3 928.196
0.55,0.6,0.35 506.088
0.55,0.6,0.4 79.5033
0.55,0.6,0.45 2.46989
0.55,0.65,0.1 11.8745
0.55,0.65,0.15 107.161
0.55,0.65,0.2 146.55
0.55,0.65,0.25 110.805
0.55,0.65,0.3 526.64
0.55,0.65,0.35 570.65
0.55,0.65,0.4 231.691
0.55,0.65,0.45 6.02367
0.55,0.7,0 2.82517e-13
0.55,0.7,0.05 0.0149846
0.55,0.7,0.1 3.16745
0.55,0.7,0.15 58.8372
0.55,0.7,0.2 130.182
0.55,0.7,0.25 61.0771
0.55,0.7,0.3 259.237
0.55,0.7,0.35 569.811
0.55,0.7,0.4 279.638
0.55,0.7,0.45 5.57511
0.55,0.75,0 1.42885e-08
0.55,0.75,0.05 5.21455
0.55,0.75,0.1 60.9538
0.55,0.75,0.15 335.8
0.55,0.75,0.2 279.624
0.55,0.75,0.25 40.8808
0.55,0.75,0.3 56.8367
0.55,0.75,0.35 193.227
0.55,0.75,0.4 80.4384
0.55,0.75,0.45 1.07355
0.55,0.8,0 4.45865e-07
0.55,0.8,0.05 76.4878
0.55,0.8,0.1 344.283
0.55,0.8,0.15 327.718
0.55,0.8,0.2 135.447
0.55,0.8,0.25 11.185
0.55,0.8,0.3 8.54477
0.55,0.8,0.35 44.7093
0.55,0.8,0.4 14.8253
0.55,0.8,0.45 0.0101237
0.55,0.85,0 5.23554e-07
0.55,0.85,0.05 85.9966
0.55,0.85,0.1 344.314
0.55,0.85,0.15 97.2927
0.55,0.85,0.2 4.33034
0.55,0.85,0.25 0.010343
0.55,0.85,0.3 0.13503
0.55,0.85,0.35 0.722636
0.55,0.85,0.4 0.240734
0.55,0.85,0.45 0.000164635
0.55,0.9,0 2.99179e-08
0.55,0.9,0.05 5.75641
0.55,0.9,0.1 22.9211
0.55,0.9,0.15 5.70429
0.55,0.95,0 9.51499e-18
0.55,0.95,0.05 1.11451e-05
0.55,0.95,0.1 4.45676e-05
0.55,0.95,0.15 1.11387e-05
0.6,0.1,0.05 4.40877e-06
0.6,0.1,0.1 0.143515
0.6,0.1,0.15 0.521057
0.6,0.1,0.2 0.118265
0.6,0.1,0.25 0.706276
0.6,0.1,0.3 2.48569
0.6,0.1,0.35 0.546552
0.6,0.15,0.05 0.00126175
0.6,0.15,0.1 41.0778
0.6,0.15,0.15 149.175
0.6,0.15,0.2 33.8995
0.6,0.15,0.25 66.6169
0.6,0.15,0.3 225.478
0.6,0.15,0.35 48.2507
0.6,0.15,0.4 0.000978816
0.6,0.15,0.45 4.79626e-05
0.6,0.2,0.05 0.00300039
0.6,0.2,0.1 97.5737
0.6,0.2,0.15 358.395
0.6,0.2,0.2 127.371
0.6,0.2,0.25 185.435
0.6,0.2,0.3 460.29
0.6,0.2,0.35 98.198
0.6,0.2,0.4 0.607979
0.6,0.2,0.45 0.0264904
0.6,0.25,0.05 0.0279559
0.6,0.25,0.1 23.8758
0.6,0.25,0.15 107.475
0.6,0.25,0.2 398.458
0.6,0.25,0.25 525.135
0.6,0.25,0.3 335.234
0.6,0.25,0.35 66.3965
0.6,0.25,0.4 2.49481
0.6,0.25,0.45 0.0704044
0.6,0.3,0.05 0.0925553
0.6,0.3,0.1 33.4839
0.6,0.3,0.15 122.239
0.6,0.3,0.2 281.07
0.6,0.3,0.25 637.06
0.6,0.3,0.3 525.964
0.6,0.3,0.35 102.817
0.6,0.3,0.4 5.8116
0.6,0.3,0.45 0.0391206
0.6,0.35,0.05 0.0208717
0.6,0.35,0.1 13.3089
0.6,0.35,0.15 182.853
0.6,0.35,0.2 453.314
0.6,0.35,0.25 615.976
0.6,0.35,0.3 323.963
0.6,0.35,0.35 113.092
0.6,0.35,0.4 51.9095
0.6,0.35,0.45 0.846559
0.6,0.4,0.05 0.00298953
0.6,0.4,0.1 8.22633
0.6,0.4,0.15 292.891
0.6,0.4,0.2 538.059
0.6,0.4,0.25 281.397
0.6,0.4,0.3 135.992
0.6,0.4,0.35 160.347
0.6,0.4,0.4 69.2983
0.6,0.4,0.45 0.986847
0.6,0.45,0.05 0.00684051
0.6,0.45,0.1 20.11
0.6,0.45,0.15 371.003
0.6,0.45,0.2 493.74
0.6,0.45,0.25 192.376
0.6,0.45,0.3 477.793
0.6,0.45,0.35 530.563
0.6,0.45,0.4 99.7038
0.6,0.45,0.45 1.18032
0.6,0.5,0.05 0.0255991
0.6,0.5,0.1 31.7483
0.6,0.5,0.15 430.129
0.6,0.5,0.2 481.561
0.6,0.5,0.25 243.699
0.6,0.5,0.3 388.723
0.6,0.5,0.35 520.078
0.6,0.5,0.4 337.947
0.6,0.5,0.45 26.4429
0.6,0.55,0.05 0.02891
0.6,0.55,0.1 8.71997
0.6,0.55,0.15 83.2884
0.6,0.55,0.2 114.165
0.6,0.55,0.25 203.304
0.6,0.55,0.3 468.004
0.6,0.55,0.35 447.7
0.6,0.55,0.4 385.938
0.6,0.55,0.45 38.1882
0.6,0.6,0.05 0.00169577
0.6,0.6,0.1 6.64377
0.6,0.6,0.15 52.644
0.6,0.6,0.2 55.242
0.6,0.6,0.25 171.584
0.6,0.6,0.3 665.417
0.6,0.6,0.35 451.522
0.6,0.6,0.4 130.092
0.6,0.6,0.45 6.42379
0.6,0.65,0.1 1.55459
0.6,0.65,0.15 71.1269
0.6,0.65,0.2 334.905
0.6,0.65,0.25 135.468
0.6,0.65,0.3 196.815
0.6,0.65,0.35 420.089
0.6,0.65,0.4 235.654
0.6,0.65,0.45 6.47762
0.6,0.7,0 3.538e-12
0.6,0.7,0.05 0.187654
0.6,0.7,0.1 7.534
0.6,0.7,0.15 163.306
0.6,0.7,0.2 412.169
0.6,0.7,0.25 113.289
0.6,0.7,0.3 187.97
0.6,0.7,0.35 542.965
0.6,0.7,0.4 156.938
0.6,0.7,0.45 2.15037
0.6,0.75,0 3.67809e-09
0.6,0.75,0.05 38.2365
0.6,0.75,0.1 207.841
0.6,0.75,0.15 655.059
0.6,0.75,0.2 751.8
0.6,0.75,0.25 124.332
0.6,0.75,0.3 134.613
0.6,0.75,0.35 528.35
0.6,0.75,0.4 153.279
0.6,0.75,0.45 0.359405
0.6,0.8,0 9.44775e-08
0.6,0.8,0.05 116.26
0.6,0.8,0.1 509.791
0.6,0.8,0.15 449.724
0.6,0.8,0.2 272.884
0.6,0.8,0.25 38.6957
0.6,0.8,0.3 42.3058
0.6,0.8,0.35 225.775
0.6,0.8,0.4 75.1213
0.6,0.8,0.45 0.0513278
0.6,0.85,0 1.0938e-07
0.6,0.85,0.05 107.378
0.6,0.85,0.1 431.305
0.6,0.85,0.15 120.216
0.6,0.85,0.2 4.68925
0.6,0.85,0.25 0.0243135
0.6,0.85,0.3 0.684615
0.6,0.85,0.35 3.66383
0.6,0.85,0.4 1.22054
0.6,0.85,0.45 0.000834711
0.6,0.9,0 6.2527e-09
0.6,0.9,0.05 22.1589
0.6,0.9,0.1 88.5901
0.6,0.9,0.15 22.1361
0.6,0.95,0 1.77506e-16
0.6,0.95,0.05 0.000207916
0.6,0.95,0.1 0.000831427
0.6,0.95,0.15 0.000207798
0.65,0.1,0.05 4.33657e-07
0.65,0.1,0.1 0.0141165
0.65,0.1,0.15 0.0512524
0.65,0.1,0.2 0.011645
0.65,0.1,0.25 0.246118
0.65,0.1,0.3 0.866196
0.65,0.1,0.35 0.190458
0.65,0.15,0.05 0.000124109
0.65,0.15,0.1 4.04001
0.65,0.15,0.15 14.668
0.65,0.15,0.2 3.32926
0.65,0.15,0.25 20.7297
0.65,0.15,0.3 73.035
0.65,0.15,0.35 16.114
0.65,0.15,0.4 0.00192227
0.65,0.2,0.05 0.000294672
0.65,0.2,0.1 9.59224
0.65,0.2,0.15 39.2587
0.65,0.2,0.2 47.5642
0.65,0.2,0.25 68.6493
0.65,0.2,0.3 234.22
0.65,0.2,0.35 103.986
0.65,0.2,0.4 1.86227
0.65,0.25,0.05 4.27789e-05
0.65,0.25,0.1 1.39255
0.65,0.25,0.15 37.7465
0.65,0.25,0.2 297.433
0.65,0.25,0.25 294.646
0.65,0.25,0.3 480.783
0.65,0.25,0.35 236.446
0.65,0.25,0.4 5.33906
0.65,0.3,0.1 0.000266985
0.65,0.3,0.15 14.786
0.65,0.3,0.2 182.924
0.65,0.3,0.25 452.154
0.65,0.3,0.3 350.119
0.65,0.3,0.35 78.9528
0.65,0.3,0.4 6.32392
0.65,0.3,0.45 0.0826677
0.65,0.35,0.1 0.265211
0.65,0.35,0.15 15.6844
0.65,0.35,0.2 110.281
0.65,0.35,0.25 408.627
0.65,0.35,0.3 356.152
0.65,0.35,0.35 393.666
0.65,0.35,0.4 156.668
0.65,0.35,0.45 2.54127
0.65,0.4,0.1 1.22324
0.65,0.4,0.15 72.1322
0.65,0.4,0.2 244.658
0.65,0.4,0.25 457.547
0.65,0.4,0.3 460.84
0.65,0.4,0.35 560.81
0.65,0.4,0.4 199.858
0.65,0.4,0.45 2.95981
0.65,0.45,0.1 2.58657
0.65,0.45,0.15 121.557
0.65,0.45,0.2 508.752
0.65,0.45,0.25 500.212
0.65,0.45,0.3 490.292
0.65,0.45,0.35 693.035
0.65,0.45,0.4 155.311
0.65,0.45,0.45 2.42539
0.65,0.5,0.1 2.68762
0.65,0.5,0.15 80.9464
0.65,0.5,0.2 397.118
0.65,0.5,0.25 361.545
0.65,0.5,0.3 185.899
0.65,0.5,0.35 515.496
0.65,0.5,0.4 424.797
0.65,0.5,0.45 27.8212
0.65,0.55,0.1 0.347689
