0.25,0.05,0.35 4.54295
0.25,0.1,0 7.36776e-10
0.25,0.1,0.05 14.9756
0.25,0.1,0.1 66.4964
0.25,0.1,0.15 242.022
0.25,0.1,0.2 474.618
0.25,0.1,0.25 366.013
0.25,0.1,0.3 347.36
0.25,0.1,0.35 34.6955
0.25,0.1,0.4 0.00142045
0.25,0.15,0 2.17011e-09
0.25,0.15,0.05 48.637
0.25,0.15,0.1 219.461
0.25,0.15,0.15 483.956
0.25,0.15,0.2 724.954
0.25,0.15,0.25 384.499
0.25,0.15,0.3 298.947
0.25,0.15,0.35 120.879
0.25,0.15,0.4 12.1639
0.25,0.2,0 1.87473e-09
0.25,0.2,0.05 86.8285
0.25,0.2,0.1 369.601
0.25,0.2,0.15 423.143
0.25,0.2,0.2 438.264
0.25,0.2,0.25 241.089
0.25,0.2,0.3 576.282
0.25,0.2,0.35 462.287
0.25,0.2,0.4 46.2251
0.25,0.25,0 8.86536e-10
0.25,0.25,0.05 89.4831
0.25,0.25,0.1 362.371
0.25,0.25,0.15 353.22
0.25,0.25,0.2 617.78
0.25,0.25,0.25 295.319
0.25,0.25,0.3 503.826
0.25,0.25,0.35 341.77
0.25,0.25,0.4 18.2193
0.25,0.3,0 3.01831e-11
0.25,0.3,0.05 45.9532
0.25,0.3,0.1 196.568
0.25,0.3,0.15 307.572
0.25,0.3,0.2 587.654
0.25,0.3,0.25 220.88
0.25,0.3,0.3 181.247
0.25,0.3,0.35 183.335
0.25,0.3,0.4 12.0144
0.25,0.35,0 3.45804e-10
0.25,0.35,0.05 77.0533
0.25,0.35,0.1 399.395
0.25,0.35,0.15 323.016
0.25,0.35,0.2 130.491
0.25,0.35,0.25 22.3147
0.25,0.35,0.3 29.7992
0.25,0.35,0.35 36.9488
0.25,0.35,0.4 2.67111
0.25,0.4,0 3.97526e-10
0.25,0.4,0.05 103.831
0.25,0.4,0.1 491.528
0.25,0.4,0.15 374.378
0.25,0.4,0.2 130.972
0.25,0.4,0.25 27.5719
0.25,0.4,0.3 1.51879
0.25,0.4,0.35 2.17469e-06
0.25,0.4,0.4 1.51551e-07
0.25,0.45,0 7.85735e-10
0.25,0.45,0.05 149.222
0.25,0.45,0.1 654.444
0.25,0.45,0.15 456.055
0.25,0.45,0.2 331.44
0.25,0.45,0.25 307.531
0.25,0.45,0.3 100.091
0.25,0.45,0.35 71.5482
0.25,0.45,0.4 24.4894
0.25,0.45,0.45 1.50117
0.25,0.5,0 1.67263e-09
0.25,0.5,0.05 181.461
0.25,0.5,0.1 735.423
0.25,0.5,0.15 337.263
0.25,0.5,0.2 409.535
0.25,0.5,0.25 628.875
0.25,0.5,0.3 632.193
0.25,0.5,0.35 545.511
0.25,0.5,0.4 327.264
0.25,0.5,0.45 24.6058
0.25,0.55,0 2.49168e-09
0.25,0.55,0.05 85.8791
0.25,0.55,0.1 459.35
0.25,0.55,0.15 338.295
0.25,0.55,0.2 288.529
0.25,0.55,0.25 490.147
0.25,0.55,0.3 679.688
0.25,0.55,0.35 662.636
0.25,0.55,0.4 415.271
0.25,0.55,0.45 27.2229
0.25,0.6,0 1.73455e-08
0.25,0.6,0.05 18.3395
0.25,0.6,0.1 267.269
0.25,0.6,0.15 456.856
0.25,0.6,0.2 574.193
0.25,0.6,0.25 446.956
0.25,0.6,0.3 444.19
0.25,0.6,0.35 558.358
0.25,0.6,0.4 321.264
0.25,0.6,0.45 13.86
0.25,0.65,0 1.10698e-08
0.25,0.65,0.05 78.6032
0.25,0.65,0.1 351.952
0.25,0.65,0.15 384.555
0.25,0.65,0.2 537.046
0.25,0.65,0.25 256.235
0.25,0.65,0.3 367.08
0.25,0.65,0.35 274.887
0.25,0.65,0.4 140.207
0.25,0.65,0.45 6.74473
0.25,0.7,0 2.14309e-09
0.25,0.7,0.05 103.021
0.25,0.7,0.1 496.699
0.25,0.7,0.15 442.775
0.25,0.7,0.2 409.064
0.25,0.7,0.25 354.144
0.25,0.7,0.3 232.929
0.25,0.7,0.35 68.4837
0.25,0.7,0.4 9.8968
0.25,0.7,0.45 0.481237
0.25,0.75,0 1.56936e-10
0.25,0.75,0.05 63.5977
0.25,0.75,0.1 453.186
0.25,0.75,0.15 498.964
0.25,0.75,0.2 419.216
0.25,0.75,0.25 278.867
0.25,0.75,0.3 129.408
0.25,0.75,0.35 6.73383
0.25,0.75,0.4 0.00207955
0.25,0.8,0.05 23.1363
0.25,0.8,0.1 175.354
0.25,0.8,0.15 230.215
0.25,0.8,0.2 232.233
0.25,0.8,0.25 113.502
0.25,0.8,0.3 81.0596
0.25,0.8,0.35 5.32485
0.25,0.85,0.05 0.0830424
0.25,0.85,0.1 0.796015
0.25,0.85,0.15 2.86998
0.25,0.85,0.2 4.46037
0.25,0.85,0.25 3.39242
0.25,0.85,0.3 2.9884
0.25,0.85,0.35 0.198091
0.3,0,0.1 8.98235e-13
0.3,0,0.15 3.69085e-11
0.3,0,0.2 7.2462e-11
0.3,0,0.25 4.93977e-10
0.3,0,0.3 4.6626e-10
0.3,0,0.35 1.84664e-11
0.3,0.05,0 3.73392e-15
0.3,0.05,0.05 0.267894
0.3,0.05,0.1 2.64069
0.3,0.05,0.15 59.705
0.3,0.05,0.2 83.0673
0.3,0.05,0.25 82.6593
0.3,0.05,0.3 73.8505
0.3,0.05,0.35 3.03879
0.3,0.1,0 2.52885e-12
0.3,0.1,0.05 11.9274
0.3,0.1,0.1 60.6887
0.3,0.1,0.15 282.682
0.3,0.1,0.2 395.201
0.3,0.1,0.25 381.993
0.3,0.1,0.3 363.874
0.3,0.1,0.35 25.7759
0.3,0.1,0.4 0.00194964
0.3,0.15,0 1.69986e-11
0.3,0.15,0.05 21.8865
0.3,0.15,0.1 124.011
0.3,0.15,0.15 410.715
0.3,0.15,0.2 493.146
0.3,0.15,0.25 323.211
0.3,0.15,0.3 551.899
0.3,0.15,0.35 195.099
0.3,0.15,0.4 19.0337
0.3,0.2,0 1.08798e-10
0.3,0.2,0.05 78.4601
0.3,0.2,0.1 370.26
0.3,0.2,0.15 622.469
0.3,0.2,0.2 626.875
0.3,0.2,0.25 395.297
0.3,0.2,0.3 700.409
0.3,0.2,0.35 464.547
0.3,0.2,0.4 66.877
0.3,0.25,0 8.35572e-11
0.3,0.25,0.05 97.6159
0.3,0.25,0.1 403.681
0.3,0.25,0.15 243.54
0.3,0.25,0.2 233.5
0.3,0.25,0.25 415.733
0.3,0.25,0.3 591.407
0.3,0.25,0.35 355.094
0.3,0.25,0.4 25.6443
0.3,0.3,0 1.17138e-11
0.3,0.3,0.05 34.2021
0.3,0.3,0.1 167.521
0.3,0.3,0.15 397.335
0.3,0.3,0.2 477.132
0.3,0.3,0.25 473.814
0.3,0.3,0.3 461.379
0.3,0.3,0.35 376.956
0.3,0.3,0.4 24.7056
0.3,0.35,0 3.93354e-10
0.3,0.35,0.05 39.876
0.3,0.35,0.1 337.67
0.3,0.35,0.15 761.649
0.3,0.35,0.2 547.653
0.3,0.35,0.25 81.9385
0.3,0.35,0.3 74.9169
0.3,0.35,0.35 76.0486
0.3,0.35,0.4 5.43588
0.3,0.4,0 7.2661e-10
0.3,0.4,0.05 109.412
0.3,0.4,0.1 583.117
0.3,0.4,0.15 770.128
0.3,0.4,0.2 457.351
0.3,0.4,0.25 40.8284
0.3,0.4,0.3 1.0393
0.3,0.4,0.35 0.12713
0.3,0.4,0.4 0.0781163
0.3,0.4,0.45 0.00333707
0.3,0.45,0 5.81305e-10
0.3,0.45,0.05 78.7761
0.3,0.45,0.1 375.059
0.3,0.45,0.15 528.213
0.3,0.45,0.2 494.509
0.3,0.45,0.25 217.841
0.3,0.45,0.3 87.8825
0.3,0.45,0.35 56.0467
0.3,0.45,0.4 7.70614
0.3,0.45,0.45 0.156401
0.3,0.5,0 1.13116e-09
0.3,0.5,0.05 120.669
0.3,0.5,0.1 486.43
0.3,0.5,0.15 210.4
0.3,0.5,0.2 236.352
0.3,0.5,0.25 357.615
0.3,0.5,0.3 571.877
0.3,0.5,0.35 340.069
0.3,0.5,0.4 51.8632
0.3,0.5,0.45 1.85442
0.3,0.55,0 6.19814e-08
0.3,0.55,0.05 81.249
0.3,0.55,0.1 340.355
0.3,0.55,0.15 247.86
0.3,0.55,0.2 297.087
0.3,0.55,0.25 425.005
0.3,0.55,0.3 645.034
0.3,0.55,0.35 227.398
0.3,0.55,0.4 54.7477
0.3,0.55,0.45 2.27504
0.3,0.6,0 5.15624e-07
0.3,0.6,0.05 69.5763
0.3,0.6,0.1 306.547
0.3,0.6,0.15 321.006
0.3,0.6,0.2 566.646
0.3,0.6,0.25 430.619
0.3,0.6,0.3 711.418
0.3,0.6,0.35 467.41
0.3,0.6,0.4 222.684
0.3,0.6,0.45 9.97758
0.3,0.65,0 2.57486e-07
0.3,0.65,0.05 78.9925
0.3,0.65,0.1 323.991
0.3,0.65,0.15 206.097
0.3,0.65,0.2 382.919
0.3,0.65,0.25 463.094
0.3,0.65,0.3 662.375
0.3,0.65,0.35 573.129
0.3,0.65,0.4 288.808
0.3,0.65,0.45 12.8895
0.3,0.7,0 2.71045e-09
0.3,0.7,0.05 70.5301
0.3,0.7,0.1 299.076
0.3,0.7,0.15 265.763
0.3,0.7,0.2 474.761
0.3,0.7,0.25 261.245
0.3,0.7,0.3 107.284
0.3,0.7,0.35 50.8383
0.3,0.7,0.4 23.2659
0.3,0.7,0.45 0.999534
0.3,0.75,0 8.54123e-11
0.3,0.75,0.05 23.5532
0.3,0.75,0.1 170.373
0.3,0.75,0.15 393.654
0.3,0.75,0.2 314.001
0.3,0.75,0.25 156.816
0.3,0.75,0.3 44.4978
0.3,0.75,0.35 0.095822
0.3,0.75,0.4 5.36483e-05
0.3,0.8,0.05 7.51197
0.3,0.8,0.1 56.0736
0.3,0.8,0.15 79.8434
0.3,0.8,0.2 56.265
0.3,0.8,0.25 60.5534
0.3,0.8,0.3 21.4182
0.3,0.8,0.35 0.0392648
0.3,0.85,0.05 0.0269625
0.3,0.85,0.1 0.187064
0.3,0.85,0.15 0.135122
0.3,0.85,0.2 0.212453
0.3,0.85,0.25 0.488218
0.3,0.85,0.3 0.174646
0.3,0.85,0.35 0.000481492
0.35,0,0.1 1.0915e-13
0.35,0,0.15 4.48499e-12
0.35,0,0.2 1.36352e-11
0.35,0,0.25 1.61573e-10
0.35,0,0.3 1.53173e-10
0.35,0,0.35 6.06646e-12
0.35,0.05,0.05 1.25726
0.35,0.05,0.1 5.79147
0.35,0.05,0.15 8.77839
0.35,0.05,0.2 11.1967
0.35,0.05,0.25 26.8004
0.35,0.05,0.3 23.9318
0.35,0.05,0.35 0.939581
0.35,0.1,0.05 56.0296
0.35,0.1,0.1 252.455
0.35,0.1,0.15 100.096
0.35,0.1,0.2 64.3463
0.35,0.1,0.25 165.955
0.35,0.1,0.3 122.456
0.35,0.1,0.35 7.41532
0.35,0.1,0.4 0.000188316
0.35,0.15,0 8.18619e-15
0.35,0.15,0.05 85.9043
0.35,0.15,0.1 403.117
0.35,0.15,0.15 191.743
0.35,0.15,0.2 173.042
0.35,0.15,0.25 268.732
0.35,0.15,0.3 201.234
0.35,0.15,0.35 37.6848
0.35,0.15,0.4 1.83782
0.35,0.2,0 1.27981e-11
0.35,0.2,0.05 103.596
0.35,0.2,0.1 457.204
0.35,0.2,0.15 447.415
0.35,0.2,0.2 425.243
0.35,0.2,0.25 361.432
0.35,0.2,0.3 457.139
0.35,0.2,0.35 119.065
0.35,0.2,0.4 7.76322
0.35,0.25,0 4.80279e-11
0.35,0.25,0.05 165.833
0.35,0.25,0.1 729.167
0.35,0.25,0.15 580.365
0.35,0.25,0.2 257.307
0.35,0.25,0.25 416.989
0.35,0.25,0.3 713.912
0.35,0.25,0.35 279.5
0.35,0.25,0.4 9.31556
0.35,0.3,0 3.30811e-11
0.35,0.3,0.05 130.463
0.35,0.3,0.1 553.752
0.35,0.3,0.15 512.837
0.35,0.3,0.2 428.335
0.35,0.3,0.25 685.171
0.35,0.3,0.3 695.636
0.35,0.3,0.35 153.215
0.35,0.3,0.4 5.0877
0.35,0.35,0 2.27131e-09
0.35,0.35,0.05 93.2324
0.35,0.35,0.1 407.636
0.35,0.35,0.15 472.226
0.35,0.35,0.2 448.987
0.35,0.35,0.25 209.359
0.35,0.35,0.3 110.598
0.35,0.35,0.35 17.4385
0.35,0.35,0.4 0.661444
0.35,0.4,0 4.36674e-09
0.35,0.4,0.05 165.938
0.35,0.4,0.1 815.197
0.35,0.4,0.15 724.667
0.35,0.4,0.2 382.962
0.35,0.4,0.25 41.7377
0.35,0.4,0.3 13.0355
0.35,0.4,0.35 25.3661
0.35,0.4,0.4 30.7918
0.35,0.4,0.45 2.22006
0.35,0.45,0 2.40666e-09
0.35,0.45,0.05 98.6219
0.35,0.45,0.1 551.228
0.35,0.45,0.15 735.177
0.35,0.45,0.2 651.591
0.35,0.45,0.25 160.237
0.35,0.45,0.3 103.675
0.35,0.45,0.35 271.464
0.35,0.45,0.4 179.039
0.35,0.45,0.45 9.10066
0.35,0.5,0 2.49667e-09
0.35,0.5,0.05 145.044
0.35,0.5,0.1 610
0.35,0.5,0.15 414.249
0.35,0.5,0.2 572.84
0.35,0.5,0.25 592.277
0.35,0.5,0.3 594.471
0.35,0.5,0.35 482.205
0.35,0.5,0.4 136.883
0.35,0.5,0.45 2.41246
0.35,0.55,0 7.25879e-08
0.35,0.55,0.05 90.4856
0.35,0.55,0.1 390.073
0.35,0.55,0.15 465.379
0.35,0.55,0.2 633.975
0.35,0.55,0.25 440.804
0.35,0.55,0.3 429.648
0.35,0.55,0.35 134.195
0.35,0.55,0.4 16.3676
0.35,0.55,0.45 0.189879
0.35,0.6,0 5.99473e-07
0.35,0.6,0.05 93.6075
0.35,0.6,0.1 420.784
0.35,0.6,0.15 639.111
0.35,0.6,0.2 966.222
0.35,0.6,0.25 430.296
0.35,0.6,0.3 556.881
0.35,0.6,0.35 472.765
0.35,0.6,0.4 221.261
0.35,0.6,0.45 7.70202
0.35,0.65,0 2.98019e-07
0.35,0.65,0.05 114.475
0.35,0.65,0.1 499.13
0.35,0.65,0.15 453.481
0.35,0.65,0.2 517.076
0.35,0.65,0.25 622.794
0.35,0.65,0.3 630.696
0.35,0.65,0.35 724.239
0.35,0.65,0.4 329.34
0.35,0.65,0.45 10.4973
0.35,0.7,0 2.2604e-09
0.35,0.7,0.05 76.3821
0.35,0.7,0.1 310.882
0.35,0.7,0.15 151.672
0.35,0.7,0.2 331.55
0.35,0.7,0.25 592.591
0.35,0.7,0.3 210.881
0.35,0.7,0.35 80.4522
0.35,0.7,0.4 27.8254
0.35,0.7,0.45 0.753932
0.35,0.75,0 6.48878e-09
0.35,0.75,0.05 4.15619
0.35,0.75,0.1 27.1702
0.35,0.75,0.15 149.808
0.35,0.75,0.2 343.203
0.35,0.75,0.25 624.403
0.35,0.75,0.3 226.445
0.35,0.75,0.35 13.7277
0.35,0.8,0 2.09747e-08
0.35,0.8,0.05 2.1653
0.35,0.8,0.1 10.4067
0.35,0.8,0.15 26.0961
0.35,0.8,0.2 57.3436
0.35,0.8,0.25 203.679
0.35,0.8,0.3 78.3582
0.35,0.8,0.35 1.50039
0.35,0.85,0 4.23295e-09
0.35,0.85,0.05 0.436199
0.35,0.85,0.1 1.73369
0.35,0.85,0.15 0.430668
0.35,0.85,0.2 0.25756
0.35,0.85,0.25 1.53462
0.35,0.85,0.3 0.566041
0.35,0.85,0.35 0.000894479
0.4,0,0.2 4.56167e-15
0.4,0,0.25 9.59092e-14
0.4,0,0.3 9.1156e-14
0.4,0,0.35 3.61026e-15
0.4,0.05,0.05 0.368611
0.4,0.05,0.1 1.64653
0.4,0.05,0.15 0.46162
0.4,0.05,0.2 1.92408
0.4,0.05,0.25 5.54182
0.4,0.05,0.3 1.29108
0.4,0.05,0.35 0.148129
0.4,0.05,0.4 0.000976427
0.4,0.1,0 1.961e-10
0.4,0.1,0.05 23.4623
0.4,0.1,0.1 115.961
0.4,0.1,0.15 39.1459
0.4,0.1,0.2 94.1558
0.4,0.1,0.25 264.801
0.4,0.1,0.3 66.3492
0.4,0.1,0.35 9.97071
0.4,0.1,0.4 0.065957
0.4,0.15,0 1.03576e-09
0.4,0.15,0.05 79.8903
0.4,0.15,0.1 502.511
0.4,0.15,0.15 250.193
0.4,0.15,0.2 297.047
0.4,0.15,0.25 651.783
0.4,0.15,0.3 140.149
0.4,0.15,0.35 16.6152
0.4,0.15,0.4 0.106714
0.4,0.2,0 3.42696e-10
0.4,0.2,0.05 67.2769
0.4,0.2,0.1 398.597
0.4,0.2,0.15 413.531
0.4,0.2,0.2 412.799
0.4,0.2,0.25 359.113
0.4,0.2,0.3 107.998
0.4,0.2,0.35 9.62416
0.4,0.2,0.4 0.118876
0.4,0.25,0 3.17036e-11
0.4,0.25,0.05 92.6177
0.4,0.25,0.1 428.474
0.4,0.25,0.15 467.678
0.4,0.25,0.2 260.388
0.4,0.25,0.25 187.748
0.4,0.25,0.3 171.438
0.4,0.25,0.35 27.9262
0.4,0.25,0.4 0.555169
0.4,0.3,0 6.74976e-11
0.4,0.3,0.05 107.377
0.4,0.3,0.1 447.806
0.4,0.3,0.15 268.919
0.4,0.3,0.2 335.841
0.4,0.3,0.25 515.763
0.4,0.3,0.3 301.466
0.4,0.3,0.35 26.9288
0.4,0.3,0.4 0.176123
0.4,0.35,0 9.20986e-10
0.4,0.35,0.05 53.1275
0.4,0.35,0.1 216.64
0.4,0.35,0.15 137.801
0.4,0.35,0.2 301.736
0.4,0.35,0.25 587.871
0.4,0.35,0.3 404.916
0.4,0.35,0.35 66.0092
0.4,0.35,0.4 0.429081
0.4,0.4,0 1.75591e-09
0.4,0.4,0.05 54.5818
0.4,0.4,0.1 273.179
0.4,0.4,0.15 388.261
0.4,0.4,0.2 345.877
0.4,0.4,0.25 259.176
0.4,0.4,0.3 354.762
0.4,0.4,0.35 151.769
0.4,0.4,0.4 84.8745
0.4,0.4,0.45 6.06913
0.4,0.45,0 1.35806e-09
0.4,0.45,0.05 53.506
0.4,0.45,0.1 299.315
0.4,0.45,0.15 560.757
0.4,0.45,0.2 581.898
0.4,0.45,0.25 291.313
0.4,0.45,0.3 260.005
0.4,0.45,0.35 446.637
0.4,0.45,0.4 388.002
0.4,0.45,0.45 25.221
0.4,0.5,0 1.37084e-09
0.4,0.5,0.05 68.054
0.4,0.5,0.1 339.399
0.4,0.5,0.15 495.418
0.4,0.5,0.2 753.691
0.4,0.5,0.25 546.741
0.4,0.5,0.3 500.296
0.4,0.5,0.35 657.788
0.4,0.5,0.4 232.382
0.4,0.5,0.45 11.5882
0.4,0.55,0 1.13367e-08
0.4,0.55,0.05 50.7476
0.4,0.55,0.1 264.963
0.4,0.55,0.15 414.777
0.4,0.55,0.2 520.905
0.4,0.55,0.25 332.024
0.4,0.55,0.3 212.943
0.4,0.55,0.35 232.931
0.4,0.55,0.4 54.3427
0.4,0.55,0.45 3.4448
0.4,0.6,0 6.01546e-08
0.4,0.6,0.05 147.904
0.4,0.6,0.1 612.106
0.4,0.6,0.15 377.815
0.4,0.6,0.2 615.57
0.4,0.6,0.25 322.974
0.4,0.6,0.3 193.184
0.4,0.6,0.35 176.41
0.4,0.6,0.4 108.38
0.4,0.6,0.45 4.15072
0.4,0.65,0 2.32439e-08
0.4,0.65,0.05 72.0672
0.4,0.65,0.1 304.713
0.4,0.65,0.15 255.306
0.4,0.65,0.2 525.168
0.4,0.65,0.25 439.309
0.4,0.65,0.3 372.692
0.4,0.65,0.35 269.976
0.4,0.65,0.4 151.825
0.4,0.65,0.45 5.53162
0.4,0.7,0 2.16872e-10
0.4,0.7,0.05 17.1986
0.4,0.7,0.1 69.424
0.4,0.7,0.15 30.3262
0.4,0.7,0.2 172.645
0.4,0.7,0.25 357.636
0.4,0.7,0.3 288.642
0.4,0.7,0.35 63.91
0.4,0.7,0.4 11.8312
0.4,0.7,0.45 0.391683
0.4,0.75,0 2.05596e-07
0.4,0.75,0.05 21.9332
0.4,0.75,0.1 87.2315
0.4,0.75,0.15 25.503
0.4,0.75,0.2 125.58
0.4,0.75,0.25 340.383
0.4,0.75,0.3 403.763
0.4,0.75,0.35 67.5414
0.4,0.8,0 6.64996e-07
0.4,0.8,0.05 68.5247
0.4,0.8,0.1 272.354
0.4,0.8,0.15 67.9075
0.4,0.8,0.2 12.156
0.4,0.8,0.25 58.5936
0.4,0.8,0.3 52.5018
0.4,0.8,0.35 6.96429
0.4,0.85,0 1.34204e-07
0.4,0.85,0.05 13.8291
0.4,0.85,0.1 54.9628
0.4,0.85,0.15 13.6529
0.4,0.85,0.2 0.0530645
0.4,0.85,0.25 0.316174
0.4,0.85,0.3 0.11662
0.4,0.85,0.35 0.000184287
0.45,0.05,0.05 4.7724e-05
0.45,0.05,0.1 0.000213176
0.45,0.05,0.15 0.000660795
0.45,0.05,0.2 0.561434
0.45,0.05,0.25 1.94906
0.45,0.05,0.3 3.09569
0.45,0.05,0.35 1.36498
0.45,0.05,0.4 0.00903166
0.45,0.1,0 8.34342e-10
0.45,0.1,0.05 20.8696
