0.25,0.15,0.35 102.872
0.25,0.15,0.4 7.98478
0.25,0.2,0 1.87484e-09
0.25,0.2,0.05 90.1432
0.25,0.2,0.1 471.746
0.25,0.2,0.15 415.474
0.25,0.2,0.2 403.766
0.25,0.2,0.25 317.856
0.25,0.2,0.3 724.505
0.25,0.2,0.35 358.438
0.25,0.2,0.4 22.6774
0.25,0.25,0 8.86408e-10
0.25,0.25,0.05 89.438
0.25,0.25,0.1 367.906
0.25,0.25,0.15 399.867
0.25,0.25,0.2 595.325
0.25,0.25,0.25 298.551
0.25,0.25,0.3 531.902
0.25,0.25,0.35 185.123
0.25,0.25,0.4 4.12195
0.25,0.3,0 7.6031e-11
0.25,0.3,0.05 46.1348
0.25,0.3,0.1 212.665
0.25,0.3,0.15 374.167
0.25,0.3,0.2 575.368
0.25,0.3,0.25 189.696
0.25,0.3,0.3 171.897
0.25,0.3,0.35 59.69
0.25,0.3,0.4 0.0889297
0.25,0.35,0 1.37872e-09
0.25,0.35,0.05 82.3036
0.25,0.35,0.1 413.462
0.25,0.35,0.15 280.137
0.25,0.35,0.2 110.77
0.25,0.35,0.25 20.9437
0.25,0.35,0.3 22.1902
0.25,0.35,0.35 7.99854
0.25,0.35,0.4 0.012462
0.25,0.4,0 1.36679e-09
0.25,0.4,0.05 112.173
0.25,0.4,0.1 523.744
0.25,0.4,0.15 337.293
0.25,0.4,0.2 125.918
0.25,0.4,0.25 16.512
0.25,0.4,0.3 0.307419
0.25,0.45,0 6.5128e-10
0.25,0.45,0.05 148.142
0.25,0.45,0.1 656.111
0.25,0.45,0.15 434.928
0.25,0.45,0.2 311.695
0.25,0.45,0.25 207.752
0.25,0.45,0.3 36.1215
0.25,0.45,0.35 18.1537
0.25,0.45,0.4 0.718798
0.25,0.45,0.45 0.00287274
0.25,0.5,0 1.63577e-09
0.25,0.5,0.05 180.551
0.25,0.5,0.1 736.221
0.25,0.5,0.15 348.683
0.25,0.5,0.2 459.481
0.25,0.5,0.25 602.237
0.25,0.5,0.3 434.079
0.25,0.5,0.35 339.57
0.25,0.5,0.4 89.366
0.25,0.5,0.45 2.79746
0.25,0.55,0 2.48784e-09
0.25,0.55,0.05 123.486
0.25,0.55,0.1 549.971
0.25,0.55,0.15 210.068
0.25,0.55,0.2 201.101
0.25,0.55,0.25 652.757
0.25,0.55,0.3 667.856
0.25,0.55,0.35 716.499
0.25,0.55,0.4 309.232
0.25,0.55,0.45 8.47683
0.25,0.6,0 1.70095e-08
0.25,0.6,0.05 79.0704
0.25,0.6,0.1 417.354
0.25,0.6,0.15 257.89
0.25,0.6,0.2 323.454
0.25,0.6,0.25 564.97
0.25,0.6,0.3 517.301
0.25,0.6,0.35 587.93
0.25,0.6,0.4 243.019
0.25,0.6,0.45 2.9592
0.25,0.65,0 8.91327e-09
0.25,0.65,0.05 87.3809
0.25,0.65,0.1 392.356
0.25,0.65,0.15 569.247
0.25,0.65,0.2 668.354
0.25,0.65,0.25 324.31
0.25,0.65,0.3 376.694
0.25,0.65,0.35 391.344
0.25,0.65,0.4 70.9762
0.25,0.65,0.45 0.348769
0.25,0.7,0 5.09263e-09
0.25,0.7,0.05 119.62
0.25,0.7,0.1 535.541
0.25,0.7,0.15 484.887
0.25,0.7,0.2 370.563
0.25,0.7,0.25 202.905
0.25,0.7,0.3 391.567
0.25,0.7,0.35 194.348
0.25,0.7,0.4 15.2772
0.25,0.75,0 2.60209e-08
0.25,0.75,0.05 155.053
0.25,0.75,0.1 662.928
0.25,0.75,0.15 338.799
0.25,0.75,0.2 273.86
0.25,0.75,0.25 140.319
0.25,0.75,0.3 66.3437
0.25,0.75,0.35 10.5717
0.25,0.75,0.4 0.176936
0.25,0.8,0 9.74813e-09
0.25,0.8,0.05 53.9702
0.25,0.8,0.1 243.679
0.25,0.8,0.15 217.396
0.25,0.8,0.2 154.571
0.25,0.8,0.25 88.9362
0.25,0.8,0.3 6.57006
0.25,0.8,0.35 1.45152e-06
0.25,0.85,0 1.74902e-11
0.25,0.85,0.05 0.0894011
0.25,0.85,0.1 3.92355
0.25,0.85,0.15 21.1598
0.25,0.85,0.2 18.8719
0.25,0.85,0.25 21.2798
0.25,0.85,0.3 2.42841
0.25,0.9,0.15 0.000209174
0.25,0.9,0.2 0.0251196
0.25,0.9,0.25 0.048684
0.25,0.9,0.3 0.00557926
0.3,0,0.1 8.98235e-13
0.3,0,0.15 3.69085e-11
0.3,0,0.2 7.2462e-11
0.3,0,0.25 4.93977e-10
0.3,0,0.3 4.6626e-10
0.3,0,0.35 1.84664e-11
0.3,0.05,0 8.01219e-13
0.3,0.05,0.05 0.302368
0.3,0.05,0.1 2.74142
0.3,0.05,0.15 63.9655
0.3,0.05,0.2 89.1339
0.3,0.05,0.25 84.0764
0.3,0.05,0.3 73.0518
0.3,0.05,0.35 2.86201
0.3,0.1,0 3.75156e-11
0.3,0.1,0.05 13.6804
0.3,0.1,0.1 73.1636
0.3,0.1,0.15 328.651
0.3,0.1,0.2 438.008
0.3,0.1,0.25 390.103
0.3,0.1,0.3 370.049
0.3,0.1,0.35 20.8636
0.3,0.1,0.4 0.013904
0.3,0.15,0 6.5408e-11
0.3,0.15,0.05 27.3346
0.3,0.15,0.1 236.759
0.3,0.15,0.15 458.661
0.3,0.15,0.2 533.826
0.3,0.15,0.25 407.026
0.3,0.15,0.3 536.157
0.3,0.15,0.35 162.307
0.3,0.15,0.4 12.164
0.3,0.2,0 1.11971e-10
0.3,0.2,0.05 80.0205
0.3,0.2,0.1 425.275
0.3,0.2,0.15 592.693
0.3,0.2,0.2 498.573
0.3,0.2,0.25 499.602
0.3,0.2,0.3 639.002
0.3,0.2,0.35 380.604
0.3,0.2,0.4 34.6662
0.3,0.25,0 1.01073e-10
0.3,0.25,0.05 95.8336
0.3,0.25,0.1 410.439
0.3,0.25,0.15 284.193
0.3,0.25,0.2 294.937
0.3,0.25,0.25 482.721
0.3,0.25,0.3 582.592
0.3,0.25,0.35 219.247
0.3,0.25,0.4 6.8313
0.3,0.3,0 2.0778e-10
0.3,0.3,0.05 35.5571
0.3,0.3,0.1 243.758
0.3,0.3,0.15 508.007
0.3,0.3,0.2 462.626
0.3,0.3,0.25 439.533
0.3,0.3,0.3 495.271
0.3,0.3,0.35 163.488
0.3,0.3,0.4 0.354792
0.3,0.35,0 3.27796e-10
0.3,0.35,0.05 51.2611
0.3,0.35,0.1 442.892
0.3,0.35,0.15 716.745
0.3,0.35,0.2 424.264
0.3,0.35,0.25 76.2614
0.3,0.35,0.3 67.0539
0.3,0.35,0.35 23.0812
0.3,0.35,0.4 0.0357499
0.3,0.4,0 2.6254e-10
0.3,0.4,0.05 130.093
0.3,0.4,0.1 705.558
0.3,0.4,0.15 792.745
0.3,0.4,0.2 498.065
0.3,0.4,0.25 42.9399
0.3,0.4,0.3 0.212769
0.3,0.4,0.35 0.0105445
0.3,0.4,0.4 0.00216825
0.3,0.45,0 2.89957e-10
0.3,0.45,0.05 91.7405
0.3,0.45,0.1 431.879
0.3,0.45,0.15 499.941
0.3,0.45,0.2 485.319
0.3,0.45,0.25 157.177
0.3,0.45,0.3 48.4687
0.3,0.45,0.35 23.4486
0.3,0.45,0.4 0.8858
0.3,0.45,0.45 1.28034e-05
0.3,0.5,0 8.05372e-10
0.3,0.5,0.05 120.959
0.3,0.5,0.1 489.734
0.3,0.5,0.15 209.445
0.3,0.5,0.2 269.868
0.3,0.5,0.25 363.406
0.3,0.5,0.3 531.849
0.3,0.5,0.35 241.407
0.3,0.5,0.4 11.9973
0.3,0.5,0.45 0.0465894
0.3,0.55,0 6.18545e-08
0.3,0.55,0.05 88.226
0.3,0.55,0.1 380.369
0.3,0.55,0.15 283.094
0.3,0.55,0.2 233.706
0.3,0.55,0.25 533.389
0.3,0.55,0.3 570.25
0.3,0.55,0.35 218.726
0.3,0.55,0.4 36.7401
0.3,0.55,0.45 0.222403
0.3,0.6,0 5.15619e-07
0.3,0.6,0.05 81.2873
0.3,0.6,0.1 356.527
0.3,0.6,0.15 303.047
0.3,0.6,0.2 476.619
0.3,0.6,0.25 676.206
0.3,0.6,0.3 697.379
0.3,0.6,0.35 238.295
0.3,0.6,0.4 46.5962
0.3,0.6,0.45 0.357086
0.3,0.65,0 2.57301e-07
0.3,0.65,0.05 80.4959
0.3,0.65,0.1 334.174
0.3,0.65,0.15 218.889
0.3,0.65,0.2 357.671
0.3,0.65,0.25 556.12
0.3,0.65,0.3 798.37
0.3,0.65,0.35 554.933
0.3,0.65,0.4 84.678
0.3,0.65,0.45 0.682041
0.3,0.7,0 2.48188e-09
0.3,0.7,0.05 80.9569
0.3,0.7,0.1 412.119
0.3,0.7,0.15 285.528
0.3,0.7,0.2 440.332
0.3,0.7,0.25 164.88
0.3,0.7,0.3 173.021
0.3,0.7,0.35 235.93
0.3,0.7,0.4 42.7022
0.3,0.7,0.45 0.348792
0.3,0.75,0 9.2419e-10
0.3,0.75,0.05 54.58
0.3,0.75,0.1 432.043
0.3,0.75,0.15 355.259
0.3,0.75,0.2 286.991
0.3,0.75,0.25 72.9734
0.3,0.75,0.3 3.51389
0.3,0.75,0.35 2.58365
0.3,0.75,0.4 0.459625
0.3,0.75,0.45 0.00386208
0.3,0.8,0 3.26828e-10
0.3,0.8,0.05 12.5098
0.3,0.8,0.1 82.736
0.3,0.8,0.15 54.2048
0.3,0.8,0.2 11.812
0.3,0.8,0.25 2.19684
0.3,0.8,0.3 0.0236026
0.3,0.85,0 5.3164e-13
0.3,0.85,0.05 0.0139108
0.3,0.85,0.1 0.0633083
0.3,0.85,0.15 0.0588752
0.3,0.85,0.2 0.0167829
0.3,0.85,0.25 0.000338317
0.3,0.85,0.3 3.38076e-06
0.35,0,0.1 1.0915e-13
0.35,0,0.15 4.48499e-12
0.35,0,0.2 1.36352e-11
0.35,0,0.25 1.61573e-10
0.35,0,0.3 1.53173e-10
0.35,0,0.35 6.06646e-12
0.35,0.05,0 3.76251e-12
0.35,0.05,0.05 1.42621
0.35,0.05,0.1 5.87794
0.35,0.05,0.15 8.72664
0.35,0.05,0.2 11.6881
0.35,0.05,0.25 26.1425
0.35,0.05,0.3 23.7297
0.35,0.05,0.35 0.939581
0.35,0.1,0 1.65787e-10
0.35,0.1,0.05 63.5431
0.35,0.1,0.1 254.941
0.35,0.1,0.15 95.7598
0.35,0.1,0.2 78.0012
0.35,0.1,0.25 146.868
0.35,0.1,0.3 128.82
0.35,0.1,0.35 7.72993
0.35,0.1,0.4 0.00116894
0.35,0.15,0 2.34673e-10
0.35,0.15,0.05 102.486
0.35,0.15,0.1 417.441
0.35,0.15,0.15 194.542
0.35,0.15,0.2 204.561
0.35,0.15,0.25 305.907
0.35,0.15,0.3 214.196
0.35,0.15,0.35 29.8907
0.35,0.15,0.4 1.02286
0.35,0.2,0 3.00627e-11
0.35,0.2,0.05 108.856
0.35,0.2,0.1 480.615
0.35,0.2,0.15 497.548
0.35,0.2,0.2 446.649
0.35,0.2,0.25 533.404
0.35,0.2,0.3 292.272
0.35,0.2,0.35 91.2288
0.35,0.2,0.4 3.32624
0.35,0.25,0 1.83646e-10
0.35,0.25,0.05 163.785
0.35,0.25,0.1 776.982
0.35,0.25,0.15 626.831
0.35,0.25,0.2 289.884
0.35,0.25,0.25 564.556
0.35,0.25,0.3 696.265
0.35,0.25,0.35 204.158
0.35,0.25,0.4 1.85178
0.35,0.3,0 9.20823e-10
0.35,0.3,0.05 130.039
0.35,0.3,0.1 584.217
0.35,0.3,0.15 504.557
0.35,0.3,0.2 582.737
0.35,0.3,0.25 616.184
0.35,0.3,0.3 516.676
0.35,0.3,0.35 75.5993
0.35,0.3,0.4 0.294555
0.35,0.35,0 3.03275e-10
0.35,0.35,0.05 95.3746
0.35,0.35,0.1 429.013
0.35,0.35,0.15 354.205
0.35,0.35,0.2 420.761
0.35,0.35,0.25 136.527
0.35,0.35,0.3 57.5099
0.35,0.35,0.35 6.71714
0.35,0.35,0.4 0.00637063
0.35,0.4,0 2.81942e-13
0.35,0.4,0.05 172.264
0.35,0.4,0.1 865.716
0.35,0.4,0.15 622.65
0.35,0.4,0.2 312.124
0.35,0.4,0.25 37.2807
0.35,0.4,0.3 23.435
0.35,0.4,0.35 18.24
0.35,0.4,0.4 5.28543
0.35,0.4,0.45 0.00417228
0.35,0.45,0 4.33458e-12
0.35,0.45,0.05 109.7
0.35,0.45,0.1 661.755
0.35,0.45,0.15 719.28
0.35,0.45,0.2 609.35
0.35,0.45,0.25 110.728
0.35,0.45,0.3 85.6791
0.35,0.45,0.35 196.61
0.35,0.45,0.4 49.5233
0.35,0.45,0.45 0.0220147
0.35,0.5,0 9.31206e-12
0.35,0.5,0.05 145.746
0.35,0.5,0.1 619.132
0.35,0.5,0.15 395.19
0.35,0.5,0.2 542.125
0.35,0.5,0.25 506.649
0.35,0.5,0.3 509.22
0.35,0.5,0.35 380.154
0.35,0.5,0.4 61.8781
0.35,0.5,0.45 0.00723447
0.35,0.55,0 7.21268e-08
0.35,0.55,0.05 91.9975
0.35,0.55,0.1 414.009
0.35,0.55,0.15 519.87
0.35,0.55,0.2 561.524
0.35,0.55,0.25 493.625
0.35,0.55,0.3 383.199
0.35,0.55,0.35 111.084
0.35,0.55,0.4 7.8309
0.35,0.55,0.45 4.31968e-06
0.35,0.6,0 5.99463e-07
0.35,0.6,0.05 93.8623
0.35,0.6,0.1 435.9
0.35,0.6,0.15 711.925
0.35,0.6,0.2 877.985
0.35,0.6,0.25 404.149
0.35,0.6,0.3 475.247
0.35,0.6,0.35 154.444
0.35,0.6,0.4 22.9531
0.35,0.6,0.45 0.267684
0.35,0.65,0 2.98119e-07
0.35,0.65,0.05 114.606
0.35,0.65,0.1 528.485
0.35,0.65,0.15 580.432
0.35,0.65,0.2 561.851
0.35,0.65,0.25 417.643
0.35,0.65,0.3 755.356
0.35,0.65,0.35 719.922
0.35,0.65,0.4 217.9
0.35,0.65,0.45 2.59225
0.35,0.7,0 2.3579e-09
0.35,0.7,0.05 82.5106
0.35,0.7,0.1 408.136
0.35,0.7,0.15 390.518
0.35,0.7,0.2 624.835
0.35,0.7,0.25 251.815
0.35,0.7,0.3 194.152
0.35,0.7,0.35 342.147
0.35,0.7,0.4 120.601
0.35,0.7,0.45 1.45478
0.35,0.75,0 8.25831e-12
0.35,0.75,0.05 19.4207
0.35,0.75,0.1 274.585
0.35,0.75,0.15 565.291
0.35,0.75,0.2 451.29
0.35,0.75,0.25 211.053
0.35,0.75,0.3 8.64915
0.35,0.75,0.35 3.01613
0.35,0.75,0.4 1.28813
0.35,0.75,0.45 0.0161084
0.35,0.8,0.05 4.43802
0.35,0.8,0.1 52.2713
0.35,0.8,0.15 108.393
0.35,0.8,0.2 60.542
0.35,0.8,0.25 29.23
0.35,0.8,0.3 1.25127
0.35,0.85,0.05 0.429873
0.35,0.85,0.1 1.71951
0.35,0.85,0.15 0.432351
0.35,0.85,0.2 0.016375
0.35,0.85,0.25 0.006661
0.35,0.85,0.3 1.93424e-05
0.4,0,0.2 4.56167e-15
0.4,0,0.25 9.59092e-14
0.4,0,0.3 9.1156e-14
0.4,0,0.35 3.61026e-15
0.4,0.05,0 1.10857e-12
0.4,0.05,0.05 0.42021
0.4,0.05,0.1 1.68014
0.4,0.05,0.15 1.24221
0.4,0.05,0.2 8.17349
0.4,0.05,0.25 5.43491
0.4,0.05,0.3 1.40883
0.4,0.05,0.35 0.139967
0.4,0.1,0 5.51906e-11
0.4,0.1,0.05 30.3464
0.4,0.1,0.1 121.344
0.4,0.1,0.15 53.7204
0.4,0.1,0.2 250.292
0.4,0.1,0.25 190.526
0.4,0.1,0.3 40.0567
0.4,0.1,0.35 3.50104
0.4,0.15,0 1.40789e-10
0.4,0.15,0.05 135.868
0.4,0.15,0.1 544.971
0.4,0.15,0.15 203.654
0.4,0.15,0.2 474.885
0.4,0.15,0.25 529.184
0.4,0.15,0.3 82.0353
0.4,0.15,0.35 3.72184
0.4,0.15,0.4 2.59526e-05
0.4,0.2,0 1.11725e-10
0.4,0.2,0.05 99.4962
0.4,0.2,0.1 422.306
0.4,0.2,0.15 389.096
0.4,0.2,0.2 392.489
0.4,0.2,0.25 291.847
0.4,0.2,0.3 56.219
0.4,0.2,0.35 6.90836
0.4,0.2,0.4 0.0494845
0.4,0.25,0 1.06177e-10
0.4,0.25,0.05 91.9936
0.4,0.25,0.1 447.607
0.4,0.25,0.15 426.305
0.4,0.25,0.2 240.45
0.4,0.25,0.25 285.195
0.4,0.25,0.3 206.171
0.4,0.25,0.35 26.1137
0.4,0.25,0.4 0.152461
0.4,0.3,0 3.30743e-10
0.4,0.3,0.05 102.77
0.4,0.3,0.1 435.98
0.4,0.3,0.15 285.927
0.4,0.3,0.2 551.164
0.4,0.3,0.25 552.866
0.4,0.3,0.3 282.569
0.4,0.3,0.35 12.2629
0.4,0.3,0.4 0.0293653
0.4,0.35,0 2.94112e-10
0.4,0.35,0.05 49.0541
0.4,0.35,0.1 197.543
0.4,0.35,0.15 130.862
0.4,0.35,0.2 389.047
0.4,0.35,0.25 466.665
0.4,0.35,0.3 282.989
0.4,0.35,0.35 29.6588
0.4,0.35,0.4 0.180522
0.4,0.4,0 1.39587e-10
0.4,0.4,0.05 51.5065
0.4,0.4,0.1 268.722
0.4,0.4,0.15 336.618
0.4,0.4,0.2 286.969
0.4,0.4,0.25 326.49
0.4,0.4,0.3 377.335
0.4,0.4,0.35 131.5
0.4,0.4,0.4 26.5219
0.4,0.4,0.45 0.0207168
0.4,0.45,0 6.21035e-12
0.4,0.45,0.05 57.2967
0.4,0.45,0.1 343.37
0.4,0.45,0.15 613.118
0.4,0.45,0.2 597.577
0.4,0.45,0.25 299.033
0.4,0.45,0.3 387.997
0.4,0.45,0.35 570.411
0.4,0.45,0.4 163.648
0.4,0.45,0.45 0.109895
0.4,0.5,0 4.38422e-12
0.4,0.5,0.05 70.164
0.4,0.5,0.1 363.037
0.4,0.5,0.15 555.155
0.4,0.5,0.2 776.409
0.4,0.5,0.25 484.66
0.4,0.5,0.3 604.838
0.4,0.5,0.35 602.542
0.4,0.5,0.4 117.283
0.4,0.5,0.45 0.317302
0.4,0.55,0 1.12029e-08
0.4,0.55,0.05 52.2068
0.4,0.55,0.1 283.734
0.4,0.55,0.15 479.761
0.4,0.55,0.2 622.252
0.4,0.55,0.25 353.317
0.4,0.55,0.3 285.058
0.4,0.55,0.35 158.189
0.4,0.55,0.4 29.0126
0.4,0.55,0.45 0.732067
0.4,0.6,0 6.0153e-08
0.4,0.6,0.05 148.061
0.4,0.6,0.1 622.285
0.4,0.6,0.15 461.661
0.4,0.6,0.2 606.042
0.4,0.6,0.25 246.341
0.4,0.6,0.3 116.293
0.4,0.6,0.35 30.838
0.4,0.6,0.4 8.76278
0.4,0.6,0.45 0.187305
0.4,0.65,0 2.32661e-08
0.4,0.65,0.05 72.0933
0.4,0.65,0.1 329.837
0.4,0.65,0.15 415.273
0.4,0.65,0.2 602.035
0.4,0.65,0.25 339.732
0.4,0.65,0.3 360.968
0.4,0.65,0.35 160.615
0.4,0.65,0.4 54.3377
0.4,0.65,0.45 0.675742
0.4,0.7,0 1.79095e-10
0.4,0.7,0.05 17.2555
0.4,0.7,0.1 81.9805
0.4,0.7,0.15 140.29
0.4,0.7,0.2 378.082
0.4,0.7,0.25 220.881
0.4,0.7,0.3 96.8112
0.4,0.7,0.35 76.4621
0.4,0.7,0.4 30.2417
0.4,0.7,0.45 0.379228
0.4,0.75,0 1.72238e-12
0.4,0.75,0.05 22.2834
0.4,0.75,0.1 119.736
0.4,0.75,0.15 230.547
0.4,0.75,0.2 591.227
0.4,0.75,0.25 371.879
0.4,0.75,0.3 12.2832
0.4,0.75,0.35 0.67372
0.4,0.75,0.4 0.327767
0.4,0.75,0.45 0.00419908
0.4,0.8,0.05 68.1456
0.4,0.8,0.1 279.083
0.4,0.8,0.15 119.535
0.4,0.8,0.2 164.141
0.4,0.8,0.25 87.4982
0.4,0.8,0.3 2.04114
0.4,0.85,0.05 13.5617
0.4,0.85,0.1 54.2472
0.4,0.85,0.15 13.6234
0.4,0.85,0.2 0.407595
0.4,0.85,0.25 0.165801
0.4,0.85,0.3 0.000481458
0.45,0.05,0 1.5661e-16
0.45,0.05,0.05 5.9364e-05
0.45,0.05,0.1 0.000237358
0.45,0.05,0.15 0.437007
0.45,0.05,0.2 4.39857
0.45,0.05,0.25 8.0414
0.45,0.05,0.3 9.99456
0.45,0.05,0.35 1.03701
0.45,0.1,0 6.77331e-12
0.45,0.1,0.05 23.1873
0.45,0.1,0.1 92.7856
