0.25,0.3,0.2 471.313
0.25,0.3,0.25 294.589
0.25,0.3,0.3 198.572
0.25,0.3,0.35 263.421
0.25,0.3,0.4 162.631
0.25,0.3,0.45 8.99223
0.25,0.35,0 1.26257e-12
0.25,0.35,0.05 69.1183
0.25,0.35,0.1 328.792
0.25,0.35,0.15 462.305
0.25,0.35,0.2 258.542
0.25,0.35,0.25 86.1513
0.25,0.35,0.3 52.5997
0.25,0.35,0.35 63.5448
0.25,0.35,0.4 78.036
0.25,0.35,0.45 5.20463
0.25,0.4,0 2.34553e-12
0.25,0.4,0.05 98.1229
0.25,0.4,0.1 437.817
0.25,0.4,0.15 491.678
0.25,0.4,0.2 246.795
0.25,0.4,0.25 93.249
0.25,0.4,0.3 27.8273
0.25,0.4,0.35 2.66461
0.25,0.4,0.4 5.86689
0.25,0.4,0.45 1.51446
0.25,0.4,0.5 0.00033346
0.25,0.45,0 5.29251e-13
0.25,0.45,0.05 125.418
0.25,0.45,0.1 617.946
0.25,0.45,0.15 503.771
0.25,0.45,0.2 279.11
0.25,0.45,0.25 413.258
0.25,0.45,0.3 347.226
0.25,0.45,0.35 183.634
0.25,0.45,0.4 246.592
0.25,0.45,0.45 79.1666
0.25,0.45,0.5 0.385091
0.25,0.5,0 2.34527e-13
0.25,0.5,0.05 94.0123
0.25,0.5,0.1 717.434
0.25,0.5,0.15 553.414
0.25,0.5,0.2 272.033
0.25,0.5,0.25 227.523
0.25,0.5,0.3 640.677
0.25,0.5,0.35 580.646
0.25,0.5,0.4 543.236
0.25,0.5,0.45 201.17
0.25,0.5,0.5 1.93465
0.25,0.55,0 2.03016e-09
0.25,0.55,0.05 36.5595
0.25,0.55,0.1 325.941
0.25,0.55,0.15 384.709
0.25,0.55,0.2 327.987
0.25,0.55,0.25 160.647
0.25,0.55,0.3 465.495
0.25,0.55,0.35 701.394
0.25,0.55,0.4 629.055
0.25,0.55,0.45 218.259
0.25,0.55,0.5 1.72656
0.25,0.6,0 1.7001e-08
0.25,0.6,0.05 4.21488
0.25,0.6,0.1 35.6274
0.25,0.6,0.15 339.276
0.25,0.6,0.2 629.455
0.25,0.6,0.25 556.833
0.25,0.6,0.3 519.185
0.25,0.6,0.35 442.714
0.25,0.6,0.4 383.116
0.25,0.6,0.45 85.2258
0.25,0.6,0.5 0.450766
0.25,0.65,0 9.29816e-09
0.25,0.65,0.05 49.7319
0.25,0.65,0.1 241.869
0.25,0.65,0.15 320.169
0.25,0.65,0.2 370.04
0.25,0.65,0.25 327.997
0.25,0.65,0.3 332.754
0.25,0.65,0.35 372.11
0.25,0.65,0.4 197.281
0.25,0.65,0.45 12.9387
0.25,0.65,0.5 0.0409305
0.25,0.7,0 1.55522e-09
0.25,0.7,0.05 85.9591
0.25,0.7,0.1 374.167
0.25,0.7,0.15 392.021
0.25,0.7,0.2 530.061
0.25,0.7,0.25 486.911
0.25,0.7,0.3 366.036
0.25,0.7,0.35 301.911
0.25,0.7,0.4 66.7038
0.25,0.7,0.45 0.206853
0.25,0.75,0 1.56549e-10
0.25,0.75,0.05 8.94845
0.25,0.75,0.1 39.3577
0.25,0.75,0.15 141.81
0.25,0.75,0.2 467.693
0.25,0.75,0.25 584.417
0.25,0.75,0.3 371.189
0.25,0.75,0.35 303.772
0.25,0.75,0.4 37.0562
0.25,0.75,0.45 0.00120394
0.25,0.8,0.1 0.0742877
0.25,0.8,0.15 4.36783
0.25,0.8,0.2 38.1027
0.25,0.8,0.25 77.8622
0.25,0.8,0.3 57.6362
0.25,0.8,0.35 60.9867
0.25,0.8,0.4 7.25251
0.25,0.85,0.15 7.81033e-08
0.25,0.85,0.2 1.47992e-05
0.25,0.85,0.25 3.21945e-05
0.25,0.85,0.3 4.23114e-06
0.3,0.05,0 3.73392e-15
0.3,0.05,0.05 7.58951e-05
0.3,0.05,0.1 0.000311391
0.3,0.05,0.15 1.24357
0.3,0.05,0.2 24.433
0.3,0.05,0.25 35.9481
0.3,0.05,0.3 48.4282
0.3,0.05,0.35 10.9547
0.3,0.05,0.4 0.100346
0.3,0.1,0 2.52885e-12
0.3,0.1,0.05 0.0514011
0.3,0.1,0.1 9.19693
0.3,0.1,0.15 83.8554
0.3,0.1,0.2 276.52
0.3,0.1,0.25 337.218
0.3,0.1,0.3 405.494
0.3,0.1,0.35 107.115
0.3,0.1,0.4 3.07064
0.3,0.15,0 6.92181e-12
0.3,0.15,0.05 7.7895
0.3,0.15,0.1 72.3476
0.3,0.15,0.15 353.436
0.3,0.15,0.2 445.923
0.3,0.15,0.25 417.659
0.3,0.15,0.3 390.775
0.3,0.15,0.35 314.089
0.3,0.15,0.4 34.0842
0.3,0.15,0.45 0.184747
0.3,0.2,0 7.69269e-12
0.3,0.2,0.05 65.6849
0.3,0.2,0.1 354.193
0.3,0.2,0.15 383.372
0.3,0.2,0.2 584.578
0.3,0.2,0.25 419.325
0.3,0.2,0.3 501.044
0.3,0.2,0.35 587.301
0.3,0.2,0.4 195.622
0.3,0.2,0.45 5.2399
0.3,0.25,0 1.7309e-08
0.3,0.25,0.05 59.2882
0.3,0.25,0.1 462.918
0.3,0.25,0.15 376.537
0.3,0.25,0.2 406.641
0.3,0.25,0.25 217.484
0.3,0.25,0.3 480.89
0.3,0.25,0.35 601.899
0.3,0.25,0.4 238.876
0.3,0.25,0.45 7.65868
0.3,0.3,0 5.49025e-08
0.3,0.3,0.05 25.4982
0.3,0.3,0.1 177.314
0.3,0.3,0.15 251.91
0.3,0.3,0.2 473.564
0.3,0.3,0.25 470.648
0.3,0.3,0.3 549.248
0.3,0.3,0.35 517.267
0.3,0.3,0.4 310.149
0.3,0.3,0.45 19.0219
0.3,0.35,0 1.12942e-08
0.3,0.35,0.05 29.6383
0.3,0.35,0.1 160.619
0.3,0.35,0.15 577.871
0.3,0.35,0.2 581.617
0.3,0.35,0.25 224.702
0.3,0.35,0.3 195.752
0.3,0.35,0.35 176.872
0.3,0.35,0.4 166.846
0.3,0.35,0.45 11.0952
0.3,0.35,0.5 1.37971e-05
0.3,0.4,0 9.30903e-10
0.3,0.4,0.05 101.09
0.3,0.4,0.1 463.026
0.3,0.4,0.15 719.514
0.3,0.4,0.2 495.852
0.3,0.4,0.25 87.4714
0.3,0.4,0.3 20.6021
0.3,0.4,0.35 3.51197
0.3,0.4,0.4 5.6597
0.3,0.4,0.45 2.24217
0.3,0.4,0.5 0.0486267
0.3,0.45,0 2.98846e-10
0.3,0.45,0.05 63.12
0.3,0.45,0.1 331.397
0.3,0.45,0.15 588.187
0.3,0.45,0.2 513.616
0.3,0.45,0.25 386.344
0.3,0.45,0.3 285.16
0.3,0.45,0.35 220.977
0.3,0.45,0.4 57.1312
0.3,0.45,0.45 12.6222
0.3,0.45,0.5 0.158983
0.3,0.5,0 1.98858e-10
0.3,0.5,0.05 49.8894
0.3,0.5,0.1 436.951
0.3,0.5,0.15 338.888
0.3,0.5,0.2 205.091
0.3,0.5,0.25 332.777
0.3,0.5,0.3 673.134
0.3,0.5,0.35 657.461
0.3,0.5,0.4 117.543
0.3,0.5,0.45 18.9145
0.3,0.5,0.5 0.0954327
0.3,0.55,0 6.16108e-08
0.3,0.55,0.05 33.1739
0.3,0.55,0.1 296.273
0.3,0.55,0.15 251.413
0.3,0.55,0.2 292.167
0.3,0.55,0.25 165.742
0.3,0.55,0.3 483.606
0.3,0.55,0.35 627.14
0.3,0.55,0.4 301.348
0.3,0.55,0.45 80.6925
0.3,0.55,0.5 0.412328
0.3,0.6,0 5.15612e-07
0.3,0.6,0.05 66.6892
0.3,0.6,0.1 278.381
0.3,0.6,0.15 292.36
0.3,0.6,0.2 699.076
0.3,0.6,0.25 494.736
0.3,0.6,0.3 696.908
0.3,0.6,0.35 500.311
0.3,0.6,0.4 583.43
0.3,0.6,0.45 185.072
0.3,0.6,0.5 0.780496
0.3,0.65,0 2.57486e-07
0.3,0.65,0.05 78.9156
0.3,0.65,0.1 329.755
0.3,0.65,0.15 317.306
0.3,0.65,0.2 458.024
0.3,0.65,0.25 426.338
0.3,0.65,0.3 641.564
0.3,0.65,0.35 289.61
0.3,0.65,0.4 150.661
0.3,0.65,0.45 40.5107
0.3,0.65,0.5 0.166196
0.3,0.7,0 2.7104e-09
0.3,0.7,0.05 67.9686
0.3,0.7,0.1 296.62
0.3,0.7,0.15 372.566
0.3,0.7,0.2 466.992
0.3,0.7,0.25 503.153
0.3,0.7,0.3 193.815
0.3,0.7,0.35 299.319
0.3,0.7,0.4 60.9051
0.3,0.7,0.45 0.00843421
0.3,0.75,0 8.54123e-11
0.3,0.75,0.05 5.81105
0.3,0.75,0.1 26.0777
0.3,0.75,0.15 45.469
0.3,0.75,0.2 293.138
0.3,0.75,0.25 518.761
0.3,0.75,0.3 135.497
0.3,0.75,0.35 184.18
0.3,0.75,0.4 30.0917
0.3,0.75,0.45 4.00843e-05
0.3,0.8,0.1 0.00240386
0.3,0.8,0.15 0.420538
0.3,0.8,0.2 44.3244
0.3,0.8,0.25 93.8065
0.3,0.8,0.3 17.1836
0.3,0.8,0.35 12.5128
0.3,0.8,0.4 1.92692
0.3,0.85,0.15 1.42549e-07
0.3,0.85,0.2 2.70106e-05
0.3,0.85,0.25 5.87594e-05
0.3,0.85,0.3 7.72241e-06
0.35,0.05,0.05 1.84627e-11
0.35,0.05,0.1 8.38078e-06
0.35,0.05,0.15 0.103534
0.35,0.05,0.2 2.0333
0.35,0.05,0.25 4.68752
0.35,0.05,0.3 9.89497
0.35,0.05,0.35 2.13127
0.35,0.1,0.05 0.00497511
0.35,0.1,0.1 10.2417
0.35,0.1,0.15 78.3368
0.35,0.1,0.2 57.2513
0.35,0.1,0.25 45.2821
0.35,0.1,0.3 99.6818
0.35,0.1,0.35 24.832
0.35,0.1,0.4 0.155634
0.35,0.15,0.05 7.15866
0.35,0.15,0.1 74.8024
0.35,0.15,0.15 341.745
0.35,0.15,0.2 200.455
0.35,0.15,0.25 102.233
0.35,0.15,0.3 251.08
0.35,0.15,0.35 106.1
0.35,0.15,0.4 4.6732
0.35,0.15,0.45 0.0152878
0.35,0.2,0 4.396e-11
0.35,0.2,0.05 60.4412
0.35,0.2,0.1 325.102
0.35,0.2,0.15 333.37
0.35,0.2,0.2 412.623
0.35,0.2,0.25 407.682
0.35,0.2,0.3 419.034
0.35,0.2,0.35 150.166
0.35,0.2,0.4 19.7732
0.35,0.2,0.45 0.433599
0.35,0.25,0 1.06948e-07
0.35,0.25,0.05 83.6189
0.35,0.25,0.1 526.191
0.35,0.25,0.15 609.32
0.35,0.25,0.2 570.331
0.35,0.25,0.25 328.747
0.35,0.25,0.3 454.489
0.35,0.25,0.35 358.916
0.35,0.25,0.4 50.7235
0.35,0.25,0.45 0.715895
0.35,0.3,0 3.3907e-07
0.35,0.3,0.05 114.671
0.35,0.3,0.1 518.835
0.35,0.3,0.15 411.721
0.35,0.3,0.2 501.925
0.35,0.3,0.25 588.071
0.35,0.3,0.3 774.093
0.35,0.3,0.35 452.426
0.35,0.3,0.4 65.5077
0.35,0.3,0.45 2.42756
0.35,0.35,0 7.08587e-08
0.35,0.35,0.05 76.8415
0.35,0.35,0.1 323.099
0.35,0.35,0.15 401.076
0.35,0.35,0.2 478.913
0.35,0.35,0.25 374.829
0.35,0.35,0.3 365.823
0.35,0.35,0.35 105.348
0.35,0.35,0.4 22.9701
0.35,0.35,0.45 1.43939
0.35,0.35,0.5 0.000379695
0.35,0.4,0 8.03082e-09
0.35,0.4,0.05 162.151
0.35,0.4,0.1 737.138
0.35,0.4,0.15 737.912
0.35,0.4,0.2 498.004
0.35,0.4,0.25 73.8127
0.35,0.4,0.3 15.5984
0.35,0.4,0.35 25.3541
0.35,0.4,0.4 82.1225
0.35,0.4,0.45 54.0341
0.35,0.4,0.5 1.33738
0.35,0.45,0 2.91332e-09
0.35,0.45,0.05 96.9505
0.35,0.45,0.1 456.852
0.35,0.45,0.15 588.99
0.35,0.45,0.2 690.572
0.35,0.45,0.25 352.565
0.35,0.45,0.3 206.35
0.35,0.45,0.35 301.674
0.35,0.45,0.4 358.672
0.35,0.45,0.45 176.733
0.35,0.45,0.5 4.33674
0.35,0.5,0 2.13812e-09
0.35,0.5,0.05 87.6402
0.35,0.5,0.1 538.94
0.35,0.5,0.15 447.611
0.35,0.5,0.2 513.386
0.35,0.5,0.25 744.528
0.35,0.5,0.3 601.628
0.35,0.5,0.35 392.947
0.35,0.5,0.4 139.191
0.35,0.5,0.45 36.7783
0.35,0.5,0.5 0.877552
0.35,0.55,0 7.22354e-08
0.35,0.55,0.05 30.1684
0.35,0.55,0.1 278.376
0.35,0.55,0.15 450.789
0.35,0.55,0.2 623.279
0.35,0.55,0.25 458.587
0.35,0.55,0.3 439.241
0.35,0.55,0.35 503.304
0.35,0.55,0.4 209.642
0.35,0.55,0.45 18.8534
0.35,0.55,0.5 0.0517666
0.35,0.6,0 5.99443e-07
0.35,0.6,0.05 90.6953
0.35,0.6,0.1 393.711
0.35,0.6,0.15 575.704
0.35,0.6,0.2 957.583
0.35,0.6,0.25 336.154
0.35,0.6,0.3 408.032
0.35,0.6,0.35 807.202
0.35,0.6,0.4 604.618
0.35,0.6,0.45 72.4754
0.35,0.6,0.5 0.18692
0.35,0.65,0 2.98008e-07
0.35,0.65,0.05 114.409
0.35,0.65,0.1 465.282
0.35,0.65,0.15 277.758
0.35,0.65,0.2 453.422
0.35,0.65,0.25 220.976
0.35,0.65,0.3 366.204
0.35,0.65,0.35 666.307
0.35,0.65,0.4 275.439
0.35,0.65,0.45 19.9617
0.35,0.65,0.5 0.042177
0.35,0.7,0 2.26016e-09
0.35,0.7,0.05 76.3803
0.35,0.7,0.1 308.188
0.35,0.7,0.15 111.847
0.35,0.7,0.2 139.07
0.35,0.7,0.25 223.702
0.35,0.7,0.3 396.876
0.35,0.7,0.35 836.392
0.35,0.7,0.4 174.966
0.35,0.7,0.45 1.02433
0.35,0.75,0 6.48878e-09
0.35,0.75,0.05 4.14685
0.35,0.75,0.1 16.8737
0.35,0.75,0.15 8.1646
0.35,0.75,0.2 51.3047
0.35,0.75,0.25 99.8529
0.35,0.75,0.3 146.552
0.35,0.75,0.35 332.844
0.35,0.75,0.4 54.2896
0.35,0.75,0.45 0.0242265
0.35,0.8,0 2.09747e-08
0.35,0.8,0.05 2.16134
0.35,0.8,0.1 8.59011
0.35,0.8,0.15 2.15737
0.35,0.8,0.2 4.46188
0.35,0.8,0.25 9.71852
0.35,0.8,0.3 8.13063
0.35,0.8,0.35 17.9591
0.35,0.8,0.4 2.90493
0.35,0.85,0 4.23295e-09
0.35,0.85,0.05 0.436185
0.35,0.85,0.1 1.73359
0.35,0.85,0.15 0.430627
0.35,0.85,0.2 2.87459e-06
0.35,0.85,0.25 6.25343e-06
0.35,0.85,0.3 8.21853e-07
0.4,0.05,0.05 6.1287e-10
0.4,0.05,0.1 4.93361e-07
0.4,0.05,0.15 3.26944e-06
0.4,0.05,0.2 1.47282e-06
0.4,0.05,0.25 8.78261e-09
0.4,0.05,0.3 0.00477793
0.4,0.05,0.35 0.0204941
0.4,0.05,0.4 0.00549374
0.4,0.05,0.45 6.46159e-08
0.4,0.1,0.05 0.165149
0.4,0.1,0.1 30.8036
0.4,0.1,0.15 81.6327
0.4,0.1,0.2 24.8663
0.4,0.1,0.25 9.7713
0.4,0.1,0.3 43.2754
0.4,0.1,0.35 28.928
0.4,0.1,0.4 4.35659
0.4,0.1,0.45 5.11419e-05
0.4,0.15,0.05 1.05072
0.4,0.15,0.1 139.338
0.4,0.15,0.15 516.133
0.4,0.15,0.2 290.654
0.4,0.15,0.25 139.406
0.4,0.15,0.3 397.038
0.4,0.15,0.35 163.074
0.4,0.15,0.4 12.2308
0.4,0.15,0.45 0.000142948
0.4,0.2,0 4.62269e-11
0.4,0.2,0.05 7.148
0.4,0.2,0.1 138.147
0.4,0.2,0.15 464.602
0.4,0.2,0.2 468.292
0.4,0.2,0.25 490.355
0.4,0.2,0.3 471.41
0.4,0.2,0.35 89.715
0.4,0.2,0.4 2.61859
0.4,0.2,0.45 9.86003e-05
0.4,0.25,0 4.25691e-08
0.4,0.25,0.05 86.8595
0.4,0.25,0.1 422.919
0.4,0.25,0.15 513.344
0.4,0.25,0.2 468.292
0.4,0.25,0.25 384.034
0.4,0.25,0.3 317.52
0.4,0.25,0.35 56.1433
0.4,0.25,0.4 5.45555
0.4,0.25,0.45 0.000681766
0.4,0.3,0 1.37665e-07
0.4,0.3,0.05 110.009
0.4,0.3,0.1 471.244
0.4,0.3,0.15 475.655
0.4,0.3,0.2 364.948
0.4,0.3,0.25 416.187
0.4,0.3,0.3 412.034
0.4,0.3,0.35 72.0846
0.4,0.3,0.4 6.25057
0.4,0.3,0.45 0.428251
0.4,0.35,0 3.07062e-08
0.4,0.35,0.05 57.7251
0.4,0.35,0.1 248.688
0.4,0.35,0.15 284.598
0.4,0.35,0.2 264.636
0.4,0.35,0.25 407.47
0.4,0.35,0.3 635.78
0.4,0.35,0.35 107.485
0.4,0.35,0.4 16.4977
0.4,0.35,0.45 2.64261
0.4,0.35,0.5 0.000417958
0.4,0.4,0 4.19422e-09
0.4,0.4,0.05 70.2137
0.4,0.4,0.1 313.794
0.4,0.4,0.15 381.027
0.4,0.4,0.2 450.446
0.4,0.4,0.25 176.347
0.4,0.4,0.3 323.661
0.4,0.4,0.35 132.803
0.4,0.4,0.4 117.826
0.4,0.4,0.45 65.1797
0.4,0.4,0.5 1.47336
0.4,0.45,0 1.70138e-09
0.4,0.45,0.05 54.5889
0.4,0.45,0.1 268.102
0.4,0.45,0.15 493.552
0.4,0.45,0.2 622.787
0.4,0.45,0.25 396.08
0.4,0.45,0.3 221.822
0.4,0.45,0.35 504.52
0.4,0.45,0.4 629.296
0.4,0.45,0.45 251.258
0.4,0.45,0.5 4.78927
0.4,0.5,0 1.32218e-09
0.4,0.5,0.05 54.2995
0.4,0.5,0.1 272.555
0.4,0.5,0.15 422.325
0.4,0.5,0.2 527.87
0.4,0.5,0.25 607.063
0.4,0.5,0.3 242.932
0.4,0.5,0.35 491.39
0.4,0.5,0.4 414.952
0.4,0.5,0.45 87.889
0.4,0.5,0.5 0.976703
0.4,0.55,0 1.11775e-08
0.4,0.55,0.05 33.6226
0.4,0.55,0.1 193.438
0.4,0.55,0.15 429.419
0.4,0.55,0.2 425.395
0.4,0.55,0.25 446.271
0.4,0.55,0.3 129.432
0.4,0.55,0.35 127.519
0.4,0.55,0.4 88.1693
0.4,0.55,0.45 7.21819
0.4,0.55,0.5 0.000216603
0.4,0.6,0 5.89007e-08
0.4,0.6,0.05 130.387
0.4,0.6,0.1 598.239
0.4,0.6,0.15 380.748
0.4,0.6,0.2 590
0.4,0.6,0.25 424.85
0.4,0.6,0.3 254.752
0.4,0.6,0.35 388.38
0.4,0.6,0.4 194.566
0.4,0.6,0.45 12.7884
0.4,0.6,0.5 2.30154e-08
0.4,0.65,0 2.23479e-08
0.4,0.65,0.05 61.3388
0.4,0.65,0.1 296.578
0.4,0.65,0.15 211.014
0.4,0.65,0.2 422.561
0.4,0.65,0.25 141
0.4,0.65,0.3 199.398
0.4,0.65,0.35 544.396
0.4,0.65,0.4 286.747
0.4,0.65,0.45 9.71277
0.4,0.65,0.5 5.19324e-09
0.4,0.7,0 1.97387e-10
0.4,0.7,0.05 17.0244
0.4,0.7,0.1 69.3072
0.4,0.7,0.15 24.6923
0.4,0.7,0.2 32.4909
0.4,0.7,0.25 25.1662
0.4,0.7,0.3 180.405
0.4,0.7,0.35 443.759
0.4,0.7,0.4 185.042
0.4,0.7,0.45 4.24538
0.4,0.75,0 2.05596e-07
0.4,0.75,0.05 21.9332
0.4,0.75,0.1 87.1903
0.4,0.75,0.15 21.6753
0.4,0.75,0.2 1.32714
0.4,0.75,0.25 3.11113
0.4,0.75,0.3 26.952
0.4,0.75,0.35 54.1414
0.4,0.75,0.4 10.2998
0.4,0.75,0.45 0.100597
0.4,0.8,0 6.64996e-07
0.4,0.8,0.05 68.5247
0.4,0.8,0.1 272.347
0.4,0.8,0.15 67.6514
0.4,0.8,0.2 0.000699068
0.4,0.8,0.25 0.00968436
0.4,0.8,0.3 0.711404
0.4,0.8,0.35 1.84861
0.4,0.8,0.4 0.298997
0.4,0.85,0 1.34204e-07
0.4,0.85,0.05 13.8291
0.4,0.85,0.1 54.9628
0.4,0.85,0.15 13.6529
0.45,0.05,0.05 7.40287e-10
0.45,0.05,0.1 1.33244e-07
0.45,0.05,0.15 2.86414e-07
0.45,0.05,0.2 3.71229e-08
0.45,0.05,0.3 0.0398333
0.45,0.05,0.35 0.170858
0.45,0.05,0.4 0.0458009
0.45,0.05,0.45 5.38699e-07
0.45,0.1,0.05 0.199484
0.45,0.1,0.1 36.1616
0.45,0.1,0.15 87.7299
0.45,0.1,0.2 39.3285
0.45,0.1,0.25 27.291
0.45,0.1,0.3 52.573
0.45,0.1,0.35 137.408
0.45,0.1,0.4 36.2514
0.45,0.1,0.45 0.000426367
0.45,0.15,0.05 1.17736
0.45,0.15,0.1 171.711
0.45,0.15,0.15 500.762
0.45,0.15,0.2 433.399
