0.25,0.1,0.15 545.25
0.25,0.1,0.2 564.342
0.25,0.1,0.25 425.851
0.25,0.1,0.3 120.189
0.25,0.1,0.35 3.26286
0.25,0.1,0.4 0.0147618
0.25,0.15,0 2.17013e-09
0.25,0.15,0.05 72.6056
0.25,0.15,0.1 484.273
0.25,0.15,0.15 497.951
0.25,0.15,0.2 444.833
0.25,0.15,0.25 302.538
0.25,0.15,0.3 228.825
0.25,0.15,0.35 92.002
0.25,0.15,0.4 4.65739
0.25,0.2,0 1.87484e-09
0.25,0.2,0.05 104.033
0.25,0.2,0.1 543.13
0.25,0.2,0.15 360.155
0.25,0.2,0.2 386.586
0.25,0.2,0.25 445.484
0.25,0.2,0.3 736.207
0.25,0.2,0.35 271.84
0.25,0.2,0.4 11.2704
0.25,0.25,0 8.86408e-10
0.25,0.25,0.05 89.7859
0.25,0.25,0.1 372.931
0.25,0.25,0.15 397.621
0.25,0.25,0.2 578.054
0.25,0.25,0.25 338.918
0.25,0.25,0.3 526.509
0.25,0.25,0.35 119.801
0.25,0.25,0.4 1.68112
0.25,0.3,0 1.46373e-11
0.25,0.3,0.05 46.3025
0.25,0.3,0.1 228.375
0.25,0.3,0.15 375.611
0.25,0.3,0.2 572.597
0.25,0.3,0.25 193.423
0.25,0.3,0.3 176.453
0.25,0.3,0.35 34.0978
0.25,0.3,0.4 0.0018498
0.25,0.35,0 1.69036e-13
0.25,0.35,0.05 84.3591
0.25,0.35,0.1 422.953
0.25,0.35,0.15 270.008
0.25,0.35,0.2 118.755
0.25,0.35,0.25 23.0099
0.25,0.35,0.3 19.1986
0.25,0.35,0.35 3.68989
0.25,0.4,0 1.9699e-12
0.25,0.4,0.05 116.487
0.25,0.4,0.1 543.731
0.25,0.4,0.15 321.496
0.25,0.4,0.2 121.91
0.25,0.4,0.25 13.6845
0.25,0.4,0.3 0.138068
0.25,0.45,0 5.14009e-10
0.25,0.45,0.05 145.254
0.25,0.45,0.1 652.814
0.25,0.45,0.15 411.232
0.25,0.45,0.2 311.567
0.25,0.45,0.25 173.241
0.25,0.45,0.3 21.7705
0.25,0.45,0.35 8.43242
0.25,0.45,0.4 0.289397
0.25,0.5,0 1.317e-09
0.25,0.5,0.05 178.625
0.25,0.5,0.1 730.851
0.25,0.5,0.15 351.19
0.25,0.5,0.2 470.044
0.25,0.5,0.25 529.908
0.25,0.5,0.3 344.066
0.25,0.5,0.35 228.93
0.25,0.5,0.4 37.0505
0.25,0.5,0.45 0.442744
0.25,0.55,0 2.35369e-09
0.25,0.55,0.05 136.581
0.25,0.55,0.1 547.89
0.25,0.55,0.15 177.76
0.25,0.55,0.2 228.691
0.25,0.55,0.25 742.378
0.25,0.55,0.3 659.645
0.25,0.55,0.35 664.749
0.25,0.55,0.4 203.753
0.25,0.55,0.45 2.71145
0.25,0.6,0 1.71134e-08
0.25,0.6,0.05 104.15
0.25,0.6,0.1 430.749
0.25,0.6,0.15 172.958
0.25,0.6,0.2 306.9
0.25,0.6,0.25 598.475
0.25,0.6,0.3 520.419
0.25,0.6,0.35 615.359
0.25,0.6,0.4 183.557
0.25,0.6,0.45 1.04261
0.25,0.65,0 8.67018e-09
0.25,0.65,0.05 92.5078
0.25,0.65,0.1 405.261
0.25,0.65,0.15 528.842
0.25,0.65,0.2 701.516
0.25,0.65,0.25 416.609
0.25,0.65,0.3 510.459
0.25,0.65,0.35 284.413
0.25,0.65,0.4 53.1366
0.25,0.65,0.45 0.0104551
0.25,0.7,0 3.78645e-10
0.25,0.7,0.05 118.365
0.25,0.7,0.1 519.829
0.25,0.7,0.15 569.408
0.25,0.7,0.2 407.014
0.25,0.7,0.25 217.176
0.25,0.7,0.3 560.732
0.25,0.7,0.35 123.883
0.25,0.7,0.4 0.420573
0.25,0.7,0.45 0.000110828
0.25,0.75,0 4.24663e-11
0.25,0.75,0.05 155.322
0.25,0.75,0.1 652.399
0.25,0.75,0.15 400.042
0.25,0.75,0.2 227.959
0.25,0.75,0.25 73.7292
0.25,0.75,0.3 117.782
0.25,0.75,0.35 21.5457
0.25,0.75,0.4 0.00863412
0.25,0.75,0.45 4.54228e-06
0.25,0.8,0 2.07626e-12
0.25,0.8,0.05 66.1998
0.25,0.8,0.1 294.913
0.25,0.8,0.15 221.052
0.25,0.8,0.2 131.193
0.25,0.8,0.25 52.5328
0.25,0.8,0.3 3.28994
0.25,0.8,0.35 0.0350759
0.25,0.85,0.05 0.376429
0.25,0.85,0.1 7.61482
0.25,0.85,0.15 27.4945
0.25,0.85,0.2 24.6915
0.25,0.85,0.25 24.3636
0.25,0.85,0.3 1.89576
0.25,0.9,0.15 0.00489962
0.25,0.9,0.2 0.246204
0.25,0.9,0.25 0.356422
0.25,0.9,0.3 0.0278933
0.3,0,0.1 8.98235e-13
0.3,0,0.15 3.69085e-11
0.3,0,0.2 7.2462e-11
0.3,0,0.25 4.93977e-10
0.3,0,0.3 4.6626e-10
0.3,0,0.35 1.84664e-11
0.3,0.05,0 8.01219e-13
0.3,0.05,0.05 0.302368
0.3,0.05,0.1 4.09774
0.3,0.05,0.15 70.9207
0.3,0.05,0.2 89.2265
0.3,0.05,0.25 84.7999
0.3,0.05,0.3 72.7232
0.3,0.05,0.35 2.8601
0.3,0.1,0 3.75156e-11
0.3,0.1,0.05 14.3967
0.3,0.1,0.1 83.0421
0.3,0.1,0.15 359.95
0.3,0.1,0.2 422.819
0.3,0.1,0.25 404.035
0.3,0.1,0.3 363.174
0.3,0.1,0.35 17.8892
0.3,0.1,0.4 0.0229754
0.3,0.15,0 6.5408e-11
0.3,0.15,0.05 38.3695
0.3,0.15,0.1 276.996
0.3,0.15,0.15 418.768
0.3,0.15,0.2 540.015
0.3,0.15,0.25 487.09
0.3,0.15,0.3 531.729
0.3,0.15,0.35 146.141
0.3,0.15,0.4 7.24923
0.3,0.2,0 1.11971e-10
0.3,0.2,0.05 88.5042
0.3,0.2,0.1 468.912
0.3,0.2,0.15 553.986
0.3,0.2,0.2 480.639
0.3,0.2,0.25 562.079
0.3,0.2,0.3 623.671
0.3,0.2,0.35 331.342
0.3,0.2,0.4 17.7803
0.3,0.25,0 6.43405e-11
0.3,0.25,0.05 96.1821
0.3,0.25,0.1 421.474
0.3,0.25,0.15 282.617
0.3,0.25,0.2 345.976
0.3,0.25,0.25 473.894
0.3,0.25,0.3 573.597
0.3,0.25,0.35 187.192
0.3,0.25,0.4 3.25472
0.3,0.3,0 1.37937e-12
0.3,0.3,0.05 38.2389
0.3,0.3,0.1 310.371
0.3,0.3,0.15 502.901
0.3,0.3,0.2 471.523
0.3,0.3,0.25 417.74
0.3,0.3,0.3 453.248
0.3,0.3,0.35 90.843
0.3,0.3,0.4 0.108296
0.3,0.35,0 1.11067e-15
0.3,0.35,0.05 63.4665
0.3,0.35,0.1 528.277
0.3,0.35,0.15 694.966
0.3,0.35,0.2 390.034
0.3,0.35,0.25 69.7213
0.3,0.35,0.3 50.714
0.3,0.35,0.35 9.45623
0.3,0.4,0 9.05339e-13
0.3,0.4,0.05 150.168
0.3,0.4,0.1 797.274
0.3,0.4,0.15 778.117
0.3,0.4,0.2 473.54
0.3,0.4,0.25 35.6542
0.3,0.4,0.3 0.128848
0.3,0.4,0.35 0.0646006
0.3,0.4,0.4 0.00858076
0.3,0.45,0 2.43359e-10
0.3,0.45,0.05 102.751
0.3,0.45,0.1 465.995
0.3,0.45,0.15 504.306
0.3,0.45,0.2 529.968
0.3,0.45,0.25 143.749
0.3,0.45,0.3 36.8229
0.3,0.45,0.35 15.5568
0.3,0.45,0.4 0.745231
0.3,0.5,0 6.32561e-10
0.3,0.5,0.05 121.796
0.3,0.5,0.1 493.486
0.3,0.5,0.15 208.398
0.3,0.5,0.2 294.403
0.3,0.5,0.25 369.291
0.3,0.5,0.3 509.712
0.3,0.5,0.35 166.253
0.3,0.5,0.4 4.58826
0.3,0.5,0.45 0.00223042
0.3,0.55,0 6.17463e-08
0.3,0.55,0.05 92.5687
0.3,0.55,0.1 403.861
0.3,0.55,0.15 268.529
0.3,0.55,0.2 212.139
0.3,0.55,0.25 630.78
0.3,0.55,0.3 564.944
0.3,0.55,0.35 180.605
0.3,0.55,0.4 21.5479
0.3,0.55,0.45 0.0143958
0.3,0.6,0 5.15635e-07
0.3,0.6,0.05 88.6605
0.3,0.6,0.1 381.015
0.3,0.6,0.15 284.448
0.3,0.6,0.2 538.103
0.3,0.6,0.25 685.35
0.3,0.6,0.3 535.479
0.3,0.6,0.35 160.587
0.3,0.6,0.4 28.8938
0.3,0.6,0.45 0.00914652
0.3,0.65,0 2.57116e-07
0.3,0.65,0.05 78.7262
0.3,0.65,0.1 324.209
0.3,0.65,0.15 209.955
0.3,0.65,0.2 505.469
0.3,0.65,0.25 563.46
0.3,0.65,0.3 923.11
0.3,0.65,0.35 355.907
0.3,0.65,0.4 43.2466
0.3,0.65,0.45 0.0187069
0.3,0.7,0 2.11897e-09
0.3,0.7,0.05 94.1635
0.3,0.7,0.1 388.439
0.3,0.7,0.15 283.552
0.3,0.7,0.2 377.518
0.3,0.7,0.25 138.546
0.3,0.7,0.3 327.912
0.3,0.7,0.35 243.177
0.3,0.7,0.4 44.0395
0.3,0.7,0.45 0.0231146
0.3,0.75,0 2.29897e-10
0.3,0.75,0.05 100.541
0.3,0.75,0.1 434.985
0.3,0.75,0.15 301.773
0.3,0.75,0.2 286.397
0.3,0.75,0.25 38.3718
0.3,0.75,0.3 12.1767
0.3,0.75,0.35 12.373
0.3,0.75,0.4 3.04326
0.3,0.75,0.45 0.00163159
0.3,0.8,0 3.35469e-11
0.3,0.8,0.05 19.2755
0.3,0.8,0.1 85.2738
0.3,0.8,0.15 42.7843
0.3,0.8,0.2 15.8093
0.3,0.8,0.25 1.72052
0.3,0.8,0.3 0.00789302
0.3,0.8,0.35 0.00141272
0.3,0.85,0.05 0.0266729
0.3,0.85,0.1 0.108744
0.3,0.85,0.15 0.0354773
0.3,0.85,0.2 0.00251057
0.3,0.85,0.25 3.01166e-05
0.35,0,0.1 1.0915e-13
0.35,0,0.15 4.48499e-12
0.35,0,0.2 1.36352e-11
0.35,0,0.25 1.61573e-10
0.35,0,0.3 1.53173e-10
0.35,0,0.35 6.06646e-12
0.35,0.05,0 3.76251e-12
0.35,0.05,0.05 1.42621
0.35,0.05,0.1 5.87795
0.35,0.05,0.15 8.82924
0.35,0.05,0.2 11.4724
0.35,0.05,0.25 25.7782
0.35,0.05,0.3 23.7236
0.35,0.05,0.35 0.939581
0.35,0.1,0 1.65787e-10
0.35,0.1,0.05 63.5533
0.35,0.1,0.1 254.925
0.35,0.1,0.15 101.599
0.35,0.1,0.2 87.8498
0.35,0.1,0.25 146.173
0.35,0.1,0.3 128.937
0.35,0.1,0.35 6.62222
0.35,0.1,0.4 0.00198748
0.35,0.15,0 2.34673e-10
0.35,0.15,0.05 102.643
0.35,0.15,0.1 419.428
0.35,0.15,0.15 218.834
0.35,0.15,0.2 248.203
0.35,0.15,0.25 286.999
0.35,0.15,0.3 200.01
0.35,0.15,0.35 24.2643
0.35,0.15,0.4 0.627715
0.35,0.2,0 3.00627e-11
0.35,0.2,0.05 109.06
0.35,0.2,0.1 490.343
0.35,0.2,0.15 523.337
0.35,0.2,0.2 529.74
0.35,0.2,0.25 475.973
0.35,0.2,0.3 245.655
0.35,0.2,0.35 86.9314
0.35,0.2,0.4 1.89384
0.35,0.25,0 1.02579e-11
0.35,0.25,0.05 162.821
0.35,0.25,0.1 803.77
0.35,0.25,0.15 622.929
0.35,0.25,0.2 351.322
0.35,0.25,0.25 630.345
0.35,0.25,0.3 638.908
0.35,0.25,0.35 172.257
0.35,0.25,0.4 1.23182
0.35,0.3,0 1.95892e-12
0.35,0.3,0.05 129.792
0.35,0.3,0.1 604.511
0.35,0.3,0.15 498.179
0.35,0.3,0.2 592.693
0.35,0.3,0.25 607.181
0.35,0.3,0.3 419.113
0.35,0.3,0.35 44.5774
0.35,0.3,0.4 0.166329
0.35,0.35,0 4.53532e-14
0.35,0.35,0.05 96.8854
0.35,0.35,0.1 446.864
0.35,0.35,0.15 344.246
0.35,0.35,0.2 384.895
0.35,0.35,0.25 115.24
0.35,0.35,0.3 40.7226
0.35,0.35,0.35 2.97286
0.35,0.4,0 4.86836e-15
0.35,0.4,0.05 185.142
0.35,0.4,0.1 890.342
0.35,0.4,0.15 558.159
0.35,0.4,0.2 282.757
0.35,0.4,0.25 37.8709
0.35,0.4,0.3 33.3405
0.35,0.4,0.35 31.027
0.35,0.4,0.4 4.39921
0.35,0.45,0 1.46136e-12
0.35,0.45,0.05 132.279
0.35,0.45,0.1 713.515
0.35,0.45,0.15 662.465
0.35,0.45,0.2 604.516
0.35,0.45,0.25 94.2481
0.35,0.45,0.3 141.621
0.35,0.45,0.35 258.74
0.35,0.45,0.4 35.8455
0.35,0.5,0 4.19246e-12
0.35,0.5,0.05 148.281
0.35,0.5,0.1 628.18
0.35,0.5,0.15 383.83
0.35,0.5,0.2 533.55
0.35,0.5,0.25 469.445
0.35,0.5,0.3 490.337
0.35,0.5,0.35 335.963
0.35,0.5,0.4 36.9747
0.35,0.55,0 7.21248e-08
0.35,0.55,0.05 93.2169
0.35,0.55,0.1 454.081
0.35,0.55,0.15 551.85
0.35,0.55,0.2 509.129
0.35,0.55,0.25 533.297
0.35,0.55,0.3 343.359
0.35,0.55,0.35 72.0018
0.35,0.55,0.4 3.31492
0.35,0.6,0 5.99457e-07
0.35,0.6,0.05 94.2239
0.35,0.6,0.1 484.123
0.35,0.6,0.15 746.164
0.35,0.6,0.2 774.285
0.35,0.6,0.25 403.753
0.35,0.6,0.3 327.762
0.35,0.6,0.35 56.2451
0.35,0.6,0.4 2.14278
0.35,0.6,0.45 0.00100367
0.35,0.65,0 2.9798e-07
0.35,0.65,0.05 115.228
0.35,0.65,0.1 564.227
0.35,0.65,0.15 576.816
0.35,0.65,0.2 573.087
0.35,0.65,0.25 472.33
0.35,0.65,0.3 830.751
0.35,0.65,0.35 482.746
0.35,0.65,0.4 82.0329
0.35,0.65,0.45 0.0424593
0.35,0.7,0 2.28411e-09
0.35,0.7,0.05 101.484
0.35,0.7,0.1 460.428
0.35,0.7,0.15 391.358
0.35,0.7,0.2 589.205
0.35,0.7,0.25 214.581
0.35,0.7,0.3 340.813
0.35,0.7,0.35 455.838
0.35,0.7,0.4 108.247
0.35,0.7,0.45 0.057234
0.35,0.75,0 1.76819e-10
0.35,0.75,0.05 69.9728
0.35,0.75,0.1 462.517
0.35,0.75,0.15 556.997
0.35,0.75,0.2 377.601
0.35,0.75,0.25 76.4102
0.35,0.75,0.3 7.82483
0.35,0.75,0.35 25.1561
0.35,0.75,0.4 7.52576
0.35,0.75,0.45 0.00404147
0.35,0.8,0 2.71547e-11
0.35,0.8,0.05 12.2926
0.35,0.8,0.1 96.6476
0.35,0.8,0.15 121.014
0.35,0.8,0.2 53.0587
0.35,0.8,0.25 12.0719
0.35,0.8,0.3 0.00913918
0.35,0.85,0.05 0.324723
0.35,0.85,0.1 1.29911
0.35,0.85,0.15 0.325021
0.35,0.85,0.2 3.92185e-05
0.35,0.85,0.25 4.66059e-07
0.4,0,0.2 4.56167e-15
0.4,0,0.25 9.59092e-14
0.4,0,0.3 9.1156e-14
0.4,0,0.35 3.61026e-15
0.4,0.05,0 1.10857e-12
0.4,0.05,0.05 0.42021
0.4,0.05,0.1 1.68024
0.4,0.05,0.15 2.04167
0.4,0.05,0.2 6.42571
0.4,0.05,0.25 6.17838
0.4,0.05,0.3 2.17832
0.4,0.05,0.35 0.0102114
0.4,0.1,0 5.4647e-11
0.4,0.1,0.05 30.3111
0.4,0.1,0.1 121.208
0.4,0.1,0.15 98.1179
0.4,0.1,0.2 287.805
0.4,0.1,0.25 155.665
0.4,0.1,0.3 24.4533
0.4,0.1,0.35 0.110168
0.4,0.15,0 1.37932e-10
0.4,0.15,0.05 135.63
0.4,0.15,0.1 544.855
0.4,0.15,0.15 280.239
0.4,0.15,0.2 629.305
0.4,0.15,0.25 433.101
0.4,0.15,0.3 33.711
0.4,0.15,0.35 0.134529
0.4,0.15,0.4 5.60736e-05
0.4,0.2,0 1.1079e-10
0.4,0.2,0.05 99.4523
0.4,0.2,0.1 427.612
0.4,0.2,0.15 404.284
0.4,0.2,0.2 404.852
0.4,0.2,0.25 215.695
0.4,0.2,0.3 29.5904
0.4,0.2,0.35 5.12764
0.4,0.2,0.4 0.0320279
0.4,0.25,0 5.5066e-11
0.4,0.25,0.05 91.3827
0.4,0.25,0.1 458.352
0.4,0.25,0.15 413.558
0.4,0.25,0.2 239.184
0.4,0.25,0.25 314.737
0.4,0.25,0.3 204.29
0.4,0.25,0.35 17.2204
0.4,0.25,0.4 0.0855491
0.4,0.3,0 5.9882e-11
0.4,0.3,0.05 100.076
0.4,0.3,0.1 431.231
0.4,0.3,0.15 397.551
0.4,0.3,0.2 571.532
0.4,0.3,0.25 482.188
0.4,0.3,0.3 258.643
0.4,0.3,0.35 7.66678
0.4,0.3,0.4 0.015086
0.4,0.35,0 2.04727e-10
0.4,0.35,0.05 46.7582
0.4,0.35,0.1 189.383
0.4,0.35,0.15 190.418
0.4,0.35,0.2 392.412
0.4,0.35,0.25 424.729
0.4,0.35,0.3 222.085
0.4,0.35,0.35 19.0412
0.4,0.35,0.4 0.0859343
0.4,0.4,0 1.39477e-10
0.4,0.4,0.05 54.3932
0.4,0.4,0.1 272.449
0.4,0.4,0.15 314.426
0.4,0.4,0.2 282.023
0.4,0.4,0.25 361.737
0.4,0.4,0.3 368.229
0.4,0.4,0.35 132.837
0.4,0.4,0.4 15.0499
0.4,0.45,0 4.56015e-12
0.4,0.45,0.05 66.1147
0.4,0.45,0.1 371.299
0.4,0.45,0.15 613.208
0.4,0.45,0.2 581.906
0.4,0.45,0.25 279.863
0.4,0.45,0.3 512.089
0.4,0.45,0.35 583.455
0.4,0.45,0.4 80.7091
0.4,0.45,0.45 0.00411405
0.4,0.5,0 2.4713e-12
0.4,0.5,0.05 71.5893
0.4,0.5,0.1 381.465
0.4,0.5,0.15 579.748
0.4,0.5,0.2 768.733
0.4,0.5,0.25 445.526
0.4,0.5,0.3 669.057
0.4,0.5,0.35 500.217
0.4,0.5,0.4 66.4414
0.4,0.5,0.45 0.88554
0.4,0.55,0 1.12028e-08
0.4,0.55,0.05 52.6911
0.4,0.55,0.1 306.092
0.4,0.55,0.15 525.826
0.4,0.55,0.2 637.37
0.4,0.55,0.25 345.17
0.4,0.55,0.3 274.651
0.4,0.55,0.35 125.238
0.4,0.55,0.4 39.5098
0.4,0.55,0.45 1.98236
0.4,0.6,0 6.01517e-08
0.4,0.6,0.05 148.194
0.4,0.6,0.1 654.149
0.4,0.6,0.15 566.896
0.4,0.6,0.2 586.64
0.4,0.6,0.25 204.318
0.4,0.6,0.3 67.5122
0.4,0.6,0.35 12.5554
0.4,0.6,0.4 5.19944
0.4,0.6,0.45 0.269405
0.4,0.65,0 2.32363e-08
0.4,0.65,0.05 72.5967
0.4,0.65,0.1 377.422
0.4,0.65,0.15 541.871
0.4,0.65,0.2 568.884
0.4,0.65,0.25 316.871
0.4,0.65,0.3 328.637
0.4,0.65,0.35 76.5691
0.4,0.65,0.4 12.341
0.4,0.65,0.45 0.00646069
0.4,0.7,0 1.50632e-10
0.4,0.7,0.05 18.2397
0.4,0.7,0.1 99.4987
0.4,0.7,0.15 199.597
0.4,0.7,0.2 361.919
0.4,0.7,0.25 169.464
0.4,0.7,0.3 139.418
0.4,0.7,0.35 70.0996
0.4,0.7,0.4 16.3781
0.4,0.7,0.45 0.00870884
0.4,0.75,0 5.3721e-12
0.4,0.75,0.05 27.2382
0.4,0.75,0.1 182.857
0.4,0.75,0.15 425.832
0.4,0.75,0.2 624.404
0.4,0.75,0.25 150.915
0.4,0.75,0.3 1.38413
0.4,0.75,0.35 3.75159
0.4,0.75,0.4 1.1435
0.4,0.75,0.45 0.000614957
0.4,0.8,0 7.79874e-13
0.4,0.8,0.05 66.0742
0.4,0.8,0.1 283.609
0.4,0.8,0.15 168.957
0.4,0.8,0.2 154.545
0.4,0.8,0.25 36.624
0.4,0.8,0.3 0.0284311
0.4,0.85,0.05 11.0468
0.4,0.85,0.1 44.1907
0.4,0.85,0.15 11.0491
0.4,0.85,0.2 0.000461758
0.4,0.85,0.25 1.95271e-05
