0,0.4,0.15 1.71373e-14
0,0.4,0.2 7.33012e-14
0,0.4,0.25 1.95945e-14
0,0.4,0.3 2.04337e-19
0,0.45,0.15 1.61833e-11
0,0.45,0.2 6.92205e-11
0,0.45,0.25 1.85037e-11
0,0.45,0.3 1.92962e-16
0,0.5,0.15 4.6253e-11
0,0.5,0.2 1.97838e-10
0,0.5,0.25 5.2885e-11
0,0.5,0.3 5.515e-16
0,0.55,0.15 8.21008e-12
0,0.55,0.2 3.51169e-11
0,0.55,0.25 9.38728e-12
0,0.55,0.3 9.78933e-17
0,0.65,0.15 4.31381e-14
0,0.65,0.2 5.93819e-13
0,0.65,0.25 4.32066e-13
0,0.65,0.3 9.75849e-15
0,0.7,0.15 5.30933e-13
0,0.7,0.2 7.30859e-12
0,0.7,0.25 5.31777e-12
0,0.7,0.3 1.20105e-13
0,0.75,0.15 3.57062e-13
0,0.75,0.2 4.91516e-12
0,0.75,0.25 3.5763e-12
0,0.75,0.3 8.07729e-14
0,0.8,0.15 6.639e-15
0,0.8,0.2 9.13895e-14
0,0.8,0.25 6.64955e-14
0,0.8,0.3 1.50184e-15
0.05,0.1,0.1 0.512735
0.05,0.1,0.15 11.1566
0.05,0.1,0.2 10.8142
0.05,0.1,0.25 0.444225
0.05,0.15,0 1.63032e-16
0.05,0.15,0.05 0.000317924
0.05,0.15,0.1 2.58799
0.05,0.15,0.15 56.6466
0.05,0.15,0.2 58.2123
0.05,0.15,0.25 4.3619
0.05,0.15,0.3 0.0272597
0.05,0.15,0.35 0.00768154
0.05,0.15,0.4 0.003032
0.05,0.15,0.45 7.41254e-06
0.05,0.2,0 2.27512e-12
0.05,0.2,0.05 0.032386
0.05,0.2,0.1 0.943275
0.05,0.2,0.15 19.8625
0.05,0.2,0.2 38.3977
0.05,0.2,0.25 16.9184
0.05,0.2,0.3 9.2452
0.05,0.2,0.35 7.49702
0.05,0.2,0.4 2.56938
0.05,0.2,0.45 0.00628153
0.05,0.25,0 2.85856e-11
0.05,0.25,0.05 0.370295
0.05,0.25,0.1 1.4798
0.05,0.25,0.15 2.13296
0.05,0.25,0.2 11.0648
0.05,0.25,0.25 28.9381
0.05,0.25,0.3 51.7166
0.05,0.25,0.35 24.3202
0.05,0.25,0.4 7.24516
0.05,0.25,0.45 0.0177128
0.05,0.3,0 1.95193e-11
0.05,0.3,0.05 0.251704
0.05,0.3,0.1 1.00577
0.05,0.3,0.15 1.42089
0.05,0.3,0.2 3.94228
0.05,0.3,0.25 9.72125
0.05,0.3,0.3 18.7307
0.05,0.3,0.35 5.4403
0.05,0.3,0.4 1.26788
0.05,0.3,0.45 0.00309967
0.05,0.35,0 2.93357e-10
0.05,0.35,0.05 1.34782
0.05,0.35,0.1 5.38158
0.05,0.35,0.15 1.40821
0.05,0.35,0.2 0.216238
0.05,0.35,0.25 0.0600718
0.05,0.35,0.3 0.0314464
0.05,0.35,0.35 0.00384357
0.05,0.4,0 1.17859e-09
0.05,0.4,0.05 5.4024
0.05,0.4,0.1 21.5716
0.05,0.4,0.15 5.49525
0.05,0.4,0.2 0.604289
0.05,0.4,0.25 0.249849
0.05,0.4,0.3 0.00113928
0.05,0.45,0 2.96324e-10
0.05,0.45,0.05 1.3689
0.05,0.45,0.1 5.63811
0.05,0.45,0.15 13.6478
0.05,0.45,0.2 60.2955
0.05,0.45,0.25 21.2048
0.05,0.45,0.3 1.55627
0.05,0.45,0.35 0.148355
0.05,0.5,0 1.9949e-18
0.05,0.5,0.05 0.190255
0.05,0.5,0.1 3.56734
0.05,0.5,0.15 31.9704
0.05,0.5,0.2 136.198
0.05,0.5,0.25 53.509
0.05,0.5,0.3 19.0664
0.05,0.5,0.35 3.96994
0.05,0.5,0.4 0.465933
0.05,0.55,0.05 0.164454
0.05,0.55,0.1 3.07219
0.05,0.55,0.15 7.31068
0.05,0.55,0.2 21.9512
0.05,0.55,0.25 50.1827
0.05,0.55,0.3 61.6586
0.05,0.55,0.35 16.3611
0.05,0.55,0.4 3.33608
0.05,0.55,0.45 0.039141
0.05,0.6,0.05 0.00541506
0.05,0.6,0.1 0.101147
0.05,0.6,0.15 0.0896368
0.05,0.6,0.2 0.97309
0.05,0.6,0.25 33.2808
0.05,0.6,0.3 43.8016
0.05,0.6,0.35 17.4865
0.05,0.6,0.4 11.1767
0.05,0.6,0.45 0.395178
0.05,0.65,0.15 0.431787
0.05,0.65,0.2 5.97342
0.05,0.65,0.25 5.39571
0.05,0.65,0.3 1.7893
0.05,0.65,0.35 6.64145
0.05,0.65,0.4 6.07058
0.05,0.65,0.45 0.229147
0.05,0.7,0.15 5.31433
0.05,0.7,0.2 73.1546
0.05,0.7,0.25 53.2277
0.05,0.7,0.3 1.20617
0.05,0.7,0.35 0.0803593
0.05,0.7,0.4 0.0744615
0.05,0.7,0.45 0.0028108
0.05,0.75,0.15 3.57398
0.05,0.75,0.2 49.1978
0.05,0.75,0.25 35.7966
0.05,0.75,0.3 0.808489
0.05,0.8,0.15 0.0664524
0.05,0.8,0.2 0.914754
0.05,0.8,0.25 0.66558
0.05,0.8,0.3 0.0150325
0.1,0,0.1 2.01027e-19
0.1,0,0.15 6.84176e-17
0.1,0,0.2 1.67834e-16
0.1,0,0.25 2.52659e-17
0.1,0.05,0.1 2.64753e-06
0.1,0.05,0.15 0.000901064
0.1,0.05,0.2 0.00680028
0.1,0.05,0.25 0.815133
0.1,0.05,0.3 1.74575
0.1,0.05,0.35 0.225415
0.1,0.1,0.1 2.71641
0.1,0.1,0.15 59.1528
0.1,0.1,0.2 57.6981
0.1,0.1,0.25 6.57578
0.1,0.1,0.3 8.64034
0.1,0.1,0.35 1.12594
0.1,0.1,0.4 0.000760027
0.1,0.15,0 1.44292e-12
0.1,0.15,0.05 2.81381
0.1,0.15,0.1 24.9566
0.1,0.15,0.15 306.474
0.1,0.15,0.2 344.066
0.1,0.15,0.25 45.2995
0.1,0.15,0.3 6.86081
0.1,0.15,0.35 5.24079
0.1,0.15,0.4 0.361646
0.1,0.15,0.45 0.000124991
0.1,0.2,0 2.74221e-10
0.1,0.2,0.05 30.532
0.1,0.2,0.1 126.397
0.1,0.2,0.15 155.649
0.1,0.2,0.2 401.004
0.1,0.2,0.25 218.485
0.1,0.2,0.3 89.5304
0.1,0.2,0.35 129.087
0.1,0.2,0.4 44.1117
0.1,0.2,0.45 0.10592
0.1,0.25,0 3.2803e-09
0.1,0.25,0.05 57.4678
0.1,0.25,0.1 229.72
0.1,0.25,0.15 116.899
0.1,0.25,0.2 274.524
0.1,0.25,0.25 281.353
0.1,0.25,0.3 410.509
0.1,0.25,0.35 355.152
0.1,0.25,0.4 122.291
0.1,0.25,0.45 0.298675
0.1,0.3,0 2.23473e-09
0.1,0.3,0.05 29.3011
0.1,0.3,0.1 117.479
0.1,0.3,0.15 86.065
0.1,0.3,0.2 188.225
0.1,0.3,0.25 104.862
0.1,0.3,0.3 142.373
0.1,0.3,0.35 70.5045
0.1,0.3,0.4 21.3791
0.1,0.3,0.45 0.052267
0.1,0.35,0 4.58085e-09
0.1,0.35,0.05 21.4761
0.1,0.35,0.1 85.9052
0.1,0.35,0.15 24.6464
0.1,0.35,0.2 10.4643
0.1,0.35,0.25 2.27641
0.1,0.35,0.3 0.230514
0.1,0.35,0.35 0.0281748
0.1,0.4,0 1.82539e-08
0.1,0.4,0.05 83.6723
0.1,0.4,0.1 334.351
0.1,0.4,0.15 91.2705
0.1,0.4,0.2 12.9978
0.1,0.4,0.25 2.66455
0.1,0.4,0.3 0.0176517
0.1,0.4,0.35 0.0524461
0.1,0.4,0.4 0.196168
0.1,0.4,0.45 0.0458561
0.1,0.45,0 4.58965e-09
0.1,0.45,0.05 22.6653
0.1,0.45,0.1 100.466
0.1,0.45,0.15 194.926
0.1,0.45,0.2 479.83
0.1,0.45,0.25 160.267
0.1,0.45,0.3 26.0844
0.1,0.45,0.35 13.8568
0.1,0.45,0.4 42.616
0.1,0.45,0.45 9.96192
0.1,0.45,0.5 2.6882e-09
0.1,0.5,0 1.00188e-12
0.1,0.5,0.05 14.0931
0.1,0.5,0.1 176.128
0.1,0.5,0.15 369.185
0.1,0.5,0.2 847.232
0.1,0.5,0.25 436.915
0.1,0.5,0.3 304.284
0.1,0.5,0.35 132.554
0.1,0.5,0.4 112.213
0.1,0.5,0.45 22.3497
0.1,0.5,0.5 4.04612e-08
0.1,0.55,0 3.22651e-13
0.1,0.55,0.05 8.86571
0.1,0.55,0.1 136.889
0.1,0.55,0.15 165.297
0.1,0.55,0.2 200.628
0.1,0.55,0.25 488.353
0.1,0.55,0.3 578.819
0.1,0.55,0.35 427.84
0.1,0.55,0.4 108.845
0.1,0.55,0.45 3.7761
0.1,0.55,0.5 3.12692e-08
0.1,0.6,0 1.55456e-16
0.1,0.6,0.05 0.428967
0.1,0.6,0.1 13.1484
0.1,0.6,0.15 20.3108
0.1,0.6,0.2 34.4677
0.1,0.6,0.25 272.403
0.1,0.6,0.3 306.357
0.1,0.6,0.35 337.721
0.1,0.6,0.4 217.638
0.1,0.6,0.45 7.37396
0.1,0.6,0.5 8.11434e-10
0.1,0.65,0.05 0.998479
0.1,0.65,0.1 44.219
0.1,0.65,0.15 76.3791
0.1,0.65,0.2 56.7598
0.1,0.65,0.25 38.5042
0.1,0.65,0.3 93.3409
0.1,0.65,0.35 158.338
0.1,0.65,0.4 113.459
0.1,0.65,0.45 4.27579
0.1,0.7,0.05 0.309552
0.1,0.7,0.1 13.7433
0.1,0.7,0.15 57.1308
0.1,0.7,0.2 335.896
0.1,0.7,0.25 227.891
0.1,0.7,0.3 62.4991
0.1,0.7,0.35 25.8182
0.1,0.7,0.4 1.48711
0.1,0.7,0.45 0.0524484
0.1,0.75,0.05 9.42721e-05
0.1,0.75,0.1 0.00956324
0.1,0.75,0.15 17.7507
0.1,0.75,0.2 206.557
0.1,0.75,0.25 146.056
0.1,0.75,0.3 5.89512
0.1,0.75,0.35 0.976855
0.1,0.75,0.4 0.00213392
0.1,0.8,0.1 6.18665e-07
0.1,0.8,0.15 0.267213
0.1,0.8,0.2 3.90146
0.1,0.8,0.25 3.21424
0.1,0.8,0.3 0.13681
0.1,0.85,0.15 1.51529e-05
0.1,0.85,0.2 0.00357449
0.1,0.85,0.25 0.00816076
0.1,0.85,0.3 0.00113355
0.15,0,0.1 2.5992e-15
0.15,0,0.15 8.84613e-13
0.15,0,0.2 2.17003e-12
0.15,0,0.25 3.26679e-13
0.15,0.05,0 3.77742e-13
0.15,0.05,0.05 0.00767793
0.15,0.05,0.1 0.0649096
0.15,0.05,0.15 11.6581
0.15,0.05,0.2 28.7175
0.15,0.05,0.25 29.1348
0.15,0.05,0.3 53.7758
0.15,0.05,0.35 7.08636
0.15,0.1,0 2.55832e-10
0.15,0.1,0.05 5.19999
0.15,0.1,0.1 21.8102
0.15,0.1,0.15 73.9603
0.15,0.1,0.2 157.225
0.15,0.1,0.25 153.617
0.15,0.1,0.3 269.245
0.15,0.1,0.35 36.0112
0.15,0.1,0.4 0.015216
0.15,0.15,0 7.05203e-10
0.15,0.15,0.05 24.0245
0.15,0.15,0.1 100.729
0.15,0.15,0.15 164.102
0.15,0.15,0.2 369.626
0.15,0.15,0.25 182.709
0.15,0.15,0.3 165.47
0.15,0.15,0.35 113.34
0.15,0.15,0.4 6.84174
0.15,0.15,0.45 0.000103968
0.15,0.2,0 6.64346e-10
0.15,0.2,0.05 104.021
0.15,0.2,0.1 418.758
0.15,0.2,0.15 199.102
0.15,0.2,0.2 511.386
0.15,0.2,0.25 459.584
0.15,0.2,0.3 320.642
0.15,0.2,0.35 381.325
0.15,0.2,0.4 55.7246
0.15,0.2,0.45 0.0881048
0.15,0.25,0 6.28469e-09
0.15,0.25,0.05 147.801
0.15,0.25,0.1 599.251
0.15,0.25,0.15 243.651
0.15,0.25,0.2 442.715
0.15,0.25,0.25 531.37
0.15,0.25,0.3 396.874
0.15,0.25,0.35 338.806
0.15,0.25,0.4 105.797
0.15,0.25,0.45 0.248439
0.15,0.3,0 4.27353e-09
0.15,0.3,0.05 98.0076
0.15,0.3,0.1 438.444
0.15,0.3,0.15 206.608
0.15,0.3,0.2 279.065
0.15,0.3,0.25 130.42
0.15,0.3,0.3 98.4793
0.15,0.3,0.35 53.7373
0.15,0.3,0.4 17.8082
0.15,0.3,0.45 0.043476
0.15,0.35,0 3.65609e-09
0.15,0.35,0.05 31.5174
0.15,0.35,0.1 143.392
0.15,0.35,0.15 46.1373
0.15,0.35,0.2 15.2761
0.15,0.35,0.25 3.23429
0.15,0.35,0.3 0.10262
0.15,0.35,0.35 0.012538
0.15,0.4,0 1.43752e-08
0.15,0.4,0.05 66.2525
0.15,0.4,0.1 270.137
0.15,0.4,0.15 131.966
0.15,0.4,0.2 54.9723
0.15,0.4,0.25 4.56405
0.15,0.4,0.3 0.291325
0.15,0.4,0.35 0.272333
0.15,0.4,0.4 0.814777
0.15,0.4,0.45 0.189377
0.15,0.45,0 3.61696e-09
0.15,0.45,0.05 33.633
0.15,0.45,0.1 168.438
0.15,0.45,0.15 521.021
0.15,0.45,0.2 639.774
0.15,0.45,0.25 231.451
0.15,0.45,0.3 71.247
0.15,0.45,0.35 80.6259
0.15,0.45,0.4 185.082
0.15,0.45,0.45 42.9132
0.15,0.45,0.5 1.45048e-05
0.15,0.5,0 1.39311e-11
0.15,0.5,0.05 95.742
0.15,0.5,0.1 551.087
0.15,0.5,0.15 646.648
0.15,0.5,0.2 831.993
0.15,0.5,0.25 584.678
0.15,0.5,0.3 472.035
0.15,0.5,0.35 410.858
0.15,0.5,0.4 537.036
0.15,0.5,0.45 118.952
0.15,0.5,0.5 0.000218318
0.15,0.55,0 4.48659e-12
0.15,0.55,0.05 36.6498
0.15,0.55,0.1 285.035
0.15,0.55,0.15 355.027
0.15,0.55,0.2 482.318
0.15,0.55,0.25 707.927
0.15,0.55,0.3 831.63
0.15,0.55,0.35 834.797
0.15,0.55,0.4 298.025
0.15,0.55,0.45 33.8489
0.15,0.55,0.5 0.00016872
0.15,0.6,0 2.51649e-10
0.15,0.6,0.05 5.63461
0.15,0.6,0.1 74.7879
0.15,0.6,0.15 121.442
0.15,0.6,0.2 131.403
0.15,0.6,0.25 359.02
0.15,0.6,0.3 383.285
0.15,0.6,0.35 425.609
0.15,0.6,0.4 215.041
0.15,0.6,0.45 7.09926
0.15,0.6,0.5 4.37828e-06
0.15,0.65,0 1.34118e-09
0.15,0.65,0.05 27.8904
0.15,0.65,0.1 340.138
0.15,0.65,0.15 562.617
0.15,0.65,0.2 407.527
0.15,0.65,0.25 145.69
0.15,0.65,0.3 607.339
0.15,0.65,0.35 373.903
0.15,0.65,0.4 101.787
0.15,0.65,0.45 3.78827
0.15,0.7,0 4.45021e-10
0.15,0.7,0.05 9.13683
0.15,0.7,0.1 121.345
0.15,0.7,0.15 371.083
0.15,0.7,0.2 592.092
0.15,0.7,0.25 235.715
0.15,0.7,0.3 493.709
0.15,0.7,0.35 197.228
0.15,0.7,0.4 1.98438
0.15,0.7,0.45 0.0464513
0.15,0.75,0 2.92762e-13
0.15,0.75,0.05 0.00626153
0.15,0.75,0.1 4.09042
0.15,0.75,0.15 66.7207
0.15,0.75,0.2 244.717
0.15,0.75,0.25 238.412
0.15,0.75,0.3 103.387
0.15,0.75,0.35 20.2442
0.15,0.75,0.4 0.0186583
0.15,0.8,0.1 0.377854
0.15,0.8,0.15 7.97038
0.15,0.8,0.2 52.3499
0.15,0.8,0.25 105.211
0.15,0.8,0.3 40.3359
0.15,0.8,0.35 5.81717
0.15,0.85,0.1 0.00467622
0.15,0.85,0.15 0.0944944
0.15,0.85,0.2 0.696121
0.15,0.85,0.25 1.46474
0.15,0.85,0.3 0.421186
0.15,0.85,0.35 0.0486762
0.2,0,0.1 9.10015e-15
0.2,0,0.15 3.09715e-12
0.2,0,0.2 7.59759e-12
0.2,0,0.25 1.14375e-12
0.2,0.05,0 2.59192e-12
0.2,0.05,0.05 0.0526829
0.2,0.05,0.1 0.335055
0.2,0.05,0.15 41.0433
0.2,0.05,0.2 100.556
0.2,0.05,0.25 52.9531
0.2,0.05,0.3 96.9391
0.2,0.05,0.35 16.5227
0.2,0.1,0 1.75541e-09
0.2,0.1,0.05 35.6802
0.2,0.1,0.1 143.067
0.2,0.1,0.15 205.988
0.2,0.1,0.2 470.03
0.2,0.1,0.25 338.342
0.2,0.1,0.3 572.738
0.2,0.1,0.35 102.903
0.2,0.1,0.4 0.0140555
0.2,0.15,0 4.80586e-09
0.2,0.15,0.05 104.429
0.2,0.15,0.1 422.086
0.2,0.15,0.15 222.506
0.2,0.15,0.2 560.595
0.2,0.15,0.25 394.103
0.2,0.15,0.3 328.839
0.2,0.15,0.35 178.519
0.2,0.15,0.4 10.2929
0.2,0.15,0.45 3.16324e-06
0.2,0.2,0 8.81053e-10
0.2,0.2,0.05 89.779
0.2,0.2,0.1 404.268
0.2,0.2,0.15 325.614
0.2,0.2,0.2 641.373
0.2,0.2,0.25 440.981
0.2,0.2,0.3 546.938
0.2,0.2,0.35 623.655
0.2,0.2,0.4 48.829
0.2,0.2,0.45 0.00268059
0.2,0.25,0 7.11282e-10
0.2,0.25,0.05 136.166
0.2,0.25,0.1 585.17
0.2,0.25,0.15 318.819
0.2,0.25,0.2 559.053
0.2,0.25,0.25 595.562
0.2,0.25,0.3 550.225
0.2,0.25,0.35 351.273
0.2,0.25,0.4 25.6847
0.2,0.25,0.45 0.00755877
0.2,0.3,0 4.81871e-10
0.2,0.3,0.05 134.393
0.2,0.3,0.1 627.201
0.2,0.3,0.15 269.594
0.2,0.3,0.2 330.737
0.2,0.3,0.25 164.9
0.2,0.3,0.3 86.7781
0.2,0.3,0.35 31.3808
0.2,0.3,0.4 2.13175
0.2,0.3,0.45 0.00132276
0.2,0.35,0 1.06739e-10
0.2,0.35,0.05 64.6746
0.2,0.35,0.1 293.657
0.2,0.35,0.15 92.2017
0.2,0.35,0.2 17.3384
0.2,0.35,0.25 4.56426
0.2,0.35,0.3 0.120229
0.2,0.35,0.35 0.327435
0.2,0.35,0.4 0.0590327
0.2,0.4,0 4.12417e-10
0.2,0.4,0.05 45.2624
0.2,0.4,0.1 217.453
0.2,0.4,0.15 251.025
0.2,0.4,0.2 88.5725
0.2,0.4,0.25 6.08398
0.2,0.4,0.3 0.718451
0.2,0.4,0.35 0.310834
0.2,0.4,0.4 0.230337
0.2,0.4,0.45 0.0488801
0.2,0.45,0 2.51714e-10
0.2,0.45,0.05 45.3916
0.2,0.45,0.1 265.949
0.2,0.45,0.15 657.695
0.2,0.45,0.2 436.721
0.2,0.45,0.25 232.477
0.2,0.45,0.3 175.718
0.2,0.45,0.35 168.602
0.2,0.45,0.4 97.0806
0.2,0.45,0.45 18.0283
0.2,0.45,0.5 4.84301e-05
0.2,0.5,0 2.25835e-10
0.2,0.5,0.05 86.3753
0.2,0.5,0.1 372.463
0.2,0.5,0.15 407.368
0.2,0.5,0.2 557.984
0.2,0.5,0.25 611.245
0.2,0.5,0.3 759.207
0.2,0.5,0.35 642.524
0.2,0.5,0.4 606.059
0.2,0.5,0.45 123.501
0.2,0.5,0.5 0.000728941
0.2,0.55,0 5.23116e-11
0.2,0.55,0.05 28.6072
0.2,0.55,0.1 179.643
0.2,0.55,0.15 312.936
0.2,0.55,0.2 391.194
0.2,0.55,0.25 451.319
0.2,0.55,0.3 677.376
0.2,0.55,0.35 563.343
0.2,0.55,0.4 477.033
0.2,0.55,0.45 84.1384
0.2,0.55,0.5 0.000563339
0.2,0.6,0 1.15922e-09
0.2,0.6,0.05 20.3184
0.2,0.6,0.1 190.24
0.2,0.6,0.15 346.692
0.2,0.6,0.2 324.304
0.2,0.6,0.25 485.571
0.2,0.6,0.3 405.427
0.2,0.6,0.35 288.561
0.2,0.6,0.4 131.514
0.2,0.6,0.45 9.52138
0.2,0.6,0.5 1.46186e-05
0.2,0.65,0 6.25721e-09
0.2,0.65,0.05 109.837
0.2,0.65,0.1 561.69
0.2,0.65,0.15 631.639
0.2,0.65,0.2 528.185
0.2,0.65,0.25 253.691
0.2,0.65,0.3 606.886
0.2,0.65,0.35 311.039
0.2,0.65,0.4 12.3578
0.2,0.65,0.45 0.450164
0.2,0.7,0 2.20837e-09
0.2,0.7,0.05 43.9909
0.2,0.7,0.1 322.374
0.2,0.7,0.15 669.321
0.2,0.7,0.2 552.746
0.2,0.7,0.25 433.408
0.2,0.7,0.3 577.685
0.2,0.7,0.35 158.455
0.2,0.7,0.4 1.3649
0.2,0.7,0.45 0.00209363
0.2,0.75,0 1.83253e-11
0.2,0.75,0.05 1.16659
0.2,0.75,0.1 61.1465
0.2,0.75,0.15 390.851
0.2,0.75,0.2 686.971
0.2,0.75,0.25 688.205
0.2,0.75,0.3 495.501
0.2,0.75,0.35 85.0363
0.2,0.75,0.4 0.00972213
0.2,0.8,0.05 0.0899861
0.2,0.8,0.1 16.9054
0.2,0.8,0.15 154.561
0.2,0.8,0.2 287.899
0.2,0.8,0.25 309.676
0.2,0.8,0.3 216.827
0.2,0.8,0.35 40.2841
0.2,0.85,0.05 0.000872229
0.2,0.85,0.1 0.18115
0.2,0.85,0.15 1.76868
0.2,0.85,0.2 2.78828
0.2,0.85,0.25 3.49763
0.2,0.85,0.3 1.98701
0.2,0.85,0.35 0.337082
0.25,0,0.1 1.99043e-15
0.25,0,0.15 6.77425e-13
0.25,0,0.2 6.08537e-12
0.25,0,0.25 9.32561e-11
0.25,0,0.3 8.83967e-11
0.25,0,0.35 3.50098e-12
0.25,0.05,0 1.08787e-12
0.25,0.05,0.05 0.0221119
0.25,0.05,0.1 0.790566
