0,0.65,0.15 4.31381e-14
0,0.65,0.2 5.93819e-13
0,0.65,0.25 4.32066e-13
0,0.65,0.3 9.75849e-15
0,0.7,0.15 5.30933e-13
0,0.7,0.2 7.30859e-12
0,0.7,0.25 5.31777e-12
0,0.7,0.3 1.20105e-13
0,0.75,0.15 3.57062e-13
0,0.75,0.2 4.91516e-12
0,0.75,0.25 3.5763e-12
0,0.75,0.3 8.07729e-14
0,0.8,0.15 6.639e-15
0,0.8,0.2 9.13895e-14
0,0.8,0.25 6.64955e-14
0,0.8,0.3 1.50184e-15
0.05,0.1,0.1 3.26071
0.05,0.1,0.15 14.4688
0.05,0.1,0.2 4.01181
0.05,0.1,0.25 0.00014958
0.05,0.15,0 1.83915e-16
0.05,0.15,0.05 0.000317428
0.05,0.15,0.1 17.3122
0.05,0.15,0.15 78.3541
0.05,0.15,0.2 25.878
0.05,0.15,0.25 0.845726
0.05,0.15,0.3 0.00727411
0.05,0.15,0.35 0.0248468
0.05,0.15,0.4 0.00530064
0.05,0.2,0 6.19752e-15
0.05,0.2,0.05 0.0318688
0.05,0.2,0.1 5.8541
0.05,0.2,0.15 31.7111
0.05,0.2,0.2 25.8094
0.05,0.2,0.25 11.8353
0.05,0.2,0.3 14.7039
0.05,0.2,0.35 6.68914
0.05,0.2,0.4 1.18566
0.05,0.25,0 5.6899e-14
0.05,0.25,0.05 0.366601
0.05,0.25,0.1 1.47347
0.05,0.25,0.15 3.14687
0.05,0.25,0.2 8.38084
0.05,0.25,0.25 38.4914
0.05,0.25,0.3 61.4713
0.05,0.25,0.35 17.5463
0.05,0.25,0.4 2.67645
0.05,0.3,0 3.84023e-14
0.05,0.3,0.05 0.250637
0.05,0.3,0.1 1.00508
0.05,0.3,0.15 1.54813
0.05,0.3,0.2 3.54495
0.05,0.3,0.25 10.7978
0.05,0.3,0.3 16.4671
0.05,0.3,0.35 3.10142
0.05,0.3,0.4 0.367007
0.05,0.35,0 2.9298e-10
0.05,0.35,0.05 1.34787
0.05,0.35,0.1 5.38193
0.05,0.35,0.15 1.40899
0.05,0.35,0.2 0.171618
0.05,0.35,0.25 0.0278947
0.05,0.35,0.3 0.000532193
0.05,0.35,0.35 4.60424e-05
0.05,0.4,0 1.17859e-09
0.05,0.4,0.05 5.4024
0.05,0.4,0.1 21.5717
0.05,0.4,0.15 5.47666
0.05,0.4,0.2 0.384773
0.05,0.4,0.25 0.120425
0.05,0.4,0.3 9.71051e-05
0.05,0.4,0.35 7.59271e-13
0.05,0.4,0.4 1.36393e-12
0.05,0.4,0.45 1.4229e-13
0.05,0.45,0 2.96324e-10
0.05,0.45,0.05 1.37952
0.05,0.45,0.1 5.62806
0.05,0.45,0.15 14.7679
0.05,0.45,0.2 59.3799
0.05,0.45,0.25 17.5274
0.05,0.45,0.3 0.386698
0.05,0.45,0.35 0.0258384
0.05,0.45,0.4 0.000896852
0.05,0.45,0.45 9.35626e-05
0.05,0.5,0 1.9949e-18
0.05,0.5,0.05 0.408434
0.05,0.5,0.1 3.51672
0.05,0.5,0.15 33.6652
0.05,0.5,0.2 140.912
0.05,0.5,0.25 47.6567
0.05,0.5,0.3 9.67135
0.05,0.5,0.35 1.08268
0.05,0.5,0.4 0.0537302
0.05,0.5,0.45 0.00037296
0.05,0.55,0.05 0.368451
0.05,0.55,0.1 3.15332
0.05,0.55,0.15 6.59467
0.05,0.55,0.2 25.0136
0.05,0.55,0.25 61.2622
0.05,0.55,0.3 54.1421
0.05,0.55,0.35 9.13696
0.05,0.55,0.4 0.797691
0.05,0.55,0.45 0.000618559
0.05,0.6,0.05 0.013207
0.05,0.6,0.1 0.112998
0.05,0.6,0.15 0.0603159
0.05,0.6,0.2 3.122
0.05,0.6,0.25 48.1307
0.05,0.6,0.3 45.812
0.05,0.6,0.35 15.4661
0.05,0.6,0.4 4.40143
0.05,0.6,0.45 0.015113
0.05,0.65,0.15 0.431916
0.05,0.65,0.2 6.07031
0.05,0.65,0.25 6.23723
0.05,0.65,0.3 3.27303
0.05,0.65,0.35 10.4828
0.05,0.65,0.4 4.44041
0.05,0.65,0.45 0.0170119
0.05,0.7,0.15 5.31433
0.05,0.7,0.2 73.1546
0.05,0.7,0.25 53.2277
0.05,0.7,0.3 1.28044
0.05,0.7,0.35 0.550515
0.05,0.7,0.4 0.236248
0.05,0.7,0.45 0.000907094
0.05,0.75,0.15 3.57398
0.05,0.75,0.2 49.1978
0.05,0.75,0.25 35.7966
0.05,0.75,0.3 0.808489
0.05,0.8,0.15 0.0664524
0.05,0.8,0.2 0.914754
0.05,0.8,0.25 0.66558
0.05,0.8,0.3 0.0150325
0.1,0,0.1 2.01027e-19
0.1,0,0.15 6.84176e-17
0.1,0,0.2 1.67834e-16
0.1,0,0.25 2.52659e-17
0.1,0.05,0.1 2.64753e-06
0.1,0.05,0.15 0.000901064
0.1,0.05,0.2 0.0691529
0.1,0.05,0.25 1.49113
0.1,0.05,0.3 1.46413
0.1,0.05,0.35 0.0616095
0.1,0.1,0.1 17.245
0.1,0.1,0.15 76.566
0.1,0.1,0.2 21.9891
0.1,0.1,0.25 7.17251
0.1,0.1,0.3 6.81098
0.1,0.1,0.35 0.311926
0.1,0.1,0.4 0.000367533
0.1,0.15,0 1.61724e-12
0.1,0.15,0.05 2.79127
0.1,0.15,0.1 102.729
0.1,0.15,0.15 436.108
0.1,0.15,0.2 196.539
0.1,0.15,0.25 20.2581
0.1,0.15,0.3 9.23505
0.1,0.15,0.35 4.86695
0.1,0.15,0.4 0.176684
0.1,0.2,0 1.6235e-11
0.1,0.2,0.05 30.4585
0.1,0.2,0.1 152.153
0.1,0.2,0.15 275.941
0.1,0.2,0.2 378.446
0.1,0.2,0.25 123.867
0.1,0.2,0.3 131.568
0.1,0.2,0.35 141.551
0.1,0.2,0.4 26.9887
0.1,0.25,0 1.52925e-11
0.1,0.25,0.05 57.363
0.1,0.25,0.1 229.578
0.1,0.25,0.15 146.998
0.1,0.25,0.2 255.841
0.1,0.25,0.25 277.934
0.1,0.25,0.3 437.556
0.1,0.25,0.35 315.712
0.1,0.25,0.4 60.6732
0.1,0.3,0 4.52776e-12
0.1,0.3,0.05 29.4396
0.1,0.3,0.1 117.88
0.1,0.3,0.15 96.7819
0.1,0.3,0.2 176.645
0.1,0.3,0.25 91.4877
0.1,0.3,0.3 108.608
0.1,0.3,0.35 47.3547
0.1,0.3,0.4 8.3178
0.1,0.35,0 4.53774e-09
0.1,0.35,0.05 21.5211
0.1,0.35,0.1 85.9409
0.1,0.35,0.15 24.8684
0.1,0.35,0.2 8.90445
0.1,0.35,0.25 1.43169
0.1,0.35,0.3 0.0032212
0.1,0.35,0.35 0.000278681
0.1,0.4,0 1.82539e-08
0.1,0.4,0.05 83.6724
0.1,0.4,0.1 334.359
0.1,0.4,0.15 89.4167
0.1,0.4,0.2 8.24842
0.1,0.4,0.25 1.2289
0.1,0.4,0.3 0.00143089
0.1,0.4,0.35 2.2012e-08
0.1,0.4,0.4 3.95416e-08
0.1,0.4,0.45 4.12512e-09
0.1,0.45,0 4.58952e-09
0.1,0.45,0.05 23.2277
0.1,0.45,0.1 101.958
0.1,0.45,0.15 200.235
0.1,0.45,0.2 449.356
0.1,0.45,0.25 119.547
0.1,0.45,0.3 9.72405
0.1,0.45,0.35 15.0981
0.1,0.45,0.4 26.0012
0.1,0.45,0.45 2.71257
0.1,0.5,0 3.43509e-13
0.1,0.5,0.05 25.6081
0.1,0.5,0.1 197.201
0.1,0.5,0.15 362.958
0.1,0.5,0.2 877.123
0.1,0.5,0.25 386.893
0.1,0.5,0.3 207.903
0.1,0.5,0.35 102.439
0.1,0.5,0.4 107.723
0.1,0.5,0.45 10.8152
0.1,0.55,0 1.06102e-13
0.1,0.55,0.05 19.7196
0.1,0.55,0.1 161.385
0.1,0.55,0.15 143.841
0.1,0.55,0.2 248.042
0.1,0.55,0.25 539.193
0.1,0.55,0.3 551.919
0.1,0.55,0.35 329.081
0.1,0.55,0.4 61.2972
0.1,0.55,0.45 2.70813
0.1,0.6,0 3.07973e-17
0.1,0.6,0.05 1.94797
0.1,0.6,0.1 22.6045
0.1,0.6,0.15 19.9898
0.1,0.6,0.2 83.8128
0.1,0.6,0.25 371.751
0.1,0.6,0.3 352.168
0.1,0.6,0.35 375.805
0.1,0.6,0.4 102.398
0.1,0.6,0.45 0.324634
0.1,0.65,0.05 2.19012
0.1,0.65,0.1 29.3813
0.1,0.65,0.15 37.6157
0.1,0.65,0.2 53.4857
0.1,0.65,0.25 55.8493
0.1,0.65,0.3 82.6506
0.1,0.65,0.35 230.107
0.1,0.65,0.4 95.4183
0.1,0.65,0.45 0.365244
0.1,0.7,0.05 0.209481
0.1,0.7,0.1 6.11487
0.1,0.7,0.15 70.288
0.1,0.7,0.2 337.624
0.1,0.7,0.25 253.264
0.1,0.7,0.3 76.2453
0.1,0.7,0.35 19.8522
0.1,0.7,0.4 5.07221
0.1,0.7,0.45 0.0194752
0.1,0.75,0.1 0.92161
0.1,0.75,0.15 25.9309
0.1,0.75,0.2 205.464
0.1,0.75,0.25 148.316
0.1,0.75,0.3 11.6397
0.1,0.75,0.35 0.890361
0.1,0.8,0.1 2.1212e-05
0.1,0.8,0.15 0.295641
0.1,0.8,0.2 3.97745
0.1,0.8,0.25 2.85616
0.1,0.8,0.3 0.0628812
0.1,0.85,0.15 0.000785187
0.1,0.85,0.2 0.00845449
0.1,0.85,0.25 0.00515094
0.1,0.85,0.3 7.31858e-05
0.15,0,0.1 2.5992e-15
0.15,0,0.15 8.84613e-13
0.15,0,0.2 2.17003e-12
0.15,0,0.25 3.26679e-13
0.15,0.05,0 3.77742e-13
0.15,0.05,0.05 0.00767793
0.15,0.05,0.1 0.0649096
0.15,0.05,0.15 11.6581
0.15,0.05,0.2 30.5721
0.15,0.05,0.25 49.1295
0.15,0.05,0.3 44.371
0.15,0.05,0.35 1.90306
0.15,0.1,0 2.55832e-10
0.15,0.1,0.05 5.19999
0.15,0.1,0.1 26.5938
0.15,0.1,0.15 78.9901
0.15,0.1,0.2 152.711
0.15,0.1,0.25 240.933
0.15,0.1,0.3 209.768
0.15,0.1,0.35 9.54923
0.15,0.1,0.4 0.00662126
0.15,0.15,0 7.0896e-10
0.15,0.15,0.05 23.9752
0.15,0.15,0.1 126.071
0.15,0.15,0.15 213.944
0.15,0.15,0.2 348.323
0.15,0.15,0.25 221.58
0.15,0.15,0.3 198.037
0.15,0.15,0.35 84.1322
0.15,0.15,0.4 1.24567
0.15,0.2,0 2.0535e-10
0.15,0.2,0.05 104.125
0.15,0.2,0.1 426.673
0.15,0.2,0.15 288.829
0.15,0.2,0.2 646.865
0.15,0.2,0.25 378.694
0.15,0.2,0.3 405.865
0.15,0.2,0.35 312.969
0.15,0.2,0.4 29.3754
0.15,0.25,0 6.20458e-11
0.15,0.25,0.05 149.866
0.15,0.25,0.1 599.657
0.15,0.25,0.15 285.518
0.15,0.25,0.2 526.649
0.15,0.25,0.25 493.792
0.15,0.25,0.3 388.619
0.15,0.25,0.35 327.278
0.15,0.25,0.4 60.7018
0.15,0.3,0 1.0722e-11
0.15,0.3,0.05 110.092
0.15,0.3,0.1 440.522
0.15,0.3,0.15 210.414
0.15,0.3,0.2 273.061
0.15,0.3,0.25 120.271
0.15,0.3,0.3 75.95
0.15,0.3,0.35 42.6672
0.15,0.3,0.4 8.26067
0.15,0.35,0 3.57402e-09
0.15,0.35,0.05 35.9436
0.15,0.35,0.1 143.67
0.15,0.35,0.15 40.9956
0.15,0.35,0.2 13.2899
0.15,0.35,0.25 2.15477
0.15,0.35,0.3 0.00120615
0.15,0.35,0.35 0.000104309
0.15,0.4,0 1.43752e-08
0.15,0.4,0.05 66.0666
0.15,0.4,0.1 270.285
0.15,0.4,0.15 121.51
0.15,0.4,0.2 35.4715
0.15,0.4,0.25 1.59898
0.15,0.4,0.3 0.0349582
0.15,0.4,0.35 7.96046e-08
0.15,0.4,0.4 1.42999e-07
0.15,0.4,0.45 1.49182e-08
0.15,0.45,0 3.61528e-09
0.15,0.45,0.05 35.0378
0.15,0.45,0.1 183.085
0.15,0.45,0.15 532.01
0.15,0.45,0.2 551.408
0.15,0.45,0.25 154.281
0.15,0.45,0.3 34.2339
0.15,0.45,0.35 68.8746
0.15,0.45,0.4 97.9608
0.15,0.45,0.45 10.3152
0.15,0.5,0 5.04163e-12
0.15,0.5,0.05 112.513
0.15,0.5,0.1 598.484
0.15,0.5,0.15 666.212
0.15,0.5,0.2 838.565
0.15,0.5,0.25 530.944
0.15,0.5,0.3 373.454
0.15,0.5,0.35 420.966
0.15,0.5,0.4 476.395
0.15,0.5,0.45 53.42
0.15,0.55,0 1.55737e-12
0.15,0.55,0.05 51.795
0.15,0.55,0.1 328.863
0.15,0.55,0.15 361.67
0.15,0.55,0.2 531.654
0.15,0.55,0.25 696.78
0.15,0.55,0.3 835.619
0.15,0.55,0.35 782.415
0.15,0.55,0.4 274.273
0.15,0.55,0.45 25.7581
0.15,0.6,0 2.51647e-10
0.15,0.6,0.05 17.7742
0.15,0.6,0.1 190.493
0.15,0.6,0.15 155.592
0.15,0.6,0.2 187.772
0.15,0.6,0.25 446.637
0.15,0.6,0.3 438.947
0.15,0.6,0.35 501.858
0.15,0.6,0.4 121.829
0.15,0.6,0.45 1.17693
0.15,0.65,0 1.34118e-09
0.15,0.65,0.05 43.5395
0.15,0.65,0.1 375.73
0.15,0.65,0.15 392.94
0.15,0.65,0.2 344.789
0.15,0.65,0.25 261.532
0.15,0.65,0.3 454.516
0.15,0.65,0.35 277.715
0.15,0.65,0.4 91.9064
0.15,0.65,0.45 0.353279
0.15,0.7,0 4.45021e-10
0.15,0.7,0.05 9.44282
0.15,0.7,0.1 97.0976
0.15,0.7,0.15 485.109
0.15,0.7,0.2 548.614
0.15,0.7,0.25 408.322
0.15,0.7,0.3 595.789
0.15,0.7,0.35 88.0855
0.15,0.7,0.4 4.87995
0.15,0.7,0.45 0.0187339
0.15,0.75,0 2.92762e-13
0.15,0.75,0.05 0.00580222
0.15,0.75,0.1 27.8463
0.15,0.75,0.15 187.524
0.15,0.75,0.2 269.105
0.15,0.75,0.25 194.32
0.15,0.75,0.3 96.9116
0.15,0.75,0.35 7.66986
0.15,0.75,0.4 3.15293e-05
0.15,0.8,0.05 0.000365899
0.15,0.8,0.1 10.1855
0.15,0.8,0.15 51.3769
0.15,0.8,0.2 114.581
0.15,0.8,0.25 111.367
0.15,0.8,0.3 45.6841
0.15,0.8,0.35 1.39219
0.15,0.85,0.05 4.32397e-06
0.15,0.85,0.1 0.122594
0.15,0.85,0.15 0.872376
0.15,0.85,0.2 3.09754
0.15,0.85,0.25 5.19293
0.15,0.85,0.3 3.10623
0.15,0.85,0.35 0.0958369
0.2,0,0.1 1.21643e-14
0.2,0,0.15 3.22306e-12
0.2,0,0.2 7.76518e-12
0.2,0,0.25 1.15536e-12
0.2,0.05,0 2.59192e-12
0.2,0.05,0.05 0.0526829
0.2,0.05,0.1 0.335276
0.2,0.05,0.15 41.166
0.2,0.05,0.2 104.051
0.2,0.05,0.25 88.2676
0.2,0.05,0.3 79.4933
0.2,0.05,0.35 4.18105
0.2,0.1,0 1.75541e-09
0.2,0.1,0.05 35.6802
0.2,0.1,0.1 144.337
0.2,0.1,0.15 218.596
0.2,0.1,0.2 501.781
0.2,0.1,0.25 506.103
0.2,0.1,0.3 457.595
0.2,0.1,0.35 25.9506
0.2,0.1,0.4 0.00576702
0.2,0.15,0 4.92556e-09
0.2,0.15,0.05 105.561
0.2,0.15,0.1 429.127
0.2,0.15,0.15 265.197
0.2,0.15,0.2 548.431
0.2,0.15,0.25 396.383
0.2,0.15,0.3 343.606
0.2,0.15,0.35 119.974
0.2,0.15,0.4 2.02134
0.2,0.2,0 2.02103e-09
0.2,0.2,0.05 101.198
0.2,0.2,0.1 408.941
0.2,0.2,0.15 340.892
0.2,0.2,0.2 697.44
0.2,0.2,0.25 400.756
0.2,0.2,0.3 705.159
0.2,0.2,0.35 443.67
0.2,0.2,0.4 9.94369
0.2,0.25,0 7.042e-10
0.2,0.25,0.05 146.539
0.2,0.25,0.1 587.788
0.2,0.25,0.15 344.27
0.2,0.25,0.2 613.628
0.2,0.25,0.25 527.288
0.2,0.25,0.3 531.477
0.2,0.25,0.35 253.262
0.2,0.25,0.4 7.31401
0.2,0.3,0 1.80979e-11
0.2,0.3,0.05 157.756
0.2,0.3,0.1 631.956
0.2,0.3,0.15 270.253
0.2,0.3,0.2 317.032
0.2,0.3,0.25 139.515
0.2,0.3,0.3 67.4908
0.2,0.3,0.35 20.7982
0.2,0.3,0.4 0.718603
0.2,0.35,0 9.75666e-11
0.2,0.35,0.05 68.5378
0.2,0.35,0.1 275.093
0.2,0.35,0.15 74.8952
0.2,0.35,0.2 13.8328
0.2,0.35,0.25 2.90593
0.2,0.35,0.3 0.181665
0.2,0.35,0.35 0.182534
0.2,0.35,0.4 0.0080076
0.2,0.4,0 3.90411e-10
0.2,0.4,0.05 40.2243
0.2,0.4,0.1 199.511
0.2,0.4,0.15 223.967
0.2,0.4,0.2 64.0141
0.2,0.4,0.25 2.42496
0.2,0.4,0.3 0.141246
0.2,0.4,0.35 1.79892e-08
0.2,0.4,0.4 3.23153e-08
0.2,0.4,0.45 3.37124e-09
0.2,0.45,0 1.75858e-10
0.2,0.45,0.05 44.2058
0.2,0.45,0.1 286.895
0.2,0.45,0.15 704.548
0.2,0.45,0.2 406.447
0.2,0.45,0.25 184.351
0.2,0.45,0.3 92.908
0.2,0.45,0.35 93.2221
0.2,0.45,0.4 40.2196
0.2,0.45,0.45 4.06333
0.2,0.5,0 2.03118e-10
0.2,0.5,0.05 88.9569
0.2,0.5,0.1 391.512
0.2,0.5,0.15 457.364
0.2,0.5,0.2 641.955
0.2,0.5,0.25 691.418
0.2,0.5,0.3 619.947
0.2,0.5,0.35 620.405
0.2,0.5,0.4 473.913
0.2,0.5,0.45 59.7683
0.2,0.55,0 5.0208e-11
0.2,0.55,0.05 33.1009
0.2,0.55,0.1 199.796
0.2,0.55,0.15 252.134
0.2,0.55,0.2 364.053
0.2,0.55,0.25 552.547
0.2,0.55,0.3 714.49
0.2,0.55,0.35 636.776
0.2,0.55,0.4 506.438
0.2,0.55,0.45 60.7246
0.2,0.6,0 1.15922e-09
0.2,0.6,0.05 32.8674
0.2,0.6,0.1 292.397
0.2,0.6,0.15 293.236
0.2,0.6,0.2 326.994
0.2,0.6,0.25 479.152
0.2,0.6,0.3 392.649
0.2,0.6,0.35 303.093
0.2,0.6,0.4 139.418
0.2,0.6,0.45 6.47461
0.2,0.65,0 6.25721e-09
0.2,0.65,0.05 120.371
0.2,0.65,0.1 632.298
0.2,0.65,0.15 570.15
0.2,0.65,0.2 562.211
0.2,0.65,0.25 327.703
0.2,0.65,0.3 527.177
0.2,0.65,0.35 137.739
0.2,0.65,0.4 14.6235
0.2,0.65,0.45 0.357861
0.2,0.7,0 2.20837e-09
0.2,0.7,0.05 47.5411
0.2,0.7,0.1 335.066
0.2,0.7,0.15 735.203
0.2,0.7,0.2 556.9
0.2,0.7,0.25 519.148
0.2,0.7,0.3 606.622
0.2,0.7,0.35 113.188
0.2,0.7,0.4 0.423959
0.2,0.7,0.45 0.00661692
0.2,0.75,0 1.83253e-11
0.2,0.75,0.05 19.0539
0.2,0.75,0.1 216.873
0.2,0.75,0.15 678.756
0.2,0.75,0.2 696.177
0.2,0.75,0.25 600.247
0.2,0.75,0.3 245.751
0.2,0.75,0.35 10.9815
0.2,0.75,0.4 0.000422465
0.2,0.8,0.05 6.63436
0.2,0.8,0.1 89.6284
0.2,0.8,0.15 354.921
0.2,0.8,0.2 468.29
0.2,0.8,0.25 417.538
0.2,0.8,0.3 223.778
0.2,0.8,0.35 6.86278
0.2,0.85,0.05 0.0102051
0.2,0.85,0.1 0.792723
0.2,0.85,0.15 7.00146
0.2,0.85,0.2 13.7112
0.2,0.85,0.25 22.2013
0.2,0.85,0.3 15.2581
0.2,0.85,0.35 0.472425
0.25,0,0.1 4.4342e-13
0.25,0,0.15 1.88157e-11
0.25,0,0.2 3.02295e-11
0.25,0,0.25 9.49296e-11
0.25,0,0.3 8.83967e-11
0.25,0,0.35 3.50098e-12
0.25,0.05,0 1.08787e-12
0.25,0.05,0.05 0.0221119
0.25,0.05,0.1 0.824246
0.25,0.05,0.15 38.6486
0.25,0.05,0.2 66.2205
0.25,0.05,0.25 47.9939
0.25,0.05,0.3 47.0115
0.25,0.05,0.35 2.78505
0.25,0.1,0 7.36776e-10
0.25,0.1,0.05 14.9756
0.25,0.1,0.1 71.7902
0.25,0.1,0.15 265.322
0.25,0.1,0.2 508.531
0.25,0.1,0.25 377.026
0.25,0.1,0.3 312.374
0.25,0.1,0.35 21.2792
0.25,0.1,0.4 0.00193337
0.25,0.15,0 2.17013e-09
0.25,0.15,0.05 48.6363
0.25,0.15,0.1 247.687
0.25,0.15,0.15 559.803
0.25,0.15,0.2 688.619
0.25,0.15,0.25 332.607
0.25,0.15,0.3 286.062
0.25,0.15,0.35 115.873
0.25,0.15,0.4 11.3208
0.25,0.2,0 1.87504e-09
0.25,0.2,0.05 86.8045
0.25,0.2,0.1 376.648
0.25,0.2,0.15 436.12
0.25,0.2,0.2 439.093
