0.45,0.2,0.25 333.129
0.45,0.2,0.3 110.235
0.45,0.2,0.35 11.2731
0.45,0.2,0.4 0.000505191
0.45,0.25,0 3.2984e-10
0.45,0.25,0.05 117
0.45,0.25,0.1 472.061
0.45,0.25,0.15 189.55
0.45,0.25,0.2 293.889
0.45,0.25,0.25 397.366
0.45,0.25,0.3 74.8499
0.45,0.25,0.35 0.278307
0.45,0.3,0 7.5336e-10
0.45,0.3,0.05 137.766
0.45,0.3,0.1 574.352
0.45,0.3,0.15 522.552
0.45,0.3,0.2 690.535
0.45,0.3,0.25 246.793
0.45,0.3,0.3 26.1264
0.45,0.3,0.35 3.22798
0.45,0.3,0.4 0.610141
0.45,0.3,0.45 8.6459e-06
0.45,0.35,0 3.37425e-10
0.45,0.35,0.05 143.271
0.45,0.35,0.1 587.287
0.45,0.35,0.15 403.549
0.45,0.35,0.2 537.279
0.45,0.35,0.25 447.909
0.45,0.35,0.3 385.835
0.45,0.35,0.35 132.253
0.45,0.35,0.4 9.15173
0.45,0.35,0.45 8.93273e-05
0.45,0.4,0 8.19703e-11
0.45,0.4,0.05 76.7139
0.45,0.4,0.1 318.271
0.45,0.4,0.15 254.663
0.45,0.4,0.2 307.184
0.45,0.4,0.25 382.934
0.45,0.4,0.3 767.399
0.45,0.4,0.35 390.409
0.45,0.4,0.4 29.2021
0.45,0.4,0.45 0.422222
0.45,0.45,0 1.17805e-10
0.45,0.45,0.05 73.9875
0.45,0.45,0.1 342.723
0.45,0.45,0.15 502.697
0.45,0.45,0.2 435.345
0.45,0.45,0.25 581.056
0.45,0.45,0.3 565.018
0.45,0.45,0.35 253.763
0.45,0.45,0.4 82.4605
0.45,0.45,0.45 2.31288
0.45,0.5,0 8.49904e-10
0.45,0.5,0.05 115.371
0.45,0.5,0.1 487.003
0.45,0.5,0.15 404.104
0.45,0.5,0.2 672.188
0.45,0.5,0.25 502.46
0.45,0.5,0.3 879.884
0.45,0.5,0.35 657.804
0.45,0.5,0.4 183.894
0.45,0.5,0.45 7.49115
0.45,0.55,0 4.45479e-09
0.45,0.55,0.05 109.807
0.45,0.55,0.1 453.555
0.45,0.55,0.15 338.754
0.45,0.55,0.2 622.99
0.45,0.55,0.25 275.026
0.45,0.55,0.3 656.53
0.45,0.55,0.35 622.987
0.45,0.55,0.4 222.552
0.45,0.55,0.45 9.85318
0.45,0.6,0 1.45697e-08
0.45,0.6,0.05 142.919
0.45,0.6,0.1 576.601
0.45,0.6,0.15 372.535
0.45,0.6,0.2 756.92
0.45,0.6,0.25 271.771
0.45,0.6,0.3 61.6241
0.45,0.6,0.35 49.6156
0.45,0.6,0.4 17.7287
0.45,0.6,0.45 0.783699
0.45,0.65,0 4.32448e-09
0.45,0.65,0.05 90.9133
0.45,0.65,0.1 375.418
0.45,0.65,0.15 180.412
0.45,0.65,0.2 299.291
0.45,0.65,0.25 105.961
0.45,0.65,0.3 27.19
0.45,0.65,0.35 3.94591
0.45,0.65,0.4 0.806459
0.45,0.65,0.45 0.0276984
0.45,0.7,0 1.04913e-10
0.45,0.7,0.05 8.47114
0.45,0.7,0.1 40.1088
0.45,0.7,0.15 24.4463
0.45,0.7,0.2 28.9053
0.45,0.7,0.25 63.082
0.45,0.7,0.3 34.0411
0.45,0.7,0.35 1.01177
0.45,0.7,0.4 0.137746
0.45,0.7,0.45 0.00473097
0.45,0.75,0 2.42916e-07
0.45,0.75,0.05 25.0329
0.45,0.75,0.1 105.567
0.45,0.75,0.15 45.7794
0.45,0.75,0.2 24.698
0.45,0.75,0.25 182.75
0.45,0.75,0.3 102.114
0.45,0.75,0.35 1.13202
0.45,0.8,0 7.85732e-07
0.45,0.8,0.05 80.9673
0.45,0.8,0.1 322.584
0.45,0.8,0.15 82.6939
0.45,0.8,0.2 5.58
0.45,0.8,0.25 40.3867
0.45,0.8,0.3 22.3213
0.45,0.8,0.35 0.247395
0.45,0.85,0 1.58594e-07
0.45,0.85,0.05 16.3439
0.45,0.85,0.1 64.9577
0.45,0.85,0.15 16.1391
0.45,0.85,0.2 0.0482686
0.45,0.85,0.25 0.0352218
0.45,0.85,0.3 0.000800949
0.45,0.9,0 1.66874e-12
0.45,0.9,0.05 0.000257712
0.45,0.9,0.1 0.00102509
0.45,0.9,0.15 0.00025484
0.5,0.05,0.15 6.26848e-05
0.5,0.05,0.2 0.00431822
0.5,0.05,0.25 0.528312
0.5,0.05,0.3 2.37775
0.5,0.05,0.35 0.677216
0.5,0.05,0.4 4.9526e-05
0.5,0.1,0 3.02792e-11
0.5,0.1,0.05 5.54138
0.5,0.1,0.1 22.1798
0.5,0.1,0.15 12.4644
0.5,0.1,0.2 26.1717
0.5,0.1,0.25 72.2409
0.5,0.1,0.3 152.479
0.5,0.1,0.35 34.1181
0.5,0.1,0.4 0.00232489
0.5,0.15,0 1.96973e-10
0.5,0.15,0.05 38.0286
0.5,0.15,0.1 153.214
0.5,0.15,0.15 173.51
0.5,0.15,0.2 514.344
0.5,0.15,0.25 603.723
0.5,0.15,0.3 622.072
0.5,0.15,0.35 85.6682
0.5,0.15,0.4 0.00327757
0.5,0.2,0 1.51025e-10
0.5,0.2,0.05 113.792
0.5,0.2,0.1 463.318
0.5,0.2,0.15 432.319
0.5,0.2,0.2 823.835
0.5,0.2,0.25 622.203
0.5,0.2,0.3 423.544
0.5,0.2,0.35 46.6992
0.5,0.2,0.4 0.00163358
0.5,0.25,0 9.7108e-11
0.5,0.25,0.05 100.761
0.5,0.25,0.1 412.872
0.5,0.25,0.15 333.826
0.5,0.25,0.2 438.195
0.5,0.25,0.25 404.511
0.5,0.25,0.3 128.47
0.5,0.25,0.35 5.94634
0.5,0.25,0.4 0.00349095
0.5,0.3,0 5.78668e-10
0.5,0.3,0.05 158.229
0.5,0.3,0.1 676.015
0.5,0.3,0.15 781.152
0.5,0.3,0.2 614.957
0.5,0.3,0.25 194.327
0.5,0.3,0.3 59.0301
0.5,0.3,0.35 30.6026
0.5,0.3,0.4 8.03202
0.5,0.3,0.45 0.00011381
0.5,0.35,0 9.95852e-10
0.5,0.35,0.05 184.323
0.5,0.35,0.1 762.593
0.5,0.35,0.15 587.664
0.5,0.35,0.2 544.567
0.5,0.35,0.25 122.765
0.5,0.35,0.3 169.621
0.5,0.35,0.35 370.03
0.5,0.35,0.4 85.0129
0.5,0.35,0.45 0.00117585
0.5,0.4,0 8.55416e-10
0.5,0.4,0.05 97.0878
0.5,0.4,0.1 394.02
0.5,0.4,0.15 302.917
0.5,0.4,0.2 386.317
0.5,0.4,0.25 247.073
0.5,0.4,0.3 618.354
0.5,0.4,0.35 497.552
0.5,0.4,0.4 57.0018
0.5,0.4,0.45 0.000714886
0.5,0.45,0 1.66423e-09
0.5,0.45,0.05 106.812
0.5,0.45,0.1 436.245
0.5,0.45,0.15 356.19
0.5,0.45,0.2 447.085
0.5,0.45,0.25 555.355
0.5,0.45,0.3 380.969
0.5,0.45,0.35 128.879
0.5,0.45,0.4 4.7796
0.5,0.45,0.45 0.0936156
0.5,0.5,0 4.99493e-09
0.5,0.5,0.05 145.903
0.5,0.5,0.1 586.652
0.5,0.5,0.15 378.974
0.5,0.5,0.2 545.529
0.5,0.5,0.25 276.039
0.5,0.5,0.3 191.868
0.5,0.5,0.35 188.345
0.5,0.5,0.4 104.55
0.5,0.5,0.45 4.72635
0.5,0.55,0 4.86634e-09
0.5,0.55,0.05 170.525
0.5,0.55,0.1 716.84
0.5,0.55,0.15 655.59
0.5,0.55,0.2 845.109
0.5,0.55,0.25 127.417
0.5,0.55,0.3 196.671
0.5,0.55,0.35 267.454
0.5,0.55,0.4 151.73
0.5,0.55,0.45 6.85839
0.5,0.6,0 5.14493e-10
0.5,0.6,0.05 82.3508
0.5,0.6,0.1 392.368
0.5,0.6,0.15 430.152
0.5,0.6,0.2 553.334
0.5,0.6,0.25 77.3078
0.5,0.6,0.3 21.6688
0.5,0.6,0.35 25.1332
0.5,0.6,0.4 11.9938
0.5,0.6,0.45 0.53853
0.5,0.65,0 1.70759e-10
0.5,0.65,0.05 102.484
0.5,0.65,0.1 461.816
0.5,0.65,0.15 265.07
0.5,0.65,0.2 203.804
0.5,0.65,0.25 22.4308
0.5,0.65,0.3 0.0339314
0.5,0.65,0.35 2.41528e-07
0.5,0.7,0 7.54729e-12
0.5,0.7,0.05 27.376
0.5,0.7,0.1 171.868
0.5,0.7,0.15 328.588
0.5,0.7,0.2 199.048
0.5,0.7,0.25 12.383
0.5,0.7,0.3 0.276628
0.5,0.7,0.35 0.00306758
0.5,0.75,0 1.82802e-08
0.5,0.75,0.05 8.38599
0.5,0.75,0.1 127.32
0.5,0.75,0.15 337.47
0.5,0.75,0.2 81.0545
0.5,0.75,0.25 2.51125
0.5,0.75,0.3 0.967573
0.5,0.75,0.35 0.0107312
0.5,0.8,0 1.78869e-07
0.5,0.8,0.05 31.8939
0.5,0.8,0.1 138.966
0.5,0.8,0.15 72.4322
0.5,0.8,0.2 8.75678
0.5,0.8,0.25 0.376599
0.5,0.8,0.3 0.211456
0.5,0.8,0.35 0.00234521
0.5,0.85,0 1.65992e-07
0.5,0.85,0.05 25.4838
0.5,0.85,0.1 101.369
0.5,0.85,0.15 25.2017
0.5,0.9,0 8.96276e-09
0.5,0.9,0.05 1.38416
0.5,0.9,0.1 5.50572
0.5,0.9,0.15 1.36874
0.55,0.05,0.25 0.00351074
0.55,0.05,0.3 0.0160095
0.55,0.05,0.35 0.00456098
0.55,0.05,0.4 3.33553e-07
0.55,0.1,0 5.0899e-12
0.55,0.1,0.05 0.101686
0.55,0.1,0.1 1.32423
0.55,0.1,0.15 21.8872
0.55,0.1,0.2 27.061
0.55,0.1,0.25 33.8319
0.55,0.1,0.3 31.4925
0.55,0.1,0.35 1.82491
0.55,0.1,0.4 1.56579e-05
0.55,0.15,0 1.36834e-09
0.55,0.15,0.05 30.1261
0.55,0.15,0.1 127.208
0.55,0.15,0.15 202.608
0.55,0.15,0.2 292.158
0.55,0.15,0.25 337.465
0.55,0.15,0.3 310.121
0.55,0.15,0.35 24.885
0.55,0.15,0.4 0.000118555
0.55,0.2,0 3.21103e-09
0.55,0.2,0.05 102.87
0.55,0.2,0.1 426.728
0.55,0.2,0.15 515.94
0.55,0.2,0.2 702.855
0.55,0.2,0.25 363.818
0.55,0.2,0.3 353.479
0.55,0.2,0.35 61.2872
0.55,0.2,0.4 0.0379468
0.55,0.25,0 4.84033e-10
0.55,0.25,0.05 61.2359
0.55,0.25,0.1 267.591
0.55,0.25,0.15 540.053
0.55,0.25,0.2 707.919
0.55,0.25,0.25 788.295
0.55,0.25,0.3 553.97
0.55,0.25,0.35 98.9173
0.55,0.25,0.4 0.102356
0.55,0.3,0 3.54773e-10
0.55,0.3,0.05 102.058
0.55,0.3,0.1 428.631
0.55,0.3,0.15 443.362
0.55,0.3,0.2 560.485
0.55,0.3,0.25 743.773
0.55,0.3,0.3 332.841
0.55,0.3,0.35 52.4734
0.55,0.3,0.4 5.73715
0.55,0.3,0.45 8.02783e-05
0.55,0.35,0 1.66976e-09
0.55,0.35,0.05 146.796
0.55,0.35,0.1 601.667
0.55,0.35,0.15 218.858
0.55,0.35,0.2 196.131
0.55,0.35,0.25 140.599
0.55,0.35,0.3 88.8886
0.55,0.35,0.35 228.214
0.55,0.35,0.4 58.6067
0.55,0.35,0.45 0.000829415
0.55,0.4,0 1.13904e-09
0.55,0.4,0.05 78.0541
0.55,0.4,0.1 316.534
0.55,0.4,0.15 126.228
0.55,0.4,0.2 119.467
0.55,0.4,0.25 149.013
0.55,0.4,0.3 122.075
0.55,0.4,0.35 153.629
0.55,0.4,0.4 34.7594
0.55,0.4,0.45 0.000489608
0.55,0.45,0 1.94604e-09
0.55,0.45,0.05 112.883
0.55,0.45,0.1 452.635
0.55,0.45,0.15 284.657
0.55,0.45,0.2 483.271
0.55,0.45,0.25 412.518
0.55,0.45,0.3 122.085
0.55,0.45,0.35 14.5367
0.55,0.45,0.4 0.553056
0.55,0.45,0.45 0.00190298
0.55,0.5,0 2.94974e-09
0.55,0.5,0.05 100.598
0.55,0.5,0.1 407.669
0.55,0.5,0.15 470.197
0.55,0.5,0.2 787.239
0.55,0.5,0.25 179.133
0.55,0.5,0.3 18.912
0.55,0.5,0.35 2.36525
0.55,0.5,0.4 2.09623
0.55,0.5,0.45 0.0958738
0.55,0.55,0 1.91213e-09
0.55,0.55,0.05 73.3501
0.55,0.55,0.1 369.538
0.55,0.55,0.15 624.314
0.55,0.55,0.2 756.013
0.55,0.55,0.25 185.261
0.55,0.55,0.3 19.6612
0.55,0.55,0.35 3.42178
0.55,0.55,0.4 3.04454
0.55,0.55,0.45 0.139123
0.55,0.6,0 7.87639e-11
0.55,0.6,0.05 68.3964
0.55,0.6,0.1 375.06
0.55,0.6,0.15 409.718
0.55,0.6,0.2 353.276
0.55,0.6,0.25 92.9519
0.55,0.6,0.3 9.25396
0.55,0.6,0.35 0.297502
0.55,0.6,0.4 0.239574
0.55,0.6,0.45 0.0109241
0.55,0.65,0 1.12056e-13
0.55,0.65,0.05 55.9211
0.55,0.65,0.1 284.725
0.55,0.65,0.15 483.384
0.55,0.65,0.2 663.451
0.55,0.65,0.25 105.345
0.55,0.65,0.3 0.378508
0.55,0.7,0 1.41257e-12
0.55,0.7,0.05 37.2721
0.55,0.7,0.1 313.758
0.55,0.7,0.15 736.639
0.55,0.7,0.2 712.486
0.55,0.7,0.25 85.9683
0.55,0.7,0.3 0.0238874
0.55,0.75,0 1.43001e-08
0.55,0.75,0.05 74.6385
0.55,0.75,0.1 478.97
0.55,0.75,0.15 488.33
0.55,0.75,0.2 99.9208
0.55,0.75,0.25 3.95024
0.55,0.8,0 4.45858e-07
0.55,0.8,0.05 145.254
0.55,0.8,0.1 595.995
0.55,0.8,0.15 185.498
0.55,0.8,0.2 7.28881
0.55,0.8,0.25 1.23232e-07
0.55,0.85,0 5.23551e-07
0.55,0.85,0.05 89.3176
0.55,0.85,0.1 355.453
0.55,0.85,0.15 88.4116
0.55,0.9,0 2.99179e-08
0.55,0.9,0.05 5.75641
0.55,0.9,0.1 22.9211
0.55,0.9,0.15 5.70429
0.55,0.95,0 9.51499e-18
0.55,0.95,0.05 1.11451e-05
0.55,0.95,0.1 4.45676e-05
0.55,0.95,0.15 1.11387e-05
0.6,0.1,0 6.27269e-12
0.6,0.1,0.05 0.125056
0.6,0.1,0.1 2.703
0.6,0.1,0.15 51.7176
0.6,0.1,0.2 52.1824
0.6,0.1,0.25 3.11789
0.6,0.1,0.3 0.786632
0.6,0.1,0.35 0.0355273
0.6,0.15,0 1.68764e-09
0.6,0.15,0.05 35.722
0.6,0.15,0.1 157.884
0.6,0.15,0.15 395.015
0.6,0.15,0.2 367.481
0.6,0.15,0.25 26.2047
0.6,0.15,0.3 10.1003
0.6,0.15,0.35 0.647723
0.6,0.15,0.4 0.000105897
0.6,0.2,0 3.98375e-09
0.6,0.2,0.05 138.169
0.6,0.2,0.1 566.864
0.6,0.2,0.15 404.265
0.6,0.2,0.2 269.046
0.6,0.2,0.25 150.948
0.6,0.2,0.3 227.948
0.6,0.2,0.35 46.3104
0.6,0.2,0.4 0.0416382
0.6,0.25,0 5.98866e-10
0.6,0.25,0.05 80.029
0.6,0.25,0.1 413.025
0.6,0.25,0.15 618.574
0.6,0.25,0.2 498.811
0.6,0.25,0.25 644.04
0.6,0.25,0.3 589.228
0.6,0.25,0.35 126.867
0.6,0.25,0.4 0.169124
0.6,0.3,0 1.02456e-10
0.6,0.3,0.05 25.8203
0.6,0.3,0.1 268.954
0.6,0.3,0.15 560.252
0.6,0.3,0.2 686.993
0.6,0.3,0.25 762.951
0.6,0.3,0.3 542.099
0.6,0.3,0.35 160.136
0.6,0.3,0.4 0.670521
0.6,0.3,0.45 1.68251e-06
0.6,0.35,0 5.7752e-10
0.6,0.35,0.05 91.5755
0.6,0.35,0.1 647.914
0.6,0.35,0.15 417.235
0.6,0.35,0.2 284.116
0.6,0.35,0.25 209.046
0.6,0.35,0.3 178.584
0.6,0.35,0.35 75.298
0.6,0.35,0.4 1.49245
0.6,0.35,0.45 1.73833e-05
0.6,0.4,0 2.65865e-10
0.6,0.4,0.05 51.7566
0.6,0.4,0.1 303.335
0.6,0.4,0.15 186.976
0.6,0.4,0.2 163.43
0.6,0.4,0.25 40.7103
0.6,0.4,0.3 4.37921
0.6,0.4,0.35 3.19813
0.6,0.4,0.4 0.726057
0.6,0.4,0.45 1.02614e-05
0.6,0.45,0 9.10978e-10
0.6,0.45,0.05 154.977
0.6,0.45,0.1 620.192
0.6,0.45,0.15 360.139
0.6,0.45,0.2 596.604
0.6,0.45,0.25 143.505
0.6,0.45,0.3 6.91889
0.6,0.45,0.35 0.0348352
0.6,0.45,0.4 0.00937649
0.6,0.45,0.45 1.32869e-07
0.6,0.5,0 1.86219e-09
0.6,0.5,0.05 144.204
0.6,0.5,0.1 581.797
0.6,0.5,0.15 366.124
0.6,0.5,0.2 587.335
0.6,0.5,0.25 185.918
0.6,0.5,0.3 9.95388
0.6,0.5,0.35 2.79558e-06
0.6,0.55,0 3.03679e-10
0.6,0.55,0.05 19.4746
0.6,0.55,0.1 134.858
0.6,0.55,0.15 445.112
0.6,0.55,0.2 490.546
0.6,0.55,0.25 422.504
0.6,0.55,0.3 64.763
0.6,0.6,0 2.51962e-13
0.6,0.6,0.05 9.45538
0.6,0.6,0.1 98.1882
0.6,0.6,0.15 557.324
0.6,0.6,0.2 661.857
0.6,0.6,0.25 328.242
0.6,0.6,0.3 32.7705
0.6,0.65,0 3.13061e-13
0.6,0.65,0.05 78.4295
0.6,0.65,0.1 452.24
0.6,0.65,0.15 710.408
0.6,0.65,0.2 863.523
0.6,0.65,0.25 253.205
0.6,0.65,0.3 3.17309
0.6,0.7,0 3.41549e-12
0.6,0.7,0.05 76.7872
0.6,0.7,0.1 605.14
0.6,0.7,0.15 866.67
0.6,0.7,0.2 505.309
0.6,0.7,0.25 76.4242
0.6,0.7,0.3 0.219663
0.6,0.75,0 3.47347e-09
0.6,0.75,0.05 85.7637
0.6,0.75,0.1 550.12
0.6,0.75,0.15 440.92
0.6,0.75,0.2 60.1226
0.6,0.75,0.25 2.31046
0.6,0.8,0 9.40025e-08
0.6,0.8,0.05 157.483
0.6,0.8,0.1 655.167
0.6,0.8,0.15 213.75
0.6,0.8,0.2 8.46383
0.6,0.8,0.25 2.83944e-05
0.6,0.85,0 1.09315e-07
0.6,0.85,0.05 109.325
0.6,0.85,0.1 437.282
0.6,0.85,0.15 110.496
0.6,0.85,0.2 0.260547
0.6,0.9,0 6.2527e-09
0.6,0.9,0.05 22.1589
0.6,0.9,0.1 88.5901
0.6,0.9,0.15 22.1361
0.6,0.95,0 1.77506e-16
0.6,0.95,0.05 0.000207916
0.6,0.95,0.1 0.000831427
0.6,0.95,0.15 0.000207798
0.65,0.1,0 3.86901e-13
0.65,0.1,0.05 0.00771433
0.65,0.1,0.1 1.0052
0.65,0.1,0.15 24.6627
0.65,0.1,0.2 25.9917
0.65,0.1,0.25 1.24208
0.65,0.15,0 1.0473e-10
0.65,0.15,0.05 4.06981
0.65,0.15,0.1 32.7885
0.65,0.15,0.15 284.46
0.65,0.15,0.2 292.132
0.65,0.15,0.25 20.4078
0.65,0.15,0.3 6.70679
0.65,0.15,0.35 0.328473
0.65,0.15,0.4 5.41166e-06
0.65,0.2,0 2.63752e-10
0.65,0.2,0.05 49.5566
0.65,0.2,0.1 245.607
0.65,0.2,0.15 286.883
0.65,0.2,0.2 212.083
0.65,0.2,0.25 191.744
0.65,0.2,0.3 197.117
0.65,0.2,0.35 11.3166
0.65,0.2,0.4 0.00212784
0.65,0.25,0 5.70271e-11
0.65,0.25,0.05 54.4734
0.65,0.25,0.1 407.466
0.65,0.25,0.15 435.317
0.65,0.25,0.2 218.994
0.65,0.25,0.25 294.127
0.65,0.25,0.3 259.002
0.65,0.25,0.35 24.9852
0.65,0.25,0.4 0.0405254
0.65,0.3,0 2.86176e-12
0.65,0.3,0.05 16.7149
0.65,0.3,0.1 337.574
0.65,0.3,0.15 720.972
0.65,0.3,0.2 659.159
0.65,0.3,0.25 284.25
0.65,0.3,0.3 206.094
0.65,0.3,0.35 79.2558
0.65,0.3,0.4 0.29358
0.65,0.35,0 1.57172e-10
0.65,0.35,0.05 56.6071
0.65,0.35,0.1 582.52
0.65,0.35,0.15 528.112
0.65,0.35,0.2 227.902
0.65,0.35,0.25 76.7146
0.65,0.35,0.3 91.4773
0.65,0.35,0.35 38.6406
0.65,0.35,0.4 0.145253
0.65,0.4,0 3.29411e-10
0.65,0.4,0.05 73.2241
0.65,0.4,0.1 419.214
0.65,0.4,0.15 196.512
0.65,0.4,0.2 39.106
0.65,0.4,0.25 6.64686
0.65,0.4,0.3 0.663268
0.65,0.4,0.35 0.278277
0.65,0.4,0.4 0.00104608
0.65,0.45,0 3.32663e-10
0.65,0.45,0.05 160.238
0.65,0.45,0.1 642.05
