0.65,0.3,0 6.4769e-13
0.65,0.3,0.05 3.14084
0.65,0.3,0.1 147.165
0.65,0.3,0.15 680.656
0.65,0.3,0.2 659.451
0.65,0.3,0.25 363.345
0.65,0.3,0.3 88.699
0.65,0.3,0.35 24.5311
0.65,0.3,0.4 0.061404
0.65,0.35,0 4.00633e-12
0.65,0.35,0.05 2.66628
0.65,0.35,0.1 237.534
0.65,0.35,0.15 609.891
0.65,0.35,0.2 216.913
0.65,0.35,0.25 72.7035
0.65,0.35,0.3 19.0037
0.65,0.35,0.35 3.81687
0.65,0.35,0.4 0.00941874
0.65,0.4,0 2.48237e-11
0.65,0.4,0.05 42.9033
0.65,0.4,0.1 329.185
0.65,0.4,0.15 349.686
0.65,0.4,0.2 61.3564
0.65,0.4,0.25 8.82259
0.65,0.4,0.3 0.764094
0.65,0.4,0.35 0.00565404
0.65,0.45,0 5.06819e-09
0.65,0.45,0.05 158.268
0.65,0.45,0.1 649.404
0.65,0.45,0.15 223.848
0.65,0.45,0.2 238.432
0.65,0.45,0.25 203.314
0.65,0.45,0.3 17.2424
0.65,0.5,0 1.2841e-08
0.65,0.5,0.05 95.5542
0.65,0.5,0.1 382.996
0.65,0.5,0.15 131.231
0.65,0.5,0.2 266.205
0.65,0.5,0.25 420.607
0.65,0.5,0.3 62.5664
0.65,0.55,0 2.02549e-09
0.65,0.55,0.05 44.8054
0.65,0.55,0.1 179.418
0.65,0.55,0.15 82.179
0.65,0.55,0.2 373.098
0.65,0.55,0.25 549.812
0.65,0.55,0.3 98.6439
0.65,0.6,0 1.96043e-10
0.65,0.6,0.05 35.9677
0.65,0.6,0.1 144.808
0.65,0.6,0.15 114.487
0.65,0.6,0.2 605.389
0.65,0.6,0.25 398.904
0.65,0.6,0.3 21.0786
0.65,0.65,0 3.69108e-09
0.65,0.65,0.05 14.4506
0.65,0.65,0.1 80.3745
0.65,0.65,0.15 146.48
0.65,0.65,0.2 437.534
0.65,0.65,0.25 371.24
0.65,0.65,0.3 20.7617
0.65,0.7,0 3.28852e-09
0.65,0.7,0.05 11.7572
0.65,0.7,0.1 86.9162
0.65,0.7,0.15 370.753
0.65,0.7,0.2 555.417
0.65,0.7,0.25 397.635
0.65,0.7,0.3 34.3394
0.65,0.75,0 4.44503e-10
0.65,0.75,0.05 26.5684
0.65,0.75,0.1 146.387
0.65,0.75,0.15 389.029
0.65,0.75,0.2 408.631
0.65,0.75,0.25 331.557
0.65,0.75,0.3 34.6209
0.65,0.8,0 7.41904e-10
0.65,0.8,0.05 73.1734
0.65,0.8,0.1 322.1
0.65,0.8,0.15 351.583
0.65,0.8,0.2 169.125
0.65,0.8,0.25 28.8021
0.65,0.8,0.3 2.88985
0.65,0.85,0 1.7205e-10
0.65,0.85,0.05 77.8794
0.65,0.85,0.1 312.802
0.65,0.85,0.15 91.0978
0.65,0.85,0.2 7.3782
0.65,0.85,0.25 0.0793032
0.65,0.9,0 1.99767e-11
0.65,0.9,0.05 18.789
0.65,0.9,0.1 75.1345
0.65,0.9,0.15 18.7783
0.65,0.95,0 1.57188e-16
0.65,0.95,0.05 0.000184117
0.65,0.95,0.1 0.000736258
0.65,0.95,0.15 0.000184012
0.7,0.1,0.1 0.0113839
0.7,0.1,0.15 1.95262
0.7,0.1,0.2 4.14948
0.7,0.1,0.25 0.5307
0.7,0.15,0.05 0.0197899
0.7,0.15,0.1 1.92283
0.7,0.15,0.15 67.0232
0.7,0.15,0.2 92.4322
0.7,0.15,0.25 7.62907
0.7,0.15,0.3 0.0091154
0.7,0.15,0.35 0.00349038
0.7,0.15,0.4 7.08308e-06
0.7,0.2,0.05 0.748063
0.7,0.2,0.1 17.7006
0.7,0.2,0.15 344.559
0.7,0.2,0.2 365.624
0.7,0.2,0.25 19.1952
0.7,0.2,0.3 0.155964
0.7,0.2,0.35 0.0593539
0.7,0.2,0.4 0.000120448
0.7,0.25,0.05 0.959631
0.7,0.25,0.1 36.0814
0.7,0.25,0.15 436.348
0.7,0.25,0.2 354.355
0.7,0.25,0.25 23.326
0.7,0.25,0.3 0.893107
0.7,0.25,0.35 0.0496346
0.7,0.25,0.4 0.000100724
0.7,0.3,0.05 0.349863
0.7,0.3,0.1 25.5608
0.7,0.3,0.15 163.361
0.7,0.3,0.2 119.842
0.7,0.3,0.25 37.1666
0.7,0.3,0.3 2.14026
0.7,0.3,0.35 0.00152702
0.7,0.3,0.4 3.0988e-06
0.7,0.35,0 3.68996e-16
0.7,0.35,0.05 33.0823
0.7,0.35,0.1 210.575
0.7,0.35,0.15 169.805
0.7,0.35,0.2 41.4119
0.7,0.35,0.25 6.65307
0.7,0.35,0.3 0.370787
0.7,0.4,0 2.28742e-11
0.7,0.4,0.05 83.0238
0.7,0.4,0.1 589.343
0.7,0.4,0.15 402.786
0.7,0.4,0.2 55.4692
0.7,0.4,0.25 0.76783
0.7,0.4,0.3 0.0234526
0.7,0.45,0 9.46668e-09
0.7,0.45,0.05 77.2382
0.7,0.45,0.1 397.204
0.7,0.45,0.15 379.299
0.7,0.45,0.2 200.212
0.7,0.45,0.25 32.3605
0.7,0.45,0.3 1.0853
0.7,0.5,0 2.42475e-08
0.7,0.5,0.05 101.651
0.7,0.5,0.1 433.515
0.7,0.5,0.15 478.195
0.7,0.5,0.2 551.113
0.7,0.5,0.25 150.374
0.7,0.5,0.3 13.777
0.7,0.55,0 3.82889e-09
0.7,0.55,0.05 83.5407
0.7,0.55,0.1 338.524
0.7,0.55,0.15 272.054
0.7,0.55,0.2 556.684
0.7,0.55,0.25 304.512
0.7,0.55,0.3 31.6824
0.7,0.6,0.05 68.7479
0.7,0.6,0.1 275.393
0.7,0.6,0.15 123.685
0.7,0.6,0.2 456.099
0.7,0.6,0.25 267.687
0.7,0.6,0.3 7.93986
0.7,0.65,0.05 2.9765
0.7,0.65,0.1 12.4553
0.7,0.65,0.15 23.1517
0.7,0.65,0.2 200.761
0.7,0.65,0.25 221.533
0.7,0.65,0.3 14.0899
0.7,0.7,0 3.08274e-14
0.7,0.7,0.05 0.00239233
0.7,0.7,0.1 2.65457
0.7,0.7,0.15 60.5085
0.7,0.7,0.2 192.203
0.7,0.7,0.25 196.145
0.7,0.7,0.3 15.2472
0.7,0.75,0 6.0956e-12
0.7,0.75,0.05 0.473042
0.7,0.75,0.1 9.24992
0.7,0.75,0.15 80.2725
0.7,0.75,0.2 94.4931
0.7,0.75,0.25 79.461
0.7,0.75,0.3 8.22646
0.7,0.8,0 2.01839e-09
0.7,0.8,0.05 11.2981
0.7,0.8,0.1 52.1994
0.7,0.8,0.15 79.0596
0.7,0.8,0.2 41.1417
0.7,0.8,0.25 6.72701
0.7,0.8,0.3 0.673033
0.7,0.85,0 8.01202e-09
0.7,0.85,0.05 41.2806
0.7,0.85,0.1 165.184
0.7,0.85,0.15 44.3854
0.7,0.85,0.2 1.80356
0.7,0.85,0.25 0.0193852
0.7,0.9,0 2.00013e-09
0.7,0.9,0.05 10.3149
0.7,0.9,0.1 41.1903
0.7,0.9,0.15 10.2803
0.7,0.95,0 5.43256e-18
0.7,0.95,0.05 6.36324e-06
0.7,0.95,0.1 2.54457e-05
0.7,0.95,0.15 6.35962e-06
0.75,0.15,0.1 0.894792
0.75,0.15,0.15 25.7101
0.75,0.15,0.2 28.9311
0.75,0.15,0.25 1.5418
0.75,0.2,0.1 5.4074
0.75,0.2,0.15 143.527
0.75,0.2,0.2 157.079
0.75,0.2,0.25 8.1159
0.75,0.25,0.1 4.87448
0.75,0.25,0.15 90.6862
0.75,0.25,0.2 83.5822
0.75,0.25,0.25 3.39058
0.75,0.3,0.05 0.50766
0.75,0.3,0.1 3.18427
0.75,0.3,0.15 15.7803
0.75,0.3,0.2 10.9222
0.75,0.3,0.25 0.242838
0.75,0.35,0 3.12389e-20
0.75,0.35,0.05 48.7669
0.75,0.35,0.1 231.561
0.75,0.35,0.15 259.774
0.75,0.35,0.2 112.035
0.75,0.35,0.25 1.29767
0.75,0.4,0 2.45142e-12
0.75,0.4,0.05 91.439
0.75,0.4,0.1 465.878
0.75,0.4,0.15 490.625
0.75,0.4,0.2 194.043
0.75,0.4,0.25 2.20814
0.75,0.45,0 1.07316e-09
0.75,0.45,0.05 14.6458
0.75,0.45,0.1 105.603
0.75,0.45,0.15 300.705
0.75,0.45,0.2 212.168
0.75,0.45,0.25 23.1753
0.75,0.45,0.3 1.42753e-05
0.75,0.5,0 2.75384e-09
0.75,0.5,0.05 11.2219
0.75,0.5,0.1 72.5294
0.75,0.5,0.15 407.262
0.75,0.5,0.2 566.875
0.75,0.5,0.25 88.7343
0.75,0.5,0.3 0.0105059
0.75,0.55,0 5.29684e-10
0.75,0.55,0.05 18.7361
0.75,0.55,0.1 79.7123
0.75,0.55,0.15 204.309
0.75,0.55,0.2 331.629
0.75,0.55,0.25 60.4728
0.75,0.55,0.3 0.263232
0.75,0.6,0 9.73608e-11
0.75,0.6,0.05 27.285
0.75,0.6,0.1 109.371
0.75,0.6,0.15 45.77
0.75,0.6,0.2 93.0722
0.75,0.6,0.25 42.9442
0.75,0.6,0.3 0.387561
0.75,0.65,0 4.50132e-12
0.75,0.65,0.05 11.6347
0.75,0.65,0.1 46.536
0.75,0.65,0.15 12.4509
0.75,0.65,0.2 11.9268
0.75,0.65,0.25 11.1133
0.75,0.65,0.3 0.586238
0.75,0.7,0 6.07228e-15
0.75,0.7,0.05 0.506462
0.75,0.7,0.1 2.02571
0.75,0.7,0.15 0.614421
0.75,0.7,0.2 4.43244
0.75,0.7,0.25 5.89637
0.75,0.7,0.3 0.408308
0.75,0.75,0 2.65197e-11
0.75,0.75,0.05 0.114227
0.75,0.75,0.1 0.456068
0.75,0.75,0.15 0.116246
0.75,0.75,0.2 0.100086
0.75,0.75,0.25 0.133142
0.75,0.75,0.3 0.00921973
0.75,0.8,0 6.47176e-09
0.75,0.8,0.05 30.6451
0.75,0.8,0.1 122.361
0.75,0.8,0.15 30.5357
0.75,0.85,0 2.26947e-08
0.75,0.85,0.05 108.816
0.75,0.85,0.1 434.491
0.75,0.85,0.15 108.43
0.75,0.9,0 5.3693e-09
0.75,0.9,0.05 25.8896
0.75,0.9,0.1 103.375
0.75,0.9,0.15 25.7978
0.8,0.05,0 1.96048e-11
0.8,0.05,0.05 1.15495
0.8,0.05,0.1 4.61623
0.8,0.05,0.15 1.15317
0.8,0.1,0 2.31151e-10
0.8,0.1,0.05 13.6174
0.8,0.1,0.1 54.4276
0.8,0.1,0.15 13.5964
0.8,0.15,0 1.50684e-10
0.8,0.15,0.05 8.87703
0.8,0.15,0.1 35.4881
0.8,0.15,0.15 9.07542
0.8,0.15,0.2 0.238644
0.8,0.15,0.25 0.0127179
0.8,0.2,0 2.58221e-12
0.8,0.2,0.05 0.152121
0.8,0.2,0.1 0.64588
0.8,0.2,0.15 1.23981
0.8,0.2,0.2 1.22422
0.8,0.2,0.25 0.0652414
0.8,0.25,0.1 0.0121081
0.8,0.25,0.15 0.347903
0.8,0.25,0.2 0.391489
0.8,0.25,0.25 0.0208633
0.8,0.3,0.05 0.0525422
0.8,0.3,0.1 0.283097
0.8,0.3,0.15 0.772122
0.8,0.3,0.2 0.410089
0.8,0.3,0.25 0.00477211
0.8,0.35,0.05 4.90405
0.8,0.35,0.1 25.314
0.8,0.35,0.15 58.9995
0.8,0.35,0.2 30.7244
0.8,0.35,0.25 0.356964
0.8,0.4,0 1.57474e-14
0.8,0.4,0.05 10.2946
0.8,0.4,0.1 58.4721
0.8,0.4,0.15 107.325
0.8,0.4,0.2 51.8241
0.8,0.4,0.25 0.600021
0.8,0.45,0 1.17854e-12
0.8,0.45,0.05 3.11146
0.8,0.45,0.1 24.4711
0.8,0.45,0.15 29.7085
0.8,0.45,0.2 13.915
0.8,0.45,0.25 1.18531
0.8,0.5,0 3.39588e-11
0.8,0.5,0.05 3.47724
0.8,0.5,0.1 15.737
0.8,0.5,0.15 22.937
0.8,0.5,0.2 28.2648
0.8,0.5,0.25 4.39606
0.8,0.5,0.3 1.41927e-09
0.8,0.55,0 7.61099e-10
0.8,0.55,0.05 72.2889
0.8,0.55,0.1 289.223
0.8,0.55,0.15 81.8984
0.8,0.55,0.2 14.6423
0.8,0.55,0.25 1.56596
0.8,0.55,0.3 6.24411e-08
0.8,0.6,0 7.76027e-10
0.8,0.6,0.05 141.303
0.8,0.6,0.1 565.018
0.8,0.6,0.15 141.71
0.8,0.6,0.2 0.667553
0.8,0.6,0.25 0.0450453
0.8,0.6,0.3 8.55871e-08
0.8,0.65,0 3.58042e-11
0.8,0.65,0.05 77.077
0.8,0.65,0.1 308.28
0.8,0.65,0.15 77.0629
0.8,0.65,0.2 1.44775e-06
0.8,0.65,0.25 7.46292e-07
0.8,0.65,0.3 6.19323e-09
0.8,0.7,0 2.27173e-13
0.8,0.7,0.05 4.71673
0.8,0.7,0.1 18.8652
0.8,0.7,0.15 4.71587
0.8,0.75,0 2.78316e-10
0.8,0.75,0.05 1.40664
0.8,0.75,0.1 5.61753
0.8,0.75,0.15 1.40214
0.8,0.8,0 1.35993e-08
0.8,0.8,0.05 59.6748
0.8,0.8,0.1 238.266
0.8,0.8,0.15 59.5068
0.8,0.8,0.2 0.0461692
0.8,0.8,0.25 0.00175632
0.8,0.85,0 2.1173e-08
0.8,0.85,0.05 93.7068
0.8,0.85,0.1 374.161
0.8,0.85,0.15 93.6969
0.8,0.85,0.2 0.307998
0.8,0.85,0.25 0.0117166
0.8,0.9,0 2.16719e-09
0.8,0.9,0.05 9.81897
0.8,0.9,0.1 39.2115
0.8,0.9,0.15 9.91894
0.8,0.9,0.2 0.126039
0.8,0.9,0.25 0.00479467
0.8,0.95,0.1 2.00586e-05
0.8,0.95,0.15 0.000406528
0.8,0.95,0.2 0.000378221
0.8,0.95,0.25 1.43879e-05
0.85,0.05,0 1.24806e-10
0.85,0.05,0.05 7.35247
0.85,0.05,0.1 29.3872
0.85,0.05,0.15 7.34114
0.85,0.1,0 1.47152e-09
0.85,0.1,0.05 86.6892
0.85,0.1,0.1 346.489
0.85,0.1,0.15 86.5556
0.85,0.15,0 9.59267e-10
0.85,0.15,0.05 56.5117
0.85,0.15,0.1 225.873
0.85,0.15,0.15 56.4246
0.85,0.2,0 1.64385e-11
0.85,0.2,0.05 0.968414
0.85,0.2,0.1 3.87067
0.85,0.2,0.15 0.966922
0.85,0.3,0.1 2.15392e-06
0.85,0.3,0.15 2.12652e-05
0.85,0.3,0.2 1.2117e-05
0.85,0.3,0.25 1.40788e-07
0.85,0.35,0.05 0.627086
0.85,0.35,0.1 5.73117
0.85,0.35,0.15 3.07233
0.85,0.35,0.2 0.0300905
0.85,0.35,0.25 1.05518e-05
0.85,0.4,0 1.61239e-12
0.85,0.4,0.05 22.2338
0.85,0.4,0.1 201.349
0.85,0.4,0.15 107.476
0.85,0.4,0.2 1.01947
0.85,0.4,0.25 1.7696e-05
0.85,0.45,0 1.20671e-10
0.85,0.45,0.05 53.9605
0.85,0.45,0.1 354.782
0.85,0.45,0.15 159.329
0.85,0.45,0.2 1.25878
0.85,0.45,0.25 1.6905e-06
0.85,0.5,0 2.17577e-10
0.85,0.5,0.05 48.1866
0.85,0.5,0.1 201.267
0.85,0.5,0.15 54.6716
0.85,0.5,0.2 0.0780004
0.85,0.55,0 3.83353e-10
0.85,0.55,0.05 38.6837
0.85,0.55,0.1 154.637
0.85,0.55,0.15 38.6351
0.85,0.6,0 3.71235e-10
0.85,0.6,0.05 63.0567
0.85,0.6,0.1 252.129
0.85,0.6,0.15 63.0077
0.85,0.65,0 2.0686e-11
0.85,0.65,0.05 57.4051
0.85,0.65,0.1 229.592
0.85,0.65,0.15 57.391
0.85,0.7,0 8.47068e-12
0.85,0.7,0.05 60.7193
0.85,0.7,0.1 242.84
0.85,0.7,0.15 60.7005
0.85,0.75,0 1.79695e-10
0.85,0.75,0.05 10.525
0.85,0.75,0.1 42.0858
0.85,0.75,0.15 10.5179
0.85,0.8,0 7.95205e-09
0.85,0.8,0.05 72.5733
0.85,0.8,0.1 290.815
0.85,0.8,0.15 89.8653
0.85,0.8,0.2 16.2458
0.85,0.8,0.25 0.618007
0.85,0.85,0 1.09868e-08
0.85,0.85,0.05 89.5657
0.85,0.85,0.1 363.566
0.85,0.85,0.15 205.832
0.85,0.85,0.2 108.377
0.85,0.85,0.25 4.12277
0.85,0.9,0 8.06315e-10
0.85,0.9,0.05 5.64828
0.85,0.9,0.1 24.9146
0.85,0.9,0.15 53.3025
0.85,0.9,0.2 44.3502
0.85,0.9,0.25 1.68713
0.85,0.95,0.1 0.00705813
0.85,0.95,0.15 0.143047
0.85,0.95,0.2 0.133087
0.85,0.95,0.25 0.00506276
0.9,0.05,0 4.89436e-11
0.9,0.05,0.05 2.88334
0.9,0.05,0.1 11.5245
0.9,0.05,0.15 2.87889
0.9,0.1,0 5.77069e-10
0.9,0.1,0.05 33.9959
0.9,0.1,0.1 135.879
0.9,0.1,0.15 33.9435
0.9,0.15,0 3.76185e-10
0.9,0.15,0.05 22.1616
0.9,0.15,0.1 88.578
0.9,0.15,0.15 22.1274
0.9,0.2,0 6.4465e-12
0.9,0.2,0.05 0.379772
0.9,0.2,0.1 1.51792
0.9,0.2,0.15 0.379187
0.9,0.35,0.05 0.460348
0.9,0.35,0.1 4.20717
0.9,0.35,0.15 2.25425
0.9,0.35,0.2 0.021423
0.9,0.4,0 2.98509e-12
0.9,0.4,0.05 16.7238
0.9,0.4,0.1 149.417
0.9,0.4,0.15 79.2985
0.9,0.4,0.2 0.747282
0.9,0.45,0 2.23404e-10
0.9,0.45,0.05 69.6826
0.9,0.45,0.1 380.668
0.9,0.45,0.15 147.004
0.9,0.45,0.2 0.923971
0.9,0.5,0 3.74576e-10
0.9,0.5,0.05 84.7629
0.9,0.5,0.1 345.21
0.9,0.5,0.15 89.4751
0.9,0.5,0.2 0.0572606
0.9,0.55,0 3.80232e-11
0.9,0.55,0.05 8.18481
0.9,0.55,0.1 32.7229
0.9,0.55,0.15 8.17664
0.9,0.6,0 2.33578e-12
0.9,0.6,0.05 0.443715
0.9,0.6,0.1 1.77418
0.9,0.6,0.15 0.443377
0.9,0.65,0 5.17713e-12
0.9,0.65,0.05 35.6895
0.9,0.65,0.1 142.736
0.9,0.65,0.15 35.6783
0.9,0.7,0 1.17393e-11
0.9,0.7,0.05 82.3675
0.9,0.7,0.1 329.418
0.9,0.7,0.15 82.3416
0.9,0.75,0 2.30819e-11
0.9,0.75,0.05 13.8493
0.9,0.75,0.1 55.3843
0.9,0.75,0.15 13.8429
0.9,0.8,0 6.31785e-10
0.9,0.8,0.05 61.7132
0.9,0.8,0.1 248.825
0.9,0.8,0.15 104.73
0.9,0.8,0.2 40.0931
0.9,0.8,0.25 1.52519
0.9,0.85,0 7.26178e-10
0.9,0.85,0.05 68.1559
0.9,0.85,0.1 286.637
0.9,0.85,0.15 355.553
0.9,0.85,0.2 267.464
0.9,0.85,0.25 10.1746
0.9,0.9,0 4.0616e-11
0.9,0.9,0.05 3.52351
0.9,0.9,0.1 19.8898
0.9,0.9,0.15 121.163
0.9,0.9,0.2 109.452
0.9,0.9,0.25 4.16368
0.9,0.95,0.1 0.0174188
0.9,0.95,0.15 0.353028
0.9,0.95,0.2 0.328446
0.9,0.95,0.25 0.0124944
0.95,0.05,0 1.15116e-13
0.95,0.05,0.05 0.00678165
0.95,0.05,0.1 0.0271057
0.95,0.05,0.15 0.0067712
0.95,0.1,0 1.35728e-12
0.95,0.1,0.05 0.079959
0.95,0.1,0.1 0.319589
0.95,0.1,0.15 0.0798357
0.95,0.15,0 8.84793e-13
0.95,0.15,0.05 0.0521244
0.95,0.15,0.1 0.208337
0.95,0.15,0.15 0.052044
0.95,0.2,0 1.51623e-14
0.95,0.2,0.05 0.000893231
0.95,0.2,0.1 0.00357017
0.95,0.2,0.15 0.000891854
0.95,0.35,0.05 0.010618
0.95,0.35,0.1 0.0970387
0.95,0.35,0.15 0.0519945
0.95,0.35,0.2 0.000494123
0.95,0.4,0 3.23381e-13
0.95,0.4,0.05 0.442505
0.95,0.4,0.1 3.67329
0.95,0.4,0.15 1.88574
0.95,0.4,0.2 0.0172361
0.95,0.45,0 2.42019e-11
0.95,0.45,0.05 5.8559
0.95,0.45,0.1 25.7664
0.95,0.45,0.15 7.63513
0.95,0.45,0.2 0.0213115
0.95,0.5,0 4.05683e-11
0.95,0.5,0.05 9.07668
0.95,0.5,0.1 36.4347
0.95,0.5,0.15 9.17832
0.95,0.5,0.2 0.00132072
0.95,0.55,0 3.87302e-12
0.95,0.55,0.05 0.863833
0.95,0.55,0.1 3.45362
0.95,0.55,0.15 0.862979
0.95,0.6,0 1.48447e-15
0.95,0.6,0.05 0.0104151
0.95,0.6,0.1 0.041654
0.95,0.6,0.15 0.0104119
0.95,0.65,0 3.7401e-13
0.95,0.65,0.05 2.62407
0.95,0.65,0.1 10.4946
0.95,0.65,0.15 2.62325
0.95,0.7,0 8.6566e-13
0.95,0.7,0.05 6.07352
0.95,0.7,0.1 24.2903
0.95,0.7,0.15 6.07161
0.95,0.75,0 1.75853e-12
0.95,0.75,0.05 1.04604
0.95,0.75,0.1 4.18317
0.95,0.75,0.15 1.04554
0.95,0.8,0 4.51572e-11
0.95,0.8,0.05 5.22184
0.95,0.8,0.1 21.1967
0.95,0.8,0.15 11.7461
0.95,0.8,0.2 6.07593
0.95,0.8,0.25 0.231135
0.95,0.85,0 4.97777e-11
0.95,0.85,0.05 5.75614
0.95,0.85,0.1 25.16
0.95,0.85,0.15 49.3156
0.95,0.85,0.2 40.533
0.95,0.85,0.25 1.54192
0.95,0.9,0 2.56326e-12
0.95,0.9,0.05 0.296408
0.95,0.9,0.1 2.06458
0.95,0.9,0.15 18.1244
0.95,0.9,0.2 16.587
0.95,0.9,0.25 0.630986
0.95,0.95,0.1 0.00263974
0.95,0.95,0.15 0.0534997
0.95,0.95,0.2 0.0497744
0.95,0.95,0.25 0.00189347
