0.25,0.2,0.25 296.397
0.25,0.2,0.3 701.061
0.25,0.2,0.35 378.19
0.25,0.2,0.4 26.0071
0.25,0.25,0 8.86408e-10
0.25,0.25,0.05 89.4152
0.25,0.25,0.1 367.131
0.25,0.25,0.15 399.586
0.25,0.25,0.2 603.18
0.25,0.25,0.25 294.942
0.25,0.25,0.3 524.555
0.25,0.25,0.35 203.014
0.25,0.25,0.4 5.17782
0.25,0.3,0 1.63822e-10
0.25,0.3,0.05 46.1062
0.25,0.3,0.1 209.867
0.25,0.3,0.15 369.745
0.25,0.3,0.2 574.721
0.25,0.3,0.25 194.071
0.25,0.3,0.3 176.742
0.25,0.3,0.35 70.1703
0.25,0.3,0.4 0.243502
0.25,0.35,0 3.36201e-09
0.25,0.35,0.05 81.7152
0.25,0.35,0.1 411.926
0.25,0.35,0.15 284.302
0.25,0.35,0.2 112.189
0.25,0.35,0.25 21.3521
0.25,0.35,0.3 24.5443
0.25,0.35,0.35 10.1996
0.25,0.35,0.4 0.0374688
0.25,0.4,0 3.39393e-09
0.25,0.4,0.05 111.209
0.25,0.4,0.1 519.708
0.25,0.4,0.15 338.832
0.25,0.4,0.2 127.032
0.25,0.4,0.25 17.6718
0.25,0.4,0.3 0.37224
0.25,0.45,0 9.41591e-10
0.25,0.45,0.05 148.567
0.25,0.45,0.1 656.731
0.25,0.45,0.15 436.578
0.25,0.45,0.2 315.704
0.25,0.45,0.25 219.096
0.25,0.45,0.3 43.4518
0.25,0.45,0.35 22.9799
0.25,0.45,0.4 1.14273
0.25,0.45,0.45 0.0155658
0.25,0.5,0 1.6766e-09
0.25,0.5,0.05 180.746
0.25,0.5,0.1 736.734
0.25,0.5,0.15 350.405
0.25,0.5,0.2 457.167
0.25,0.5,0.25 611.506
0.25,0.5,0.3 466.23
0.25,0.5,0.35 372.921
0.25,0.5,0.4 115.052
0.25,0.5,0.45 4.15906
0.25,0.55,0 2.4919e-09
0.25,0.55,0.05 115.2
0.25,0.55,0.1 543.295
0.25,0.55,0.15 225.773
0.25,0.55,0.2 199.01
0.25,0.55,0.25 635.853
0.25,0.55,0.3 671.529
0.25,0.55,0.35 710.301
0.25,0.55,0.4 340.14
0.25,0.55,0.45 10.6453
0.25,0.6,0 1.70049e-08
0.25,0.6,0.05 66.3195
0.25,0.6,0.1 408.778
0.25,0.6,0.15 305.492
0.25,0.6,0.2 333.846
0.25,0.6,0.25 551.225
0.25,0.6,0.3 516.786
0.25,0.6,0.35 573.689
0.25,0.6,0.4 253.291
0.25,0.6,0.45 3.95972
0.25,0.65,0 8.52189e-09
0.25,0.65,0.05 86.057
0.25,0.65,0.1 387.677
0.25,0.65,0.15 554.494
0.25,0.65,0.2 653.454
0.25,0.65,0.25 302.451
0.25,0.65,0.3 333.685
0.25,0.65,0.35 397.496
0.25,0.65,0.4 85.615
0.25,0.65,0.45 0.463697
0.25,0.7,0 1.13957e-09
0.25,0.7,0.05 116.955
0.25,0.7,0.1 535.253
0.25,0.7,0.15 463.233
0.25,0.7,0.2 385.8
0.25,0.7,0.25 216.634
0.25,0.7,0.3 337.745
0.25,0.7,0.35 173.482
0.25,0.7,0.4 22.0664
0.25,0.75,0 5.66472e-09
0.25,0.75,0.05 137.457
0.25,0.75,0.1 650.604
0.25,0.75,0.15 364.866
0.25,0.75,0.2 291.892
0.25,0.75,0.25 179.737
0.25,0.75,0.3 56.477
0.25,0.75,0.35 7.84167
0.25,0.75,0.4 0.114765
0.25,0.8,0 2.01031e-09
0.25,0.8,0.05 46.3893
0.25,0.8,0.1 232.845
0.25,0.8,0.15 234.217
0.25,0.8,0.2 156.603
0.25,0.8,0.25 100.622
0.25,0.8,0.3 9.99205
0.25,0.8,0.35 7.29422e-09
0.25,0.85,0 2.41551e-12
0.25,0.85,0.05 0.0670081
0.25,0.85,0.1 3.06977
0.25,0.85,0.15 19.0311
0.25,0.85,0.2 16.9701
0.25,0.85,0.25 20.6616
0.25,0.85,0.3 2.95846
0.25,0.9,0.15 1.81821e-05
0.25,0.9,0.2 0.00497194
0.25,0.9,0.25 0.0116996
0.25,0.9,0.3 0.00168152
0.3,0,0.1 8.98235e-13
0.3,0,0.15 3.69085e-11
0.3,0,0.2 7.2462e-11
0.3,0,0.25 4.93977e-10
0.3,0,0.3 4.6626e-10
0.3,0,0.35 1.84664e-11
0.3,0.05,0 8.01219e-13
0.3,0.05,0.05 0.302368
0.3,0.05,0.1 2.67929
0.3,0.05,0.15 62.5622
0.3,0.05,0.2 88.3919
0.3,0.05,0.25 83.991
0.3,0.05,0.3 73.1085
0.3,0.05,0.35 2.86511
0.3,0.1,0 3.75156e-11
0.3,0.1,0.05 13.5417
0.3,0.1,0.1 72.1474
0.3,0.1,0.15 319.224
0.3,0.1,0.2 438.311
0.3,0.1,0.25 387.325
0.3,0.1,0.3 367.66
0.3,0.1,0.35 21.196
0.3,0.1,0.4 0.00904644
0.3,0.15,0 6.5408e-11
0.3,0.15,0.05 25.7551
0.3,0.15,0.1 221.81
0.3,0.15,0.15 462.954
0.3,0.15,0.2 533.287
0.3,0.15,0.25 393.837
0.3,0.15,0.3 537.74
0.3,0.15,0.35 163.198
0.3,0.15,0.4 12.9584
0.3,0.2,0 1.11971e-10
0.3,0.2,0.05 79.0323
0.3,0.2,0.1 412.652
0.3,0.2,0.15 599.419
0.3,0.2,0.2 504.254
0.3,0.2,0.25 497.827
0.3,0.2,0.3 649.009
0.3,0.2,0.35 389.643
0.3,0.2,0.4 39.0617
0.3,0.25,0 6.97788e-11
0.3,0.25,0.05 95.7935
0.3,0.25,0.1 408.018
0.3,0.25,0.15 283.221
0.3,0.25,0.2 286.479
0.3,0.25,0.25 476.663
0.3,0.25,0.3 585.21
0.3,0.25,0.35 232.153
0.3,0.25,0.4 8.24661
0.3,0.3,0 5.66125e-11
0.3,0.3,0.05 35.1536
0.3,0.3,0.1 227.86
0.3,0.3,0.15 500.412
0.3,0.3,0.2 472.254
0.3,0.3,0.25 436.933
0.3,0.3,0.3 498.353
0.3,0.3,0.35 185.875
0.3,0.3,0.4 0.759048
0.3,0.35,0 6.11651e-10
0.3,0.35,0.05 49.3862
0.3,0.35,0.1 428.064
0.3,0.35,0.15 722.076
0.3,0.35,0.2 438.628
0.3,0.35,0.25 77.8702
0.3,0.35,0.3 71.8629
0.3,0.35,0.35 28.3582
0.3,0.35,0.4 0.103445
0.3,0.4,0 6.18452e-10
0.3,0.4,0.05 126.692
0.3,0.4,0.1 687.593
0.3,0.4,0.15 786.742
0.3,0.4,0.2 498.366
0.3,0.4,0.25 44.2397
0.3,0.4,0.3 0.25018
0.3,0.4,0.35 0.0089752
0.3,0.4,0.4 0.00202944
0.3,0.45,0 3.73425e-10
0.3,0.45,0.05 89.7934
0.3,0.45,0.1 423.718
0.3,0.45,0.15 499.669
0.3,0.45,0.2 481.061
0.3,0.45,0.25 161.006
0.3,0.45,0.3 54.6824
0.3,0.45,0.35 28.1871
0.3,0.45,0.4 1.10866
0.3,0.45,0.45 0.000225155
0.3,0.5,0 8.47463e-10
0.3,0.5,0.05 120.913
0.3,0.5,0.1 489.238
0.3,0.5,0.15 210.247
0.3,0.5,0.2 263.481
0.3,0.5,0.25 356.276
0.3,0.5,0.3 535.654
0.3,0.5,0.35 260.326
0.3,0.5,0.4 15.3884
0.3,0.5,0.45 0.0991126
0.3,0.55,0 6.18822e-08
0.3,0.55,0.05 86.3911
0.3,0.55,0.1 373.998
0.3,0.55,0.15 284.803
0.3,0.55,0.2 249.855
0.3,0.55,0.25 511.028
0.3,0.55,0.3 564.827
0.3,0.55,0.35 216.693
0.3,0.55,0.4 40.2083
0.3,0.55,0.45 0.395993
0.3,0.6,0 5.15616e-07
0.3,0.6,0.05 78.3367
0.3,0.6,0.1 349.573
0.3,0.6,0.15 312.522
0.3,0.6,0.2 470.654
0.3,0.6,0.25 642.946
0.3,0.6,0.3 733.163
0.3,0.6,0.35 270.416
0.3,0.6,0.4 51.9808
0.3,0.6,0.45 0.580296
0.3,0.65,0 2.57067e-07
0.3,0.65,0.05 80.2154
0.3,0.65,0.1 333.131
0.3,0.65,0.15 218.803
0.3,0.65,0.2 335.527
0.3,0.65,0.25 546.788
0.3,0.65,0.3 748.373
0.3,0.65,0.35 613.996
0.3,0.65,0.4 107.178
0.3,0.65,0.45 0.940132
0.3,0.7,0 2.20186e-09
0.3,0.7,0.05 78.3814
0.3,0.7,0.1 415.552
0.3,0.7,0.15 303.571
0.3,0.7,0.2 482.666
0.3,0.7,0.25 195.056
0.3,0.7,0.3 131.586
0.3,0.7,0.35 212.958
0.3,0.7,0.4 43.9455
0.3,0.7,0.45 0.364955
0.3,0.75,0 1.43228e-09
0.3,0.75,0.05 45.7449
0.3,0.75,0.1 402.34
0.3,0.75,0.15 367.553
0.3,0.75,0.2 255.521
0.3,0.75,0.25 72.5816
0.3,0.75,0.3 2.66721
0.3,0.75,0.35 1.07118
0.3,0.75,0.4 0.184133
0.3,0.75,0.45 0.00128778
0.3,0.8,0 5.07049e-10
0.3,0.8,0.05 11.0638
0.3,0.8,0.1 73.7792
0.3,0.8,0.15 58.6881
0.3,0.8,0.2 14.8388
0.3,0.8,0.25 1.89761
0.3,0.8,0.3 0.086287
0.3,0.85,0 6.09251e-13
0.3,0.85,0.05 0.0110904
0.3,0.85,0.1 0.0602538
0.3,0.85,0.15 0.127572
0.3,0.85,0.2 0.0534548
0.3,0.85,0.25 0.000374732
0.3,0.85,0.3 2.67908e-07
0.35,0,0.1 1.0915e-13
0.35,0,0.15 4.48499e-12
0.35,0,0.2 1.36352e-11
0.35,0,0.25 1.61573e-10
0.35,0,0.3 1.53173e-10
0.35,0,0.35 6.06646e-12
0.35,0.05,0 3.76251e-12
0.35,0.05,0.05 1.42621
0.35,0.05,0.1 5.87794
0.35,0.05,0.15 8.69886
0.35,0.05,0.2 11.6992
0.35,0.05,0.25 26.3135
0.35,0.05,0.3 23.7404
0.35,0.05,0.35 0.939581
0.35,0.1,0 1.65787e-10
0.35,0.1,0.05 63.5408
0.35,0.1,0.1 254.923
0.35,0.1,0.15 94.9245
0.35,0.1,0.2 76.945
0.35,0.1,0.25 147.309
0.35,0.1,0.3 125.81
0.35,0.1,0.35 7.63671
0.35,0.1,0.4 0.000747992
0.35,0.15,0 2.34673e-10
0.35,0.15,0.05 102.46
0.35,0.15,0.1 416.911
0.35,0.15,0.15 191.293
0.35,0.15,0.2 194.493
0.35,0.15,0.25 297.509
0.35,0.15,0.3 212.373
0.35,0.15,0.35 30.1568
0.35,0.15,0.4 1.0715
0.35,0.2,0 3.00627e-11
0.35,0.2,0.05 108.834
0.35,0.2,0.1 479.37
0.35,0.2,0.15 495.485
0.35,0.2,0.2 408.004
0.35,0.2,0.25 530.982
0.35,0.2,0.3 322.177
0.35,0.2,0.35 88.8005
0.35,0.2,0.4 3.64948
0.35,0.25,0 3.63536e-11
0.35,0.25,0.05 163.964
0.35,0.25,0.1 771.776
0.35,0.25,0.15 626.523
0.35,0.25,0.2 270.975
0.35,0.25,0.25 543.921
0.35,0.25,0.3 707.539
0.35,0.25,0.35 209.461
0.35,0.25,0.4 2.09424
0.35,0.3,0 1.38734e-10
0.35,0.3,0.05 130.019
0.35,0.3,0.1 577.942
0.35,0.3,0.15 501.178
0.35,0.3,0.2 581.518
0.35,0.3,0.25 625.225
0.35,0.3,0.3 543.355
0.35,0.3,0.35 85.3374
0.35,0.3,0.4 0.404136
0.35,0.35,0 4.47036e-11
0.35,0.35,0.05 95.2965
0.35,0.35,0.1 425.75
0.35,0.35,0.15 357.094
0.35,0.35,0.2 432.765
0.35,0.35,0.25 147.234
0.35,0.35,0.3 61.927
0.35,0.35,0.35 7.88413
0.35,0.35,0.4 0.017701
0.35,0.4,0 5.54951e-13
0.35,0.4,0.05 170.482
0.35,0.4,0.1 858.417
0.35,0.4,0.15 637.113
0.35,0.4,0.2 319.048
0.35,0.4,0.25 36.8557
0.35,0.4,0.3 21.1321
0.35,0.4,0.35 16.216
0.35,0.4,0.4 5.84661
0.35,0.4,0.45 0.0225736
0.35,0.45,0 2.03419e-11
0.35,0.45,0.05 106.805
0.35,0.45,0.1 646.516
0.35,0.45,0.15 728.969
0.35,0.45,0.2 613.098
0.35,0.45,0.25 116.675
0.35,0.45,0.3 81.4109
0.35,0.45,0.35 188.679
0.35,0.45,0.4 55.257
0.35,0.45,0.45 0.122393
0.35,0.5,0 9.877e-11
0.35,0.5,0.05 145.498
0.35,0.5,0.1 617.868
0.35,0.5,0.15 399.187
0.35,0.5,0.2 539.928
0.35,0.5,0.25 515.548
0.35,0.5,0.3 525.633
0.35,0.5,0.35 398.266
0.35,0.5,0.4 70.0648
0.35,0.5,0.45 0.0412868
0.35,0.55,0 7.22033e-08
0.35,0.55,0.05 91.7071
0.35,0.55,0.1 408.108
0.35,0.55,0.15 513.75
0.35,0.55,0.2 579.108
0.35,0.55,0.25 482.367
0.35,0.55,0.3 393.771
0.35,0.55,0.35 121.904
0.35,0.55,0.4 9.1774
0.35,0.55,0.45 3.17949e-05
0.35,0.6,0 5.99462e-07
0.35,0.6,0.05 93.7909
0.35,0.6,0.1 429.11
0.35,0.6,0.15 698.874
0.35,0.6,0.2 901.054
0.35,0.6,0.25 402.37
0.35,0.6,0.3 505.254
0.35,0.6,0.35 194.818
0.35,0.6,0.4 38.0088
0.35,0.6,0.45 0.631179
0.35,0.65,0 2.98015e-07
0.35,0.65,0.05 114.49
0.35,0.65,0.1 520.569
0.35,0.65,0.15 566.001
0.35,0.65,0.2 559.287
0.35,0.65,0.25 410.699
0.35,0.65,0.3 710.214
0.35,0.65,0.35 768.212
0.35,0.65,0.4 260.458
0.35,0.65,0.45 4.35706
0.35,0.7,0 2.2521e-09
0.35,0.7,0.05 79.7843
0.35,0.7,0.1 380.921
0.35,0.7,0.15 328.967
0.35,0.7,0.2 637.99
0.35,0.7,0.25 327.649
0.35,0.7,0.3 165.204
0.35,0.7,0.35 289.135
0.35,0.7,0.4 109.249
0.35,0.7,0.45 1.8386
0.35,0.75,0 3.37865e-09
0.35,0.75,0.05 11.5214
0.35,0.75,0.1 185.82
0.35,0.75,0.15 492.407
0.35,0.75,0.2 491.751
0.35,0.75,0.25 275.336
0.35,0.75,0.3 21.19
0.35,0.75,0.35 0.876589
0.35,0.75,0.4 0.375302
0.35,0.75,0.45 0.00648771
0.35,0.8,0 1.09079e-08
0.35,0.8,0.05 3.12017
0.35,0.8,0.1 37.275
0.35,0.8,0.15 139.588
0.35,0.8,0.2 96.5102
0.35,0.8,0.25 27.2914
0.35,0.8,0.3 2.11549
0.35,0.85,0 2.19934e-09
0.35,0.85,0.05 0.435825
0.35,0.85,0.1 1.74856
0.35,0.85,0.15 0.596471
0.35,0.85,0.2 0.120223
0.35,0.85,0.25 0.0158767
0.35,0.85,0.3 0.000582269
0.4,0,0.2 4.56167e-15
0.4,0,0.25 9.59092e-14
0.4,0,0.3 9.1156e-14
0.4,0,0.35 3.61026e-15
0.4,0.05,0 1.10857e-12
0.4,0.05,0.05 0.42021
0.4,0.05,0.1 1.68014
0.4,0.05,0.15 0.943849
0.4,0.05,0.2 7.58131
0.4,0.05,0.25 6.19436
0.4,0.05,0.3 1.27232
0.4,0.05,0.35 0.161079
0.4,0.1,0 5.42876e-11
0.4,0.1,0.05 30.3679
0.4,0.1,0.1 121.434
0.4,0.1,0.15 45.3159
0.4,0.1,0.2 231.106
0.4,0.1,0.25 210.138
0.4,0.1,0.3 41.3035
0.4,0.1,0.35 4.73399
0.4,0.15,0 1.3605e-10
0.4,0.15,0.05 135.959
0.4,0.15,0.1 545.332
0.4,0.15,0.15 194.019
0.4,0.15,0.2 449.863
0.4,0.15,0.25 551.042
0.4,0.15,0.3 87.7096
0.4,0.15,0.35 5.43242
0.4,0.15,0.4 1.00278e-05
0.4,0.2,0 1.10177e-10
0.4,0.2,0.05 99.5149
0.4,0.2,0.1 422.107
0.4,0.2,0.15 390.928
0.4,0.2,0.2 390.942
0.4,0.2,0.25 305.587
0.4,0.2,0.3 63.8537
0.4,0.2,0.35 6.41014
0.4,0.2,0.4 0.0485907
0.4,0.25,0 6.51038e-11
0.4,0.25,0.05 92.1334
0.4,0.25,0.1 445.869
0.4,0.25,0.15 430.269
0.4,0.25,0.2 234.496
0.4,0.25,0.25 274.328
0.4,0.25,0.3 202.844
0.4,0.25,0.35 26.4289
0.4,0.25,0.4 0.161115
0.4,0.3,0 1.16869e-10
0.4,0.3,0.05 103.294
0.4,0.3,0.1 437.165
0.4,0.3,0.15 270.452
0.4,0.3,0.2 526.621
0.4,0.3,0.25 561.525
0.4,0.3,0.3 284.148
0.4,0.3,0.35 14.0036
0.4,0.3,0.4 0.0333872
0.4,0.35,0 2.25129e-10
0.4,0.35,0.05 49.6071
0.4,0.35,0.1 199.855
0.4,0.35,0.15 123.794
0.4,0.35,0.2 387.985
0.4,0.35,0.25 478.875
0.4,0.35,0.3 293.97
0.4,0.35,0.35 32.2456
0.4,0.35,0.4 0.190928
0.4,0.4,0 1.39833e-10
0.4,0.4,0.05 51.4158
0.4,0.4,0.1 268.242
0.4,0.4,0.15 345.701
0.4,0.4,0.2 292.126
0.4,0.4,0.25 314.911
0.4,0.4,0.3 378.679
0.4,0.4,0.35 130.769
0.4,0.4,0.4 31.4435
0.4,0.4,0.45 0.120006
0.4,0.45,0 1.47617e-11
0.4,0.45,0.05 56.1736
0.4,0.45,0.1 336.586
0.4,0.45,0.15 611.844
0.4,0.45,0.2 601.555
0.4,0.45,0.25 306.184
0.4,0.45,0.3 359.439
0.4,0.45,0.35 550.553
0.4,0.45,0.4 195.481
0.4,0.45,0.45 0.651322
0.4,0.5,0 2.8287e-11
0.4,0.5,0.05 69.7986
0.4,0.5,0.1 359.635
0.4,0.5,0.15 547.814
0.4,0.5,0.2 773.965
0.4,0.5,0.25 498.004
0.4,0.5,0.3 594.353
0.4,0.5,0.35 617.006
0.4,0.5,0.4 134.73
0.4,0.5,0.45 0.442034
0.4,0.55,0 1.12184e-08
0.4,0.55,0.05 52.0456
0.4,0.55,0.1 280.306
0.4,0.55,0.15 467.741
0.4,0.55,0.2 612.588
0.4,0.55,0.25 355.957
0.4,0.55,0.3 291.902
0.4,0.55,0.35 169.897
0.4,0.55,0.4 27.4387
0.4,0.55,0.45 0.545526
0.4,0.6,0 6.01527e-08
0.4,0.6,0.05 148.044
0.4,0.6,0.1 618.166
0.4,0.6,0.15 440.695
0.4,0.6,0.2 614.404
0.4,0.6,0.25 258.08
0.4,0.6,0.3 128.092
0.4,0.6,0.35 41.176
0.4,0.6,0.4 13.528
0.4,0.6,0.45 0.280326
0.4,0.65,0 2.32439e-08
0.4,0.65,0.05 72.0677
0.4,0.65,0.1 322.09
0.4,0.65,0.15 379.063
0.4,0.65,0.2 597.063
0.4,0.65,0.25 348.86
0.4,0.65,0.3 363.028
0.4,0.65,0.35 189.945
0.4,0.65,0.4 76.4779
0.4,0.65,0.45 1.36902
0.4,0.7,0 1.88269e-10
0.4,0.7,0.05 17.2272
0.4,0.7,0.1 74.4533
0.4,0.7,0.15 107.197
0.4,0.7,0.2 360.343
0.4,0.7,0.25 278.611
0.4,0.7,0.3 96.2843
0.4,0.7,0.35 72.0447
0.4,0.7,0.4 32.1599
0.4,0.7,0.45 0.577704
0.4,0.75,0 1.06898e-07
0.4,0.75,0.05 21.9916
0.4,0.75,0.1 101.243
0.4,0.75,0.15 189.209
0.4,0.75,0.2 492.456
0.4,0.75,0.25 461.767
0.4,0.75,0.3 30.364
0.4,0.75,0.35 0.212963
0.4,0.75,0.4 0.111672
0.4,0.75,0.45 0.00203849
0.4,0.8,0 3.45451e-07
0.4,0.8,0.05 68.4631
0.4,0.8,0.1 277.188
0.4,0.8,0.15 125.723
0.4,0.8,0.2 139.163
0.4,0.8,0.25 111.129
0.4,0.8,0.3 5.65285
0.4,0.85,0 6.9653e-08
0.4,0.85,0.05 13.8025
0.4,0.85,0.1 54.9326
0.4,0.85,0.15 13.7463
0.4,0.85,0.2 0.316696
0.4,0.85,0.25 0.262741
0.4,0.85,0.3 0.0107914
0.45,0.05,0 1.5661e-16
0.45,0.05,0.05 5.9364e-05
0.45,0.05,0.1 0.000237358
0.45,0.05,0.15 0.259278
0.45,0.05,0.2 3.7627
0.45,0.05,0.25 6.46228
0.45,0.05,0.3 8.6227
0.45,0.05,0.35 1.22719
0.45,0.1,0 2.67382e-12
0.45,0.1,0.05 23.2069
0.45,0.1,0.1 92.8678
0.45,0.1,0.15 34.9397
0.45,0.1,0.2 118.602
0.45,0.1,0.25 198.141
