0.45,0.1,0.2 45.7694
0.45,0.1,0.25 103.957
0.45,0.1,0.3 205.649
0.45,0.1,0.35 92.8856
0.45,0.1,0.4 0.631524
0.45,0.15,0 5.85036e-14
0.45,0.15,0.05 128.463
0.45,0.15,0.1 606.765
0.45,0.15,0.15 285.171
0.45,0.15,0.2 320.304
0.45,0.15,0.25 297.276
0.45,0.15,0.3 374.84
0.45,0.15,0.35 153.031
0.45,0.15,0.4 1.02193
0.45,0.2,0 1.09819e-12
0.45,0.2,0.05 149.591
0.45,0.2,0.1 659.972
0.45,0.2,0.15 275.202
0.45,0.2,0.2 283.184
0.45,0.2,0.25 383.865
0.45,0.2,0.3 158.749
0.45,0.2,0.35 16.8199
0.45,0.2,0.4 0.0931407
0.45,0.25,0 2.87497e-11
0.45,0.25,0.05 115.805
0.45,0.25,0.1 468.425
0.45,0.25,0.15 206.037
0.45,0.25,0.2 257.508
0.45,0.25,0.25 350.79
0.45,0.25,0.3 110.364
0.45,0.25,0.35 0.365959
0.45,0.3,0 6.01931e-11
0.45,0.3,0.05 138.765
0.45,0.3,0.1 577.827
0.45,0.3,0.15 565.236
0.45,0.3,0.2 711.667
0.45,0.3,0.25 199.017
0.45,0.3,0.3 32.6088
0.45,0.3,0.35 4.44361
0.45,0.3,0.4 0.967423
0.45,0.3,0.45 0.00887978
0.45,0.35,0 9.72746e-12
0.45,0.35,0.05 143.643
0.45,0.35,0.1 588.056
0.45,0.35,0.15 431.393
0.45,0.35,0.2 559.092
0.45,0.35,0.25 403.303
0.45,0.35,0.3 445.31
0.45,0.35,0.35 172.258
0.45,0.35,0.4 16.9199
0.45,0.35,0.45 0.115866
0.45,0.4,0 2.16491e-11
0.45,0.4,0.05 76.9555
0.45,0.4,0.1 319.354
0.45,0.4,0.15 268.903
0.45,0.4,0.2 331.091
0.45,0.4,0.25 314.46
0.45,0.4,0.3 748.476
0.45,0.4,0.35 470.251
0.45,0.4,0.4 40.5045
0.45,0.4,0.45 1.11765
0.45,0.45,0 1.2003e-10
0.45,0.45,0.05 73.9867
0.45,0.45,0.1 341.674
0.45,0.45,0.15 494.949
0.45,0.45,0.2 474.894
0.45,0.45,0.25 568.485
0.45,0.45,0.3 541.979
0.45,0.45,0.35 263.633
0.45,0.45,0.4 94.5243
0.45,0.45,0.45 7.36431
0.45,0.5,0 8.36729e-10
0.45,0.5,0.05 110.602
0.45,0.5,0.1 482.869
0.45,0.5,0.15 390.591
0.45,0.5,0.2 696.84
0.45,0.5,0.25 580.151
0.45,0.5,0.3 696.94
0.45,0.5,0.35 855.512
0.45,0.5,0.4 382.957
0.45,0.5,0.45 36.7768
0.45,0.55,0 4.41203e-09
0.45,0.55,0.05 97.2173
0.45,0.55,0.1 449.894
0.45,0.55,0.15 346.492
0.45,0.55,0.2 554.933
0.45,0.55,0.25 221.262
0.45,0.55,0.3 403.33
0.45,0.55,0.35 713.448
0.45,0.55,0.4 259.587
0.45,0.55,0.45 22.5969
0.45,0.6,0 1.45626e-08
0.45,0.6,0.05 137.681
0.45,0.6,0.1 573.309
0.45,0.6,0.15 358.216
0.45,0.6,0.2 791.528
0.45,0.6,0.25 311.571
0.45,0.6,0.3 38.2821
0.45,0.6,0.35 46.6219
0.45,0.6,0.4 9.48251
0.45,0.6,0.45 0.415741
0.45,0.65,0 4.32448e-09
0.45,0.65,0.05 77.216
0.45,0.65,0.1 365.78
0.45,0.65,0.15 190.236
0.45,0.65,0.2 287.944
0.45,0.65,0.25 106.836
0.45,0.65,0.3 24.1734
0.45,0.65,0.35 4.98426
0.45,0.65,0.4 1.8346
0.45,0.65,0.45 0.0781267
0.45,0.7,0 1.04913e-10
0.45,0.7,0.05 4.55205
0.45,0.7,0.1 36.0211
0.45,0.7,0.15 27.5223
0.45,0.7,0.2 18.5711
0.45,0.7,0.25 29.8179
0.45,0.7,0.3 67.7338
0.45,0.7,0.35 12.8027
0.45,0.7,0.4 0.127821
0.45,0.7,0.45 0.00544329
0.45,0.75,0 2.42916e-07
0.45,0.75,0.05 25.0319
0.45,0.75,0.1 101.79
0.45,0.75,0.15 40.1196
0.45,0.75,0.2 8.14088
0.45,0.75,0.25 39.3013
0.45,0.75,0.3 113.224
0.45,0.75,0.35 21.5019
0.45,0.8,0 7.85732e-07
0.45,0.8,0.05 80.9672
0.45,0.8,0.1 322.083
0.45,0.8,0.15 81.8259
0.45,0.8,0.2 0.863009
0.45,0.8,0.25 3.84241
0.45,0.8,0.3 11.3827
0.45,0.8,0.35 2.16303
0.45,0.85,0 1.58594e-07
0.45,0.85,0.05 16.3439
0.45,0.85,0.1 64.9577
0.45,0.85,0.15 16.1356
0.45,0.9,0 1.66874e-12
0.45,0.9,0.05 0.000257712
0.45,0.9,0.1 0.00102509
0.45,0.9,0.15 0.00025484
0.5,0.05,0.15 5.84855e-08
0.5,0.05,0.2 5.85958e-05
0.5,0.05,0.25 0.186123
0.5,0.05,0.3 1.52183
0.5,0.05,0.35 0.74439
0.5,0.05,0.4 0.00507392
0.5,0.1,0 2.23406e-14
0.5,0.1,0.05 5.18885
0.5,0.1,0.1 20.8622
0.5,0.1,0.15 13.7265
0.5,0.1,0.2 31.0026
0.5,0.1,0.25 52.7735
0.5,0.1,0.3 143.103
0.5,0.1,0.35 53.3831
0.5,0.1,0.4 0.342898
0.5,0.15,0 6.09187e-12
0.5,0.15,0.05 36.5053
0.5,0.15,0.1 147.75
0.5,0.15,0.15 164.084
0.5,0.15,0.2 509.686
0.5,0.15,0.25 600.394
0.5,0.15,0.3 632.159
0.5,0.15,0.35 117.154
0.5,0.15,0.4 0.555049
0.5,0.2,0 1.44629e-11
0.5,0.2,0.05 112.945
0.5,0.2,0.1 458.394
0.5,0.2,0.15 418.37
0.5,0.2,0.2 836.695
0.5,0.2,0.25 730.398
0.5,0.2,0.3 483.777
0.5,0.2,0.35 45.0566
0.5,0.2,0.4 0.137337
0.5,0.25,0 3.24793e-10
0.5,0.25,0.05 100.087
0.5,0.25,0.1 408.298
0.5,0.25,0.15 349.322
0.5,0.25,0.2 506.276
0.5,0.25,0.25 477.624
0.5,0.25,0.3 189.414
0.5,0.25,0.35 17.1185
0.5,0.25,0.4 0.226799
0.5,0.3,0 1.14361e-09
0.5,0.3,0.05 156.397
0.5,0.3,0.1 664.252
0.5,0.3,0.15 769.424
0.5,0.3,0.2 643.081
0.5,0.3,0.25 232.523
0.5,0.3,0.3 74.1233
0.5,0.3,0.35 23.7407
0.5,0.3,0.4 11.1968
0.5,0.3,0.45 0.102445
0.5,0.35,0 4.73007e-10
0.5,0.35,0.05 182.295
0.5,0.35,0.1 751.633
0.5,0.35,0.15 572.693
0.5,0.35,0.2 516.056
0.5,0.35,0.25 95.1486
0.5,0.35,0.3 129.689
0.5,0.35,0.35 348.998
0.5,0.35,0.4 148.473
0.5,0.35,0.45 1.33673
0.5,0.4,0 5.86295e-10
0.5,0.4,0.05 96.7821
0.5,0.4,0.1 389.947
0.5,0.4,0.15 277.351
0.5,0.4,0.2 390.009
0.5,0.4,0.25 231.701
0.5,0.4,0.3 549.252
0.5,0.4,0.35 580.61
0.5,0.4,0.4 115.474
0.5,0.4,0.45 0.937102
0.5,0.45,0 1.66265e-09
0.5,0.45,0.05 106.804
0.5,0.45,0.1 432.565
0.5,0.45,0.15 317.922
0.5,0.45,0.2 458.643
0.5,0.45,0.25 496.771
0.5,0.45,0.3 331.7
0.5,0.45,0.35 158.57
0.5,0.45,0.4 18.1925
0.5,0.45,0.45 1.30786
0.5,0.5,0 4.97947e-09
0.5,0.5,0.05 141.154
0.5,0.5,0.1 586.185
0.5,0.5,0.15 390.5
0.5,0.5,0.2 541.314
0.5,0.5,0.25 298.784
0.5,0.5,0.3 140.63
0.5,0.5,0.35 201.436
0.5,0.5,0.4 143.006
0.5,0.5,0.45 14.5925
0.5,0.55,0 4.82499e-09
0.5,0.55,0.05 149.082
0.5,0.55,0.1 706.021
0.5,0.55,0.15 703.568
0.5,0.55,0.2 866.587
0.5,0.55,0.25 122.701
0.5,0.55,0.3 104.223
0.5,0.55,0.35 222.473
0.5,0.55,0.4 102.721
0.5,0.55,0.45 9.23424
0.5,0.6,0 5.07658e-10
0.5,0.6,0.05 53.6296
0.5,0.6,0.1 370.791
0.5,0.6,0.15 424.983
0.5,0.6,0.2 526.713
0.5,0.6,0.25 87.6285
0.5,0.6,0.3 9.7618
0.5,0.6,0.35 16.5308
0.5,0.6,0.4 3.27468
0.5,0.6,0.45 0.146003
0.5,0.65,0 1.70848e-10
0.5,0.65,0.05 50.1446
0.5,0.65,0.1 423.427
0.5,0.65,0.15 324.179
0.5,0.65,0.2 212.462
0.5,0.65,0.25 33.9408
0.5,0.65,0.3 0.0781557
0.5,0.65,0.35 7.23149e-05
0.5,0.7,0 7.62743e-12
0.5,0.7,0.05 12.7818
0.5,0.7,0.1 138.83
0.5,0.7,0.15 332.215
0.5,0.7,0.2 258.047
0.5,0.7,0.25 23.8608
0.5,0.7,0.3 0.0230386
0.5,0.7,0.35 0.00366765
0.5,0.75,0 1.82802e-08
0.5,0.75,0.05 8.34773
0.5,0.75,0.1 78.9251
0.5,0.75,0.15 309.831
0.5,0.75,0.2 133.596
0.5,0.75,0.25 1.89375
0.5,0.75,0.3 0.0337731
0.5,0.75,0.35 0.00640225
0.5,0.8,0 1.78869e-07
0.5,0.8,0.05 31.8909
0.5,0.8,0.1 132.458
0.5,0.8,0.15 67.1308
0.5,0.8,0.2 14.3853
0.5,0.8,0.25 0.0432402
0.5,0.8,0.3 0.00338711
0.5,0.8,0.35 0.000644048
0.5,0.85,0 1.65992e-07
0.5,0.85,0.05 25.4838
0.5,0.85,0.1 101.369
0.5,0.85,0.15 25.2017
0.5,0.9,0 8.96276e-09
0.5,0.9,0.05 1.38416
0.5,0.9,0.1 5.50572
0.5,0.9,0.15 1.36874
0.55,0.05,0.25 0.00184817
0.55,0.05,0.3 0.015125
0.55,0.05,0.35 0.00739839
0.55,0.05,0.4 5.0429e-05
0.55,0.1,0 8.20369e-13
0.55,0.1,0.05 0.0984501
0.55,0.1,0.1 0.894012
0.55,0.1,0.15 21.1052
0.55,0.1,0.2 31.9183
0.55,0.1,0.25 25.2144
0.55,0.1,0.3 29.3297
0.55,0.1,0.35 2.67155
0.55,0.1,0.4 0.00340802
0.55,0.15,0 2.24911e-10
0.55,0.15,0.05 29.5779
0.55,0.15,0.1 122.16
0.55,0.15,0.15 191.249
0.55,0.15,0.2 303.818
0.55,0.15,0.25 307.129
0.55,0.15,0.3 302.722
0.55,0.15,0.35 24.2419
0.55,0.15,0.4 0.00769318
0.55,0.2,0 5.74235e-10
0.55,0.2,0.05 101.295
0.55,0.2,0.1 415.624
0.55,0.2,0.15 457.225
0.55,0.2,0.2 644.395
0.55,0.2,0.25 372.84
0.55,0.2,0.3 379.842
0.55,0.2,0.35 91.5402
0.55,0.2,0.4 1.08022
0.55,0.25,0 4.89971e-10
0.55,0.25,0.05 60.8786
0.55,0.25,0.1 260.619
0.55,0.25,0.15 502.011
0.55,0.25,0.2 739.557
0.55,0.25,0.25 788.16
0.55,0.25,0.3 571.885
0.55,0.25,0.35 194.109
0.55,0.25,0.4 2.84335
0.55,0.3,0 1.47843e-09
0.55,0.3,0.05 101.978
0.55,0.3,0.1 423.869
0.55,0.3,0.15 406.334
0.55,0.3,0.2 540.846
0.55,0.3,0.25 804.812
0.55,0.3,0.3 353.768
0.55,0.3,0.35 72.6378
0.55,0.3,0.4 7.73666
0.55,0.3,0.45 0.065724
0.55,0.35,0 1.75e-09
0.55,0.35,0.05 145.392
0.55,0.35,0.1 601.512
0.55,0.35,0.15 212.065
0.55,0.35,0.2 144.756
0.55,0.35,0.25 217.315
0.55,0.35,0.3 82.7745
0.55,0.35,0.35 191.792
0.55,0.35,0.4 93.5964
0.55,0.35,0.45 0.857583
0.55,0.4,0 1.06359e-09
0.55,0.4,0.05 77.7118
0.55,0.4,0.1 316.287
0.55,0.4,0.15 117.312
0.55,0.4,0.2 111.413
0.55,0.4,0.25 203.463
0.55,0.4,0.3 133.215
0.55,0.4,0.35 162.672
0.55,0.4,0.4 66.365
0.55,0.4,0.45 0.601201
0.55,0.45,0 1.9456e-09
0.55,0.45,0.05 112.888
0.55,0.45,0.1 451.864
0.55,0.45,0.15 268.405
0.55,0.45,0.2 480.218
0.55,0.45,0.25 385.242
0.55,0.45,0.3 132.226
0.55,0.45,0.35 19.8102
0.55,0.45,0.4 1.75732
0.55,0.45,0.45 0.0162498
0.55,0.5,0 2.94912e-09
0.55,0.5,0.05 100.214
0.55,0.5,0.1 404.824
0.55,0.5,0.15 438.63
0.55,0.5,0.2 787.747
0.55,0.5,0.25 192.421
0.55,0.5,0.3 33.9673
0.55,0.5,0.35 0.862255
0.55,0.5,0.4 0.425444
0.55,0.5,0.45 0.0434747
0.55,0.55,0 1.91045e-09
0.55,0.55,0.05 58.2076
0.55,0.55,0.1 331.122
0.55,0.55,0.15 556.388
0.55,0.55,0.2 725.889
0.55,0.55,0.25 304.521
0.55,0.55,0.3 135.323
0.55,0.55,0.35 2.34631
0.55,0.55,0.4 0.31063
0.55,0.55,0.45 0.0275111
0.55,0.6,0 8.12873e-11
0.55,0.6,0.05 41.2365
0.55,0.6,0.1 339.581
0.55,0.6,0.15 407.526
0.55,0.6,0.2 356.676
0.55,0.6,0.25 126.193
0.55,0.6,0.3 50.1568
0.55,0.6,0.35 0.687919
0.55,0.6,0.4 0.0106558
0.55,0.6,0.45 0.000434978
0.55,0.65,0 5.34541e-11
0.55,0.65,0.05 42.9133
0.55,0.65,0.1 292.341
0.55,0.65,0.15 443.285
0.55,0.65,0.2 700.687
0.55,0.65,0.25 171.759
0.55,0.65,0.3 0.512071
0.55,0.65,0.35 0.00102443
0.55,0.7,0 4.92372e-11
0.55,0.7,0.05 33.006
0.55,0.7,0.1 301.332
0.55,0.7,0.15 719.416
0.55,0.7,0.2 801.418
0.55,0.7,0.25 151.673
0.55,0.7,0.3 0.174922
0.55,0.75,0 1.43018e-08
0.55,0.75,0.05 72.0858
0.55,0.75,0.1 434.306
0.55,0.75,0.15 539.02
0.55,0.75,0.2 166.954
0.55,0.75,0.25 7.05998
0.55,0.75,0.3 0.00422188
0.55,0.8,0 4.45858e-07
0.55,0.8,0.05 145.082
0.55,0.8,0.1 591.26
0.55,0.8,0.15 189.163
0.55,0.8,0.2 14.0166
0.55,0.8,0.25 0.0373111
0.55,0.85,0 5.23551e-07
0.55,0.85,0.05 89.3176
0.55,0.85,0.1 355.453
0.55,0.85,0.15 88.4116
0.55,0.9,0 2.99179e-08
0.55,0.9,0.05 5.75641
0.55,0.9,0.1 22.9211
0.55,0.9,0.15 5.70429
0.55,0.95,0 9.51499e-18
0.55,0.95,0.05 1.11451e-05
0.55,0.95,0.1 4.45676e-05
0.55,0.95,0.15 1.11387e-05
0.6,0.1,0 1.03866e-12
0.6,0.1,0.05 0.124595
0.6,0.1,0.1 1.58959
0.6,0.1,0.15 43.7417
0.6,0.1,0.2 57.3965
0.6,0.1,0.25 4.337
0.6,0.1,0.3 0.5998
0.6,0.1,0.35 0.0461698
0.6,0.15,0 3.03855e-10
0.6,0.15,0.05 35.8366
0.6,0.15,0.1 151.282
0.6,0.15,0.15 351.847
0.6,0.15,0.2 413.802
0.6,0.15,0.25 34.4398
0.6,0.15,0.3 11.6953
0.6,0.15,0.35 1.45119
0.6,0.15,0.4 0.00147664
0.6,0.2,0 1.3064e-09
0.6,0.2,0.05 137.987
0.6,0.2,0.1 562.255
0.6,0.2,0.15 378.523
0.6,0.2,0.2 275.633
0.6,0.2,0.25 123.144
0.6,0.2,0.3 270.177
0.6,0.2,0.35 76.5516
0.6,0.2,0.4 0.731901
0.6,0.25,0 8.56142e-10
0.6,0.25,0.05 80.223
0.6,0.25,0.1 390.211
0.6,0.25,0.15 594.665
0.6,0.25,0.2 520.144
0.6,0.25,0.25 596.072
0.6,0.25,0.3 593.079
0.6,0.25,0.35 187.524
0.6,0.25,0.4 2.03714
0.6,0.3,0 2.02381e-10
0.6,0.3,0.05 18.954
0.6,0.3,0.1 226.393
0.6,0.3,0.15 580.58
0.6,0.3,0.2 668.978
0.6,0.3,0.25 778.339
0.6,0.3,0.3 562.809
0.6,0.3,0.35 189.252
0.6,0.3,0.4 1.14222
0.6,0.3,0.45 0.00107891
0.6,0.35,0 5.90398e-10
0.6,0.35,0.05 59.7626
0.6,0.35,0.1 566.166
0.6,0.35,0.15 522.261
0.6,0.35,0.2 235.931
0.6,0.35,0.25 276.259
0.6,0.35,0.3 168.656
0.6,0.35,0.35 62.5532
0.6,0.35,0.4 1.79008
0.6,0.35,0.45 0.0140779
0.6,0.4,0 2.78285e-10
0.6,0.4,0.05 40.7005
0.6,0.4,0.1 276.504
0.6,0.4,0.15 222.15
0.6,0.4,0.2 147.515
0.6,0.4,0.25 48.5044
0.6,0.4,0.3 6.43893
0.6,0.4,0.35 2.10872
0.6,0.4,0.4 1.07547
0.6,0.4,0.45 0.00986921
0.6,0.45,0 9.50265e-10
0.6,0.45,0.05 155.076
0.6,0.45,0.1 620.654
0.6,0.45,0.15 343.616
0.6,0.45,0.2 619.815
0.6,0.45,0.25 191.783
0.6,0.45,0.3 11.001
0.6,0.45,0.35 0.0514758
0.6,0.45,0.4 0.0221948
0.6,0.45,0.45 0.000203736
0.6,0.5,0 1.86994e-09
0.6,0.5,0.05 144.21
0.6,0.5,0.1 578.466
0.6,0.5,0.15 341.424
0.6,0.5,0.2 607.312
0.6,0.5,0.25 273.519
0.6,0.5,0.3 35.218
0.6,0.5,0.35 0.357351
0.6,0.55,0 3.03679e-10
0.6,0.55,0.05 18.1997
0.6,0.55,0.1 95.5653
0.6,0.55,0.15 368.265
0.6,0.55,0.2 467.803
0.6,0.55,0.25 358.402
0.6,0.55,0.3 169.226
0.6,0.55,0.35 2.13107
0.6,0.6,0 7.78282e-12
0.6,0.6,0.05 7.38774
0.6,0.6,0.1 66.6232
0.6,0.6,0.15 501.601
0.6,0.6,0.2 692.573
0.6,0.6,0.25 249.944
0.6,0.6,0.3 64.099
0.6,0.6,0.35 0.788574
0.6,0.65,0 1.43714e-10
0.6,0.65,0.05 79.5971
0.6,0.65,0.1 475.15
0.6,0.65,0.15 603.866
0.6,0.65,0.2 833.32
0.6,0.65,0.25 309.493
0.6,0.65,0.3 3.40554
0.6,0.65,0.35 0.00127452
0.6,0.7,0 1.31984e-10
0.6,0.7,0.05 74.695
0.6,0.7,0.1 595.899
0.6,0.7,0.15 776.906
0.6,0.7,0.2 460.537
0.6,0.7,0.25 131.939
0.6,0.7,0.3 0.88539
0.6,0.75,0 3.47803e-09
0.6,0.75,0.05 81.2518
0.6,0.75,0.1 499.607
0.6,0.75,0.15 461.149
0.6,0.75,0.2 79.4632
0.6,0.75,0.25 10.8653
0.6,0.75,0.3 0.350909
0.6,0.8,0 9.40025e-08
0.6,0.8,0.05 157.167
0.6,0.8,0.1 648.279
0.6,0.8,0.15 223.251
0.6,0.8,0.2 17.0079
0.6,0.8,0.25 0.238066
0.6,0.8,0.3 0.0109739
0.6,0.85,0 1.09315e-07
0.6,0.85,0.05 109.325
0.6,0.85,0.1 437.145
0.6,0.85,0.15 110.805
0.6,0.85,0.2 0.54181
0.6,0.85,0.25 0.000189242
0.6,0.9,0 6.2527e-09
0.6,0.9,0.05 22.1589
0.6,0.9,0.1 88.5901
0.6,0.9,0.15 22.1361
0.6,0.95,0 1.77506e-16
0.6,0.95,0.05 0.000207916
0.6,0.95,0.1 0.000831427
0.6,0.95,0.15 0.000207798
0.65,0.1,0 6.67612e-14
0.65,0.1,0.05 0.00800854
0.65,0.1,0.1 0.639088
0.65,0.1,0.15 22.5314
0.65,0.1,0.2 28.6619
0.65,0.1,0.25 1.85759
0.65,0.15,0 3.29868e-11
0.65,0.15,0.05 3.52464
0.65,0.15,0.1 23.6492
0.65,0.15,0.15 252.733
0.65,0.15,0.2 306.14
0.65,0.15,0.25 22.3511
0.65,0.15,0.3 6.75533
0.65,0.15,0.35 1.02876
0.65,0.15,0.4 2.80186e-05
0.65,0.2,0 4.92201e-10
0.65,0.2,0.05 45.8883
0.65,0.2,0.1 212.178
0.65,0.2,0.15 279.122
0.65,0.2,0.2 212.56
0.65,0.2,0.25 96.0483
0.65,0.2,0.3 203.729
0.65,0.2,0.35 31.6259
0.65,0.2,0.4 0.0138875
0.65,0.25,0 5.25865e-10
0.65,0.25,0.05 48.4212
0.65,0.25,0.1 327.235
0.65,0.25,0.15 468.637
0.65,0.25,0.2 239.514
0.65,0.25,0.25 202.672
0.65,0.25,0.3 267.114
0.65,0.25,0.35 48.1937
0.65,0.25,0.4 0.0816165
0.65,0.3,0 2.92809e-11
0.65,0.3,0.05 6.897
0.65,0.3,0.1 259.469
0.65,0.3,0.15 717.505
0.65,0.3,0.2 654.417
0.65,0.3,0.25 319.446
0.65,0.3,0.3 163.798
0.65,0.3,0.35 63.1937
0.65,0.3,0.4 0.267554
0.65,0.35,0 1.063e-11
0.65,0.35,0.05 22.711
0.65,0.35,0.1 448.166
0.65,0.35,0.15 593.105
0.65,0.35,0.2 217.361
0.65,0.35,0.25 80.338
0.65,0.35,0.3 52.5323
