0.25,0.15,0.3 351.69
0.25,0.15,0.35 152.62
0.25,0.15,0.4 15.1746
0.25,0.15,0.45 0.00111561
0.25,0.2,0 3.41926e-10
0.25,0.2,0.05 39.5793
0.25,0.2,0.1 327.385
0.25,0.2,0.15 441.749
0.25,0.2,0.2 536.608
0.25,0.2,0.25 317.495
0.25,0.2,0.3 524.909
0.25,0.2,0.35 506.697
0.25,0.2,0.4 80.8705
0.25,0.2,0.45 0.00490467
0.25,0.25,0.05 61.4117
0.25,0.25,0.1 339.503
0.25,0.25,0.15 316.644
0.25,0.25,0.2 603.584
0.25,0.25,0.25 312.485
0.25,0.25,0.3 527.836
0.25,0.25,0.35 516.42
0.25,0.25,0.4 62.2828
0.25,0.25,0.45 0.00263146
0.25,0.3,0 6.22053e-13
0.25,0.3,0.05 39.4656
0.25,0.3,0.1 189.558
0.25,0.3,0.15 260.708
0.25,0.3,0.2 635.885
0.25,0.3,0.25 297.651
0.25,0.3,0.3 165.331
0.25,0.3,0.35 252.267
0.25,0.3,0.4 58.9951
0.25,0.3,0.45 0.00404605
0.25,0.35,0 1.48464e-11
0.25,0.35,0.05 72.5404
0.25,0.35,0.1 389.741
0.25,0.35,0.15 364.03
0.25,0.35,0.2 147.339
0.25,0.35,0.25 35.2075
0.25,0.35,0.3 18.3737
0.25,0.35,0.35 37.9809
0.25,0.35,0.4 10.7973
0.25,0.35,0.45 0.000794778
0.25,0.4,0 1.10177e-10
0.25,0.4,0.05 100.895
0.25,0.4,0.1 471.325
0.25,0.4,0.15 398.718
0.25,0.4,0.2 167.013
0.25,0.4,0.25 58.2436
0.25,0.4,0.3 5.17305
0.25,0.4,0.35 0.255007
0.25,0.4,0.4 0.0251387
0.25,0.4,0.45 2.19259e-05
0.25,0.4,0.5 3.18083e-08
0.25,0.45,0 8.91029e-10
0.25,0.45,0.05 149.004
0.25,0.45,0.1 645.147
0.25,0.45,0.15 455.264
0.25,0.45,0.2 326.734
0.25,0.45,0.25 385.352
0.25,0.45,0.3 166.073
0.25,0.45,0.35 122.58
0.25,0.45,0.4 81.861
0.25,0.45,0.45 9.10219
0.25,0.45,0.5 0.000505666
0.25,0.5,0 1.69862e-09
0.25,0.5,0.05 181.478
0.25,0.5,0.1 732.956
0.25,0.5,0.15 344.924
0.25,0.5,0.2 334.3
0.25,0.5,0.25 539.451
0.25,0.5,0.3 732.983
0.25,0.5,0.35 566.634
0.25,0.5,0.4 476.276
0.25,0.5,0.45 63.3104
0.25,0.5,0.5 0.00685449
0.25,0.55,0 2.49169e-09
0.25,0.55,0.05 81.7196
0.25,0.55,0.1 364.633
0.25,0.55,0.15 348.479
0.25,0.55,0.2 382.846
0.25,0.55,0.25 414.865
0.25,0.55,0.3 676.513
0.25,0.55,0.35 652.447
0.25,0.55,0.4 497.654
0.25,0.55,0.45 59.2994
0.25,0.55,0.5 0.00494991
0.25,0.6,0 1.73455e-08
0.25,0.6,0.05 11.3723
0.25,0.6,0.1 102.62
0.25,0.6,0.15 382.124
0.25,0.6,0.2 566.707
0.25,0.6,0.25 507.501
0.25,0.6,0.3 456.954
0.25,0.6,0.35 512.112
0.25,0.6,0.4 343.223
0.25,0.6,0.45 30.6741
0.25,0.6,0.5 0.000109987
0.25,0.65,0 1.10698e-08
0.25,0.65,0.05 77.8865
0.25,0.65,0.1 337.339
0.25,0.65,0.15 440.021
0.25,0.65,0.2 474.231
0.25,0.65,0.25 219.159
0.25,0.65,0.3 442.891
0.25,0.65,0.35 332.529
0.25,0.65,0.4 84.4744
0.25,0.65,0.45 5.67949
0.25,0.7,0 2.14309e-09
0.25,0.7,0.05 95.1205
0.25,0.7,0.1 441.053
0.25,0.7,0.15 466.914
0.25,0.7,0.2 414.33
0.25,0.7,0.25 256.575
0.25,0.7,0.3 272.749
0.25,0.7,0.35 69.8973
0.25,0.7,0.4 3.38318
0.25,0.7,0.45 0.130458
0.25,0.75,0 1.56936e-10
0.25,0.75,0.05 8.95197
0.25,0.75,0.1 104.803
0.25,0.75,0.15 567.764
0.25,0.75,0.2 646.526
0.25,0.75,0.25 398.467
0.25,0.75,0.3 227.735
0.25,0.75,0.35 61.4914
0.25,0.75,0.4 0.0686245
0.25,0.8,0.1 28.2108
0.25,0.8,0.15 246.717
0.25,0.8,0.2 230.573
0.25,0.8,0.25 102.929
0.25,0.8,0.3 77.1995
0.25,0.8,0.35 24.3882
0.25,0.8,0.4 0.0285151
0.25,0.85,0.1 0.212748
0.25,0.85,0.15 1.7222
0.25,0.85,0.2 1.18412
0.25,0.85,0.25 0.314034
0.25,0.85,0.3 0.291129
0.25,0.85,0.35 0.0864746
0.25,0.85,0.4 0.000101094
0.3,0,0.2 2.33328e-11
0.3,0,0.25 4.90572e-10
0.3,0,0.3 4.6626e-10
0.3,0,0.35 1.84664e-11
0.3,0.05,0 3.73392e-15
0.3,0.05,0.05 0.0423382
0.3,0.05,0.1 1.18084
0.3,0.05,0.15 41.7619
0.3,0.05,0.2 81.4323
0.3,0.05,0.25 85.0131
0.3,0.05,0.3 74.328
0.3,0.05,0.35 3.64394
0.3,0.05,0.4 0.00129135
0.3,0.1,0 2.52885e-12
0.3,0.1,0.05 2.49974
0.3,0.1,0.1 48.9575
0.3,0.1,0.15 233.884
0.3,0.1,0.2 399.645
0.3,0.1,0.25 379.642
0.3,0.1,0.3 361.775
0.3,0.1,0.35 40.4259
0.3,0.1,0.4 0.101731
0.3,0.15,0 6.92181e-12
0.3,0.15,0.05 8.749
0.3,0.15,0.1 103.8
0.3,0.15,0.15 322.311
0.3,0.15,0.2 511.101
0.3,0.15,0.25 303.075
0.3,0.15,0.3 519.558
0.3,0.15,0.35 261.347
0.3,0.15,0.4 26.3593
0.3,0.15,0.45 0.00244539
0.3,0.2,0 1.1736e-12
0.3,0.2,0.05 66.7162
0.3,0.2,0.1 336.872
0.3,0.2,0.15 466.593
0.3,0.2,0.2 669.208
0.3,0.2,0.25 313.8
0.3,0.2,0.3 635.312
0.3,0.2,0.35 556.596
0.3,0.2,0.4 116.954
0.3,0.2,0.45 0.0107509
0.3,0.25,0 9.85489e-13
0.3,0.25,0.05 80.6652
0.3,0.25,0.1 407.768
0.3,0.25,0.15 249.602
0.3,0.25,0.2 310.668
0.3,0.25,0.25 325.8
0.3,0.25,0.3 558.369
0.3,0.25,0.35 511.236
0.3,0.25,0.4 85.2271
0.3,0.25,0.45 0.00548081
0.3,0.3,0 4.37059e-12
0.3,0.3,0.05 29.6849
0.3,0.3,0.1 157.123
0.3,0.3,0.15 362.383
0.3,0.3,0.2 490.931
0.3,0.3,0.25 465.552
0.3,0.3,0.3 449.581
0.3,0.3,0.35 483.078
0.3,0.3,0.4 115.239
0.3,0.3,0.45 0.00796375
0.3,0.35,0 7.28697e-11
0.3,0.35,0.05 36.0506
0.3,0.35,0.1 285.711
0.3,0.35,0.15 726.549
0.3,0.35,0.2 545.062
0.3,0.35,0.25 101.344
0.3,0.35,0.3 65.9821
0.3,0.35,0.35 77.7471
0.3,0.35,0.4 21.2632
0.3,0.35,0.45 0.00156434
0.3,0.4,0 2.38164e-10
0.3,0.4,0.05 106.013
0.3,0.4,0.1 534.412
0.3,0.4,0.15 757.921
0.3,0.4,0.2 483.71
0.3,0.4,0.25 65.2995
0.3,0.4,0.3 3.62471
0.3,0.4,0.35 0.541485
0.3,0.4,0.4 1.54109
0.3,0.4,0.45 0.32734
0.3,0.45,0 5.73707e-10
0.3,0.45,0.05 76.5717
0.3,0.45,0.1 365.13
0.3,0.45,0.15 553.828
0.3,0.45,0.2 531.053
0.3,0.45,0.25 288.637
0.3,0.45,0.3 129.607
0.3,0.45,0.35 85.077
0.3,0.45,0.4 22.4928
0.3,0.45,0.45 2.5153
0.3,0.5,0 1.02343e-09
0.3,0.5,0.05 115.074
0.3,0.5,0.1 490.231
0.3,0.5,0.15 216.746
0.3,0.5,0.2 209.195
0.3,0.5,0.25 320.813
0.3,0.5,0.3 666.153
0.3,0.5,0.35 433.772
0.3,0.5,0.4 80.9425
0.3,0.5,0.45 6.74951
0.3,0.55,0 6.18688e-08
0.3,0.55,0.05 75.0041
0.3,0.55,0.1 328.502
0.3,0.55,0.15 228.874
0.3,0.55,0.2 298.787
0.3,0.55,0.25 324.148
0.3,0.55,0.3 695.209
0.3,0.55,0.35 288.542
0.3,0.55,0.4 99.1424
0.3,0.55,0.45 8.34469
0.3,0.6,0 5.1562e-07
0.3,0.6,0.05 68.5215
0.3,0.6,0.1 282.668
0.3,0.6,0.15 278.073
0.3,0.6,0.2 608.829
0.3,0.6,0.25 435.51
0.3,0.6,0.3 597.124
0.3,0.6,0.35 495.456
0.3,0.6,0.4 384.66
0.3,0.6,0.45 26.7403
0.3,0.65,0 2.57486e-07
0.3,0.65,0.05 78.9181
0.3,0.65,0.1 319.941
0.3,0.65,0.15 244.172
0.3,0.65,0.2 429.082
0.3,0.65,0.25 435.486
0.3,0.65,0.3 613.598
0.3,0.65,0.35 432.078
0.3,0.65,0.4 256.178
0.3,0.65,0.45 16.8743
0.3,0.7,0 2.71045e-09
0.3,0.7,0.05 67.9695
0.3,0.7,0.1 276.89
0.3,0.7,0.15 225.487
0.3,0.7,0.2 454.713
0.3,0.7,0.25 252.919
0.3,0.7,0.3 216.357
0.3,0.7,0.35 77.4541
0.3,0.7,0.4 7.17893
0.3,0.7,0.45 0.413336
0.3,0.75,0 8.54123e-11
0.3,0.75,0.05 5.81106
0.3,0.75,0.1 60.8046
0.3,0.75,0.15 269.817
0.3,0.75,0.2 443.885
0.3,0.75,0.25 336.546
0.3,0.75,0.3 146.974
0.3,0.75,0.35 40.1727
0.3,0.75,0.4 0.112042
0.3,0.8,0.1 18.9125
0.3,0.8,0.15 121.268
0.3,0.8,0.2 98.2911
0.3,0.8,0.25 50.9341
0.3,0.8,0.3 11.4894
0.3,0.8,0.35 1.34626
0.3,0.8,0.4 0.00293523
0.3,0.85,0.1 0.145269
0.3,0.85,0.15 0.902303
0.3,0.85,0.2 0.363418
0.3,0.85,0.25 0.00316239
0.3,0.85,0.3 0.00104165
0.3,0.85,0.35 0.000368963
0.3,0.85,0.4 4.3134e-07
0.35,0,0.2 7.66514e-12
0.35,0,0.25 1.6116e-10
0.35,0,0.3 1.53173e-10
0.35,0,0.35 6.06646e-12
0.35,0.05,0.05 0.158808
0.35,0.05,0.1 3.09069
0.35,0.05,0.15 7.46789
0.35,0.05,0.2 10.2876
0.35,0.05,0.25 26.3904
0.35,0.05,0.3 23.9444
0.35,0.05,0.35 0.94137
0.35,0.1,0.05 9.20506
0.35,0.1,0.1 177.278
0.35,0.1,0.15 181.502
0.35,0.1,0.2 58.9463
0.35,0.1,0.25 171.55
0.35,0.1,0.3 145.207
0.35,0.1,0.35 11.5068
0.35,0.1,0.4 0.0298714
0.35,0.15,0.05 19.8049
0.35,0.15,0.1 304.396
0.35,0.15,0.15 307.434
0.35,0.15,0.2 118.63
0.35,0.15,0.25 260.902
0.35,0.15,0.3 268.626
0.35,0.15,0.35 70.8201
0.35,0.15,0.4 3.61622
0.35,0.15,0.45 0.000324214
0.35,0.2,0 2.05306e-14
0.35,0.2,0.05 83.7427
0.35,0.2,0.1 424.033
0.35,0.2,0.15 395.829
0.35,0.2,0.2 512.23
0.35,0.2,0.25 396.052
0.35,0.2,0.3 490.51
0.35,0.2,0.35 166.429
0.35,0.2,0.4 18.8208
0.35,0.2,0.45 0.00142535
0.35,0.25,0 5.81746e-12
0.35,0.25,0.05 135.48
0.35,0.25,0.1 698.144
0.35,0.25,0.15 561.738
0.35,0.25,0.2 346.562
0.35,0.25,0.25 295.728
0.35,0.25,0.3 641.006
0.35,0.25,0.35 361.133
0.35,0.25,0.4 30.8917
0.35,0.25,0.45 0.00068668
0.35,0.3,0 2.41563e-11
0.35,0.3,0.05 123.914
0.35,0.3,0.1 544.479
0.35,0.3,0.15 475.637
0.35,0.3,0.2 352.913
0.35,0.3,0.25 539.95
0.35,0.3,0.3 849.249
0.35,0.3,0.35 243
0.35,0.3,0.4 21.1658
0.35,0.3,0.45 0.000929913
0.35,0.35,0 3.48736e-10
0.35,0.35,0.05 87.8649
0.35,0.35,0.1 385.363
0.35,0.35,0.15 517.351
0.35,0.35,0.2 446.864
0.35,0.35,0.25 224.062
0.35,0.35,0.3 200.316
0.35,0.35,0.35 34.0768
0.35,0.35,0.4 2.49689
0.35,0.35,0.45 0.000182665
0.35,0.4,0 8.065e-10
0.35,0.4,0.05 164.831
0.35,0.4,0.1 776.104
0.35,0.4,0.15 791.895
0.35,0.4,0.2 456.032
0.35,0.4,0.25 45.9426
0.35,0.4,0.3 11.6196
0.35,0.4,0.35 22.678
0.35,0.4,0.4 63.851
0.35,0.4,0.45 13.7155
0.35,0.45,0 2.01757e-09
0.35,0.45,0.05 96.1118
0.35,0.45,0.1 483.182
0.35,0.45,0.15 669.11
0.35,0.45,0.2 700.884
0.35,0.45,0.25 242.562
0.35,0.45,0.3 132.319
0.35,0.45,0.35 274.023
0.35,0.45,0.4 312.357
0.35,0.45,0.45 55.369
0.35,0.5,0 2.14437e-09
0.35,0.5,0.05 125.035
0.35,0.5,0.1 601.028
0.35,0.5,0.15 413.591
0.35,0.5,0.2 592.975
0.35,0.5,0.25 683.562
0.35,0.5,0.3 588.506
0.35,0.5,0.35 466.705
0.35,0.5,0.4 157.505
0.35,0.5,0.45 14.0604
0.35,0.55,0 7.22396e-08
0.35,0.55,0.05 69.7071
0.35,0.55,0.1 376.293
0.35,0.55,0.15 450.101
0.35,0.55,0.2 618.419
0.35,0.55,0.25 448.113
0.35,0.55,0.3 450.885
0.35,0.55,0.35 183.184
0.35,0.55,0.4 64.1614
0.35,0.55,0.45 2.7501
0.35,0.6,0 5.99459e-07
0.35,0.6,0.05 92.642
0.35,0.6,0.1 417.782
0.35,0.6,0.15 609.612
0.35,0.6,0.2 943.168
0.35,0.6,0.25 539.237
0.35,0.6,0.3 580.845
0.35,0.6,0.35 650.192
0.35,0.6,0.4 451.026
0.35,0.6,0.45 19.2435
0.35,0.65,0 2.98019e-07
0.35,0.65,0.05 114.475
0.35,0.65,0.1 486.056
0.35,0.65,0.15 384.548
0.35,0.65,0.2 441.859
0.35,0.65,0.25 576.687
0.35,0.65,0.3 546.525
0.35,0.65,0.35 527.699
0.35,0.65,0.4 278.544
0.35,0.65,0.45 9.04036
0.35,0.7,0 2.2604e-09
0.35,0.7,0.05 76.3808
0.35,0.7,0.1 306.048
0.35,0.7,0.15 94.5413
0.35,0.7,0.2 109.644
0.35,0.7,0.25 438.246
0.35,0.7,0.3 600.539
0.35,0.7,0.35 229.851
0.35,0.7,0.4 15.1128
0.35,0.7,0.45 0.110313
0.35,0.75,0 6.48878e-09
0.35,0.75,0.05 4.14685
0.35,0.75,0.1 17.404
0.35,0.75,0.15 16.1588
0.35,0.75,0.2 123.38
0.35,0.75,0.25 427.356
0.35,0.75,0.3 533.035
0.35,0.75,0.35 127.678
0.35,0.75,0.4 1.8112
0.35,0.8,0 2.09747e-08
0.35,0.8,0.05 2.16134
0.35,0.8,0.1 9.01223
0.35,0.8,0.15 5.60982
0.35,0.8,0.2 19.3478
0.35,0.8,0.25 65.8252
0.35,0.8,0.3 54.0306
0.35,0.8,0.35 4.23843
0.35,0.8,0.4 0.00721499
0.35,0.85,0 4.23295e-09
0.35,0.85,0.05 0.436185
0.35,0.85,0.1 1.73684
0.35,0.85,0.15 0.45026
0.35,0.85,0.2 0.00734062
0.35,0.85,0.25 1.27362e-05
0.4,0,0.2 4.56167e-15
0.4,0,0.25 9.59092e-14
0.4,0,0.3 9.1156e-14
0.4,0,0.35 3.61026e-15
0.4,0.05,0.05 0.0372951
0.4,0.05,0.1 0.715846
0.4,0.05,0.15 0.64488
0.4,0.05,0.2 0.154142
0.4,0.05,0.25 1.15119
0.4,0.05,0.3 0.716873
0.4,0.05,0.35 0.0984681
0.4,0.05,0.4 0.00222032
0.4,0.1,0.05 5.07438
0.4,0.1,0.1 72.681
0.4,0.1,0.15 64.1936
0.4,0.1,0.2 23.3607
0.4,0.1,0.25 169.449
0.4,0.1,0.3 89.2361
0.4,0.1,0.35 2.6884
0.4,0.1,0.4 0.0472214
0.4,0.15,0.05 20.5969
0.4,0.15,0.1 319.687
0.4,0.15,0.15 391.568
0.4,0.15,0.2 147.641
0.4,0.15,0.25 519.224
0.4,0.15,0.3 232.479
0.4,0.15,0.35 4.14328
0.4,0.15,0.4 0.0452669
0.4,0.2,0 2.37677e-13
0.4,0.2,0.05 28.5228
0.4,0.2,0.1 299.222
0.4,0.2,0.15 486.338
0.4,0.2,0.2 408.537
0.4,0.2,0.25 516.181
0.4,0.2,0.3 205.799
0.4,0.2,0.35 10.7139
0.4,0.2,0.4 0.246312
0.4,0.25,0 2.0289e-11
0.4,0.25,0.05 87.3146
0.4,0.25,0.1 440.093
0.4,0.25,0.15 506.278
0.4,0.25,0.2 301.757
0.4,0.25,0.25 166.741
0.4,0.25,0.3 160.735
0.4,0.25,0.35 33.7176
0.4,0.25,0.4 1.48164
0.4,0.3,0 1.08632e-10
0.4,0.3,0.05 109.867
0.4,0.3,0.1 462.645
0.4,0.3,0.15 296.061
0.4,0.3,0.2 283.255
0.4,0.3,0.25 467.53
0.4,0.3,0.3 404.344
0.4,0.3,0.35 58.4731
0.4,0.3,0.4 0.556234
0.4,0.3,0.45 6.6561e-07
0.4,0.35,0 3.61284e-10
0.4,0.35,0.05 56.4226
0.4,0.35,0.1 231.089
0.4,0.35,0.15 156.266
0.4,0.35,0.2 227.747
0.4,0.35,0.25 496.014
0.4,0.35,0.3 565.999
0.4,0.35,0.35 117.824
0.4,0.35,0.4 1.77331
0.4,0.35,0.45 8.97931e-06
0.4,0.4,0 4.63105e-10
0.4,0.4,0.05 60.8332
0.4,0.4,0.1 289.448
0.4,0.4,0.15 429.642
0.4,0.4,0.2 382.721
0.4,0.4,0.25 199.257
0.4,0.4,0.3 348.588
0.4,0.4,0.35 150.456
0.4,0.4,0.4 92.2757
0.4,0.4,0.45 18.4188
0.4,0.45,0 1.20108e-09
0.4,0.45,0.05 53.5731
0.4,0.45,0.1 281.451
0.4,0.45,0.15 495.269
0.4,0.45,0.2 511.613
0.4,0.45,0.25 282.716
0.4,0.45,0.3 255.124
0.4,0.45,0.35 416.153
0.4,0.45,0.4 453.178
0.4,0.45,0.45 83.9746
0.4,0.5,0 1.30294e-09
0.4,0.5,0.05 62.6439
0.4,0.5,0.1 328.379
0.4,0.5,0.15 472.959
0.4,0.5,0.2 630.37
0.4,0.5,0.25 587.766
0.4,0.5,0.3 403.149
0.4,0.5,0.35 674.64
0.4,0.5,0.4 363.794
0.4,0.5,0.45 47.9611
0.4,0.55,0 1.12696e-08
0.4,0.55,0.05 43.6631
0.4,0.55,0.1 243.724
0.4,0.55,0.15 374.346
0.4,0.55,0.2 427.873
0.4,0.55,0.25 344.445
0.4,0.55,0.3 121.512
0.4,0.55,0.35 198.343
0.4,0.55,0.4 92.804
0.4,0.55,0.45 6.41922
0.4,0.6,0 6.01517e-08
0.4,0.6,0.05 147.296
0.4,0.6,0.1 611.686
0.4,0.6,0.15 378.493
0.4,0.6,0.2 598.243
0.4,0.6,0.25 415.558
0.4,0.6,0.3 283.658
0.4,0.6,0.35 237.717
0.4,0.6,0.4 144.514
0.4,0.6,0.45 5.2046
0.4,0.65,0 2.32439e-08
0.4,0.65,0.05 72.067
0.4,0.65,0.1 300.674
0.4,0.65,0.15 229.116
0.4,0.65,0.2 454.874
0.4,0.65,0.25 411.312
0.4,0.65,0.3 358.773
0.4,0.65,0.35 275.111
0.4,0.65,0.4 96.3469
0.4,0.65,0.45 2.05205
0.4,0.7,0 2.16872e-10
0.4,0.7,0.05 17.1986
0.4,0.7,0.1 68.9931
0.4,0.7,0.15 23.1498
0.4,0.7,0.2 45.9413
0.4,0.7,0.25 211.136
0.4,0.7,0.3 408.222
0.4,0.7,0.35 379.506
0.4,0.7,0.4 30.4693
0.4,0.7,0.45 0.0120876
0.4,0.75,0 2.05596e-07
0.4,0.75,0.05 21.9332
0.4,0.75,0.1 87.1903
0.4,0.75,0.15 21.667
0.4,0.75,0.2 6.52594
0.4,0.75,0.25 128.371
0.4,0.75,0.3 212.624
0.4,0.75,0.35 113.415
0.4,0.75,0.4 7.34643
0.4,0.8,0 6.64996e-07
0.4,0.8,0.05 68.5247
0.4,0.8,0.1 272.347
0.4,0.8,0.15 67.6521
0.4,0.8,0.2 1.02902
0.4,0.8,0.25 20.4325
0.4,0.8,0.3 19.6307
0.4,0.8,0.35 1.08619
0.4,0.8,0.4 0.00124552
0.4,0.85,0 1.34204e-07
0.4,0.85,0.05 13.8291
0.4,0.85,0.1 54.9628
0.4,0.85,0.15 13.6529
0.45,0.05,0.2 0.0210561
0.45,0.05,0.25 0.655768
0.45,0.05,0.3 6.83327
0.45,0.05,0.35 5.01701
0.45,0.05,0.4 0.119468
0.45,0.1,0.05 8.72958
0.45,0.1,0.1 79.1555
0.45,0.1,0.15 64.8052
0.45,0.1,0.2 30.3688
0.45,0.1,0.25 44.0186
0.45,0.1,0.3 159.275
0.45,0.1,0.35 106.859
0.45,0.1,0.4 2.53998
