0,0.4,0.15 7.78042e-11
0,0.4,0.2 4.47074e-10
0,0.4,0.25 2.18242e-10
0,0.4,0.3 1.06806e-11
0,0.45,0.15 8.10111e-08
0,0.45,0.2 4.39675e-07
0,0.45,0.25 1.7263e-07
0,0.45,0.3 4.38285e-09
0,0.5,0.15 2.34277e-07
0,0.5,0.2 1.26553e-06
0,0.5,0.25 4.86609e-07
0,0.5,0.3 1.11173e-08
0,0.55,0.15 4.21038e-08
0,0.55,0.2 2.26438e-07
0,0.55,0.25 8.53361e-08
0,0.55,0.3 1.73685e-09
0.05,0.1,0.15 0.0468835
0.05,0.1,0.2 6.46052
0.05,0.1,0.25 12.9949
0.05,0.1,0.3 1.55747
0.05,0.15,0.05 0.00661656
0.05,0.15,0.1 0.0279721
0.05,0.15,0.15 0.314738
0.05,0.15,0.2 42.6106
0.05,0.15,0.25 87.3197
0.05,0.15,0.3 11.2591
0.05,0.15,0.35 0.00733404
0.05,0.2,0.05 0.0658395
0.05,0.2,0.1 0.364482
0.05,0.2,0.15 0.312852
0.05,0.2,0.2 23.309
0.05,0.2,0.25 85.0687
0.05,0.2,0.3 29.45
0.05,0.2,0.35 3.29604
0.05,0.2,0.4 5.1304
0.05,0.2,0.45 0.499804
0.05,0.25,0.05 0.305568
0.05,0.25,0.1 2.24008
0.05,0.25,0.15 1.27875
0.05,0.25,0.2 6.90243
0.05,0.25,0.25 54.9575
0.05,0.25,0.3 51.1261
0.05,0.25,0.35 48.4772
0.05,0.25,0.4 59.5163
0.05,0.25,0.45 5.78589
0.05,0.3,0.05 0.180566
0.05,0.3,0.1 1.35123
0.05,0.3,0.15 0.697701
0.05,0.3,0.2 0.47438
0.05,0.3,0.25 7.77105
0.05,0.3,0.3 50.9559
0.05,0.3,0.35 49.4441
0.05,0.3,0.4 38.4668
0.05,0.3,0.45 3.72131
0.05,0.35,0.05 0.0027014
0.05,0.35,0.1 0.553965
0.05,0.35,0.15 13.8256
0.05,0.35,0.2 14.7305
0.05,0.35,0.25 1.34919
0.05,0.35,0.3 5.9389
0.05,0.35,0.35 3.61851
0.05,0.35,0.4 0.664376
0.05,0.35,0.45 0.0615063
0.05,0.4,0.1 1.95584
0.05,0.4,0.15 50.8008
0.05,0.4,0.2 54.3885
0.05,0.4,0.25 2.76537
0.05,0.4,0.3 0.0112315
0.05,0.4,0.35 0.000456347
0.05,0.4,0.4 0.0168493
0.05,0.4,0.45 0.0213858
0.05,0.4,0.5 0.00137984
0.05,0.45,0.05 1.51935e-06
0.05,0.45,0.1 0.612759
0.05,0.45,0.15 20.1619
0.05,0.45,0.2 67.8226
0.05,0.45,0.25 51.8876
0.05,0.45,0.3 10.6035
0.05,0.45,0.35 0.971442
0.05,0.45,0.4 0.156319
0.05,0.45,0.45 0.124604
0.05,0.45,0.5 0.00787024
0.05,0.5,0.05 2.85247e-05
0.05,0.5,0.1 2.84078
0.05,0.5,0.15 30.8071
0.05,0.5,0.2 150.995
0.05,0.5,0.25 138.734
0.05,0.5,0.3 41.7768
0.05,0.5,0.35 19.5804
0.05,0.5,0.4 16.2312
0.05,0.5,0.45 2.58587
0.05,0.5,0.5 0.0769523
0.05,0.55,0.05 2.53571e-05
0.05,0.55,0.1 2.52139
0.05,0.55,0.15 13.0012
0.05,0.55,0.2 27.7097
0.05,0.55,0.25 43.7361
0.05,0.55,0.3 78.7244
0.05,0.55,0.35 53.7686
0.05,0.55,0.4 75.2203
0.05,0.55,0.45 38.8764
0.05,0.55,0.5 1.40616
0.05,0.6,0.05 8.83062e-07
0.05,0.6,0.1 0.0878079
0.05,0.6,0.15 0.329041
0.05,0.6,0.2 0.0813025
0.05,0.6,0.25 16.2358
0.05,0.6,0.3 54.1229
0.05,0.6,0.35 18.6077
0.05,0.6,0.4 41.6585
0.05,0.6,0.45 33.7423
0.05,0.6,0.5 1.25743
0.05,0.65,0.1 1.15373e-05
0.05,0.65,0.15 0.0104101
0.05,0.65,0.2 0.113964
0.05,0.65,0.25 2.81093
0.05,0.65,0.3 4.12683
0.05,0.65,0.35 0.515204
0.05,0.65,0.4 1.27936
0.05,0.65,0.45 1.1814
0.05,0.65,0.5 0.0443042
0.05,0.7,0.1 1.44182e-05
0.05,0.7,0.15 0.0130095
0.05,0.7,0.2 0.774326
0.05,0.7,0.25 20.4655
0.05,0.7,0.3 22.6159
0.05,0.7,0.35 1.17008
0.05,0.75,0.1 9.08395e-07
0.05,0.75,0.15 0.000819646
0.05,0.75,0.2 0.383632
0.05,0.75,0.25 10.5803
0.05,0.75,0.3 11.6952
0.05,0.75,0.35 0.605079
0.05,0.8,0.2 0.00320067
0.05,0.8,0.25 0.0888079
0.05,0.8,0.3 0.0981704
0.05,0.8,0.35 0.00507907
0.1,0.05,0.15 0.00115387
0.1,0.05,0.2 0.0159484
0.1,0.05,0.25 0.013978
0.1,0.05,0.3 0.765606
0.1,0.05,0.35 1.8636
0.1,0.05,0.4 0.278256
0.1,0.1,0.15 0.212118
0.1,0.1,0.2 28.4323
0.1,0.1,0.25 57.34
0.1,0.1,0.3 14.048
0.1,0.1,0.35 17.3331
0.1,0.1,0.4 2.58803
0.1,0.15,0.05 5.61107
0.1,0.15,0.1 23.7213
0.1,0.15,0.15 7.61621
0.1,0.15,0.2 188.217
0.1,0.15,0.25 390.629
0.1,0.15,0.3 55.9928
0.1,0.15,0.35 14.1403
0.1,0.15,0.4 7.13967
0.1,0.15,0.45 0.350108
0.1,0.2,0.05 35.6072
0.1,0.2,0.1 157.6
0.1,0.2,0.15 60.2196
0.1,0.2,0.2 150.324
0.1,0.2,0.25 477.758
0.1,0.2,0.3 197.219
0.1,0.2,0.35 70.0697
0.1,0.2,0.4 88.8379
0.1,0.2,0.45 6.41151
0.1,0.25,0.05 36.1428
0.1,0.25,0.1 233.028
0.1,0.25,0.15 171.533
0.1,0.25,0.2 210.79
0.1,0.25,0.25 460.469
0.1,0.25,0.3 449.554
0.1,0.25,0.35 314.779
0.1,0.25,0.4 353.273
0.1,0.25,0.45 32.9649
0.1,0.3,0.05 15.1123
0.1,0.3,0.1 122.601
0.1,0.3,0.15 87.2303
0.1,0.3,0.2 53.9796
0.1,0.3,0.25 84.5466
0.1,0.3,0.3 374.554
0.1,0.3,0.35 304.417
0.1,0.3,0.4 204.895
0.1,0.3,0.45 19.7627
0.1,0.35,0.05 0.316132
0.1,0.35,0.1 7.68447
0.1,0.35,0.15 82.1212
0.1,0.35,0.2 83.1639
0.1,0.35,0.25 8.33818
0.1,0.35,0.3 40.3343
0.1,0.35,0.35 24.0211
0.1,0.35,0.4 3.57183
0.1,0.35,0.45 0.326105
0.1,0.4,0.1 11.3093
0.1,0.4,0.15 308.617
0.1,0.4,0.2 344.206
0.1,0.4,0.25 19.1615
0.1,0.4,0.3 0.150731
0.1,0.4,0.35 0.578585
0.1,0.4,0.4 15.6095
0.1,0.4,0.45 19.7739
0.1,0.4,0.5 1.2758
0.1,0.45,0 1.93879e-13
0.1,0.45,0.05 1.18336
0.1,0.45,0.1 12.0173
0.1,0.45,0.15 219.588
0.1,0.45,0.2 478.401
0.1,0.45,0.25 261.062
0.1,0.45,0.3 110.49
0.1,0.45,0.35 27.4984
0.1,0.45,0.4 94.0132
0.1,0.45,0.45 113.414
0.1,0.45,0.5 7.29599
0.1,0.5,0 1.00185e-12
0.1,0.5,0.05 6.11535
0.1,0.5,0.1 86.7545
0.1,0.5,0.15 371.875
0.1,0.5,0.2 753.142
0.1,0.5,0.25 697.504
0.1,0.5,0.3 482.304
0.1,0.5,0.35 289.34
0.1,0.5,0.4 249.356
0.1,0.5,0.45 61.1748
0.1,0.5,0.5 3.04687
0.1,0.55,0 3.22651e-13
0.1,0.55,0.05 1.96983
0.1,0.55,0.1 62.8999
0.1,0.55,0.15 249.962
0.1,0.55,0.2 215.73
0.1,0.55,0.25 282.901
0.1,0.55,0.3 677.389
0.1,0.55,0.35 558.698
0.1,0.55,0.4 625.254
0.1,0.55,0.45 230.805
0.1,0.55,0.5 8.03428
0.1,0.6,0 1.55456e-16
0.1,0.6,0.05 0.00103726
0.1,0.6,0.1 2.00397
0.1,0.6,0.15 10.2867
0.1,0.6,0.2 9.87714
0.1,0.6,0.25 97.8448
0.1,0.6,0.3 333.166
0.1,0.6,0.35 140.01
0.1,0.6,0.4 287.202
0.1,0.6,0.45 205.23
0.1,0.6,0.5 7.21624
0.1,0.65,0.05 0.00127187
0.1,0.65,0.1 1.49262
0.1,0.65,0.15 33.8646
0.1,0.65,0.2 94.1168
0.1,0.65,0.25 62.4913
0.1,0.65,0.3 40.8821
0.1,0.65,0.35 22.4419
0.1,0.65,0.4 81.4442
0.1,0.65,0.45 31.5105
0.1,0.65,0.5 0.332464
0.1,0.7,0.05 0.00111599
0.1,0.7,0.1 1.32148
0.1,0.7,0.15 39.8373
0.1,0.7,0.2 117.014
0.1,0.7,0.25 262.776
0.1,0.7,0.3 255.466
0.1,0.7,0.35 20.8593
0.1,0.7,0.4 18.9833
0.1,0.7,0.45 3.96781
0.1,0.7,0.5 0.00912126
0.1,0.75,0.05 3.78708e-05
0.1,0.75,0.1 0.0459949
0.1,0.75,0.15 2.37842
0.1,0.75,0.2 10.8296
0.1,0.75,0.25 119.333
0.1,0.75,0.3 130.072
0.1,0.75,0.35 6.82436
0.1,0.75,0.4 0.191841
0.1,0.75,0.45 0.0206871
0.1,0.8,0.2 0.0355485
0.1,0.8,0.25 0.98635
0.1,0.8,0.3 1.09034
0.1,0.8,0.35 0.056411
0.15,0.05,0 3.77742e-13
0.15,0.05,0.05 0.00767793
0.15,0.05,0.1 0.030678
0.15,0.05,0.15 1.2523
0.15,0.05,0.2 17.2028
0.15,0.05,0.25 12.5905
0.15,0.05,0.3 12.9665
0.15,0.05,0.35 31.0184
0.15,0.05,0.4 4.6741
0.15,0.05,0.45 1.57183e-05
0.15,0.1,0 2.55832e-10
0.15,0.1,0.05 5.19999
0.15,0.1,0.1 20.7771
0.15,0.1,0.15 13.3762
0.15,0.1,0.2 124.625
0.15,0.1,0.25 115.86
0.15,0.1,0.3 127.229
0.15,0.1,0.35 293.674
0.15,0.1,0.4 45.023
0.15,0.1,0.45 0.000432142
0.15,0.15,0 7.00245e-10
0.15,0.15,0.05 30.0567
0.15,0.15,0.1 124.079
0.15,0.15,0.15 41.622
0.15,0.15,0.2 164.668
0.15,0.15,0.25 383.865
0.15,0.15,0.3 141.771
0.15,0.15,0.35 186.568
0.15,0.15,0.4 52.9682
0.15,0.15,0.45 1.64046
0.15,0.2,0 1.18728e-10
0.15,0.2,0.05 100.948
0.15,0.2,0.1 439.991
0.15,0.2,0.15 186.057
0.15,0.2,0.2 301.391
0.15,0.2,0.25 541.575
0.15,0.2,0.3 213.834
0.15,0.2,0.35 320.242
0.15,0.2,0.4 335.343
0.15,0.2,0.45 18.8615
0.15,0.25,0.05 84.0011
0.15,0.25,0.1 539.441
0.15,0.25,0.15 441.566
0.15,0.25,0.2 634.535
0.15,0.25,0.25 723.127
0.15,0.25,0.3 615.152
0.15,0.25,0.35 480.136
0.15,0.25,0.4 366.286
0.15,0.25,0.45 21.5506
0.15,0.3,0 1.02434e-12
0.15,0.3,0.05 37.0312
0.15,0.3,0.1 426.469
0.15,0.3,0.15 409.344
0.15,0.3,0.2 221.72
0.15,0.3,0.25 185.65
0.15,0.3,0.3 326.32
0.15,0.3,0.35 205.994
0.15,0.3,0.4 91.9794
0.15,0.3,0.45 6.74007
0.15,0.35,0 2.20679e-11
0.15,0.35,0.05 2.7516
0.15,0.35,0.1 59.175
0.15,0.35,0.15 93.5404
0.15,0.35,0.2 42.2976
0.15,0.35,0.25 7.80357
0.15,0.35,0.3 18.8523
0.15,0.35,0.35 11.1675
0.15,0.35,0.4 1.48312
0.15,0.35,0.45 0.107666
0.15,0.4,0 2.12696e-11
0.15,0.4,0.05 0.585514
0.15,0.4,0.1 11.3561
0.15,0.4,0.15 190.874
0.15,0.4,0.2 215.009
0.15,0.4,0.25 15.3506
0.15,0.4,0.3 1.71875
0.15,0.4,0.35 4.18749
0.15,0.4,0.4 45.3577
0.15,0.4,0.45 56.6083
0.15,0.4,0.5 3.64313
0.15,0.45,0 3.56056e-12
0.15,0.45,0.05 16.4791
0.15,0.45,0.1 78.7123
0.15,0.45,0.15 418.763
0.15,0.45,0.2 671.547
0.15,0.45,0.25 279.939
0.15,0.45,0.3 257.81
0.15,0.45,0.35 252.427
0.15,0.45,0.4 357.088
0.15,0.45,0.45 378.364
0.15,0.45,0.5 22.8581
0.15,0.5,0 1.39311e-11
0.15,0.5,0.05 85.0285
0.15,0.5,0.1 402.796
0.15,0.5,0.15 588.235
0.15,0.5,0.2 732.704
0.15,0.5,0.25 612.976
0.15,0.5,0.3 775.618
0.15,0.5,0.35 706.952
0.15,0.5,0.4 521.418
0.15,0.5,0.45 264.511
0.15,0.5,0.5 12.6746
0.15,0.55,0 4.48659e-12
0.15,0.55,0.05 27.3841
0.15,0.55,0.1 163.611
0.15,0.55,0.15 382.942
0.15,0.55,0.2 420.713
0.15,0.55,0.25 312.584
0.15,0.55,0.3 797.665
0.15,0.55,0.35 573.693
0.15,0.55,0.4 468.691
0.15,0.55,0.45 113.611
0.15,0.55,0.5 3.65223
0.15,0.6,0 2.16168e-15
0.15,0.6,0.05 0.0162701
0.15,0.6,0.1 5.66911
0.15,0.6,0.15 53.8852
0.15,0.6,0.2 111.401
0.15,0.6,0.25 121.285
0.15,0.6,0.3 299.526
0.15,0.6,0.35 156.912
0.15,0.6,0.4 328.72
0.15,0.6,0.45 149.679
0.15,0.6,0.5 2.8156
0.15,0.65,0.05 0.0561903
0.15,0.65,0.1 64.7566
0.15,0.65,0.15 323.374
0.15,0.65,0.2 615.808
0.15,0.65,0.25 417.964
0.15,0.65,0.3 95.0292
0.15,0.65,0.35 226.239
0.15,0.65,0.4 648.69
0.15,0.65,0.45 181.528
0.15,0.65,0.5 0.615559
0.15,0.7,0.05 0.0493036
0.15,0.7,0.1 56.761
0.15,0.7,0.15 293.315
0.15,0.7,0.2 514.336
0.15,0.7,0.25 491.176
0.15,0.7,0.3 259.078
0.15,0.7,0.35 135.583
0.15,0.7,0.4 223.086
0.15,0.7,0.45 35.6434
0.15,0.7,0.5 0.0602346
0.15,0.75,0.05 0.00167311
0.15,0.75,0.1 1.92976
0.15,0.75,0.15 13.925
0.15,0.75,0.2 33.9029
0.15,0.75,0.25 114.035
0.15,0.75,0.3 162.159
0.15,0.75,0.35 32.6955
0.15,0.75,0.4 7.44444
0.15,0.75,0.45 0.295698
0.15,0.8,0.15 0.0612048
0.15,0.8,0.2 0.418421
0.15,0.8,0.25 5.70287
0.15,0.8,0.3 16.0634
0.15,0.8,0.35 4.40796
0.15,0.8,0.4 0.617114
0.15,0.8,0.45 0.00216053
0.2,0.05,0 2.59192e-12
0.2,0.05,0.05 0.0526829
0.2,0.05,0.1 0.2105
0.2,0.05,0.15 3.66747
0.2,0.05,0.2 50.0432
0.2,0.05,0.25 36.6499
0.2,0.05,0.3 12.7282
0.2,0.05,0.35 32.436
0.2,0.05,0.4 5.92568
0.2,0.05,0.45 0.000398959
0.2,0.1,0 1.75541e-09
0.2,0.1,0.05 35.6802
0.2,0.1,0.1 142.564
0.2,0.1,0.15 59.2828
0.2,0.1,0.2 336.548
0.2,0.1,0.25 279.05
0.2,0.1,0.3 154.172
0.2,0.1,0.35 433.064
0.2,0.1,0.4 94.4478
0.2,0.1,0.45 0.0109685
0.2,0.15,0 4.8048e-09
0.2,0.15,0.05 100.431
0.2,0.15,0.1 405.277
0.2,0.15,0.15 183.034
0.2,0.15,0.2 334.291
0.2,0.15,0.25 644.102
0.2,0.15,0.3 252.468
0.2,0.15,0.35 356.034
0.2,0.15,0.4 93.9083
0.2,0.15,0.45 0.516458
0.2,0.2,0 8.14661e-10
0.2,0.2,0.05 38.1808
0.2,0.2,0.1 175.171
0.2,0.2,0.15 347.213
0.2,0.2,0.2 496.207
0.2,0.2,0.25 555.615
0.2,0.2,0.3 213.325
0.2,0.2,0.35 383.065
0.2,0.2,0.4 223.006
0.2,0.2,0.45 6.82501
0.2,0.25,0.05 77.4588
0.2,0.25,0.1 411.657
0.2,0.25,0.15 324.47
0.2,0.25,0.2 620.195
0.2,0.25,0.25 493.412
0.2,0.25,0.3 526.06
0.2,0.25,0.35 910.562
0.2,0.25,0.4 364.705
0.2,0.25,0.45 5.91333
0.2,0.3,0 6.94809e-11
0.2,0.3,0.05 58.3538
0.2,0.3,0.1 430.976
0.2,0.3,0.15 404.064
0.2,0.3,0.2 712.024
0.2,0.3,0.25 389.099
0.2,0.3,0.3 283.832
0.2,0.3,0.35 317.362
0.2,0.3,0.4 89.3573
0.2,0.3,0.45 1.00258
0.2,0.35,0 1.49686e-09
0.2,0.35,0.05 43.7284
0.2,0.35,0.1 221.746
0.2,0.35,0.15 165.484
0.2,0.35,0.2 113.151
0.2,0.35,0.25 39.9633
0.2,0.35,0.3 7.08784
0.2,0.35,0.35 6.46539
0.2,0.35,0.4 4.81315
0.2,0.35,0.45 0.563765
0.2,0.4,0 1.44271e-09
0.2,0.4,0.05 47.9292
0.2,0.4,0.1 225.229
0.2,0.4,0.15 346.258
0.2,0.4,0.2 171.253
0.2,0.4,0.25 14.0059
0.2,0.4,0.3 5.86041
0.2,0.4,0.35 4.96191
0.2,0.4,0.4 18.3396
0.2,0.4,0.45 13.6356
0.2,0.4,0.5 0.659088
0.2,0.45,0 6.0621e-11
0.2,0.45,0.05 44.3541
0.2,0.45,0.1 234.338
0.2,0.45,0.15 534.4
0.2,0.45,0.2 477.396
0.2,0.45,0.25 199.128
0.2,0.45,0.3 327.616
0.2,0.45,0.35 325.548
0.2,0.45,0.4 378.516
0.2,0.45,0.45 226.34
0.2,0.45,0.5 7.72483
0.2,0.5,0 1.02069e-11
0.2,0.5,0.05 78.992
0.2,0.5,0.1 406.228
0.2,0.5,0.15 532.585
0.2,0.5,0.2 529.045
0.2,0.5,0.25 331.346
0.2,0.5,0.3 736.466
0.2,0.5,0.35 696.853
0.2,0.5,0.4 640.736
0.2,0.5,0.45 391.016
0.2,0.5,0.5 12.2989
0.2,0.55,0 3.28718e-12
0.2,0.55,0.05 25.6302
0.2,0.55,0.1 135.958
0.2,0.55,0.15 300.16
0.2,0.55,0.2 427.265
0.2,0.55,0.25 268.812
0.2,0.55,0.3 701.674
0.2,0.55,0.35 499.897
0.2,0.55,0.4 433.71
0.2,0.55,0.45 160.386
0.2,0.55,0.5 3.9078
0.2,0.6,0 1.58379e-15
0.2,0.6,0.05 0.245994
0.2,0.6,0.1 9.63943
0.2,0.6,0.15 295.839
0.2,0.6,0.2 560.57
0.2,0.6,0.25 256.039
0.2,0.6,0.3 518.14
0.2,0.6,0.35 400.604
0.2,0.6,0.4 418.39
0.2,0.6,0.45 66.2213
0.2,0.6,0.5 0.428059
0.2,0.65,0.05 3.73063
0.2,0.65,0.1 110.379
0.2,0.65,0.15 443.205
0.2,0.65,0.2 651.704
0.2,0.65,0.25 384.143
0.2,0.65,0.3 169.64
0.2,0.65,0.35 483.765
0.2,0.65,0.4 641.116
0.2,0.65,0.45 95.5351
0.2,0.65,0.5 0.216748
0.2,0.7,0.05 6.72453
0.2,0.7,0.1 114.548
0.2,0.7,0.15 310.398
0.2,0.7,0.2 469.46
0.2,0.7,0.25 487.051
0.2,0.7,0.3 526.749
0.2,0.7,0.35 500.901
0.2,0.7,0.4 319.771
0.2,0.7,0.45 23.0546
0.2,0.7,0.5 0.0244241
0.2,0.75,0.05 0.709252
0.2,0.75,0.1 6.54209
0.2,0.75,0.15 43.0024
0.2,0.75,0.2 229.376
0.2,0.75,0.25 296.553
0.2,0.75,0.3 574.123
0.2,0.75,0.35 389.439
0.2,0.75,0.4 117.543
0.2,0.75,0.45 0.658916
0.2,0.8,0.15 1.75657
0.2,0.8,0.2 11.5875
0.2,0.8,0.25 33.8899
0.2,0.8,0.3 92.5674
0.2,0.8,0.35 52.1701
0.2,0.8,0.4 14.9362
0.2,0.8,0.45 0.0522921
0.25,0.05,0 1.08787e-12
0.25,0.05,0.05 0.0221119
0.25,0.05,0.1 0.0883505
0.25,0.05,0.15 0.739319
0.25,0.05,0.2 15.2037
0.25,0.05,0.25 20.142
0.25,0.05,0.3 16.8672
0.25,0.05,0.35 13.2633
0.25,0.05,0.4 2.3987
0.25,0.05,0.45 0.000420937
0.25,0.1,0 7.36776e-10
0.25,0.1,0.05 14.9756
0.25,0.1,0.1 60.1138
0.25,0.1,0.15 25.598
0.25,0.1,0.2 159.269
0.25,0.1,0.25 250.395
0.25,0.1,0.3 205.428
0.25,0.1,0.35 266.512
0.25,0.1,0.4 64.0956
0.25,0.1,0.45 0.0115728
0.25,0.15,0 2.01665e-09
0.25,0.15,0.05 41.4788
0.25,0.15,0.1 169.731
0.25,0.15,0.15 174.544
0.25,0.15,0.2 390.246
0.25,0.15,0.25 589.707
0.25,0.15,0.3 316.954
0.25,0.15,0.35 369.046
0.25,0.15,0.4 88.2578
0.25,0.15,0.45 0.294916
0.25,0.2,0 3.41926e-10
0.25,0.2,0.05 13.9886
0.25,0.2,0.1 76.1777
0.25,0.2,0.15 358.703
0.25,0.2,0.2 643.965
0.25,0.2,0.25 540.298
0.25,0.2,0.3 334.514
0.25,0.2,0.35 542.413
0.25,0.2,0.4 239.161
0.25,0.2,0.45 10.2476
0.25,0.25,0.05 41.6658
0.25,0.25,0.1 221.061
0.25,0.25,0.15 194.563
