0.45,0.1,0.4 1.97255
0.45,0.15,0.05 28.9982
0.45,0.15,0.1 396.968
0.45,0.15,0.15 574.75
0.45,0.15,0.2 289.654
0.45,0.15,0.25 211.289
0.45,0.15,0.3 189.639
0.45,0.15,0.35 61.304
0.45,0.15,0.4 1.37969
0.45,0.2,0 1.73299e-10
0.45,0.2,0.05 41.8895
0.45,0.2,0.1 489.159
0.45,0.2,0.15 570.729
0.45,0.2,0.2 273.893
0.45,0.2,0.25 473.433
0.45,0.2,0.3 324.297
0.45,0.2,0.35 13.956
0.45,0.2,0.4 0.255553
0.45,0.25,0 5.26376e-08
0.45,0.25,0.05 72.5092
0.45,0.25,0.1 429.798
0.45,0.25,0.15 323.631
0.45,0.25,0.2 255.263
0.45,0.25,0.25 273.21
0.45,0.25,0.3 162.13
0.45,0.25,0.35 13.2399
0.45,0.25,0.4 0.659061
0.45,0.3,0 3.30056e-07
0.45,0.3,0.05 129.151
0.45,0.3,0.1 537.519
0.45,0.3,0.15 662.757
0.45,0.3,0.2 810.631
0.45,0.3,0.25 184.179
0.45,0.3,0.3 80.8442
0.45,0.3,0.35 21.8643
0.45,0.3,0.4 15.1472
0.45,0.3,0.45 2.41519
0.45,0.35,0 1.75303e-07
0.45,0.35,0.05 134.034
0.45,0.35,0.1 551.412
0.45,0.35,0.15 516.68
0.45,0.35,0.2 632.834
0.45,0.35,0.25 313.423
0.45,0.35,0.3 626.831
0.45,0.35,0.35 303.907
0.45,0.35,0.4 166.069
0.45,0.35,0.45 21.7774
0.45,0.4,0 2.82567e-08
0.45,0.4,0.05 79.4428
0.45,0.4,0.1 343.169
0.45,0.4,0.15 307.18
0.45,0.4,0.2 371.9
0.45,0.4,0.25 263.715
0.45,0.4,0.3 654.596
0.45,0.4,0.35 601.478
0.45,0.4,0.4 198.048
0.45,0.4,0.45 15.1219
0.45,0.4,0.5 0.00112108
0.45,0.45,0 6.64793e-10
0.45,0.45,0.05 74.0744
0.45,0.45,0.1 363.527
0.45,0.45,0.15 487.784
0.45,0.45,0.2 550.624
0.45,0.45,0.25 575.088
0.45,0.45,0.3 550.37
0.45,0.45,0.35 411.451
0.45,0.45,0.4 343.011
0.45,0.45,0.45 79.0263
0.45,0.45,0.5 0.0178293
0.45,0.5,0 9.85874e-10
0.45,0.5,0.05 87.3971
0.45,0.5,0.1 399.784
0.45,0.5,0.15 467.136
0.45,0.5,0.2 630.023
0.45,0.5,0.25 686.275
0.45,0.5,0.3 448.324
0.45,0.5,0.35 935.733
0.45,0.5,0.4 798.711
0.45,0.5,0.45 113.151
0.45,0.5,0.5 0.0208648
0.45,0.55,0 4.43573e-09
0.45,0.55,0.05 35.1724
0.45,0.55,0.1 268.162
0.45,0.55,0.15 610.912
0.45,0.55,0.2 546.24
0.45,0.55,0.25 235.31
0.45,0.55,0.3 75.8165
0.45,0.55,0.35 417.155
0.45,0.55,0.4 309.343
0.45,0.55,0.45 14.4023
0.45,0.55,0.5 0.00146693
0.45,0.6,0 1.45633e-08
0.45,0.6,0.05 124.617
0.45,0.6,0.1 539.672
0.45,0.6,0.15 397.789
0.45,0.6,0.2 723.199
0.45,0.6,0.25 408.58
0.45,0.6,0.3 33.5632
0.45,0.6,0.35 12.9549
0.45,0.6,0.4 7.49488
0.45,0.6,0.45 0.145982
0.45,0.65,0 4.32448e-09
0.45,0.65,0.05 65.7757
0.45,0.65,0.1 283.195
0.45,0.65,0.15 220.51
0.45,0.65,0.2 252.87
0.45,0.65,0.25 111.187
0.45,0.65,0.3 32.117
0.45,0.65,0.35 59.6754
0.45,0.65,0.4 10.8812
0.45,0.65,0.45 0.0175249
0.45,0.7,0 1.04913e-10
0.45,0.7,0.05 1.20881
0.45,0.7,0.1 11.6474
0.45,0.7,0.15 48.1336
0.45,0.7,0.2 64.6182
0.45,0.7,0.25 27.5766
0.45,0.7,0.3 45.1123
0.45,0.7,0.35 114.462
0.45,0.7,0.4 19.3355
0.45,0.7,0.45 0.00061714
0.45,0.75,0 2.42916e-07
0.45,0.75,0.05 25.0314
0.45,0.75,0.1 99.4908
0.45,0.75,0.15 30.4689
0.45,0.75,0.2 27.5611
0.45,0.75,0.25 9.17203
0.45,0.75,0.3 5.27748
0.45,0.75,0.35 13.7809
0.45,0.75,0.4 2.32527
0.45,0.8,0 7.85732e-07
0.45,0.8,0.05 80.9672
0.45,0.8,0.1 321.799
0.45,0.8,0.15 80.4722
0.45,0.8,0.2 2.30939
0.45,0.8,0.25 0.62095
0.45,0.8,0.3 8.27624e-06
0.45,0.85,0 1.58594e-07
0.45,0.85,0.05 16.3439
0.45,0.85,0.1 64.9577
0.45,0.85,0.15 16.1356
0.45,0.9,0 1.66874e-12
0.45,0.9,0.05 0.000257712
0.45,0.9,0.1 0.00102509
0.45,0.9,0.15 0.00025484
0.5,0.05,0.25 1.47186
0.5,0.05,0.3 21.2277
0.5,0.05,0.35 15.9435
0.5,0.05,0.4 0.3878
0.5,0.1,0 2.51227e-14
0.5,0.1,0.05 0.543889
0.5,0.1,0.1 7.25415
0.5,0.1,0.15 31.4664
0.5,0.1,0.2 43.7673
0.5,0.1,0.25 54.4086
0.5,0.1,0.3 291.961
0.5,0.1,0.35 207.976
0.5,0.1,0.4 5.04259
0.5,0.15,0 7.59191e-12
0.5,0.15,0.05 8.8762
0.5,0.15,0.1 68.5249
0.5,0.15,0.15 255.34
0.5,0.15,0.2 419.232
0.5,0.15,0.25 631.636
0.5,0.15,0.3 553.429
0.5,0.15,0.35 161.13
0.5,0.15,0.4 3.53907
0.5,0.2,0 2.06323e-11
0.5,0.2,0.05 80.9958
0.5,0.2,0.1 407.949
0.5,0.2,0.15 499.682
0.5,0.2,0.2 757.092
0.5,0.2,0.25 878.616
0.5,0.2,0.3 654.308
0.5,0.2,0.35 111.577
0.5,0.2,0.4 6.26639
0.5,0.25,0 3.8695e-08
0.5,0.25,0.05 88.7681
0.5,0.25,0.1 407.446
0.5,0.25,0.15 413.778
0.5,0.25,0.2 675.498
0.5,0.25,0.25 577.965
0.5,0.25,0.3 374.899
0.5,0.25,0.35 249.798
0.5,0.25,0.4 17.7036
0.5,0.3,0 2.78181e-07
0.5,0.3,0.05 136.832
0.5,0.3,0.1 568.516
0.5,0.3,0.15 652.709
0.5,0.3,0.2 739.93
0.5,0.3,0.25 376.341
0.5,0.3,0.3 155.684
0.5,0.3,0.35 76.7972
0.5,0.3,0.4 43.7164
0.5,0.3,0.45 6.51451
0.5,0.35,0 3.46818e-07
0.5,0.35,0.05 155.828
0.5,0.35,0.1 636.699
0.5,0.35,0.15 490.898
0.5,0.35,0.2 480.377
0.5,0.35,0.25 132.001
0.5,0.35,0.3 134.844
0.5,0.35,0.35 282.062
0.5,0.35,0.4 417.89
0.5,0.35,0.45 58.654
0.5,0.4,0 1.54976e-07
0.5,0.4,0.05 101.461
0.5,0.4,0.1 407.42
0.5,0.4,0.15 202.192
0.5,0.4,0.2 378.527
0.5,0.4,0.25 286.086
0.5,0.4,0.3 196.667
0.5,0.4,0.35 552.588
0.5,0.4,0.4 406.315
0.5,0.4,0.45 33.1794
0.5,0.4,0.5 5.13511e-05
0.5,0.45,0 3.40851e-09
0.5,0.45,0.05 105.443
0.5,0.45,0.1 427.791
0.5,0.45,0.15 218.181
0.5,0.45,0.2 464.24
0.5,0.45,0.25 404.129
0.5,0.45,0.3 157.876
0.5,0.45,0.35 156.032
0.5,0.45,0.4 107.157
0.5,0.45,0.45 12.9721
0.5,0.45,0.5 0.00232101
0.5,0.5,0 4.98092e-09
0.5,0.5,0.05 118.596
0.5,0.5,0.1 502.974
0.5,0.5,0.15 415.853
0.5,0.5,0.2 603.108
0.5,0.5,0.25 520.66
0.5,0.5,0.3 328.592
0.5,0.5,0.35 276.332
0.5,0.5,0.4 217.699
0.5,0.5,0.45 20.5468
0.5,0.5,0.5 0.00321768
0.5,0.55,0 4.92473e-09
0.5,0.55,0.05 78.1115
0.5,0.55,0.1 473.634
0.5,0.55,0.15 812.956
0.5,0.55,0.2 933.294
0.5,0.55,0.25 298.867
0.5,0.55,0.3 235.087
0.5,0.55,0.35 177.743
0.5,0.55,0.4 110.497
0.5,0.55,0.45 3.86687
0.5,0.55,0.5 0.000236704
0.5,0.6,0 5.12988e-10
0.5,0.6,0.05 13.8756
0.5,0.6,0.1 194.742
0.5,0.6,0.15 429.606
0.5,0.6,0.2 393.526
0.5,0.6,0.25 96.0271
0.5,0.6,0.3 11.6438
0.5,0.6,0.35 4.49052
0.5,0.6,0.4 2.20764
0.5,0.6,0.45 0.0473333
0.5,0.65,0 1.90267e-10
0.5,0.65,0.05 5.81187
0.5,0.65,0.1 100.79
0.5,0.65,0.15 440.934
0.5,0.65,0.2 365.756
0.5,0.65,0.25 210.32
0.5,0.65,0.3 20.7129
0.5,0.65,0.35 0.0504399
0.5,0.65,0.4 0.00227421
0.5,0.7,0 2.49491e-11
0.5,0.7,0.05 0.418641
0.5,0.7,0.1 26.9122
0.5,0.7,0.15 223.162
0.5,0.7,0.2 688.875
0.5,0.7,0.25 427.713
0.5,0.7,0.3 27.4437
0.5,0.7,0.35 0.0674956
0.5,0.7,0.4 0.00459681
0.5,0.75,0 1.82809e-08
0.5,0.75,0.05 8.32977
0.5,0.75,0.1 36.1264
0.5,0.75,0.15 94.906
0.5,0.75,0.2 388.468
0.5,0.75,0.25 133.386
0.5,0.75,0.3 2.0818
0.5,0.75,0.35 0.00531457
0.5,0.75,0.4 0.000554159
0.5,0.8,0 1.78869e-07
0.5,0.8,0.05 31.8898
0.5,0.8,0.1 127.222
0.5,0.8,0.15 39.7993
0.5,0.8,0.2 33.0559
0.5,0.8,0.25 8.86987
0.5,0.8,0.3 0.000118221
0.5,0.85,0 1.65992e-07
0.5,0.85,0.05 25.4838
0.5,0.85,0.1 101.369
0.5,0.85,0.15 25.2017
0.5,0.9,0 8.96276e-09
0.5,0.9,0.05 1.38416
0.5,0.9,0.1 5.50572
0.5,0.9,0.15 1.36874
0.55,0.05,0.25 0.231836
0.55,0.05,0.3 3.34362
0.55,0.05,0.35 2.5113
0.55,0.05,0.4 0.0610831
0.55,0.1,0 1.09713e-12
0.55,0.1,0.05 0.0831991
0.55,0.1,0.1 0.379098
0.55,0.1,0.15 6.69974
0.55,0.1,0.2 41.5749
0.55,0.1,0.25 30.3652
0.55,0.1,0.3 50.0905
0.55,0.1,0.35 32.9828
0.55,0.1,0.4 0.794268
0.55,0.15,0 3.31544e-10
0.55,0.15,0.05 27.453
0.55,0.15,0.1 111.133
0.55,0.15,0.15 89.1241
0.55,0.15,0.2 346.924
0.55,0.15,0.25 346.635
0.55,0.15,0.3 206.758
0.55,0.15,0.35 38.3576
0.55,0.15,0.4 0.879039
0.55,0.2,0 7.95631e-10
0.55,0.2,0.05 93.2225
0.55,0.2,0.1 393.506
0.55,0.2,0.15 328.964
0.55,0.2,0.2 521.323
0.55,0.2,0.25 468.11
0.55,0.2,0.3 504.64
0.55,0.2,0.35 238.351
0.55,0.2,0.4 12.6608
0.55,0.25,0 1.33012e-09
0.55,0.25,0.05 63.7648
0.55,0.25,0.1 284.779
0.55,0.25,0.15 455.152
0.55,0.25,0.2 669.647
0.55,0.25,0.25 705.517
0.55,0.25,0.3 718.654
0.55,0.25,0.35 442.767
0.55,0.25,0.4 24.5666
0.55,0.3,0 1.49724e-08
0.55,0.3,0.05 104.913
0.55,0.3,0.1 430.843
0.55,0.3,0.15 412.779
0.55,0.3,0.2 550.568
0.55,0.3,0.25 704.246
0.55,0.3,0.3 762.329
0.55,0.3,0.35 198.973
0.55,0.3,0.4 10.4925
0.55,0.3,0.45 1.08738
0.55,0.35,0 8.73172e-08
0.55,0.35,0.05 140.367
0.55,0.35,0.1 574.78
0.55,0.35,0.15 259.683
0.55,0.35,0.2 113.899
0.55,0.35,0.25 244.698
0.55,0.35,0.3 391.99
0.55,0.35,0.35 93.4466
0.55,0.35,0.4 68.0901
0.55,0.35,0.45 9.77641
0.55,0.4,0 5.38705e-08
0.55,0.4,0.05 85.6033
0.55,0.4,0.1 349.751
0.55,0.4,0.15 122.16
0.55,0.4,0.2 148.427
0.55,0.4,0.25 397.817
0.55,0.4,0.3 119.318
0.55,0.4,0.35 67.9948
0.55,0.4,0.4 61.5441
0.55,0.4,0.45 5.44201
0.55,0.45,0 1.6325e-09
0.55,0.45,0.05 100.653
0.55,0.45,0.1 457.032
0.55,0.45,0.15 183.828
0.55,0.45,0.2 417.79
0.55,0.45,0.25 351.371
0.55,0.45,0.3 47.5216
0.55,0.45,0.35 13.8794
0.55,0.45,0.4 7.45439
0.55,0.45,0.45 0.132551
0.55,0.5,0 1.8797e-09
0.55,0.5,0.05 79.9438
0.55,0.5,0.1 417.151
0.55,0.5,0.15 252.764
0.55,0.5,0.2 772.564
0.55,0.5,0.25 492.464
0.55,0.5,0.3 204.699
0.55,0.5,0.35 30.234
0.55,0.5,0.4 0.323935
0.55,0.5,0.45 0.00907465
0.55,0.55,0 1.78461e-09
0.55,0.55,0.05 36.4232
0.55,0.55,0.1 281.106
0.55,0.55,0.15 397.877
0.55,0.55,0.2 697.626
0.55,0.55,0.25 354.383
0.55,0.55,0.3 201.902
0.55,0.55,0.35 29.8138
0.55,0.55,0.4 0.202792
0.55,0.55,0.45 0.00537148
0.55,0.6,0 6.55365e-10
0.55,0.6,0.05 7.62895
0.55,0.6,0.1 216.975
0.55,0.6,0.15 352.945
0.55,0.6,0.2 444.836
0.55,0.6,0.25 332.88
0.55,0.6,0.3 29.4705
0.55,0.6,0.35 1.38868
0.55,0.6,0.4 0.00375979
0.55,0.6,0.45 8.41901e-05
0.55,0.65,0 1.08634e-08
0.55,0.65,0.05 29.4611
0.55,0.65,0.1 184.805
0.55,0.65,0.15 272.591
0.55,0.65,0.2 398.143
0.55,0.65,0.25 617.527
0.55,0.65,0.3 134.337
0.55,0.65,0.35 0.382424
0.55,0.7,0 9.69182e-09
0.55,0.7,0.05 28.8151
0.55,0.7,0.1 224.206
0.55,0.7,0.15 387.425
0.55,0.7,0.2 608.249
0.55,0.7,0.25 654.198
0.55,0.7,0.3 133.892
0.55,0.7,0.35 0.416548
0.55,0.75,0 1.46399e-08
0.55,0.75,0.05 71.1446
0.55,0.75,0.1 386.611
0.55,0.75,0.15 352.739
0.55,0.75,0.2 321.837
0.55,0.75,0.25 124.344
0.55,0.75,0.3 9.15365
0.55,0.75,0.35 0.021023
0.55,0.8,0 4.45858e-07
0.55,0.8,0.05 145.022
0.55,0.8,0.1 587.233
0.55,0.8,0.15 168.887
0.55,0.8,0.2 27.5397
0.55,0.8,0.25 8.25145
0.55,0.8,0.3 0.378854
0.55,0.85,0 5.23551e-07
0.55,0.85,0.05 89.3176
0.55,0.85,0.1 355.454
0.55,0.85,0.15 88.4164
0.55,0.85,0.2 0.00380894
0.55,0.85,0.25 0.000103215
0.55,0.9,0 2.99179e-08
0.55,0.9,0.05 5.75641
0.55,0.9,0.1 22.9211
0.55,0.9,0.15 5.70429
0.55,0.95,0 9.51499e-18
0.55,0.95,0.05 1.11451e-05
0.55,0.95,0.1 4.45676e-05
0.55,0.95,0.15 1.11387e-05
0.6,0.1,0 1.49911e-12
0.6,0.1,0.05 0.113683
0.6,0.1,0.1 0.45441
0.6,0.1,0.15 8.94798
0.6,0.1,0.2 58.4212
0.6,0.1,0.25 24.3548
0.6,0.1,0.3 0.142462
0.6,0.1,0.35 0.00237192
0.6,0.15,0 4.53021e-10
0.6,0.15,0.05 34.463
0.6,0.15,0.1 138.546
0.6,0.15,0.15 107.064
0.6,0.15,0.2 466.948
0.6,0.15,0.25 193.862
0.6,0.15,0.3 12.3693
0.6,0.15,0.35 9.98136
0.6,0.15,0.4 0.442356
0.6,0.2,0 1.08697e-09
0.6,0.2,0.05 93.4746
0.6,0.2,0.1 465.645
0.6,0.2,0.15 290.393
0.6,0.2,0.2 301.177
0.6,0.2,0.25 120.481
0.6,0.2,0.3 201.711
0.6,0.2,0.35 194.483
0.6,0.2,0.4 8.80208
0.6,0.25,0 1.70332e-10
0.6,0.25,0.05 35.1073
0.6,0.25,0.1 329.584
0.6,0.25,0.15 593.148
0.6,0.25,0.2 502.388
0.6,0.25,0.25 442.196
0.6,0.25,0.3 433.083
0.6,0.25,0.35 216.51
0.6,0.25,0.4 8.60568
0.6,0.3,0 1.12608e-10
0.6,0.3,0.05 15.5709
0.6,0.3,0.1 111.928
0.6,0.3,0.15 459.207
0.6,0.3,0.2 785.022
0.6,0.3,0.25 763.971
0.6,0.3,0.3 474.383
0.6,0.3,0.35 81.0871
0.6,0.3,0.4 0.494327
0.6,0.35,0 5.84956e-10
0.6,0.35,0.05 46.0917
0.6,0.35,0.1 290.785
0.6,0.35,0.15 720.959
0.6,0.35,0.2 373.026
0.6,0.35,0.25 174.268
0.6,0.35,0.3 174.557
0.6,0.35,0.35 24.5992
0.6,0.35,0.4 0.00570907
0.6,0.4,0 3.14206e-10
0.6,0.4,0.05 33.4548
0.6,0.4,0.1 203.532
0.6,0.4,0.15 354.078
0.6,0.4,0.2 162.132
0.6,0.4,0.25 77.4871
0.6,0.4,0.3 24.4329
0.6,0.4,0.35 1.63508
0.6,0.45,0 1.91014e-10
0.6,0.45,0.05 101.494
0.6,0.45,0.1 593.372
0.6,0.45,0.15 296.165
0.6,0.45,0.2 561.623
0.6,0.45,0.25 427.51
0.6,0.45,0.3 34.1428
0.6,0.45,0.35 0.0483856
0.6,0.5,0 4.06502e-11
0.6,0.5,0.05 87.3359
0.6,0.5,0.1 549.313
0.6,0.5,0.15 290.891
0.6,0.5,0.2 695.793
0.6,0.5,0.25 532.471
0.6,0.5,0.3 114.692
0.6,0.5,0.35 10.0934
0.6,0.55,0 2.63955e-12
0.6,0.55,0.05 10.6215
0.6,0.55,0.1 80.8716
0.6,0.55,0.15 71.9936
0.6,0.55,0.2 329.201
0.6,0.55,0.25 406.903
0.6,0.55,0.3 281.629
0.6,0.55,0.35 29.5117
0.6,0.6,0 1.53106e-09
0.6,0.6,0.05 4.81686
0.6,0.6,0.1 43.395
0.6,0.6,0.15 77.0119
0.6,0.6,0.2 644.016
0.6,0.6,0.25 790.904
0.6,0.6,0.3 134.243
0.6,0.6,0.35 5.63412
0.6,0.65,0 2.89075e-08
0.6,0.65,0.05 77.3169
0.6,0.65,0.1 392.397
0.6,0.65,0.15 365.669
0.6,0.65,0.2 469.232
0.6,0.65,0.25 730.297
0.6,0.65,0.3 139.267
0.6,0.65,0.35 0.303835
0.6,0.7,0 2.57896e-08
0.6,0.7,0.05 71.0842
0.6,0.7,0.1 454.544
0.6,0.7,0.15 581.617
0.6,0.7,0.2 363.223
0.6,0.7,0.25 398.317
0.6,0.7,0.3 110.041
0.6,0.7,0.35 0.331934
0.6,0.75,0 4.37764e-09
0.6,0.75,0.05 79.7776
0.6,0.75,0.1 453.763
0.6,0.75,0.15 464.078
0.6,0.75,0.2 247.451
0.6,0.75,0.25 301.616
0.6,0.75,0.3 66.3492
0.6,0.75,0.35 0.0170683
0.6,0.8,0 9.40025e-08
0.6,0.8,0.05 157.077
0.6,0.8,0.1 643.928
0.6,0.8,0.15 263.317
0.6,0.8,0.2 84.2497
0.6,0.8,0.25 58.6421
0.6,0.8,0.3 13.1767
0.6,0.85,0 1.09315e-07
0.6,0.85,0.05 109.325
0.6,0.85,0.1 437.006
0.6,0.85,0.15 112.259
0.6,0.85,0.2 2.50885
0.6,0.85,0.25 0.0679848
0.6,0.9,0 6.2527e-09
0.6,0.9,0.05 22.1589
0.6,0.9,0.1 88.5901
0.6,0.9,0.15 22.1361
0.6,0.95,0 1.77506e-16
0.6,0.95,0.05 0.000207916
0.6,0.95,0.1 0.000831427
0.6,0.95,0.15 0.000207798
0.65,0.1,0 1.07984e-13
0.65,0.1,0.05 0.00818879
0.65,0.1,0.1 0.0327319
0.65,0.1,0.15 7.01942
0.65,0.1,0.2 38.2896
0.65,0.1,0.25 13.0494
0.65,0.1,0.3 0.0128703
0.65,0.15,0 3.26319e-11
0.65,0.15,0.05 2.56479
0.65,0.15,0.1 10.9638
0.65,0.15,0.15 64.7126
0.65,0.15,0.2 337.783
0.65,0.15,0.25 115.909
0.65,0.15,0.3 0.850066
0.65,0.15,0.35 0.732126
0.65,0.15,0.4 0.0327307
0.65,0.2,0 7.82955e-11
0.65,0.2,0.05 15.8539
0.65,0.2,0.1 142.676
0.65,0.2,0.15 148.06
0.65,0.2,0.2 282.425
0.65,0.2,0.25 96.4619
0.65,0.2,0.3 14.3954
0.65,0.2,0.35 14.0412
0.65,0.2,0.4 0.627426
0.65,0.25,0 1.15005e-11
0.65,0.25,0.05 19.6168
0.65,0.25,0.1 238.019
0.65,0.25,0.15 370.324
0.65,0.25,0.2 448.981
0.65,0.25,0.25 177.508
0.65,0.25,0.3 34.482
0.65,0.25,0.35 13.0364
0.65,0.25,0.4 0.564988
0.65,0.3,0 4.73229e-13
0.65,0.3,0.05 2.12586
0.65,0.3,0.1 66.2248
0.65,0.3,0.15 503.426
0.65,0.3,0.2 627.662
0.65,0.3,0.25 379.361
0.65,0.3,0.3 54.1845
0.65,0.3,0.35 1.14176
0.65,0.3,0.4 0.0205475
0.65,0.35,0 3.21223e-12
0.65,0.35,0.05 0.292764
0.65,0.35,0.1 86.0639
