0.65,0.5,0 4.43228e-10
0.65,0.5,0.05 93.5239
0.65,0.5,0.1 375.099
0.65,0.5,0.15 230.948
0.65,0.5,0.2 653.503
0.65,0.5,0.25 241.824
0.65,0.5,0.3 2.55379
0.65,0.55,0 8.64303e-11
0.65,0.55,0.05 43.7375
0.65,0.55,0.1 181.489
0.65,0.55,0.15 284.314
0.65,0.55,0.2 679.076
0.65,0.55,0.25 220.377
0.65,0.55,0.3 12.3023
0.65,0.6,0 1.90756e-11
0.65,0.6,0.05 34.1157
0.65,0.6,0.1 166.034
0.65,0.6,0.15 365.439
0.65,0.6,0.2 638.495
0.65,0.6,0.25 180.352
0.65,0.6,0.3 6.92604
0.65,0.65,0 4.13965e-12
0.65,0.65,0.05 16.6527
0.65,0.65,0.1 207.389
0.65,0.65,0.15 409.223
0.65,0.65,0.2 305.703
0.65,0.65,0.25 102.097
0.65,0.65,0.3 1.49173
0.65,0.7,0 4.69719e-12
0.65,0.7,0.05 13.4524
0.65,0.7,0.1 201.192
0.65,0.7,0.15 581.731
0.65,0.7,0.2 242.428
0.65,0.7,0.25 21.4879
0.65,0.7,0.3 0.101563
0.65,0.75,0 3.29756e-10
0.65,0.75,0.05 27.505
0.65,0.75,0.1 260.618
0.65,0.75,0.15 484.883
0.65,0.75,0.2 121.557
0.65,0.75,0.25 5.37456
0.65,0.8,0 7.41904e-10
0.65,0.8,0.05 73.4042
0.65,0.8,0.1 392.999
0.65,0.8,0.15 337.607
0.65,0.8,0.2 43.3207
0.65,0.8,0.25 0.0223929
0.65,0.85,0 1.7205e-10
0.65,0.85,0.05 77.8857
0.65,0.85,0.1 314.847
0.65,0.85,0.15 86.931
0.65,0.85,0.2 1.49252
0.65,0.9,0 1.99767e-11
0.65,0.9,0.05 18.789
0.65,0.9,0.1 75.1345
0.65,0.9,0.15 18.7783
0.65,0.95,0 1.57188e-16
0.65,0.95,0.05 0.000184117
0.65,0.95,0.1 0.000736258
0.65,0.95,0.15 0.000184012
0.7,0.1,0.05 1.91705e-05
0.7,0.1,0.1 0.147403
0.7,0.1,0.15 3.59697
0.7,0.1,0.2 3.71834
0.7,0.1,0.25 0.171502
0.7,0.15,0 1.44708e-14
0.7,0.15,0.05 7.88526
0.7,0.15,0.1 87.0363
0.7,0.15,0.15 97.6471
0.7,0.15,0.2 47.9235
0.7,0.15,0.25 3.139
0.7,0.15,0.3 0.825752
0.7,0.15,0.35 0.0266006
0.7,0.2,0 4.1016e-13
0.7,0.2,0.05 37.2621
0.7,0.2,0.1 413.942
0.7,0.2,0.15 290.593
0.7,0.2,0.2 37.9752
0.7,0.2,0.25 27.7456
0.7,0.2,0.3 22.4495
0.7,0.2,0.35 0.723185
0.7,0.25,0 4.58364e-13
0.7,0.25,0.05 34.8574
0.7,0.25,0.1 444.283
0.7,0.25,0.15 321.688
0.7,0.25,0.2 37.1283
0.7,0.25,0.25 40.0333
0.7,0.25,0.3 24.8928
0.7,0.25,0.35 0.911568
0.7,0.25,0.4 0.000446999
0.7,0.3,0 2.41489e-14
0.7,0.3,0.05 8.28796
0.7,0.3,0.1 122.968
0.7,0.3,0.15 150.545
0.7,0.3,0.2 133.115
0.7,0.3,0.25 49.123
0.7,0.3,0.3 3.91167
0.7,0.3,0.35 1.08028
0.7,0.3,0.4 0.00385819
0.7,0.35,0 1.73531e-10
0.7,0.35,0.05 46.2235
0.7,0.35,0.1 216.081
0.7,0.35,0.15 127.447
0.7,0.35,0.2 61.1413
0.7,0.35,0.25 12.9304
0.7,0.35,0.3 1.30632
0.7,0.35,0.35 0.53185
0.7,0.35,0.4 0.00197292
0.7,0.4,0 8.52733e-10
0.7,0.4,0.05 153.605
0.7,0.4,0.1 640.678
0.7,0.4,0.15 251.584
0.7,0.4,0.2 46.4603
0.7,0.4,0.25 0.636178
0.7,0.4,0.3 0.0102796
0.7,0.4,0.35 0.00428695
0.7,0.4,0.4 1.59027e-05
0.7,0.45,0 4.36594e-10
0.7,0.45,0.05 103.334
0.7,0.45,0.1 513.01
0.7,0.45,0.15 276.269
0.7,0.45,0.2 65.2112
0.7,0.45,0.25 15.6184
0.7,0.45,0.3 0.0808975
0.7,0.5,0 4.18596e-10
0.7,0.5,0.05 105.18
0.7,0.5,0.1 516.102
0.7,0.5,0.15 398.852
0.7,0.5,0.2 310.973
0.7,0.5,0.25 65.998
0.7,0.5,0.3 0.201172
0.7,0.55,0 1.09361e-10
0.7,0.55,0.05 86.9061
0.7,0.55,0.1 400.408
0.7,0.55,0.15 438.183
0.7,0.55,0.2 558.507
0.7,0.55,0.25 88.2581
0.7,0.55,0.3 0.0309601
0.7,0.6,0 3.93614e-11
0.7,0.6,0.05 69.6022
0.7,0.6,0.1 318.393
0.7,0.6,0.15 320.774
0.7,0.6,0.2 456.233
0.7,0.6,0.25 68.3127
0.7,0.6,0.3 0.00901688
0.7,0.65,0 1.6194e-12
0.7,0.65,0.05 6.85902
0.7,0.65,0.1 230.572
0.7,0.65,0.15 363.379
0.7,0.65,0.2 112.627
0.7,0.65,0.25 17.7666
0.7,0.65,0.3 0.0120643
0.7,0.7,0 3.08274e-14
0.7,0.7,0.05 1.42561
0.7,0.7,0.1 89.7164
0.7,0.7,0.15 280.762
0.7,0.7,0.2 407.024
0.7,0.7,0.25 90.818
0.7,0.7,0.3 0.000842577
0.7,0.75,0 6.0956e-12
0.7,0.75,0.05 0.559065
0.7,0.75,0.1 51.6722
0.7,0.75,0.15 186.726
0.7,0.75,0.2 191.847
0.7,0.75,0.25 39.871
0.7,0.8,0 2.01839e-09
0.7,0.8,0.05 11.3729
0.7,0.8,0.1 85.9557
0.7,0.8,0.15 119.788
0.7,0.8,0.2 18.4726
0.7,0.8,0.25 0.171372
0.7,0.85,0 8.01202e-09
0.7,0.85,0.05 41.2832
0.7,0.85,0.1 166.258
0.7,0.85,0.15 44.8909
0.7,0.85,0.2 0.614726
0.7,0.9,0 2.00013e-09
0.7,0.9,0.05 10.3149
0.7,0.9,0.1 41.1903
0.7,0.9,0.15 10.2803
0.7,0.95,0 5.43256e-18
0.7,0.95,0.05 6.36324e-06
0.7,0.95,0.1 2.54457e-05
0.7,0.95,0.15 6.35962e-06
0.75,0.1,0.05 1.09263e-05
0.75,0.1,0.1 0.000118306
0.75,0.1,0.15 7.23837e-05
0.75,0.1,0.2 1.04101e-06
0.75,0.15,0.05 4.47689
0.75,0.15,0.1 48.4742
0.75,0.15,0.15 29.6581
0.75,0.15,0.2 0.426535
0.75,0.2,0.05 18.7821
0.75,0.2,0.1 207.174
0.75,0.2,0.15 128.768
0.75,0.2,0.2 1.95208
0.75,0.25,0.05 10.8498
0.75,0.25,0.1 133.552
0.75,0.25,0.15 90.208
0.75,0.25,0.2 1.72043
0.75,0.25,0.25 8.07075e-05
0.75,0.25,0.3 3.83362e-07
0.75,0.3,0.05 2.19563
0.75,0.3,0.1 25.2041
0.75,0.3,0.15 17.6795
0.75,0.3,0.2 0.746444
0.75,0.3,0.25 0.0055622
0.75,0.3,0.3 1.60585e-06
0.75,0.35,0 6.50613e-11
0.75,0.35,0.05 54.9725
0.75,0.35,0.1 234.681
0.75,0.35,0.15 208.503
0.75,0.35,0.2 91.2203
0.75,0.35,0.25 1.20509
0.75,0.35,0.3 4.20408e-07
0.75,0.4,0 3.16253e-10
0.75,0.4,0.05 127.979
0.75,0.4,0.1 562.663
0.75,0.4,0.15 502.295
0.75,0.4,0.2 209.146
0.75,0.4,0.25 2.73804
0.75,0.4,0.3 1.45972e-12
0.75,0.45,0 1.14237e-10
0.75,0.45,0.05 30.3142
0.75,0.45,0.1 311.024
0.75,0.45,0.15 394.98
0.75,0.45,0.2 109.07
0.75,0.45,0.25 5.03352
0.75,0.5,0 4.98056e-11
0.75,0.5,0.05 15.0946
0.75,0.5,0.1 259.97
0.75,0.5,0.15 643.968
0.75,0.5,0.2 396.275
0.75,0.5,0.25 27.2914
0.75,0.55,0 1.50571e-11
0.75,0.55,0.05 20.9355
0.75,0.55,0.1 209.771
0.75,0.55,0.15 477.408
0.75,0.55,0.2 273.602
0.75,0.55,0.25 23.2123
0.75,0.6,0 6.74582e-12
0.75,0.6,0.05 28.6721
0.75,0.6,0.1 128.809
0.75,0.6,0.15 108.863
0.75,0.6,0.2 114.344
0.75,0.6,0.25 15.3289
0.75,0.65,0 4.06947e-13
0.75,0.65,0.05 12.1535
0.75,0.65,0.1 73.343
0.75,0.65,0.15 60.0906
0.75,0.65,0.2 32.9809
0.75,0.65,0.25 6.63935
0.75,0.7,0 6.07228e-15
0.75,0.7,0.05 0.680856
0.75,0.7,0.1 11.4448
0.75,0.7,0.15 58.7794
0.75,0.7,0.2 173.613
0.75,0.7,0.25 42.0232
0.75,0.75,0 2.65197e-11
0.75,0.75,0.05 0.114686
0.75,0.75,0.1 0.60985
0.75,0.75,0.15 19.9446
0.75,0.75,0.2 75.8322
0.75,0.75,0.25 18.4616
0.75,0.8,0 6.47176e-09
0.75,0.8,0.05 30.6453
0.75,0.8,0.1 122.488
0.75,0.8,0.15 30.9559
0.75,0.8,0.2 0.38096
0.75,0.8,0.25 0.0793746
0.75,0.85,0 2.26947e-08
0.75,0.85,0.05 108.816
0.75,0.85,0.1 434.495
0.75,0.85,0.15 108.441
0.75,0.85,0.2 0.00191023
0.75,0.9,0 5.3693e-09
0.75,0.9,0.05 25.8896
0.75,0.9,0.1 103.375
0.75,0.9,0.15 25.7978
0.8,0.05,0 1.96048e-11
0.8,0.05,0.05 1.15495
0.8,0.05,0.1 4.61623
0.8,0.05,0.15 1.15317
0.8,0.1,0 2.31151e-10
0.8,0.1,0.05 13.6174
0.8,0.1,0.1 54.4276
0.8,0.1,0.15 13.5964
0.8,0.1,0.2 1.21055e-08
0.8,0.15,0 1.50684e-10
0.8,0.15,0.05 8.92909
0.8,0.15,0.1 36.0444
0.8,0.15,0.15 9.20823
0.8,0.15,0.2 0.00496003
0.8,0.2,0 2.58221e-12
0.8,0.2,0.05 0.352011
0.8,0.2,0.1 2.77235
0.8,0.2,0.15 1.4761
0.8,0.2,0.2 0.0190445
0.8,0.25,0.05 0.0479699
0.8,0.25,0.1 0.519407
0.8,0.25,0.15 0.317793
0.8,0.25,0.2 0.00457058
0.8,0.3,0.05 0.0555222
0.8,0.3,0.1 0.240524
0.8,0.3,0.15 0.246636
0.8,0.3,0.2 0.113542
0.8,0.3,0.25 0.00149986
0.8,0.35,0 1.99169e-12
0.8,0.35,0.05 6.41397
0.8,0.35,0.1 29.8947
0.8,0.35,0.15 50.4891
0.8,0.35,0.2 26.1895
0.8,0.35,0.25 0.345958
0.8,0.4,0 4.96919e-11
0.8,0.4,0.05 16.6601
0.8,0.4,0.1 78.1401
0.8,0.4,0.15 119.591
0.8,0.4,0.2 59.7135
0.8,0.4,0.25 0.786097
0.8,0.45,0 5.402e-11
0.8,0.45,0.05 7.1713
0.8,0.45,0.1 50.4253
0.8,0.45,0.15 61.0906
0.8,0.45,0.2 24.6874
0.8,0.45,0.25 1.21164
0.8,0.5,0 5.11782e-12
0.8,0.5,0.05 4.09306
0.8,0.5,0.1 42.0028
0.8,0.5,0.15 111.635
0.8,0.5,0.2 88.1668
0.8,0.5,0.25 6.33122
0.8,0.55,0 1.29552e-11
0.8,0.55,0.05 73.7484
0.8,0.55,0.1 313.542
0.8,0.55,0.15 142.212
0.8,0.55,0.2 37.0319
0.8,0.55,0.25 2.27574
0.8,0.6,0 1.35796e-11
0.8,0.6,0.05 141.425
0.8,0.6,0.1 567.043
0.8,0.6,0.15 145.248
0.8,0.6,0.2 0.824358
0.8,0.6,0.25 0.0270575
0.8,0.65,0 1.51337e-12
0.8,0.65,0.05 76.9784
0.8,0.65,0.1 307.891
0.8,0.65,0.15 77.0048
0.8,0.65,0.2 0.139514
0.8,0.65,0.25 0.0330276
0.8,0.7,0 2.27173e-13
0.8,0.7,0.05 4.71673
0.8,0.7,0.1 18.8652
0.8,0.7,0.15 4.95715
0.8,0.7,0.2 0.940638
0.8,0.7,0.25 0.229193
0.8,0.75,0 2.78316e-10
0.8,0.75,0.05 1.40664
0.8,0.75,0.1 5.61753
0.8,0.75,0.15 1.50813
0.8,0.75,0.2 0.413239
0.8,0.75,0.25 0.100689
0.8,0.8,0 1.35993e-08
0.8,0.8,0.05 59.6748
0.8,0.8,0.1 238.268
0.8,0.8,0.15 59.4849
0.8,0.8,0.2 0.0130298
0.8,0.8,0.25 0.000468577
0.8,0.85,0 2.1173e-08
0.8,0.85,0.05 93.7068
0.8,0.85,0.1 374.186
0.8,0.85,0.15 93.6463
0.8,0.85,0.2 0.11594
0.8,0.85,0.25 0.000367517
0.8,0.9,0 2.16719e-09
0.8,0.9,0.05 9.81897
0.8,0.9,0.1 39.2293
0.8,0.9,0.15 9.94867
0.8,0.9,0.2 0.0682923
0.8,0.9,0.25 0.00021648
0.8,0.95,0.1 0.000315
0.8,0.95,0.15 0.00212522
0.8,0.95,0.2 0.000878573
0.8,0.95,0.25 2.78498e-06
0.85,0.05,0 1.24806e-10
0.85,0.05,0.05 7.35247
0.85,0.05,0.1 29.3872
0.85,0.05,0.15 7.34114
0.85,0.1,0 1.47152e-09
0.85,0.1,0.05 86.6892
0.85,0.1,0.1 346.489
0.85,0.1,0.15 86.5556
0.85,0.15,0 9.59267e-10
0.85,0.15,0.05 56.5117
0.85,0.15,0.1 225.873
0.85,0.15,0.15 56.4246
0.85,0.2,0 1.64385e-11
0.85,0.2,0.05 0.968414
0.85,0.2,0.1 3.87067
0.85,0.2,0.15 0.966922
0.85,0.3,0.1 1.58244e-06
0.85,0.3,0.15 1.64923e-05
0.85,0.3,0.2 9.80089e-06
0.85,0.3,0.25 1.29468e-07
0.85,0.35,0 2.41581e-11
0.85,0.35,0.05 2.32241
0.85,0.35,0.1 9.2839
0.85,0.35,0.15 2.32317
0.85,0.35,0.2 0.00226067
0.85,0.35,0.25 2.9863e-05
0.85,0.4,0 6.33896e-10
0.85,0.4,0.05 61.1434
0.85,0.4,0.1 244.414
0.85,0.4,0.15 61.0721
0.85,0.4,0.2 0.00513678
0.85,0.4,0.25 6.78557e-05
0.85,0.45,0 7.98718e-10
0.85,0.45,0.05 92.0974
0.85,0.45,0.1 368.166
0.85,0.45,0.15 91.9866
0.85,0.45,0.2 0.000709672
0.85,0.45,0.25 9.37461e-06
0.85,0.5,0 2.3585e-10
0.85,0.5,0.05 49.7119
0.85,0.5,0.1 198.749
0.85,0.5,0.15 49.6626
0.85,0.55,0 2.50876e-11
0.85,0.55,0.05 37.5337
0.85,0.55,0.1 150.104
0.85,0.55,0.15 37.5184
0.85,0.6,0 6.1264e-12
0.85,0.6,0.05 61.2836
0.85,0.6,0.1 245.105
0.85,0.6,0.15 61.2689
0.85,0.65,0 4.26584e-12
0.85,0.65,0.05 57.2783
0.85,0.65,0.1 229.088
0.85,0.65,0.15 57.2658
0.85,0.7,0 8.47068e-12
0.85,0.7,0.05 60.7193
0.85,0.7,0.1 242.84
0.85,0.7,0.15 60.7005
0.85,0.75,0 1.79695e-10
0.85,0.75,0.05 10.525
0.85,0.75,0.1 42.0858
0.85,0.75,0.15 10.5179
0.85,0.8,0 7.95205e-09
0.85,0.8,0.05 72.5733
0.85,0.8,0.1 291.861
0.85,0.8,0.15 85.2738
0.85,0.8,0.2 5.32057
0.85,0.8,0.25 0.0168657
0.85,0.85,0 1.09868e-08
0.85,0.85,0.05 89.5657
0.85,0.85,0.1 377.472
0.85,0.85,0.15 221.944
0.85,0.85,0.2 54.8173
0.85,0.85,0.25 0.173765
0.85,0.9,0 8.06315e-10
0.85,0.9,0.05 5.64828
0.85,0.9,0.1 34.1394
0.85,0.9,0.15 83.7388
0.85,0.9,0.2 32.2892
0.85,0.9,0.25 0.102354
0.85,0.95,0.1 0.148935
0.85,0.95,0.15 1.00482
0.85,0.95,0.2 0.415397
0.85,0.95,0.25 0.00131677
0.9,0.05,0 4.89436e-11
0.9,0.05,0.05 2.88334
0.9,0.05,0.1 11.5245
0.9,0.05,0.15 2.87889
0.9,0.1,0 5.77069e-10
0.9,0.1,0.05 33.9959
0.9,0.1,0.1 135.879
0.9,0.1,0.15 33.9435
0.9,0.15,0 3.76185e-10
0.9,0.15,0.05 22.1616
0.9,0.15,0.1 88.578
0.9,0.15,0.15 22.1274
0.9,0.2,0 6.4465e-12
0.9,0.2,0.05 0.379772
0.9,0.2,0.1 1.51792
0.9,0.2,0.15 0.379187
0.9,0.35,0 1.67753e-11
0.9,0.35,0.05 1.61267
0.9,0.35,0.1 6.44645
0.9,0.35,0.15 1.61056
0.9,0.4,0 4.4204e-10
0.9,0.4,0.05 42.8737
0.9,0.4,0.1 171.383
0.9,0.4,0.15 42.8178
0.9,0.45,0 6.94237e-10
0.9,0.45,0.05 95.0906
0.9,0.45,0.1 380.145
0.9,0.45,0.15 94.9821
0.9,0.5,0 3.97622e-10
0.9,0.5,0.05 85.7552
0.9,0.5,0.1 342.85
0.9,0.5,0.15 85.6696
0.9,0.55,0 3.57798e-11
0.9,0.55,0.05 8.13557
0.9,0.55,0.1 32.5264
0.9,0.55,0.15 8.12763
0.9,0.6,0 4.9626e-14
0.9,0.6,0.05 0.390584
0.9,0.6,0.1 1.56212
0.9,0.6,0.15 0.390474
0.9,0.65,0 5.07433e-12
0.9,0.65,0.05 35.6869
0.9,0.65,0.1 142.725
0.9,0.65,0.15 35.6757
0.9,0.7,0 1.17393e-11
0.9,0.7,0.05 82.3675
0.9,0.7,0.1 329.418
0.9,0.7,0.15 82.3416
0.9,0.75,0 2.30819e-11
0.9,0.75,0.05 13.8493
0.9,0.75,0.1 55.3843
0.9,0.75,0.15 13.8429
0.9,0.8,0 6.31785e-10
0.9,0.8,0.05 61.7132
0.9,0.8,0.1 251.648
0.9,0.8,0.15 95.0282
0.9,0.8,0.2 13.8044
0.9,0.8,0.25 0.0437585
0.9,0.85,0 7.26178e-10
0.9,0.85,0.05 68.1559
0.9,0.85,0.1 323.445
0.9,0.85,0.15 412.105
0.9,0.85,0.2 142.225
0.9,0.85,0.25 0.450839
0.9,0.9,0 4.0616e-11
0.9,0.9,0.05 3.52351
0.9,0.9,0.1 44.1217
0.9,0.9,0.15 206.167
0.9,0.9,0.2 83.7753
0.9,0.9,0.25 0.265559
0.9,0.95,0.1 0.386416
0.9,0.95,0.15 2.60704
0.9,0.95,0.2 1.07776
0.9,0.95,0.25 0.00341639
0.95,0.05,0 1.15116e-13
0.95,0.05,0.05 0.00678165
0.95,0.05,0.1 0.0271057
0.95,0.05,0.15 0.0067712
0.95,0.1,0 1.35728e-12
0.95,0.1,0.05 0.079959
0.95,0.1,0.1 0.319589
0.95,0.1,0.15 0.0798357
0.95,0.15,0 8.84793e-13
0.95,0.15,0.05 0.0521244
0.95,0.15,0.1 0.208337
0.95,0.15,0.15 0.052044
0.95,0.2,0 1.51623e-14
0.95,0.2,0.05 0.000893231
0.95,0.2,0.1 0.00357017
0.95,0.2,0.15 0.000891854
0.95,0.35,0 3.38232e-13
0.95,0.35,0.05 0.0325154
0.95,0.35,0.1 0.129977
0.95,0.35,0.15 0.0324729
0.95,0.4,0 9.17583e-12
0.95,0.4,0.05 0.923145
0.95,0.4,0.1 3.69021
0.95,0.4,0.15 0.921959
0.95,0.45,0 3.3695e-11
0.95,0.45,0.05 6.31056
0.95,0.45,0.1 25.2292
0.95,0.45,0.15 6.30403
0.95,0.5,0 4.10348e-11
0.95,0.5,0.05 9.09315
0.95,0.5,0.1 36.3546
0.95,0.5,0.15 9.08414
0.95,0.55,0 3.87302e-12
0.95,0.55,0.05 0.863833
0.95,0.55,0.1 3.45362
0.95,0.55,0.15 0.862979
0.95,0.6,0 1.48447e-15
0.95,0.6,0.05 0.0104151
0.95,0.6,0.1 0.041654
0.95,0.6,0.15 0.0104119
0.95,0.65,0 3.7401e-13
0.95,0.65,0.05 2.62407
0.95,0.65,0.1 10.4946
0.95,0.65,0.15 2.62325
0.95,0.7,0 8.6566e-13
0.95,0.7,0.05 6.07352
0.95,0.7,0.1 24.2903
0.95,0.7,0.15 6.07161
0.95,0.75,0 1.75853e-12
0.95,0.75,0.05 1.04604
0.95,0.75,0.1 4.18317
0.95,0.75,0.15 1.04554
0.95,0.8,0 4.51572e-11
0.95,0.8,0.05 5.22184
0.95,0.8,0.1 21.6668
0.95,0.8,0.15 10.5605
0.95,0.8,0.2 2.20967
0.95,0.8,0.25 0.00700442
0.95,0.85,0 4.97777e-11
0.95,0.85,0.05 5.75614
0.95,0.85,0.1 31.1728
0.95,0.85,0.15 60.8187
0.95,0.85,0.2 22.766
0.95,0.85,0.25 0.0721658
0.95,0.9,0 2.56326e-12
0.95,0.9,0.05 0.296408
0.95,0.9,0.1 5.99285
0.95,0.9,0.15 32.7339
0.95,0.9,0.2 13.4099
0.95,0.9,0.25 0.0425081
0.95,0.95,0.1 0.0618536
0.95,0.95,0.15 0.417309
0.95,0.95,0.2 0.172517
0.95,0.95,0.25 0.000546861
