0.6,0.45,0.6 55.2728
0.6,0.45,0.65 0.144186
0.6,0.5,0 0.000605791
0.6,0.5,0.05 141.93
0.6,0.5,0.1 578.675
0.6,0.5,0.15 577.322
0.6,0.5,0.2 671.331
0.6,0.5,0.25 616.042
0.6,0.5,0.3 425.404
0.6,0.5,0.35 536.279
0.6,0.5,0.4 559.467
0.6,0.5,0.45 599.148
0.6,0.5,0.5 551.892
0.6,0.5,0.55 140.967
0.6,0.5,0.6 15.0474
0.6,0.5,0.65 0.946405
0.6,0.5,0.7 0.00360316
0.6,0.55,0 0.000290041
0.6,0.55,0.05 63.2682
0.6,0.55,0.1 441.643
0.6,0.55,0.15 707.641
0.6,0.55,0.2 705.568
0.6,0.55,0.25 533.381
0.6,0.55,0.3 353.572
0.6,0.55,0.35 519.248
0.6,0.55,0.4 560.539
0.6,0.55,0.45 745.188
0.6,0.55,0.5 574.433
0.6,0.55,0.55 163.912
0.6,0.55,0.6 25.0018
0.6,0.55,0.65 2.50093
0.6,0.55,0.7 0.0185623
0.6,0.6,0 2.00885e-06
0.6,0.6,0.05 89.4685
0.6,0.6,0.1 514.105
0.6,0.6,0.15 727.597
0.6,0.6,0.2 814.204
0.6,0.6,0.25 356.664
0.6,0.6,0.3 111.79
0.6,0.6,0.35 236.513
0.6,0.6,0.4 401.928
0.6,0.6,0.45 592.604
0.6,0.6,0.5 592.209
0.6,0.6,0.55 388.891
0.6,0.6,0.6 72.9496
0.6,0.6,0.65 0.770802
0.6,0.6,0.7 0.00596046
0.6,0.65,0.05 46.6099
0.6,0.65,0.1 201.349
0.6,0.65,0.15 286.823
0.6,0.65,0.2 440.512
0.6,0.65,0.25 351.753
0.6,0.65,0.3 224.563
0.6,0.65,0.35 129.152
0.6,0.65,0.4 212.361
0.6,0.65,0.45 403.066
0.6,0.65,0.5 513.183
0.6,0.65,0.55 268.052
0.6,0.65,0.6 50.1029
0.6,0.65,0.65 0.000359354
0.6,0.65,0.7 2.77881e-06
0.6,0.7,0.05 0.464302
0.6,0.7,0.1 3.2273
0.6,0.7,0.15 40.3763
0.6,0.7,0.2 84.783
0.6,0.7,0.25 212.321
0.6,0.7,0.3 364.898
0.6,0.7,0.35 213.036
0.6,0.7,0.4 198.417
0.6,0.7,0.45 431.848
0.6,0.7,0.5 405.417
0.6,0.7,0.55 43.7518
0.6,0.7,0.6 3.33822
0.6,0.75,0 2.96582e-09
0.6,0.75,0.05 0.857927
0.6,0.75,0.1 36.8119
0.6,0.75,0.15 69.266
0.6,0.75,0.2 143.917
0.6,0.75,0.25 299.694
0.6,0.75,0.3 130.205
0.6,0.75,0.35 161.753
0.6,0.75,0.4 202.397
0.6,0.75,0.45 232.731
0.6,0.75,0.5 250.444
0.6,0.75,0.55 17.4977
0.6,0.8,0 9.28906e-08
0.6,0.8,0.05 30.3773
0.6,0.8,0.1 236.229
0.6,0.8,0.15 275.517
0.6,0.8,0.2 393.848
0.6,0.8,0.25 369.387
0.6,0.8,0.3 38.7374
0.6,0.8,0.35 13.3019
0.6,0.8,0.4 18.97
0.6,0.8,0.45 11.5671
0.6,0.8,0.5 10.5928
0.6,0.8,0.55 0.681409
0.6,0.85,0 1.09103e-07
0.6,0.85,0.05 93.068
0.6,0.85,0.1 400.954
0.6,0.85,0.15 153.195
0.6,0.85,0.2 115.307
0.6,0.85,0.25 69.6906
0.6,0.85,0.3 2.96358
0.6,0.85,0.35 3.4472e-12
0.6,0.9,0 6.2346e-09
0.6,0.9,0.05 25.4627
0.6,0.9,0.1 103.338
0.6,0.9,0.15 26.2388
0.6,0.9,0.2 0.19274
0.6,0.9,0.25 0.0852977
0.6,0.9,0.3 0.000379583
0.6,0.95,0.05 0.0120586
0.6,0.95,0.1 0.0489772
0.6,0.95,0.15 0.0124329
0.6,0.95,0.2 1.61855e-09
0.65,0.1,0.05 0.000854279
0.65,0.1,0.1 0.00963953
0.65,0.1,0.15 0.0060834
0.65,0.1,0.2 9.54658e-05
0.65,0.1,0.4 0.144736
0.65,0.1,0.45 0.791531
0.65,0.1,0.5 0.269217
0.65,0.1,0.55 0.000223532
0.65,0.15,0.05 8.93644
0.65,0.15,0.1 100.887
0.65,0.15,0.15 68.1953
0.65,0.15,0.2 41.4659
0.65,0.15,0.25 26.8056
0.65,0.15,0.3 53.6875
0.65,0.15,0.35 44.7463
0.65,0.15,0.4 11.3033
0.65,0.15,0.45 39.3711
0.65,0.15,0.5 17.5498
0.65,0.15,0.55 4.02448
0.65,0.15,0.6 0.397335
0.65,0.2,0 2.65208e-14
0.65,0.2,0.05 31.4088
0.65,0.2,0.1 353.221
0.65,0.2,0.15 278.338
0.65,0.2,0.2 433.331
0.65,0.2,0.25 328.97
0.65,0.2,0.3 587.275
0.65,0.2,0.35 475.973
0.65,0.2,0.4 253.632
0.65,0.2,0.45 250.464
0.65,0.2,0.5 127.555
0.65,0.2,0.55 20.6359
0.65,0.2,0.6 1.9118
0.65,0.25,0 1.60203e-11
0.65,0.25,0.05 18.1083
0.65,0.25,0.1 142.907
0.65,0.25,0.15 222.708
0.65,0.25,0.2 812.594
0.65,0.25,0.25 751.14
0.65,0.25,0.3 931.029
0.65,0.25,0.35 545.265
0.65,0.25,0.4 517.586
0.65,0.25,0.45 309.042
0.65,0.25,0.5 128.55
0.65,0.25,0.55 14.8257
0.65,0.25,0.6 0.61519
0.65,0.3,0 4.31441e-11
0.65,0.3,0.05 23.4657
0.65,0.3,0.1 218.527
0.65,0.3,0.15 381.816
0.65,0.3,0.2 461.099
0.65,0.3,0.25 445.953
0.65,0.3,0.3 595.203
0.65,0.3,0.35 433.176
0.65,0.3,0.4 662.666
0.65,0.3,0.45 320.381
0.65,0.3,0.5 150.397
0.65,0.3,0.55 34.5504
0.65,0.3,0.6 0.149351
0.65,0.35,0 7.18938e-12
0.65,0.35,0.05 48.4833
0.65,0.35,0.1 410.462
0.65,0.35,0.15 460.358
0.65,0.35,0.2 347.18
0.65,0.35,0.25 311.652
0.65,0.35,0.3 346.118
0.65,0.35,0.35 326.092
0.65,0.35,0.4 345.435
0.65,0.35,0.45 272.543
0.65,0.35,0.5 133.232
0.65,0.35,0.55 13.3429
0.65,0.35,0.6 0.0593443
0.65,0.4,0 2.72593e-08
0.65,0.4,0.05 94.3014
0.65,0.4,0.1 519.437
0.65,0.4,0.15 382.788
0.65,0.4,0.2 496.651
0.65,0.4,0.25 651.85
0.65,0.4,0.3 450.098
0.65,0.4,0.35 206.837
0.65,0.4,0.4 470.342
0.65,0.4,0.45 166.911
0.65,0.4,0.5 36.8338
0.65,0.4,0.55 5.23421
0.65,0.4,0.6 0.845971
0.65,0.45,0 5.10114e-05
0.65,0.45,0.05 111.629
0.65,0.45,0.1 503.543
0.65,0.45,0.15 310.176
0.65,0.45,0.2 479.479
0.65,0.45,0.25 811.069
0.65,0.45,0.3 465.22
0.65,0.45,0.35 395.173
0.65,0.45,0.4 503.107
0.65,0.45,0.45 252.418
0.65,0.45,0.5 85.9748
0.65,0.45,0.55 8.06356
0.65,0.45,0.6 1.25717
0.65,0.5,0 0.000405142
0.65,0.5,0.05 123.335
0.65,0.5,0.1 556.711
0.65,0.5,0.15 478.08
0.65,0.5,0.2 554.364
0.65,0.5,0.25 558.423
0.65,0.5,0.3 602.642
0.65,0.5,0.35 713.647
0.65,0.5,0.4 373.367
0.65,0.5,0.45 391.545
0.65,0.5,0.5 185.384
0.65,0.5,0.55 10.6848
0.65,0.5,0.6 0.105174
0.65,0.55,0 0.000194127
0.65,0.55,0.05 47.8854
0.65,0.55,0.1 273.06
0.65,0.55,0.15 613.816
0.65,0.55,0.2 758.249
0.65,0.55,0.25 549.184
0.65,0.55,0.3 460.529
0.65,0.55,0.35 517.588
0.65,0.55,0.4 685.385
0.65,0.55,0.45 556.615
0.65,0.55,0.5 208.828
0.65,0.55,0.55 18.2996
0.65,0.55,0.6 0.314467
0.65,0.6,0 1.22174e-06
0.65,0.6,0.05 13.3676
0.65,0.6,0.1 95.8252
0.65,0.6,0.15 404.462
0.65,0.6,0.2 656.764
0.65,0.6,0.25 390.762
0.65,0.6,0.3 212.699
0.65,0.6,0.35 269.797
0.65,0.6,0.4 621.467
0.65,0.6,0.45 462.08
0.65,0.6,0.5 232.029
0.65,0.6,0.55 21.6812
0.65,0.6,0.6 1.21072
0.65,0.65,0.05 6.20269
0.65,0.65,0.1 27.8776
0.65,0.65,0.15 121.171
0.65,0.65,0.2 363.786
0.65,0.65,0.25 677.811
0.65,0.65,0.3 540.628
0.65,0.65,0.35 185.734
0.65,0.65,0.4 599.207
0.65,0.65,0.45 580.166
0.65,0.65,0.5 248.26
0.65,0.65,0.55 27.4387
0.65,0.65,0.6 0.832833
0.65,0.7,0.05 0.0617906
0.65,0.7,0.1 0.275333
0.65,0.7,0.15 13.5304
0.65,0.7,0.2 205.654
0.65,0.7,0.25 452.102
0.65,0.7,0.3 734.073
0.65,0.7,0.35 337.801
0.65,0.7,0.4 421.434
0.65,0.7,0.45 656.13
0.65,0.7,0.5 212.666
0.65,0.7,0.55 14.0339
0.65,0.7,0.6 0.055224
0.65,0.75,0.05 0.601184
0.65,0.75,0.1 52.5726
0.65,0.75,0.15 116.529
0.65,0.75,0.2 425.118
0.65,0.75,0.25 683.461
0.65,0.75,0.3 350.582
0.65,0.75,0.35 141.804
0.65,0.75,0.4 69.3395
0.65,0.75,0.45 168.956
0.65,0.75,0.5 104.217
0.65,0.75,0.55 7.09854
0.65,0.8,0.05 15.617
0.65,0.8,0.1 234.89
0.65,0.8,0.15 376.318
0.65,0.8,0.2 575.443
0.65,0.8,0.25 617.906
0.65,0.8,0.3 73.2543
0.65,0.8,0.35 2.01902
0.65,0.8,0.4 0.373836
0.65,0.8,0.45 1.44932
0.65,0.8,0.5 2.00108
0.65,0.8,0.55 0.1513
0.65,0.85,0.05 70.6313
0.65,0.85,0.1 323.506
0.65,0.85,0.15 156.451
0.65,0.85,0.2 151.957
0.65,0.85,0.25 101.017
0.65,0.85,0.3 5.17649
0.65,0.85,0.35 6.6416e-12
0.65,0.9,0.05 22.644
0.65,0.9,0.1 91.9717
0.65,0.9,0.15 23.3798
0.65,0.9,0.2 0.237107
0.65,0.9,0.25 0.104933
0.65,0.9,0.3 0.00046696
0.65,0.95,0.05 0.0111358
0.65,0.95,0.1 0.045229
0.65,0.95,0.15 0.0114814
0.65,0.95,0.2 1.49468e-09
0.7,0.1,0.05 0.000135653
0.7,0.1,0.1 0.00153068
0.7,0.1,0.15 0.000965994
0.7,0.1,0.2 1.51592e-05
0.7,0.15,0.05 1.41903
0.7,0.15,0.1 16.0121
0.7,0.15,0.15 11.1585
0.7,0.15,0.2 8.47126
0.7,0.15,0.25 4.70085
0.7,0.15,0.3 9.62163
0.7,0.15,0.35 16.2202
0.7,0.15,0.4 2.91374
0.7,0.15,0.45 0.245555
0.7,0.15,0.5 0.114049
0.7,0.15,0.55 0.0018439
0.7,0.2,0.05 9.07047
0.7,0.2,0.1 75.4241
0.7,0.2,0.15 79.3287
0.7,0.2,0.2 281.491
0.7,0.2,0.25 156.273
0.7,0.2,0.3 171.93
0.7,0.2,0.35 324.054
0.7,0.2,0.4 81.4965
0.7,0.2,0.45 8.62695
0.7,0.2,0.5 2.54389
0.7,0.2,0.55 0.0411273
0.7,0.25,0.05 63.8429
0.7,0.25,0.1 328.745
0.7,0.25,0.15 312.301
0.7,0.25,0.2 548.545
0.7,0.25,0.25 437.438
0.7,0.25,0.3 439.951
0.7,0.25,0.35 379.587
0.7,0.25,0.4 119.092
0.7,0.25,0.45 16.4655
0.7,0.25,0.5 2.5319
0.7,0.25,0.55 0.0404272
0.7,0.3,0.05 51.2773
0.7,0.3,0.1 307.639
0.7,0.3,0.15 586.838
0.7,0.3,0.2 725.859
0.7,0.3,0.25 691.318
0.7,0.3,0.3 617.037
0.7,0.3,0.35 403.217
0.7,0.3,0.4 189.73
0.7,0.3,0.45 26.3113
0.7,0.3,0.5 0.194005
0.7,0.3,0.55 0.00170727
0.7,0.35,0.05 33.5849
0.7,0.35,0.1 399.131
0.7,0.35,0.15 695.32
0.7,0.35,0.2 918.484
0.7,0.35,0.25 927.776
0.7,0.35,0.3 774.133
0.7,0.35,0.35 516.188
0.7,0.35,0.4 122.785
0.7,0.35,0.45 14.1699
0.7,0.35,0.5 0.0267745
0.7,0.35,0.55 2.44383e-05
0.7,0.4,0.05 52.7759
0.7,0.4,0.1 409.412
0.7,0.4,0.15 369.23
0.7,0.4,0.2 336.161
0.7,0.4,0.25 504.6
0.7,0.4,0.3 579.949
0.7,0.4,0.35 306.209
0.7,0.4,0.4 183.703
0.7,0.4,0.45 35.3914
0.7,0.4,0.5 0.082785
0.7,0.4,0.55 0.000311524
0.7,0.45,0 9.46843e-07
0.7,0.45,0.05 109.742
0.7,0.45,0.1 597.345
0.7,0.45,0.15 354.207
0.7,0.45,0.2 405.152
0.7,0.45,0.25 435.933
0.7,0.45,0.3 540.358
0.7,0.45,0.35 510.801
0.7,0.45,0.4 441.139
0.7,0.45,0.45 77.0628
0.7,0.45,0.5 5.50627
0.7,0.45,0.55 0.0204724
0.7,0.5,0 7.56697e-06
0.7,0.5,0.05 135.081
0.7,0.5,0.1 747.182
0.7,0.5,0.15 580.042
0.7,0.5,0.2 736.662
0.7,0.5,0.25 297.376
0.7,0.5,0.3 446.913
0.7,0.5,0.35 582.744
0.7,0.5,0.4 175.158
0.7,0.5,0.45 52.288
0.7,0.5,0.5 10.108
0.7,0.5,0.55 0.0404184
0.7,0.55,0 3.62783e-06
0.7,0.55,0.05 67.9205
0.7,0.55,0.1 399.033
0.7,0.55,0.15 559.872
0.7,0.55,0.2 664.678
0.7,0.55,0.25 549.828
0.7,0.55,0.3 706.559
0.7,0.55,0.35 722.31
0.7,0.55,0.4 251.858
0.7,0.55,0.45 128.791
0.7,0.55,0.5 8.45378
0.7,0.55,0.55 0.0349004
0.7,0.6,0 2.28323e-08
0.7,0.6,0.05 5.31417
0.7,0.6,0.1 38.0266
0.7,0.6,0.15 370.954
0.7,0.6,0.2 788.9
0.7,0.6,0.25 805.624
0.7,0.6,0.3 421.864
0.7,0.6,0.35 581.827
0.7,0.6,0.4 404.788
0.7,0.6,0.45 102.104
0.7,0.6,0.5 4.51723
0.7,0.6,0.55 0.100662
0.7,0.65,0.1 1.01627
0.7,0.65,0.15 73.2369
0.7,0.65,0.2 378.611
0.7,0.65,0.25 668.032
0.7,0.65,0.3 450.212
0.7,0.65,0.35 340.233
0.7,0.65,0.4 468.317
0.7,0.65,0.45 167.622
0.7,0.65,0.5 10.2777
0.7,0.65,0.55 0.202552
0.7,0.7,0.05 6.10685e-06
0.7,0.7,0.1 0.00267624
0.7,0.7,0.15 13.5107
0.7,0.7,0.2 182.482
0.7,0.7,0.25 213.856
0.7,0.7,0.3 296.464
0.7,0.7,0.35 354.005
0.7,0.7,0.4 436.491
0.7,0.7,0.45 264.509
0.7,0.7,0.5 24.9285
0.7,0.7,0.55 0.102127
0.7,0.75,0.05 0.0495935
0.7,0.75,0.1 4.33687
0.7,0.75,0.15 25.7576
0.7,0.75,0.2 240.155
0.7,0.75,0.25 227.873
0.7,0.75,0.3 144.899
0.7,0.75,0.35 87.9688
0.7,0.75,0.4 57.7702
0.7,0.75,0.45 62.2819
0.7,0.75,0.5 6.8639
0.7,0.75,0.55 0.0489426
0.7,0.8,0.05 10.0625
0.7,0.8,0.1 55.5
0.7,0.8,0.15 40.6736
0.7,0.8,0.2 60.5545
0.7,0.8,0.25 73.7831
0.7,0.8,0.3 18.242
0.7,0.8,0.35 2.06302
0.7,0.8,0.4 0.0242142
0.7,0.8,0.45 0.0193799
0.7,0.8,0.5 0.014782
0.7,0.8,0.55 0.00104317
0.7,0.85,0.05 40.3565
0.7,0.85,0.1 168.885
0.7,0.85,0.15 49.1763
0.7,0.85,0.2 10.6809
0.7,0.85,0.25 8.27444
0.7,0.85,0.3 0.531625
0.7,0.85,0.35 0.000811652
0.7,0.9,0.05 10.309
0.7,0.9,0.1 42.3606
0.7,0.9,0.15 10.8811
0.7,0.9,0.2 0.0145865
0.7,0.9,0.25 0.00645185
0.7,0.9,0.3 2.87113e-05
0.7,0.95,0.05 0.00041766
0.7,0.95,0.1 0.00169637
0.7,0.95,0.15 0.000430623
0.7,0.95,0.2 5.60754e-11
0.75,0.15,0.15 1.19445
0.75,0.15,0.2 18.348
0.75,0.15,0.25 14.6698
0.75,0.15,0.3 0.91565
0.75,0.15,0.35 1.71211
0.75,0.15,0.4 0.372164
0.75,0.2,0.05 2.32668
0.75,0.2,0.1 11.1478
0.75,0.2,0.15 23.1999
0.75,0.2,0.2 274.089
0.75,0.2,0.25 211.927
0.75,0.2,0.3 21.9563
0.75,0.2,0.35 42.5036
0.75,0.2,0.4 9.12392
0.75,0.25,0.05 35.1741
0.75,0.25,0.1 181.808
0.75,0.25,0.15 168.955
0.75,0.25,0.2 290.754
0.75,0.25,0.25 281.393
0.75,0.25,0.3 242.422
0.75,0.25,0.35 77.0421
0.75,0.25,0.4 9.71499
0.75,0.25,0.45 0.0143608
0.75,0.3,0.05 30.3032
0.75,0.3,0.1 230.225
0.75,0.3,0.15 558.378
0.75,0.3,0.2 386.464
0.75,0.3,0.25 317.865
0.75,0.3,0.3 405.426
0.75,0.3,0.35 95.7117
0.75,0.3,0.4 3.36511
0.75,0.3,0.45 0.131344
0.75,0.35,0.05 32.2032
0.75,0.35,0.1 330.228
0.75,0.35,0.15 509.817
0.75,0.35,0.2 496.537
0.75,0.35,0.25 320.741
0.75,0.35,0.3 338.183
0.75,0.35,0.35 149.833
0.75,0.35,0.4 4.84879
0.75,0.35,0.45 0.0704593
0.75,0.4,0.05 20.6258
0.75,0.4,0.1 220.226
0.75,0.4,0.15 313.105
0.75,0.4,0.2 271.467
0.75,0.4,0.25 251.491
0.75,0.4,0.3 549.196
0.75,0.4,0.35 236.812
0.75,0.4,0.4 14.3766
0.75,0.4,0.45 1.74319
0.75,0.45,0.05 30.6158
0.75,0.45,0.1 289.227
0.75,0.45,0.15 526.208
0.75,0.45,0.2 351.238
0.75,0.45,0.25 253.937
0.75,0.45,0.3 449.68
0.75,0.45,0.35 238.419
0.75,0.45,0.4 57.4684
0.75,0.45,0.45 6.38131
0.75,0.5,0.05 36.867
0.75,0.5,0.1 244.211
0.75,0.5,0.15 318.662
0.75,0.5,0.2 656.838
0.75,0.5,0.25 426.275
0.75,0.5,0.3 259.863
0.75,0.5,0.35 189.505
0.75,0.5,0.4 29.383
0.75,0.5,0.45 1.47282
0.75,0.5,0.5 0.000830904
0.75,0.55,0.05 24.2892
0.75,0.55,0.1 142.392
0.75,0.55,0.15 200.53
0.75,0.55,0.2 436.77
0.75,0.55,0.25 505.824
0.75,0.55,0.3 401.21
0.75,0.55,0.35 175.572
0.75,0.55,0.4 22.6564
0.75,0.55,0.45 0.17956
0.75,0.55,0.5 0.00541924
0.75,0.6,0.05 14.7236
0.75,0.6,0.1 80.7468
0.75,0.6,0.15 180.859
0.75,0.6,0.2 445.113
0.75,0.6,0.25 590.584
0.75,0.6,0.3 247.035
0.75,0.6,0.35 180.574
0.75,0.6,0.4 69.5021
0.75,0.6,0.45 0.895739
0.75,0.6,0.5 0.00246952
0.75,0.65,0.05 8.69809
0.75,0.65,0.1 41.915
0.75,0.65,0.15 32.3555
0.75,0.65,0.2 217.24
0.75,0.65,0.25 600.552
0.75,0.65,0.3 499.135
0.75,0.65,0.35 169.35
0.75,0.65,0.4 77.0016
0.75,0.65,0.45 4.97642
0.75,0.65,0.5 0.0629723
0.75,0.7,0.05 0.487181
0.75,0.7,0.1 2.31572
0.75,0.7,0.15 1.42578
0.75,0.7,0.2 31.4723
0.75,0.7,0.25 294.301
0.75,0.7,0.3 397.345
0.75,0.7,0.35 121.808
0.75,0.7,0.4 87.5061
