0.25,0.25,0.25 284.837
0.25,0.25,0.3 496.875
0.25,0.25,0.35 302.428
0.25,0.25,0.4 13.2022
0.25,0.3,0 1.53047e-11
0.25,0.3,0.05 45.9826
0.25,0.3,0.1 198.283
0.25,0.3,0.15 327.198
0.25,0.3,0.2 579.084
0.25,0.3,0.25 203.294
0.25,0.3,0.3 186.936
0.25,0.3,0.35 154.047
0.25,0.3,0.4 6.11232
0.25,0.35,0 1.6974e-13
0.25,0.35,0.05 78.3856
0.25,0.35,0.1 405.397
0.25,0.35,0.15 311.455
0.25,0.35,0.2 126.677
0.25,0.35,0.25 21.298
0.25,0.35,0.3 32.0798
0.25,0.35,0.35 30.1843
0.25,0.35,0.4 1.30321
0.25,0.4,0 1.1652e-11
0.25,0.4,0.05 105.922
0.25,0.4,0.1 501.34
0.25,0.4,0.15 363.398
0.25,0.4,0.2 127.438
0.25,0.4,0.25 23.5923
0.25,0.4,0.3 1.07474
0.25,0.45,0 6.11728e-10
0.25,0.45,0.05 149.285
0.25,0.45,0.1 656.339
0.25,0.45,0.15 453.454
0.25,0.45,0.2 329.914
0.25,0.45,0.25 284.212
0.25,0.45,0.3 86.2657
0.25,0.45,0.35 58.334
0.25,0.45,0.4 14.4214
0.25,0.45,0.45 0.726689
0.25,0.5,0 1.64413e-09
0.25,0.5,0.05 181.334
0.25,0.5,0.1 735.79
0.25,0.5,0.15 339.88
0.25,0.5,0.2 426.268
0.25,0.5,0.25 634.131
0.25,0.5,0.3 599.181
0.25,0.5,0.35 517.636
0.25,0.5,0.4 276.734
0.25,0.5,0.45 17.5706
0.25,0.55,0 2.49373e-09
0.25,0.55,0.05 89.651
0.25,0.55,0.1 481.193
0.25,0.55,0.15 312.299
0.25,0.55,0.2 246.32
0.25,0.55,0.25 523.399
0.25,0.55,0.3 681.369
0.25,0.55,0.35 664.141
0.25,0.55,0.4 407.383
0.25,0.55,0.45 22.8597
0.25,0.6,0 1.73455e-08
0.25,0.6,0.05 24.9498
0.25,0.6,0.1 310.84
0.25,0.6,0.15 469.978
0.25,0.6,0.2 541.311
0.25,0.6,0.25 451.563
0.25,0.6,0.3 463.3
0.25,0.6,0.35 563.372
0.25,0.6,0.4 300.691
0.25,0.6,0.45 9.7798
0.25,0.65,0 1.10698e-08
0.25,0.65,0.05 79.3422
0.25,0.65,0.1 355.976
0.25,0.65,0.15 389.86
0.25,0.65,0.2 556.814
0.25,0.65,0.25 254.736
0.25,0.65,0.3 329.409
0.25,0.65,0.35 292.864
0.25,0.65,0.4 148.825
0.25,0.65,0.45 4.039
0.25,0.7,0 2.14309e-09
0.25,0.7,0.05 110.443
0.25,0.7,0.1 513.661
0.25,0.7,0.15 442.426
0.25,0.7,0.2 412.102
0.25,0.7,0.25 344.706
0.25,0.7,0.3 240.658
0.25,0.7,0.35 74.9208
0.25,0.7,0.4 15.6
0.25,0.7,0.45 0.412336
0.25,0.75,0 1.56936e-10
0.25,0.75,0.05 99.3844
0.25,0.75,0.1 499.4
0.25,0.75,0.15 476.947
0.25,0.75,0.2 362.981
0.25,0.75,0.25 278.046
0.25,0.75,0.3 92.8899
0.25,0.75,0.35 3.59444
0.25,0.75,0.4 0.000260235
0.25,0.8,0.05 33.0918
0.25,0.8,0.1 171.442
0.25,0.8,0.15 230.046
0.25,0.8,0.2 220.069
0.25,0.8,0.25 118.71
0.25,0.8,0.3 68.5189
0.25,0.8,0.35 2.03458
0.25,0.85,0.05 0.0494343
0.25,0.85,0.1 0.524235
0.25,0.85,0.15 4.60478
0.25,0.85,0.2 6.97831
0.25,0.85,0.25 6.69562
0.25,0.85,0.3 4.7292
0.25,0.85,0.35 0.142509
0.3,0,0.1 8.98235e-13
0.3,0,0.15 3.69085e-11
0.3,0,0.2 7.2462e-11
0.3,0,0.25 4.93977e-10
0.3,0,0.3 4.6626e-10
0.3,0,0.35 1.84664e-11
0.3,0.05,0 8.01219e-13
0.3,0.05,0.05 0.302368
0.3,0.05,0.1 2.65306
0.3,0.05,0.15 59.7985
0.3,0.05,0.2 83.8184
0.3,0.05,0.25 83.0123
0.3,0.05,0.3 73.5557
0.3,0.05,0.35 2.95166
0.3,0.1,0 3.75156e-11
0.3,0.1,0.05 13.3133
0.3,0.1,0.1 62.9898
0.3,0.1,0.15 289.389
0.3,0.1,0.2 410.219
0.3,0.1,0.25 383.448
0.3,0.1,0.3 360.269
0.3,0.1,0.35 23.5417
0.3,0.1,0.4 0.00279048
0.3,0.15,0 6.54091e-11
0.3,0.15,0.05 23.7074
0.3,0.15,0.1 134.638
0.3,0.15,0.15 434.416
0.3,0.15,0.2 524.956
0.3,0.15,0.25 342.371
0.3,0.15,0.3 548.584
0.3,0.15,0.35 183.586
0.3,0.15,0.4 17.0423
0.3,0.2,0 1.9105e-10
0.3,0.2,0.05 78.1207
0.3,0.2,0.1 374.8
0.3,0.2,0.15 627.927
0.3,0.2,0.2 587.764
0.3,0.2,0.25 426.598
0.3,0.2,0.3 700.199
0.3,0.2,0.35 439.351
0.3,0.2,0.4 58.1209
0.3,0.25,0 3.58268e-10
0.3,0.25,0.05 96.5271
0.3,0.25,0.1 402.917
0.3,0.25,0.15 255.412
0.3,0.25,0.2 230.564
0.3,0.25,0.25 429.52
0.3,0.25,0.3 591.783
0.3,0.25,0.35 320.311
0.3,0.25,0.4 18.9191
0.3,0.3,0 7.48124e-11
0.3,0.3,0.05 34.2306
0.3,0.3,0.1 172.602
0.3,0.3,0.15 414.278
0.3,0.3,0.2 488.882
0.3,0.3,0.25 465.804
0.3,0.3,0.3 476.797
0.3,0.3,0.35 330.051
0.3,0.3,0.4 13.1328
0.3,0.35,0 5.65994e-10
0.3,0.35,0.05 42.2176
0.3,0.35,0.1 361.579
0.3,0.35,0.15 752.537
0.3,0.35,0.2 535.239
0.3,0.35,0.25 81.8039
0.3,0.35,0.3 79.3844
0.3,0.35,0.35 64.4346
0.3,0.35,0.4 2.75297
0.3,0.4,0 1.07905e-09
0.3,0.4,0.05 112.872
0.3,0.4,0.1 607.256
0.3,0.4,0.15 765.321
0.3,0.4,0.2 466.485
0.3,0.4,0.25 40.9012
0.3,0.4,0.3 0.732798
0.3,0.4,0.35 0.0622922
0.3,0.4,0.4 0.0220389
0.3,0.4,0.45 0.000103916
0.3,0.45,0 5.84015e-10
0.3,0.45,0.05 81.4135
0.3,0.45,0.1 385.29
0.3,0.45,0.15 519.701
0.3,0.45,0.2 490.631
0.3,0.45,0.25 201.111
0.3,0.45,0.3 79.0879
0.3,0.45,0.35 49.5791
0.3,0.45,0.4 5.2482
0.3,0.45,0.45 0.0589654
0.3,0.5,0 1.11757e-09
0.3,0.5,0.05 120.931
0.3,0.5,0.1 487.69
0.3,0.5,0.15 211.002
0.3,0.5,0.2 241.312
0.3,0.5,0.25 357.205
0.3,0.5,0.3 555.083
0.3,0.5,0.35 321.04
0.3,0.5,0.4 42.1836
0.3,0.5,0.45 1.14462
0.3,0.55,0 6.19767e-08
0.3,0.55,0.05 81.8207
0.3,0.55,0.1 347.169
0.3,0.55,0.15 260.316
0.3,0.55,0.2 291.827
0.3,0.55,0.25 443.973
0.3,0.55,0.3 625.431
0.3,0.55,0.35 219.715
0.3,0.55,0.4 50.37
0.3,0.55,0.45 1.65453
0.3,0.6,0 5.15624e-07
0.3,0.6,0.05 70.5766
0.3,0.6,0.1 316.635
0.3,0.6,0.15 326.849
0.3,0.6,0.2 543.17
0.3,0.6,0.25 460.764
0.3,0.6,0.3 739.997
0.3,0.6,0.35 437.697
0.3,0.6,0.4 158.665
0.3,0.6,0.45 4.24005
0.3,0.65,0 2.57486e-07
0.3,0.65,0.05 79.0925
0.3,0.65,0.1 325.505
0.3,0.65,0.15 202.305
0.3,0.65,0.2 345.162
0.3,0.65,0.25 485.608
0.3,0.65,0.3 660.08
0.3,0.65,0.35 629.348
0.3,0.65,0.4 267.001
0.3,0.65,0.45 6.68607
0.3,0.7,0 2.71045e-09
0.3,0.7,0.05 72.6946
0.3,0.7,0.1 319.77
0.3,0.7,0.15 321.374
0.3,0.7,0.2 502.88
0.3,0.7,0.25 273.106
0.3,0.7,0.3 100.35
0.3,0.7,0.35 72.7736
0.3,0.7,0.4 32.5281
0.3,0.7,0.45 0.786768
0.3,0.75,0 8.54123e-11
0.3,0.75,0.05 33.7262
0.3,0.75,0.1 206.217
0.3,0.75,0.15 424.412
0.3,0.75,0.2 255.005
0.3,0.75,0.25 99.3437
0.3,0.75,0.3 9.54256
0.3,0.75,0.35 0.0444792
0.3,0.75,0.4 5.60325e-06
0.3,0.8,0.05 10.2149
0.3,0.8,0.1 53.541
0.3,0.8,0.15 66.0703
0.3,0.8,0.2 50.7862
0.3,0.8,0.25 51.7563
0.3,0.8,0.3 6.02844
0.3,0.8,0.35 0.000522006
0.3,0.85,0.05 0.0152559
0.3,0.85,0.1 0.070432
0.3,0.85,0.15 0.148762
0.3,0.85,0.2 0.995261
0.3,0.85,0.25 1.60735
0.3,0.85,0.3 0.187669
0.3,0.85,0.35 3.6563e-05
0.35,0,0.1 1.0915e-13
0.35,0,0.15 4.48499e-12
0.35,0,0.2 1.36352e-11
0.35,0,0.25 1.61573e-10
0.35,0,0.3 1.53173e-10
0.35,0,0.35 6.06646e-12
0.35,0.05,0 3.76251e-12
0.35,0.05,0.05 1.42621
0.35,0.05,0.1 5.87794
0.35,0.05,0.15 8.63811
0.35,0.05,0.2 11.3029
0.35,0.05,0.25 26.7661
0.35,0.05,0.3 23.8756
0.35,0.05,0.35 0.939581
0.35,0.1,0 1.65066e-10
0.35,0.1,0.05 63.1075
0.35,0.1,0.1 254.296
0.35,0.1,0.15 93.1012
0.35,0.1,0.2 66.7446
0.35,0.1,0.25 158.341
0.35,0.1,0.3 119.087
0.35,0.1,0.35 7.04578
0.35,0.1,0.4 0.000246767
0.35,0.15,0 2.26612e-10
0.35,0.15,0.05 97.6427
0.35,0.15,0.1 410.023
0.35,0.15,0.15 183.141
0.35,0.15,0.2 176.965
0.35,0.15,0.25 259.235
0.35,0.15,0.3 196.57
0.35,0.15,0.35 33.7662
0.35,0.15,0.4 1.50665
0.35,0.2,0 1.71573e-10
0.35,0.2,0.05 105.751
0.35,0.2,0.1 466.809
0.35,0.2,0.15 463.895
0.35,0.2,0.2 385.794
0.35,0.2,0.25 380.566
0.35,0.2,0.3 447.187
0.35,0.2,0.35 104.511
0.35,0.2,0.4 6.10373
0.35,0.25,0 5.61471e-10
0.35,0.25,0.05 165.38
0.35,0.25,0.1 741.463
0.35,0.25,0.15 598.052
0.35,0.25,0.2 245.43
0.35,0.25,0.25 445.521
0.35,0.25,0.3 719.596
0.35,0.25,0.35 259.364
0.35,0.25,0.4 6.56631
0.35,0.3,0 1.69141e-10
0.35,0.3,0.05 130.447
0.35,0.3,0.1 557.139
0.35,0.3,0.15 514.092
0.35,0.3,0.2 471.085
0.35,0.3,0.25 695.915
0.35,0.3,0.3 662.962
0.35,0.3,0.35 138.052
0.35,0.3,0.4 3.0907
0.35,0.35,0 3.5015e-09
0.35,0.35,0.05 94.5043
0.35,0.35,0.1 413.365
0.35,0.35,0.15 442.504
0.35,0.35,0.2 453.616
0.35,0.35,0.25 199.643
0.35,0.35,0.3 94.2361
0.35,0.35,0.35 14.4197
0.35,0.35,0.4 0.34998
0.35,0.4,0 6.68159e-09
0.35,0.4,0.05 166.586
0.35,0.4,0.1 827.287
0.35,0.4,0.15 703.656
0.35,0.4,0.2 364.187
0.35,0.4,0.25 39.3146
0.35,0.4,0.3 12.8957
0.35,0.4,0.35 21.0427
0.35,0.4,0.4 19.9632
0.35,0.4,0.45 0.989449
0.35,0.45,0 2.66199e-09
0.35,0.45,0.05 100.09
0.35,0.45,0.1 572.864
0.35,0.45,0.15 741.926
0.35,0.45,0.2 642.296
0.35,0.45,0.25 145.135
0.35,0.45,0.3 90.7765
0.35,0.45,0.35 247.784
0.35,0.45,0.4 138.536
0.35,0.45,0.45 4.54272
0.35,0.5,0 2.48193e-09
0.35,0.5,0.05 145.102
0.35,0.5,0.1 611.145
0.35,0.5,0.15 411.705
0.35,0.5,0.2 552.47
0.35,0.5,0.25 565.472
0.35,0.5,0.3 577.77
0.35,0.5,0.35 472.92
0.35,0.5,0.4 125.287
0.35,0.5,0.45 1.35312
0.35,0.55,0 7.25734e-08
0.35,0.55,0.05 90.4949
0.35,0.55,0.1 391.327
0.35,0.55,0.15 480.583
0.35,0.55,0.2 627.099
0.35,0.55,0.25 446.036
0.35,0.55,0.3 433.565
0.35,0.55,0.35 138.004
0.35,0.55,0.4 13.5092
0.35,0.55,0.45 0.0530149
0.35,0.6,0 5.99473e-07
0.35,0.6,0.05 93.6092
0.35,0.6,0.1 418.51
0.35,0.6,0.15 648.618
0.35,0.6,0.2 971.352
0.35,0.6,0.25 405.967
0.35,0.6,0.3 546.949
0.35,0.6,0.35 404.236
0.35,0.6,0.4 166.32
0.35,0.6,0.45 5.09921
0.35,0.65,0 2.98019e-07
0.35,0.65,0.05 114.475
0.35,0.65,0.1 502.824
0.35,0.65,0.15 479.138
0.35,0.65,0.2 524.2
0.35,0.65,0.25 580.606
0.35,0.65,0.3 627.497
0.35,0.65,0.35 774.893
0.35,0.65,0.4 340.981
0.35,0.65,0.45 9.75239
0.35,0.7,0 2.2604e-09
0.35,0.7,0.05 76.3821
0.35,0.7,0.1 318.62
0.35,0.7,0.15 195.783
0.35,0.7,0.2 487.447
0.35,0.7,0.25 623.547
0.35,0.7,0.3 178.432
0.35,0.7,0.35 107.552
0.35,0.7,0.4 42.6757
0.35,0.7,0.45 1.09988
0.35,0.75,0 6.48878e-09
0.35,0.75,0.05 4.15488
0.35,0.75,0.1 40.74
0.35,0.75,0.15 172.26
0.35,0.75,0.2 380.687
0.35,0.75,0.25 468.084
0.35,0.75,0.3 91.6339
0.35,0.75,0.35 3.12694
0.35,0.8,0 2.09747e-08
0.35,0.8,0.05 2.16428
0.35,0.8,0.1 11.8613
0.35,0.8,0.15 23.7966
0.35,0.8,0.2 136.349
0.35,0.8,0.25 257.77
0.35,0.8,0.3 37.5806
0.35,0.8,0.35 0.531448
0.35,0.85,0 4.23295e-09
0.35,0.85,0.05 0.43619
0.35,0.85,0.1 1.73361
0.35,0.85,0.15 0.461276
0.35,0.85,0.2 3.94893
0.35,0.85,0.25 7.80258
0.35,0.85,0.3 0.915335
0.4,0,0.2 4.56167e-15
0.4,0,0.25 9.59092e-14
0.4,0,0.3 9.1156e-14
0.4,0,0.35 3.61026e-15
0.4,0.05,0 1.10857e-12
0.4,0.05,0.05 0.42021
0.4,0.05,0.1 1.68014
0.4,0.05,0.15 0.434309
0.4,0.05,0.2 2.89162
0.4,0.05,0.25 6.44988
0.4,0.05,0.3 1.27711
0.4,0.05,0.35 0.157556
0.4,0.05,0.4 0.00029906
0.4,0.1,0 4.88549e-11
0.4,0.1,0.05 27.4751
0.4,0.1,0.1 120.47
0.4,0.1,0.15 34.9127
0.4,0.1,0.2 120.394
0.4,0.1,0.25 266.519
0.4,0.1,0.3 59.2888
0.4,0.1,0.35 9.29281
0.4,0.1,0.4 0.0176968
0.4,0.15,0 6.89029e-11
0.4,0.15,0.05 102.89
0.4,0.15,0.1 531.304
0.4,0.15,0.15 211.686
0.4,0.15,0.2 337.686
0.4,0.15,0.25 634.209
0.4,0.15,0.3 122.426
0.4,0.15,0.35 14.7081
0.4,0.15,0.4 0.0272891
0.4,0.2,0 3.69992e-11
0.4,0.2,0.05 79.1401
0.4,0.2,0.1 409.865
0.4,0.2,0.15 393.639
0.4,0.2,0.2 415.789
0.4,0.2,0.25 342.674
0.4,0.2,0.3 97.719
0.4,0.2,0.35 8.21572
0.4,0.2,0.4 0.0874768
0.4,0.25,0 1.86582e-10
0.4,0.25,0.05 92.9614
0.4,0.25,0.1 435.967
0.4,0.25,0.15 459.394
0.4,0.25,0.2 248.153
0.4,0.25,0.25 208.159
0.4,0.25,0.3 174.738
0.4,0.25,0.35 26.8092
0.4,0.25,0.4 0.4182
0.4,0.3,0 2.0072e-10
0.4,0.3,0.05 106.966
0.4,0.3,0.1 447.765
0.4,0.3,0.15 264.888
0.4,0.3,0.2 369.459
0.4,0.3,0.25 531.375
0.4,0.3,0.3 282.424
0.4,0.3,0.35 22.5829
0.4,0.3,0.4 0.128183
0.4,0.35,0 1.36059e-09
0.4,0.35,0.05 51.966
0.4,0.35,0.1 211.268
0.4,0.35,0.15 129.546
0.4,0.35,0.2 330.335
0.4,0.35,0.25 576.59
0.4,0.35,0.3 362.937
0.4,0.35,0.35 53.7208
0.4,0.35,0.4 0.268781
0.4,0.4,0 2.56705e-09
0.4,0.4,0.05 52.8863
0.4,0.4,0.1 269.738
0.4,0.4,0.15 378.225
0.4,0.4,0.2 330.733
0.4,0.4,0.25 266.043
0.4,0.4,0.3 356.796
0.4,0.4,0.35 143.74
0.4,0.4,0.4 69.5055
0.4,0.4,0.45 3.43745
0.4,0.45,0 1.44758e-09
0.4,0.45,0.05 53.6838
0.4,0.45,0.1 307.506
0.4,0.45,0.15 580.422
0.4,0.45,0.2 594.865
0.4,0.45,0.25 298.24
0.4,0.45,0.3 273.626
0.4,0.45,0.35 469.963
0.4,0.45,0.4 354.755
0.4,0.45,0.45 15.7815
0.4,0.5,0 1.36877e-09
0.4,0.5,0.05 68.2836
0.4,0.5,0.1 342.387
0.4,0.5,0.15 510.863
0.4,0.5,0.2 769.693
0.4,0.5,0.25 530.482
0.4,0.5,0.3 530.542
0.4,0.5,0.35 643.493
0.4,0.5,0.4 206.396
0.4,0.5,0.45 6.37958
0.4,0.55,0 1.13359e-08
0.4,0.55,0.05 51.2878
0.4,0.55,0.1 267.517
0.4,0.55,0.15 428.276
0.4,0.55,0.2 554.78
0.4,0.55,0.25 342.322
0.4,0.55,0.3 248.054
0.4,0.55,0.35 215.699
0.4,0.55,0.4 40.6385
0.4,0.55,0.45 1.81538
0.4,0.6,0 6.01548e-08
0.4,0.6,0.05 147.991
0.4,0.6,0.1 611.495
0.4,0.6,0.15 381.494
0.4,0.6,0.2 614.26
0.4,0.6,0.25 301.918
0.4,0.6,0.3 171.211
0.4,0.6,0.35 132.563
0.4,0.6,0.4 77.1867
0.4,0.6,0.45 2.74969
0.4,0.65,0 2.32439e-08
0.4,0.65,0.05 72.0673
0.4,0.65,0.1 306.692
0.4,0.65,0.15 269.068
0.4,0.65,0.2 540.994
0.4,0.65,0.25 431.76
0.4,0.65,0.3 367.427
0.4,0.65,0.35 264.882
0.4,0.65,0.4 149.619
0.4,0.65,0.45 5.10654
0.4,0.7,0 2.16872e-10
0.4,0.7,0.05 17.1987
0.4,0.7,0.1 69.7672
0.4,0.7,0.15 44.5591
0.4,0.7,0.2 265.151
0.4,0.7,0.25 394.445
0.4,0.7,0.3 199.103
0.4,0.7,0.35 42.7487
0.4,0.7,0.4 17.7172
0.4,0.7,0.45 0.573776
0.4,0.75,0 2.05596e-07
0.4,0.75,0.05 21.9332
0.4,0.75,0.1 87.2687
0.4,0.75,0.15 30.6837
0.4,0.75,0.2 152.183
0.4,0.75,0.25 413.582
0.4,0.75,0.3 329.772
0.4,0.75,0.35 20.4392
0.4,0.8,0 6.64996e-07
0.4,0.8,0.05 68.5247
0.4,0.8,0.1 272.357
0.4,0.8,0.15 68.0984
0.4,0.8,0.2 40.899
0.4,0.8,0.25 119.353
0.4,0.8,0.3 62.5672
0.4,0.8,0.35 3.47381
0.4,0.85,0 1.34204e-07
0.4,0.85,0.05 13.8291
0.4,0.85,0.1 54.9628
0.4,0.85,0.15 13.6623
0.4,0.85,0.2 1.20979
0.4,0.85,0.25 2.39038
0.4,0.85,0.3 0.28042
0.45,0.05,0 1.5661e-16
0.45,0.05,0.05 5.9364e-05
0.45,0.05,0.1 0.000237358
0.45,0.05,0.15 0.00507221
0.45,0.05,0.2 1.00309
0.45,0.05,0.25 2.78355
0.45,0.05,0.3 3.8184
0.45,0.05,0.35 1.33613
0.45,0.05,0.4 0.00254516
0.45,0.1,0 9.79696e-13
0.45,0.1,0.05 22.0401
0.45,0.1,0.1 93.5007
0.45,0.1,0.15 30.9573
0.45,0.1,0.2 56.4475
0.45,0.1,0.25 127.99
0.45,0.1,0.3 223.174
0.45,0.1,0.35 79.2683
0.45,0.1,0.4 0.15061
0.45,0.15,0 6.90397e-11
0.45,0.15,0.05 138.377
0.45,0.15,0.1 613.561
0.45,0.15,0.15 255.855
0.45,0.15,0.2 327.902
0.45,0.15,0.25 316.833
0.45,0.15,0.3 384.952
0.45,0.15,0.35 125.43
0.45,0.15,0.4 0.232245
0.45,0.2,0 8.20899e-10
0.45,0.2,0.05 154.705
0.45,0.2,0.1 657.343
0.45,0.2,0.15 258.363
0.45,0.2,0.2 296.158
0.45,0.2,0.25 357.265
0.45,0.2,0.3 132.947
0.45,0.2,0.35 14.2421
