0.45,0.1,0.2 31.6478
0.45,0.1,0.25 24.5906
0.45,0.1,0.3 115
0.45,0.1,0.35 81.2093
0.45,0.1,0.4 2.28706
0.45,0.15,0.05 23.5439
0.45,0.15,0.1 365.868
0.45,0.15,0.15 575.68
0.45,0.15,0.2 302.218
0.45,0.15,0.25 211.844
0.45,0.15,0.3 197.465
0.45,0.15,0.35 66.5922
0.45,0.15,0.4 1.72604
0.45,0.2,0 4.81825e-14
0.45,0.2,0.05 35.2692
0.45,0.2,0.1 461.918
0.45,0.2,0.15 583.553
0.45,0.2,0.2 288.927
0.45,0.2,0.25 469.776
0.45,0.2,0.3 330.651
0.45,0.2,0.35 16.4217
0.45,0.2,0.4 0.428284
0.45,0.25,0 3.85436e-11
0.45,0.25,0.05 68.5412
0.45,0.25,0.1 419.845
0.45,0.25,0.15 331
0.45,0.25,0.2 257.765
0.45,0.25,0.25 295.964
0.45,0.25,0.3 181.827
0.45,0.25,0.35 19.1624
0.45,0.25,0.4 1.2622
0.45,0.3,0 1.0791e-10
0.45,0.3,0.05 127.064
0.45,0.3,0.1 531.551
0.45,0.3,0.15 673.105
0.45,0.3,0.2 816.114
0.45,0.3,0.25 188.097
0.45,0.3,0.3 89.4991
0.45,0.3,0.35 24.7967
0.45,0.3,0.4 18.1871
0.45,0.3,0.45 3.03003
0.45,0.35,0 1.87451e-11
0.45,0.35,0.05 132.174
0.45,0.35,0.1 548.488
0.45,0.35,0.15 541.29
0.45,0.35,0.2 647.649
0.45,0.35,0.25 308.83
0.45,0.35,0.3 646.192
0.45,0.35,0.35 307.06
0.45,0.35,0.4 181.632
0.45,0.35,0.45 25.2891
0.45,0.4,0 7.91742e-12
0.45,0.4,0.05 78.6033
0.45,0.4,0.1 342.066
0.45,0.4,0.15 304.99
0.45,0.4,0.2 366.218
0.45,0.4,0.25 267.019
0.45,0.4,0.3 672.275
0.45,0.4,0.35 586.371
0.45,0.4,0.4 207.506
0.45,0.4,0.45 17.9136
0.45,0.4,0.5 0.00309671
0.45,0.45,0 2.01082e-10
0.45,0.45,0.05 74.0138
0.45,0.45,0.1 363.34
0.45,0.45,0.15 479.573
0.45,0.45,0.2 550.96
0.45,0.45,0.25 575.754
0.45,0.45,0.3 557.143
0.45,0.45,0.35 430.394
0.45,0.45,0.4 380.787
0.45,0.45,0.45 93.0795
0.45,0.45,0.5 0.0493161
0.45,0.5,0 1.12066e-09
0.45,0.5,0.05 87.3821
0.45,0.5,0.1 394.756
0.45,0.5,0.15 476.647
0.45,0.5,0.2 614.024
0.45,0.5,0.25 663.683
0.45,0.5,0.3 436.031
0.45,0.5,0.35 925.923
0.45,0.5,0.4 822.634
0.45,0.5,0.45 116.169
0.45,0.5,0.5 0.0505193
0.45,0.55,0 4.57506e-09
0.45,0.55,0.05 35.0327
0.45,0.55,0.1 244.055
0.45,0.55,0.15 621.823
0.45,0.55,0.2 561.415
0.45,0.55,0.25 242.603
0.45,0.55,0.3 80.4865
0.45,0.55,0.35 367.52
0.45,0.55,0.4 301.071
0.45,0.55,0.45 14.6674
0.45,0.55,0.5 0.00269491
0.45,0.6,0 1.45695e-08
0.45,0.6,0.05 124.565
0.45,0.6,0.1 535.15
0.45,0.6,0.15 399.612
0.45,0.6,0.2 709.85
0.45,0.6,0.25 421.846
0.45,0.6,0.3 37.6063
0.45,0.6,0.35 11.2364
0.45,0.6,0.4 6.64116
0.45,0.6,0.45 0.164025
0.45,0.65,0 4.32448e-09
0.45,0.65,0.05 65.7752
0.45,0.65,0.1 278.801
0.45,0.65,0.15 212.718
0.45,0.65,0.2 253.171
0.45,0.65,0.25 116.315
0.45,0.65,0.3 32.6818
0.45,0.65,0.35 67.989
0.45,0.65,0.4 14.2619
0.45,0.65,0.45 0.0263885
0.45,0.7,0 1.04913e-10
0.45,0.7,0.05 1.20881
0.45,0.7,0.1 10.065
0.45,0.7,0.15 45.6924
0.45,0.7,0.2 79.5589
0.45,0.7,0.25 42.7789
0.45,0.7,0.3 41.0191
0.45,0.7,0.35 114.244
0.45,0.7,0.4 22.2458
0.45,0.7,0.45 0.000736509
0.45,0.75,0 2.42916e-07
0.45,0.75,0.05 25.0314
0.45,0.75,0.1 99.489
0.45,0.75,0.15 29.5044
0.45,0.75,0.2 34.6204
0.45,0.75,0.25 16.2846
0.45,0.75,0.3 4.14605
0.45,0.75,0.35 11.6963
0.45,0.75,0.4 2.27557
0.45,0.8,0 7.85732e-07
0.45,0.8,0.05 80.9672
0.45,0.8,0.1 321.799
0.45,0.8,0.15 80.3731
0.45,0.8,0.2 2.87138
0.45,0.8,0.25 1.15721
0.45,0.8,0.3 0.00319043
0.45,0.85,0 1.58594e-07
0.45,0.85,0.05 16.3439
0.45,0.85,0.1 64.9577
0.45,0.85,0.15 16.1356
0.45,0.9,0 1.66874e-12
0.45,0.9,0.05 0.000257712
0.45,0.9,0.1 0.00102509
0.45,0.9,0.15 0.00025484
0.5,0.05,0.25 1.11945
0.5,0.05,0.3 18.0283
0.5,0.05,0.35 14.5623
0.5,0.05,0.4 0.416339
0.5,0.1,0 4.9591e-13
0.5,0.1,0.05 0.39037
0.5,0.1,0.1 5.98955
0.5,0.1,0.15 28.3526
0.5,0.1,0.2 41.1908
0.5,0.1,0.25 49.9615
0.5,0.1,0.3 276.198
0.5,0.1,0.35 212.071
0.5,0.1,0.4 6.04722
0.5,0.15,0 1.46754e-10
0.5,0.15,0.05 6.93067
0.5,0.15,0.1 60.1
0.5,0.15,0.15 243.417
0.5,0.15,0.2 409.331
0.5,0.15,0.25 613.361
0.5,0.15,0.3 555.038
0.5,0.15,0.35 176.413
0.5,0.15,0.4 4.58152
0.5,0.2,0 3.53236e-10
0.5,0.2,0.05 66.0778
0.5,0.2,0.1 393.269
0.5,0.2,0.15 512.635
0.5,0.2,0.2 754.812
0.5,0.2,0.25 866.175
0.5,0.2,0.3 686.43
0.5,0.2,0.35 122.418
0.5,0.2,0.4 7.87438
0.5,0.25,0 2.07192e-09
0.5,0.25,0.05 78.7303
0.5,0.25,0.1 402.239
0.5,0.25,0.15 427.983
0.5,0.25,0.2 684.612
0.5,0.25,0.25 576.716
0.5,0.25,0.3 408.651
0.5,0.25,0.35 293.361
0.5,0.25,0.4 24.5664
0.5,0.3,0 5.65827e-09
0.5,0.3,0.05 134.397
0.5,0.3,0.1 559.546
0.5,0.3,0.15 634.337
0.5,0.3,0.2 741.865
0.5,0.3,0.25 397.142
0.5,0.3,0.3 193.086
0.5,0.3,0.35 97.5306
0.5,0.3,0.4 49.4664
0.5,0.3,0.45 7.52284
0.5,0.35,0 1.00853e-09
0.5,0.35,0.05 152.306
0.5,0.35,0.1 626.15
0.5,0.35,0.15 488.609
0.5,0.35,0.2 483.71
0.5,0.35,0.25 150.745
0.5,0.35,0.3 165.864
0.5,0.35,0.35 287.993
0.5,0.35,0.4 429.534
0.5,0.35,0.45 62.738
0.5,0.4,0 7.14102e-11
0.5,0.4,0.05 101.712
0.5,0.4,0.1 410.697
0.5,0.4,0.15 195.377
0.5,0.4,0.2 387.57
0.5,0.4,0.25 326.744
0.5,0.4,0.3 205.324
0.5,0.4,0.35 536.262
0.5,0.4,0.4 414.569
0.5,0.4,0.45 34.5924
0.5,0.4,0.5 0.0002149
0.5,0.45,0 4.66656e-10
0.5,0.45,0.05 105.309
0.5,0.45,0.1 427.476
0.5,0.45,0.15 207.488
0.5,0.45,0.2 477.983
0.5,0.45,0.25 420.894
0.5,0.45,0.3 153.779
0.5,0.45,0.35 154.444
0.5,0.45,0.4 114.811
0.5,0.45,0.45 14.8781
0.5,0.45,0.5 0.00646537
0.5,0.5,0 5.70569e-09
0.5,0.5,0.05 118.618
0.5,0.5,0.1 498.044
0.5,0.5,0.15 416.271
0.5,0.5,0.2 633.71
0.5,0.5,0.25 548.293
0.5,0.5,0.3 356.422
0.5,0.5,0.35 295.57
0.5,0.5,0.4 234.723
0.5,0.5,0.45 21.3922
0.5,0.5,0.5 0.00744496
0.5,0.55,0 5.7425e-09
0.5,0.55,0.05 77.3705
0.5,0.55,0.1 442.73
0.5,0.55,0.15 796.337
0.5,0.55,0.2 948.834
0.5,0.55,0.25 298.626
0.5,0.55,0.3 282.649
0.5,0.55,0.35 183.628
0.5,0.55,0.4 112.784
0.5,0.55,0.45 4.44608
0.5,0.55,0.5 0.000412042
0.5,0.6,0 5.48123e-10
0.5,0.6,0.05 12.9315
0.5,0.6,0.1 180.797
0.5,0.6,0.15 435.157
0.5,0.6,0.2 391.796
0.5,0.6,0.25 98.0741
0.5,0.6,0.3 15.6975
0.5,0.6,0.35 4.54338
0.5,0.6,0.4 1.69952
0.5,0.6,0.45 0.0514073
0.5,0.65,0 1.7077e-10
0.5,0.65,0.05 5.73758
0.5,0.65,0.1 85.6853
0.5,0.65,0.15 425.727
0.5,0.65,0.2 375.914
0.5,0.65,0.25 251.544
0.5,0.65,0.3 33.0413
0.5,0.65,0.35 0.13264
0.5,0.65,0.4 0.00380269
0.5,0.7,0 7.55697e-12
0.5,0.7,0.05 0.415982
0.5,0.7,0.1 21.438
0.5,0.7,0.15 192.925
0.5,0.7,0.2 683.133
0.5,0.7,0.25 531.185
0.5,0.7,0.3 45.6303
0.5,0.7,0.35 0.162481
0.5,0.7,0.4 0.00673716
0.5,0.75,0 1.82802e-08
0.5,0.75,0.05 8.32635
0.5,0.75,0.1 35.9375
0.5,0.75,0.15 69.2364
0.5,0.75,0.2 396.677
0.5,0.75,0.25 189.973
0.5,0.75,0.3 3.99759
0.5,0.75,0.35 0.0104148
0.5,0.75,0.4 0.000690659
0.5,0.8,0 1.78869e-07
0.5,0.8,0.05 31.8896
0.5,0.8,0.1 127.217
0.5,0.8,0.15 37.3943
0.5,0.8,0.2 34.5269
0.5,0.8,0.25 13.8859
0.5,0.8,0.3 0.0382835
0.5,0.85,0 1.65992e-07
0.5,0.85,0.05 25.4838
0.5,0.85,0.1 101.369
0.5,0.85,0.15 25.2017
0.5,0.9,0 8.96276e-09
0.5,0.9,0.05 1.38416
0.5,0.9,0.1 5.50572
0.5,0.9,0.15 1.36874
0.55,0.05,0.25 0.182895
0.55,0.05,0.3 2.94545
0.55,0.05,0.35 2.37919
0.55,0.05,0.4 0.0680214
0.55,0.1,0 2.28102e-11
0.55,0.1,0.05 0.084189
0.55,0.1,0.1 0.372546
0.55,0.1,0.15 4.48051
0.55,0.1,0.2 34.0819
0.55,0.1,0.25 29.421
0.55,0.1,0.3 48.0155
0.55,0.1,0.35 34.8002
0.55,0.1,0.4 0.987995
0.55,0.15,0 6.75019e-09
0.55,0.15,0.05 26.8554
0.55,0.15,0.1 110.076
0.55,0.15,0.15 75.1742
0.55,0.15,0.2 320.789
0.55,0.15,0.25 344.311
0.55,0.15,0.3 187.636
0.55,0.15,0.35 41.0664
0.55,0.15,0.4 1.17206
0.55,0.2,0 1.6135e-08
0.55,0.2,0.05 87.5508
0.55,0.2,0.1 391.33
0.55,0.2,0.15 318.784
0.55,0.2,0.2 513.281
0.55,0.2,0.25 448.961
0.55,0.2,0.3 484.274
0.55,0.2,0.35 253.766
0.55,0.2,0.4 16.242
0.55,0.25,0 5.33614e-09
0.55,0.25,0.05 61.1833
0.55,0.25,0.1 288.302
0.55,0.25,0.15 450.352
0.55,0.25,0.2 658.9
0.55,0.25,0.25 671.899
0.55,0.25,0.3 729.276
0.55,0.25,0.35 463.308
0.55,0.25,0.4 31.2441
0.55,0.3,0 8.3637e-09
0.55,0.3,0.05 105.216
0.55,0.3,0.1 432.217
0.55,0.3,0.15 425.503
0.55,0.3,0.2 569.551
0.55,0.3,0.25 711.841
0.55,0.3,0.3 815.346
0.55,0.3,0.35 199.716
0.55,0.3,0.4 11.6424
0.55,0.3,0.45 1.14761
0.55,0.35,0 1.66691e-09
0.55,0.35,0.05 139.545
0.55,0.35,0.1 571.041
0.55,0.35,0.15 264.035
0.55,0.35,0.2 135.952
0.55,0.35,0.25 240.527
0.55,0.35,0.3 441.801
0.55,0.35,0.35 118.051
0.55,0.35,0.4 64.6141
0.55,0.35,0.45 9.56285
0.55,0.4,0 1.55032e-10
0.55,0.4,0.05 86.5281
0.55,0.4,0.1 354.656
0.55,0.4,0.15 124.304
0.55,0.4,0.2 167.195
0.55,0.4,0.25 391.206
0.55,0.4,0.3 112.428
0.55,0.4,0.35 67.773
0.55,0.4,0.4 59.9135
0.55,0.4,0.45 5.18198
0.55,0.45,0 2.7142e-10
0.55,0.45,0.05 97.6948
0.55,0.45,0.1 453.814
0.55,0.45,0.15 164.057
0.55,0.45,0.2 376.173
0.55,0.45,0.25 398.352
0.55,0.45,0.3 38.6905
0.55,0.45,0.35 12.6123
0.55,0.45,0.4 7.66068
0.55,0.45,0.45 0.164238
0.55,0.5,0 2.08219e-09
0.55,0.5,0.05 76.3834
0.55,0.5,0.1 417.35
0.55,0.5,0.15 231.271
0.55,0.5,0.2 710.256
0.55,0.5,0.25 597.223
0.55,0.5,0.3 178.824
0.55,0.5,0.35 31.7488
0.55,0.5,0.4 0.440197
0.55,0.5,0.45 0.0149079
0.55,0.55,0 2.08202e-09
0.55,0.55,0.05 34.8449
0.55,0.55,0.1 266.571
0.55,0.55,0.15 400.118
0.55,0.55,0.2 680.168
0.55,0.55,0.25 349.742
0.55,0.55,0.3 192.82
0.55,0.55,0.35 36.9349
0.55,0.55,0.4 0.259996
0.55,0.55,0.45 0.00853709
0.55,0.6,0 9.35155e-11
0.55,0.6,0.05 5.77857
0.55,0.6,0.1 196.729
0.55,0.6,0.15 357.541
0.55,0.6,0.2 437.566
0.55,0.6,0.25 390.836
0.55,0.6,0.3 45.0604
0.55,0.6,0.35 2.844
0.55,0.6,0.4 0.00401493
0.55,0.6,0.45 0.000121459
0.55,0.65,0 6.11672e-12
0.55,0.65,0.05 29.1567
0.55,0.65,0.1 175.974
0.55,0.65,0.15 264.789
0.55,0.65,0.2 351.647
0.55,0.65,0.25 650.623
0.55,0.65,0.3 169.483
0.55,0.65,0.35 1.05124
0.55,0.7,0 6.79913e-12
0.55,0.7,0.05 28.7476
0.55,0.7,0.1 216.45
0.55,0.7,0.15 363.43
0.55,0.7,0.2 507.057
0.55,0.7,0.25 666.843
0.55,0.7,0.3 169.945
0.55,0.7,0.35 1.18835
0.55,0.75,0 1.43003e-08
0.55,0.75,0.05 71.0532
0.55,0.75,0.1 383.88
0.55,0.75,0.15 331.455
0.55,0.75,0.2 291.292
0.55,0.75,0.25 153.407
0.55,0.75,0.3 13.7914
0.55,0.75,0.35 0.063848
0.55,0.8,0 4.45858e-07
0.55,0.8,0.05 145.015
0.55,0.8,0.1 587.417
0.55,0.8,0.15 167.79
0.55,0.8,0.2 26.3527
0.55,0.8,0.25 12.5307
0.55,0.8,0.3 0.909434
0.55,0.8,0.35 4.50081e-06
0.55,0.85,0 5.23551e-07
0.55,0.85,0.05 89.3176
0.55,0.85,0.1 355.454
0.55,0.85,0.15 88.419
0.55,0.85,0.2 0.00646
0.55,0.85,0.25 0.000216762
0.55,0.9,0 2.99179e-08
0.55,0.9,0.05 5.75641
0.55,0.9,0.1 22.9211
0.55,0.9,0.15 5.70429
0.55,0.95,0 9.51499e-18
0.55,0.95,0.05 1.11451e-05
0.55,0.95,0.1 4.45676e-05
0.55,0.95,0.15 1.11387e-05
0.6,0.1,0 3.18535e-11
0.6,0.1,0.05 0.117567
0.6,0.1,0.1 0.469354
0.6,0.1,0.15 5.40918
0.6,0.1,0.2 47.2028
0.6,0.1,0.25 25.4823
0.6,0.1,0.3 0.29975
0.6,0.1,0.35 0.00101408
0.6,0.15,0 9.42638e-09
0.6,0.15,0.05 34.8458
0.6,0.15,0.1 139.662
0.6,0.15,0.15 84.4406
0.6,0.15,0.2 429.989
0.6,0.15,0.25 230.193
0.6,0.15,0.3 10.0851
0.6,0.15,0.35 7.85919
0.6,0.15,0.4 0.457958
0.6,0.2,0 2.25269e-08
0.6,0.2,0.05 89.9975
0.6,0.2,0.1 444.802
0.6,0.2,0.15 279.551
0.6,0.2,0.2 312.652
0.6,0.2,0.25 142.671
0.6,0.2,0.3 158.62
0.6,0.2,0.35 178.65
0.6,0.2,0.4 10.5429
0.6,0.25,0 3.5329e-09
0.6,0.25,0.05 28.5759
0.6,0.25,0.1 300.542
0.6,0.25,0.15 579.379
0.6,0.25,0.2 512.458
0.6,0.25,0.25 399.984
0.6,0.25,0.3 390.636
0.6,0.25,0.35 204.326
0.6,0.25,0.4 10.9592
0.6,0.3,0 6.84209e-10
0.6,0.3,0.05 15.3391
0.6,0.3,0.1 106.467
0.6,0.3,0.15 428.78
0.6,0.3,0.2 801.437
0.6,0.3,0.25 777.45
0.6,0.3,0.3 459.432
0.6,0.3,0.35 62.2884
0.6,0.3,0.4 0.592135
0.6,0.35,0 2.23872e-10
0.6,0.35,0.05 46.6671
0.6,0.35,0.1 279.297
0.6,0.35,0.15 706.124
0.6,0.35,0.2 407.82
0.6,0.35,0.25 175.353
0.6,0.35,0.3 168.403
0.6,0.35,0.35 28.9875
0.6,0.35,0.4 1.82052e-05
0.6,0.4,0 4.81043e-11
0.6,0.4,0.05 31.9484
0.6,0.4,0.1 201.937
0.6,0.4,0.15 372.499
0.6,0.4,0.2 169.818
0.6,0.4,0.25 78.9033
0.6,0.4,0.3 24.9133
0.6,0.4,0.35 2.75825
0.6,0.45,0 9.59794e-12
0.6,0.45,0.05 87.0925
0.6,0.45,0.1 575.282
0.6,0.45,0.15 274.684
0.6,0.45,0.2 450.478
0.6,0.45,0.25 559.223
0.6,0.45,0.3 64.9375
0.6,0.45,0.35 0.0151952
0.6,0.5,0 4.70796e-12
0.6,0.5,0.05 76.5695
0.6,0.5,0.1 538.016
0.6,0.5,0.15 264.471
0.6,0.5,0.2 564.394
0.6,0.5,0.25 636.154
0.6,0.5,0.3 144.621
0.6,0.5,0.35 18.5674
0.6,0.55,0 3.06421e-12
0.6,0.55,0.05 9.59278
0.6,0.55,0.1 79.3175
0.6,0.55,0.15 64.5786
0.6,0.55,0.2 273.833
0.6,0.55,0.25 390.845
0.6,0.55,0.3 377.02
0.6,0.55,0.35 71.0434
0.6,0.6,0 9.91489e-13
0.6,0.6,0.05 4.47036
0.6,0.6,0.1 39.7318
0.6,0.6,0.15 64.0789
0.6,0.6,0.2 568.623
0.6,0.6,0.25 866.77
0.6,0.6,0.3 208.856
0.6,0.6,0.35 17.3887
0.6,0.65,0 1.62843e-11
0.6,0.65,0.05 76.9278
0.6,0.65,0.1 380.797
0.6,0.65,0.15 351.888
0.6,0.65,0.2 410.185
0.6,0.65,0.25 744.4
0.6,0.65,0.3 174.358
0.6,0.65,0.35 0.997101
0.6,0.7,0 1.77471e-11
0.6,0.7,0.05 71.0559
0.6,0.7,0.1 443.501
0.6,0.7,0.15 578.743
0.6,0.7,0.2 363.092
0.6,0.7,0.25 412.106
0.6,0.7,0.3 135.252
0.6,0.7,0.35 1.11548
0.6,0.75,0 3.47398e-09
0.6,0.75,0.05 79.6916
0.6,0.75,0.1 451.809
0.6,0.75,0.15 472.717
0.6,0.75,0.2 265.028
0.6,0.75,0.25 349.307
0.6,0.75,0.3 86.3077
0.6,0.75,0.35 0.065646
0.6,0.8,0 9.40025e-08
0.6,0.8,0.05 157.07
0.6,0.8,0.1 643.586
0.6,0.8,0.15 265.538
0.6,0.8,0.2 94.1836
0.6,0.8,0.25 76.5151
0.6,0.8,0.3 19.4681
0.6,0.8,0.35 9.90999e-05
0.6,0.85,0 1.09315e-07
0.6,0.85,0.05 109.325
0.6,0.85,0.1 436.969
0.6,0.85,0.15 112.141
0.6,0.85,0.2 2.67425
0.6,0.85,0.25 0.089733
0.6,0.9,0 6.2527e-09
0.6,0.9,0.05 22.1589
0.6,0.9,0.1 88.5901
0.6,0.9,0.15 22.1361
0.6,0.95,0 1.77506e-16
0.6,0.95,0.05 0.000207916
0.6,0.95,0.1 0.000831427
0.6,0.95,0.15 0.000207798
0.65,0.1,0 2.36804e-12
0.65,0.1,0.05 0.00874009
0.65,0.1,0.1 0.0348925
0.65,0.1,0.15 4.34381
0.65,0.1,0.2 31.4813
0.65,0.1,0.25 13.9364
0.65,0.1,0.3 0.0646616
0.65,0.15,0 7.00772e-10
0.65,0.15,0.05 2.63043
0.65,0.15,0.1 11.0319
0.65,0.15,0.15 45.8112
0.65,0.15,0.2 311.857
0.65,0.15,0.25 139.275
0.65,0.15,0.3 1.02594
0.65,0.15,0.35 0.38677
0.65,0.15,0.4 0.0227044
0.65,0.2,0 1.67467e-09
0.65,0.2,0.05 12.8516
0.65,0.2,0.1 132.52
0.65,0.2,0.15 141.29
0.65,0.2,0.2 281.291
0.65,0.2,0.25 128.781
0.65,0.2,0.3 8.67382
0.65,0.2,0.35 8.71097
0.65,0.2,0.4 0.510956
0.65,0.25,0 2.44885e-10
0.65,0.25,0.05 14.6561
0.65,0.25,0.1 232.335
0.65,0.25,0.15 359.656
0.65,0.25,0.2 456.213
0.65,0.25,0.25 200.431
0.65,0.25,0.3 27.8147
0.65,0.25,0.35 8.95205
0.65,0.25,0.4 0.504786
0.65,0.3,0 1.07701e-13
0.65,0.3,0.05 1.74262
0.65,0.3,0.1 58.0054
0.65,0.3,0.15 462.342
0.65,0.3,0.2 629.713
0.65,0.3,0.25 373.224
