0.45,0.05,0.35 0.95785
0.45,0.1,0 5.57192e-12
0.45,0.1,0.05 23.1852
0.45,0.1,0.1 92.7854
0.45,0.1,0.15 42.1952
0.45,0.1,0.2 141.999
0.45,0.1,0.25 233.268
0.45,0.1,0.3 252.334
0.45,0.1,0.35 22.5105
0.45,0.15,0 6.51982e-11
0.45,0.15,0.05 152.672
0.45,0.15,0.1 611.903
0.45,0.15,0.15 257.389
0.45,0.15,0.2 345.652
0.45,0.15,0.25 360.878
0.45,0.15,0.3 304.903
0.45,0.15,0.35 29.2466
0.45,0.2,0 2.3435e-10
0.45,0.2,0.05 163.98
0.45,0.2,0.1 657.953
0.45,0.2,0.15 265.005
0.45,0.2,0.2 292.717
0.45,0.2,0.25 253.834
0.45,0.2,0.3 64.5872
0.45,0.2,0.35 6.47136
0.45,0.25,0 2.2646e-10
0.45,0.25,0.05 117.741
0.45,0.25,0.1 474.384
0.45,0.25,0.15 174.43
0.45,0.25,0.2 355.335
0.45,0.25,0.25 372.428
0.45,0.25,0.3 33.9739
0.45,0.25,0.35 0.22756
0.45,0.3,0 7.57754e-10
0.45,0.3,0.05 137.921
0.45,0.3,0.1 573.701
0.45,0.3,0.15 454.171
0.45,0.3,0.2 649.926
0.45,0.3,0.25 294.27
0.45,0.3,0.3 28.962
0.45,0.3,0.35 6.91294
0.45,0.3,0.4 0.63968
0.45,0.35,0 1.35148e-09
0.45,0.35,0.05 142.926
0.45,0.35,0.1 586.008
0.45,0.35,0.15 366
0.45,0.35,0.2 505.906
0.45,0.35,0.25 472.118
0.45,0.35,0.3 334.798
0.45,0.35,0.35 136.687
0.45,0.35,0.4 6.52789
0.45,0.4,0 7.69426e-10
0.45,0.4,0.05 76.6654
0.45,0.4,0.1 320.457
0.45,0.4,0.15 256.965
0.45,0.4,0.2 316.785
0.45,0.4,0.25 463.161
0.45,0.4,0.3 709.063
0.45,0.4,0.35 327.551
0.45,0.4,0.4 16.6035
0.45,0.4,0.45 0.00186837
0.45,0.45,0 1.19875e-10
0.45,0.45,0.05 74.0109
0.45,0.45,0.1 347.304
0.45,0.45,0.15 531.443
0.45,0.45,0.2 457.191
0.45,0.45,0.25 579.385
0.45,0.45,0.3 537.5
0.45,0.45,0.35 241.394
0.45,0.45,0.4 40.9978
0.45,0.45,0.45 0.017348
0.45,0.5,0 8.34618e-10
0.45,0.5,0.05 115.425
0.45,0.5,0.1 493.823
0.45,0.5,0.15 440.476
0.45,0.5,0.2 628.204
0.45,0.5,0.25 478.791
0.45,0.5,0.3 1013.23
0.45,0.5,0.35 483.724
0.45,0.5,0.4 110.527
0.45,0.5,0.45 3.73633
0.45,0.55,0 4.47662e-09
0.45,0.55,0.05 109.88
0.45,0.55,0.1 461.125
0.45,0.55,0.15 383.262
0.45,0.55,0.2 680.639
0.45,0.55,0.25 373.84
0.45,0.55,0.3 757.268
0.45,0.55,0.35 494.358
0.45,0.55,0.4 245.14
0.45,0.55,0.45 9.7287
0.45,0.6,0 1.47217e-08
0.45,0.6,0.05 143.698
0.45,0.6,0.1 577.705
0.45,0.6,0.15 373.736
0.45,0.6,0.2 722.305
0.45,0.6,0.25 266.292
0.45,0.6,0.3 62.1998
0.45,0.6,0.35 53.2842
0.45,0.6,0.4 39.2545
0.45,0.6,0.45 1.56473
0.45,0.65,0 4.85193e-09
0.45,0.65,0.05 94.0183
0.45,0.65,0.1 376.734
0.45,0.65,0.15 205.497
0.45,0.65,0.2 355.068
0.45,0.65,0.25 102.957
0.45,0.65,0.3 26.2393
0.45,0.65,0.35 2.20928
0.45,0.7,0 1.85246e-10
0.45,0.7,0.05 9.51529
0.45,0.7,0.1 43.9281
0.45,0.7,0.15 36.7326
0.45,0.7,0.2 91.4502
0.45,0.7,0.25 36.1886
0.45,0.7,0.3 6.60477
0.45,0.7,0.35 0.534573
0.45,0.75,0 8.09479e-13
0.45,0.75,0.05 25.6882
0.45,0.75,0.1 114.566
0.45,0.75,0.15 104.168
0.45,0.75,0.2 327.434
0.45,0.75,0.25 118.442
0.45,0.75,0.3 0.937009
0.45,0.8,0 2.48629e-11
0.45,0.8,0.05 80.1955
0.45,0.8,0.1 322.441
0.45,0.8,0.15 106.725
0.45,0.8,0.2 125.858
0.45,0.8,0.25 42.2848
0.45,0.8,0.3 0.172214
0.45,0.85,0 2.92023e-11
0.45,0.85,0.05 15.7798
0.45,0.85,0.1 63.1683
0.45,0.85,0.15 15.8718
0.45,0.85,0.2 0.339512
0.45,0.85,0.25 0.106601
0.45,0.85,0.3 3.81657e-05
0.45,0.9,0 1.66874e-12
0.45,0.9,0.05 0.000257712
0.45,0.9,0.1 0.00102509
0.45,0.9,0.15 0.00025484
0.5,0.05,0.15 0.0051631
0.5,0.05,0.2 0.0913768
0.5,0.05,0.25 3.02904
0.5,0.05,0.3 4.78781
0.5,0.05,0.35 0.427218
0.5,0.1,0 9.32523e-13
0.5,0.1,0.05 5.59376
0.5,0.1,0.1 22.4855
0.5,0.1,0.15 13.7005
0.5,0.1,0.2 25.5132
0.5,0.1,0.25 133.923
0.5,0.1,0.3 157.348
0.5,0.1,0.35 13.6745
0.5,0.15,0 3.52894e-11
0.5,0.15,0.05 38.9276
0.5,0.15,0.1 159.184
0.5,0.15,0.15 222.033
0.5,0.15,0.2 494.704
0.5,0.15,0.25 665.744
0.5,0.15,0.3 574.13
0.5,0.15,0.35 65.0421
0.5,0.2,0 1.1126e-10
0.5,0.2,0.05 114.962
0.5,0.2,0.1 474.563
0.5,0.2,0.15 473.126
0.5,0.2,0.2 791.971
0.5,0.2,0.25 574.551
0.5,0.2,0.3 316.029
0.5,0.2,0.35 42.2617
0.5,0.25,0 1.40704e-10
0.5,0.25,0.05 100.01
0.5,0.25,0.1 413.708
0.5,0.25,0.15 312.62
0.5,0.25,0.2 389.81
0.5,0.25,0.25 334.59
0.5,0.25,0.3 58.1421
0.5,0.25,0.35 1.25706
0.5,0.3,0 8.03768e-10
0.5,0.3,0.05 158.992
0.5,0.3,0.1 687.971
0.5,0.3,0.15 805.083
0.5,0.3,0.2 573.337
0.5,0.3,0.25 149.608
0.5,0.3,0.3 56.6447
0.5,0.3,0.35 55.1662
0.5,0.3,0.4 5.50049
0.5,0.35,0 1.3749e-09
0.5,0.35,0.05 184.609
0.5,0.35,0.1 771.241
0.5,0.35,0.15 620.71
0.5,0.35,0.2 560.816
0.5,0.35,0.25 161.899
0.5,0.35,0.3 313.693
0.5,0.35,0.35 404.083
0.5,0.35,0.4 35.3773
0.5,0.4,0 1.06742e-09
0.5,0.4,0.05 97.109
0.5,0.4,0.1 397.825
0.5,0.4,0.15 309.342
0.5,0.4,0.2 373.829
0.5,0.4,0.25 301.367
0.5,0.4,0.3 673.128
0.5,0.4,0.35 389.429
0.5,0.4,0.4 18.6174
0.5,0.4,0.45 3.83488e-07
0.5,0.45,0 1.66914e-09
0.5,0.45,0.05 106.812
0.5,0.45,0.1 442.074
0.5,0.45,0.15 392.075
0.5,0.45,0.2 445.528
0.5,0.45,0.25 543.426
0.5,0.45,0.3 325.656
0.5,0.45,0.35 81.0202
0.5,0.45,0.4 1.2995
0.5,0.45,0.45 0.00499904
0.5,0.5,0 5.01305e-09
0.5,0.5,0.05 145.991
0.5,0.5,0.1 587.212
0.5,0.5,0.15 372.542
0.5,0.5,0.2 546.015
0.5,0.5,0.25 257.407
0.5,0.5,0.3 233.829
0.5,0.5,0.35 129.324
0.5,0.5,0.4 61.0744
0.5,0.5,0.45 2.42915
0.5,0.55,0 6.35302e-09
0.5,0.55,0.05 177.253
0.5,0.55,0.1 721.493
0.5,0.55,0.15 637.936
0.5,0.55,0.2 793.093
0.5,0.55,0.25 169.466
0.5,0.55,0.3 247.242
0.5,0.55,0.35 229.195
0.5,0.55,0.4 158.859
0.5,0.55,0.45 6.33034
0.5,0.6,0 3.50025e-09
0.5,0.6,0.05 96.0384
0.5,0.6,0.1 395.786
0.5,0.6,0.15 448.349
0.5,0.6,0.2 519.771
0.5,0.6,0.25 71.2277
0.5,0.6,0.3 24.5723
0.5,0.6,0.35 31.7251
0.5,0.6,0.4 25.5383
0.5,0.6,0.45 1.01815
0.5,0.65,0 2.35742e-09
0.5,0.65,0.05 114.525
0.5,0.65,0.1 461.296
0.5,0.65,0.15 219.596
0.5,0.65,0.2 156.927
0.5,0.65,0.25 16.6504
0.5,0.65,0.3 0.0281919
0.5,0.7,0 5.62913e-10
0.5,0.7,0.05 32.7984
0.5,0.7,0.1 221.855
0.5,0.7,0.15 256.986
0.5,0.7,0.2 114.72
0.5,0.7,0.25 6.20903
0.5,0.7,0.3 0.000260744
0.5,0.75,0 4.26643e-09
0.5,0.75,0.05 12.8301
0.5,0.75,0.1 225.076
0.5,0.75,0.15 281.287
0.5,0.75,0.2 43.7901
0.5,0.75,0.25 5.28312
0.5,0.75,0.3 0.0017155
0.5,0.8,0 1.33541e-07
0.5,0.8,0.05 32.3499
0.5,0.8,0.1 149.573
0.5,0.8,0.15 63.8928
0.5,0.8,0.2 8.41573
0.5,0.8,0.25 1.9371
0.5,0.8,0.3 0.000693529
0.5,0.85,0 1.56845e-07
0.5,0.85,0.05 25.4477
0.5,0.85,0.1 101.252
0.5,0.85,0.15 25.1826
0.5,0.85,0.2 0.0173095
0.5,0.85,0.25 0.00543491
0.5,0.85,0.3 1.94582e-06
0.5,0.9,0 8.96276e-09
0.5,0.9,0.05 1.38416
0.5,0.9,0.1 5.50572
0.5,0.9,0.15 1.36874
0.55,0.05,0.2 0.00021453
0.55,0.05,0.25 0.0138663
0.55,0.05,0.3 0.022085
0.55,0.05,0.35 0.00197073
0.55,0.1,0 3.04539e-12
0.55,0.1,0.05 0.0978576
0.55,0.1,0.1 1.87161
0.55,0.1,0.15 24.0594
0.55,0.1,0.2 27.0894
0.55,0.1,0.25 52.788
0.55,0.1,0.3 33.8967
0.55,0.1,0.35 1.89659
0.55,0.15,0 8.59618e-10
0.55,0.15,0.05 30.5364
0.55,0.15,0.1 132.929
0.55,0.15,0.15 224.699
0.55,0.15,0.2 304.682
0.55,0.15,0.25 400.224
0.55,0.15,0.3 278.314
0.55,0.15,0.35 25.8156
0.55,0.2,0 2.03908e-09
0.55,0.2,0.05 105.125
0.55,0.2,0.1 450.015
0.55,0.2,0.15 617.385
0.55,0.2,0.2 751.672
0.55,0.2,0.25 378.866
0.55,0.2,0.3 256.135
0.55,0.2,0.35 29.611
0.55,0.25,0 3.21694e-10
0.55,0.25,0.05 61.7647
0.55,0.25,0.1 280.439
0.55,0.25,0.15 578.335
0.55,0.25,0.2 636.266
0.55,0.25,0.25 776.658
0.55,0.25,0.3 416.698
0.55,0.25,0.35 22.4069
0.55,0.25,0.4 0.0012756
0.55,0.3,0 3.63141e-10
0.55,0.3,0.05 102.453
0.55,0.3,0.1 435.056
0.55,0.3,0.15 503.958
0.55,0.3,0.2 560.49
0.55,0.3,0.25 644.247
0.55,0.3,0.3 266.586
0.55,0.3,0.35 36.2746
0.55,0.3,0.4 2.82083
0.55,0.35,0 1.67346e-09
0.55,0.35,0.05 148.47
0.55,0.35,0.1 602.061
0.55,0.35,0.15 251.925
0.55,0.35,0.2 199.135
0.55,0.35,0.25 73.4774
0.55,0.35,0.3 122.406
0.55,0.35,0.35 175.936
0.55,0.35,0.4 17.0759
0.55,0.4,0 1.13912e-09
0.55,0.4,0.05 78.7315
0.55,0.4,0.1 317.238
0.55,0.4,0.15 127.532
0.55,0.4,0.2 110.119
0.55,0.4,0.25 119.64
0.55,0.4,0.3 118.595
0.55,0.4,0.35 82.1914
0.55,0.4,0.4 6.53417
0.55,0.45,0 1.94604e-09
0.55,0.45,0.05 112.885
0.55,0.45,0.1 454.039
0.55,0.45,0.15 282.842
0.55,0.45,0.2 440.713
0.55,0.45,0.25 395.883
0.55,0.45,0.3 97.3594
0.55,0.45,0.35 7.49001
0.55,0.45,0.4 0.0432736
0.55,0.45,0.45 8.52115e-05
0.55,0.5,0 2.97876e-09
0.55,0.5,0.05 100.754
0.55,0.5,0.1 413.271
0.55,0.5,0.15 512.586
0.55,0.5,0.2 738.502
0.55,0.5,0.25 170.376
0.55,0.5,0.3 17.4511
0.55,0.5,0.35 1.24374
0.55,0.5,0.4 1.03897
0.55,0.5,0.45 0.0414227
0.55,0.55,0 4.29293e-09
0.55,0.55,0.05 85.3651
0.55,0.55,0.1 399.548
0.55,0.55,0.15 706.897
0.55,0.55,0.2 768.84
0.55,0.55,0.25 133.827
0.55,0.55,0.3 6.10749
0.55,0.55,0.35 3.08315
0.55,0.55,0.4 2.70754
0.55,0.55,0.45 0.107947
0.55,0.6,0 4.28921e-09
0.55,0.6,0.05 89.2115
0.55,0.6,0.1 398.979
0.55,0.6,0.15 446.04
0.55,0.6,0.2 355.218
0.55,0.6,0.25 70.2815
0.55,0.6,0.3 2.8655
0.55,0.6,0.35 0.487641
0.55,0.6,0.4 0.435471
0.55,0.6,0.45 0.0173618
0.55,0.65,0 8.54032e-10
0.55,0.65,0.05 60.1622
0.55,0.65,0.1 270.535
0.55,0.65,0.15 475.526
0.55,0.65,0.2 504.729
0.55,0.65,0.25 51.8037
0.55,0.65,0.3 0.179519
0.55,0.7,0 1.304e-10
0.55,0.7,0.05 45.9254
0.55,0.7,0.1 363.888
0.55,0.7,0.15 754.026
0.55,0.7,0.2 648.13
0.55,0.7,0.25 48.0479
0.55,0.7,0.3 0.0078323
0.55,0.75,0 1.43001e-08
0.55,0.75,0.05 86.5467
0.55,0.75,0.1 589.348
0.55,0.75,0.15 421.298
0.55,0.75,0.2 66.7319
0.55,0.75,0.25 3.42921
0.55,0.8,0 4.45858e-07
0.55,0.8,0.05 146.222
0.55,0.8,0.1 606.359
0.55,0.8,0.15 175.213
0.55,0.8,0.2 1.85317
0.55,0.85,0 5.23551e-07
0.55,0.85,0.05 89.3176
0.55,0.85,0.1 355.453
0.55,0.85,0.15 88.4116
0.55,0.9,0 2.99179e-08
0.55,0.9,0.05 5.75641
0.55,0.9,0.1 22.9211
0.55,0.9,0.15 5.70429
0.55,0.95,0 9.51499e-18
0.55,0.95,0.05 1.11451e-05
0.55,0.95,0.1 4.45676e-05
0.55,0.95,0.15 1.11387e-05
0.6,0.1,0 3.64916e-12
0.6,0.1,0.05 0.1168
0.6,0.1,0.1 4.55194
0.6,0.1,0.15 64.4795
0.6,0.1,0.2 51.4638
0.6,0.1,0.25 3.13976
0.6,0.1,0.3 0.913236
0.6,0.1,0.35 0.0153649
0.6,0.15,0 1.03076e-09
0.6,0.15,0.05 35.0579
0.6,0.15,0.1 165.441
0.6,0.15,0.15 436.931
0.6,0.15,0.2 328.25
0.6,0.15,0.25 26.2971
0.6,0.15,0.3 8.17188
0.6,0.15,0.35 0.342081
0.6,0.2,0 2.46641e-09
0.6,0.2,0.05 137.594
0.6,0.2,0.1 570.141
0.6,0.2,0.15 407.702
0.6,0.2,0.2 271.73
0.6,0.2,0.25 216.374
0.6,0.2,0.3 204.032
0.6,0.2,0.35 22.1547
0.6,0.25,0 3.85377e-10
0.6,0.25,0.05 86.178
0.6,0.25,0.1 463.282
0.6,0.25,0.15 617.364
0.6,0.25,0.2 490.511
0.6,0.25,0.25 755.372
0.6,0.25,0.3 558.101
0.6,0.25,0.35 56.5016
0.6,0.25,0.4 0.0288276
0.6,0.3,0 1.02456e-10
0.6,0.3,0.05 41.071
0.6,0.3,0.1 309.172
0.6,0.3,0.15 566.673
0.6,0.3,0.2 723.521
0.6,0.3,0.25 764.946
0.6,0.3,0.3 496.852
0.6,0.3,0.35 111.508
0.6,0.3,0.4 0.263052
0.6,0.35,0 5.7752e-10
0.6,0.35,0.05 149.357
0.6,0.35,0.1 698.914
0.6,0.35,0.15 340.188
0.6,0.35,0.2 300.777
0.6,0.35,0.25 132.544
0.6,0.35,0.3 146.56
0.6,0.35,0.35 53.7963
0.6,0.35,0.4 0.256354
0.6,0.4,0 2.65864e-10
0.6,0.4,0.05 74.6929
0.6,0.4,0.1 331.171
0.6,0.4,0.15 167.32
0.6,0.4,0.2 177.784
0.6,0.4,0.25 32.3955
0.6,0.4,0.3 2.5786
0.6,0.4,0.35 0.892427
0.6,0.4,0.4 0.0521041
0.6,0.45,0 9.10439e-10
0.6,0.45,0.05 155.02
0.6,0.45,0.1 620.871
0.6,0.45,0.15 394.468
0.6,0.45,0.2 593.016
0.6,0.45,0.25 115.712
0.6,0.45,0.3 4.9092
0.6,0.45,0.35 0.000898263
0.6,0.45,0.4 8.9779e-05
0.6,0.5,0 1.86334e-09
0.6,0.5,0.05 144.212
0.6,0.5,0.1 584.664
0.6,0.5,0.15 406.831
0.6,0.5,0.2 576.979
0.6,0.5,0.25 128.099
0.6,0.5,0.3 3.76574
0.6,0.55,0 5.17436e-10
0.6,0.55,0.05 20.6999
0.6,0.55,0.1 156.868
0.6,0.55,0.15 451.716
0.6,0.55,0.2 521.784
0.6,0.55,0.25 345.133
0.6,0.55,0.3 23.7334
0.6,0.6,0 3.70083e-10
0.6,0.6,0.05 11.8789
0.6,0.6,0.1 125.418
0.6,0.6,0.15 588.471
0.6,0.6,0.2 674.577
0.6,0.6,0.25 310.233
0.6,0.6,0.3 13.9619
0.6,0.65,0 3.70421e-11
0.6,0.65,0.05 80.0773
0.6,0.65,0.1 424.223
0.6,0.65,0.15 839.044
0.6,0.65,0.2 870.883
0.6,0.65,0.25 188.539
0.6,0.65,0.3 1.60417
0.6,0.7,0 3.41557e-12
0.6,0.7,0.05 86.3056
0.6,0.7,0.1 576.477
0.6,0.7,0.15 864.668
0.6,0.7,0.2 596.269
0.6,0.7,0.25 55.9322
0.6,0.7,0.3 0.0747376
0.6,0.75,0 3.47347e-09
0.6,0.75,0.05 98.6958
0.6,0.75,0.1 595.759
0.6,0.75,0.15 337.222
0.6,0.75,0.2 42.743
0.6,0.75,0.25 2.70084
0.6,0.8,0 9.40025e-08
0.6,0.8,0.05 158.618
0.6,0.8,0.1 663.346
0.6,0.8,0.15 198.728
0.6,0.8,0.2 2.932
0.6,0.85,0 1.09315e-07
0.6,0.85,0.05 109.333
0.6,0.85,0.1 437.31
0.6,0.85,0.15 109.882
0.6,0.85,0.2 0.0714005
0.6,0.9,0 6.2527e-09
0.6,0.9,0.05 22.1589
0.6,0.9,0.1 88.5901
0.6,0.9,0.15 22.1361
0.6,0.95,0 1.77506e-16
0.6,0.95,0.05 0.000207916
0.6,0.95,0.1 0.000831427
0.6,0.95,0.15 0.000207798
0.65,0.1,0 2.15294e-13
0.65,0.1,0.05 0.00694144
0.65,0.1,0.1 1.95976
0.65,0.1,0.15 31.1738
0.65,0.1,0.2 25.2055
0.65,0.1,0.25 0.722722
0.65,0.15,0 6.1452e-11
0.65,0.15,0.05 5.84818
0.65,0.15,0.1 43.8645
0.65,0.15,0.15 332.902
0.65,0.15,0.2 270.543
0.65,0.15,0.25 26.2016
0.65,0.15,0.3 4.21999
0.65,0.15,0.35 0.0228719
0.65,0.2,0 1.63623e-10
0.65,0.2,0.05 60.0256
0.65,0.2,0.1 265.037
0.65,0.2,0.15 289.917
0.65,0.2,0.2 270.005
0.65,0.2,0.25 336.908
0.65,0.2,0.3 92.5195
0.65,0.2,0.35 2.8197
0.65,0.25,0 4.29123e-11
0.65,0.25,0.05 80.9681
0.65,0.25,0.1 505.764
0.65,0.25,0.15 401.958
0.65,0.25,0.2 287.072
0.65,0.25,0.25 363.955
0.65,0.25,0.3 143.14
0.65,0.25,0.35 18.0409
0.65,0.25,0.4 0.0285464
0.65,0.3,0 1.43443e-12
0.65,0.3,0.05 43.4541
0.65,0.3,0.1 420.055
0.65,0.3,0.15 703.367
0.65,0.3,0.2 629.89
0.65,0.3,0.25 234.037
0.65,0.3,0.3 287.009
0.65,0.3,0.35 105.033
0.65,0.3,0.4 0.238106
0.65,0.35,0 1.10926e-11
0.65,0.35,0.05 131.947
0.65,0.35,0.1 675.27
0.65,0.35,0.15 436.698
0.65,0.35,0.2 211.665
0.65,0.35,0.25 61.0333
0.65,0.35,0.3 134.066
0.65,0.35,0.35 51.876
0.65,0.35,0.4 0.118345
0.65,0.4,0 5.93709e-11
0.65,0.4,0.05 96.9428
0.65,0.4,0.1 429.95
0.65,0.4,0.15 142.311
0.65,0.4,0.2 46.9325
0.65,0.4,0.25 6.8181
0.65,0.4,0.3 0.963844
0.65,0.4,0.35 0.376075
0.65,0.4,0.4 0.000857964
0.65,0.45,0 2.28271e-10
0.65,0.45,0.05 157.756
0.65,0.45,0.1 632.076
0.65,0.45,0.15 248.421
0.65,0.45,0.2 290.877
0.65,0.45,0.25 63.9409
0.65,0.45,0.3 0.000856752
0.65,0.5,0 2.39696e-10
