0.25,0.1,0.05 14.9756
0.25,0.1,0.1 63.1293
0.25,0.1,0.15 202.1
0.25,0.1,0.2 411.213
0.25,0.1,0.25 340.185
0.25,0.1,0.3 387.238
0.25,0.1,0.35 63.1976
0.25,0.1,0.4 0.0009796
0.25,0.15,0 2.1702e-09
0.25,0.15,0.05 48.6379
0.25,0.15,0.1 204.096
0.25,0.15,0.15 363.137
0.25,0.15,0.2 733.13
0.25,0.15,0.25 479.442
0.25,0.15,0.3 319.543
0.25,0.15,0.35 132.885
0.25,0.15,0.4 13.9409
0.25,0.2,0 1.87611e-09
0.25,0.2,0.05 86.867
0.25,0.2,0.1 363.759
0.25,0.2,0.15 408.03
0.25,0.2,0.2 475.032
0.25,0.2,0.25 256.007
0.25,0.2,0.3 555.523
0.25,0.2,0.35 484.477
0.25,0.2,0.4 59.1201
0.25,0.25,0 8.88414e-10
0.25,0.25,0.05 89.4753
0.25,0.25,0.1 360.852
0.25,0.25,0.15 316.667
0.25,0.25,0.2 624.644
0.25,0.25,0.25 313.312
0.25,0.25,0.3 521.972
0.25,0.25,0.35 417.131
0.25,0.25,0.4 31.7433
0.25,0.3,0 1.78445e-11
0.25,0.3,0.05 45.2829
0.25,0.3,0.1 195.999
0.25,0.3,0.15 279.033
0.25,0.3,0.2 604.567
0.25,0.3,0.25 251.263
0.25,0.3,0.3 173.467
0.25,0.3,0.35 224.631
0.25,0.3,0.4 27.8204
0.25,0.35,0 8.81547e-11
0.25,0.35,0.05 75.1522
0.25,0.35,0.1 392.668
0.25,0.35,0.15 341.525
0.25,0.35,0.2 137.649
0.25,0.35,0.25 24.7808
0.25,0.35,0.3 22.3529
0.25,0.35,0.35 40.1432
0.25,0.35,0.4 5.64811
0.25,0.4,0 2.509e-10
0.25,0.4,0.05 101.931
0.25,0.4,0.1 480.074
0.25,0.4,0.15 386.646
0.25,0.4,0.2 142.905
0.25,0.4,0.25 37.6973
0.25,0.4,0.3 2.62608
0.25,0.4,0.35 0.0233893
0.25,0.4,0.4 0.00180609
0.25,0.45,0 9.18817e-10
0.25,0.45,0.05 149.103
0.25,0.45,0.1 650.883
0.25,0.45,0.15 458.596
0.25,0.45,0.2 331.379
0.25,0.45,0.25 342.257
0.25,0.45,0.3 125.057
0.25,0.45,0.35 94.8375
0.25,0.45,0.4 45.3312
0.25,0.45,0.45 3.64875
0.25,0.5,0 1.69868e-09
0.25,0.5,0.05 181.486
0.25,0.5,0.1 734.11
0.25,0.5,0.15 340.766
0.25,0.5,0.2 382.772
0.25,0.5,0.25 606.911
0.25,0.5,0.3 672.301
0.25,0.5,0.35 567.314
0.25,0.5,0.4 397.995
0.25,0.5,0.45 38.5806
0.25,0.55,0 2.49174e-09
0.25,0.55,0.05 82.5822
0.25,0.55,0.1 416.331
0.25,0.55,0.15 347.489
0.25,0.55,0.2 350.034
0.25,0.55,0.25 465.747
0.25,0.55,0.3 677.318
0.25,0.55,0.35 659.601
0.25,0.55,0.4 442.747
0.25,0.55,0.45 37.1458
0.25,0.6,0 1.73455e-08
0.25,0.6,0.05 12.8411
0.25,0.6,0.1 197.241
0.25,0.6,0.15 416.647
0.25,0.6,0.2 564.104
0.25,0.6,0.25 478.156
0.25,0.6,0.3 441.792
0.25,0.6,0.35 539.393
0.25,0.6,0.4 345.011
0.25,0.6,0.45 21.4897
0.25,0.65,0 1.10698e-08
0.25,0.65,0.05 78.0406
0.25,0.65,0.1 346.544
0.25,0.65,0.15 399.852
0.25,0.65,0.2 513.926
0.25,0.65,0.25 247.446
0.25,0.65,0.3 419.608
0.25,0.65,0.35 293.583
0.25,0.65,0.4 114.614
0.25,0.65,0.45 7.97854
0.25,0.7,0 2.14309e-09
0.25,0.7,0.05 96.1461
0.25,0.7,0.1 469.105
0.25,0.7,0.15 449.109
0.25,0.7,0.2 407.644
0.25,0.7,0.25 307.191
0.25,0.7,0.3 241.483
0.25,0.7,0.35 61.3645
0.25,0.7,0.4 5.07475
0.25,0.7,0.45 0.320022
0.25,0.75,0 1.56936e-10
0.25,0.75,0.05 17.9729
0.25,0.75,0.1 309.519
0.25,0.75,0.15 562.701
0.25,0.75,0.2 546.304
0.25,0.75,0.25 309.689
0.25,0.75,0.3 192.952
0.25,0.75,0.35 22.8806
0.25,0.75,0.4 0.00050083
0.25,0.8,0.05 4.76279
0.25,0.8,0.1 139.081
0.25,0.8,0.15 274.851
0.25,0.8,0.2 232.801
0.25,0.8,0.25 110.837
0.25,0.8,0.3 85.7194
0.25,0.8,0.35 13.0835
0.25,0.85,0.05 0.0430919
0.25,0.85,0.1 1.30822
0.25,0.85,0.15 3.0355
0.25,0.85,0.2 1.90001
0.25,0.85,0.25 1.08173
0.25,0.85,0.3 1.13323
0.25,0.85,0.35 0.170934
0.3,0,0.1 8.98235e-13
0.3,0,0.15 3.69085e-11
0.3,0,0.2 7.2462e-11
0.3,0,0.25 4.93977e-10
0.3,0,0.3 4.6626e-10
0.3,0,0.35 1.84664e-11
0.3,0.05,0 3.73392e-15
0.3,0.05,0.05 0.157488
0.3,0.05,0.1 2.58492
0.3,0.05,0.15 59.8418
0.3,0.05,0.2 82.6877
0.3,0.05,0.25 82.2289
0.3,0.05,0.3 74.215
0.3,0.05,0.35 3.23775
0.3,0.1,0 2.52885e-12
0.3,0.1,0.05 7.12678
0.3,0.1,0.1 57.5013
0.3,0.1,0.15 278.241
0.3,0.1,0.2 382.512
0.3,0.1,0.25 376.648
0.3,0.1,0.3 371.961
0.3,0.1,0.35 32.7839
0.3,0.1,0.4 0.00147975
0.3,0.15,0 1.98869e-11
0.3,0.15,0.05 15.3447
0.3,0.15,0.1 110.847
0.3,0.15,0.15 372.766
0.3,0.15,0.2 479.885
0.3,0.15,0.25 295.844
0.3,0.15,0.3 555.023
0.3,0.15,0.35 225.606
0.3,0.15,0.4 23.2619
0.3,0.2,0 1.721e-10
0.3,0.2,0.05 78.9042
0.3,0.2,0.1 350.94
0.3,0.2,0.15 561.722
0.3,0.2,0.2 660.833
0.3,0.2,0.25 340.134
0.3,0.2,0.3 679.401
0.3,0.2,0.35 509.362
0.3,0.2,0.4 86.7676
0.3,0.25,0 2.0939e-10
0.3,0.25,0.05 99.1704
0.3,0.25,0.1 403.221
0.3,0.25,0.15 230.241
0.3,0.25,0.2 269.525
0.3,0.25,0.25 384.93
0.3,0.25,0.3 590.145
0.3,0.25,0.35 423.214
0.3,0.25,0.4 43.7072
0.3,0.3,0 3.36517e-11
0.3,0.3,0.05 33.6811
0.3,0.3,0.1 162.653
0.3,0.3,0.15 384.824
0.3,0.3,0.2 467.874
0.3,0.3,0.25 462.874
0.3,0.3,0.3 443.251
0.3,0.3,0.35 432.387
0.3,0.3,0.4 54.0105
0.3,0.35,0 3.99295e-10
0.3,0.35,0.05 37.8401
0.3,0.35,0.1 311.626
0.3,0.35,0.15 762.224
0.3,0.35,0.2 555.543
0.3,0.35,0.25 82.7032
0.3,0.35,0.3 62.5461
0.3,0.35,0.35 79.3648
0.3,0.35,0.4 10.9754
0.3,0.35,0.45 4.43772e-07
0.3,0.4,0 1.86222e-09
0.3,0.4,0.05 107.273
0.3,0.4,0.1 557.157
0.3,0.4,0.15 767.121
0.3,0.4,0.2 459.973
0.3,0.4,0.25 48.0764
0.3,0.4,0.3 1.8328
0.3,0.4,0.35 0.323206
0.3,0.4,0.4 0.514445
0.3,0.4,0.45 0.0608296
0.3,0.45,0 1.06808e-09
0.3,0.45,0.05 77.06
0.3,0.45,0.1 368.129
0.3,0.45,0.15 542.762
0.3,0.45,0.2 509.137
0.3,0.45,0.25 250.309
0.3,0.45,0.3 106.953
0.3,0.45,0.35 68.5236
0.3,0.45,0.4 12.6228
0.3,0.45,0.45 0.645226
0.3,0.5,0 1.1374e-09
0.3,0.5,0.05 120.555
0.3,0.5,0.1 485.802
0.3,0.5,0.15 208.944
0.3,0.5,0.2 226.833
0.3,0.5,0.25 347.833
0.3,0.5,0.3 606.297
0.3,0.5,0.35 377.611
0.3,0.5,0.4 65.3543
0.3,0.5,0.45 3.50665
0.3,0.55,0 6.19814e-08
0.3,0.55,0.05 80.8475
0.3,0.55,0.1 331.773
0.3,0.55,0.15 232.502
0.3,0.55,0.2 295.081
0.3,0.55,0.25 390.664
0.3,0.55,0.3 668.105
0.3,0.55,0.35 244.554
0.3,0.55,0.4 68.9919
0.3,0.55,0.45 4.12402
0.3,0.6,0 5.15624e-07
0.3,0.6,0.05 68.907
0.3,0.6,0.1 292.944
0.3,0.6,0.15 299.983
0.3,0.6,0.2 581.069
0.3,0.6,0.25 428.81
0.3,0.6,0.3 669.216
0.3,0.6,0.35 478.557
0.3,0.6,0.4 306.354
0.3,0.6,0.45 20.1817
0.3,0.65,0 2.57486e-07
0.3,0.65,0.05 78.929
0.3,0.65,0.1 321.505
0.3,0.65,0.15 227.104
0.3,0.65,0.2 435.3
0.3,0.65,0.25 425.98
0.3,0.65,0.3 643.473
0.3,0.65,0.35 504.632
0.3,0.65,0.4 281.364
0.3,0.65,0.45 18.3507
0.3,0.7,0 2.71045e-09
0.3,0.7,0.05 68.3921
0.3,0.7,0.1 283.997
0.3,0.7,0.15 204.366
0.3,0.7,0.2 456
0.3,0.7,0.25 221.559
0.3,0.7,0.3 142.219
0.3,0.7,0.35 42.6348
0.3,0.7,0.4 12.9462
0.3,0.7,0.45 0.786521
0.3,0.75,0 8.54123e-11
0.3,0.75,0.05 9.60515
0.3,0.75,0.1 128.29
0.3,0.75,0.15 258.444
0.3,0.75,0.2 465.547
0.3,0.75,0.25 213.023
0.3,0.75,0.3 149.02
0.3,0.75,0.35 14.9683
0.3,0.75,0.4 1.67096e-05
0.3,0.8,0.05 2.00409
0.3,0.8,0.1 55.4633
0.3,0.8,0.15 93.6951
0.3,0.8,0.2 108.543
0.3,0.8,0.25 39.4281
0.3,0.8,0.3 22.8994
0.3,0.8,0.35 2.33776
0.3,0.85,0.05 0.0181322
0.3,0.85,0.1 0.50268
0.3,0.85,0.15 0.585706
0.3,0.85,0.2 0.066784
0.3,0.85,0.25 0.00778021
0.3,0.85,0.3 0.00312103
0.3,0.85,0.35 0.00049091
0.35,0,0.1 1.0915e-13
0.35,0,0.15 4.48499e-12
0.35,0,0.2 1.36352e-11
0.35,0,0.25 1.61573e-10
0.35,0,0.3 1.53173e-10
0.35,0,0.35 6.06646e-12
0.35,0.05,0.05 0.725271
0.35,0.05,0.1 5.43044
0.35,0.05,0.15 9.52521
0.35,0.05,0.2 11.0272
0.35,0.05,0.25 26.6383
0.35,0.05,0.3 23.9996
0.35,0.05,0.35 0.939587
0.35,0.1,0.05 32.6669
0.35,0.1,0.1 238.388
0.35,0.1,0.15 134.588
0.35,0.1,0.2 59.686
0.35,0.1,0.25 173.675
0.35,0.1,0.3 132.019
0.35,0.1,0.35 9.12376
0.35,0.1,0.4 0.000312962
0.35,0.15,0 3.48331e-12
0.35,0.15,0.05 51.9518
0.35,0.15,0.1 373.423
0.35,0.15,0.15 228.462
0.35,0.15,0.2 147.162
0.35,0.15,0.25 278.982
0.35,0.15,0.3 224.916
0.35,0.15,0.35 49.2564
0.35,0.15,0.4 2.61848
0.35,0.2,0 1.10433e-10
0.35,0.2,0.05 100.403
0.35,0.2,0.1 440.844
0.35,0.2,0.15 419.973
0.35,0.2,0.2 481.061
0.35,0.2,0.25 369.356
0.35,0.2,0.3 469.714
0.35,0.2,0.35 142.662
0.35,0.2,0.4 11.8785
0.35,0.25,0 4.50688e-10
0.35,0.25,0.05 166.893
0.35,0.25,0.1 716.203
0.35,0.25,0.15 550.478
0.35,0.25,0.2 290.42
0.35,0.25,0.25 360.947
0.35,0.25,0.3 697.756
0.35,0.25,0.35 313.641
0.35,0.25,0.4 15.7267
0.35,0.3,0 3.02167e-10
0.35,0.3,0.05 130.245
0.35,0.3,0.1 549.441
0.35,0.3,0.15 494.734
0.35,0.3,0.2 378.107
0.35,0.3,0.25 625.331
0.35,0.3,0.3 766.396
0.35,0.3,0.35 180.39
0.35,0.3,0.4 9.60688
0.35,0.35,0 3.90204e-10
0.35,0.35,0.05 91.209
0.35,0.35,0.1 399.563
0.35,0.35,0.15 502.107
0.35,0.35,0.2 445.661
0.35,0.35,0.25 213.438
0.35,0.35,0.3 142.473
0.35,0.35,0.35 22.9219
0.35,0.35,0.4 1.26369
0.35,0.35,0.45 4.65033e-05
0.35,0.4,0 1.75958e-09
0.35,0.4,0.05 165.154
0.35,0.4,0.1 794.43
0.35,0.4,0.15 755.745
0.35,0.4,0.2 412.54
0.35,0.4,0.25 43.8148
0.35,0.4,0.3 13.6768
0.35,0.4,0.35 27.7623
0.35,0.4,0.4 50.9619
0.35,0.4,0.45 6.37099
0.35,0.45,0 2.41758e-09
0.35,0.45,0.05 97.0277
0.35,0.45,0.1 515.153
0.35,0.45,0.15 712.854
0.35,0.45,0.2 672.907
0.35,0.45,0.25 194.53
0.35,0.45,0.3 121.646
0.35,0.45,0.35 280.345
0.35,0.45,0.4 246.296
0.35,0.45,0.45 24.0783
0.35,0.5,0 2.49673e-09
0.35,0.5,0.05 144.989
0.35,0.5,0.1 606.548
0.35,0.5,0.15 404.069
0.35,0.5,0.2 592.818
0.35,0.5,0.25 635.401
0.35,0.5,0.3 602.134
0.35,0.5,0.35 486.375
0.35,0.5,0.4 149.41
0.35,0.5,0.45 5.7763
0.35,0.55,0 7.25879e-08
0.35,0.55,0.05 90.4856
0.35,0.55,0.1 387.871
0.35,0.55,0.15 444.457
0.35,0.55,0.2 621.798
0.35,0.55,0.25 439.275
0.35,0.55,0.3 428.067
0.35,0.55,0.35 141.851
0.35,0.55,0.4 28.0242
0.35,0.55,0.45 0.762906
0.35,0.6,0 5.99473e-07
0.35,0.6,0.05 93.6075
0.35,0.6,0.1 422.487
0.35,0.6,0.15 625.832
0.35,0.6,0.2 946.589
0.35,0.6,0.25 491.416
0.35,0.6,0.3 575.444
0.35,0.6,0.35 563.261
0.35,0.6,0.4 315.009
0.35,0.6,0.45 12.6483
0.35,0.65,0 2.98019e-07
0.35,0.65,0.05 114.475
0.35,0.65,0.1 492.042
0.35,0.65,0.15 415.399
0.35,0.65,0.2 507.804
0.35,0.65,0.25 631.678
0.35,0.65,0.3 600.296
0.35,0.65,0.35 638.048
0.35,0.65,0.4 303.402
0.35,0.65,0.45 10.609
0.35,0.7,0 2.2604e-09
0.35,0.7,0.05 76.3822
0.35,0.7,0.1 306.274
0.35,0.7,0.15 104.248
0.35,0.7,0.2 173.677
0.35,0.7,0.25 514.849
0.35,0.7,0.3 364.327
0.35,0.7,0.35 98.4905
0.35,0.7,0.4 14.8522
0.35,0.7,0.45 0.335641
0.35,0.75,0 6.48878e-09
0.35,0.75,0.05 4.16004
0.35,0.75,0.1 16.9438
0.35,0.75,0.15 52.49
0.35,0.75,0.2 255.033
0.35,0.75,0.25 599.701
0.35,0.75,0.3 492.306
0.35,0.75,0.35 67.6244
0.35,0.75,0.4 0.39026
0.35,0.8,0 2.09747e-08
0.35,0.8,0.05 2.16831
0.35,0.8,0.1 8.78571
0.35,0.8,0.15 13.6664
0.35,0.8,0.2 50.7381
0.35,0.8,0.25 89.5469
0.35,0.8,0.3 68.3415
0.35,0.8,0.35 6.59513
0.35,0.8,0.4 0.00879442
0.35,0.85,0 4.23295e-09
0.35,0.85,0.05 0.436248
0.35,0.85,0.1 1.73533
0.35,0.85,0.15 0.432545
0.35,0.85,0.2 9.87929e-05
0.4,0,0.2 4.56167e-15
0.4,0,0.25 9.59092e-14
0.4,0,0.3 9.1156e-14
0.4,0,0.35 3.61026e-15
0.4,0.05,0.05 0.208747
0.4,0.05,0.1 1.51248
0.4,0.05,0.15 0.666222
0.4,0.05,0.2 0.838567
0.4,0.05,0.25 3.68185
0.4,0.05,0.3 1.27854
0.4,0.05,0.35 0.172979
0.4,0.05,0.4 0.00276567
0.4,0.1,0.05 13.7369
0.4,0.1,0.1 103.241
0.4,0.1,0.15 52.0781
0.4,0.1,0.2 56.8782
0.4,0.1,0.25 239.204
0.4,0.1,0.3 76.9698
0.4,0.1,0.35 8.17008
0.4,0.1,0.4 0.131001
0.4,0.15,0 2.06896e-13
0.4,0.15,0.05 45.4285
0.4,0.15,0.1 430.388
0.4,0.15,0.15 320.077
0.4,0.15,0.2 223.877
0.4,0.15,0.25 641.268
0.4,0.15,0.3 173.27
0.4,0.15,0.35 12.1597
0.4,0.15,0.4 0.185165
0.4,0.2,0 8.82922e-11
0.4,0.2,0.05 52.1565
0.4,0.2,0.1 370.263
0.4,0.2,0.15 452.429
0.4,0.2,0.2 409.099
0.4,0.2,0.25 414.247
0.4,0.2,0.3 136.84
0.4,0.2,0.35 10.3499
0.4,0.2,0.4 0.180292
0.4,0.25,0 2.62101e-09
0.4,0.25,0.05 93.9046
0.4,0.25,0.1 430.613
0.4,0.25,0.15 483.763
0.4,0.25,0.2 281.603
0.4,0.25,0.25 159.364
0.4,0.25,0.3 169.201
0.4,0.25,0.35 30.8579
0.4,0.25,0.4 0.839113
0.4,0.3,0 3.20798e-09
0.4,0.3,0.05 109.13
0.4,0.3,0.1 453.551
0.4,0.3,0.15 276.464
0.4,0.3,0.2 311.939
0.4,0.3,0.25 492.433
0.4,0.3,0.3 352.233
0.4,0.3,0.35 39.5875
0.4,0.3,0.4 0.264713
0.4,0.35,0 2.64535e-10
0.4,0.35,0.05 55.348
0.4,0.35,0.1 226.314
0.4,0.35,0.15 149.451
0.4,0.35,0.2 264.891
0.4,0.35,0.25 554.329
0.4,0.35,0.3 488.852
0.4,0.35,0.35 92.4957
0.4,0.35,0.4 0.969985
0.4,0.35,0.45 8.66848e-05
0.4,0.4,0 1.25597e-10
0.4,0.4,0.05 57.6999
0.4,0.4,0.1 280.467
0.4,0.4,0.15 411.271
0.4,0.4,0.2 365.086
0.4,0.4,0.25 237.481
0.4,0.4,0.3 360.048
0.4,0.4,0.35 156.471
0.4,0.4,0.4 98.1323
0.4,0.4,0.45 11.8752
0.4,0.45,0 1.18671e-09
0.4,0.45,0.05 53.465
0.4,0.45,0.1 288.057
0.4,0.45,0.15 532.11
0.4,0.45,0.2 553.389
0.4,0.45,0.25 286.664
0.4,0.45,0.3 254.698
0.4,0.45,0.35 413.129
0.4,0.45,0.4 421.936
0.4,0.45,0.45 47.4092
0.4,0.5,0 1.37085e-09
0.4,0.5,0.05 67.4753
0.4,0.5,0.1 335.245
0.4,0.5,0.15 477.624
0.4,0.5,0.2 705.511
0.4,0.5,0.25 575.715
0.4,0.5,0.3 457.033
0.4,0.5,0.35 680.42
0.4,0.5,0.4 291.131
0.4,0.5,0.45 25.4203
0.4,0.55,0 1.13367e-08
0.4,0.55,0.05 49.3434
0.4,0.55,0.1 258.759
0.4,0.55,0.15 395.129
0.4,0.55,0.2 473.306
0.4,0.55,0.25 330.21
0.4,0.55,0.3 159.134
0.4,0.55,0.35 237.239
0.4,0.55,0.4 76.1206
0.4,0.55,0.45 5.59403
0.4,0.6,0 6.01546e-08
0.4,0.6,0.05 147.69
0.4,0.6,0.1 613.244
0.4,0.6,0.15 378.619
0.4,0.6,0.2 609.057
0.4,0.6,0.25 367.974
0.4,0.6,0.3 237.934
0.4,0.6,0.35 228.832
0.4,0.6,0.4 142.667
0.4,0.6,0.45 5.631
0.4,0.65,0 2.32439e-08
0.4,0.65,0.05 72.0671
0.4,0.65,0.1 302.464
0.4,0.65,0.15 242.303
0.4,0.65,0.2 506.897
0.4,0.65,0.25 446.96
0.4,0.65,0.3 374.622
0.4,0.65,0.35 258.925
0.4,0.65,0.4 127.027
0.4,0.65,0.45 4.48526
0.4,0.7,0 2.16872e-10
0.4,0.7,0.05 17.1986
0.4,0.7,0.1 69.1054
0.4,0.7,0.15 25.1976
0.4,0.7,0.2 80.2756
0.4,0.7,0.25 266.209
0.4,0.7,0.3 406.574
0.4,0.7,0.35 198.586
0.4,0.7,0.4 7.63472
0.4,0.7,0.45 0.124713
0.4,0.75,0 2.05596e-07
0.4,0.75,0.05 21.9332
0.4,0.75,0.1 87.1903
0.4,0.75,0.15 21.7531
0.4,0.75,0.2 50.3513
0.4,0.75,0.25 241.949
0.4,0.75,0.3 322.503
0.4,0.75,0.35 137.696
0.4,0.75,0.4 1.75899
0.4,0.8,0 6.64996e-07
0.4,0.8,0.05 68.5247
0.4,0.8,0.1 272.347
0.4,0.8,0.15 67.6731
0.4,0.8,0.2 7.15711
0.4,0.8,0.25 32.0269
0.4,0.8,0.3 20.0747
0.4,0.8,0.35 3.91019
0.4,0.8,0.4 0.0396384
0.4,0.85,0 1.34204e-07
0.4,0.85,0.05 13.8291
0.4,0.85,0.1 54.9628
0.4,0.85,0.15 13.6529
0.45,0.05,0.05 1.8969e-05
0.45,0.05,0.1 0.00013744
0.45,0.05,0.15 6.05402e-05
0.45,0.05,0.2 0.187754
0.45,0.05,0.25 1.14511
0.45,0.05,0.3 3.94022
0.45,0.05,0.35 2.36451
0.45,0.05,0.4 0.0379324
0.45,0.1,0.05 14.8591
0.45,0.1,0.1 86.9385
0.45,0.1,0.15 45.7086
0.45,0.1,0.2 36.2656
0.45,0.1,0.25 75.0368
0.45,0.1,0.3 193.015
0.45,0.1,0.35 112.196
0.45,0.1,0.4 1.79674
