0.65,0.5,0 3.41972e-10
0.65,0.5,0.05 93.5549
0.65,0.5,0.1 375.547
0.65,0.5,0.15 276.674
0.65,0.5,0.2 678.433
0.65,0.5,0.25 189.241
0.65,0.5,0.3 1.17231
0.65,0.55,0 6.95901e-11
0.65,0.55,0.05 43.7892
0.65,0.55,0.1 182.333
0.65,0.55,0.15 289.207
0.65,0.55,0.2 658.817
0.65,0.55,0.25 206.305
0.65,0.55,0.3 9.12411
0.65,0.6,0 1.89026e-11
0.65,0.6,0.05 38.1099
0.65,0.6,0.1 193.046
0.65,0.6,0.15 362.147
0.65,0.6,0.2 633.46
0.65,0.6,0.25 188.395
0.65,0.6,0.3 5.5016
0.65,0.65,0 8.30426e-13
0.65,0.65,0.05 37.7737
0.65,0.65,0.1 336.199
0.65,0.65,0.15 425.193
0.65,0.65,0.2 295.856
0.65,0.65,0.25 91.9668
0.65,0.65,0.3 1.08868
0.65,0.7,0 1.72209e-12
0.65,0.7,0.05 20.7414
0.65,0.7,0.1 264.915
0.65,0.7,0.15 607.119
0.65,0.7,0.2 191.462
0.65,0.7,0.25 9.85235
0.65,0.7,0.3 0.0620559
0.65,0.75,0 3.2965e-10
0.65,0.75,0.05 28.8799
0.65,0.75,0.1 299.42
0.65,0.75,0.15 459.361
0.65,0.75,0.2 76.5916
0.65,0.75,0.25 0.625674
0.65,0.8,0 7.41904e-10
0.65,0.8,0.05 74.1976
0.65,0.8,0.1 415.293
0.65,0.8,0.15 313.981
0.65,0.8,0.2 28.1548
0.65,0.8,0.25 0.00059071
0.65,0.85,0 1.7205e-10
0.65,0.85,0.05 77.9083
0.65,0.85,0.1 315.139
0.65,0.85,0.15 85.1822
0.65,0.85,0.2 0.862272
0.65,0.9,0 1.99767e-11
0.65,0.9,0.05 18.789
0.65,0.9,0.1 75.1345
0.65,0.9,0.15 18.7783
0.65,0.95,0 1.57188e-16
0.65,0.95,0.05 0.000184117
0.65,0.95,0.1 0.000736258
0.65,0.95,0.15 0.000184012
0.7,0.1,0.05 0.000144149
0.7,0.1,0.1 0.217501
0.7,0.1,0.15 4.30747
0.7,0.1,0.2 3.96178
0.7,0.1,0.25 0.147455
0.7,0.15,0 1.44708e-14
0.7,0.15,0.05 17.2368
0.7,0.15,0.1 99.9255
0.7,0.15,0.15 88.0081
0.7,0.15,0.2 50.0233
0.7,0.15,0.25 4.18863
0.7,0.15,0.3 0.942529
0.7,0.15,0.35 0.00258133
0.7,0.2,0 4.1016e-13
0.7,0.2,0.05 79.2016
0.7,0.2,0.1 465.164
0.7,0.2,0.15 205.922
0.7,0.2,0.2 41.7794
0.7,0.2,0.25 51.5419
0.7,0.2,0.3 20.2412
0.7,0.2,0.35 0.0554353
0.7,0.25,0 4.58364e-13
0.7,0.25,0.05 74.4322
0.7,0.25,0.1 505.703
0.7,0.25,0.15 228.7
0.7,0.25,0.2 45.4732
0.7,0.25,0.25 60.406
0.7,0.25,0.3 20.1778
0.7,0.25,0.35 0.340427
0.7,0.25,0.4 0.000945863
0.7,0.3,0 2.41489e-14
0.7,0.3,0.05 17.3015
0.7,0.3,0.1 140.884
0.7,0.3,0.15 147.991
0.7,0.3,0.2 164.897
0.7,0.3,0.25 51.6464
0.7,0.3,0.3 6.80928
0.7,0.3,0.35 2.48422
0.7,0.3,0.4 0.00817744
0.7,0.35,0 3.55798e-15
0.7,0.35,0.05 46.9475
0.7,0.35,0.1 212.947
0.7,0.35,0.15 126.153
0.7,0.35,0.2 67.9186
0.7,0.35,0.25 13.2306
0.7,0.35,0.3 3.06735
0.7,0.35,0.35 1.27095
0.7,0.35,0.4 0.00418728
0.7,0.4,0 9.19924e-12
0.7,0.4,0.05 152.259
0.7,0.4,0.1 632.062
0.7,0.4,0.15 239.93
0.7,0.4,0.2 44.8582
0.7,0.4,0.25 0.660401
0.7,0.4,0.3 0.0247599
0.7,0.4,0.35 0.0102951
0.7,0.4,0.4 3.39183e-05
0.7,0.45,0 1.04752e-10
0.7,0.45,0.05 107.022
0.7,0.45,0.1 533.42
0.7,0.45,0.15 248.518
0.7,0.45,0.2 62.4949
0.7,0.45,0.25 13.8517
0.7,0.45,0.3 0.0107233
0.7,0.5,0 2.14285e-10
0.7,0.5,0.05 108.688
0.7,0.5,0.1 548.323
0.7,0.5,0.15 388.26
0.7,0.5,0.2 300.119
0.7,0.5,0.25 55.3924
0.7,0.5,0.3 0.0255094
0.7,0.55,0 7.53882e-11
0.7,0.55,0.05 87.9005
0.7,0.55,0.1 426.723
0.7,0.55,0.15 446.424
0.7,0.55,0.2 541.619
0.7,0.55,0.25 80.258
0.7,0.55,0.3 0.00460437
0.7,0.6,0 3.93614e-11
0.7,0.6,0.05 74.6818
0.7,0.6,0.1 339.614
0.7,0.6,0.15 306.102
0.7,0.6,0.2 465.846
0.7,0.6,0.25 70.55
0.7,0.6,0.3 0.00754489
0.7,0.65,0 1.6194e-12
0.7,0.65,0.05 33.2804
0.7,0.65,0.1 317.205
0.7,0.65,0.15 246.181
0.7,0.65,0.2 90.2445
0.7,0.65,0.25 9.2466
0.7,0.65,0.3 0.00861705
0.7,0.7,0 3.08274e-14
0.7,0.7,0.05 10.1402
0.7,0.7,0.1 134.4
0.7,0.7,0.15 380.462
0.7,0.7,0.2 312.031
0.7,0.7,0.25 21.2912
0.7,0.7,0.3 0.000508142
0.7,0.75,0 6.0956e-12
0.7,0.75,0.05 0.959596
0.7,0.75,0.1 73.1176
0.7,0.75,0.15 227.171
0.7,0.75,0.2 122.469
0.7,0.75,0.25 7.56078
0.7,0.8,0 2.01839e-09
0.7,0.8,0.05 11.6988
0.7,0.8,0.1 96.6897
0.7,0.8,0.15 113.201
0.7,0.8,0.2 12.0626
0.7,0.8,0.25 0.0091481
0.7,0.85,0 8.01202e-09
0.7,0.85,0.05 41.2929
0.7,0.85,0.1 166.427
0.7,0.85,0.15 44.2662
0.7,0.85,0.2 0.366357
0.7,0.9,0 2.00013e-09
0.7,0.9,0.05 10.3149
0.7,0.9,0.1 41.1903
0.7,0.9,0.15 10.2803
0.7,0.95,0 5.43256e-18
0.7,0.95,0.05 6.36324e-06
0.7,0.95,0.1 2.54457e-05
0.7,0.95,0.15 6.35962e-06
0.75,0.1,0.05 8.2963e-05
0.75,0.1,0.1 0.00046813
0.75,0.1,0.15 0.000164039
0.75,0.1,0.2 1.75864e-07
0.75,0.15,0.05 9.9029
0.75,0.15,0.1 55.8785
0.75,0.15,0.15 19.5805
0.75,0.15,0.2 0.020992
0.75,0.2,0.05 40.8349
0.75,0.2,0.1 235.045
0.75,0.2,0.15 84.1813
0.75,0.2,0.2 0.116769
0.75,0.25,0.05 23.9753
0.75,0.25,0.1 154.807
0.75,0.25,0.15 61.9222
0.75,0.25,0.2 0.204731
0.75,0.25,0.25 0.00944686
0.75,0.25,0.3 1.16567e-05
0.75,0.3,0.05 4.33712
0.75,0.3,0.1 29.125
0.75,0.3,0.15 12.4432
0.75,0.3,0.2 0.35342
0.75,0.3,0.25 0.0414584
0.75,0.3,0.3 4.76889e-05
0.75,0.35,0 6.35392e-19
0.75,0.35,0.05 54.0163
0.75,0.35,0.1 229.494
0.75,0.35,0.15 193.176
0.75,0.35,0.2 83.9444
0.75,0.35,0.25 1.17181
0.75,0.35,0.3 1.21938e-05
0.75,0.4,0 1.57843e-14
0.75,0.4,0.05 135.586
0.75,0.4,0.1 592.688
0.75,0.4,0.15 506.318
0.75,0.4,0.2 213.661
0.75,0.4,0.25 2.94909
0.75,0.4,0.3 5.0451e-12
0.75,0.45,0 9.16479e-12
0.75,0.45,0.05 41.0942
0.75,0.45,0.1 368.066
0.75,0.45,0.15 357.749
0.75,0.45,0.2 90.7907
0.75,0.45,0.25 2.58349
0.75,0.5,0 2.52175e-11
0.75,0.5,0.05 21.8661
0.75,0.5,0.1 331.445
0.75,0.5,0.15 638.169
0.75,0.5,0.2 316.716
0.75,0.5,0.25 13.0068
0.75,0.55,0 1.0971e-11
0.75,0.55,0.05 23.0259
0.75,0.55,0.1 271.37
0.75,0.55,0.15 488.827
0.75,0.55,0.2 238.445
0.75,0.55,0.25 17.9919
0.75,0.6,0 6.74582e-12
0.75,0.6,0.05 29.1634
0.75,0.6,0.1 135.5
0.75,0.6,0.15 117.2
0.75,0.6,0.2 126.306
0.75,0.6,0.25 16.188
0.75,0.65,0 4.06947e-13
0.75,0.65,0.05 13.731
0.75,0.65,0.1 67.5501
0.75,0.65,0.15 52.9385
0.75,0.65,0.2 45.3384
0.75,0.65,0.25 3.90196
0.75,0.7,0 6.07228e-15
0.75,0.7,0.05 1.19461
0.75,0.7,0.1 11.8673
0.75,0.7,0.15 155.068
0.75,0.7,0.2 216.411
0.75,0.7,0.25 16.7389
0.75,0.75,0 2.65197e-11
0.75,0.75,0.05 0.116436
0.75,0.75,0.1 1.77654
0.75,0.75,0.15 54.1734
0.75,0.75,0.2 77.0278
0.75,0.75,0.25 5.95524
0.75,0.8,0 6.47176e-09
0.75,0.8,0.05 30.6465
0.75,0.8,0.1 122.551
0.75,0.8,0.15 30.9727
0.75,0.8,0.2 0.136769
0.75,0.8,0.25 0.00720617
0.75,0.85,0 2.26947e-08
0.75,0.85,0.05 108.816
0.75,0.85,0.1 434.497
0.75,0.85,0.15 108.441
0.75,0.85,0.2 0.00133829
0.75,0.9,0 5.3693e-09
0.75,0.9,0.05 25.8896
0.75,0.9,0.1 103.375
0.75,0.9,0.15 25.7978
0.8,0.05,0 1.96048e-11
0.8,0.05,0.05 1.15495
0.8,0.05,0.1 4.61623
0.8,0.05,0.15 1.15317
0.8,0.1,0 2.31151e-10
0.8,0.1,0.05 13.6174
0.8,0.1,0.1 54.4276
0.8,0.1,0.15 13.5964
0.8,0.1,0.2 2.10809e-09
0.8,0.15,0 1.50684e-10
0.8,0.15,0.05 8.99574
0.8,0.15,0.1 36.1506
0.8,0.15,0.15 9.09806
0.8,0.15,0.2 0.000251633
0.8,0.2,0 2.58221e-12
0.8,0.2,0.05 0.598354
0.8,0.2,0.1 3.12598
0.8,0.2,0.15 1.03422
0.8,0.2,0.2 0.000946115
0.8,0.25,0.05 0.104923
0.8,0.25,0.1 0.59217
0.8,0.25,0.15 0.207554
0.8,0.25,0.2 0.000223242
0.8,0.3,0.05 0.0431552
0.8,0.3,0.1 0.182536
0.8,0.3,0.15 0.144561
0.8,0.3,0.2 0.0611038
0.8,0.3,0.25 0.000846049
0.8,0.35,0 5.80567e-13
0.8,0.35,0.05 6.27441
0.8,0.35,0.1 29.0752
0.8,0.35,0.15 48.1364
0.8,0.35,0.2 25.2645
0.8,0.35,0.25 0.349817
0.8,0.4,0 1.49583e-11
0.8,0.4,0.05 17.4748
0.8,0.4,0.1 81.7807
0.8,0.4,0.15 125.663
0.8,0.4,0.2 64.1985
0.8,0.4,0.25 0.887872
0.8,0.45,0 1.70615e-11
0.8,0.45,0.05 8.47269
0.8,0.45,0.1 57.9982
0.8,0.45,0.15 65.1637
0.8,0.45,0.2 27.3277
0.8,0.45,0.25 0.842552
0.8,0.5,0 3.29792e-12
0.8,0.5,0.05 4.89247
0.8,0.5,0.1 53.0372
0.8,0.5,0.15 143.94
0.8,0.5,0.2 99.3196
0.8,0.5,0.25 4.12578
0.8,0.55,0 1.29552e-11
0.8,0.55,0.05 74.0462
0.8,0.55,0.1 322.963
0.8,0.55,0.15 154.739
0.8,0.55,0.2 39.7168
0.8,0.55,0.25 1.53856
0.8,0.6,0 1.35796e-11
0.8,0.6,0.05 141.453
0.8,0.6,0.1 568.116
0.8,0.6,0.15 145.921
0.8,0.6,0.2 0.855807
0.8,0.6,0.25 0.0515804
0.8,0.65,0 1.51337e-12
0.8,0.65,0.05 76.9784
0.8,0.65,0.1 307.906
0.8,0.65,0.15 77.6893
0.8,0.65,0.2 1.04442
0.8,0.65,0.25 0.0820276
0.8,0.7,0 2.27173e-13
0.8,0.7,0.05 4.71673
0.8,0.7,0.1 18.948
0.8,0.7,0.15 8.79488
0.8,0.7,0.2 5.85744
0.8,0.7,0.25 0.453178
0.8,0.75,0 2.78316e-10
0.8,0.75,0.05 1.40664
0.8,0.75,0.1 5.647
0.8,0.75,0.15 2.85334
0.8,0.75,0.2 2.08391
0.8,0.75,0.25 0.161228
0.8,0.8,0 1.35993e-08
0.8,0.8,0.05 59.6748
0.8,0.8,0.1 238.268
0.8,0.8,0.15 59.48
0.8,0.8,0.2 0.00944687
0.8,0.8,0.25 0.000199217
0.8,0.85,0 2.1173e-08
0.8,0.85,0.05 93.7068
0.8,0.85,0.1 374.192
0.8,0.85,0.15 93.6141
0.8,0.85,0.2 0.081585
0.8,0.85,0.25 4.85598e-05
0.8,0.9,0 2.16719e-09
0.8,0.9,0.05 9.81897
0.8,0.9,0.1 39.2355
0.8,0.9,0.15 9.94526
0.8,0.9,0.2 0.0531526
0.8,0.9,0.25 3.16367e-05
0.8,0.95,0.1 0.000524803
0.8,0.95,0.15 0.00276818
0.8,0.95,0.2 0.000909399
0.8,0.95,0.25 5.41279e-07
0.85,0.05,0 1.24806e-10
0.85,0.05,0.05 7.35247
0.85,0.05,0.1 29.3872
0.85,0.05,0.15 7.34114
0.85,0.1,0 1.47152e-09
0.85,0.1,0.05 86.6892
0.85,0.1,0.1 346.489
0.85,0.1,0.15 86.5556
0.85,0.15,0 9.59267e-10
0.85,0.15,0.05 56.5117
0.85,0.15,0.1 225.873
0.85,0.15,0.15 56.4246
0.85,0.2,0 1.64385e-11
0.85,0.2,0.05 0.968414
0.85,0.2,0.1 3.87067
0.85,0.2,0.15 0.966922
0.85,0.3,0.1 1.91104e-06
0.85,0.3,0.15 2.03374e-05
0.85,0.3,0.2 1.22808e-05
0.85,0.3,0.25 1.70042e-07
0.85,0.35,0 7.21741e-12
0.85,0.35,0.05 2.39282
0.85,0.35,0.1 9.56793
0.85,0.35,0.15 2.39916
0.85,0.35,0.2 0.00507775
0.85,0.35,0.25 7.03074e-05
0.85,0.4,0 1.87374e-10
0.85,0.4,0.05 61.9459
0.85,0.4,0.1 247.678
0.85,0.4,0.15 61.9134
0.85,0.4,0.2 0.0128879
0.85,0.4,0.25 0.000178448
0.85,0.45,0 3.18123e-10
0.85,0.45,0.05 92.3763
0.85,0.45,0.1 369.339
0.85,0.45,0.15 92.3075
0.85,0.45,0.2 0.0131637
0.85,0.45,0.25 0.000506879
0.85,0.5,0 2.12084e-10
0.85,0.5,0.05 49.6772
0.85,0.5,0.1 198.616
0.85,0.5,0.15 49.6951
0.85,0.5,0.2 0.0653421
0.85,0.5,0.25 0.00280713
0.85,0.55,0 2.50876e-11
0.85,0.55,0.05 37.5337
0.85,0.55,0.1 150.105
0.85,0.55,0.15 37.5423
0.85,0.55,0.2 0.0237303
0.85,0.55,0.25 0.00101947
0.85,0.6,0 6.1264e-12
0.85,0.6,0.05 61.2836
0.85,0.6,0.1 245.105
0.85,0.6,0.15 61.2689
0.85,0.6,0.2 3.35493e-05
0.85,0.6,0.25 1.44129e-06
0.85,0.65,0 4.26584e-12
0.85,0.65,0.05 57.2783
0.85,0.65,0.1 229.088
0.85,0.65,0.15 57.2658
0.85,0.7,0 8.47068e-12
0.85,0.7,0.05 60.7193
0.85,0.7,0.1 242.84
0.85,0.7,0.15 60.7005
0.85,0.75,0 1.79695e-10
0.85,0.75,0.05 10.525
0.85,0.75,0.1 42.0858
0.85,0.75,0.15 10.5179
0.85,0.8,0 7.95205e-09
0.85,0.8,0.05 72.5733
0.85,0.8,0.1 292.053
0.85,0.8,0.15 83.4751
0.85,0.8,0.2 3.63716
0.85,0.8,0.25 0.00216485
0.85,0.85,0 1.09868e-08
0.85,0.85,0.05 89.5657
0.85,0.85,0.1 382.546
0.85,0.85,0.15 219.774
0.85,0.85,0.2 42.8488
0.85,0.85,0.25 0.0255038
0.85,0.9,0 8.06315e-10
0.85,0.9,0.05 5.64828
0.85,0.9,0.1 38.6725
0.85,0.9,0.15 90.6084
0.85,0.9,0.2 27.916
0.85,0.9,0.25 0.0166157
0.85,0.95,0.1 0.275629
0.85,0.95,0.15 1.45386
0.85,0.95,0.2 0.477621
0.85,0.95,0.25 0.000284282
0.9,0.05,0 4.89436e-11
0.9,0.05,0.05 2.88334
0.9,0.05,0.1 11.5245
0.9,0.05,0.15 2.87889
0.9,0.1,0 5.77069e-10
0.9,0.1,0.05 33.9959
0.9,0.1,0.1 135.879
0.9,0.1,0.15 33.9435
0.9,0.15,0 3.76185e-10
0.9,0.15,0.05 22.1616
0.9,0.15,0.1 88.578
0.9,0.15,0.15 22.1274
0.9,0.2,0 6.4465e-12
0.9,0.2,0.05 0.379772
0.9,0.2,0.1 1.51792
0.9,0.2,0.15 0.379187
0.9,0.35,0 4.88887e-12
0.9,0.35,0.05 1.62083
0.9,0.35,0.1 6.48051
0.9,0.35,0.15 1.61942
0.9,0.4,0 1.28814e-10
0.9,0.4,0.05 42.3826
0.9,0.4,0.1 169.457
0.9,0.4,0.15 42.3457
0.9,0.45,0 3.57152e-10
0.9,0.45,0.05 94.1699
0.9,0.45,0.1 376.504
0.9,0.45,0.15 94.0822
0.9,0.5,0 3.80956e-10
0.9,0.5,0.05 85.6771
0.9,0.5,0.1 342.539
0.9,0.5,0.15 85.5926
0.9,0.55,0 3.57798e-11
0.9,0.55,0.05 8.13557
0.9,0.55,0.1 32.5264
0.9,0.55,0.15 8.12763
0.9,0.6,0 4.9626e-14
0.9,0.6,0.05 0.390584
0.9,0.6,0.1 1.56212
0.9,0.6,0.15 0.390474
0.9,0.65,0 5.07433e-12
0.9,0.65,0.05 35.6869
0.9,0.65,0.1 142.725
0.9,0.65,0.15 35.6757
0.9,0.7,0 1.17393e-11
0.9,0.7,0.05 82.3675
0.9,0.7,0.1 329.418
0.9,0.7,0.15 82.3416
0.9,0.75,0 2.30819e-11
0.9,0.75,0.05 13.8493
0.9,0.75,0.1 55.3843
0.9,0.75,0.15 13.8429
0.9,0.8,0 6.31785e-10
0.9,0.8,0.05 61.7132
0.9,0.8,0.1 252.235
0.9,0.8,0.15 90.8373
0.9,0.8,0.2 9.5931
0.9,0.8,0.25 0.00570986
0.9,0.85,0 7.26178e-10
0.9,0.85,0.05 68.1559
0.9,0.85,0.1 337.672
0.9,0.85,0.15 412.085
0.9,0.85,0.2 113.015
0.9,0.85,0.25 0.067267
0.9,0.9,0 4.0616e-11
0.9,0.9,0.05 3.52351
0.9,0.9,0.1 56.5756
0.9,0.9,0.15 227.644
0.9,0.9,0.2 73.6291
0.9,0.9,0.25 0.0438244
0.9,0.95,0.1 0.726979
0.9,0.95,0.15 3.8346
0.9,0.95,0.2 1.25974
0.9,0.95,0.25 0.000749801
0.95,0.05,0 1.15116e-13
0.95,0.05,0.05 0.00678165
0.95,0.05,0.1 0.0271057
0.95,0.05,0.15 0.0067712
0.95,0.1,0 1.35728e-12
0.95,0.1,0.05 0.079959
0.95,0.1,0.1 0.319589
0.95,0.1,0.15 0.0798357
0.95,0.15,0 8.84793e-13
0.95,0.15,0.05 0.0521244
0.95,0.15,0.1 0.208337
0.95,0.15,0.15 0.052044
0.95,0.2,0 1.51623e-14
0.95,0.2,0.05 0.000893231
0.95,0.2,0.1 0.00357017
0.95,0.2,0.15 0.000891854
0.95,0.35,0 9.25926e-14
0.95,0.35,0.05 0.0306976
0.95,0.35,0.1 0.122737
0.95,0.35,0.15 0.030671
0.95,0.4,0 2.70652e-12
0.95,0.4,0.05 0.86222
0.95,0.4,0.1 3.44737
0.95,0.4,0.15 0.861463
0.95,0.45,0 2.6735e-11
0.95,0.45,0.05 6.23777
0.95,0.45,0.1 24.9389
0.95,0.45,0.15 6.2317
0.95,0.5,0 4.06909e-11
0.95,0.5,0.05 9.08895
0.95,0.5,0.1 36.3378
0.95,0.5,0.15 9.07997
0.95,0.55,0 3.87302e-12
0.95,0.55,0.05 0.863833
0.95,0.55,0.1 3.45362
0.95,0.55,0.15 0.862979
0.95,0.6,0 1.48447e-15
0.95,0.6,0.05 0.0104151
0.95,0.6,0.1 0.041654
0.95,0.6,0.15 0.0104119
0.95,0.65,0 3.7401e-13
0.95,0.65,0.05 2.62407
0.95,0.65,0.1 10.4946
0.95,0.65,0.15 2.62325
0.95,0.7,0 8.6566e-13
0.95,0.7,0.05 6.07352
0.95,0.7,0.1 24.2903
0.95,0.7,0.15 6.07161
0.95,0.75,0 1.75853e-12
0.95,0.75,0.05 1.04604
0.95,0.75,0.1 4.18317
0.95,0.75,0.15 1.04554
0.95,0.8,0 4.51572e-11
0.95,0.8,0.05 5.22184
0.95,0.8,0.1 21.7766
0.95,0.8,0.15 9.97349
0.95,0.8,0.2 1.56312
0.95,0.8,0.25 0.000930373
0.95,0.85,0 4.97777e-11
0.95,0.85,0.05 5.75614
0.95,0.85,0.1 33.6374
0.95,0.85,0.15 61.8032
0.95,0.85,0.2 18.4148
0.95,0.85,0.25 0.0109606
0.95,0.9,0 2.56326e-12
0.95,0.9,0.05 0.296408
0.95,0.9,0.1 8.10837
0.95,0.9,0.15 36.8153
0.95,0.9,0.2 11.9972
0.95,0.9,0.25 0.00714081
0.95,0.95,0.1 0.118455
0.95,0.95,0.15 0.624816
0.95,0.95,0.2 0.205263
0.95,0.95,0.25 0.000122174
