0.25,0.3,0.4 0.708971
0.25,0.35,0 1.04337e-11
0.25,0.35,0.05 80.8285
0.25,0.35,0.1 409.679
0.25,0.35,0.15 290.351
0.25,0.35,0.2 115.127
0.25,0.35,0.25 21.5089
0.25,0.35,0.3 28.8791
0.25,0.35,0.35 14.57
0.25,0.35,0.4 0.122281
0.25,0.4,0 1.17878e-11
0.25,0.4,0.05 109.792
0.25,0.4,0.1 514.918
0.25,0.4,0.15 343.298
0.25,0.4,0.2 127.38
0.25,0.4,0.25 19.4272
0.25,0.4,0.3 0.51284
0.25,0.45,0 5.77297e-10
0.25,0.45,0.05 148.927
0.25,0.45,0.1 657.608
0.25,0.45,0.15 441.461
0.25,0.45,0.2 322.788
0.25,0.45,0.25 238.642
0.25,0.45,0.3 55.6253
0.25,0.45,0.35 31.6488
0.25,0.45,0.4 2.72107
0.25,0.45,0.45 0.0720832
0.25,0.5,0 1.63489e-09
0.25,0.5,0.05 180.955
0.25,0.5,0.1 736.714
0.25,0.5,0.15 349.327
0.25,0.5,0.2 453.306
0.25,0.5,0.25 624.236
0.25,0.5,0.3 510.243
0.25,0.5,0.35 421.238
0.25,0.5,0.4 159.877
0.25,0.5,0.45 6.87162
0.25,0.55,0 2.49304e-09
0.25,0.55,0.05 105.741
0.25,0.55,0.1 529.156
0.25,0.55,0.15 246.796
0.25,0.55,0.2 200.896
0.25,0.55,0.25 608.58
0.25,0.55,0.3 676.518
0.25,0.55,0.35 691.935
0.25,0.55,0.4 373.857
0.25,0.55,0.45 14.1729
0.25,0.6,0 1.70057e-08
0.25,0.6,0.05 51.5019
0.25,0.6,0.1 389.244
0.25,0.6,0.15 380.896
0.25,0.6,0.2 382.762
0.25,0.6,0.25 516.294
0.25,0.6,0.3 507.24
0.25,0.6,0.35 563.483
0.25,0.6,0.4 262.715
0.25,0.6,0.45 5.28178
0.25,0.65,0 8.60711e-09
0.25,0.65,0.05 83.3006
0.25,0.65,0.1 375.024
0.25,0.65,0.15 500.156
0.25,0.65,0.2 628.697
0.25,0.65,0.25 279.088
0.25,0.65,0.3 301.534
0.25,0.65,0.35 383.577
0.25,0.65,0.4 112.808
0.25,0.65,0.45 0.560764
0.25,0.7,0 3.27887e-10
0.25,0.7,0.05 114.525
0.25,0.7,0.1 530.506
0.25,0.7,0.15 444.697
0.25,0.7,0.2 400.786
0.25,0.7,0.25 246.697
0.25,0.7,0.3 285.58
0.25,0.7,0.35 130.823
0.25,0.7,0.4 25.8848
0.25,0.7,0.45 0.00297617
0.25,0.75,0 1.36711e-10
0.25,0.75,0.05 119.25
0.25,0.75,0.1 606.166
0.25,0.75,0.15 421.181
0.25,0.75,0.2 305.93
0.25,0.75,0.25 235.779
0.25,0.75,0.3 50.2795
0.25,0.75,0.35 5.11532
0.25,0.75,0.4 0.00902044
0.25,0.75,0.45 1.03779e-06
0.25,0.8,0 3.84855e-11
0.25,0.8,0.05 38.8635
0.25,0.8,0.1 210.185
0.25,0.8,0.15 252.295
0.25,0.8,0.2 169.261
0.25,0.8,0.25 112.179
0.25,0.8,0.3 20.66
0.25,0.85,0 3.76286e-14
0.25,0.85,0.05 0.0492708
0.25,0.85,0.1 1.60342
0.25,0.85,0.15 13.9647
0.25,0.85,0.2 13.7489
0.25,0.85,0.25 18.1739
0.25,0.85,0.3 4.235
0.3,0,0.1 8.98235e-13
0.3,0,0.15 3.69085e-11
0.3,0,0.2 7.2462e-11
0.3,0,0.25 4.93977e-10
0.3,0,0.3 4.6626e-10
0.3,0,0.35 1.84664e-11
0.3,0.05,0 8.01219e-13
0.3,0.05,0.05 0.302368
0.3,0.05,0.1 2.65522
0.3,0.05,0.15 61.2226
0.3,0.05,0.2 87.1306
0.3,0.05,0.25 83.8156
0.3,0.05,0.3 73.1819
0.3,0.05,0.35 2.87329
0.3,0.1,0 3.75156e-11
0.3,0.1,0.05 13.3854
0.3,0.1,0.1 70.2512
0.3,0.1,0.15 308.739
0.3,0.1,0.2 435.95
0.3,0.1,0.25 384.306
0.3,0.1,0.3 363.933
0.3,0.1,0.35 21.7931
0.3,0.1,0.4 0.00484016
0.3,0.15,0 6.5408e-11
0.3,0.15,0.05 24.2743
0.3,0.15,0.1 195.747
0.3,0.15,0.15 463.99
0.3,0.15,0.2 534.39
0.3,0.15,0.25 375.604
0.3,0.15,0.3 542.671
0.3,0.15,0.35 166.705
0.3,0.15,0.4 13.8172
0.3,0.2,0 1.11971e-10
0.3,0.2,0.05 78.2196
0.3,0.2,0.1 396.307
0.3,0.2,0.15 608.684
0.3,0.2,0.2 517.563
0.3,0.2,0.25 486.047
0.3,0.2,0.3 668.299
0.3,0.2,0.35 400.996
0.3,0.2,0.4 44.4174
0.3,0.25,0 6.7947e-11
0.3,0.25,0.05 95.776
0.3,0.25,0.1 405.09
0.3,0.25,0.15 278.628
0.3,0.25,0.2 273.487
0.3,0.25,0.25 463.147
0.3,0.25,0.3 588.723
0.3,0.25,0.35 254.475
0.3,0.25,0.4 10.5117
0.3,0.3,0 2.09648e-11
0.3,0.3,0.05 34.6897
0.3,0.3,0.1 206.464
0.3,0.3,0.15 482.744
0.3,0.3,0.2 486.848
0.3,0.3,0.25 435.593
0.3,0.3,0.3 499.191
0.3,0.3,0.35 219.404
0.3,0.3,0.4 1.87238
0.3,0.35,0 1.2333e-10
0.3,0.35,0.05 47.2597
0.3,0.35,0.1 409.363
0.3,0.35,0.15 731.148
0.3,0.35,0.2 464.375
0.3,0.35,0.25 78.9742
0.3,0.35,0.3 77.7915
0.3,0.35,0.35 36.7373
0.3,0.35,0.4 0.305753
0.3,0.4,0 2.27828e-10
0.3,0.4,0.05 122.598
0.3,0.4,0.1 665.145
0.3,0.4,0.15 777.671
0.3,0.4,0.2 493.99
0.3,0.4,0.25 44.9542
0.3,0.4,0.3 0.338849
0.3,0.4,0.35 0.0119519
0.3,0.4,0.4 0.00311976
0.3,0.4,0.45 8.90845e-09
0.3,0.45,0 3.01807e-10
0.3,0.45,0.05 87.3802
0.3,0.45,0.1 412.505
0.3,0.45,0.15 502.083
0.3,0.45,0.2 480.367
0.3,0.45,0.25 169.995
0.3,0.45,0.3 62.0178
0.3,0.45,0.35 34.6877
0.3,0.45,0.4 1.69876
0.3,0.45,0.45 0.00255
0.3,0.5,0 8.33901e-10
0.3,0.5,0.05 120.936
0.3,0.5,0.1 488.825
0.3,0.5,0.15 210.646
0.3,0.5,0.2 254.947
0.3,0.5,0.25 350.641
0.3,0.5,0.3 535.795
0.3,0.5,0.35 281.165
0.3,0.5,0.4 21.6874
0.3,0.5,0.45 0.253769
0.3,0.55,0 6.18833e-08
0.3,0.55,0.05 84.5006
0.3,0.55,0.1 365.615
0.3,0.55,0.15 280.44
0.3,0.55,0.2 267.179
0.3,0.55,0.25 489.554
0.3,0.55,0.3 576.562
0.3,0.55,0.35 214.976
0.3,0.55,0.4 44.0457
0.3,0.55,0.45 0.719781
0.3,0.6,0 5.15617e-07
0.3,0.6,0.05 75.2415
0.3,0.6,0.1 340.017
0.3,0.6,0.15 322.875
0.3,0.6,0.2 478.587
0.3,0.6,0.25 578.812
0.3,0.6,0.3 759.263
0.3,0.6,0.35 326.19
0.3,0.6,0.4 66.1667
0.3,0.6,0.45 0.878283
0.3,0.65,0 2.57113e-07
0.3,0.65,0.05 79.5808
0.3,0.65,0.1 329.613
0.3,0.65,0.15 212.15
0.3,0.65,0.2 314.43
0.3,0.65,0.25 527.484
0.3,0.65,0.3 683.074
0.3,0.65,0.35 670.389
0.3,0.65,0.4 152.402
0.3,0.65,0.45 1.15412
0.3,0.7,0 2.0429e-09
0.3,0.7,0.05 74.6541
0.3,0.7,0.1 391.723
0.3,0.7,0.15 343.654
0.3,0.7,0.2 511.26
0.3,0.7,0.25 231.011
0.3,0.7,0.3 99.9395
0.3,0.7,0.35 163.689
0.3,0.7,0.4 44.2405
0.3,0.7,0.45 0.295608
0.3,0.75,0 4.60931e-11
0.3,0.75,0.05 37.8755
0.3,0.75,0.1 339.822
0.3,0.75,0.15 398.132
0.3,0.75,0.2 219.33
0.3,0.75,0.25 68.5509
0.3,0.75,0.3 3.9953
0.3,0.75,0.35 0.158287
0.3,0.75,0.4 0.0106339
0.3,0.75,0.45 9.86402e-06
0.3,0.8,0 1.0854e-11
0.3,0.8,0.05 10.3979
0.3,0.8,0.1 64.7665
0.3,0.8,0.15 58.5425
0.3,0.8,0.2 24.2338
0.3,0.8,0.25 3.61582
0.3,0.8,0.3 0.0808535
0.3,0.85,0 1.06124e-14
0.3,0.85,0.05 0.00979763
0.3,0.85,0.1 0.0563298
0.3,0.85,0.15 0.429261
0.3,0.85,0.2 0.695005
0.3,0.85,0.25 0.0881073
0.35,0,0.1 1.0915e-13
0.35,0,0.15 4.48499e-12
0.35,0,0.2 1.36352e-11
0.35,0,0.25 1.61573e-10
0.35,0,0.3 1.53173e-10
0.35,0,0.35 6.06646e-12
0.35,0.05,0 3.76251e-12
0.35,0.05,0.05 1.42621
0.35,0.05,0.1 5.87794
0.35,0.05,0.15 8.6667
0.35,0.05,0.2 11.6209
0.35,0.05,0.25 26.5349
0.35,0.05,0.3 23.7694
0.35,0.05,0.35 0.939581
0.35,0.1,0 1.65787e-10
0.35,0.1,0.05 63.5385
0.35,0.1,0.1 254.87
0.35,0.1,0.15 93.953
0.35,0.1,0.2 74.1755
0.35,0.1,0.25 148.824
0.35,0.1,0.3 121.853
0.35,0.1,0.35 7.46102
0.35,0.1,0.4 0.00039415
0.35,0.15,0 2.34671e-10
0.35,0.15,0.05 102.438
0.35,0.15,0.1 416.171
0.35,0.15,0.15 187.737
0.35,0.15,0.2 184.614
0.35,0.15,0.25 278.434
0.35,0.15,0.3 208.004
0.35,0.15,0.35 30.7629
0.35,0.15,0.4 1.12508
0.35,0.2,0 3.00471e-11
0.35,0.2,0.05 108.819
0.35,0.2,0.1 477.956
0.35,0.2,0.15 492.976
0.35,0.2,0.2 376.073
0.35,0.2,0.25 494.064
0.35,0.2,0.3 370.135
0.35,0.2,0.35 86.5587
0.35,0.2,0.4 4.12545
0.35,0.25,0 2.80284e-11
0.35,0.25,0.05 164.404
0.35,0.25,0.1 765.273
0.35,0.25,0.15 622.255
0.35,0.25,0.2 252.845
0.35,0.25,0.25 511.579
0.35,0.25,0.3 717.899
0.35,0.25,0.35 220.527
0.35,0.25,0.4 2.84331
0.35,0.3,0 9.84005e-11
0.35,0.3,0.05 130.222
0.35,0.3,0.1 569.631
0.35,0.3,0.15 498.951
0.35,0.3,0.2 568.097
0.35,0.3,0.25 645.832
0.35,0.3,0.3 581.561
0.35,0.3,0.35 99.7602
0.35,0.3,0.4 0.733925
0.35,0.35,0 6.89448e-10
0.35,0.35,0.05 95.1877
0.35,0.35,0.1 421.317
0.35,0.35,0.15 368.856
0.35,0.35,0.2 446.892
0.35,0.35,0.25 162.772
0.35,0.35,0.3 69.1196
0.35,0.35,0.35 9.35929
0.35,0.35,0.4 0.0470079
0.35,0.4,0 1.28663e-09
0.35,0.4,0.05 168.975
0.35,0.4,0.1 850.256
0.35,0.4,0.15 655.513
0.35,0.4,0.2 329.036
0.35,0.4,0.25 36.6103
0.35,0.4,0.3 18.1093
0.35,0.4,0.35 14.9647
0.35,0.4,0.4 7.09986
0.35,0.4,0.45 0.083226
0.35,0.45,0 1.66997e-10
0.35,0.45,0.05 104.205
0.35,0.45,0.1 625.932
0.35,0.45,0.15 737.92
0.35,0.45,0.2 619.739
0.35,0.45,0.25 123.836
0.35,0.45,0.3 77.8899
0.35,0.45,0.35 190.811
0.35,0.45,0.4 67.7234
0.35,0.45,0.45 0.458198
0.35,0.5,0 1.00085e-10
0.35,0.5,0.05 145.217
0.35,0.5,0.1 615.666
0.35,0.5,0.15 403.372
0.35,0.5,0.2 536.475
0.35,0.5,0.25 525.69
0.35,0.5,0.3 539.436
0.35,0.5,0.35 422.359
0.35,0.5,0.4 84.4195
0.35,0.5,0.45 0.156988
0.35,0.55,0 7.22062e-08
0.35,0.55,0.05 91.2804
0.35,0.55,0.1 402.191
0.35,0.55,0.15 509.178
0.35,0.55,0.2 600.334
0.35,0.55,0.25 471.25
0.35,0.55,0.3 419.122
0.35,0.55,0.35 135.443
0.35,0.55,0.4 10.7917
0.35,0.55,0.45 0.000167757
0.35,0.6,0 5.99462e-07
0.35,0.6,0.05 93.7292
0.35,0.6,0.1 422.204
0.35,0.6,0.15 682.332
0.35,0.6,0.2 931.756
0.35,0.6,0.25 398.045
0.35,0.6,0.3 524.11
0.35,0.6,0.35 260.526
0.35,0.6,0.4 69.3509
0.35,0.6,0.45 1.55037
0.35,0.65,0 2.98016e-07
0.35,0.65,0.05 114.48
0.35,0.65,0.1 512.152
0.35,0.65,0.15 542.561
0.35,0.65,0.2 559.658
0.35,0.65,0.25 432.839
0.35,0.65,0.3 648.248
0.35,0.65,0.35 807.502
0.35,0.65,0.4 307.72
0.35,0.65,0.45 6.82719
0.35,0.7,0 2.25384e-09
0.35,0.7,0.05 77.1055
0.35,0.7,0.1 354.848
0.35,0.7,0.15 271.905
0.35,0.7,0.2 631.948
0.35,0.7,0.25 517.117
0.35,0.7,0.3 165.569
0.35,0.7,0.35 211.931
0.35,0.7,0.4 85.4476
0.35,0.7,0.45 1.87869
0.35,0.75,0 6.4881e-09
0.35,0.75,0.05 5.62861
0.35,0.75,0.1 109.022
0.35,0.75,0.15 280.452
0.35,0.75,0.2 465.334
0.35,0.75,0.25 295.276
0.35,0.75,0.3 37.187
0.35,0.75,0.35 0.0146614
0.35,0.75,0.4 0.00391294
0.35,0.75,0.45 5.61701e-05
0.35,0.8,0 2.09747e-08
0.35,0.8,0.05 2.34237
0.35,0.8,0.1 20.123
0.35,0.8,0.15 113.186
0.35,0.8,0.2 229.612
0.35,0.8,0.25 43.7267
0.35,0.8,0.3 2.04029
0.35,0.85,0 4.23295e-09
0.35,0.85,0.05 0.436186
0.35,0.85,0.1 1.74313
0.35,0.85,0.15 3.3392
0.35,0.85,0.2 6.99093
0.35,0.85,0.25 1.02918
0.35,0.85,0.3 7.00806e-05
0.4,0,0.2 4.56167e-15
0.4,0,0.25 9.59092e-14
0.4,0,0.3 9.1156e-14
0.4,0,0.35 3.61026e-15
0.4,0.05,0 1.10857e-12
0.4,0.05,0.05 0.42021
0.4,0.05,0.1 1.68014
0.4,0.05,0.15 0.65035
0.4,0.05,0.2 6.20511
0.4,0.05,0.25 7.03412
0.4,0.05,0.3 1.21304
0.4,0.05,0.35 0.172551
0.4,0.1,0 5.42876e-11
0.4,0.1,0.05 30.4022
0.4,0.1,0.1 121.572
0.4,0.1,0.15 37.3415
0.4,0.1,0.2 196.93
0.4,0.1,0.25 237.112
0.4,0.1,0.3 44.5343
0.4,0.1,0.35 6.21479
0.4,0.15,0 1.29839e-10
0.4,0.15,0.05 136.078
0.4,0.15,0.1 545.688
0.4,0.15,0.15 184.504
0.4,0.15,0.2 417.192
0.4,0.15,0.25 579.667
0.4,0.15,0.3 94.335
0.4,0.15,0.35 7.86569
0.4,0.15,0.4 1.67414e-07
0.4,0.2,0 4.54278e-11
0.4,0.2,0.05 99.5378
0.4,0.2,0.1 421.612
0.4,0.2,0.15 389.321
0.4,0.2,0.2 396.732
0.4,0.2,0.25 319.599
0.4,0.2,0.3 74.7197
0.4,0.2,0.35 5.802
0.4,0.2,0.4 0.053446
0.4,0.25,0 2.77726e-11
0.4,0.25,0.05 92.4828
0.4,0.25,0.1 445.333
0.4,0.25,0.15 438.094
0.4,0.25,0.2 229.196
0.4,0.25,0.25 254.99
0.4,0.25,0.3 194.964
0.4,0.25,0.35 26.1487
0.4,0.25,0.4 0.204472
0.4,0.3,0 1.21626e-10
0.4,0.3,0.05 104.752
0.4,0.3,0.1 442.021
0.4,0.3,0.15 259.941
0.4,0.3,0.2 484.544
0.4,0.3,0.25 560.676
0.4,0.3,0.3 284.269
0.4,0.3,0.35 16.4483
0.4,0.3,0.4 0.0488977
0.4,0.35,0 4.61071e-10
0.4,0.35,0.05 50.3905
0.4,0.35,0.1 203.196
0.4,0.35,0.15 118.881
0.4,0.35,0.2 382.486
0.4,0.35,0.25 500.832
0.4,0.35,0.3 308.577
0.4,0.35,0.35 36.2285
0.4,0.35,0.4 0.199922
0.4,0.4,0 5.95452e-10
0.4,0.4,0.05 51.5642
0.4,0.4,0.1 268.581
0.4,0.4,0.15 356.619
0.4,0.4,0.2 300.468
0.4,0.4,0.25 298.66
0.4,0.4,0.3 377.609
0.4,0.4,0.35 130.724
0.4,0.4,0.4 38.4931
0.4,0.4,0.45 0.447198
0.4,0.45,0 6.61485e-11
0.4,0.45,0.05 55.1026
0.4,0.45,0.1 328.371
0.4,0.45,0.15 608.943
0.4,0.45,0.2 604.6
0.4,0.45,0.25 309.771
0.4,0.45,0.3 328.603
0.4,0.45,0.35 526.059
0.4,0.45,0.4 240.419
0.4,0.45,0.45 2.46311
0.4,0.5,0 2.73831e-11
0.4,0.5,0.05 69.1756
0.4,0.5,0.1 354.286
0.4,0.5,0.15 538.646
0.4,0.5,0.2 771.085
0.4,0.5,0.25 509.86
0.4,0.5,0.3 581.689
0.4,0.5,0.35 630
0.4,0.5,0.4 159.191
0.4,0.5,0.45 1.0637
0.4,0.55,0 1.12188e-08
0.4,0.55,0.05 51.7776
0.4,0.55,0.1 276.462
0.4,0.55,0.15 456.886
0.4,0.55,0.2 603.654
0.4,0.55,0.25 358.578
0.4,0.55,0.3 295.658
0.4,0.55,0.35 183.105
0.4,0.55,0.4 26.9114
0.4,0.55,0.45 0.459291
0.4,0.6,0 6.01527e-08
0.4,0.6,0.05 148.026
0.4,0.6,0.1 613.894
0.4,0.6,0.15 415.229
0.4,0.6,0.2 617.093
0.4,0.6,0.25 268.017
0.4,0.6,0.3 134.374
0.4,0.6,0.35 61.4749
0.4,0.6,0.4 26.3384
0.4,0.6,0.45 0.670139
0.4,0.65,0 2.32439e-08
0.4,0.65,0.05 72.0675
0.4,0.65,0.1 314.394
0.4,0.65,0.15 338.367
0.4,0.65,0.2 590.691
0.4,0.65,0.25 373.34
0.4,0.65,0.3 365.771
0.4,0.65,0.35 225.532
0.4,0.65,0.4 108.765
0.4,0.65,0.45 2.69993
0.4,0.7,0 2.16875e-10
0.4,0.7,0.05 17.2025
0.4,0.7,0.1 71.0779
0.4,0.7,0.15 74.6545
0.4,0.7,0.2 328.535
0.4,0.7,0.25 374.209
0.4,0.7,0.3 120.591
0.4,0.7,0.35 60.3286
0.4,0.7,0.4 30.0402
0.4,0.7,0.45 0.742955
0.4,0.75,0 2.05596e-07
0.4,0.75,0.05 21.9409
0.4,0.75,0.1 87.9089
0.4,0.75,0.15 101.184
0.4,0.75,0.2 357.469
0.4,0.75,0.25 500.962
0.4,0.75,0.3 89.888
0.4,0.75,0.35 0.00282026
0.4,0.75,0.4 0.00105327
0.4,0.75,0.45 2.21926e-05
0.4,0.8,0 6.64996e-07
0.4,0.8,0.05 68.5256
0.4,0.8,0.1 272.606
0.4,0.8,0.15 128.995
0.4,0.8,0.2 177.48
0.4,0.8,0.25 120.39
0.4,0.8,0.3 20.1123
0.4,0.85,0 1.34204e-07
0.4,0.85,0.05 13.8291
0.4,0.85,0.1 54.9691
0.4,0.85,0.15 15.5599
0.4,0.85,0.2 4.58499
0.4,0.85,0.25 0.679041
0.4,0.85,0.3 0.000914633
0.45,0.05,0 1.5661e-16
0.45,0.05,0.05 5.9364e-05
0.45,0.05,0.1 0.000237358
0.45,0.05,0.15 0.103817
0.45,0.05,0.2 2.79365
0.45,0.05,0.25 5.15828
0.45,0.05,0.3 6.95626
0.45,0.05,0.35 1.36264
0.45,0.1,0 2.67382e-12
0.45,0.1,0.05 23.2631
0.45,0.1,0.1 93.0803
0.45,0.1,0.15 30.9072
0.45,0.1,0.2 95.684
0.45,0.1,0.25 176.464
0.45,0.1,0.3 253.726
0.45,0.1,0.35 49.4079
0.45,0.15,0 3.02014e-11
0.45,0.15,0.05 152.685
0.45,0.15,0.1 611.319
0.45,0.15,0.15 241.404
0.45,0.15,0.2 330.521
0.45,0.15,0.25 338.812
0.45,0.15,0.3 362.679
0.45,0.15,0.35 66.59
0.45,0.2,0 2.36205e-11
0.45,0.2,0.05 163.924
0.45,0.2,0.1 657.236
0.45,0.2,0.15 257.92
0.45,0.2,0.2 300.497
0.45,0.2,0.25 304.244
