0.55,0.75,0.45 119.379
0.55,0.75,0.5 54.8973
0.55,0.75,0.55 95.8251
0.55,0.75,0.6 94.6283
0.55,0.75,0.65 58.7752
0.55,0.75,0.7 1.82718
0.55,0.8,0.15 0.156176
0.55,0.8,0.2 1.58428
0.55,0.8,0.25 29.4129
0.55,0.8,0.3 40.8817
0.55,0.8,0.35 12.385
0.55,0.8,0.4 128.022
0.55,0.8,0.45 93.118
0.55,0.8,0.5 2.29992
0.55,0.8,0.55 2.86017
0.55,0.8,0.6 2.19225
0.55,0.8,0.65 0.0782254
0.55,0.8,0.7 0.000763422
0.55,0.85,0.15 0.133678
0.55,0.85,0.2 0.906797
0.55,0.85,0.25 4.11383
0.55,0.85,0.3 5.34754
0.55,0.85,0.35 1.4452
0.55,0.85,0.4 14.3689
0.55,0.85,0.45 10.4594
0.55,0.85,0.5 0.236473
0.55,0.9,0.15 0.00431474
0.55,0.9,0.2 0.0266534
0.55,0.9,0.25 0.0101666
0.55,0.9,0.3 2.01292e-05
0.6,0.1,0.15 3.96936e-06
0.6,0.1,0.2 6.69148e-05
0.6,0.1,0.25 5.56512e-05
0.6,0.1,0.3 0.197225
0.6,0.1,0.35 1.15272
0.6,0.1,0.4 0.417581
0.6,0.1,0.45 0.000586081
0.6,0.1,0.5 0.0116455
0.6,0.1,0.55 0.303314
0.6,0.1,0.6 0.371646
0.6,0.1,0.65 0.0235912
0.6,0.1,0.7 1.28357e-14
0.6,0.15,0.15 0.00508416
0.6,0.15,0.2 1.24955
0.6,0.15,0.25 6.6024
0.6,0.15,0.3 31.4937
0.6,0.15,0.35 161.063
0.6,0.15,0.4 59.0889
0.6,0.15,0.45 6.33203
0.6,0.15,0.5 18.0403
0.6,0.15,0.55 106.344
0.6,0.15,0.6 128.265
0.6,0.15,0.65 8.15523
0.6,0.15,0.7 0.0016662
0.6,0.15,0.75 7.21843e-05
0.6,0.2,0.1 0.00054776
0.6,0.2,0.15 0.0963496
0.6,0.2,0.2 33.7064
0.6,0.2,0.25 188.8
0.6,0.2,0.3 264.744
0.6,0.2,0.35 508.107
0.6,0.2,0.4 169.514
0.6,0.2,0.45 118.119
0.6,0.2,0.5 254.438
0.6,0.2,0.55 340.307
0.6,0.2,0.6 387.241
0.6,0.2,0.65 54.9095
0.6,0.2,0.7 10.5182
0.6,0.2,0.75 0.214674
0.6,0.25,0.1 0.331378
0.6,0.25,0.15 49.4507
0.6,0.25,0.2 140.505
0.6,0.25,0.25 236.766
0.6,0.25,0.3 399.074
0.6,0.25,0.35 473.331
0.6,0.25,0.4 274.509
0.6,0.25,0.45 262.438
0.6,0.25,0.5 226.82
0.6,0.25,0.55 367.599
0.6,0.25,0.6 610.835
0.6,0.25,0.65 277.938
0.6,0.25,0.7 63.9512
0.6,0.25,0.75 0.719356
0.6,0.25,0.8 5.38062e-05
0.6,0.3,0.1 0.903489
0.6,0.3,0.15 158.459
0.6,0.3,0.2 379.599
0.6,0.3,0.25 232.471
0.6,0.3,0.3 641.518
0.6,0.3,0.35 629.598
0.6,0.3,0.4 643.487
0.6,0.3,0.45 410.24
0.6,0.3,0.5 50.2215
0.6,0.3,0.55 270.473
0.6,0.3,0.6 603.549
0.6,0.3,0.65 331.341
0.6,0.3,0.7 84.6898
0.6,0.3,0.75 3.99516
0.6,0.3,0.8 0.0068352
0.6,0.35,0.05 0.176516
0.6,0.35,0.1 1.29126
0.6,0.35,0.15 146.005
0.6,0.35,0.2 557.57
0.6,0.35,0.25 735.687
0.6,0.35,0.3 641.917
0.6,0.35,0.35 317.715
0.6,0.35,0.4 653.225
0.6,0.35,0.45 317.936
0.6,0.35,0.5 127.549
0.6,0.35,0.55 370.421
0.6,0.35,0.6 664.87
0.6,0.35,0.65 465.336
0.6,0.35,0.7 120.721
0.6,0.35,0.75 7.4952
0.6,0.35,0.8 0.0134533
0.6,0.4,0.05 4.64265
0.6,0.4,0.1 34.635
0.6,0.4,0.15 73.5379
0.6,0.4,0.2 259.528
0.6,0.4,0.25 496.695
0.6,0.4,0.3 169.831
0.6,0.4,0.35 165.885
0.6,0.4,0.4 768.466
0.6,0.4,0.45 403.985
0.6,0.4,0.5 117.284
0.6,0.4,0.55 117.581
0.6,0.4,0.6 92.6041
0.6,0.4,0.65 76.0128
0.6,0.4,0.7 16.7243
0.6,0.4,0.75 0.863148
0.6,0.4,0.8 0.00157087
0.6,0.45,0 1.44797e-11
0.6,0.45,0.05 5.92314
0.6,0.45,0.1 166.776
0.6,0.45,0.15 295.619
0.6,0.45,0.2 114.228
0.6,0.45,0.25 407.325
0.6,0.45,0.3 238.102
0.6,0.45,0.35 443.302
0.6,0.45,0.4 324.776
0.6,0.45,0.45 113.506
0.6,0.45,0.5 340.086
0.6,0.45,0.55 292.899
0.6,0.45,0.6 210.724
0.6,0.45,0.65 188.808
0.6,0.45,0.7 30.1708
0.6,0.45,0.75 0.00112313
0.6,0.5,0 9.85443e-10
0.6,0.5,0.05 1.25345
0.6,0.5,0.1 149.233
0.6,0.5,0.15 444.504
0.6,0.5,0.2 400.352
0.6,0.5,0.25 701.795
0.6,0.5,0.3 313.426
0.6,0.5,0.35 514.874
0.6,0.5,0.4 544.564
0.6,0.5,0.45 264.88
0.6,0.5,0.5 509.774
0.6,0.5,0.55 540.178
0.6,0.5,0.6 675.57
0.6,0.5,0.65 750.511
0.6,0.5,0.7 142.221
0.6,0.5,0.75 0.431107
0.6,0.55,0 1.59858e-09
0.6,0.55,0.05 0.0502491
0.6,0.55,0.1 29.2815
0.6,0.55,0.15 287.749
0.6,0.55,0.2 642.461
0.6,0.55,0.25 540.495
0.6,0.55,0.3 126.375
0.6,0.55,0.35 436.705
0.6,0.55,0.4 696.397
0.6,0.55,0.45 313.646
0.6,0.55,0.5 377.213
0.6,0.55,0.55 305.822
0.6,0.55,0.6 361.043
0.6,0.55,0.65 484.497
0.6,0.55,0.7 161.909
0.6,0.55,0.75 2.87918
0.6,0.6,0 1.46178e-10
0.6,0.6,0.05 0.000235028
0.6,0.6,0.1 30.6249
0.6,0.6,0.15 328.33
0.6,0.6,0.2 569.946
0.6,0.6,0.25 697.05
0.6,0.6,0.3 163.258
0.6,0.6,0.35 170.565
0.6,0.6,0.4 270.521
0.6,0.6,0.45 107.517
0.6,0.6,0.5 371.197
0.6,0.6,0.55 621.441
0.6,0.6,0.6 434.231
0.6,0.6,0.65 96.1426
0.6,0.6,0.7 40.6006
0.6,0.6,0.75 1.21948
0.6,0.65,0.1 22.885
0.6,0.65,0.15 234.271
0.6,0.65,0.2 314.141
0.6,0.65,0.25 563.911
0.6,0.65,0.3 225.731
0.6,0.65,0.35 207.491
0.6,0.65,0.4 402.47
0.6,0.65,0.45 257.605
0.6,0.65,0.5 676.99
0.6,0.65,0.55 786.963
0.6,0.65,0.6 672.772
0.6,0.65,0.65 147.32
0.6,0.65,0.7 17.285
0.6,0.65,0.75 0.00455531
0.6,0.7,0.1 0.663236
0.6,0.7,0.15 6.9984
0.6,0.7,0.2 23.9145
0.6,0.7,0.25 140.395
0.6,0.7,0.3 76.1124
0.6,0.7,0.35 70.9033
0.6,0.7,0.4 221.925
0.6,0.7,0.45 242.209
0.6,0.7,0.5 269.478
0.6,0.7,0.55 487.326
0.6,0.7,0.6 651.951
0.6,0.7,0.65 392.042
0.6,0.7,0.7 47.9575
0.6,0.75,0.15 1.30475
0.6,0.75,0.2 10.2424
0.6,0.75,0.25 104.399
0.6,0.75,0.3 142.405
0.6,0.75,0.35 26.036
0.6,0.75,0.4 188.977
0.6,0.75,0.45 151.717
0.6,0.75,0.5 32.8723
0.6,0.75,0.55 293.826
0.6,0.75,0.6 301.643
0.6,0.75,0.65 98.1802
0.6,0.75,0.7 8.72606
0.6,0.8,0.15 23.0287
0.6,0.8,0.2 146.925
0.6,0.8,0.25 273.219
0.6,0.8,0.3 308.292
0.6,0.8,0.35 45.0132
0.6,0.8,0.4 300.805
0.6,0.8,0.45 218.955
0.6,0.8,0.5 7.35117
0.6,0.8,0.55 33.8492
0.6,0.8,0.6 25.371
0.6,0.8,0.65 0.647245
0.6,0.8,0.7 0.0008596
0.6,0.85,0.15 19.7112
0.6,0.85,0.2 122.373
0.6,0.85,0.25 75.0827
0.6,0.85,0.3 40.4001
0.6,0.85,0.35 5.48596
0.6,0.85,0.4 33.819
0.6,0.85,0.45 24.6175
0.6,0.85,0.5 0.556571
0.6,0.9,0.15 0.636222
0.6,0.9,0.2 3.93013
0.6,0.9,0.25 1.4991
0.6,0.9,0.3 0.00296812
0.65,0.1,0.15 0.00188193
0.65,0.1,0.2 0.0317252
0.65,0.1,0.25 0.026385
0.65,0.1,0.3 0.14089
0.65,0.1,0.35 0.818778
0.65,0.1,0.4 0.296607
0.65,0.1,0.45 0.000709021
0.65,0.1,0.5 0.161602
0.65,0.1,0.55 0.476263
0.65,0.1,0.6 0.135126
0.65,0.1,0.65 0.00419071
0.65,0.1,0.7 1.61293e-10
0.65,0.15,0.15 2.41047
0.65,0.15,0.2 41.9949
0.65,0.15,0.25 45.0169
0.65,0.15,0.3 53.3195
0.65,0.15,0.35 147.702
0.65,0.15,0.4 51.6172
0.65,0.15,0.45 4.682
0.65,0.15,0.5 51.3811
0.65,0.15,0.55 123.502
0.65,0.15,0.6 65.2305
0.65,0.15,0.65 17.5935
0.65,0.15,0.7 0.265614
0.65,0.15,0.75 0.00110296
0.65,0.2,0.1 0.0355916
0.65,0.2,0.15 7.40229
0.65,0.2,0.2 159.394
0.65,0.2,0.25 347.483
0.65,0.2,0.3 395.944
0.65,0.2,0.35 631.397
0.65,0.2,0.4 221.309
0.65,0.2,0.45 80.4778
0.65,0.2,0.5 319.943
0.65,0.2,0.55 417.111
0.65,0.2,0.6 303.136
0.65,0.2,0.65 154.68
0.65,0.2,0.7 76.0177
0.65,0.2,0.75 3.28018
0.65,0.25,0.1 0.782647
0.65,0.25,0.15 55.5214
0.65,0.25,0.2 188.43
0.65,0.25,0.25 316.805
0.65,0.25,0.3 340.19
0.65,0.25,0.35 409.764
0.65,0.25,0.4 392.788
0.65,0.25,0.45 202.989
0.65,0.25,0.5 413.504
0.65,0.25,0.55 689.78
0.65,0.25,0.6 708.571
0.65,0.25,0.65 368.845
0.65,0.25,0.7 244.617
0.65,0.25,0.75 10.9628
0.65,0.25,0.8 0.00087321
0.65,0.3,0.1 1.33273
0.65,0.3,0.15 197.08
0.65,0.3,0.2 662.878
0.65,0.3,0.25 345.297
0.65,0.3,0.3 277.34
0.65,0.3,0.35 305.476
0.65,0.3,0.4 625.856
0.65,0.3,0.45 243.909
0.65,0.3,0.5 218.81
0.65,0.3,0.55 376.788
0.65,0.3,0.6 532.547
0.65,0.3,0.65 473.479
0.65,0.3,0.7 312.128
0.65,0.3,0.75 60.2283
0.65,0.3,0.8 0.110927
0.65,0.35,0.05 1.59916
0.65,0.35,0.1 15.955
0.65,0.35,0.15 196.114
0.65,0.35,0.2 776.942
0.65,0.35,0.25 1007.72
0.65,0.35,0.3 602.792
0.65,0.35,0.35 375.357
0.65,0.35,0.4 618.592
0.65,0.35,0.45 223.587
0.65,0.35,0.5 492.191
0.65,0.35,0.55 682.45
0.65,0.35,0.6 613.816
0.65,0.35,0.65 642.728
0.65,0.35,0.7 488.121
0.65,0.35,0.75 114.429
0.65,0.35,0.8 0.21833
0.65,0.4,0.05 41.721
0.65,0.4,0.1 266.612
0.65,0.4,0.15 179.258
0.65,0.4,0.2 216.155
0.65,0.4,0.25 572.919
0.65,0.4,0.3 340.322
0.65,0.4,0.35 353.751
0.65,0.4,0.4 546.967
0.65,0.4,0.45 244.634
0.65,0.4,0.5 472.038
0.65,0.4,0.55 382.22
0.65,0.4,0.6 140.732
0.65,0.4,0.65 70.9401
0.65,0.4,0.7 58.0624
0.65,0.4,0.75 14.1628
0.65,0.4,0.8 0.0254934
0.65,0.45,0 1.51484e-07
0.65,0.45,0.05 53.4164
0.65,0.45,0.1 375.298
0.65,0.45,0.15 229.318
0.65,0.45,0.2 164.059
0.65,0.45,0.25 302.047
0.65,0.45,0.3 329.76
0.65,0.45,0.35 433.391
0.65,0.45,0.4 154.66
0.65,0.45,0.45 228.363
0.65,0.45,0.5 260.764
0.65,0.45,0.55 355.941
0.65,0.45,0.6 355.116
0.65,0.45,0.65 250.841
0.65,0.45,0.7 31.0043
0.65,0.45,0.75 0.476303
0.65,0.5,0 1.03095e-05
0.65,0.5,0.05 35.8133
0.65,0.5,0.1 282.968
0.65,0.5,0.15 504.309
0.65,0.5,0.2 702.957
0.65,0.5,0.25 629.4
0.65,0.5,0.3 392.677
0.65,0.5,0.35 462.298
0.65,0.5,0.4 343.605
0.65,0.5,0.45 783.952
0.65,0.5,0.5 476.932
0.65,0.5,0.55 729.682
0.65,0.5,0.6 849.551
0.65,0.5,0.65 742.444
0.65,0.5,0.7 222.978
0.65,0.5,0.75 5.80631
0.65,0.5,0.8 0.000123841
0.65,0.55,0 1.67241e-05
0.65,0.55,0.05 28.9064
0.65,0.55,0.1 158.95
0.65,0.55,0.15 351.332
0.65,0.55,0.2 676.77
0.65,0.55,0.25 723.264
0.65,0.55,0.3 350.842
0.65,0.55,0.35 286.052
0.65,0.55,0.4 635.528
0.65,0.55,0.45 381.799
0.65,0.55,0.5 217.794
0.65,0.55,0.55 580.626
0.65,0.55,0.6 531.421
0.65,0.55,0.65 782.467
0.65,0.55,0.7 481.678
0.65,0.55,0.75 17.0857
0.65,0.55,0.8 0.00115543
0.65,0.6,0 1.52928e-06
0.65,0.6,0.05 2.46295
0.65,0.6,0.1 41.2252
0.65,0.6,0.15 247.076
0.65,0.6,0.2 736.822
0.65,0.6,0.25 900.3
0.65,0.6,0.3 331.431
0.65,0.6,0.35 107.76
0.65,0.6,0.4 206.413
0.65,0.6,0.45 175.458
0.65,0.6,0.5 537.065
0.65,0.6,0.55 546.774
0.65,0.6,0.6 362.737
0.65,0.6,0.65 207.62
0.65,0.6,0.7 146.661
0.65,0.6,0.75 6.24389
0.65,0.6,0.8 0.000629473
0.65,0.65,0.05 0.000384664
0.65,0.65,0.1 11.9713
0.65,0.65,0.15 129.524
0.65,0.65,0.2 394.725
0.65,0.65,0.25 394.043
0.65,0.65,0.3 154.439
0.65,0.65,0.35 196.219
0.65,0.65,0.4 320.922
0.65,0.65,0.45 438.71
0.65,0.65,0.5 822.438
0.65,0.65,0.55 512.739
0.65,0.65,0.6 633.04
0.65,0.65,0.65 254.301
0.65,0.65,0.7 59.8837
0.65,0.65,0.75 1.34724
0.65,0.65,0.8 6.32686e-06
0.65,0.7,0.1 0.296919
0.65,0.7,0.15 4.23729
0.65,0.7,0.2 21.6607
0.65,0.7,0.25 39.9717
0.65,0.7,0.3 73.7132
0.65,0.7,0.35 112.905
0.65,0.7,0.4 249.024
0.65,0.7,0.45 536.156
0.65,0.7,0.5 349.066
0.65,0.7,0.55 399.952
0.65,0.7,0.6 548.351
0.65,0.7,0.65 482.4
0.65,0.7,0.7 139.147
0.65,0.7,0.75 2.53139
0.65,0.75,0.15 2.67084
0.65,0.75,0.2 17.497
0.65,0.75,0.25 56.1886
0.65,0.75,0.3 77.0879
0.65,0.75,0.35 19.6152
0.65,0.75,0.4 60.1999
0.65,0.75,0.45 167.547
0.65,0.75,0.5 209.025
0.65,0.75,0.55 449.875
0.65,0.75,0.6 276.719
0.65,0.75,0.65 75.96
0.65,0.75,0.7 20.336
0.65,0.75,0.75 0.286188
0.65,0.8,0.15 47.1399
0.65,0.8,0.2 293.42
0.65,0.8,0.25 242.152
0.65,0.8,0.3 224.07
0.65,0.8,0.35 82.6808
0.65,0.8,0.4 78.3307
0.65,0.8,0.45 38.9697
0.65,0.8,0.5 27.8157
0.65,0.8,0.55 59.4331
0.65,0.8,0.6 31.3799
0.65,0.8,0.65 0.549567
0.65,0.8,0.7 4.58573e-05
0.65,0.85,0.15 40.349
0.65,0.85,0.2 249.574
0.65,0.85,0.25 124.131
0.65,0.85,0.3 62.1445
0.65,0.85,0.35 38.85
0.65,0.85,0.4 19.6527
0.65,0.85,0.45 3.76792
0.65,0.85,0.5 0.0800119
0.65,0.9,0.15 1.30235
0.65,0.9,0.2 8.0454
0.65,0.9,0.25 3.19846
0.65,0.9,0.3 0.406088
0.65,0.9,0.35 0.579792
0.65,0.9,0.4 0.210726
0.65,0.9,0.45 0.000524737
0.7,0.1,0.15 0.00488487
0.7,0.1,0.2 0.0823483
0.7,0.1,0.25 0.0684868
0.7,0.1,0.3 0.00506926
0.7,0.1,0.35 0.017454
0.7,0.1,0.4 0.0063228
0.7,0.1,0.45 0.000421003
0.7,0.1,0.5 0.222002
0.7,0.1,0.55 0.587778
0.7,0.1,0.6 0.0961691
0.7,0.1,0.65 3.78097e-08
0.7,0.1,0.7 5.63962e-10
0.7,0.15,0.15 6.25679
0.7,0.15,0.2 105.555
0.7,0.15,0.25 94.5216
0.7,0.15,0.3 52.1326
0.7,0.15,0.35 40.2956
0.7,0.15,0.4 10.5123
0.7,0.15,0.45 1.00738
0.7,0.15,0.5 65.331
0.7,0.15,0.55 183.005
0.7,0.15,0.6 120.33
0.7,0.15,0.65 56.5262
0.7,0.15,0.7 0.861853
0.7,0.15,0.75 0.000860912
0.7,0.2,0.1 2.6616
0.7,0.2,0.15 32.6348
0.7,0.2,0.2 320.561
0.7,0.2,0.25 366.118
0.7,0.2,0.3 517.344
0.7,0.2,0.35 439.434
0.7,0.2,0.4 183.583
0.7,0.2,0.45 37.0074
0.7,0.2,0.5 193.714
0.7,0.2,0.55 530.482
0.7,0.2,0.6 502.385
0.7,0.2,0.65 306.799
0.7,0.2,0.7 62.2007
0.7,0.2,0.75 2.56033
0.7,0.25,0.1 34.2616
0.7,0.25,0.15 189.211
0.7,0.25,0.2 177.649
0.7,0.25,0.25 331.588
0.7,0.25,0.3 877.412
0.7,0.25,0.35 653.337
0.7,0.25,0.4 544.178
0.7,0.25,0.45 249.913
0.7,0.25,0.5 308.18
0.7,0.25,0.55 411.164
0.7,0.25,0.6 583.083
0.7,0.25,0.65 462.53
0.7,0.25,0.7 196.414
0.7,0.25,0.75 8.98239
0.7,0.25,0.8 0.00070883
0.7,0.3,0.1 24.8925
0.7,0.3,0.15 163.155
0.7,0.3,0.2 336.373
0.7,0.3,0.25 351.827
0.7,0.3,0.3 389.831
0.7,0.3,0.35 356.88
0.7,0.3,0.4 687.312
0.7,0.3,0.45 325.893
0.7,0.3,0.5 271.418
0.7,0.3,0.55 256.812
0.7,0.3,0.6 406.36
0.7,0.3,0.65 349.452
0.7,0.3,0.7 243.126
0.7,0.3,0.75 55.9259
0.7,0.3,0.8 0.0900453
0.7,0.35,0.05 0.850808
0.7,0.35,0.1 48.228
0.7,0.35,0.15 289.287
0.7,0.35,0.2 380.152
0.7,0.35,0.25 544.451
0.7,0.35,0.3 316.476
0.7,0.35,0.35 388.279
0.7,0.35,0.4 527.82
0.7,0.35,0.45 128.815
0.7,0.35,0.5 236.937
0.7,0.35,0.55 389.209
0.7,0.35,0.6 405.482
0.7,0.35,0.65 359.248
