0.65,0.65,0.25 52.6411
0.65,0.65,0.3 73.7735
0.65,0.65,0.35 207.613
0.65,0.65,0.4 66.6434
0.65,0.65,0.45 0.448416
0.65,0.7,0.05 0.127077
0.65,0.7,0.1 0.870506
0.65,0.7,0.15 30.5233
0.65,0.7,0.2 139.397
0.65,0.7,0.25 53.1707
0.65,0.7,0.3 133.772
0.65,0.7,0.35 430.438
0.65,0.7,0.4 101.181
0.65,0.7,0.45 0.481607
0.65,0.75,0 2.74209e-22
0.65,0.75,0.05 25.8416
0.65,0.75,0.1 106.612
0.65,0.75,0.15 110.03
0.65,0.75,0.2 182.056
0.65,0.75,0.25 44.5698
0.65,0.75,0.3 77.3091
0.65,0.75,0.35 399.678
0.65,0.75,0.4 144.604
0.65,0.75,0.45 0.435002
0.65,0.8,0 4.85959e-12
0.65,0.8,0.05 73.582
0.65,0.8,0.1 297.617
0.65,0.8,0.15 119.384
0.65,0.8,0.2 76.6294
0.65,0.8,0.25 18.2389
0.65,0.8,0.3 16.0352
0.65,0.8,0.35 108.522
0.65,0.8,0.4 45.0422
0.65,0.8,0.45 0.145831
0.65,0.85,0 1.96702e-11
0.65,0.85,0.05 78.0757
0.65,0.85,0.1 312.526
0.65,0.85,0.15 80.2305
0.65,0.85,0.2 1.33561
0.65,0.85,0.25 0.0893532
0.65,0.85,0.3 0.0183884
0.65,0.85,0.35 0.123948
0.65,0.85,0.4 0.0514452
0.65,0.85,0.45 0.000166561
0.65,0.9,0 4.97985e-12
0.65,0.9,0.05 18.8368
0.65,0.9,0.1 75.3384
0.65,0.9,0.15 18.8324
0.65,0.95,0 1.10147e-17
0.65,0.95,0.05 0.000201673
0.65,0.95,0.1 0.000806598
0.65,0.95,0.15 0.000201626
0.7,0.1,0.2 0.000176851
0.7,0.1,0.25 0.0228254
0.7,0.1,0.3 0.0451191
0.7,0.1,0.35 0.00529569
0.7,0.15,0.2 0.0369321
0.7,0.15,0.25 4.76668
0.7,0.15,0.3 9.42231
0.7,0.15,0.35 1.10591
0.7,0.2,0.1 0.00303767
0.7,0.2,0.15 2.89542
0.7,0.2,0.2 8.46841
0.7,0.2,0.25 34.2204
0.7,0.2,0.3 107.699
0.7,0.2,0.35 24.5033
0.7,0.2,0.4 1.16488e-05
0.7,0.25,0.1 0.0250833
0.7,0.25,0.15 23.9321
0.7,0.25,0.2 73.7165
0.7,0.25,0.25 161.781
0.7,0.25,0.3 438.39
0.7,0.25,0.35 104.546
0.7,0.25,0.4 5.48372e-05
0.7,0.3,0.1 0.0123623
0.7,0.3,0.15 13.4859
0.7,0.3,0.2 122.174
0.7,0.3,0.25 224.169
0.7,0.3,0.3 197.224
0.7,0.3,0.35 42.9849
0.7,0.3,0.4 1.16547
0.7,0.35,0.1 0.0305333
0.7,0.35,0.15 3.19608
0.7,0.35,0.2 140.896
0.7,0.35,0.25 302.05
0.7,0.35,0.3 421.657
0.7,0.35,0.35 261.774
0.7,0.35,0.4 38.1886
0.7,0.4,0.1 0.177456
0.7,0.4,0.15 16.9335
0.7,0.4,0.2 121.211
0.7,0.4,0.25 288.309
0.7,0.4,0.3 517.684
0.7,0.4,0.35 352.076
0.7,0.4,0.4 47.3436
0.7,0.45,0.1 0.337622
0.7,0.45,0.15 68.6961
0.7,0.45,0.2 318.085
0.7,0.45,0.25 272.343
0.7,0.45,0.3 455.872
0.7,0.45,0.35 287.892
0.7,0.45,0.4 25.3044
0.7,0.45,0.45 0.0927302
0.7,0.5,0.1 0.212191
0.7,0.5,0.15 38.8417
0.7,0.5,0.2 177.998
0.7,0.5,0.25 80.4733
0.7,0.5,0.3 130.397
0.7,0.5,0.35 287.525
0.7,0.5,0.4 117.641
0.7,0.5,0.45 1.23247
0.7,0.55,0.1 0.0049696
0.7,0.55,0.15 12.547
0.7,0.55,0.2 71.402
0.7,0.55,0.25 222.402
0.7,0.55,0.3 275.044
0.7,0.55,0.35 151.443
0.7,0.55,0.4 78.8937
0.7,0.55,0.45 1.25128
0.7,0.6,0.15 0.202129
0.7,0.6,0.2 5.1343
0.7,0.6,0.25 158.409
0.7,0.6,0.3 205.785
0.7,0.6,0.35 18.4262
0.7,0.6,0.4 3.57209
0.7,0.6,0.45 0.0982069
0.7,0.65,0.15 0.0315696
0.7,0.65,0.2 0.331014
0.7,0.65,0.25 4.3881
0.7,0.65,0.3 8.25465
0.7,0.65,0.35 8.11717
0.7,0.65,0.4 1.40369
0.7,0.65,0.45 9.53792e-05
0.7,0.7,0.05 0.00251325
0.7,0.7,0.1 0.0100587
0.7,0.7,0.15 0.035831
0.7,0.7,0.2 0.232847
0.7,0.7,0.25 0.110496
0.7,0.7,0.3 11.4346
0.7,0.7,0.35 34.6923
0.7,0.7,0.4 6.94975
0.7,0.7,0.45 0.00431113
0.7,0.75,0 1.38737e-19
0.7,0.75,0.05 0.51108
0.7,0.75,0.1 2.04548
0.7,0.75,0.15 0.514055
0.7,0.75,0.2 0.0157285
0.7,0.75,0.25 0.00925205
0.7,0.75,0.3 5.51291
0.7,0.75,0.35 26.3409
0.7,0.75,0.4 9.01488
0.7,0.75,0.45 0.024504
0.7,0.8,0 2.00454e-09
0.7,0.8,0.05 11.3895
0.7,0.8,0.1 45.4914
0.7,0.8,0.15 11.3566
0.7,0.8,0.2 0.00209493
0.7,0.8,0.25 0.00074689
0.7,0.8,0.3 0.950342
0.7,0.8,0.35 6.44012
0.7,0.8,0.4 2.67299
0.7,0.8,0.45 0.0086542
0.7,0.85,0 8.0083e-09
0.7,0.85,0.05 41.3017
0.7,0.85,0.1 164.931
0.7,0.85,0.15 41.1641
0.7,0.85,0.2 9.72194e-06
0.7,0.85,0.25 3.46607e-06
0.7,0.85,0.3 0.00108544
0.7,0.85,0.35 0.00735561
0.7,0.85,0.4 0.00305297
0.7,0.85,0.45 9.88443e-06
0.7,0.9,0 1.99961e-09
0.7,0.9,0.05 10.3183
0.7,0.9,0.1 41.2044
0.7,0.9,0.15 10.2839
0.7,0.95,0 3.8171e-19
0.7,0.95,0.05 6.9889e-06
0.7,0.95,0.1 2.79524e-05
0.7,0.95,0.15 6.98728e-06
0.75,0.2,0.25 3.48428
0.75,0.2,0.3 14.2822
0.75,0.2,0.35 3.65894
0.75,0.2,0.4 1.93458e-06
0.75,0.25,0.15 0.000669282
0.75,0.25,0.2 0.0326045
0.75,0.25,0.25 16.449
0.75,0.25,0.3 67.2375
0.75,0.25,0.35 17.2246
0.75,0.25,0.4 9.10708e-06
0.75,0.3,0.15 0.0487279
0.75,0.3,0.2 2.37382
0.75,0.3,0.25 10.2535
0.75,0.3,0.3 27.8349
0.75,0.3,0.35 7.08246
0.75,0.3,0.4 0.0369599
0.75,0.35,0.15 0.0809183
0.75,0.35,0.2 3.97066
0.75,0.35,0.25 32.2056
0.75,0.35,0.3 102.91
0.75,0.35,0.35 29.6621
0.75,0.35,0.4 1.21108
0.75,0.4,0.15 0.443599
0.75,0.4,0.2 2.75246
0.75,0.4,0.25 23.8479
0.75,0.4,0.3 88.7207
0.75,0.4,0.35 30.0249
0.75,0.4,0.4 1.47379
0.75,0.45,0.15 1.8346
0.75,0.45,0.2 8.28707
0.75,0.45,0.25 8.99088
0.75,0.45,0.3 34.0689
0.75,0.45,0.35 14.2253
0.75,0.45,0.4 0.302496
0.75,0.45,0.45 0.00139853
0.75,0.5,0 1.58954e-12
0.75,0.5,0.05 0.31858
0.75,0.5,0.1 1.27367
0.75,0.5,0.15 0.803151
0.75,0.5,0.2 2.13965
0.75,0.5,0.25 3.17995
0.75,0.5,0.3 6.8106
0.75,0.5,0.35 4.77297
0.75,0.5,0.4 1.54758
0.75,0.5,0.45 0.0127032
0.75,0.55,0 3.93253e-11
0.75,0.55,0.05 8.3063
0.75,0.55,0.1 33.2089
0.75,0.55,0.15 8.29976
0.75,0.55,0.2 0.802455
0.75,0.55,0.25 30.9099
0.75,0.55,0.3 40.3568
0.75,0.55,0.35 4.28123
0.75,0.55,0.4 0.820351
0.75,0.55,0.45 0.00677282
0.75,0.6,0 4.10438e-11
0.75,0.6,0.05 18.6898
0.75,0.6,0.1 74.7395
0.75,0.6,0.15 18.68
0.75,0.6,0.2 0.626387
0.75,0.6,0.25 24.3782
0.75,0.6,0.3 31.6887
0.75,0.6,0.35 2.13449
0.75,0.6,0.4 0.00766457
0.75,0.6,0.45 6.32815e-05
0.75,0.65,0 2.03987e-12
0.75,0.65,0.05 11.2755
0.75,0.65,0.1 45.0985
0.75,0.65,0.15 11.2737
0.75,0.65,0.2 0.0170031
0.75,0.65,0.25 0.661881
0.75,0.65,0.3 0.86032
0.75,0.65,0.35 0.0575483
0.75,0.7,0 6.07228e-15
0.75,0.7,0.05 0.506462
0.75,0.7,0.1 2.02571
0.75,0.7,0.15 0.506394
0.75,0.75,0 2.65197e-11
0.75,0.75,0.05 0.114227
0.75,0.75,0.1 0.456068
0.75,0.75,0.15 0.113807
0.75,0.8,0 6.47176e-09
0.75,0.8,0.05 30.6451
0.75,0.8,0.1 122.361
0.75,0.8,0.15 30.5357
0.75,0.85,0 2.26947e-08
0.75,0.85,0.05 108.816
0.75,0.85,0.1 434.491
0.75,0.85,0.15 108.43
0.75,0.9,0 5.3693e-09
0.75,0.9,0.05 25.8896
0.75,0.9,0.1 103.375
0.75,0.9,0.15 25.7978
0.8,0.05,0.15 0.887769
0.8,0.05,0.2 4.68716
0.8,0.05,0.25 1.54122
0.8,0.05,0.3 0.000925935
0.8,0.1,0.15 10.1648
0.8,0.1,0.2 53.6674
0.8,0.1,0.25 17.6468
0.8,0.1,0.3 0.0106018
0.8,0.15,0.15 6.48488
0.8,0.15,0.2 34.2383
0.8,0.15,0.25 11.2582
0.8,0.15,0.3 0.00676368
0.8,0.2,0.15 0.104845
0.8,0.2,0.2 0.553552
0.8,0.2,0.25 0.182018
0.8,0.2,0.3 0.000109353
0.8,0.3,0.2 8.53459e-10
0.8,0.3,0.25 0.000201433
0.8,0.3,0.3 0.000766952
0.8,0.3,0.35 0.000182505
0.8,0.35,0.2 1.10771e-08
0.8,0.35,0.25 0.00261442
0.8,0.35,0.3 0.00995435
0.8,0.35,0.35 0.00236876
0.8,0.4,0.05 0.000508516
0.8,0.4,0.1 0.00218955
0.8,0.4,0.15 0.000589186
0.8,0.4,0.2 1.58384e-08
0.8,0.4,0.25 0.00182598
0.8,0.4,0.3 0.00695237
0.8,0.4,0.35 0.0016544
0.8,0.4,0.55 0.0582169
0.8,0.4,0.6 0.582572
0.8,0.4,0.65 0.335476
0.8,0.4,0.7 0.0040282
0.8,0.45,0.05 0.156209
0.8,0.45,0.1 0.672598
0.8,0.45,0.15 0.180989
0.8,0.45,0.2 2.48892e-06
0.8,0.45,0.25 3.73487e-05
0.8,0.45,0.3 0.000142204
0.8,0.45,0.35 3.38392e-05
0.8,0.45,0.55 0.444794
0.8,0.45,0.6 4.45102
0.8,0.45,0.65 2.56313
0.8,0.45,0.7 0.0307767
0.8,0.5,0 1.36475e-11
0.8,0.5,0.05 3.11125
0.8,0.5,0.1 12.5544
0.8,0.5,0.15 3.16809
0.8,0.5,0.2 5.99005e-06
0.8,0.5,0.55 0.205191
0.8,0.5,0.6 2.05333
0.8,0.5,0.65 1.18242
0.8,0.5,0.7 0.0141978
0.8,0.55,0 3.37632e-10
0.8,0.55,0.05 70.5831
0.8,0.55,0.1 282.21
0.8,0.55,0.15 70.5222
0.8,0.55,0.2 8.82909e-07
0.8,0.55,0.55 0.00109967
0.8,0.55,0.6 0.0110043
0.8,0.55,0.65 0.00633686
0.8,0.55,0.7 7.60894e-05
0.8,0.6,0 3.52163e-10
0.8,0.6,0.05 141.029
0.8,0.6,0.1 563.954
0.8,0.6,0.15 140.948
0.8,0.6,0.2 4.26333e-07
0.8,0.65,0 1.72719e-11
0.8,0.65,0.05 77.109
0.8,0.65,0.1 308.764
0.8,0.65,0.15 77.2884
0.8,0.65,0.2 9.86173e-05
0.8,0.7,0 4.08809e-14
0.8,0.7,0.05 4.52049
0.8,0.7,0.1 18.8861
0.8,0.7,0.15 4.95776
0.8,0.7,0.2 0.000224217
0.8,0.75,0 2.78078e-10
0.8,0.75,0.05 1.36471
0.8,0.75,0.1 5.6647
0.8,0.75,0.15 1.50931
0.8,0.75,0.2 0.00175794
0.8,0.8,0 1.35934e-08
0.8,0.8,0.05 59.3336
0.8,0.8,0.1 239.486
0.8,0.8,0.15 61.351
0.8,0.8,0.2 0.505829
0.8,0.8,0.25 0.445736
0.8,0.8,0.3 0.0181055
0.8,0.85,0 2.11666e-08
0.8,0.85,0.05 93.3121
0.8,0.85,0.1 375.273
0.8,0.85,0.15 95.3925
0.8,0.85,0.2 2.30001
0.8,0.85,0.25 2.17237
0.8,0.85,0.3 0.0882404
0.8,0.9,0 2.16686e-09
0.8,0.9,0.05 9.79712
0.8,0.9,0.1 39.245
0.8,0.9,0.15 9.90266
0.8,0.9,0.2 0.68803
0.8,0.9,0.25 0.660819
0.8,0.9,0.3 0.0268421
0.8,0.95,0.15 7.4681e-06
0.8,0.95,0.2 0.000160775
0.8,0.95,0.25 0.000154897
0.8,0.95,0.3 6.29181e-06
0.85,0.05,0.15 5.69604
0.85,0.05,0.2 30.0734
0.85,0.05,0.25 9.88869
0.85,0.05,0.3 0.00594092
0.85,0.1,0.15 65.2189
0.85,0.1,0.2 344.337
0.85,0.1,0.25 113.224
0.85,0.1,0.3 0.0680228
0.85,0.15,0.15 41.6078
0.85,0.15,0.2 219.677
0.85,0.15,0.25 72.2339
0.85,0.15,0.3 0.0433966
0.85,0.2,0.15 0.6727
0.85,0.2,0.2 3.55166
0.85,0.2,0.25 1.16785
0.85,0.2,0.3 0.00070162
0.85,0.4,0.05 0.0597268
0.85,0.4,0.1 0.25717
0.85,0.4,0.15 0.0692018
0.85,0.4,0.2 9.51584e-07
0.85,0.4,0.55 2.71247
0.85,0.4,0.6 27.1435
0.85,0.4,0.65 15.6307
0.85,0.4,0.7 0.187684
0.85,0.45,0.05 18.3472
0.85,0.45,0.1 78.9988
0.85,0.45,0.15 21.2578
0.85,0.45,0.2 0.000292313
0.85,0.45,0.55 20.7241
0.85,0.45,0.6 207.384
0.85,0.45,0.65 119.423
0.85,0.45,0.7 1.43396
0.85,0.5,0 6.94841e-12
0.85,0.5,0.05 45.5514
0.85,0.5,0.1 195.705
0.85,0.5,0.15 52.5553
0.85,0.5,0.2 0.000703551
0.85,0.5,0.55 9.56038
0.85,0.5,0.6 95.6698
0.85,0.5,0.65 55.0918
0.85,0.5,0.7 0.661511
0.85,0.55,0 1.71896e-10
0.85,0.55,0.05 42.1402
0.85,0.55,0.1 170.48
0.85,0.55,0.15 43.1373
0.85,0.55,0.2 0.0001037
0.85,0.55,0.55 0.0512364
0.85,0.55,0.6 0.512718
0.85,0.55,0.65 0.29525
0.85,0.55,0.7 0.0035452
0.85,0.6,0 1.79216e-10
0.85,0.6,0.05 65.0805
0.85,0.6,0.1 260.31
0.85,0.6,0.15 65.0773
0.85,0.6,0.2 1.91677e-05
0.85,0.65,0 8.70882e-12
0.85,0.65,0.05 53.8972
0.85,0.65,0.1 231.497
0.85,0.65,0.15 62.5472
0.85,0.65,0.2 0.00443378
0.85,0.7,0 1.6868e-14
0.85,0.7,0.05 51.3477
0.85,0.7,0.1 241.586
0.85,0.7,0.15 71.0273
0.85,0.7,0.2 0.0100807
0.85,0.75,0 1.66029e-10
0.85,0.75,0.05 8.15073
0.85,0.75,0.1 41.7059
0.85,0.75,0.15 14.3818
0.85,0.75,0.2 0.0699473
0.85,0.8,0 7.60783e-09
0.85,0.8,0.05 46.0522
0.85,0.8,0.1 286.579
0.85,0.8,0.15 135.301
0.85,0.8,0.2 34.8454
0.85,0.8,0.25 31.9199
0.85,0.8,0.3 1.29657
0.85,0.85,0 1.06073e-08
0.85,0.85,0.05 59.5909
0.85,0.85,0.1 345.421
0.85,0.85,0.15 158.848
0.85,0.85,0.2 163.265
0.85,0.85,0.25 155.567
0.85,0.85,0.3 6.31905
0.85,0.9,0 7.86776e-10
0.85,0.9,0.05 4.04405
0.85,0.9,0.1 21.2126
0.85,0.9,0.15 10.6454
0.85,0.9,0.2 49.203
0.85,0.9,0.25 47.3224
0.85,0.9,0.3 1.92221
0.85,0.95,0.15 0.000534804
0.85,0.95,0.2 0.0115134
0.85,0.95,0.25 0.0110924
0.85,0.95,0.3 0.000450568
0.9,0.05,0.15 2.24983
0.9,0.05,0.2 11.8784
0.9,0.05,0.25 3.90585
0.9,0.05,0.3 0.00234655
0.9,0.1,0.15 25.7603
0.9,0.1,0.2 136.007
0.9,0.1,0.25 44.7215
0.9,0.1,0.3 0.0268678
0.9,0.15,0.15 16.4343
0.9,0.15,0.2 86.7685
0.9,0.15,0.25 28.5311
0.9,0.15,0.3 0.0171409
0.9,0.2,0.15 0.265704
0.9,0.2,0.2 1.40284
0.9,0.2,0.25 0.46128
0.9,0.2,0.3 0.000277127
0.9,0.4,0.05 0.115041
0.9,0.4,0.1 0.495339
0.9,0.4,0.15 0.133291
0.9,0.4,0.2 1.83286e-06
0.9,0.4,0.55 3.80809
0.9,0.4,0.6 38.1072
0.9,0.4,0.65 21.9441
0.9,0.4,0.7 0.263493
0.9,0.45,0.05 35.3388
0.9,0.45,0.1 152.161
0.9,0.45,0.15 40.9449
0.9,0.45,0.2 0.000563028
0.9,0.45,0.55 29.0949
0.9,0.45,0.6 291.15
0.9,0.45,0.65 167.66
0.9,0.45,0.7 2.01316
0.9,0.5,0 5.51194e-14
0.9,0.5,0.05 85.066
0.9,0.5,0.1 366.271
0.9,0.5,0.15 98.559
0.9,0.5,0.2 0.00135512
0.9,0.5,0.55 13.422
0.9,0.5,0.6 134.313
0.9,0.5,0.65 77.3443
0.9,0.5,0.7 0.928707
0.9,0.55,0 1.36352e-12
0.9,0.55,0.05 12.8137
0.9,0.55,0.1 55.0877
0.9,0.55,0.15 14.8023
0.9,0.55,0.2 0.000199739
0.9,0.55,0.55 0.0719317
0.9,0.55,0.6 0.719814
0.9,0.55,0.65 0.414507
0.9,0.55,0.7 0.00497717
0.9,0.6,0 1.41998e-12
0.9,0.6,0.05 0.507149
0.9,0.6,0.1 2.12319
0.9,0.6,0.15 0.558606
0.9,0.6,0.2 2.65136e-05
0.9,0.65,0 6.73445e-14
0.9,0.65,0.05 30.4919
0.9,0.65,0.1 143.989
0.9,0.65,0.15 42.4649
0.9,0.65,0.2 0.00613301
0.9,0.7,0 5.29252e-17
0.9,0.7,0.05 69.0849
0.9,0.7,0.1 326.407
0.9,0.7,0.15 96.3069
0.9,0.7,0.2 0.013944
0.9,0.75,0 2.2238e-12
0.9,0.75,0.05 10.2565
0.9,0.75,0.1 53.3291
0.9,0.75,0.15 18.626
0.9,0.75,0.2 0.091811
0.9,0.8,0 1.019e-10
0.9,0.8,0.05 17.8549
0.9,0.8,0.1 205.954
0.9,0.8,0.15 135.553
0.9,0.8,0.2 56.9542
0.9,0.8,0.25 52.7065
0.9,0.8,0.3 2.14091
0.9,0.85,0 1.42075e-10
0.9,0.85,0.05 18.8397
0.9,0.85,0.1 216.163
0.9,0.85,0.15 151.748
0.9,0.85,0.2 268.975
0.9,0.85,0.25 256.874
0.9,0.85,0.3 10.4341
0.9,0.9,0 1.05381e-11
0.9,0.9,0.05 0.90444
0.9,0.9,0.1 10.2535
0.9,0.9,0.15 10.3519
0.9,0.9,0.2 81.2158
0.9,0.9,0.25 78.1393
0.9,0.9,0.3 3.17397
0.9,0.95,0.15 0.000883074
0.9,0.95,0.2 0.0190111
0.9,0.95,0.25 0.0183159
0.9,0.95,0.3 0.000743982
0.95,0.05,0.15 0.00552256
0.95,0.05,0.2 0.0291575
0.95,0.05,0.25 0.00958753
0.95,0.05,0.3 5.75999e-06
0.95,0.1,0.15 0.0632327
0.95,0.1,0.2 0.33385
0.95,0.1,0.25 0.109776
0.95,0.1,0.3 6.59511e-05
0.95,0.15,0.15 0.0403407
0.95,0.15,0.2 0.212987
0.95,0.15,0.25 0.070034
0.95,0.15,0.3 4.2075e-05
0.95,0.2,0.15 0.000652213
0.95,0.2,0.2 0.00344349
0.95,0.2,0.25 0.00113228
0.95,0.2,0.3 6.80252e-07
0.95,0.4,0.05 0.0130848
0.95,0.4,0.1 0.05634
0.95,0.4,0.15 0.0151605
0.95,0.4,0.2 2.0847e-07
0.95,0.4,0.55 0.285277
0.95,0.4,0.6 2.85474
0.95,0.4,0.65 1.64391
0.95,0.4,0.7 0.0197392
0.95,0.45,0.05 4.01945
0.95,0.45,0.1 17.3068
0.95,0.45,0.15 4.65709
0.95,0.45,0.2 6.4039e-05
0.95,0.45,0.55 2.1796
0.95,0.45,0.6 21.8111
0.95,0.45,0.65 12.56
0.95,0.45,0.7 0.150813
0.95,0.5,0.05 9.67418
0.95,0.5,0.1 41.6548
0.95,0.5,0.15 11.2089
0.95,0.5,0.2 0.000154132
0.95,0.5,0.55 1.00549
0.95,0.5,0.6 10.0618
0.95,0.5,0.65 5.79412
0.95,0.5,0.7 0.0695726
0.95,0.55,0.05 1.42593
0.95,0.55,0.1 6.13974
0.95,0.55,0.15 1.65214
0.95,0.55,0.2 2.27184e-05
0.95,0.55,0.55 0.00538865
0.95,0.55,0.6 0.0539237
0.95,0.55,0.65 0.0310521
0.95,0.55,0.7 0.000372856
0.95,0.6,0.05 0.00963167
0.95,0.6,0.1 0.0455074
0.95,0.6,0.15 0.0134271
0.95,0.6,0.2 1.94417e-06
0.95,0.65,0.05 2.22795
0.95,0.65,0.1 10.5266
0.95,0.65,0.15 3.1059
0.95,0.65,0.2 0.000449717
0.95,0.7,0.05 5.06548
0.95,0.7,0.1 23.9332
0.95,0.7,0.15 7.06159
0.95,0.7,0.2 0.00102248
0.95,0.75,0.05 0.747509
0.95,0.75,0.1 3.86227
0.95,0.75,0.15 1.33561
0.95,0.75,0.2 0.00623259
0.95,0.8,0.05 1.18025
0.95,0.8,0.1 13.8384
0.95,0.8,0.15 9.2222
0.95,0.8,0.2 5.27325
0.95,0.8,0.25 4.9337
0.95,0.8,0.3 0.200404
0.95,0.85,0.05 1.23526
0.95,0.85,0.1 14.4834
0.95,0.85,0.15 10.5624
0.95,0.85,0.2 25.1172
0.95,0.85,0.25 24.0452
0.95,0.85,0.3 0.976704
0.95,0.9,0.05 0.0582162
0.95,0.9,0.1 0.682583
0.95,0.9,0.15 0.795807
0.95,0.9,0.2 7.59951
0.95,0.9,0.25 7.31439
0.95,0.9,0.3 0.297107
0.95,0.95,0.15 8.26619e-05
0.95,0.95,0.2 0.00177957
0.95,0.95,0.25 0.0017145
0.95,0.95,0.3 6.9642e-05
