0.25,0.1,0.15 216.603
0.25,0.1,0.2 437.02
0.25,0.1,0.25 350.643
0.25,0.1,0.3 373.117
0.25,0.1,0.35 50.5663
0.25,0.1,0.4 0.000998541
0.25,0.15,0 2.1702e-09
0.25,0.15,0.05 48.6379
0.25,0.15,0.1 207.638
0.25,0.15,0.15 407.234
0.25,0.15,0.2 738.768
0.25,0.15,0.25 442.11
0.25,0.15,0.3 311.518
0.25,0.15,0.35 127.266
0.25,0.15,0.4 13.1789
0.25,0.2,0 1.8757e-09
0.25,0.2,0.05 86.8573
0.25,0.2,0.1 366.612
0.25,0.2,0.15 415.654
0.25,0.2,0.2 453.333
0.25,0.2,0.25 248.36
0.25,0.2,0.3 564.144
0.25,0.2,0.35 475.364
0.25,0.2,0.4 53.4084
0.25,0.25,0 8.86965e-10
0.25,0.25,0.05 89.5419
0.25,0.25,0.1 361.57
0.25,0.25,0.15 331.952
0.25,0.25,0.2 621.038
0.25,0.25,0.25 306.75
0.25,0.25,0.3 515.466
0.25,0.25,0.35 385.86
0.25,0.25,0.4 25.3445
0.25,0.3,0 1.46423e-11
0.25,0.3,0.05 45.9012
0.25,0.3,0.1 195.874
0.25,0.3,0.15 290.333
0.25,0.3,0.2 599.334
0.25,0.3,0.25 240.008
0.25,0.3,0.3 177.184
0.25,0.3,0.35 210.186
0.25,0.3,0.4 20.5365
0.25,0.35,0 8.28441e-14
0.25,0.35,0.05 75.776
0.25,0.35,0.1 393.492
0.25,0.35,0.15 334.504
0.25,0.35,0.2 135.183
0.25,0.35,0.25 23.6706
0.25,0.35,0.3 25.5283
0.25,0.35,0.35 40.1056
0.25,0.35,0.4 4.39347
0.25,0.4,0 9.08674e-11
0.25,0.4,0.05 102.404
0.25,0.4,0.1 483.348
0.25,0.4,0.15 382.441
0.25,0.4,0.2 137.398
0.25,0.4,0.25 33.1999
0.25,0.4,0.3 2.12263
0.25,0.4,0.35 0.00494113
0.25,0.4,0.4 0.000361338
0.25,0.45,0 8.88713e-10
0.25,0.45,0.05 149.144
0.25,0.45,0.1 652.32
0.25,0.45,0.15 457.759
0.25,0.45,0.2 331.709
0.25,0.45,0.25 328.859
0.25,0.45,0.3 114.198
0.25,0.45,0.35 84.9622
0.25,0.45,0.4 36.3981
0.25,0.45,0.45 2.64387
0.25,0.5,0 1.69868e-09
0.25,0.5,0.05 181.501
0.25,0.5,0.1 734.74
0.25,0.5,0.15 338.693
0.25,0.5,0.2 393.499
0.25,0.5,0.25 617.33
0.25,0.5,0.3 657.076
0.25,0.5,0.35 560.962
0.25,0.5,0.4 370.958
0.25,0.5,0.45 32.596
0.25,0.55,0 2.49174e-09
0.25,0.55,0.05 83.6462
0.25,0.55,0.1 435.724
0.25,0.55,0.15 348.186
0.25,0.55,0.2 328.577
0.25,0.55,0.25 472.183
0.25,0.55,0.3 678.107
0.25,0.55,0.35 662.167
0.25,0.55,0.4 428.7
0.25,0.55,0.45 32.5436
0.25,0.6,0 1.73455e-08
0.25,0.6,0.05 14.5915
0.25,0.6,0.1 226.895
0.25,0.6,0.15 428.967
0.25,0.6,0.2 572.567
0.25,0.6,0.25 461.63
0.25,0.6,0.3 438.545
0.25,0.6,0.35 548.634
0.25,0.6,0.4 338.533
0.25,0.6,0.45 18.5749
0.25,0.65,0 1.10698e-08
0.25,0.65,0.05 78.2129
0.25,0.65,0.1 349.053
0.25,0.65,0.15 388.899
0.25,0.65,0.2 524.965
0.25,0.65,0.25 253.621
0.25,0.65,0.3 403.895
0.25,0.65,0.35 281.391
0.25,0.65,0.4 125.17
0.25,0.65,0.45 8.077
0.25,0.7,0 2.14309e-09
0.25,0.7,0.05 97.9936
0.25,0.7,0.1 480.271
0.25,0.7,0.15 445.452
0.25,0.7,0.2 409.983
0.25,0.7,0.25 329.202
0.25,0.7,0.3 231.707
0.25,0.7,0.35 63.2731
0.25,0.7,0.4 6.34952
0.25,0.7,0.45 0.398164
0.25,0.75,0 1.56936e-10
0.25,0.75,0.05 32.4318
0.25,0.75,0.1 379.047
0.25,0.75,0.15 533.126
0.25,0.75,0.2 498.384
0.25,0.75,0.25 290.994
0.25,0.75,0.3 168.991
0.25,0.75,0.35 14.5231
0.25,0.75,0.4 0.00146155
0.25,0.8,0.05 11.5422
0.25,0.8,0.1 165.063
0.25,0.8,0.15 254.056
0.25,0.8,0.2 235.642
0.25,0.8,0.25 110.984
0.25,0.8,0.3 85.292
0.25,0.8,0.35 9.66334
0.25,0.85,0.05 0.080256
0.25,0.85,0.1 1.25172
0.25,0.85,0.15 2.78322
0.25,0.85,0.2 2.52369
0.25,0.85,0.25 1.72631
0.25,0.85,0.3 1.66436
0.25,0.85,0.35 0.188507
0.3,0,0.1 8.98235e-13
0.3,0,0.15 3.69085e-11
0.3,0,0.2 7.2462e-11
0.3,0,0.25 4.93977e-10
0.3,0,0.3 4.6626e-10
0.3,0,0.35 1.84664e-11
0.3,0.05,0 3.73392e-15
0.3,0.05,0.05 0.194064
0.3,0.05,0.1 2.61004
0.3,0.05,0.15 59.7771
0.3,0.05,0.2 82.7638
0.3,0.05,0.25 82.3663
0.3,0.05,0.3 74.0722
0.3,0.05,0.35 3.1455
0.3,0.1,0 2.52885e-12
0.3,0.1,0.05 8.73746
0.3,0.1,0.1 58.734
0.3,0.1,0.15 279.749
0.3,0.1,0.2 386.546
0.3,0.1,0.25 378.601
0.3,0.1,0.3 369.307
0.3,0.1,0.35 29.599
0.3,0.1,0.4 0.0011338
0.3,0.15,0 1.98848e-11
0.3,0.15,0.05 17.5528
0.3,0.15,0.1 116.443
0.3,0.15,0.15 389.202
0.3,0.15,0.2 475.372
0.3,0.15,0.25 304.175
0.3,0.15,0.3 555.736
0.3,0.15,0.35 211.826
0.3,0.15,0.4 21.4754
0.3,0.2,0 1.36465e-10
0.3,0.2,0.05 78.7557
0.3,0.2,0.1 360.397
0.3,0.2,0.15 593.93
0.3,0.2,0.2 649.236
0.3,0.2,0.25 362.015
0.3,0.2,0.3 690.638
0.3,0.2,0.35 491.599
0.3,0.2,0.4 78.0834
0.3,0.25,0 1.56378e-10
0.3,0.25,0.05 98.6895
0.3,0.25,0.1 403.825
0.3,0.25,0.15 234.699
0.3,0.25,0.2 252.902
0.3,0.25,0.25 398.706
0.3,0.25,0.3 591.691
0.3,0.25,0.35 394.638
0.3,0.25,0.4 35.1438
0.3,0.3,0 3.31712e-10
0.3,0.3,0.05 33.959
0.3,0.3,0.1 164.416
0.3,0.3,0.15 389.003
0.3,0.3,0.2 468.584
0.3,0.3,0.25 468.711
0.3,0.3,0.3 448.39
0.3,0.3,0.35 412.41
0.3,0.3,0.4 40.4733
0.3,0.35,0 2.23754e-10
0.3,0.35,0.05 38.4213
0.3,0.35,0.1 319.562
0.3,0.35,0.15 765.964
0.3,0.35,0.2 553.864
0.3,0.35,0.25 81.7915
0.3,0.35,0.3 67.142
0.3,0.35,0.35 79.9006
0.3,0.35,0.4 8.63122
0.3,0.35,0.45 8.04722e-08
0.3,0.4,0 2.82291e-10
0.3,0.4,0.05 107.803
0.3,0.4,0.1 565.377
0.3,0.4,0.15 769.952
0.3,0.4,0.2 456.172
0.3,0.4,0.25 44.2319
0.3,0.4,0.3 1.46894
0.3,0.4,0.35 0.229404
0.3,0.4,0.4 0.266231
0.3,0.4,0.45 0.023741
0.3,0.45,0 5.62128e-10
0.3,0.45,0.05 77.3574
0.3,0.45,0.1 369.607
0.3,0.45,0.15 538.251
0.3,0.45,0.2 502.413
0.3,0.45,0.25 237.03
0.3,0.45,0.3 98.8142
0.3,0.45,0.35 62.9876
0.3,0.45,0.4 10.3768
0.3,0.45,0.45 0.373072
0.3,0.5,0 1.13733e-09
0.3,0.5,0.05 120.559
0.3,0.5,0.1 485.886
0.3,0.5,0.15 209.754
0.3,0.5,0.2 231.129
0.3,0.5,0.25 353.063
0.3,0.5,0.3 591.412
0.3,0.5,0.35 361.33
0.3,0.5,0.4 60.014
0.3,0.5,0.45 2.75987
0.3,0.55,0 6.19814e-08
0.3,0.55,0.05 80.9565
0.3,0.55,0.1 334.864
0.3,0.55,0.15 237.152
0.3,0.55,0.2 295.831
0.3,0.55,0.25 405.945
0.3,0.55,0.3 658.281
0.3,0.55,0.35 236.662
0.3,0.55,0.4 62.2359
0.3,0.55,0.45 3.2549
0.3,0.6,0 5.15624e-07
0.3,0.6,0.05 69.0865
0.3,0.6,0.1 298.021
0.3,0.6,0.15 309.296
0.3,0.6,0.2 578.426
0.3,0.6,0.25 426.604
0.3,0.6,0.3 685.065
0.3,0.6,0.35 476.726
0.3,0.6,0.4 278.21
0.3,0.6,0.45 16.841
0.3,0.65,0 2.57486e-07
0.3,0.65,0.05 78.9458
0.3,0.65,0.1 322.432
0.3,0.65,0.15 218.049
0.3,0.65,0.2 420.882
0.3,0.65,0.25 434.818
0.3,0.65,0.3 655.175
0.3,0.65,0.35 529.552
0.3,0.65,0.4 287.507
0.3,0.65,0.45 17.3735
0.3,0.7,0 2.71045e-09
0.3,0.7,0.05 69.0169
0.3,0.7,0.1 287.17
0.3,0.7,0.15 215.791
0.3,0.7,0.2 458.292
0.3,0.7,0.25 232.001
0.3,0.7,0.3 120.466
0.3,0.7,0.35 42.0088
0.3,0.7,0.4 16.0514
0.3,0.7,0.45 0.917897
0.3,0.75,0 8.54123e-11
0.3,0.75,0.05 14.4338
0.3,0.75,0.1 141.805
0.3,0.75,0.15 311.713
0.3,0.75,0.2 418.648
0.3,0.75,0.25 189.122
0.3,0.75,0.3 117.827
0.3,0.75,0.35 5.26566
0.3,0.75,0.4 4.63693e-05
0.3,0.8,0.05 4.23942
0.3,0.8,0.1 57.5372
0.3,0.8,0.15 92.1685
0.3,0.8,0.2 92.4997
0.3,0.8,0.25 40.5633
0.3,0.8,0.3 29.1982
0.3,0.8,0.35 1.35687
0.3,0.85,0.05 0.0294779
0.3,0.85,0.1 0.396595
0.3,0.85,0.15 0.311837
0.3,0.85,0.2 0.0656396
0.3,0.85,0.25 0.0153604
0.3,0.85,0.3 0.00345674
0.3,0.85,0.35 0.000401106
0.35,0,0.1 1.0915e-13
0.35,0,0.15 4.48499e-12
0.35,0,0.2 1.36352e-11
0.35,0,0.25 1.61573e-10
0.35,0,0.3 1.53173e-10
0.35,0,0.35 6.06646e-12
0.35,0.05,0.05 0.902155
0.35,0.05,0.1 5.59641
0.35,0.05,0.15 9.22582
0.35,0.05,0.2 11.0955
0.35,0.05,0.25 26.7486
0.35,0.05,0.3 23.9802
0.35,0.05,0.35 0.939581
0.35,0.1,0.05 40.5266
0.35,0.1,0.1 245.394
0.35,0.1,0.15 120.804
0.35,0.1,0.2 61.8826
0.35,0.1,0.25 172.406
0.35,0.1,0.3 128.025
0.35,0.1,0.35 8.31468
0.35,0.1,0.4 0.000120195
0.35,0.15,0 3.47975e-12
0.35,0.15,0.05 63.4288
0.35,0.15,0.1 387.867
0.35,0.15,0.15 214.223
0.35,0.15,0.2 159.111
0.35,0.15,0.25 279.024
0.35,0.15,0.3 213.697
0.35,0.15,0.35 43.7777
0.35,0.15,0.4 2.27576
0.35,0.2,0 4.29179e-11
0.35,0.2,0.05 101.445
0.35,0.2,0.1 447.394
0.35,0.2,0.15 430.74
0.35,0.2,0.2 462.247
0.35,0.2,0.25 363.38
0.35,0.2,0.3 462.543
0.35,0.2,0.35 133.037
0.35,0.2,0.4 10.0255
0.35,0.25,0 4.31898e-10
0.35,0.25,0.05 166.478
0.35,0.25,0.1 719.887
0.35,0.25,0.15 560.708
0.35,0.25,0.2 275.788
0.35,0.25,0.25 385.2
0.35,0.25,0.3 706.094
0.35,0.25,0.35 298.963
0.35,0.25,0.4 12.715
0.35,0.3,0 1.69836e-09
0.35,0.3,0.05 130.405
0.35,0.3,0.1 550.843
0.35,0.3,0.15 502.272
0.35,0.3,0.2 394.392
0.35,0.3,0.25 653.588
0.35,0.3,0.3 735.586
0.35,0.3,0.35 167.557
0.35,0.3,0.4 7.48626
0.35,0.35,0 1.35551e-09
0.35,0.35,0.05 91.9937
0.35,0.35,0.1 402.554
0.35,0.35,0.15 493.872
0.35,0.35,0.2 447.401
0.35,0.35,0.25 213.253
0.35,0.35,0.3 128.881
0.35,0.35,0.35 20.4937
0.35,0.35,0.4 1.0068
0.35,0.35,0.45 1.48228e-05
0.35,0.4,0 1.77518e-09
0.35,0.4,0.05 165.38
0.35,0.4,0.1 801.725
0.35,0.4,0.15 744.754
0.35,0.4,0.2 401.108
0.35,0.4,0.25 43.1476
0.35,0.4,0.3 13.5132
0.35,0.4,0.35 27.7141
0.35,0.4,0.4 43.1171
0.35,0.4,0.45 4.366
0.35,0.45,0 2.11989e-09
0.35,0.45,0.05 97.4092
0.35,0.45,0.1 528.152
0.35,0.45,0.15 724.085
0.35,0.45,0.2 663.487
0.35,0.45,0.25 180.029
0.35,0.45,0.3 115.578
0.35,0.45,0.35 280.183
0.35,0.45,0.4 219.625
0.35,0.45,0.45 16.7476
0.35,0.5,0 2.49667e-09
0.35,0.5,0.05 145.003
0.35,0.5,0.1 608.135
0.35,0.5,0.15 409.64
0.35,0.5,0.2 587.189
0.35,0.5,0.25 619.135
0.35,0.5,0.3 602.107
0.35,0.5,0.35 486.832
0.35,0.5,0.4 145.371
0.35,0.5,0.45 4.10833
0.35,0.55,0 7.25879e-08
0.35,0.55,0.05 90.4856
0.35,0.55,0.1 388.988
0.35,0.55,0.15 450.913
0.35,0.55,0.2 626.938
0.35,0.55,0.25 439.013
0.35,0.55,0.3 426.041
0.35,0.55,0.35 136.151
0.35,0.55,0.4 22.2571
0.35,0.55,0.45 0.470174
0.35,0.6,0 5.99473e-07
0.35,0.6,0.05 93.6075
0.35,0.6,0.1 422.621
0.35,0.6,0.15 631.172
0.35,0.6,0.2 953.067
0.35,0.6,0.25 468.747
0.35,0.6,0.3 569.073
0.35,0.6,0.35 529.638
0.35,0.6,0.4 275.936
0.35,0.6,0.45 10.6627
0.35,0.65,0 2.98019e-07
0.35,0.65,0.05 114.475
0.35,0.65,0.1 494.762
0.35,0.65,0.15 428.942
0.35,0.65,0.2 516.806
0.35,0.65,0.25 635.202
0.35,0.65,0.3 618.988
0.35,0.65,0.35 671.435
0.35,0.65,0.4 312.071
0.35,0.65,0.45 10.7841
0.35,0.7,0 2.2604e-09
0.35,0.7,0.05 76.3824
0.35,0.7,0.1 306.792
0.35,0.7,0.15 116.096
0.35,0.7,0.2 217.067
0.35,0.7,0.25 544.183
0.35,0.7,0.3 287.548
0.35,0.7,0.35 81.2146
0.35,0.7,0.4 18.2514
0.35,0.7,0.45 0.481128
0.35,0.75,0 6.48878e-09
0.35,0.75,0.05 4.16008
0.35,0.75,0.1 17.907
0.35,0.75,0.15 91.498
0.35,0.75,0.2 294.839
0.35,0.75,0.25 642.204
0.35,0.75,0.3 414.239
0.35,0.75,0.35 40.7323
0.35,0.75,0.4 0.0764049
0.35,0.8,0 2.09747e-08
0.35,0.8,0.05 2.16785
0.35,0.8,0.1 8.94669
0.35,0.8,0.15 22.1656
0.35,0.8,0.2 50.8339
0.35,0.8,0.25 112.049
0.35,0.8,0.3 84.5918
0.35,0.8,0.35 4.81855
0.35,0.8,0.4 0.00353919
0.35,0.85,0 4.23295e-09
0.35,0.85,0.05 0.436231
0.35,0.85,0.1 1.73419
0.35,0.85,0.15 0.431059
0.35,0.85,0.2 1.05961e-05
0.35,0.85,0.25 3.17101e-05
0.35,0.85,0.3 3.30992e-05
0.35,0.85,0.35 1.55265e-06
0.4,0,0.2 4.56167e-15
0.4,0,0.25 9.59092e-14
0.4,0,0.3 9.1156e-14
0.4,0,0.35 3.61026e-15
0.4,0.05,0.05 0.262057
0.4,0.05,0.1 1.57467
0.4,0.05,0.15 0.585441
0.4,0.05,0.2 1.21048
0.4,0.05,0.25 4.46295
0.4,0.05,0.3 1.29809
0.4,0.05,0.35 0.160645
0.4,0.05,0.4 0.00202341
0.4,0.1,0.05 17.1481
0.4,0.1,0.1 108.847
0.4,0.1,0.15 46.7422
0.4,0.1,0.2 71.1556
0.4,0.1,0.25 253.162
0.4,0.1,0.3 72.8888
0.4,0.1,0.35 9.50891
0.4,0.1,0.4 0.120156
0.4,0.15,0 2.06537e-13
0.4,0.15,0.05 58.3592
0.4,0.15,0.1 464.627
0.4,0.15,0.15 290.263
0.4,0.15,0.2 253.696
0.4,0.15,0.25 655.062
0.4,0.15,0.3 159.392
0.4,0.15,0.35 15.223
0.4,0.15,0.4 0.185527
0.4,0.2,0 1.41177e-11
0.4,0.2,0.05 59.0578
0.4,0.2,0.1 386.899
0.4,0.2,0.15 436.128
0.4,0.2,0.2 409.155
0.4,0.2,0.25 385.945
0.4,0.2,0.3 122.132
0.4,0.2,0.35 10.143
0.4,0.2,0.4 0.155956
0.4,0.25,0 5.05884e-10
0.4,0.25,0.05 93.7193
0.4,0.25,0.1 428.545
0.4,0.25,0.15 478.086
0.4,0.25,0.2 273.75
0.4,0.25,0.25 169.101
0.4,0.25,0.3 170.343
0.4,0.25,0.35 29.4476
0.4,0.25,0.4 0.704499
0.4,0.3,0 9.91234e-10
0.4,0.3,0.05 108.366
0.4,0.3,0.1 450.682
0.4,0.3,0.15 273.134
0.4,0.3,0.2 318.238
0.4,0.3,0.25 501.718
0.4,0.3,0.3 331.06
0.4,0.3,0.35 33.7188
0.4,0.3,0.4 0.221314
0.4,0.35,0 5.42014e-10
0.4,0.35,0.05 54.5569
0.4,0.35,0.1 222.961
0.4,0.35,0.15 145.741
0.4,0.35,0.2 277.987
0.4,0.35,0.25 572.084
0.4,0.35,0.3 455.329
0.4,0.35,0.35 81.5972
0.4,0.35,0.4 0.733048
0.4,0.35,0.45 3.20351e-05
0.4,0.4,0 7.47037e-10
0.4,0.4,0.05 56.5826
0.4,0.4,0.1 277.707
0.4,0.4,0.15 402.112
0.4,0.4,0.2 357.954
0.4,0.4,0.25 247.572
0.4,0.4,0.3 358.203
0.4,0.4,0.35 156.333
0.4,0.4,0.4 95.2531
0.4,0.4,0.45 9.43492
0.4,0.45,0 1.24647e-09
0.4,0.45,0.05 53.4455
0.4,0.45,0.1 291.741
0.4,0.45,0.15 543.227
0.4,0.45,0.2 565.324
0.4,0.45,0.25 288.533
0.4,0.45,0.3 254.814
0.4,0.45,0.35 423.628
0.4,0.45,0.4 411.138
0.4,0.45,0.45 37.5499
0.4,0.5,0 1.37084e-09
0.4,0.5,0.05 67.6802
0.4,0.5,0.1 337.183
0.4,0.5,0.15 483.463
0.4,0.5,0.2 726.348
0.4,0.5,0.25 566.21
0.4,0.5,0.3 474.412
0.4,0.5,0.35 673.649
0.4,0.5,0.4 267.067
0.4,0.5,0.45 19.2514
0.4,0.55,0 1.13367e-08
0.4,0.55,0.05 49.837
0.4,0.55,0.1 261.931
0.4,0.55,0.15 402.715
0.4,0.55,0.2 489.988
0.4,0.55,0.25 329.152
0.4,0.55,0.3 179.114
0.4,0.55,0.35 240.474
0.4,0.55,0.4 68.2475
0.4,0.55,0.45 4.91141
0.4,0.6,0 6.01546e-08
0.4,0.6,0.05 147.763
0.4,0.6,0.1 613.025
0.4,0.6,0.15 378.106
0.4,0.6,0.2 611.995
0.4,0.6,0.25 349.133
0.4,0.6,0.3 219.438
0.4,0.6,0.35 213.56
0.4,0.6,0.4 133.096
0.4,0.6,0.45 5.24845
0.4,0.65,0 2.32439e-08
0.4,0.65,0.05 72.0671
0.4,0.65,0.1 303.233
0.4,0.65,0.15 247.201
0.4,0.65,0.2 517.437
0.4,0.65,0.25 445.993
0.4,0.65,0.3 375.813
0.4,0.65,0.35 265.204
0.4,0.65,0.4 140.295
0.4,0.65,0.45 5.1481
0.4,0.7,0 2.16872e-10
0.4,0.7,0.05 17.1986
0.4,0.7,0.1 69.1902
0.4,0.7,0.15 26.0814
0.4,0.7,0.2 104.229
0.4,0.7,0.25 298.264
0.4,0.7,0.3 373.996
0.4,0.7,0.35 134.105
0.4,0.7,0.4 7.61006
0.4,0.7,0.45 0.217701
0.4,0.75,0 2.05596e-07
0.4,0.75,0.05 21.9332
0.4,0.75,0.1 87.1936
0.4,0.75,0.15 22.1571
0.4,0.75,0.2 79.7193
0.4,0.75,0.25 280.082
0.4,0.75,0.3 370.999
0.4,0.75,0.35 121.276
0.4,0.75,0.4 0.339954
0.4,0.8,0 6.64996e-07
0.4,0.8,0.05 68.5247
0.4,0.8,0.1 272.347
0.4,0.8,0.15 67.7356
0.4,0.8,0.2 8.91587
0.4,0.8,0.25 34.2838
0.4,0.8,0.3 29.2025
0.4,0.8,0.35 6.10351
0.4,0.8,0.4 0.0157472
0.4,0.85,0 1.34204e-07
0.4,0.85,0.05 13.8291
0.4,0.85,0.1 54.9628
0.4,0.85,0.15 13.6529
0.4,0.85,0.2 2.11221e-07
0.4,0.85,0.25 5.25455e-06
0.4,0.85,0.3 5.48473e-06
0.4,0.85,0.35 2.57283e-07
0.45,0.05,0.05 2.85654e-05
0.45,0.05,0.1 0.000171645
0.45,0.05,0.15 7.10601e-05
0.45,0.05,0.2 0.297516
0.45,0.05,0.25 1.38406
0.45,0.05,0.3 3.27375
0.45,0.05,0.35 1.77142
0.45,0.05,0.4 0.0223899
0.45,0.1,0.05 17.5239
0.45,0.1,0.1 88.7107
0.45,0.1,0.15 39.5591
0.45,0.1,0.2 39.3965
