0.25,0.15,0 2.01665e-09
0.25,0.15,0.05 44.6794
0.25,0.15,0.1 199.431
0.25,0.15,0.15 277.842
0.25,0.15,0.2 661.489
0.25,0.15,0.25 575.08
0.25,0.15,0.3 345.649
0.25,0.15,0.35 148.574
0.25,0.15,0.4 14.9024
0.25,0.15,0.45 0.000431291
0.25,0.2,0 3.41926e-10
0.25,0.2,0.05 46.6802
0.25,0.2,0.1 338.394
0.25,0.2,0.15 430.848
0.25,0.2,0.2 529.948
0.25,0.2,0.25 306.356
0.25,0.2,0.3 528.725
0.25,0.2,0.35 503.94
0.25,0.2,0.4 76.8571
0.25,0.2,0.45 0.00183377
0.25,0.25,0.05 65.625
0.25,0.25,0.1 346.872
0.25,0.25,0.15 313.689
0.25,0.25,0.2 610.141
0.25,0.25,0.25 315.16
0.25,0.25,0.3 527.348
0.25,0.25,0.35 501.429
0.25,0.25,0.4 56.3568
0.25,0.25,0.45 0.000490995
0.25,0.3,0 3.81391e-14
0.25,0.3,0.05 40.1599
0.25,0.3,0.1 191.293
0.25,0.3,0.15 262.776
0.25,0.3,0.2 631.26
0.25,0.3,0.25 289.562
0.25,0.3,0.3 165.329
0.25,0.3,0.35 248.548
0.25,0.3,0.4 52.7317
0.25,0.3,0.45 1.17779e-05
0.25,0.35,0 8.41384e-13
0.25,0.35,0.05 72.8846
0.25,0.35,0.1 390.853
0.25,0.35,0.15 359.557
0.25,0.35,0.2 145.089
0.25,0.35,0.25 32.8605
0.25,0.35,0.3 18.3274
0.25,0.35,0.35 38.2857
0.25,0.35,0.4 9.73409
0.25,0.35,0.45 2.32695e-06
0.25,0.4,0 9.17876e-11
0.25,0.4,0.05 100.934
0.25,0.4,0.1 472.111
0.25,0.4,0.15 395.907
0.25,0.4,0.2 163.018
0.25,0.4,0.25 54.8674
0.25,0.4,0.3 4.68506
0.25,0.4,0.35 0.205487
0.25,0.4,0.4 0.019407
0.25,0.4,0.45 8.74492e-06
0.25,0.4,0.5 4.99853e-09
0.25,0.45,0 8.88755e-10
0.25,0.45,0.05 149.002
0.25,0.45,0.1 645.901
0.25,0.45,0.15 456.218
0.25,0.45,0.2 328.882
0.25,0.45,0.25 378.86
0.25,0.45,0.3 159.03
0.25,0.45,0.35 119.409
0.25,0.45,0.4 75.5895
0.25,0.45,0.45 7.9817
0.25,0.45,0.5 0.000258124
0.25,0.5,0 1.69862e-09
0.25,0.5,0.05 181.478
0.25,0.5,0.1 733.073
0.25,0.5,0.15 345.035
0.25,0.5,0.2 342.481
0.25,0.5,0.25 552.965
0.25,0.5,0.3 722.63
0.25,0.5,0.35 568.296
0.25,0.5,0.4 465.187
0.25,0.5,0.45 58.7541
0.25,0.5,0.5 0.00358709
0.25,0.55,0 2.49169e-09
0.25,0.55,0.05 81.7188
0.25,0.55,0.1 370.575
0.25,0.55,0.15 348.102
0.25,0.55,0.2 381.491
0.25,0.55,0.25 429.377
0.25,0.55,0.3 678.345
0.25,0.55,0.35 652.501
0.25,0.55,0.4 488.368
0.25,0.55,0.45 54.9215
0.25,0.55,0.5 0.00262986
0.25,0.6,0 1.73455e-08
0.25,0.6,0.05 11.3724
0.25,0.6,0.1 113.939
0.25,0.6,0.15 388.808
0.25,0.6,0.2 559.552
0.25,0.6,0.25 504.673
0.25,0.6,0.3 454.501
0.25,0.6,0.35 515.933
0.25,0.6,0.4 344.653
0.25,0.6,0.45 29.02
0.25,0.6,0.5 6.05057e-05
0.25,0.65,0 1.10698e-08
0.25,0.65,0.05 77.887
0.25,0.65,0.1 338.29
0.25,0.65,0.15 435.939
0.25,0.65,0.2 479.293
0.25,0.65,0.25 223.407
0.25,0.65,0.3 440.631
0.25,0.65,0.35 327.735
0.25,0.65,0.4 87.8661
0.25,0.65,0.45 5.95833
0.25,0.7,0 2.14309e-09
0.25,0.7,0.05 95.1221
0.25,0.7,0.1 443.77
0.25,0.7,0.15 464.132
0.25,0.7,0.2 410.619
0.25,0.7,0.25 262.951
0.25,0.7,0.3 270.367
0.25,0.7,0.35 66.7229
0.25,0.7,0.4 3.46311
0.25,0.7,0.45 0.146466
0.25,0.75,0 1.56936e-10
0.25,0.75,0.05 8.95234
0.25,0.75,0.1 124.939
0.25,0.75,0.15 585.714
0.25,0.75,0.2 628.186
0.25,0.75,0.25 385.812
0.25,0.75,0.3 224.908
0.25,0.75,0.35 54.8203
0.25,0.75,0.4 0.0213591
0.25,0.8,0.1 39.2859
0.25,0.8,0.15 264.36
0.25,0.8,0.2 228.559
0.25,0.8,0.25 105.412
0.25,0.8,0.3 78.8103
0.25,0.8,0.35 22.6645
0.25,0.8,0.4 0.00908695
0.25,0.85,0.1 0.321956
0.25,0.85,0.15 2.07875
0.25,0.85,0.2 1.30383
0.25,0.85,0.25 0.359974
0.25,0.85,0.3 0.35581
0.25,0.85,0.35 0.0975019
0.25,0.85,0.4 3.9083e-05
0.3,0,0.2 2.33328e-11
0.3,0,0.25 4.90572e-10
0.3,0,0.3 4.6626e-10
0.3,0,0.35 1.84664e-11
0.3,0.05,0 3.73392e-15
0.3,0.05,0.05 0.0577531
0.3,0.05,0.1 1.41813
0.3,0.05,0.15 45.737
0.3,0.05,0.2 82.4316
0.3,0.05,0.25 84.3332
0.3,0.05,0.3 74.3657
0.3,0.05,0.35 3.58313
0.3,0.05,0.4 0.000542016
0.3,0.1,0 2.52885e-12
0.3,0.1,0.05 3.18027
0.3,0.1,0.1 50.8617
0.3,0.1,0.15 242.701
0.3,0.1,0.2 396.11
0.3,0.1,0.25 377.919
0.3,0.1,0.3 364.914
0.3,0.1,0.35 39.6231
0.3,0.1,0.4 0.067149
0.3,0.15,0 6.92181e-12
0.3,0.15,0.05 9.63579
0.3,0.15,0.1 104.663
0.3,0.15,0.15 327.218
0.3,0.15,0.2 508.722
0.3,0.15,0.25 300.046
0.3,0.15,0.3 527.922
0.3,0.15,0.35 256.102
0.3,0.15,0.4 25.9878
0.3,0.15,0.45 0.000938663
0.3,0.2,0 1.1736e-12
0.3,0.2,0.05 67.7956
0.3,0.2,0.1 337.556
0.3,0.2,0.15 477.738
0.3,0.2,0.2 670.459
0.3,0.2,0.25 316.367
0.3,0.2,0.3 642.482
0.3,0.2,0.35 550.803
0.3,0.2,0.4 112.311
0.3,0.2,0.45 0.00399102
0.3,0.25,0 3.21351e-14
0.3,0.25,0.05 84.4163
0.3,0.25,0.1 405.671
0.3,0.25,0.15 242.019
0.3,0.25,0.2 305.378
0.3,0.25,0.25 336.14
0.3,0.25,0.3 564.437
0.3,0.25,0.35 500.254
0.3,0.25,0.4 77.5302
0.3,0.25,0.45 0.00106784
0.3,0.3,0 1.33369e-13
0.3,0.3,0.05 30.472
0.3,0.3,0.1 157.268
0.3,0.3,0.15 367.322
0.3,0.3,0.2 486.865
0.3,0.3,0.25 463.347
0.3,0.3,0.3 445.763
0.3,0.3,0.35 477.35
0.3,0.3,0.4 103.209
0.3,0.3,0.45 2.32053e-05
0.3,0.35,0 2.4464e-13
0.3,0.35,0.05 36.1659
0.3,0.35,0.1 290.407
0.3,0.35,0.15 734.52
0.3,0.35,0.2 548.117
0.3,0.35,0.25 97.0142
0.3,0.35,0.3 63.6501
0.3,0.35,0.35 78.0148
0.3,0.35,0.4 19.1853
0.3,0.35,0.45 4.59991e-06
0.3,0.4,0 2.97733e-11
0.3,0.4,0.05 106.041
0.3,0.4,0.1 537.951
0.3,0.4,0.15 759.694
0.3,0.4,0.2 479.05
0.3,0.4,0.25 62.4223
0.3,0.4,0.3 3.2734
0.3,0.4,0.35 0.534908
0.3,0.4,0.4 1.42621
0.3,0.4,0.45 0.281675
0.3,0.45,0 5.28773e-10
0.3,0.45,0.05 76.6089
0.3,0.45,0.1 365.777
0.3,0.45,0.15 552.275
0.3,0.45,0.2 527.751
0.3,0.45,0.25 283.022
0.3,0.45,0.3 126.343
0.3,0.45,0.35 83.0678
0.3,0.45,0.4 20.9102
0.3,0.45,0.45 2.14624
0.3,0.5,0 1.02343e-09
0.3,0.5,0.05 116.319
0.3,0.5,0.1 489.302
0.3,0.5,0.15 214.067
0.3,0.5,0.2 211.26
0.3,0.5,0.25 325.322
0.3,0.5,0.3 655.772
0.3,0.5,0.35 424.591
0.3,0.5,0.4 78.5378
0.3,0.5,0.45 6.15868
0.3,0.55,0 6.18688e-08
0.3,0.55,0.05 76.3135
0.3,0.55,0.1 328.673
0.3,0.55,0.15 228.895
0.3,0.55,0.2 296.893
0.3,0.55,0.25 336.77
0.3,0.55,0.3 693.018
0.3,0.55,0.35 279.395
0.3,0.55,0.4 93.4237
0.3,0.55,0.45 7.48253
0.3,0.6,0 5.1562e-07
0.3,0.6,0.05 68.5831
0.3,0.6,0.1 283.523
0.3,0.6,0.15 280.267
0.3,0.6,0.2 602.365
0.3,0.6,0.25 434.257
0.3,0.6,0.3 607.139
0.3,0.6,0.35 493.122
0.3,0.6,0.4 372.887
0.3,0.6,0.45 25.578
0.3,0.65,0 2.57486e-07
0.3,0.65,0.05 78.9181
0.3,0.65,0.1 320.01
0.3,0.65,0.15 242.501
0.3,0.65,0.2 433.149
0.3,0.65,0.25 432.806
0.3,0.65,0.3 615.343
0.3,0.65,0.35 443.152
0.3,0.65,0.4 259.395
0.3,0.65,0.45 16.9479
0.3,0.7,0 2.71045e-09
0.3,0.7,0.05 67.9695
0.3,0.7,0.1 277.865
0.3,0.7,0.15 220.538
0.3,0.7,0.2 453.394
0.3,0.7,0.25 244.082
0.3,0.7,0.3 207.004
0.3,0.7,0.35 69.5652
0.3,0.7,0.4 7.65394
0.3,0.7,0.45 0.443698
0.3,0.75,0 8.54123e-11
0.3,0.75,0.05 5.81106
0.3,0.75,0.1 70.9294
0.3,0.75,0.15 266.908
0.3,0.75,0.2 442.773
0.3,0.75,0.25 323.872
0.3,0.75,0.3 148.492
0.3,0.75,0.35 37.9539
0.3,0.75,0.4 0.0408733
0.3,0.8,0.1 24.5068
0.3,0.8,0.15 120.87
0.3,0.8,0.2 95.87
0.3,0.8,0.25 52.231
0.3,0.8,0.3 11.3993
0.3,0.8,0.35 1.54809
0.3,0.8,0.4 0.00147223
0.3,0.85,0.1 0.202334
0.3,0.85,0.15 0.960847
0.3,0.85,0.2 0.307264
0.3,0.85,0.25 0.00263919
0.3,0.85,0.3 0.00127461
0.3,0.85,0.35 0.000403957
0.3,0.85,0.4 1.61923e-07
0.35,0,0.2 7.66514e-12
0.35,0,0.25 1.6116e-10
0.35,0,0.3 1.53173e-10
0.35,0,0.35 6.06646e-12
0.35,0.05,0.05 0.227848
0.35,0.05,0.1 3.57554
0.35,0.05,0.15 8.04271
0.35,0.05,0.2 10.5722
0.35,0.05,0.25 26.4036
0.35,0.05,0.3 23.959
0.35,0.05,0.35 0.94084
0.35,0.1,0.05 12.3666
0.35,0.1,0.1 191.45
0.35,0.1,0.15 174.006
0.35,0.1,0.2 58.3785
0.35,0.1,0.25 171.603
0.35,0.1,0.3 142.851
0.35,0.1,0.35 11.2532
0.35,0.1,0.4 0.0203368
0.35,0.15,0.05 24.1206
0.35,0.15,0.1 319.667
0.35,0.15,0.15 290.706
0.35,0.15,0.2 121.068
0.35,0.15,0.25 262.477
0.35,0.15,0.3 261.769
0.35,0.15,0.35 67.8369
0.35,0.15,0.4 3.49614
0.35,0.15,0.45 0.000123428
0.35,0.2,0.05 85.9882
0.35,0.2,0.1 427.914
0.35,0.2,0.15 398.963
0.35,0.2,0.2 511.717
0.35,0.2,0.25 392.664
0.35,0.2,0.3 488.804
0.35,0.2,0.35 164.631
0.35,0.2,0.4 17.9243
0.35,0.2,0.45 0.000524791
0.35,0.25,0 1.70697e-13
0.35,0.25,0.05 143.334
0.35,0.25,0.1 705.899
0.35,0.25,0.15 554.862
0.35,0.25,0.2 336.967
0.35,0.25,0.25 303.579
0.35,0.25,0.3 650.273
0.35,0.25,0.35 354.824
0.35,0.25,0.4 28.2384
0.35,0.25,0.45 0.000140306
0.35,0.3,0 6.86563e-13
0.35,0.3,0.05 125.593
0.35,0.3,0.1 545.782
0.35,0.3,0.15 476.972
0.35,0.3,0.2 354.412
0.35,0.3,0.25 551.907
0.35,0.3,0.3 838.358
0.35,0.3,0.35 231.818
0.35,0.3,0.4 18.8698
0.35,0.3,0.45 2.7129e-06
0.35,0.35,0 3.36147e-13
0.35,0.35,0.05 87.9201
0.35,0.35,0.1 385.996
0.35,0.35,0.15 516.124
0.35,0.35,0.2 447.428
0.35,0.35,0.25 220.027
0.35,0.35,0.3 189.542
0.35,0.35,0.35 32.0202
0.35,0.35,0.4 2.25232
0.35,0.35,0.45 1.23239e-06
0.35,0.4,0 6.78242e-11
0.35,0.4,0.05 164.785
0.35,0.4,0.1 778.848
0.35,0.4,0.15 787.743
0.35,0.4,0.2 448.239
0.35,0.4,0.25 45.1663
0.35,0.4,0.3 11.8146
0.35,0.4,0.35 23.6639
0.35,0.4,0.4 63.482
0.35,0.4,0.45 12.7099
0.35,0.45,0 1.91241e-09
0.35,0.45,0.05 96.286
0.35,0.45,0.1 487.375
0.35,0.45,0.15 675.613
0.35,0.45,0.2 697.474
0.35,0.45,0.25 235.528
0.35,0.45,0.3 131.444
0.35,0.45,0.35 276.178
0.35,0.45,0.4 305.379
0.35,0.45,0.45 50.3264
0.35,0.5,0 2.14436e-09
0.35,0.5,0.05 129.492
0.35,0.5,0.1 602.605
0.35,0.5,0.15 409.113
0.35,0.5,0.2 594.334
0.35,0.5,0.25 676.725
0.35,0.5,0.3 590.722
0.35,0.5,0.35 471.344
0.35,0.5,0.4 155.986
0.35,0.5,0.45 12.5353
0.35,0.55,0 7.22396e-08
0.35,0.55,0.05 74.3335
0.35,0.55,0.1 379.638
0.35,0.55,0.15 448.78
0.35,0.55,0.2 617.733
0.35,0.55,0.25 446.61
0.35,0.55,0.3 446.493
0.35,0.55,0.35 174.632
0.35,0.55,0.4 56.7135
0.35,0.55,0.45 2.34091
0.35,0.6,0 5.99459e-07
0.35,0.6,0.05 92.8554
0.35,0.6,0.1 418.697
0.35,0.6,0.15 611.989
0.35,0.6,0.2 942.371
0.35,0.6,0.25 535.315
0.35,0.6,0.3 580.274
0.35,0.6,0.35 640.696
0.35,0.6,0.4 432.774
0.35,0.6,0.45 18.3218
0.35,0.65,0 2.98019e-07
0.35,0.65,0.05 114.475
0.35,0.65,0.1 486.798
0.35,0.65,0.15 388.37
0.35,0.65,0.2 452.038
0.35,0.65,0.25 590.194
0.35,0.65,0.3 550.927
0.35,0.65,0.35 543.143
0.35,0.65,0.4 282.74
0.35,0.65,0.45 9.26456
0.35,0.7,0 2.2604e-09
0.35,0.7,0.05 76.3808
0.35,0.7,0.1 306.073
0.35,0.7,0.15 94.961
0.35,0.7,0.2 116.169
0.35,0.7,0.25 449.453
0.35,0.7,0.3 571.599
0.35,0.7,0.35 204.581
0.35,0.7,0.4 14.1602
0.35,0.7,0.45 0.117007
0.35,0.75,0 6.48878e-09
0.35,0.75,0.05 4.14685
0.35,0.75,0.1 17.4419
0.35,0.75,0.15 17.1153
0.35,0.75,0.2 138.198
0.35,0.75,0.25 456.659
0.35,0.75,0.3 533.711
0.35,0.75,0.35 122.128
0.35,0.75,0.4 1.52193
0.35,0.8,0 2.09747e-08
0.35,0.8,0.05 2.16134
0.35,0.8,0.1 9.04038
0.35,0.8,0.15 5.55542
0.35,0.8,0.2 23.15
0.35,0.8,0.25 71.4229
0.35,0.8,0.3 52.4651
0.35,0.8,0.35 4.40607
0.35,0.8,0.4 0.00408713
0.35,0.85,0 4.23295e-09
0.35,0.85,0.05 0.436185
0.35,0.85,0.1 1.73731
0.35,0.85,0.15 0.447746
0.35,0.85,0.2 0.00492163
0.35,0.85,0.25 4.36808e-07
0.4,0,0.2 4.56167e-15
0.4,0,0.25 9.59092e-14
0.4,0,0.3 9.1156e-14
0.4,0,0.35 3.61026e-15
0.4,0.05,0.05 0.0562556
0.4,0.05,0.1 0.867496
0.4,0.05,0.15 0.681217
0.4,0.05,0.2 0.205751
0.4,0.05,0.25 1.45174
0.4,0.05,0.3 0.823675
0.4,0.05,0.35 0.115821
0.4,0.05,0.4 0.00258734
0.4,0.1,0.05 5.97979
0.4,0.1,0.1 77.8219
0.4,0.1,0.15 62.9594
0.4,0.1,0.2 27.0475
0.4,0.1,0.25 181.493
0.4,0.1,0.3 87.0041
0.4,0.1,0.35 3.1162
0.4,0.1,0.4 0.0617416
0.4,0.15,0.05 22.4994
0.4,0.15,0.1 332.126
0.4,0.15,0.15 382.827
0.4,0.15,0.2 156.603
0.4,0.15,0.25 543.419
0.4,0.15,0.3 221.227
0.4,0.15,0.35 4.39354
0.4,0.15,0.4 0.0630595
0.4,0.2,0.05 30.9783
0.4,0.2,0.1 307.928
0.4,0.2,0.15 481.807
0.4,0.2,0.2 409.284
0.4,0.2,0.25 505.167
0.4,0.2,0.3 194.193
0.4,0.2,0.35 10.6773
0.4,0.2,0.4 0.238382
0.4,0.25,0 3.15802e-11
0.4,0.25,0.05 88.9488
0.4,0.25,0.1 441.725
0.4,0.25,0.15 503.889
0.4,0.25,0.2 298.297
0.4,0.25,0.25 162.893
0.4,0.25,0.3 162.636
0.4,0.25,0.35 33.5406
0.4,0.25,0.4 1.3703
0.4,0.3,0 2.46512e-10
0.4,0.3,0.05 110.17
0.4,0.3,0.1 462.898
0.4,0.3,0.15 292.77
0.4,0.3,0.2 287.969
0.4,0.3,0.25 474.025
0.4,0.3,0.3 401.551
0.4,0.3,0.35 56.1563
0.4,0.3,0.4 0.495052
0.4,0.35,0 5.42984e-10
0.4,0.35,0.05 56.4096
0.4,0.35,0.1 230.968
0.4,0.35,0.15 155.6
0.4,0.35,0.2 233.249
0.4,0.35,0.25 504.413
0.4,0.35,0.3 555.264
0.4,0.35,0.35 113.319
0.4,0.35,0.4 1.6164
0.4,0.35,0.45 9.64853e-07
0.4,0.4,0 3.91111e-10
0.4,0.4,0.05 60.7151
0.4,0.4,0.1 289.363
0.4,0.4,0.15 428.984
0.4,0.4,0.2 380.877
0.4,0.4,0.25 205.635
0.4,0.4,0.3 349.02
0.4,0.4,0.35 149.01
0.4,0.4,0.4 93.8036
0.4,0.4,0.45 17.6099
0.4,0.45,0 1.17319e-09
0.4,0.45,0.05 53.6074
0.4,0.45,0.1 282.21
0.4,0.45,0.15 500.559
0.4,0.45,0.2 517.461
0.4,0.45,0.25 282.953
0.4,0.45,0.3 256.749
0.4,0.45,0.35 414.069
0.4,0.45,0.4 447.32
0.4,0.45,0.45 77.963
0.4,0.5,0 1.30294e-09
0.4,0.5,0.05 63.6519
0.4,0.5,0.1 329.583
0.4,0.5,0.15 472.952
0.4,0.5,0.2 641.638
0.4,0.5,0.25 587.225
0.4,0.5,0.3 411.228
0.4,0.5,0.35 677.801
0.4,0.5,0.4 353.338
0.4,0.5,0.45 44.3938
0.4,0.55,0 1.12696e-08
0.4,0.55,0.05 44.7787
0.4,0.55,0.1 246.312
0.4,0.55,0.15 376.78
0.4,0.55,0.2 434.139
0.4,0.55,0.25 341.671
0.4,0.55,0.3 124.24
0.4,0.55,0.35 205.493
0.4,0.55,0.4 91.1929
0.4,0.55,0.45 6.39302
0.4,0.6,0 6.01517e-08
0.4,0.6,0.05 147.364
0.4,0.6,0.1 612.098
0.4,0.6,0.15 378.757
0.4,0.6,0.2 599.436
0.4,0.6,0.25 410.187
0.4,0.6,0.3 278.813
0.4,0.6,0.35 238.054
0.4,0.6,0.4 145.78
0.4,0.6,0.45 5.4102
0.4,0.65,0 2.32439e-08
0.4,0.65,0.05 72.067
0.4,0.65,0.1 300.97
0.4,0.65,0.15 231.07
0.4,0.65,0.2 462.816
0.4,0.65,0.25 420.283
0.4,0.65,0.3 360.927
0.4,0.65,0.35 266.639
0.4,0.65,0.4 97.3942
0.4,0.65,0.45 2.34173
0.4,0.7,0 2.16872e-10
0.4,0.7,0.05 17.1986
0.4,0.7,0.1 69.0057
0.4,0.7,0.15 23.4231
0.4,0.7,0.2 49.7062
0.4,0.7,0.25 217.112
0.4,0.7,0.3 413.333
0.4,0.7,0.35 359.739
0.4,0.7,0.4 25.3132
0.4,0.7,0.45 0.0135651
0.4,0.75,0 2.05596e-07
0.4,0.75,0.05 21.9332
0.4,0.75,0.1 87.1903
0.4,0.75,0.15 21.6693
0.4,0.75,0.2 9.58824
0.4,0.75,0.25 145.053
0.4,0.75,0.3 223.663
0.4,0.75,0.35 119.859
0.4,0.75,0.4 6.78794
0.4,0.8,0 6.64996e-07
0.4,0.8,0.05 68.5247
0.4,0.8,0.1 272.347
0.4,0.8,0.15 67.6525
0.4,0.8,0.2 1.57279
0.4,0.8,0.25 23.2345
0.4,0.8,0.3 19.0174
0.4,0.8,0.35 0.996059
0.4,0.8,0.4 0.0024859
0.4,0.85,0 1.34204e-07
0.4,0.85,0.05 13.8291
0.4,0.85,0.1 54.9628
0.4,0.85,0.15 13.6529
0.45,0.05,0.2 0.032358
0.45,0.05,0.25 0.695304
0.45,0.05,0.3 6.37914
0.45,0.05,0.35 4.60748
0.45,0.05,0.4 0.106669
0.45,0.1,0.05 9.31113
0.45,0.1,0.1 80.3065
0.45,0.1,0.15 62.5482
0.45,0.1,0.2 30.7475
0.45,0.1,0.25 48.4954
0.45,0.1,0.3 165.886
0.45,0.1,0.35 110.099
0.45,0.1,0.4 2.54502
0.45,0.15,0 1.27553e-12
