0.65,0.35,0.25 80.0941
0.65,0.35,0.3 51.7838
0.65,0.35,0.35 21.5098
0.65,0.35,0.4 0.0937872
0.65,0.4,0 1.16583e-10
0.65,0.4,0.05 66.8763
0.65,0.4,0.1 404.888
0.65,0.4,0.15 260.597
0.65,0.4,0.2 45.3092
0.65,0.4,0.25 7.43829
0.65,0.4,0.3 0.169588
0.65,0.4,0.35 0.0256848
0.65,0.4,0.4 0.000111992
0.65,0.45,0 4.98231e-10
0.65,0.45,0.05 162.062
0.65,0.45,0.1 649.647
0.65,0.45,0.15 205.484
0.65,0.45,0.2 227.853
0.65,0.45,0.25 146.574
0.65,0.45,0.3 5.81793
0.65,0.5,0 4.81819e-10
0.65,0.5,0.05 93.5235
0.65,0.5,0.1 374.732
0.65,0.5,0.15 135.837
0.65,0.5,0.2 470.61
0.65,0.5,0.25 386.537
0.65,0.5,0.3 15.5533
0.65,0.5,0.35 0.0233266
0.65,0.55,0 8.64303e-11
0.65,0.55,0.05 43.737
0.65,0.55,0.1 177.868
0.65,0.55,0.15 237.608
0.65,0.55,0.2 634.569
0.65,0.55,0.25 276.53
0.65,0.55,0.3 14.6249
0.65,0.55,0.35 0.13733
0.65,0.6,0 1.9105e-11
0.65,0.6,0.05 33.7628
0.65,0.6,0.1 141.109
0.65,0.6,0.15 340.746
0.65,0.6,0.2 647.935
0.65,0.6,0.25 152.667
0.65,0.6,0.3 5.2221
0.65,0.6,0.35 0.0500877
0.65,0.65,0 4.68251e-12
0.65,0.65,0.05 14.5622
0.65,0.65,0.1 101.968
0.65,0.65,0.15 272.422
0.65,0.65,0.2 476.737
0.65,0.65,0.25 170.302
0.65,0.65,0.3 2.61294
0.65,0.65,0.35 7.30539e-05
0.65,0.7,0 5.17498e-12
0.65,0.7,0.05 12.1758
0.65,0.7,0.1 172.995
0.65,0.7,0.15 521.696
0.65,0.7,0.2 398.393
0.65,0.7,0.25 208.654
0.65,0.7,0.3 8.83074
0.65,0.75,0 3.29772e-10
0.65,0.75,0.05 26.6414
0.65,0.75,0.1 204.664
0.65,0.75,0.15 480.019
0.65,0.75,0.2 279.979
0.65,0.75,0.25 153.921
0.65,0.75,0.3 7.3765
0.65,0.8,0 7.41904e-10
0.65,0.8,0.05 73.1771
0.65,0.8,0.1 347.762
0.65,0.8,0.15 352.344
0.65,0.8,0.2 93.1253
0.65,0.8,0.25 4.99097
0.65,0.8,0.3 0.237815
0.65,0.85,0 1.7205e-10
0.65,0.85,0.05 77.8794
0.65,0.85,0.1 313.442
0.65,0.85,0.15 88.1617
0.65,0.85,0.2 3.286
0.65,0.85,0.25 0.00137125
0.65,0.9,0 1.99767e-11
0.65,0.9,0.05 18.789
0.65,0.9,0.1 75.1345
0.65,0.9,0.15 18.7783
0.65,0.95,0 1.57188e-16
0.65,0.95,0.05 0.000184117
0.65,0.95,0.1 0.000736258
0.65,0.95,0.15 0.000184012
0.7,0.1,0.1 0.0733603
0.7,0.1,0.15 2.70695
0.7,0.1,0.2 3.43481
0.7,0.1,0.25 0.221524
0.7,0.15,0 6.71344e-13
0.7,0.15,0.05 0.0406972
0.7,0.15,0.1 30.0762
0.7,0.15,0.15 121.936
0.7,0.15,0.2 56.9893
0.7,0.15,0.25 2.66792
0.7,0.15,0.3 0.33782
0.7,0.15,0.35 0.0523686
0.7,0.2,0 2.04429e-11
0.7,0.2,0.05 0.921384
0.7,0.2,0.1 156.9
0.7,0.2,0.15 491.629
0.7,0.2,0.2 115.47
0.7,0.2,0.25 5.60481
0.7,0.2,0.3 10.0502
0.7,0.2,0.35 1.55798
0.7,0.25,0 2.36813e-11
0.7,0.25,0.05 1.16474
0.7,0.25,0.1 183.735
0.7,0.25,0.15 529.063
0.7,0.25,0.2 114.837
0.7,0.25,0.25 16.5023
0.7,0.25,0.3 11.7926
0.7,0.25,0.35 1.79869
0.7,0.25,0.4 6.37776e-05
0.7,0.3,0 1.78034e-11
0.7,0.3,0.05 0.592194
0.7,0.3,0.1 60.0949
0.7,0.3,0.15 170.66
0.7,0.3,0.2 102.244
0.7,0.3,0.25 44.2783
0.7,0.3,0.3 1.74072
0.7,0.3,0.35 0.181565
0.7,0.3,0.4 0.000365033
0.7,0.35,0 1.40836e-09
0.7,0.35,0.05 46.586
0.7,0.35,0.1 216.018
0.7,0.35,0.15 135.711
0.7,0.35,0.2 48.4502
0.7,0.35,0.25 10.4952
0.7,0.35,0.3 0.278232
0.7,0.35,0.35 0.0297341
0.7,0.35,0.4 0.000129648
0.7,0.4,0 2.49374e-09
0.7,0.4,0.05 155.725
0.7,0.4,0.1 648.746
0.7,0.4,0.15 272.988
0.7,0.4,0.2 49.9969
0.7,0.4,0.25 0.558186
0.7,0.4,0.3 0.0043368
0.7,0.4,0.35 3.55058e-05
0.7,0.4,0.4 1.54814e-07
0.7,0.45,0 4.87843e-10
0.7,0.45,0.05 100.47
0.7,0.45,0.1 464.114
0.7,0.45,0.15 325.912
0.7,0.45,0.2 90.5242
0.7,0.45,0.25 18.8206
0.7,0.45,0.3 0.647387
0.7,0.5,0 4.29987e-10
0.7,0.5,0.05 103.614
0.7,0.5,0.1 471.297
0.7,0.5,0.15 426.769
0.7,0.5,0.2 354.398
0.7,0.5,0.25 104.932
0.7,0.5,0.3 2.11112
0.7,0.55,0 1.09361e-10
0.7,0.55,0.05 86.7904
0.7,0.55,0.1 374.973
0.7,0.55,0.15 425.449
0.7,0.55,0.2 604.869
0.7,0.55,0.25 145.892
0.7,0.55,0.3 1.44814
0.7,0.6,0 3.93614e-11
0.7,0.6,0.05 68.8859
0.7,0.6,0.1 277.732
0.7,0.6,0.15 269.98
0.7,0.6,0.2 473.694
0.7,0.6,0.25 76.3168
0.7,0.6,0.3 0.140742
0.7,0.65,0 1.6194e-12
0.7,0.65,0.05 2.83408
0.7,0.65,0.1 14.1961
0.7,0.65,0.15 159.491
0.7,0.65,0.2 404.688
0.7,0.65,0.25 76.7942
0.7,0.65,0.3 0.484778
0.7,0.7,0 3.08274e-14
0.7,0.7,0.05 0.00239233
0.7,0.7,0.1 14.3665
0.7,0.7,0.15 132.77
0.7,0.7,0.2 338.652
0.7,0.7,0.25 190.976
0.7,0.7,0.3 7.81755
0.7,0.75,0 6.0956e-12
0.7,0.75,0.05 0.473042
0.7,0.75,0.1 27.8386
0.7,0.75,0.15 136.242
0.7,0.75,0.2 173.316
0.7,0.75,0.25 139.402
0.7,0.75,0.3 6.68449
0.7,0.8,0 2.01839e-09
0.7,0.8,0.05 11.2981
0.7,0.8,0.1 65.1758
0.7,0.8,0.15 113.723
0.7,0.8,0.2 36.7749
0.7,0.8,0.25 4.50321
0.7,0.8,0.3 0.215518
0.7,0.85,0 8.01202e-09
0.7,0.85,0.05 41.2806
0.7,0.85,0.1 165.591
0.7,0.85,0.15 44.9484
0.7,0.85,0.2 1.21053
0.7,0.85,0.25 0.000505155
0.7,0.9,0 2.00013e-09
0.7,0.9,0.05 10.3149
0.7,0.9,0.1 41.1903
0.7,0.9,0.15 10.2803
0.7,0.95,0 5.43256e-18
0.7,0.95,0.05 6.36324e-06
0.7,0.95,0.1 2.54457e-05
0.7,0.95,0.15 6.35962e-06
0.75,0.15,0.05 0.0075161
0.75,0.15,0.1 16.6017
0.75,0.15,0.15 51.8366
0.75,0.15,0.2 10.0891
0.75,0.2,0.05 0.0368367
0.75,0.2,0.1 74.8127
0.75,0.2,0.15 232.177
0.75,0.2,0.2 44.921
0.75,0.25,0.05 0.0331865
0.75,0.25,0.1 46.9089
0.75,0.25,0.15 140.765
0.75,0.25,0.2 26.317
0.75,0.3,0 3.40857e-11
0.75,0.3,0.05 0.587195
0.75,0.3,0.1 10.0179
0.75,0.3,0.15 24.4194
0.75,0.3,0.2 5.02857
0.75,0.3,0.25 0.0106687
0.75,0.35,0 2.9129e-09
0.75,0.35,0.05 55.4613
0.75,0.35,0.1 241.205
0.75,0.35,0.15 240.642
0.75,0.35,0.2 102.137
0.75,0.35,0.25 1.06724
0.75,0.4,0 5.10059e-09
0.75,0.4,0.05 114.585
0.75,0.4,0.1 504.427
0.75,0.4,0.15 489.524
0.75,0.4,0.2 194.888
0.75,0.4,0.25 1.96217
0.75,0.45,0 5.3345e-10
0.75,0.45,0.05 21.2024
0.75,0.45,0.1 189.249
0.75,0.45,0.15 419.351
0.75,0.45,0.2 152.969
0.75,0.45,0.25 9.48456
0.75,0.45,0.3 3.75096e-05
0.75,0.5,0 4.97858e-11
0.75,0.5,0.05 12.185
0.75,0.5,0.1 149.104
0.75,0.5,0.15 597.837
0.75,0.5,0.2 497.068
0.75,0.5,0.25 55.7012
0.75,0.5,0.3 0.00243216
0.75,0.55,0 1.50571e-11
0.75,0.55,0.05 20.6685
0.75,0.55,0.1 135.475
0.75,0.55,0.15 403.817
0.75,0.55,0.2 329.204
0.75,0.55,0.25 35.1596
0.75,0.55,0.3 0.00387814
0.75,0.6,0 6.74582e-12
0.75,0.6,0.05 28.567
0.75,0.6,0.1 117.218
0.75,0.6,0.15 83.9431
0.75,0.6,0.2 106.681
0.75,0.6,0.25 16.0382
0.75,0.6,0.3 0.00034659
0.75,0.65,0 4.06947e-13
0.75,0.65,0.05 11.6588
0.75,0.65,0.1 46.6631
0.75,0.65,0.15 31.9184
0.75,0.65,0.2 55.4052
0.75,0.65,0.25 9.6172
0.75,0.65,0.3 0.0160247
0.75,0.7,0 6.07228e-15
0.75,0.7,0.05 0.506462
0.75,0.7,0.1 2.03991
0.75,0.7,0.15 9.14107
0.75,0.7,0.2 28.5631
0.75,0.7,0.25 9.78244
0.75,0.7,0.3 0.282588
0.75,0.75,0 2.65197e-11
0.75,0.75,0.05 0.114227
0.75,0.75,0.1 0.490285
0.75,0.75,0.15 0.515625
0.75,0.75,0.2 4.92832
0.75,0.75,0.25 5.05504
0.75,0.75,0.3 0.241748
0.75,0.8,0 6.47176e-09
0.75,0.8,0.05 30.6451
0.75,0.8,0.1 122.393
0.75,0.8,0.15 30.702
0.75,0.8,0.2 0.204459
0.75,0.8,0.25 0.162392
0.75,0.8,0.3 0.00779434
0.75,0.85,0 2.26947e-08
0.75,0.85,0.05 108.816
0.75,0.85,0.1 434.492
0.75,0.85,0.15 108.435
0.75,0.85,0.2 0.00189633
0.75,0.85,0.25 7.91337e-07
0.75,0.9,0 5.3693e-09
0.75,0.9,0.05 25.8896
0.75,0.9,0.1 103.375
0.75,0.9,0.15 25.7978
0.8,0.05,0 1.96048e-11
0.8,0.05,0.05 1.15495
0.8,0.05,0.1 4.61623
0.8,0.05,0.15 1.15317
0.8,0.1,0 2.31151e-10
0.8,0.1,0.05 13.6174
0.8,0.1,0.1 54.4276
0.8,0.1,0.15 13.5964
0.8,0.15,0 1.50684e-10
0.8,0.15,0.05 8.87712
0.8,0.15,0.1 35.6738
0.8,0.15,0.15 9.4662
0.8,0.15,0.2 0.117335
0.8,0.2,0 2.58221e-12
0.8,0.2,0.05 0.152476
0.8,0.2,0.1 1.39204
0.8,0.2,0.15 2.59989
0.8,0.2,0.2 0.47646
0.8,0.25,0.05 9.00838e-05
0.8,0.25,0.1 0.198979
0.8,0.25,0.15 0.621284
0.8,0.25,0.2 0.120922
0.8,0.3,0 4.2229e-12
0.8,0.3,0.05 0.0719545
0.8,0.3,0.1 0.33914
0.8,0.3,0.15 0.560883
0.8,0.3,0.2 0.269611
0.8,0.3,0.25 0.00281719
0.8,0.35,0 3.63699e-10
0.8,0.35,0.05 6.32712
0.8,0.35,0.1 30.4468
0.8,0.35,0.15 55.2393
0.8,0.35,0.2 26.9705
0.8,0.35,0.25 0.281818
0.8,0.4,0 7.05937e-10
0.8,0.4,0.05 15.4457
0.8,0.4,0.1 72.1834
0.8,0.4,0.15 108.557
0.8,0.4,0.2 50.2445
0.8,0.4,0.25 0.518135
0.8,0.45,0 1.44512e-10
0.8,0.45,0.05 6.37444
0.8,0.45,0.1 35.849
0.8,0.45,0.15 50.7127
0.8,0.45,0.2 20.1668
0.8,0.45,0.25 1.28323
0.8,0.5,0 6.44924e-12
0.8,0.5,0.05 3.76754
0.8,0.5,0.1 25.3537
0.8,0.5,0.15 69.3092
0.8,0.5,0.2 62.1843
0.8,0.5,0.25 7.27051
0.8,0.55,0 1.29552e-11
0.8,0.55,0.05 73.7106
0.8,0.55,0.1 300.804
0.8,0.55,0.15 114.241
0.8,0.55,0.2 29.3729
0.8,0.55,0.25 2.67935
0.8,0.6,0 1.35796e-11
0.8,0.6,0.05 141.422
0.8,0.6,0.1 565.952
0.8,0.6,0.15 143.247
0.8,0.6,0.2 0.709792
0.8,0.6,0.25 0.0127848
0.8,0.65,0 1.51337e-12
0.8,0.65,0.05 76.9784
0.8,0.65,0.1 307.891
0.8,0.65,0.15 76.9683
0.8,0.65,0.2 0.00227595
0.8,0.65,0.25 0.000358808
0.8,0.7,0 2.27173e-13
0.8,0.7,0.05 4.71673
0.8,0.7,0.1 18.8652
0.8,0.7,0.15 4.71587
0.8,0.75,0 2.78316e-10
0.8,0.75,0.05 1.40664
0.8,0.75,0.1 5.61753
0.8,0.75,0.15 1.40214
0.8,0.8,0 1.35993e-08
0.8,0.8,0.05 59.6748
0.8,0.8,0.1 238.267
0.8,0.8,0.15 59.4967
0.8,0.8,0.2 0.0241406
0.8,0.8,0.25 0.000346404
0.8,0.85,0 2.1173e-08
0.8,0.85,0.05 93.7068
0.8,0.85,0.1 374.175
0.8,0.85,0.15 93.6899
0.8,0.85,0.2 0.19815
0.8,0.85,0.25 0.00284333
0.8,0.9,0 2.16719e-09
0.8,0.9,0.05 9.81897
0.8,0.9,0.1 39.2195
0.8,0.9,0.15 9.94241
0.8,0.9,0.2 0.0971679
0.8,0.9,0.25 0.0013943
0.8,0.95,0.1 0.000101142
0.8,0.95,0.15 0.001094
0.8,0.95,0.2 0.000668819
0.8,0.95,0.25 9.59717e-06
0.85,0.05,0 1.24806e-10
0.85,0.05,0.05 7.35247
0.85,0.05,0.1 29.3872
0.85,0.05,0.15 7.34114
0.85,0.1,0 1.47152e-09
0.85,0.1,0.05 86.6892
0.85,0.1,0.1 346.489
0.85,0.1,0.15 86.5556
0.85,0.15,0 9.59267e-10
0.85,0.15,0.05 56.5117
0.85,0.15,0.1 225.873
0.85,0.15,0.15 56.4246
0.85,0.2,0 1.64385e-11
0.85,0.2,0.05 0.968414
0.85,0.2,0.1 3.87067
0.85,0.2,0.15 0.966922
0.85,0.3,0.1 2.97367e-07
0.85,0.3,0.15 2.81549e-06
0.85,0.3,0.2 1.55202e-06
0.85,0.3,0.25 1.62172e-08
0.85,0.35,0 3.65426e-11
0.85,0.35,0.05 2.30804
0.85,0.35,0.1 9.22524
0.85,0.35,0.15 2.30485
0.85,0.35,0.2 0.000155256
0.85,0.35,0.25 1.62229e-06
0.85,0.4,0 9.61377e-10
0.85,0.4,0.05 60.9786
0.85,0.4,0.1 243.731
0.85,0.4,0.15 60.8875
0.85,0.4,0.2 0.000285445
0.85,0.4,0.25 2.98265e-06
0.85,0.45,0 1.15179e-09
0.85,0.45,0.05 92.0402
0.85,0.45,0.1 367.911
0.85,0.45,0.15 91.9155
0.85,0.45,0.2 3.06571e-05
0.85,0.45,0.25 3.2034e-07
0.85,0.5,0 2.53362e-10
0.85,0.5,0.05 49.7191
0.85,0.5,0.1 198.777
0.85,0.5,0.15 49.6692
0.85,0.55,0 2.50876e-11
0.85,0.55,0.05 37.5337
0.85,0.55,0.1 150.104
0.85,0.55,0.15 37.5184
0.85,0.6,0 6.1264e-12
0.85,0.6,0.05 61.2836
0.85,0.6,0.1 245.105
0.85,0.6,0.15 61.2689
0.85,0.65,0 4.26584e-12
0.85,0.65,0.05 57.2783
0.85,0.65,0.1 229.088
0.85,0.65,0.15 57.2658
0.85,0.7,0 8.47068e-12
0.85,0.7,0.05 60.7193
0.85,0.7,0.1 242.84
0.85,0.7,0.15 60.7005
0.85,0.75,0 1.79695e-10
0.85,0.75,0.05 10.525
0.85,0.75,0.1 42.0858
0.85,0.75,0.15 10.5179
0.85,0.8,0 7.95205e-09
0.85,0.8,0.05 72.5733
0.85,0.8,0.1 291.416
0.85,0.8,0.15 88.2245
0.85,0.8,0.2 9.67212
0.85,0.8,0.25 0.138789
0.85,0.85,0 1.09868e-08
0.85,0.85,0.05 89.5657
0.85,0.85,0.1 369.824
0.85,0.85,0.15 219.203
0.85,0.85,0.2 79.3901
0.85,0.85,0.25 1.1392
0.85,0.9,0 8.06315e-10
0.85,0.9,0.05 5.64828
0.85,0.9,0.1 28.4499
0.85,0.9,0.15 69.3132
0.85,0.9,0.2 38.9311
0.85,0.9,0.25 0.558638
0.85,0.95,0.1 0.0405234
0.85,0.95,0.15 0.438319
0.85,0.95,0.2 0.267968
0.85,0.95,0.25 0.00384518
0.9,0.05,0 4.89436e-11
0.9,0.05,0.05 2.88334
0.9,0.05,0.1 11.5245
0.9,0.05,0.15 2.87889
0.9,0.1,0 5.77069e-10
0.9,0.1,0.05 33.9959
0.9,0.1,0.1 135.879
0.9,0.1,0.15 33.9435
0.9,0.15,0 3.76185e-10
0.9,0.15,0.05 22.1616
0.9,0.15,0.1 88.578
0.9,0.15,0.15 22.1274
0.9,0.2,0 6.4465e-12
0.9,0.2,0.05 0.379772
0.9,0.2,0.1 1.51792
0.9,0.2,0.15 0.379187
0.9,0.35,0 2.55068e-11
0.9,0.35,0.05 1.61102
0.9,0.35,0.1 6.43922
0.9,0.35,0.15 1.60859
0.9,0.4,0 6.72902e-10
0.9,0.4,0.05 42.978
0.9,0.4,0.1 171.783
0.9,0.4,0.15 42.9136
0.9,0.45,0 9.43128e-10
0.9,0.45,0.05 95.2858
0.9,0.45,0.1 380.907
0.9,0.45,0.15 95.168
0.9,0.5,0 4.09966e-10
0.9,0.5,0.05 85.7718
0.9,0.5,0.1 342.915
0.9,0.5,0.15 85.6858
0.9,0.55,0 3.57798e-11
0.9,0.55,0.05 8.13557
0.9,0.55,0.1 32.5264
0.9,0.55,0.15 8.12763
0.9,0.6,0 4.9626e-14
0.9,0.6,0.05 0.390584
0.9,0.6,0.1 1.56212
0.9,0.6,0.15 0.390474
0.9,0.65,0 5.07433e-12
0.9,0.65,0.05 35.6869
0.9,0.65,0.1 142.725
0.9,0.65,0.15 35.6757
0.9,0.7,0 1.17393e-11
0.9,0.7,0.05 82.3675
0.9,0.7,0.1 329.418
0.9,0.7,0.15 82.3416
0.9,0.75,0 2.30819e-11
0.9,0.75,0.05 13.8493
0.9,0.75,0.1 55.3843
0.9,0.75,0.15 13.8429
0.9,0.8,0 6.31785e-10
0.9,0.8,0.05 61.7132
0.9,0.8,0.1 250.391
0.9,0.8,0.15 101.578
0.9,0.8,0.2 24.4183
0.9,0.8,0.25 0.350388
0.9,0.85,0 7.26178e-10
0.9,0.85,0.05 68.1559
0.9,0.85,0.1 302.762
0.9,0.85,0.15 395.915
0.9,0.85,0.2 200.429
0.9,0.85,0.25 2.87603
0.9,0.9,0 4.0616e-11
0.9,0.9,0.05 3.52351
0.9,0.9,0.1 28.9484
0.9,0.9,0.15 164.286
0.9,0.9,0.2 98.2855
0.9,0.9,0.25 1.41034
0.9,0.95,0.1 0.102306
0.9,0.95,0.15 1.10658
0.9,0.95,0.2 0.676512
0.9,0.95,0.25 0.00970756
0.95,0.05,0 1.15116e-13
0.95,0.05,0.05 0.00678165
0.95,0.05,0.1 0.0271057
0.95,0.05,0.15 0.0067712
0.95,0.1,0 1.35728e-12
0.95,0.1,0.05 0.079959
0.95,0.1,0.1 0.319589
0.95,0.1,0.15 0.0798357
0.95,0.15,0 8.84793e-13
0.95,0.15,0.05 0.0521244
0.95,0.15,0.1 0.208337
0.95,0.15,0.15 0.052044
0.95,0.2,0 1.51623e-14
0.95,0.2,0.05 0.000893231
0.95,0.2,0.1 0.00357017
0.95,0.2,0.15 0.000891854
0.95,0.35,0 5.20935e-13
0.95,0.35,0.05 0.0329024
0.95,0.35,0.1 0.131511
0.95,0.35,0.15 0.0328529
0.95,0.4,0 1.40054e-11
0.95,0.4,0.05 0.936285
0.95,0.4,0.1 3.74239
0.95,0.4,0.15 0.934912
0.95,0.45,0 3.8901e-11
0.95,0.45,0.05 6.32636
0.95,0.45,0.1 25.2919
0.95,0.45,0.15 6.31962
0.95,0.5,0 4.1293e-11
0.95,0.5,0.05 9.09407
0.95,0.5,0.1 36.3582
0.95,0.5,0.15 9.08505
0.95,0.55,0 3.87302e-12
0.95,0.55,0.05 0.863833
0.95,0.55,0.1 3.45362
0.95,0.55,0.15 0.862979
0.95,0.6,0 1.48447e-15
0.95,0.6,0.05 0.0104151
0.95,0.6,0.1 0.041654
0.95,0.6,0.15 0.0104119
0.95,0.65,0 3.7401e-13
0.95,0.65,0.05 2.62407
0.95,0.65,0.1 10.4946
0.95,0.65,0.15 2.62325
0.95,0.7,0 8.6566e-13
0.95,0.7,0.05 6.07352
0.95,0.7,0.1 24.2903
0.95,0.7,0.15 6.07161
0.95,0.75,0 1.75853e-12
0.95,0.75,0.05 1.04604
0.95,0.75,0.1 4.18317
0.95,0.75,0.15 1.04554
0.95,0.8,0 4.51572e-11
0.95,0.8,0.05 5.22184
0.95,0.8,0.1 21.4483
0.95,0.8,0.15 11.4213
0.95,0.8,0.2 3.794
0.95,0.8,0.25 0.0544417
0.95,0.85,0 4.97777e-11
0.95,0.85,0.05 5.75614
0.95,0.85,0.1 27.7198
0.95,0.85,0.15 56.688
0.95,0.85,0.2 31.1417
0.95,0.85,0.25 0.446865
0.95,0.9,0 2.56326e-12
0.95,0.9,0.05 0.296408
0.95,0.9,0.1 3.49428
0.95,0.9,0.15 25.2753
0.95,0.9,0.2 15.2711
0.95,0.9,0.25 0.219132
0.95,0.95,0.1 0.0158958
0.95,0.95,0.15 0.171936
0.95,0.95,0.2 0.105113
0.95,0.95,0.25 0.00150831
