0.25,0.25,0.25 164.156
0.25,0.25,0.3 427.185
0.25,0.25,0.35 741.901
0.25,0.25,0.4 195.376
0.25,0.25,0.45 2.76318
0.25,0.3,0 5.42936e-13
0.25,0.3,0.05 37.3706
0.25,0.3,0.1 173.135
0.25,0.3,0.15 195.389
0.25,0.3,0.2 488.134
0.25,0.3,0.25 292.539
0.25,0.3,0.3 186.202
0.25,0.3,0.35 269.296
0.25,0.3,0.4 156.376
0.25,0.3,0.45 7.06496
0.25,0.35,0 1.13969e-11
0.25,0.35,0.05 70.0003
0.25,0.35,0.1 338.828
0.25,0.35,0.15 447.284
0.25,0.35,0.2 232.829
0.25,0.35,0.25 73.4837
0.25,0.35,0.3 39.4045
0.25,0.35,0.35 56.29
0.25,0.35,0.4 61.03
0.25,0.35,0.45 3.24347
0.25,0.4,0 1.28068e-11
0.25,0.4,0.05 98.3501
0.25,0.4,0.1 438.757
0.25,0.4,0.15 458.083
0.25,0.4,0.2 224.344
0.25,0.4,0.25 90.9468
0.25,0.4,0.3 22.1632
0.25,0.4,0.35 1.58304
0.25,0.4,0.4 3.109
0.25,0.4,0.45 0.713063
0.25,0.4,0.5 0.000268257
0.25,0.45,0 7.04414e-12
0.25,0.45,0.05 129.82
0.25,0.45,0.1 622.973
0.25,0.45,0.15 475.818
0.25,0.45,0.2 275.659
0.25,0.45,0.25 407.031
0.25,0.45,0.3 330.5
0.25,0.45,0.35 178.657
0.25,0.45,0.4 231.306
0.25,0.45,0.45 64.1194
0.25,0.45,0.5 0.268339
0.25,0.5,0 1.66714e-12
0.25,0.5,0.05 105.413
0.25,0.5,0.1 718.099
0.25,0.5,0.15 512.13
0.25,0.5,0.2 285.077
0.25,0.5,0.25 248.425
0.25,0.5,0.3 704.846
0.25,0.5,0.35 584.441
0.25,0.5,0.4 572.07
0.25,0.5,0.45 186.509
0.25,0.5,0.5 1.44615
0.25,0.55,0 2.03016e-09
0.25,0.55,0.05 41.218
0.25,0.55,0.1 330.327
0.25,0.55,0.15 389.78
0.25,0.55,0.2 334.347
0.25,0.55,0.25 181.458
0.25,0.55,0.3 527.877
0.25,0.55,0.35 691.185
0.25,0.55,0.4 624.71
0.25,0.55,0.45 187.969
0.25,0.55,0.5 0.786901
0.25,0.6,0 1.7001e-08
0.25,0.6,0.05 5.02791
0.25,0.6,0.1 46.5463
0.25,0.6,0.15 366.078
0.25,0.6,0.2 614.538
0.25,0.6,0.25 557.493
0.25,0.6,0.3 505.165
0.25,0.6,0.35 450.672
0.25,0.6,0.4 335.695
0.25,0.6,0.45 62.7852
0.25,0.6,0.5 0.0939686
0.25,0.65,0 9.29816e-09
0.25,0.65,0.05 53.1405
0.25,0.65,0.1 270.749
0.25,0.65,0.15 356.577
0.25,0.65,0.2 379.848
0.25,0.65,0.25 306.198
0.25,0.65,0.3 315.693
0.25,0.65,0.35 380.729
0.25,0.65,0.4 154.115
0.25,0.65,0.45 7.25703
0.25,0.65,0.5 0.000320586
0.25,0.7,0 1.55522e-09
0.25,0.7,0.05 87.2317
0.25,0.7,0.1 385.18
0.25,0.7,0.15 429.61
0.25,0.7,0.2 535.903
0.25,0.7,0.25 422.737
0.25,0.7,0.3 324.058
0.25,0.7,0.35 262.716
0.25,0.7,0.4 39.2516
0.25,0.7,0.45 0.0663516
0.25,0.7,0.5 7.7938e-08
0.25,0.75,0 1.56549e-10
0.25,0.75,0.05 8.94992
0.25,0.75,0.1 43.7575
0.25,0.75,0.15 175.71
0.25,0.75,0.2 566.77
0.25,0.75,0.25 573.742
0.25,0.75,0.3 350.65
0.25,0.75,0.35 252.052
0.25,0.75,0.4 18.9468
0.25,0.75,0.45 0.000251055
0.25,0.8,0.1 0.20317
0.25,0.8,0.15 6.31908
0.25,0.8,0.2 68.576
0.25,0.8,0.25 90.9846
0.25,0.8,0.3 62.607
0.25,0.8,0.35 57.5359
0.25,0.8,0.4 4.08495
0.25,0.85,0.15 0.000292069
0.25,0.85,0.2 0.0106344
0.25,0.85,0.25 0.0134165
0.25,0.85,0.3 0.000861498
0.25,0.85,0.35 1.62893e-07
0.3,0.05,0 3.73392e-15
0.3,0.05,0.05 7.58951e-05
0.3,0.05,0.1 0.000381683
0.3,0.05,0.15 2.91217
0.3,0.05,0.2 32.974
0.3,0.05,0.25 41.7471
0.3,0.05,0.3 52.9234
0.3,0.05,0.35 8.84306
0.3,0.05,0.4 0.0839558
0.3,0.1,0 2.52885e-12
0.3,0.1,0.05 0.0514011
0.3,0.1,0.1 11.3689
0.3,0.1,0.15 93.3656
0.3,0.1,0.2 317.235
0.3,0.1,0.25 344.623
0.3,0.1,0.3 403.824
0.3,0.1,0.35 87.2265
0.3,0.1,0.4 2.58105
0.3,0.15,0 6.92181e-12
0.3,0.15,0.05 6.96031
0.3,0.15,0.1 77.1312
0.3,0.15,0.15 343.051
0.3,0.15,0.2 448.143
0.3,0.15,0.25 412.673
0.3,0.15,0.3 402.624
0.3,0.15,0.35 317.696
0.3,0.15,0.4 31.7263
0.3,0.15,0.45 0.183728
0.3,0.2,0 7.69276e-12
0.3,0.2,0.05 60.6422
0.3,0.2,0.1 338.891
0.3,0.2,0.15 387.542
0.3,0.2,0.2 582.92
0.3,0.2,0.25 393.386
0.3,0.2,0.3 504.902
0.3,0.2,0.35 599.622
0.3,0.2,0.4 191.935
0.3,0.2,0.45 3.52856
0.3,0.25,0 1.7309e-08
0.3,0.25,0.05 58.2459
0.3,0.25,0.1 447.603
0.3,0.25,0.15 361.633
0.3,0.25,0.2 393.291
0.3,0.25,0.25 213.01
0.3,0.25,0.3 480.886
0.3,0.25,0.35 603.548
0.3,0.25,0.4 216.106
0.3,0.25,0.45 5.1185
0.3,0.3,0 5.49025e-08
0.3,0.3,0.05 25.6152
0.3,0.3,0.1 174.52
0.3,0.3,0.15 260.857
0.3,0.3,0.2 455.298
0.3,0.3,0.25 466.015
0.3,0.3,0.3 518.237
0.3,0.3,0.35 497.029
0.3,0.3,0.4 302.125
0.3,0.3,0.45 15.0064
0.3,0.35,0 1.12906e-08
0.3,0.35,0.05 29.9936
0.3,0.35,0.1 174.498
0.3,0.35,0.15 614.909
0.3,0.35,0.2 557.423
0.3,0.35,0.25 200.138
0.3,0.35,0.3 161.652
0.3,0.35,0.35 146.64
0.3,0.35,0.4 130.045
0.3,0.35,0.45 6.90277
0.3,0.35,0.5 2.25551e-06
0.3,0.4,0 9.08535e-10
0.3,0.4,0.05 102
0.3,0.4,0.1 468.07
0.3,0.4,0.15 720.947
0.3,0.4,0.2 508.798
0.3,0.4,0.25 94.6752
0.3,0.4,0.3 17.6699
0.3,0.4,0.35 1.44604
0.3,0.4,0.4 2.99768
0.3,0.4,0.45 1.17562
0.3,0.4,0.5 0.0143612
0.3,0.45,0 2.9292e-10
0.3,0.45,0.05 66.727
0.3,0.45,0.1 344.671
0.3,0.45,0.15 593.576
0.3,0.45,0.2 548.939
0.3,0.45,0.25 376.533
0.3,0.45,0.3 259.197
0.3,0.45,0.35 192.979
0.3,0.45,0.4 49.7962
0.3,0.45,0.45 9.96345
0.3,0.45,0.5 0.048442
0.3,0.5,0 1.99207e-10
0.3,0.5,0.05 59.0836
0.3,0.5,0.1 458.969
0.3,0.5,0.15 322.834
0.3,0.5,0.2 208.953
0.3,0.5,0.25 278.356
0.3,0.5,0.3 698.999
0.3,0.5,0.35 650.238
0.3,0.5,0.4 113.082
0.3,0.5,0.45 18.0928
0.3,0.5,0.5 0.0251273
0.3,0.55,0 6.16108e-08
0.3,0.55,0.05 38.1359
0.3,0.55,0.1 307.877
0.3,0.55,0.15 239.531
0.3,0.55,0.2 308.125
0.3,0.55,0.25 171.158
0.3,0.55,0.3 541.546
0.3,0.55,0.35 541.156
0.3,0.55,0.4 258.028
0.3,0.55,0.45 54.28
0.3,0.55,0.5 0.0642702
0.3,0.6,0 5.15612e-07
0.3,0.6,0.05 66.927
0.3,0.6,0.1 278.066
0.3,0.6,0.15 271.982
0.3,0.6,0.2 688.898
0.3,0.6,0.25 472.142
0.3,0.6,0.3 684.185
0.3,0.6,0.35 482.022
0.3,0.6,0.4 579.113
0.3,0.6,0.45 125.736
0.3,0.6,0.5 0.0223954
0.3,0.65,0 2.57486e-07
0.3,0.65,0.05 78.9156
0.3,0.65,0.1 326.999
0.3,0.65,0.15 306.598
0.3,0.65,0.2 429.649
0.3,0.65,0.25 402.684
0.3,0.65,0.3 659.104
0.3,0.65,0.35 272.642
0.3,0.65,0.4 166.411
0.3,0.65,0.45 35.5465
0.3,0.65,0.5 0.00174467
0.3,0.7,0 2.7104e-09
0.3,0.7,0.05 67.9686
0.3,0.7,0.1 290.091
0.3,0.7,0.15 355.454
0.3,0.7,0.2 519.26
0.3,0.7,0.25 431.553
0.3,0.7,0.3 204.376
0.3,0.7,0.35 234.391
0.3,0.7,0.4 30.5784
0.3,0.7,0.45 0.0123408
0.3,0.7,0.5 4.24863e-07
0.3,0.75,0 8.54123e-11
0.3,0.75,0.05 5.81105
0.3,0.75,0.1 25.2838
0.3,0.75,0.15 49.5791
0.3,0.75,0.2 397.679
0.3,0.75,0.25 463.489
0.3,0.75,0.3 138.747
0.3,0.75,0.35 134.169
0.3,0.75,0.4 9.45687
0.3,0.8,0.1 0.00524806
0.3,0.8,0.15 2.26535
0.3,0.8,0.2 72.6152
0.3,0.8,0.25 89.6623
0.3,0.8,0.3 14.4184
0.3,0.8,0.35 10.6291
0.3,0.8,0.4 0.637655
0.3,0.85,0.15 0.000437926
0.3,0.85,0.2 0.0159448
0.3,0.85,0.25 0.020109
0.3,0.85,0.3 0.00128486
0.35,0.05,0.1 0.000100706
0.35,0.05,0.15 0.253667
0.35,0.05,0.2 2.87456
0.35,0.05,0.25 6.73898
0.35,0.05,0.3 12.29
0.35,0.05,0.35 1.87372
0.35,0.1,0.05 0.0235681
0.35,0.1,0.1 15.6021
0.35,0.1,0.15 92.1998
0.35,0.1,0.2 58.9119
0.35,0.1,0.25 58.3166
0.35,0.1,0.3 115.1
0.35,0.1,0.35 21.8624
0.35,0.1,0.4 0.19139
0.35,0.15,0.05 7.2884
0.35,0.15,0.1 96.1684
0.35,0.15,0.15 380.971
0.35,0.15,0.2 181.692
0.35,0.15,0.25 118.029
0.35,0.15,0.3 248.793
0.35,0.15,0.35 91.5903
0.35,0.15,0.4 4.56089
0.35,0.15,0.45 0.0190519
0.35,0.2,0 4.09217e-11
0.35,0.2,0.05 62.8569
0.35,0.2,0.1 349.224
0.35,0.2,0.15 362.055
0.35,0.2,0.2 448.184
0.35,0.2,0.25 410.746
0.35,0.2,0.3 430.67
0.35,0.2,0.35 148.089
0.35,0.2,0.4 23.1867
0.35,0.2,0.45 0.365891
0.35,0.25,0 1.06888e-07
0.35,0.25,0.05 87.8856
0.35,0.25,0.1 556.066
0.35,0.25,0.15 615.609
0.35,0.25,0.2 547.934
0.35,0.25,0.25 297.089
0.35,0.25,0.3 494.176
0.35,0.25,0.35 387.368
0.35,0.25,0.4 53.9787
0.35,0.25,0.45 0.57809
0.35,0.3,0 3.39015e-07
0.35,0.3,0.05 115.53
0.35,0.3,0.1 528.049
0.35,0.3,0.15 441.164
0.35,0.3,0.2 496.108
0.35,0.3,0.25 556.745
0.35,0.3,0.3 827.851
0.35,0.3,0.35 439.595
0.35,0.3,0.4 61.1897
0.35,0.3,0.45 1.91971
0.35,0.35,0 7.08539e-08
0.35,0.35,0.05 76.7273
0.35,0.35,0.1 326.365
0.35,0.35,0.15 435.166
0.35,0.35,0.2 476.258
0.35,0.35,0.25 349.155
0.35,0.35,0.3 345.974
0.35,0.35,0.35 90.0959
0.35,0.35,0.4 17.5321
0.35,0.35,0.45 0.890679
0.35,0.35,0.5 8.72335e-05
0.35,0.4,0 8.01028e-09
0.35,0.4,0.05 161.642
0.35,0.4,0.1 737.506
0.35,0.4,0.15 756.886
0.35,0.4,0.2 506.358
0.35,0.4,0.25 66.048
0.35,0.4,0.3 10.0053
0.35,0.4,0.35 22.2145
0.35,0.4,0.4 77.266
0.35,0.4,0.45 40.7839
0.35,0.4,0.5 0.555443
0.35,0.45,0 2.90645e-09
0.35,0.45,0.05 97.0799
0.35,0.45,0.1 461.613
0.35,0.45,0.15 595.822
0.35,0.45,0.2 664.999
0.35,0.45,0.25 333.596
0.35,0.45,0.3 188.733
0.35,0.45,0.35 269.842
0.35,0.45,0.4 347.283
0.35,0.45,0.45 139.228
0.35,0.45,0.5 1.87371
0.35,0.5,0 2.13811e-09
0.35,0.5,0.05 92.0069
0.35,0.5,0.1 554.383
0.35,0.5,0.15 418.752
0.35,0.5,0.2 498.625
0.35,0.5,0.25 768.89
0.35,0.5,0.3 596.294
0.35,0.5,0.35 375.672
0.35,0.5,0.4 135.769
0.35,0.5,0.45 30.4462
0.35,0.5,0.5 0.394785
0.35,0.55,0 7.22354e-08
0.35,0.55,0.05 33.968
0.35,0.55,0.1 292.997
0.35,0.55,0.15 413.81
0.35,0.55,0.2 597.183
0.35,0.55,0.25 449.269
0.35,0.55,0.3 493.898
0.35,0.55,0.35 437.041
0.35,0.55,0.4 185.031
0.35,0.55,0.45 12.4366
0.35,0.55,0.5 0.000402257
0.35,0.6,0 5.99443e-07
0.35,0.6,0.05 90.9238
0.35,0.6,0.1 393.688
0.35,0.6,0.15 579.616
0.35,0.6,0.2 994.939
0.35,0.6,0.25 361.203
0.35,0.6,0.3 525.401
0.35,0.6,0.35 804.091
0.35,0.6,0.4 586.349
0.35,0.6,0.45 53.096
0.35,0.6,0.5 0.00193948
0.35,0.65,0 2.98008e-07
0.35,0.65,0.05 114.468
0.35,0.65,0.1 465.799
0.35,0.65,0.15 292.013
0.35,0.65,0.2 464.243
0.35,0.65,0.25 237.631
0.35,0.65,0.3 488.97
0.35,0.65,0.35 596.585
0.35,0.65,0.4 232.628
0.35,0.65,0.45 16.2904
0.35,0.65,0.5 0.000591548
0.35,0.7,0 2.26016e-09
0.35,0.7,0.05 76.3806
0.35,0.7,0.1 307.418
0.35,0.7,0.15 109.99
0.35,0.7,0.2 146.305
0.35,0.7,0.25 210.365
0.35,0.7,0.3 562.483
0.35,0.7,0.35 728.809
0.35,0.7,0.4 102.25
0.35,0.7,0.45 0.134468
0.35,0.7,0.5 1.44062e-07
0.35,0.75,0 6.48878e-09
0.35,0.75,0.05 4.14685
0.35,0.75,0.1 16.7719
0.35,0.75,0.15 8.63692
0.35,0.75,0.2 67.7504
0.35,0.75,0.25 101.953
0.35,0.75,0.3 258.986
0.35,0.75,0.35 305.987
0.35,0.75,0.4 22.2929
0.35,0.75,0.45 0.004825
0.35,0.8,0 2.09747e-08
0.35,0.8,0.05 2.16134
0.35,0.8,0.1 8.59011
0.35,0.8,0.15 2.29042
0.35,0.8,0.2 5.75401
0.35,0.8,0.25 7.83411
0.35,0.8,0.3 17.5784
0.35,0.8,0.35 20.1776
0.35,0.8,0.4 1.1607
0.35,0.85,0 4.23295e-09
0.35,0.85,0.05 0.436185
0.35,0.85,0.1 1.73359
0.35,0.85,0.15 0.430663
0.35,0.85,0.2 0.00131056
0.35,0.85,0.25 0.00165284
0.35,0.85,0.3 0.000105608
0.4,0.05,0.1 6.6125e-06
0.4,0.05,0.15 3.99875e-05
0.4,0.05,0.2 1.49546e-05
0.4,0.05,0.25 5.88294e-05
0.4,0.05,0.3 0.0158899
0.4,0.05,0.35 0.0373025
0.4,0.05,0.4 0.00534705
0.4,0.1,0.05 0.795276
0.4,0.1,0.1 40.2745
0.4,0.1,0.15 74.8343
0.4,0.1,0.2 16.7644
0.4,0.1,0.25 16.4432
0.4,0.1,0.3 64.1822
0.4,0.1,0.35 21.1493
0.4,0.1,0.4 0.851876
0.4,0.15,0.05 3.90277
0.4,0.15,0.1 193.773
0.4,0.15,0.15 520.7
0.4,0.15,0.2 219.414
0.4,0.15,0.25 164.031
0.4,0.15,0.3 424.357
0.4,0.15,0.35 109.975
0.4,0.15,0.4 1.77804
0.4,0.2,0 2.10206e-11
0.4,0.2,0.05 9.67818
0.4,0.2,0.1 173.073
0.4,0.2,0.15 490.895
0.4,0.2,0.2 445.488
0.4,0.2,0.25 506.002
0.4,0.2,0.3 407.233
0.4,0.2,0.35 50.5924
0.4,0.2,0.4 0.440391
0.4,0.25,0 4.08694e-08
0.4,0.25,0.05 87.1656
0.4,0.25,0.1 432.787
0.4,0.25,0.15 512.095
0.4,0.25,0.2 408.965
0.4,0.25,0.25 335.414
0.4,0.25,0.3 253.253
0.4,0.25,0.35 40.1812
0.4,0.25,0.4 2.78407
0.4,0.3,0 1.29753e-07
0.4,0.3,0.05 111.362
0.4,0.3,0.1 470.159
0.4,0.3,0.15 414.582
0.4,0.3,0.2 325.481
0.4,0.3,0.25 411.5
0.4,0.3,0.3 436.348
0.4,0.3,0.35 76.1586
0.4,0.3,0.4 2.72712
0.4,0.3,0.45 0.10968
0.4,0.35,0 3.34101e-08
0.4,0.35,0.05 59.7363
0.4,0.35,0.1 248.693
0.4,0.35,0.15 235.844
0.4,0.35,0.2 247.229
0.4,0.35,0.25 399.944
0.4,0.35,0.3 613.861
0.4,0.35,0.35 109.01
0.4,0.35,0.4 4.77482
0.4,0.35,0.45 0.66226
0.4,0.35,0.5 0.00011306
0.4,0.4,0 8.87928e-09
0.4,0.4,0.05 70.9622
0.4,0.4,0.1 320.199
0.4,0.4,0.15 403.561
0.4,0.4,0.2 442.486
0.4,0.4,0.25 153.824
0.4,0.4,0.3 279.591
0.4,0.4,0.35 123.62
0.4,0.4,0.4 114.847
0.4,0.4,0.45 56.002
0.4,0.4,0.5 0.72196
0.4,0.45,0 1.83342e-09
0.4,0.45,0.05 54.5979
0.4,0.45,0.1 270.263
0.4,0.45,0.15 474.021
0.4,0.45,0.2 587.219
0.4,0.45,0.25 397.292
0.4,0.45,0.3 218.854
0.4,0.45,0.35 489.94
0.4,0.45,0.4 641.632
0.4,0.45,0.45 229.131
0.4,0.45,0.5 2.46336
0.4,0.5,0 1.32218e-09
0.4,0.5,0.05 55.041
0.4,0.5,0.1 282.762
0.4,0.5,0.15 433.2
0.4,0.5,0.2 559.024
0.4,0.5,0.25 648.345
0.4,0.5,0.3 254.139
0.4,0.5,0.35 487.058
0.4,0.5,0.4 401.529
0.4,0.5,0.45 84.195
0.4,0.5,0.5 0.540698
0.4,0.55,0 1.11775e-08
0.4,0.55,0.05 35.5243
0.4,0.55,0.1 204.83
0.4,0.55,0.15 438.017
0.4,0.55,0.2 400.403
0.4,0.55,0.25 394.838
0.4,0.55,0.3 139.105
0.4,0.55,0.35 123.991
0.4,0.55,0.4 73.2831
0.4,0.55,0.45 4.50935
0.4,0.55,0.5 0.000890078
0.4,0.6,0 5.89007e-08
0.4,0.6,0.05 145.664
0.4,0.6,0.1 600.294
0.4,0.6,0.15 366.779
0.4,0.6,0.2 602.734
0.4,0.6,0.25 424.825
0.4,0.6,0.3 315.89
0.4,0.6,0.35 366.811
0.4,0.6,0.4 181.683
0.4,0.6,0.45 6.22713
0.4,0.6,0.5 1.56625e-06
0.4,0.65,0 2.23479e-08
0.4,0.65,0.05 71.2352
0.4,0.65,0.1 290.747
0.4,0.65,0.15 178.199
0.4,0.65,0.2 408.226
0.4,0.65,0.25 174.835
0.4,0.65,0.3 285.977
0.4,0.65,0.35 522.046
0.4,0.65,0.4 204.153
0.4,0.65,0.45 3.12234
0.4,0.65,0.5 4.77712e-07
0.4,0.7,0 1.97387e-10
0.4,0.7,0.05 17.1821
0.4,0.7,0.1 68.7942
0.4,0.7,0.15 21.5632
0.4,0.7,0.2 22.4479
0.4,0.7,0.25 31.1409
0.4,0.7,0.3 272.408
0.4,0.7,0.35 463.698
0.4,0.7,0.4 137.626
0.4,0.7,0.45 0.585918
0.4,0.7,0.5 1.16339e-10
0.4,0.75,0 2.05596e-07
0.4,0.75,0.05 21.9332
0.4,0.75,0.1 87.1903
0.4,0.75,0.15 21.6772
0.4,0.75,0.2 0.621461
0.4,0.75,0.25 3.5281
0.4,0.75,0.3 49.43
0.4,0.75,0.35 61.4283
0.4,0.75,0.4 8.3895
0.4,0.75,0.45 0.0241564
0.4,0.8,0 6.64996e-07
0.4,0.8,0.05 68.5247
0.4,0.8,0.1 272.347
0.4,0.8,0.15 67.6514
0.4,0.8,0.2 0.00156414
0.4,0.8,0.25 0.078087
0.4,0.8,0.3 2.39367
0.4,0.8,0.35 2.82286
0.4,0.8,0.4 0.162383
0.4,0.85,0 1.34204e-07
0.4,0.85,0.05 13.8291
0.4,0.85,0.1 54.9628
0.4,0.85,0.15 13.6529
0.45,0.05,0.25 0.00128501
0.45,0.05,0.3 0.347235
0.45,0.05,0.35 0.815158
0.45,0.05,0.4 0.116847
0.45,0.1,0.05 0.968115
0.45,0.1,0.1 46.9659
0.45,0.1,0.15 80.7909
0.45,0.1,0.2 33.9749
0.45,0.1,0.25 24.1317
0.45,0.1,0.3 74.5508
0.45,0.1,0.35 132.489
