0.65,0.55,0 8.64303e-11
0.65,0.55,0.05 43.7385
0.65,0.55,0.1 181.851
0.65,0.55,0.15 287.39
0.65,0.55,0.2 668.309
0.65,0.55,0.25 212.569
0.65,0.55,0.3 10.2986
0.65,0.6,0 1.89026e-11
0.65,0.6,0.05 35.7124
0.65,0.6,0.1 181.433
0.65,0.6,0.15 362.576
0.65,0.6,0.2 636.788
0.65,0.6,0.25 186.593
0.65,0.6,0.3 6.04475
0.65,0.65,0 8.30426e-13
0.65,0.65,0.05 25.3895
0.65,0.65,0.1 283.782
0.65,0.65,0.15 424.709
0.65,0.65,0.2 297.848
0.65,0.65,0.25 95.3404
0.65,0.65,0.3 1.26102
0.65,0.7,0 1.72209e-12
0.65,0.7,0.05 16.6023
0.65,0.7,0.1 234.677
0.65,0.7,0.15 603.597
0.65,0.7,0.2 219.11
0.65,0.7,0.25 12.5517
0.65,0.7,0.3 0.0782808
0.65,0.75,0 3.2965e-10
0.65,0.75,0.05 28.1317
0.65,0.75,0.1 279.465
0.65,0.75,0.15 472.659
0.65,0.75,0.2 96.9574
0.65,0.75,0.25 1.59608
0.65,0.8,0 7.41904e-10
0.65,0.8,0.05 73.7325
0.65,0.8,0.1 405.325
0.65,0.8,0.15 326.684
0.65,0.8,0.2 34.8033
0.65,0.8,0.25 0.00304302
0.65,0.85,0 1.7205e-10
0.65,0.85,0.05 77.8955
0.65,0.85,0.1 315.082
0.65,0.85,0.15 86.1317
0.65,0.85,0.2 1.14278
0.65,0.9,0 1.99767e-11
0.65,0.9,0.05 18.789
0.65,0.9,0.1 75.1345
0.65,0.9,0.15 18.7783
0.65,0.95,0 1.57188e-16
0.65,0.95,0.05 0.000184117
0.65,0.95,0.1 0.000736258
0.65,0.95,0.15 0.000184012
0.7,0.1,0.05 5.69942e-05
0.7,0.1,0.1 0.180653
0.7,0.1,0.15 3.96696
0.7,0.1,0.2 3.86999
0.7,0.1,0.25 0.160875
0.7,0.15,0 1.44708e-14
0.7,0.15,0.05 12.726
0.7,0.15,0.1 95.1523
0.7,0.15,0.15 91.1996
0.7,0.15,0.2 49.1298
0.7,0.15,0.25 3.60328
0.7,0.15,0.3 0.917571
0.7,0.15,0.35 0.0114153
0.7,0.2,0 4.1016e-13
0.7,0.2,0.05 59.2506
0.7,0.2,0.1 448.217
0.7,0.2,0.15 239.371
0.7,0.2,0.2 38.3238
0.7,0.2,0.25 39.9175
0.7,0.2,0.3 22.4453
0.7,0.2,0.35 0.279237
0.7,0.25,0 4.58364e-13
0.7,0.25,0.05 55.601
0.7,0.25,0.1 484.354
0.7,0.25,0.15 266.237
0.7,0.25,0.2 38.9918
0.7,0.25,0.25 51.3747
0.7,0.25,0.3 23.6883
0.7,0.25,0.35 0.476098
0.7,0.25,0.4 0.000670862
0.7,0.3,0 3.64359e-13
0.7,0.3,0.05 12.9905
0.7,0.3,0.1 134.222
0.7,0.3,0.15 148.002
0.7,0.3,0.2 148.428
0.7,0.3,0.25 50.1946
0.7,0.3,0.3 5.09562
0.7,0.3,0.35 1.66486
0.7,0.3,0.4 0.00591647
0.7,0.35,0 4.265e-11
0.7,0.35,0.05 46.5532
0.7,0.35,0.1 214.638
0.7,0.35,0.15 126.545
0.7,0.35,0.2 64.8015
0.7,0.35,0.25 13.0764
0.7,0.35,0.3 2.06272
0.7,0.35,0.35 0.859617
0.7,0.35,0.4 0.00307951
0.7,0.4,0 9.29608e-11
0.7,0.4,0.05 152.888
0.7,0.4,0.1 636.313
0.7,0.4,0.15 245.101
0.7,0.4,0.2 45.6329
0.7,0.4,0.25 0.654276
0.7,0.4,0.3 0.0175445
0.7,0.4,0.35 0.0073852
0.7,0.4,0.4 2.64569e-05
0.7,0.45,0 1.90446e-10
0.7,0.45,0.05 105.027
0.7,0.45,0.1 524.145
0.7,0.45,0.15 261.342
0.7,0.45,0.2 63.2393
0.7,0.45,0.25 14.6271
0.7,0.45,0.3 0.0319304
0.7,0.5,0 4.18538e-10
0.7,0.5,0.05 106.618
0.7,0.5,0.1 532.205
0.7,0.5,0.15 395.039
0.7,0.5,0.2 304.09
0.7,0.5,0.25 59.3906
0.7,0.5,0.3 0.0781321
0.7,0.55,0 1.09361e-10
0.7,0.55,0.05 87.1838
0.7,0.55,0.1 412.584
0.7,0.55,0.15 444.549
0.7,0.55,0.2 547.99
0.7,0.55,0.25 83.0069
0.7,0.55,0.3 0.0120201
0.7,0.6,0 3.93614e-11
0.7,0.6,0.05 71.9215
0.7,0.6,0.1 331.853
0.7,0.6,0.15 311.128
0.7,0.6,0.2 463.514
0.7,0.6,0.25 70.6358
0.7,0.6,0.3 0.0073719
0.7,0.65,0 1.6194e-12
0.7,0.65,0.05 19.451
0.7,0.65,0.1 292.196
0.7,0.65,0.15 287.948
0.7,0.65,0.2 98.3613
0.7,0.65,0.25 12.4544
0.7,0.65,0.3 0.0092433
0.7,0.7,0 3.08274e-14
0.7,0.7,0.05 5.72743
0.7,0.7,0.1 116.261
0.7,0.7,0.15 331.831
0.7,0.7,0.2 365.061
0.7,0.7,0.25 43.3335
0.7,0.7,0.3 0.000590978
0.7,0.75,0 6.0956e-12
0.7,0.75,0.05 0.715546
0.7,0.75,0.1 61.5091
0.7,0.75,0.15 210.351
0.7,0.75,0.2 153.603
0.7,0.75,0.25 16.6632
0.7,0.8,0 2.01839e-09
0.7,0.8,0.05 11.5032
0.7,0.8,0.1 91.6921
0.7,0.8,0.15 116.859
0.7,0.8,0.2 14.7845
0.7,0.8,0.25 0.0349499
0.7,0.85,0 8.01202e-09
0.7,0.85,0.05 41.2874
0.7,0.85,0.1 166.377
0.7,0.85,0.15 44.613
0.7,0.85,0.2 0.477744
0.7,0.9,0 2.00013e-09
0.7,0.9,0.05 10.3149
0.7,0.9,0.1 41.1903
0.7,0.9,0.15 10.2803
0.7,0.95,0 5.43256e-18
0.7,0.95,0.05 6.36324e-06
0.7,0.95,0.1 2.54457e-05
0.7,0.95,0.15 6.35962e-06
0.75,0.1,0.05 3.2674e-05
0.75,0.1,0.1 0.000238729
0.75,0.1,0.15 0.000105931
0.75,0.1,0.2 4.77213e-07
0.75,0.15,0.05 7.2782
0.75,0.15,0.1 53.1772
0.75,0.15,0.15 23.5963
0.75,0.15,0.2 0.1063
0.75,0.2,0.05 30.3173
0.75,0.2,0.1 225.776
0.75,0.2,0.15 102.11
0.75,0.2,0.2 0.514279
0.75,0.25,0.05 17.7151
0.75,0.25,0.1 147.478
0.75,0.25,0.15 73.5884
0.75,0.25,0.2 0.565947
0.75,0.25,0.25 0.00194941
0.75,0.25,0.3 4.98993e-06
0.75,0.3,0 7.48315e-13
0.75,0.3,0.05 3.31106
0.75,0.3,0.1 27.7866
0.75,0.3,0.15 14.6489
0.75,0.3,0.2 0.424605
0.75,0.3,0.25 0.0119683
0.75,0.3,0.3 2.07948e-05
0.75,0.35,0 9.38038e-11
0.75,0.35,0.05 54.5592
0.75,0.35,0.1 231.939
0.75,0.35,0.15 199.976
0.75,0.35,0.2 87.4366
0.75,0.35,0.25 1.197
0.75,0.35,0.3 5.41612e-06
0.75,0.4,0 1.83991e-10
0.75,0.4,0.05 132.056
0.75,0.4,0.1 578.305
0.75,0.4,0.15 503.94
0.75,0.4,0.2 212.017
0.75,0.4,0.25 2.88228
0.75,0.4,0.3 1.3256e-11
0.75,0.45,0 3.96884e-11
0.75,0.45,0.05 35.3271
0.75,0.45,0.1 341.585
0.75,0.45,0.15 375.789
0.75,0.45,0.2 99.238
0.75,0.45,0.25 3.67057
0.75,0.5,0 4.9784e-11
0.75,0.5,0.05 17.915
0.75,0.5,0.1 295.978
0.75,0.5,0.15 643.802
0.75,0.5,0.2 357.462
0.75,0.5,0.25 19.3698
0.75,0.55,0 1.50571e-11
0.75,0.55,0.05 21.5882
0.75,0.55,0.1 238.985
0.75,0.55,0.15 488.225
0.75,0.55,0.2 256.733
0.75,0.55,0.25 20.254
0.75,0.6,0 6.74582e-12
0.75,0.6,0.05 28.8979
0.75,0.6,0.1 131.997
0.75,0.6,0.15 113.117
0.75,0.6,0.2 120.6
0.75,0.6,0.25 15.7266
0.75,0.65,0 4.06947e-13
0.75,0.65,0.05 13.0839
0.75,0.65,0.1 70.5037
0.75,0.65,0.15 49.844
0.75,0.65,0.2 41.1055
0.75,0.65,0.25 5.35314
0.75,0.7,0 6.07228e-15
0.75,0.7,0.05 0.996366
0.75,0.7,0.1 10.7175
0.75,0.7,0.15 104.143
0.75,0.7,0.2 211.121
0.75,0.7,0.25 27.7498
0.75,0.75,0 2.65197e-11
0.75,0.75,0.05 0.115472
0.75,0.75,0.1 0.840687
0.75,0.75,0.15 37.8167
0.75,0.75,0.2 81.2471
0.75,0.75,0.25 10.6821
0.75,0.8,0 6.47176e-09
0.75,0.8,0.05 30.6458
0.75,0.8,0.1 122.518
0.75,0.8,0.15 30.9686
0.75,0.8,0.2 0.219184
0.75,0.8,0.25 0.022416
0.75,0.85,0 2.26947e-08
0.75,0.85,0.05 108.816
0.75,0.85,0.1 434.496
0.75,0.85,0.15 108.441
0.75,0.85,0.2 0.00160641
0.75,0.9,0 5.3693e-09
0.75,0.9,0.05 25.8896
0.75,0.9,0.1 103.375
0.75,0.9,0.15 25.7978
0.8,0.05,0 1.96048e-11
0.8,0.05,0.05 1.15495
0.8,0.05,0.1 4.61623
0.8,0.05,0.15 1.15317
0.8,0.1,0 2.31151e-10
0.8,0.1,0.05 13.6174
0.8,0.1,0.1 54.4276
0.8,0.1,0.15 13.5964
0.8,0.1,0.2 5.65131e-09
0.8,0.15,0 1.50684e-10
0.8,0.15,0.05 8.96322
0.8,0.15,0.1 36.1105
0.8,0.15,0.15 9.14278
0.8,0.15,0.2 0.00125884
0.8,0.2,0 2.58221e-12
0.8,0.2,0.05 0.479978
0.8,0.2,0.1 3.00347
0.8,0.2,0.15 1.21483
0.8,0.2,0.2 0.00478864
0.8,0.25,0.05 0.0779713
0.8,0.25,0.1 0.569739
0.8,0.25,0.15 0.252834
0.8,0.25,0.2 0.00113966
0.8,0.3,0 9.96083e-14
0.8,0.3,0.05 0.0490539
0.8,0.3,0.1 0.209209
0.8,0.3,0.15 0.186866
0.8,0.3,0.2 0.0828511
0.8,0.3,0.25 0.00113229
0.8,0.35,0 1.4062e-11
0.8,0.35,0.05 6.35738
0.8,0.35,0.1 29.4685
0.8,0.35,0.15 49.1872
0.8,0.35,0.2 25.7505
0.8,0.35,0.25 0.35192
0.8,0.4,0 6.55197e-11
0.8,0.4,0.05 17.0589
0.8,0.4,0.1 79.8487
0.8,0.4,0.15 122.704
0.8,0.4,0.2 62.2385
0.8,0.4,0.25 0.848895
0.8,0.45,0 4.78843e-11
0.8,0.45,0.05 7.74099
0.8,0.45,0.1 54.3373
0.8,0.45,0.15 62.8795
0.8,0.45,0.2 26.0468
0.8,0.45,0.25 1.03368
0.8,0.5,0 4.67404e-12
0.8,0.5,0.05 4.42494
0.8,0.5,0.1 47.3036
0.8,0.5,0.15 126.056
0.8,0.5,0.2 94.1398
0.8,0.5,0.25 5.26862
0.8,0.55,0 1.29552e-11
0.8,0.55,0.05 73.8424
0.8,0.55,0.1 317.986
0.8,0.55,0.15 148.438
0.8,0.55,0.2 38.5279
0.8,0.55,0.25 1.92503
0.8,0.6,0 1.35796e-11
0.8,0.6,0.05 141.433
0.8,0.6,0.1 567.558
0.8,0.6,0.15 145.702
0.8,0.6,0.2 0.849425
0.8,0.6,0.25 0.0385041
0.8,0.65,0 1.51337e-12
0.8,0.65,0.05 76.9784
0.8,0.65,0.1 307.893
0.8,0.65,0.15 77.229
0.8,0.65,0.2 0.570049
0.8,0.65,0.25 0.0750429
0.8,0.7,0 2.27173e-13
0.8,0.7,0.05 4.71673
0.8,0.7,0.1 18.8735
0.8,0.7,0.15 6.30512
0.8,0.7,0.2 3.46057
0.8,0.7,0.25 0.455302
0.8,0.75,0 2.78316e-10
0.8,0.75,0.05 1.40664
0.8,0.75,0.1 5.62075
0.8,0.75,0.15 2.01391
0.8,0.75,0.2 1.33212
0.8,0.75,0.25 0.175266
0.8,0.8,0 1.35993e-08
0.8,0.8,0.05 59.6748
0.8,0.8,0.1 238.268
0.8,0.8,0.15 59.4824
0.8,0.8,0.2 0.0115914
0.8,0.8,0.25 0.000381322
0.8,0.85,0 2.1173e-08
0.8,0.85,0.05 93.7068
0.8,0.85,0.1 374.189
0.8,0.85,0.15 93.63
0.8,0.85,0.2 0.0970926
0.8,0.85,0.25 0.000149379
0.8,0.9,0 2.16719e-09
0.8,0.9,0.05 9.81897
0.8,0.9,0.1 39.2325
0.8,0.9,0.15 9.9475
0.8,0.9,0.2 0.0602738
0.8,0.9,0.25 9.27327e-05
0.8,0.95,0.1 0.000414297
0.8,0.95,0.15 0.00245853
0.8,0.95,0.2 0.000903394
0.8,0.95,0.25 1.38989e-06
0.85,0.05,0 1.24806e-10
0.85,0.05,0.05 7.35247
0.85,0.05,0.1 29.3872
0.85,0.05,0.15 7.34114
0.85,0.1,0 1.47152e-09
0.85,0.1,0.05 86.6892
0.85,0.1,0.1 346.489
0.85,0.1,0.15 86.5556
0.85,0.15,0 9.59267e-10
0.85,0.15,0.05 56.5117
0.85,0.15,0.1 225.873
0.85,0.15,0.15 56.4246
0.85,0.2,0 1.64385e-11
0.85,0.2,0.05 0.968414
0.85,0.2,0.1 3.87067
0.85,0.2,0.15 0.966922
0.85,0.3,0.1 1.82802e-06
0.85,0.3,0.15 1.93404e-05
0.85,0.3,0.2 1.16266e-05
0.85,0.3,0.25 1.58896e-07
0.85,0.35,0 2.00563e-11
0.85,0.35,0.05 2.34524
0.85,0.35,0.1 9.37578
0.85,0.35,0.15 2.34838
0.85,0.35,0.2 0.00361362
0.85,0.35,0.25 4.93858e-05
0.85,0.4,0 5.23676e-10
0.85,0.4,0.05 61.406
0.85,0.4,0.1 245.475
0.85,0.4,0.15 61.3453
0.85,0.4,0.2 0.0087167
0.85,0.4,0.25 0.000119127
0.85,0.45,0 6.78908e-10
0.85,0.45,0.05 92.1906
0.85,0.45,0.1 368.549
0.85,0.45,0.15 92.0868
0.85,0.45,0.2 0.00206189
0.85,0.45,0.25 6.32503e-05
0.85,0.5,0 2.29827e-10
0.85,0.5,0.05 49.7007
0.85,0.5,0.1 198.705
0.85,0.5,0.15 49.6554
0.85,0.5,0.2 0.00448854
0.85,0.5,0.25 0.00026475
0.85,0.55,0 2.50876e-11
0.85,0.55,0.05 37.5337
0.85,0.55,0.1 150.104
0.85,0.55,0.15 37.5198
0.85,0.55,0.2 0.00161423
0.85,0.55,0.25 9.5213e-05
0.85,0.6,0 6.1264e-12
0.85,0.6,0.05 61.2836
0.85,0.6,0.1 245.105
0.85,0.6,0.15 61.2689
0.85,0.6,0.2 2.12186e-06
0.85,0.6,0.25 1.25155e-07
0.85,0.65,0 4.26584e-12
0.85,0.65,0.05 57.2783
0.85,0.65,0.1 229.088
0.85,0.65,0.15 57.2658
0.85,0.7,0 8.47068e-12
0.85,0.7,0.05 60.7193
0.85,0.7,0.1 242.84
0.85,0.7,0.15 60.7005
0.85,0.75,0 1.79695e-10
0.85,0.75,0.05 10.525
0.85,0.75,0.1 42.0858
0.85,0.75,0.15 10.5179
0.85,0.8,0 7.95205e-09
0.85,0.8,0.05 72.5733
0.85,0.8,0.1 291.966
0.85,0.8,0.15 84.3438
0.85,0.8,0.2 4.38745
0.85,0.8,0.25 0.00675019
0.85,0.85,0 1.09868e-08
0.85,0.85,0.05 89.5657
0.85,0.85,0.1 380.028
0.85,0.85,0.15 221.142
0.85,0.85,0.2 48.4297
0.85,0.85,0.25 0.0745103
0.85,0.9,0 8.06315e-10
0.85,0.9,0.05 5.64828
0.85,0.9,0.1 36.3502
0.85,0.9,0.15 87.4518
0.85,0.9,0.2 30.0645
0.85,0.9,0.25 0.046255
0.85,0.95,0.1 0.206651
0.85,0.95,0.15 1.22631
0.85,0.95,0.2 0.450612
0.85,0.95,0.25 0.000693278
0.9,0.05,0 4.89436e-11
0.9,0.05,0.05 2.88334
0.9,0.05,0.1 11.5245
0.9,0.05,0.15 2.87889
0.9,0.1,0 5.77069e-10
0.9,0.1,0.05 33.9959
0.9,0.1,0.1 135.879
0.9,0.1,0.15 33.9435
0.9,0.15,0 3.76185e-10
0.9,0.15,0.05 22.1616
0.9,0.15,0.1 88.578
0.9,0.15,0.15 22.1274
0.9,0.2,0 6.4465e-12
0.9,0.2,0.05 0.379772
0.9,0.2,0.1 1.51792
0.9,0.2,0.15 0.379187
0.9,0.35,0 1.38157e-11
0.9,0.35,0.05 1.61551
0.9,0.35,0.1 6.45807
0.9,0.35,0.15 1.61353
0.9,0.4,0 3.62606e-10
0.9,0.4,0.05 42.7173
0.9,0.4,0.1 170.765
0.9,0.4,0.15 42.6651
0.9,0.45,0 6.07943e-10
0.9,0.45,0.05 94.7931
0.9,0.45,0.1 378.963
0.9,0.45,0.15 94.6886
0.9,0.5,0 3.93288e-10
0.9,0.5,0.05 85.7297
0.9,0.5,0.1 342.748
0.9,0.5,0.15 85.6443
0.9,0.55,0 3.57798e-11
0.9,0.55,0.05 8.13557
0.9,0.55,0.1 32.5264
0.9,0.55,0.15 8.12763
0.9,0.6,0 4.9626e-14
0.9,0.6,0.05 0.390584
0.9,0.6,0.1 1.56212
0.9,0.6,0.15 0.390474
0.9,0.65,0 5.07433e-12
0.9,0.65,0.05 35.6869
0.9,0.65,0.1 142.725
0.9,0.65,0.15 35.6757
0.9,0.7,0 1.17393e-11
0.9,0.7,0.05 82.3675
0.9,0.7,0.1 329.418
0.9,0.7,0.15 82.3416
0.9,0.75,0 2.30819e-11
0.9,0.75,0.05 13.8493
0.9,0.75,0.1 55.3843
0.9,0.75,0.15 13.8429
0.9,0.8,0 6.31785e-10
0.9,0.8,0.05 61.7132
0.9,0.8,0.1 251.963
0.9,0.8,0.15 92.8783
0.9,0.8,0.2 11.48
0.9,0.8,0.25 0.0176623
0.9,0.85,0 7.26178e-10
0.9,0.85,0.05 68.1559
0.9,0.85,0.1 330.566
0.9,0.85,0.15 412.929
0.9,0.85,0.2 126.719
0.9,0.85,0.25 0.194961
0.9,0.9,0 4.0616e-11
0.9,0.9,0.05 3.52351
0.9,0.9,0.1 50.1612
0.9,0.9,0.15 217.602
0.9,0.9,0.2 78.6655
0.9,0.9,0.25 0.121029
0.9,0.95,0.1 0.540715
0.9,0.95,0.15 3.20872
0.9,0.95,0.2 1.17905
0.9,0.95,0.25 0.001814
0.95,0.05,0 1.15116e-13
0.95,0.05,0.05 0.00678165
0.95,0.05,0.1 0.0271057
0.95,0.05,0.15 0.0067712
0.95,0.1,0 1.35728e-12
0.95,0.1,0.05 0.079959
0.95,0.1,0.1 0.319589
0.95,0.1,0.15 0.0798357
0.95,0.15,0 8.84793e-13
0.95,0.15,0.05 0.0521244
0.95,0.15,0.1 0.208337
0.95,0.15,0.15 0.052044
0.95,0.2,0 1.51623e-14
0.95,0.2,0.05 0.000893231
0.95,0.2,0.1 0.00357017
0.95,0.2,0.15 0.000891854
0.95,0.35,0 2.73029e-13
0.95,0.35,0.05 0.0319261
0.95,0.35,0.1 0.127626
0.95,0.35,0.15 0.0318869
0.95,0.4,0 7.43029e-12
0.95,0.4,0.05 0.903159
0.95,0.4,0.1 3.61045
0.95,0.4,0.15 0.902068
0.95,0.45,0 3.18012e-11
0.95,0.45,0.05 6.28656
0.95,0.45,0.1 25.1334
0.95,0.45,0.15 6.28014
0.95,0.5,0 4.09399e-11
0.95,0.5,0.05 9.09176
0.95,0.5,0.1 36.349
0.95,0.5,0.15 9.08275
0.95,0.55,0 3.87302e-12
0.95,0.55,0.05 0.863833
0.95,0.55,0.1 3.45362
0.95,0.55,0.15 0.862979
0.95,0.6,0 1.48447e-15
0.95,0.6,0.05 0.0104151
0.95,0.6,0.1 0.041654
0.95,0.6,0.15 0.0104119
0.95,0.65,0 3.7401e-13
0.95,0.65,0.05 2.62407
0.95,0.65,0.1 10.4946
0.95,0.65,0.15 2.62325
0.95,0.7,0 8.6566e-13
0.95,0.7,0.05 6.07352
0.95,0.7,0.1 24.2903
0.95,0.7,0.15 6.07161
0.95,0.75,0 1.75853e-12
0.95,0.75,0.05 1.04604
0.95,0.75,0.1 4.18317
0.95,0.75,0.15 1.04554
0.95,0.8,0 4.51572e-11
0.95,0.8,0.05 5.22184
0.95,0.8,0.1 21.725
0.95,0.8,0.15 10.2623
0.95,0.8,0.2 1.85451
0.95,0.8,0.25 0.00285321
0.95,0.85,0 4.97777e-11
0.95,0.85,0.05 5.75614
0.95,0.85,0.1 32.3982
0.95,0.85,0.15 61.4584
0.95,0.85,0.2 20.4705
0.95,0.85,0.25 0.0314944
0.95,0.9,0 2.56326e-12
0.95,0.9,0.05 0.296408
0.95,0.9,0.1 7.01272
0.95,0.9,0.15 34.8796
0.95,0.9,0.2 12.7078
0.95,0.9,0.25 0.0195513
0.95,0.95,0.1 0.0873484
0.95,0.95,0.15 0.518345
0.95,0.95,0.2 0.190467
0.95,0.95,0.25 0.000293038
