0.65,0.35,0.35 0.10908
0.65,0.35,0.4 3.36463e-05
0.65,0.4,0 2.15232e-10
0.65,0.4,0.05 33.7737
0.65,0.4,0.1 227.061
0.65,0.4,0.15 427.561
0.65,0.4,0.2 137.739
0.65,0.4,0.25 21.6595
0.65,0.4,0.3 2.12382
0.65,0.4,0.35 0.00473861
0.65,0.45,0 7.04502e-10
0.65,0.45,0.05 124.497
0.65,0.45,0.1 598.02
0.65,0.45,0.15 294.147
0.65,0.45,0.2 237.42
0.65,0.45,0.25 277.314
0.65,0.45,0.3 32.2908
0.65,0.45,0.35 0.00401838
0.65,0.5,0 1.44638e-10
0.65,0.5,0.05 38.7204
0.65,0.5,0.1 289.746
0.65,0.5,0.15 232.764
0.65,0.5,0.2 255.555
0.65,0.5,0.25 322.725
0.65,0.5,0.3 116.897
0.65,0.5,0.35 10.2938
0.65,0.55,0.05 14.555
0.65,0.55,0.1 169.422
0.65,0.55,0.15 122.382
0.65,0.55,0.2 151.774
0.65,0.55,0.25 426.478
0.65,0.55,0.3 335.256
0.65,0.55,0.35 32.5619
0.65,0.6,0 4.08579e-10
0.65,0.6,0.05 12.8046
0.65,0.6,0.1 137.977
0.65,0.6,0.15 90.3715
0.65,0.6,0.2 198.589
0.65,0.6,0.25 617.876
0.65,0.6,0.3 205.814
0.65,0.6,0.35 6.47574
0.65,0.65,0 7.72455e-09
0.65,0.65,0.05 13.1663
0.65,0.65,0.1 66.7929
0.65,0.65,0.15 67.0919
0.65,0.65,0.2 189.125
0.65,0.65,0.25 462.57
0.65,0.65,0.3 155.515
0.65,0.65,0.35 0.58051
0.65,0.7,0 6.89743e-09
0.65,0.7,0.05 11.5262
0.65,0.7,0.1 64.0987
0.65,0.7,0.15 141.927
0.65,0.7,0.2 459.342
0.65,0.7,0.25 523.186
0.65,0.7,0.3 155.782
0.65,0.7,0.35 0.653782
0.65,0.75,0 5.71799e-10
0.65,0.75,0.05 26.507
0.65,0.75,0.1 129.79
0.65,0.75,0.15 307.929
0.65,0.75,0.2 400.218
0.65,0.75,0.25 388.288
0.65,0.75,0.3 84.0094
0.65,0.75,0.35 0.0358252
0.65,0.8,0 7.41904e-10
0.65,0.8,0.05 73.1699
0.65,0.8,0.1 307.562
0.65,0.8,0.15 300.02
0.65,0.8,0.2 197.902
0.65,0.8,0.25 75.1184
0.65,0.8,0.3 16.4843
0.65,0.85,0 1.7205e-10
0.65,0.85,0.05 77.8794
0.65,0.85,0.1 311.967
0.65,0.85,0.15 86.4615
0.65,0.85,0.2 6.85408
0.65,0.85,0.25 0.188785
0.65,0.9,0 1.99767e-11
0.65,0.9,0.05 18.789
0.65,0.9,0.1 75.1345
0.65,0.9,0.15 18.7783
0.65,0.95,0 1.57188e-16
0.65,0.95,0.05 0.000184117
0.65,0.95,0.1 0.000736258
0.65,0.95,0.15 0.000184012
0.7,0.1,0.15 0.548003
0.7,0.1,0.2 3.01846
0.7,0.1,0.25 1.0337
0.7,0.1,0.3 0.000912228
0.7,0.15,0.05 0.00316026
0.7,0.15,0.1 0.0383471
0.7,0.15,0.15 9.56739
0.7,0.15,0.2 66.5934
0.7,0.15,0.25 29.2628
0.7,0.15,0.3 0.161504
0.7,0.2,0.05 0.355346
0.7,0.2,0.1 4.31194
0.7,0.2,0.15 63.0373
0.7,0.2,0.2 422.043
0.7,0.2,0.25 192.94
0.7,0.2,0.3 1.31848
0.7,0.25,0.05 0.676047
0.7,0.25,0.1 10.1723
0.7,0.25,0.15 139.396
0.7,0.25,0.2 534.53
0.7,0.25,0.25 173.401
0.7,0.25,0.3 1.20413
0.7,0.3,0.05 0.0757488
0.7,0.3,0.1 11.0534
0.7,0.3,0.15 136.293
0.7,0.3,0.2 188.055
0.7,0.3,0.25 45.0954
0.7,0.3,0.3 2.09968
0.7,0.35,0 1.41557e-14
0.7,0.35,0.05 0.00773773
0.7,0.35,0.1 73.7139
0.7,0.35,0.15 296.761
0.7,0.35,0.2 161.23
0.7,0.35,0.25 46.9384
0.7,0.35,0.3 0.878126
0.7,0.4,0 6.09059e-11
0.7,0.4,0.05 8.9696
0.7,0.4,0.1 203.044
0.7,0.4,0.15 636.189
0.7,0.4,0.2 397.372
0.7,0.4,0.25 132.47
0.7,0.4,0.3 1.2406
0.7,0.45,0 2.00339e-10
0.7,0.45,0.05 32.0828
0.7,0.45,0.1 249.832
0.7,0.45,0.15 491.557
0.7,0.45,0.2 481.631
0.7,0.45,0.25 167.504
0.7,0.45,0.3 5.13099
0.7,0.45,0.35 0.00019401
0.7,0.5,0 4.11309e-11
0.7,0.5,0.05 14.1357
0.7,0.5,0.1 289.199
0.7,0.5,0.15 520.746
0.7,0.5,0.2 718.701
0.7,0.5,0.25 415.257
0.7,0.5,0.3 18.3693
0.7,0.5,0.35 0.496992
0.7,0.55,0.05 22.4549
0.7,0.55,0.1 277.569
0.7,0.55,0.15 230.491
0.7,0.55,0.2 462.661
0.7,0.55,0.25 565.235
0.7,0.55,0.3 78.3244
0.7,0.55,0.35 1.57326
0.7,0.6,0.05 19.6812
0.7,0.6,0.1 218.871
0.7,0.6,0.15 138.725
0.7,0.6,0.2 126.732
0.7,0.6,0.25 331.124
0.7,0.6,0.3 67.481
0.7,0.6,0.35 0.324007
0.7,0.65,0.05 0.738691
0.7,0.65,0.1 8.21484
0.7,0.65,0.15 6.64756
0.7,0.65,0.2 27.8215
0.7,0.65,0.25 128.501
0.7,0.65,0.3 52.7427
0.7,0.65,0.35 0.230741
0.7,0.7,0 3.08274e-14
0.7,0.7,0.05 0.00239233
0.7,0.7,0.1 0.136504
0.7,0.7,0.15 9.61642
0.7,0.7,0.2 61.2125
0.7,0.7,0.25 137.743
0.7,0.7,0.3 54.4756
0.7,0.7,0.35 0.262333
0.7,0.75,0 6.0956e-12
0.7,0.75,0.05 0.473042
0.7,0.75,0.1 4.47871
0.7,0.75,0.15 43.446
0.7,0.75,0.2 51.6175
0.7,0.75,0.25 31.5921
0.7,0.75,0.3 7.53775
0.7,0.75,0.35 0.0143808
0.7,0.8,0 2.01839e-09
0.7,0.8,0.05 11.2981
0.7,0.8,0.1 47.536
0.7,0.8,0.15 49.1499
0.7,0.8,0.2 31.2099
0.7,0.8,0.25 5.0579
0.7,0.8,0.3 0.993133
0.7,0.85,0 8.01202e-09
0.7,0.85,0.05 41.2806
0.7,0.85,0.1 164.937
0.7,0.85,0.15 42.5926
0.7,0.85,0.2 1.15179
0.7,0.85,0.25 0.0317241
0.7,0.9,0 2.00013e-09
0.7,0.9,0.05 10.3149
0.7,0.9,0.1 41.1903
0.7,0.9,0.15 10.2803
0.7,0.95,0 5.43256e-18
0.7,0.95,0.05 6.36324e-06
0.7,0.95,0.1 2.54457e-05
0.7,0.95,0.15 6.35962e-06
0.75,0.15,0.15 1.83093
0.75,0.15,0.2 15.4979
0.75,0.15,0.25 7.7978
0.75,0.15,0.3 0.0592079
0.75,0.2,0.1 9.04991e-06
0.75,0.2,0.15 16.9679
0.75,0.2,0.2 137.559
0.75,0.2,0.25 67.9091
0.75,0.2,0.3 0.506895
0.75,0.25,0.1 0.00012826
0.75,0.25,0.15 14.8696
0.75,0.25,0.2 93.4512
0.75,0.25,0.25 40.053
0.75,0.25,0.3 0.257465
0.75,0.3,0.05 1.03604e-05
0.75,0.3,0.1 1.95691
0.75,0.3,0.15 9.79106
0.75,0.3,0.2 11.0145
0.75,0.3,0.25 2.33936
0.75,0.3,0.3 0.00227499
0.75,0.35,0 9.93924e-19
0.75,0.35,0.05 0.00125538
0.75,0.35,0.1 69.2005
0.75,0.35,0.15 270.949
0.75,0.35,0.2 156.866
0.75,0.35,0.25 49.8521
0.75,0.35,0.3 0.429444
0.75,0.4,0 4.27642e-15
0.75,0.4,0.05 0.00515067
0.75,0.4,0.1 96.8761
0.75,0.4,0.15 397.415
0.75,0.4,0.2 382.617
0.75,0.4,0.25 152.744
0.75,0.4,0.3 1.31864
0.75,0.45,0 1.40665e-14
0.75,0.45,0.05 0.380293
0.75,0.45,0.1 25.7106
0.75,0.45,0.15 149.508
0.75,0.45,0.2 224.48
0.75,0.45,0.25 82.7938
0.75,0.45,0.3 1.64165
0.75,0.5,0 8.93546e-13
0.75,0.5,0.05 1.4173
0.75,0.5,0.1 39.8748
0.75,0.5,0.15 123.668
0.75,0.5,0.2 273.733
0.75,0.5,0.25 154.115
0.75,0.5,0.3 4.24644
0.75,0.55,0 2.19994e-11
0.75,0.55,0.05 10.4211
0.75,0.55,0.1 60.707
0.75,0.55,0.15 40.822
0.75,0.55,0.2 143.178
0.75,0.55,0.25 133.202
0.75,0.55,0.3 10.6273
0.75,0.6,0 2.29927e-11
0.75,0.6,0.05 20.4848
0.75,0.6,0.1 94.738
0.75,0.6,0.15 31.9
0.75,0.6,0.2 22.7852
0.75,0.6,0.25 45.3965
0.75,0.6,0.3 6.98883
0.75,0.6,0.35 2.13568e-05
0.75,0.65,0 1.19587e-12
0.75,0.65,0.05 11.3423
0.75,0.65,0.1 45.8465
0.75,0.65,0.15 11.7424
0.75,0.65,0.2 0.397842
0.75,0.65,0.25 1.25746
0.75,0.65,0.3 0.295098
0.75,0.65,0.35 0.000635002
0.75,0.7,0 6.07228e-15
0.75,0.7,0.05 0.506462
0.75,0.7,0.1 2.02571
0.75,0.7,0.15 0.506394
0.75,0.7,0.2 0.0434727
0.75,0.7,0.25 0.325075
0.75,0.7,0.3 0.147194
0.75,0.7,0.35 0.00072694
0.75,0.75,0 2.65197e-11
0.75,0.75,0.05 0.114227
0.75,0.75,0.1 0.456068
0.75,0.75,0.15 0.113807
0.75,0.75,0.2 0.00238312
0.75,0.75,0.25 0.0178202
0.75,0.75,0.3 0.00806898
0.75,0.75,0.35 3.98499e-05
0.75,0.8,0 6.47176e-09
0.75,0.8,0.05 30.6451
0.75,0.8,0.1 122.361
0.75,0.8,0.15 30.5357
0.75,0.85,0 2.26947e-08
0.75,0.85,0.05 108.816
0.75,0.85,0.1 434.491
0.75,0.85,0.15 108.43
0.75,0.9,0 5.3693e-09
0.75,0.9,0.05 25.8896
0.75,0.9,0.1 103.375
0.75,0.9,0.15 25.7978
0.8,0.05,0 1.96048e-11
0.8,0.05,0.05 1.15495
0.8,0.05,0.1 4.61623
0.8,0.05,0.15 1.15317
0.8,0.1,0 2.31151e-10
0.8,0.1,0.05 13.6174
0.8,0.1,0.1 54.4276
0.8,0.1,0.15 13.5964
0.8,0.15,0 1.50684e-10
0.8,0.15,0.05 8.87703
0.8,0.15,0.1 35.4807
0.8,0.15,0.15 8.86723
0.8,0.15,0.2 0.0329039
0.8,0.15,0.25 0.0165557
0.8,0.15,0.3 0.000125706
0.8,0.2,0 2.58221e-12
0.8,0.2,0.05 0.152121
0.8,0.2,0.1 0.608017
0.8,0.2,0.15 0.185167
0.8,0.2,0.2 0.281699
0.8,0.2,0.25 0.141738
0.8,0.2,0.3 0.0010762
0.8,0.25,0.15 0.0169039
0.8,0.25,0.2 0.143082
0.8,0.25,0.25 0.0719924
0.8,0.25,0.3 0.000546631
0.8,0.3,0.05 1.02014e-06
0.8,0.3,0.1 0.192847
0.8,0.3,0.15 0.731932
0.8,0.3,0.2 0.177676
0.8,0.3,0.25 0.00221543
0.8,0.3,0.3 1.85066e-05
0.8,0.35,0.05 0.000971234
0.8,0.35,0.1 6.33351
0.8,0.35,0.15 24.5255
0.8,0.35,0.2 11.0879
0.8,0.35,0.25 2.82904
0.8,0.35,0.3 0.024371
0.8,0.4,0 1.57474e-14
0.8,0.4,0.05 0.0945866
0.8,0.4,0.1 12.1848
0.8,0.4,0.15 37.2064
0.8,0.4,0.2 23.8859
0.8,0.4,0.25 8.63085
0.8,0.4,0.3 0.0743624
0.8,0.45,0 1.17854e-12
0.8,0.45,0.05 0.428712
0.8,0.45,0.1 9.96254
0.8,0.45,0.15 14.8598
0.8,0.45,0.2 4.95716
0.8,0.45,0.25 1.80401
0.8,0.45,0.3 0.0184835
0.8,0.5,0 9.62276e-12
0.8,0.5,0.05 3.19925
0.8,0.5,0.1 13.6252
0.8,0.5,0.15 4.6821
0.8,0.5,0.2 0.768423
0.8,0.5,0.25 0.384419
0.8,0.5,0.3 0.0100014
0.8,0.55,0 1.89067e-10
0.8,0.55,0.05 70.5956
0.8,0.55,0.1 282.267
0.8,0.55,0.15 70.557
0.8,0.55,0.2 0.192149
0.8,0.55,0.25 0.127367
0.8,0.55,0.3 0.00249819
0.8,0.6,0 1.97184e-10
0.8,0.6,0.05 140.991
0.8,0.6,0.1 563.826
0.8,0.6,0.15 140.923
0.8,0.6,0.2 0.0105198
0.8,0.6,0.25 0.00661875
0.8,0.6,0.3 0.000102996
0.8,0.65,0 1.01062e-11
0.8,0.65,0.05 77.1781
0.8,0.65,0.1 308.687
0.8,0.65,0.15 77.1654
0.8,0.7,0 2.27173e-13
0.8,0.7,0.05 4.71673
0.8,0.7,0.1 18.8652
0.8,0.7,0.15 4.71587
0.8,0.75,0 2.78316e-10
0.8,0.75,0.05 1.40664
0.8,0.75,0.1 5.61753
0.8,0.75,0.15 1.40214
0.8,0.8,0 1.35993e-08
0.8,0.8,0.05 59.6748
0.8,0.8,0.1 238.264
0.8,0.8,0.15 59.5045
0.8,0.8,0.2 0.072102
0.8,0.8,0.25 0.00607317
0.8,0.85,0 2.1173e-08
0.8,0.85,0.05 93.7068
0.8,0.85,0.1 374.149
0.8,0.85,0.15 93.6403
0.8,0.85,0.2 0.418879
0.8,0.85,0.25 0.0352823
0.8,0.9,0 2.16719e-09
0.8,0.9,0.05 9.81897
0.8,0.9,0.1 39.2065
0.8,0.9,0.15 9.88232
0.8,0.9,0.2 0.150881
0.8,0.9,0.25 0.0127087
0.8,0.95,0.1 2.28378e-06
0.8,0.95,0.15 0.000131494
0.8,0.95,0.2 0.000200696
0.8,0.95,0.25 1.69047e-05
0.85,0.05,0 1.24806e-10
0.85,0.05,0.05 7.35247
0.85,0.05,0.1 29.3872
0.85,0.05,0.15 7.34114
0.85,0.1,0 1.47152e-09
0.85,0.1,0.05 86.6892
0.85,0.1,0.1 346.489
0.85,0.1,0.15 86.5556
0.85,0.15,0 9.59267e-10
0.85,0.15,0.05 56.5117
0.85,0.15,0.1 225.873
0.85,0.15,0.15 56.4246
0.85,0.2,0 1.64385e-11
0.85,0.2,0.05 0.968414
0.85,0.2,0.1 3.87067
0.85,0.2,0.15 0.966922
0.85,0.35,0.05 0.018219
0.85,0.35,0.1 0.929357
0.85,0.35,0.15 1.35348
0.85,0.35,0.2 0.106819
0.85,0.4,0 1.61239e-12
0.85,0.4,0.05 2.12784
0.85,0.4,0.1 91.635
0.85,0.4,0.15 131.719
0.85,0.4,0.2 10.3671
0.85,0.45,0 1.20671e-10
0.85,0.45,0.05 30.1358
0.85,0.45,0.1 271.929
0.85,0.45,0.15 266.204
0.85,0.45,0.2 18.8873
0.85,0.5,0 2.06168e-10
0.85,0.5,0.05 46.8528
0.85,0.5,0.1 203.4
0.85,0.5,0.15 71.8765
0.85,0.5,0.2 2.00553
0.85,0.55,0 1.15474e-10
0.85,0.55,0.05 39.9523
0.85,0.55,0.1 159.742
0.85,0.55,0.15 39.9188
0.85,0.6,0 1.00327e-10
0.85,0.6,0.05 65.0686
0.85,0.6,0.1 260.206
0.85,0.6,0.15 65.0344
0.85,0.65,0 8.67211e-12
0.85,0.65,0.05 57.5541
0.85,0.65,0.1 230.19
0.85,0.65,0.15 57.5406
0.85,0.7,0 8.47068e-12
0.85,0.7,0.05 60.7193
0.85,0.7,0.1 242.84
0.85,0.7,0.15 60.7005
0.85,0.75,0 1.79695e-10
0.85,0.75,0.05 10.525
0.85,0.75,0.1 42.0858
0.85,0.75,0.15 10.5179
0.85,0.8,0 7.95205e-09
0.85,0.8,0.05 72.5733
0.85,0.8,0.1 290.224
0.85,0.8,0.15 87.9537
0.85,0.8,0.2 23.7336
0.85,0.8,0.25 1.99909
0.85,0.85,0 1.09868e-08
0.85,0.85,0.05 89.5657
0.85,0.85,0.1 359.387
0.85,0.85,0.15 179.682
0.85,0.85,0.2 137.881
0.85,0.85,0.25 11.6138
0.85,0.9,0 8.06315e-10
0.85,0.9,0.05 5.64828
0.85,0.9,0.1 23.1277
0.85,0.9,0.15 38.1729
0.85,0.9,0.2 49.6649
0.85,0.9,0.25 4.18329
0.85,0.95,0.1 0.000751747
0.85,0.95,0.15 0.0432835
0.85,0.95,0.2 0.0660626
0.85,0.95,0.25 0.00556447
0.9,0.05,0 4.89436e-11
0.9,0.05,0.05 2.88334
0.9,0.05,0.1 11.5245
0.9,0.05,0.15 2.87889
0.9,0.1,0 5.77069e-10
0.9,0.1,0.05 33.9959
0.9,0.1,0.1 135.879
0.9,0.1,0.15 33.9435
0.9,0.15,0 3.76185e-10
0.9,0.15,0.05 22.1616
0.9,0.15,0.1 88.578
0.9,0.15,0.15 22.1274
0.9,0.2,0 6.4465e-12
0.9,0.2,0.05 0.379772
0.9,0.2,0.1 1.51792
0.9,0.2,0.15 0.379187
0.9,0.35,0.05 0.0165298
0.9,0.35,0.1 0.843193
0.9,0.35,0.15 1.22799
0.9,0.35,0.2 0.0969155
0.9,0.4,0 2.98509e-12
0.9,0.4,0.05 2.27007
0.9,0.4,0.1 84.4965
0.9,0.4,0.15 119.846
0.9,0.4,0.2 9.40597
0.9,0.45,0 2.23404e-10
0.9,0.45,0.05 52.7506
0.9,0.45,0.1 348.302
0.9,0.45,0.15 266.907
0.9,0.45,0.2 17.1362
0.9,0.5,0 3.74512e-10
0.9,0.5,0.05 83.8451
0.9,0.5,0.1 349.805
0.9,0.5,0.15 106.508
0.9,0.5,0.2 1.81959
0.9,0.55,0 3.65142e-11
0.9,0.55,0.05 8.25105
0.9,0.55,0.1 32.988
0.9,0.55,0.15 8.24293
0.9,0.6,0 8.14264e-13
0.9,0.6,0.05 0.51691
0.9,0.6,0.1 2.06705
0.9,0.6,0.15 0.516613
0.9,0.65,0 5.11004e-12
0.9,0.65,0.05 35.6933
0.9,0.65,0.1 142.751
0.9,0.65,0.15 35.6821
0.9,0.7,0 1.17393e-11
0.9,0.7,0.05 82.3675
0.9,0.7,0.1 329.418
0.9,0.7,0.15 82.3416
0.9,0.75,0 2.30819e-11
0.9,0.75,0.05 13.8493
0.9,0.75,0.1 55.3843
0.9,0.75,0.15 13.8429
0.9,0.8,0 6.31785e-10
0.9,0.8,0.05 61.7132
0.9,0.8,0.1 247.357
0.9,0.8,0.15 99.5492
0.9,0.8,0.2 57.8659
0.9,0.8,0.25 4.87405
0.9,0.85,0 7.26178e-10
0.9,0.85,0.05 68.1559
0.9,0.85,0.1 276.278
0.9,0.85,0.15 288.328
0.9,0.85,0.2 336.174
0.9,0.85,0.25 28.316
0.9,0.9,0 4.0616e-11
0.9,0.9,0.05 3.52351
0.9,0.9,0.1 15.4631
0.9,0.9,0.15 82.8559
0.9,0.9,0.2 121.09
0.9,0.9,0.25 10.1994
0.9,0.95,0.1 0.00183286
0.9,0.95,0.15 0.105531
0.9,0.95,0.2 0.16107
0.9,0.95,0.25 0.0135669
0.95,0.05,0 1.15116e-13
0.95,0.05,0.05 0.00678165
0.95,0.05,0.1 0.0271057
0.95,0.05,0.15 0.0067712
0.95,0.1,0 1.35728e-12
0.95,0.1,0.05 0.079959
0.95,0.1,0.1 0.319589
0.95,0.1,0.15 0.0798357
0.95,0.15,0 8.84793e-13
0.95,0.15,0.05 0.0521244
0.95,0.15,0.1 0.208337
0.95,0.15,0.15 0.052044
0.95,0.2,0 1.51623e-14
0.95,0.2,0.05 0.000893231
0.95,0.2,0.1 0.00357017
0.95,0.2,0.15 0.000891854
0.95,0.35,0.05 0.00059915
0.95,0.35,0.1 0.0305628
0.95,0.35,0.15 0.0445105
0.95,0.35,0.2 0.00351285
0.95,0.4,0 3.23381e-13
0.95,0.4,0.05 0.130276
0.95,0.4,0.1 3.25459
0.95,0.4,0.15 4.39194
0.95,0.4,0.2 0.340934
0.95,0.45,0 2.42019e-11
0.95,0.45,0.05 5.50389
0.95,0.45,0.1 26.9851
0.95,0.45,0.15 13.2628
0.95,0.45,0.2 0.621128
0.95,0.5,0 4.05683e-11
0.95,0.5,0.05 9.05955
0.95,0.5,0.1 36.7491
0.95,0.5,0.15 9.87503
0.95,0.5,0.2 0.065954
0.95,0.55,0 3.87302e-12
0.95,0.55,0.05 0.863833
0.95,0.55,0.1 3.45362
0.95,0.55,0.15 0.862979
0.95,0.6,0 1.48447e-15
0.95,0.6,0.05 0.0104151
0.95,0.6,0.1 0.041654
0.95,0.6,0.15 0.0104119
0.95,0.65,0 3.7401e-13
0.95,0.65,0.05 2.62407
0.95,0.65,0.1 10.4946
0.95,0.65,0.15 2.62325
0.95,0.7,0 8.6566e-13
0.95,0.7,0.05 6.07352
0.95,0.7,0.1 24.2903
0.95,0.7,0.15 6.07161
0.95,0.75,0 1.75853e-12
0.95,0.75,0.05 1.04604
0.95,0.75,0.1 4.18317
0.95,0.75,0.15 1.04554
0.95,0.8,0 4.51572e-11
0.95,0.8,0.05 5.22184
0.95,0.8,0.1 20.973
0.95,0.8,0.15 10.8844
0.95,0.8,0.2 8.65243
0.95,0.8,0.25 0.728796
0.95,0.85,0 4.97777e-11
0.95,0.85,0.05 5.75614
0.95,0.85,0.1 23.5824
0.95,0.85,0.15 38.6832
0.95,0.85,0.2 50.2666
0.95,0.85,0.25 4.23397
0.95,0.9,0 2.56326e-12
0.95,0.9,0.05 0.296408
0.95,0.9,0.1 1.39094
0.95,0.9,0.15 12.1589
0.95,0.9,0.2 18.1061
0.95,0.9,0.25 1.52508
0.95,0.95,0.1 0.00027406
0.95,0.95,0.15 0.0157796
0.95,0.95,0.2 0.0240841
0.95,0.95,0.25 0.00202861
