0,0.4,0.15 7.78042e-11
0,0.4,0.2 4.47074e-10
0,0.4,0.25 2.18242e-10
0,0.4,0.3 1.06806e-11
0,0.45,0.15 8.10111e-08
0,0.45,0.2 4.39675e-07
0,0.45,0.25 1.7263e-07
0,0.45,0.3 4.38285e-09
0,0.5,0.15 2.34277e-07
0,0.5,0.2 1.26553e-06
0,0.5,0.25 4.86609e-07
0,0.5,0.3 1.11173e-08
0,0.55,0.15 4.21038e-08
0,0.55,0.2 2.26438e-07
0,0.55,0.25 8.53361e-08
0,0.55,0.3 1.73685e-09
0.05,0.1,0.15 0.0074584
0.05,0.1,0.2 3.11899
0.05,0.1,0.25 7.93142
0.05,0.1,0.3 1.24214
0.05,0.15,0.05 0.00222138
0.05,0.15,0.1 0.0150129
0.05,0.15,0.15 0.0647966
0.05,0.15,0.2 24.5835
0.05,0.15,0.25 63.3929
0.05,0.15,0.3 10.5134
0.05,0.15,0.35 0.0150445
0.05,0.2,0.05 0.0214159
0.05,0.2,0.1 0.232547
0.05,0.2,0.15 0.190847
0.05,0.2,0.2 14.0159
0.05,0.2,0.25 60.7121
0.05,0.2,0.3 26.4205
0.05,0.2,0.35 3.07223
0.05,0.2,0.4 5.03849
0.05,0.2,0.45 0.588519
0.05,0.25,0.05 0.0897751
0.05,0.25,0.1 1.68932
0.05,0.25,0.15 1.52427
0.05,0.25,0.2 2.89099
0.05,0.25,0.25 37.3427
0.05,0.25,0.3 43.2082
0.05,0.25,0.35 44.5755
0.05,0.25,0.4 58.444
0.05,0.25,0.45 6.77687
0.05,0.3,0.05 0.0564898
0.05,0.3,0.1 1.11073
0.05,0.3,0.15 1.01517
0.05,0.3,0.2 0.199804
0.05,0.3,0.25 4.59163
0.05,0.3,0.3 40.026
0.05,0.3,0.35 50.8309
0.05,0.3,0.4 38.1427
0.05,0.3,0.45 4.34167
0.05,0.35,0.05 0.00105333
0.05,0.35,0.1 0.324853
0.05,0.35,0.15 10.1722
0.05,0.35,0.2 12.2979
0.05,0.35,0.25 1.0329
0.05,0.35,0.3 5.03915
0.05,0.35,0.35 4.53574
0.05,0.35,0.4 0.738774
0.05,0.35,0.45 0.0711391
0.05,0.35,0.5 8.84032e-06
0.05,0.4,0.1 1.2813
0.05,0.4,0.15 42.8102
0.05,0.4,0.2 51.9442
0.05,0.4,0.25 3.21796
0.05,0.4,0.3 0.0120817
0.05,0.4,0.35 0.00311825
0.05,0.4,0.4 0.110354
0.05,0.4,0.45 0.140485
0.05,0.4,0.5 0.00910583
0.05,0.45,0.1 0.434444
0.05,0.45,0.15 18.7302
0.05,0.45,0.2 67.4376
0.05,0.45,0.25 52.269
0.05,0.45,0.3 12.4389
0.05,0.45,0.35 1.55329
0.05,0.45,0.4 0.521381
0.05,0.45,0.45 0.418241
0.05,0.45,0.5 0.0262976
0.05,0.5,0.1 2.15759
0.05,0.5,0.15 29.7235
0.05,0.5,0.2 150.787
0.05,0.5,0.25 138.254
0.05,0.5,0.3 46.1161
0.05,0.5,0.35 19.3017
0.05,0.5,0.4 19.212
0.05,0.5,0.45 5.3794
0.05,0.5,0.5 0.23269
0.05,0.55,0.1 2.13926
0.05,0.55,0.15 13.3168
0.05,0.55,0.2 28.2707
0.05,0.55,0.25 38.2971
0.05,0.55,0.3 79.6092
0.05,0.55,0.35 44.1643
0.05,0.55,0.4 75.0041
0.05,0.55,0.45 56.088
0.05,0.55,0.5 2.86443
0.05,0.6,0.1 0.0916242
0.05,0.6,0.15 0.417832
0.05,0.6,0.2 0.11904
0.05,0.6,0.25 11.3417
0.05,0.6,0.3 50.296
0.05,0.6,0.35 17.2142
0.05,0.6,0.4 35.873
0.05,0.6,0.45 37.2962
0.05,0.6,0.5 1.95513
0.05,0.65,0.25 0.380101
0.05,0.65,0.3 1.76376
0.05,0.65,0.35 0.539803
0.05,0.65,0.4 0.641831
0.05,0.65,0.45 0.716882
0.05,0.65,0.5 0.037754
0.05,0.7,0.25 0.832721
0.05,0.7,0.3 4.74258
0.05,0.7,0.35 1.67655
0.05,0.7,0.4 0.00192943
0.05,0.75,0.25 0.506847
0.05,0.75,0.3 2.88664
0.05,0.75,0.35 1.02046
0.05,0.75,0.4 0.00117438
0.05,0.8,0.25 0.00718126
0.05,0.8,0.3 0.0408993
0.05,0.8,0.35 0.0144583
0.05,0.8,0.4 1.66392e-05
0.1,0.05,0.15 0.000140631
0.1,0.05,0.2 0.00363481
0.1,0.05,0.25 0.00387217
0.1,0.05,0.3 0.0160915
0.1,0.05,0.35 0.134318
0.1,0.05,0.4 0.0674595
0.1,0.05,0.45 0.000508727
0.1,0.1,0.15 0.045173
0.1,0.1,0.2 18.5009
0.1,0.1,0.25 47.0876
0.1,0.1,0.3 7.69878
0.1,0.1,0.35 2.25504
0.1,0.1,0.4 1.13152
0.1,0.1,0.45 0.00853302
0.1,0.15,0.05 2.88374
0.1,0.15,0.1 19.4894
0.1,0.15,0.15 8.41901
0.1,0.15,0.2 145.987
0.1,0.15,0.25 378.776
0.1,0.15,0.3 64.8275
0.1,0.15,0.35 2.52145
0.1,0.15,0.4 2.42269
0.1,0.15,0.45 0.276669
0.1,0.2,0.05 19.5338
0.1,0.2,0.1 139.315
0.1,0.2,0.15 69.663
0.1,0.2,0.2 113.195
0.1,0.2,0.25 446.998
0.1,0.2,0.3 214.074
0.1,0.2,0.35 29.6412
0.1,0.2,0.4 57.9288
0.1,0.2,0.45 8.67998
0.1,0.25,0.05 14.6413
0.1,0.25,0.1 189.995
0.1,0.25,0.15 173.767
0.1,0.25,0.2 106.56
0.1,0.25,0.25 440.567
0.1,0.25,0.3 465.296
0.1,0.25,0.35 296.803
0.1,0.25,0.4 356.452
0.1,0.25,0.45 43.0184
0.1,0.3,0.05 4.81684
0.1,0.3,0.1 98.2088
0.1,0.3,0.15 99.3964
0.1,0.3,0.2 23.1772
0.1,0.3,0.25 84.9933
0.1,0.3,0.3 353.952
0.1,0.3,0.35 351.682
0.1,0.3,0.4 217.231
0.1,0.3,0.45 24.573
0.1,0.35,0.05 0.117663
0.1,0.35,0.1 5.15255
0.1,0.35,0.15 66.2878
0.1,0.35,0.2 75.8568
0.1,0.35,0.25 6.83249
0.1,0.35,0.3 38.3274
0.1,0.35,0.35 33.8431
0.1,0.35,0.4 4.44284
0.1,0.35,0.45 0.44257
0.1,0.35,0.5 0.00283456
0.1,0.4,0.05 5.8238e-08
0.1,0.4,0.1 8.21809
0.1,0.4,0.15 288.486
0.1,0.4,0.2 361.5
0.1,0.4,0.25 23.7063
0.1,0.4,0.3 0.201201
0.1,0.4,0.35 1.14626
0.1,0.4,0.4 35.4252
0.1,0.4,0.45 45.0524
0.1,0.4,0.5 2.92011
0.1,0.45,0.05 0.910823
0.1,0.45,0.1 9.30602
0.1,0.45,0.15 191.655
0.1,0.45,0.2 441.879
0.1,0.45,0.25 263.127
0.1,0.45,0.3 133.635
0.1,0.45,0.35 38.723
0.1,0.45,0.4 110.284
0.1,0.45,0.45 130.835
0.1,0.45,0.5 8.45887
0.1,0.5,0.05 4.77199
0.1,0.5,0.1 69.3219
0.1,0.5,0.15 352.198
0.1,0.5,0.2 740.846
0.1,0.5,0.25 686.796
0.1,0.5,0.3 529.669
0.1,0.5,0.35 338.805
0.1,0.5,0.4 302.935
0.1,0.5,0.45 60.7569
0.1,0.5,0.5 2.66844
0.1,0.55,0.05 1.5575
0.1,0.55,0.1 54.6404
0.1,0.55,0.15 269.425
0.1,0.55,0.2 230.961
0.1,0.55,0.25 240.712
0.1,0.55,0.3 705.107
0.1,0.55,0.35 546.75
0.1,0.55,0.4 637.786
0.1,0.55,0.45 290.681
0.1,0.55,0.5 14.0232
0.1,0.6,0.05 0.000866515
0.1,0.6,0.1 2.05853
0.1,0.6,0.15 11.474
0.1,0.6,0.2 6.84155
0.1,0.6,0.25 70.3043
0.1,0.6,0.3 321.78
0.1,0.6,0.35 129.082
0.1,0.6,0.4 219.621
0.1,0.6,0.45 205.861
0.1,0.6,0.5 10.5926
0.1,0.65,0.1 0.135479
0.1,0.65,0.15 3.39257
0.1,0.65,0.2 29.1626
0.1,0.65,0.25 33.1499
0.1,0.65,0.3 31.5646
0.1,0.65,0.35 11.8698
0.1,0.65,0.4 33.0334
0.1,0.65,0.45 29.512
0.1,0.65,0.5 1.33533
0.1,0.7,0.1 0.261916
0.1,0.7,0.15 7.25404
0.1,0.7,0.2 68.3037
0.1,0.7,0.25 98.5087
0.1,0.7,0.3 220.107
0.1,0.7,0.35 76.7911
0.1,0.7,0.4 4.43239
0.1,0.7,0.45 2.0198
0.1,0.7,0.5 0.0587438
0.1,0.75,0.1 0.0299251
0.1,0.75,0.15 0.953403
0.1,0.75,0.2 10.0111
0.1,0.75,0.25 31.5019
0.1,0.75,0.3 130.969
0.1,0.75,0.35 46.1487
0.1,0.75,0.4 0.0726932
0.1,0.75,0.45 0.0048113
0.1,0.8,0.25 0.324681
0.1,0.8,0.3 1.84915
0.1,0.8,0.35 0.653693
0.1,0.8,0.4 0.000752293
0.15,0.05,0 3.77742e-13
0.15,0.05,0.05 0.00767793
0.15,0.05,0.1 0.030678
0.15,0.05,0.15 0.465853
0.15,0.05,0.2 11.8427
0.15,0.05,0.25 12.616
0.15,0.05,0.3 1.74823
0.15,0.05,0.35 9.58968
0.15,0.05,0.4 4.81771
0.15,0.05,0.45 0.036418
0.15,0.1,0 2.55832e-10
0.15,0.1,0.05 5.19999
0.15,0.1,0.1 20.7771
0.15,0.1,0.15 8.49218
0.15,0.1,0.2 92.2446
0.15,0.1,0.25 115.621
0.15,0.1,0.3 32.3964
0.15,0.1,0.35 161.098
0.15,0.1,0.4 80.8741
0.15,0.1,0.45 0.613023
0.15,0.15,0 7.00245e-10
0.15,0.15,0.05 22.7815
0.15,0.15,0.1 114.67
0.15,0.15,0.15 41.3307
0.15,0.15,0.2 103.375
0.15,0.15,0.25 316.382
0.15,0.15,0.3 148.827
0.15,0.15,0.35 141.483
0.15,0.15,0.4 81.2746
0.15,0.15,0.45 3.05013
0.15,0.2,0 1.18728e-10
0.15,0.2,0.05 60.1313
0.15,0.2,0.1 411.451
0.15,0.2,0.15 227.651
0.15,0.2,0.2 255.839
0.15,0.2,0.25 516.04
0.15,0.2,0.3 244.13
0.15,0.2,0.35 140.998
0.15,0.2,0.4 317.917
0.15,0.2,0.45 52.8368
0.15,0.25,0.05 42.8117
0.15,0.25,0.1 463.22
0.15,0.25,0.15 519.156
0.15,0.25,0.2 619.302
0.15,0.25,0.25 761.173
0.15,0.25,0.3 551.086
0.15,0.25,0.35 325.432
0.15,0.25,0.4 445.359
0.15,0.25,0.45 62.3303
0.15,0.3,0 2.09957e-10
0.15,0.3,0.05 16.8526
0.15,0.3,0.1 349.456
0.15,0.3,0.15 440.524
0.15,0.3,0.2 195.367
0.15,0.3,0.25 200.074
0.15,0.3,0.3 313.031
0.15,0.3,0.35 213.611
0.15,0.3,0.4 111.397
0.15,0.3,0.45 10.7243
0.15,0.35,0 4.53044e-09
0.15,0.35,0.05 1.73682
0.15,0.35,0.1 49.6813
0.15,0.35,0.15 91.4749
0.15,0.35,0.2 41.3402
0.15,0.35,0.25 8.18859
0.15,0.35,0.3 19.4288
0.15,0.35,0.35 16.8297
0.15,0.35,0.4 2.36918
0.15,0.35,0.45 0.25235
0.15,0.35,0.5 0.00687752
0.15,0.4,0 4.37054e-09
0.15,0.4,0.05 0.600726
0.15,0.4,0.1 9.33765
0.15,0.4,0.15 204.556
0.15,0.4,0.2 259.864
0.15,0.4,0.25 20.0209
0.15,0.4,0.3 2.2416
0.15,0.4,0.35 6.12324
0.15,0.4,0.4 90.0819
0.15,0.4,0.45 111.306
0.15,0.4,0.5 7.15645
0.15,0.45,0 1.77984e-10
0.15,0.45,0.05 14.3169
0.15,0.45,0.1 73.1042
0.15,0.45,0.15 404.801
0.15,0.45,0.2 648.406
0.15,0.45,0.25 275.521
0.15,0.45,0.3 292.713
0.15,0.45,0.35 273.963
0.15,0.45,0.4 374.297
0.15,0.45,0.45 399.494
0.15,0.45,0.5 25.0862
0.15,0.5,0 4.8352e-15
0.15,0.5,0.05 74.8778
0.15,0.5,0.1 379.296
0.15,0.5,0.15 614.29
0.15,0.5,0.2 741.852
0.15,0.5,0.25 578.603
0.15,0.5,0.3 776.145
0.15,0.5,0.35 733.745
0.15,0.5,0.4 494.056
0.15,0.5,0.45 205.356
0.15,0.5,0.5 11.3629
0.15,0.55,0.05 24.4388
0.15,0.55,0.1 155.643
0.15,0.55,0.15 419.209
0.15,0.55,0.2 408.675
0.15,0.55,0.25 214.293
0.15,0.55,0.3 676.357
0.15,0.55,0.35 568.408
0.15,0.55,0.4 476.549
0.15,0.55,0.45 121.605
0.15,0.55,0.5 5.25138
0.15,0.6,0.05 0.0135966
0.15,0.6,0.1 2.20553
0.15,0.6,0.15 29.2031
0.15,0.6,0.2 76.2137
0.15,0.6,0.25 96.4044
0.15,0.6,0.3 296.934
0.15,0.6,0.35 133.851
0.15,0.6,0.4 299.403
0.15,0.6,0.45 258.338
0.15,0.6,0.5 12.0193
0.15,0.65,0.1 6.8831
0.15,0.65,0.15 111.896
0.15,0.65,0.2 350.434
0.15,0.65,0.25 397.539
0.15,0.65,0.3 179.908
0.15,0.65,0.35 93.2912
0.15,0.65,0.4 457.045
0.15,0.65,0.45 274.123
0.15,0.65,0.5 10.0471
0.15,0.7,0.1 13.3068
0.15,0.7,0.15 202.535
0.15,0.7,0.2 499.762
0.15,0.7,0.25 522.317
0.15,0.7,0.3 447.813
0.15,0.7,0.35 145.815
0.15,0.7,0.4 130.936
0.15,0.7,0.45 39.9632
0.15,0.7,0.5 0.509886
0.15,0.75,0.1 1.52036
0.15,0.75,0.15 23.48
0.15,0.75,0.2 61.5695
0.15,0.75,0.25 79.8309
0.15,0.75,0.3 202.041
0.15,0.75,0.35 75.917
0.15,0.75,0.4 1.92144
0.15,0.75,0.45 0.260159
0.15,0.8,0.15 6.39567e-05
0.15,0.8,0.2 0.00805752
0.15,0.8,0.25 0.618557
0.15,0.8,0.3 5.12778
0.15,0.8,0.35 3.05148
0.15,0.8,0.4 0.100787
0.15,0.8,0.45 0.00369251
0.2,0.05,0 2.59192e-12
0.2,0.05,0.05 0.0526829
0.2,0.05,0.1 0.2105
0.2,0.05,0.15 1.52961
0.2,0.05,0.2 38.1932
0.2,0.05,0.25 40.7364
0.2,0.05,0.3 3.97928
0.2,0.05,0.35 17.876
0.2,0.05,0.4 9.73561
0.2,0.05,0.45 0.119625
0.2,0.1,0 1.75541e-09
0.2,0.1,0.05 35.6802
0.2,0.1,0.1 142.564
0.2,0.1,0.15 46.2067
0.2,0.1,0.2 275.68
0.2,0.1,0.25 311.862
0.2,0.1,0.3 63.7356
0.2,0.1,0.35 340.271
0.2,0.1,0.4 198.143
0.2,0.1,0.45 3.16597
0.2,0.15,0 4.8048e-09
0.2,0.15,0.05 99.2381
0.2,0.15,0.1 401.456
0.2,0.15,0.15 143.752
0.2,0.15,0.2 219.46
0.2,0.15,0.25 511.96
0.2,0.15,0.3 299.561
0.2,0.15,0.35 324.018
0.2,0.15,0.4 201.164
0.2,0.15,0.45 4.99688
0.2,0.2,0 8.14661e-10
0.2,0.2,0.05 31.8272
0.2,0.2,0.1 162.381
0.2,0.2,0.15 243.532
0.2,0.2,0.2 425.195
0.2,0.2,0.25 502.27
0.2,0.2,0.3 300.533
0.2,0.2,0.35 293.76
0.2,0.2,0.4 333.938
0.2,0.2,0.45 34.7179
0.2,0.25,0.05 75.1753
0.2,0.25,0.1 403.406
0.2,0.25,0.15 324.555
0.2,0.25,0.2 631.153
0.2,0.25,0.25 523.358
0.2,0.25,0.3 470.174
0.2,0.25,0.35 804.618
0.2,0.25,0.4 612.031
0.2,0.25,0.45 40.0988
0.2,0.3,0 1.40098e-08
0.2,0.3,0.05 57.8916
0.2,0.3,0.1 434.941
0.2,0.3,0.15 410.19
0.2,0.3,0.2 634.05
0.2,0.3,0.25 490.008
0.2,0.3,0.3 296.57
0.2,0.3,0.35 343.113
0.2,0.3,0.4 175.012
0.2,0.3,0.45 4.00152
0.2,0.35,0 3.02302e-07
0.2,0.35,0.05 43.7144
0.2,0.35,0.1 222.432
0.2,0.35,0.15 162.019
0.2,0.35,0.2 104.253
0.2,0.35,0.25 54.4204
0.2,0.35,0.3 7.86639
0.2,0.35,0.35 9.07931
0.2,0.35,0.4 4.98385
0.2,0.35,0.45 0.230682
0.2,0.35,0.5 0.00102283
0.2,0.4,0 2.91925e-07
0.2,0.4,0.05 48.2748
0.2,0.4,0.1 214.408
0.2,0.4,0.15 311.586
0.2,0.4,0.2 184.743
0.2,0.4,0.25 15.8713
0.2,0.4,0.3 6.23132
0.2,0.4,0.35 14.7107
0.2,0.4,0.4 64.2612
0.2,0.4,0.45 33.083
0.2,0.4,0.5 1.20898
0.2,0.45,0 1.28893e-08
0.2,0.45,0.05 42.8036
0.2,0.45,0.1 222.612
0.2,0.45,0.15 533.559
0.2,0.45,0.2 500.414
0.2,0.45,0.25 181.254
0.2,0.45,0.3 372.416
0.2,0.45,0.35 396.778
0.2,0.45,0.4 530.344
0.2,0.45,0.45 312.492
0.2,0.45,0.5 13.1124
0.2,0.5,0 2.18887e-10
0.2,0.5,0.05 73.9765
0.2,0.5,0.1 404.563
0.2,0.5,0.15 590.661
0.2,0.5,0.2 570.514
0.2,0.5,0.25 294.183
0.2,0.5,0.3 784.183
0.2,0.5,0.35 706.213
0.2,0.5,0.4 595.437
0.2,0.5,0.45 407.827
0.2,0.5,0.5 18.5521
0.2,0.55,0.05 24.9573
0.2,0.55,0.1 137.559
0.2,0.55,0.15 229.374
0.2,0.55,0.2 350.577
0.2,0.55,0.25 202.886
0.2,0.55,0.3 700.595
0.2,0.55,0.35 464.335
0.2,0.55,0.4 406.212
0.2,0.55,0.45 116.187
0.2,0.55,0.5 3.08533
0.2,0.6,0.05 0.267701
0.2,0.6,0.1 2.07664
0.2,0.6,0.15 136.269
0.2,0.6,0.2 561.105
0.2,0.6,0.25 291.435
0.2,0.6,0.3 537.48
0.2,0.6,0.35 309.391
0.2,0.6,0.4 459.757
0.2,0.6,0.45 163.063
0.2,0.6,0.5 4.74887
0.2,0.65,0.05 1.82335
0.2,0.65,0.1 28.631
0.2,0.65,0.15 230.913
0.2,0.65,0.2 713.157
0.2,0.65,0.25 587.124
0.2,0.65,0.3 261.579
0.2,0.65,0.35 279.235
0.2,0.65,0.4 730.465
0.2,0.65,0.45 228.633
0.2,0.65,0.5 5.13444
0.2,0.7,0.05 3.39131
0.2,0.7,0.1 53.986
0.2,0.7,0.15 300.032
0.2,0.7,0.2 462.795
0.2,0.7,0.25 511.946
0.2,0.7,0.3 429.287
0.2,0.7,0.35 348.987
0.2,0.7,0.4 357.489
0.2,0.7,0.45 64.0207
0.2,0.7,0.5 0.261944
0.2,0.75,0.05 0.369503
0.2,0.75,0.1 5.98469
0.2,0.75,0.15 33.8623
0.2,0.75,0.2 96.1955
0.2,0.75,0.25 170.861
0.2,0.75,0.3 325.02
0.2,0.75,0.35 310.051
0.2,0.75,0.4 131.219
0.2,0.75,0.45 12.9871
0.2,0.8,0.15 0.0322718
0.2,0.8,0.2 4.07341
0.2,0.8,0.25 11.0077
0.2,0.8,0.3 48.9994
0.2,0.8,0.35 42.7473
0.2,0.8,0.4 6.74819
0.2,0.8,0.45 0.578388
0.25,0.05,0 1.08787e-12
0.25,0.05,0.05 0.0221119
0.25,0.05,0.1 0.0883506
0.25,0.05,0.15 0.319143
0.25,0.05,0.2 9.81386
0.25,0.05,0.25 17.1326
0.25,0.05,0.3 8.42776
0.25,0.05,0.35 10.7492
0.25,0.05,0.4 5.56818
0.25,0.05,0.45 0.163556
0.25,0.1,0 7.36776e-10
0.25,0.1,0.05 14.9756
0.25,0.1,0.1 59.8751
0.25,0.1,0.15 18.9637
0.25,0.1,0.2 96.9939
0.25,0.1,0.25 226.879
0.25,0.1,0.3 139.234
0.25,0.1,0.35 277.736
0.25,0.1,0.4 185.376
0.25,0.1,0.45 5.80881
0.25,0.15,0 2.01665e-09
0.25,0.15,0.05 41.2812
0.25,0.15,0.1 166.737
0.25,0.15,0.15 103.33
0.25,0.15,0.2 301.612
0.25,0.15,0.25 594.875
0.25,0.15,0.3 319.663
0.25,0.15,0.35 345.867
0.25,0.15,0.4 238.234
0.25,0.15,0.45 7.33667
0.25,0.2,0 3.41926e-10
0.25,0.2,0.05 12.0972
0.25,0.2,0.1 63.5277
0.25,0.2,0.15 236.508
0.25,0.2,0.2 670.95
0.25,0.2,0.25 689.57
0.25,0.2,0.3 349.896
0.25,0.2,0.35 380.202
0.25,0.2,0.4 225.496
0.25,0.2,0.45 12.6742
0.25,0.25,0.05 39.5487
0.25,0.25,0.1 196.597
0.25,0.25,0.15 153.632
0.25,0.25,0.2 342.114
0.25,0.25,0.25 228.258
0.25,0.25,0.3 222.356
0.25,0.25,0.35 736.451
0.25,0.25,0.4 472.015
0.25,0.25,0.45 28.7922
0.25,0.3,0 2.25687e-08
0.25,0.3,0.05 31.8703
0.25,0.3,0.1 157.973
0.25,0.3,0.15 129.158
0.25,0.3,0.2 407.257
0.25,0.3,0.25 366.259
0.25,0.3,0.3 178.333
0.25,0.3,0.35 234.364
0.25,0.3,0.4 216.511
0.25,0.3,0.45 30.047
0.25,0.35,0 5.00198e-07
0.25,0.35,0.05 68.3465
0.25,0.35,0.1 306.99
0.25,0.35,0.15 433.668
0.25,0.35,0.2 298.12
0.25,0.35,0.25 149.437
0.25,0.35,0.3 101.638
