0,0.65,0.15 4.34814e-11
0,0.65,0.2 4.64498e-10
0,0.65,0.25 2.81303e-10
0,0.65,0.3 3.92795e-12
0,0.7,0.15 5.32015e-10
0,0.7,0.2 5.68336e-09
0,0.7,0.25 3.44187e-09
0,0.7,0.3 4.80604e-11
0,0.75,0.15 3.56275e-10
0,0.75,0.2 3.80598e-09
0,0.75,0.25 2.30492e-09
0,0.75,0.3 3.21847e-11
0,0.8,0.15 6.55224e-12
0,0.8,0.2 6.99956e-11
0,0.8,0.25 4.23897e-11
0,0.8,0.3 5.91906e-13
0.05,0.1,0.05 0.0301593
0.05,0.1,0.1 6.2247
0.05,0.1,0.15 13.8062
0.05,0.1,0.2 1.85587
0.05,0.1,0.25 6.43911e-05
0.05,0.15,0 1.83915e-16
0.05,0.15,0.05 0.163091
0.05,0.15,0.1 33.6072
0.05,0.15,0.15 76.5519
0.05,0.15,0.2 14.4841
0.05,0.15,0.25 0.593038
0.05,0.15,0.3 0.0170611
0.05,0.15,0.35 0.0435624
0.05,0.15,0.4 0.00689729
0.05,0.2,0 6.19752e-15
0.05,0.2,0.05 0.0865365
0.05,0.2,0.1 11.4465
0.05,0.2,0.15 32.1229
0.05,0.2,0.2 19.1331
0.05,0.2,0.25 12.7673
0.05,0.2,0.3 15.974
0.05,0.2,0.35 5.58341
0.05,0.2,0.4 0.729636
0.05,0.25,0 5.6899e-14
0.05,0.25,0.05 0.366642
0.05,0.25,0.1 1.4855
0.05,0.25,0.15 3.07599
0.05,0.25,0.2 7.22999
0.05,0.25,0.25 41.2164
0.05,0.25,0.3 56.7728
0.05,0.25,0.35 12.2889
0.05,0.25,0.4 1.36386
0.05,0.3,0 3.84023e-14
0.05,0.3,0.05 0.250637
0.05,0.3,0.1 1.00588
0.05,0.3,0.15 1.50369
0.05,0.3,0.2 3.33634
0.05,0.3,0.25 9.96673
0.05,0.3,0.3 12.9447
0.05,0.3,0.35 1.80976
0.05,0.3,0.4 0.14952
0.05,0.35,0 2.9298e-10
0.05,0.35,0.05 1.34787
0.05,0.35,0.1 5.38197
0.05,0.35,0.15 1.40348
0.05,0.35,0.2 0.149685
0.05,0.35,0.25 0.022766
0.05,0.4,0 1.17859e-09
0.05,0.4,0.05 5.4024
0.05,0.4,0.1 21.5718
0.05,0.4,0.15 5.45889
0.05,0.4,0.2 0.245363
0.05,0.4,0.25 0.064776
0.05,0.4,0.3 1.61124e-05
0.05,0.45,0 2.96324e-10
0.05,0.45,0.05 1.39441
0.05,0.45,0.1 5.62761
0.05,0.45,0.15 15.2469
0.05,0.45,0.2 57.9506
0.05,0.45,0.25 15.7933
0.05,0.45,0.3 0.0735719
0.05,0.45,0.35 0.00404049
0.05,0.45,0.4 0.00067722
0.05,0.45,0.45 3.93814e-05
0.05,0.5,0 1.9949e-18
0.05,0.5,0.05 0.71433
0.05,0.5,0.1 3.53453
0.05,0.5,0.15 34.6356
0.05,0.5,0.2 142.096
0.05,0.5,0.25 43.4586
0.05,0.5,0.3 4.7297
0.05,0.5,0.35 0.217669
0.05,0.5,0.4 0.00594397
0.05,0.5,0.45 0.000276943
0.05,0.55,0.05 0.655086
0.05,0.55,0.1 3.21859
0.05,0.55,0.15 6.21477
0.05,0.55,0.2 28.604
0.05,0.55,0.25 71.3616
0.05,0.55,0.3 44.4008
0.05,0.55,0.35 2.31626
0.05,0.55,0.4 0.0642717
0.05,0.55,0.45 0.000118813
0.05,0.6,0.05 0.0242421
0.05,0.6,0.1 0.119068
0.05,0.6,0.15 0.101082
0.05,0.6,0.2 7.53028
0.05,0.6,0.25 67.2989
0.05,0.6,0.3 46.1184
0.05,0.6,0.35 9.15199
0.05,0.6,0.4 1.36982
0.05,0.6,0.45 4.55539e-07
0.05,0.65,0.15 0.601325
0.05,0.65,0.2 6.78843
0.05,0.65,0.25 7.26956
0.05,0.65,0.3 6.36454
0.05,0.65,0.35 13.1745
0.05,0.65,0.4 2.59949
0.05,0.7,0.15 7.30379
0.05,0.7,0.2 78.0242
0.05,0.7,0.25 47.252
0.05,0.7,0.3 1.14324
0.05,0.7,0.35 1.54685
0.05,0.7,0.4 0.308734
0.05,0.75,0.15 4.89114
0.05,0.75,0.2 52.2505
0.05,0.75,0.25 31.6432
0.05,0.75,0.3 0.441848
0.05,0.8,0.15 0.0899526
0.05,0.8,0.2 0.960937
0.05,0.8,0.25 0.581948
0.05,0.8,0.3 0.00812601
0.1,0,0.1 2.01027e-19
0.1,0,0.15 6.84176e-17
0.1,0,0.2 1.67834e-16
0.1,0,0.25 2.52659e-17
0.1,0.05,0.1 2.64753e-06
0.1,0.05,0.15 0.000901064
0.1,0.05,0.2 0.148424
0.1,0.05,0.25 1.65949
0.1,0.05,0.3 1.05146
0.1,0.05,0.35 0.016692
0.1,0.1,0.05 0.155714
0.1,0.1,0.1 32.1386
0.1,0.1,0.15 71.319
0.1,0.1,0.2 10.6897
0.1,0.1,0.25 7.67984
0.1,0.1,0.3 4.72648
0.1,0.1,0.35 0.10365
0.1,0.1,0.4 6.03895e-05
0.1,0.15,0 1.61724e-12
0.1,0.15,0.05 3.63168
0.1,0.15,0.1 184.818
0.1,0.15,0.15 427.284
0.1,0.15,0.2 143.927
0.1,0.15,0.25 18.6798
0.1,0.15,0.3 8.57772
0.1,0.15,0.35 3.84086
0.1,0.15,0.4 0.203877
0.1,0.2,0 1.6235e-11
0.1,0.2,0.05 30.7408
0.1,0.2,0.1 180.756
0.1,0.2,0.15 300.868
0.1,0.2,0.2 339.792
0.1,0.2,0.25 117.2
0.1,0.2,0.3 152.278
0.1,0.2,0.35 143.274
0.1,0.2,0.4 21.0301
0.1,0.25,0 1.52925e-11
0.1,0.25,0.05 57.3632
0.1,0.25,0.1 229.78
0.1,0.25,0.15 153.583
0.1,0.25,0.2 241.928
0.1,0.25,0.25 293.963
0.1,0.25,0.3 432.212
0.1,0.25,0.35 271.325
0.1,0.25,0.4 39.2941
0.1,0.3,0 4.52776e-12
0.1,0.3,0.05 29.4396
0.1,0.3,0.1 117.93
0.1,0.3,0.15 97.8436
0.1,0.3,0.2 171.184
0.1,0.3,0.25 86.4827
0.1,0.3,0.3 89.3142
0.1,0.3,0.35 32.5567
0.1,0.3,0.4 4.30773
0.1,0.35,0 4.53774e-09
0.1,0.35,0.05 21.5211
0.1,0.35,0.1 85.943
0.1,0.35,0.15 24.743
0.1,0.35,0.2 8.16376
0.1,0.35,0.25 1.24164
0.1,0.4,0 1.82539e-08
0.1,0.4,0.05 83.6724
0.1,0.4,0.1 334.326
0.1,0.4,0.15 88.7578
0.1,0.4,0.2 6.61294
0.1,0.4,0.25 0.716893
0.1,0.4,0.3 0.000357098
0.1,0.45,0 4.59111e-09
0.1,0.45,0.05 23.9942
0.1,0.45,0.1 101.968
0.1,0.45,0.15 199.641
0.1,0.45,0.2 431.537
0.1,0.45,0.25 101.211
0.1,0.45,0.3 2.99623
0.1,0.45,0.35 10.5398
0.1,0.45,0.4 12.3674
0.1,0.45,0.45 0.719187
0.1,0.5,0 7.5234e-12
0.1,0.5,0.05 41.6135
0.1,0.5,0.1 204.378
0.1,0.5,0.15 350.11
0.1,0.5,0.2 896.154
0.1,0.5,0.25 343.736
0.1,0.5,0.3 132.961
0.1,0.5,0.35 91.078
0.1,0.5,0.4 88.3737
0.1,0.5,0.45 5.05818
0.1,0.55,0 2.13803e-12
0.1,0.55,0.05 35.0255
0.1,0.55,0.1 172.382
0.1,0.55,0.15 137.079
0.1,0.55,0.2 308.386
0.1,0.55,0.25 555.956
0.1,0.55,0.3 476.417
0.1,0.55,0.35 221.534
0.1,0.55,0.4 52.2492
0.1,0.55,0.45 2.17101
0.1,0.6,0 1.4794e-16
0.1,0.6,0.05 2.28731
0.1,0.6,0.1 17.9516
0.1,0.6,0.15 20.8065
0.1,0.6,0.2 158.138
0.1,0.6,0.25 434.731
0.1,0.6,0.3 401.592
0.1,0.6,0.35 315.517
0.1,0.6,0.4 38.5662
0.1,0.6,0.45 0.00845952
0.1,0.65,0.05 0.963297
0.1,0.65,0.1 13.4628
0.1,0.65,0.15 28.1634
0.1,0.65,0.2 53.9288
0.1,0.65,0.25 54.6392
0.1,0.65,0.3 122.909
0.1,0.65,0.35 290.902
0.1,0.65,0.4 56.2772
0.1,0.7,0.05 0.0359379
0.1,0.7,0.1 11.3078
0.1,0.7,0.15 93.6429
0.1,0.7,0.2 355.498
0.1,0.7,0.25 237.143
0.1,0.7,0.3 62.7326
0.1,0.7,0.35 36.2337
0.1,0.7,0.4 6.65081
0.1,0.75,0.1 2.76114
0.1,0.75,0.15 34.9976
0.1,0.75,0.2 217.451
0.1,0.75,0.25 136.655
0.1,0.75,0.3 12.1871
0.1,0.75,0.35 0.554074
0.1,0.8,0.1 0.00131745
0.1,0.8,0.15 0.816023
0.1,0.8,0.2 4.99318
0.1,0.8,0.25 2.59498
0.1,0.8,0.3 0.0531973
0.1,0.85,0.1 3.58459e-05
0.1,0.85,0.15 0.0124285
0.1,0.85,0.2 0.0380678
0.1,0.85,0.25 0.0294019
0.1,0.85,0.3 0.00512374
0.15,0,0.1 2.5992e-15
0.15,0,0.15 8.84613e-13
0.15,0,0.2 2.17003e-12
0.15,0,0.25 3.26679e-13
0.15,0.05,0 3.77742e-13
0.15,0.05,0.05 0.00767793
0.15,0.05,0.1 0.0649096
0.15,0.05,0.15 11.6581
0.15,0.05,0.2 33.4244
0.15,0.05,0.25 59.0723
0.15,0.05,0.3 34.6216
0.15,0.05,0.35 0.546331
0.15,0.1,0 2.55832e-10
0.15,0.1,0.05 5.2501
0.15,0.1,0.1 31.256
0.15,0.1,0.15 75.8151
0.15,0.1,0.2 155.486
0.15,0.1,0.25 275.646
0.15,0.1,0.3 157.051
0.15,0.1,0.35 3.10535
0.15,0.1,0.4 0.00134849
0.15,0.15,0 7.0896e-10
0.15,0.15,0.05 24.2457
0.15,0.15,0.1 151.879
0.15,0.15,0.15 215.075
0.15,0.15,0.2 339.99
0.15,0.15,0.25 257.571
0.15,0.15,0.3 204.932
0.15,0.15,0.35 62.2277
0.15,0.15,0.4 0.346111
0.15,0.2,0 2.0535e-10
0.15,0.2,0.05 104.216
0.15,0.2,0.1 435.851
0.15,0.2,0.15 357.19
0.15,0.2,0.2 708.032
0.15,0.2,0.25 344.532
0.15,0.2,0.3 426.706
0.15,0.2,0.35 266.153
0.15,0.2,0.4 23.9245
0.15,0.25,0 6.20458e-11
0.15,0.25,0.05 149.866
0.15,0.25,0.1 599.796
0.15,0.25,0.15 324.386
0.15,0.25,0.2 541.936
0.15,0.25,0.25 458.349
0.15,0.25,0.3 409.944
0.15,0.25,0.35 305.431
0.15,0.25,0.4 44.3157
0.15,0.3,0 1.0722e-11
0.15,0.3,0.05 110.088
0.15,0.3,0.1 440.585
0.15,0.3,0.15 213.927
0.15,0.3,0.2 267.002
0.15,0.3,0.25 122.116
0.15,0.3,0.3 73.4403
0.15,0.3,0.35 33.2324
0.15,0.3,0.4 4.85516
0.15,0.35,0 3.57402e-09
0.15,0.35,0.05 35.8418
0.15,0.35,0.1 143.26
0.15,0.35,0.15 40.7474
0.15,0.35,0.2 12.299
0.15,0.35,0.25 1.87998
0.15,0.35,0.3 6.82601e-07
0.15,0.4,0 1.43752e-08
0.15,0.4,0.05 65.9658
0.15,0.4,0.1 269.917
0.15,0.4,0.15 112.28
0.15,0.4,0.2 26.6393
0.15,0.4,0.25 1.00513
0.15,0.4,0.3 0.0182159
0.15,0.45,0 3.64124e-09
0.15,0.45,0.05 37.3341
0.15,0.45,0.1 192.285
0.15,0.45,0.15 516.485
0.15,0.45,0.2 507.394
0.15,0.45,0.25 127.25
0.15,0.45,0.3 18.3114
0.15,0.45,0.35 44.6669
0.15,0.45,0.4 44.9124
0.15,0.45,0.45 2.61112
0.15,0.5,0 1.22702e-10
0.15,0.5,0.05 135.531
0.15,0.5,0.1 614.254
0.15,0.5,0.15 649.642
0.15,0.5,0.2 830.21
0.15,0.5,0.25 488.008
0.15,0.5,0.3 282.215
0.15,0.5,0.35 402.475
0.15,0.5,0.4 372.389
0.15,0.5,0.45 24.224
0.15,0.55,0 3.48701e-11
0.15,0.55,0.05 73.2307
0.15,0.55,0.1 350.034
0.15,0.55,0.15 369.078
0.15,0.55,0.2 575.897
0.15,0.55,0.25 706.359
0.15,0.55,0.3 819.006
0.15,0.55,0.35 728.742
0.15,0.55,0.4 290.537
0.15,0.55,0.45 19.6311
0.15,0.6,0 2.2108e-12
0.15,0.6,0.05 24.7982
0.15,0.6,0.1 235.872
0.15,0.6,0.15 179.026
0.15,0.6,0.2 262.359
0.15,0.6,0.25 462.166
0.15,0.6,0.3 572.151
0.15,0.6,0.35 542.332
0.15,0.6,0.4 71.2
0.15,0.6,0.45 1.3731
0.15,0.65,0 1.10542e-11
0.15,0.65,0.05 38.5574
0.15,0.65,0.1 299.745
0.15,0.65,0.15 318.283
0.15,0.65,0.2 242.12
0.15,0.65,0.25 194.392
0.15,0.65,0.3 322.734
0.15,0.65,0.35 309.361
0.15,0.65,0.4 54.6469
0.15,0.65,0.45 0.000640546
0.15,0.7,0 3.45156e-12
0.15,0.7,0.05 7.97369
0.15,0.7,0.1 129.776
0.15,0.7,0.15 579.105
0.15,0.7,0.2 554.622
0.15,0.7,0.25 495.001
0.15,0.7,0.3 550.574
0.15,0.7,0.35 81.0683
0.15,0.7,0.4 6.40998
0.15,0.75,0 1.15247e-15
0.15,0.75,0.05 4.71278
0.15,0.75,0.1 79.704
0.15,0.75,0.15 245.262
0.15,0.75,0.2 318.195
0.15,0.75,0.25 194.112
0.15,0.75,0.3 101.766
0.15,0.75,0.35 6.97935
0.15,0.8,0.05 2.02143
0.15,0.8,0.1 27.1219
0.15,0.8,0.15 96.1345
0.15,0.8,0.2 185.827
0.15,0.8,0.25 160.763
0.15,0.8,0.3 28.6268
0.15,0.85,0.05 0.00776024
0.15,0.85,0.1 0.382595
0.15,0.85,0.15 4.16124
0.15,0.85,0.2 15.0964
0.15,0.85,0.25 34.4278
0.15,0.85,0.3 7.01096
0.2,0,0.1 1.21643e-14
0.2,0,0.15 3.22306e-12
0.2,0,0.2 7.76518e-12
0.2,0,0.25 1.15536e-12
0.2,0.05,0 2.59192e-12
0.2,0.05,0.05 0.0526829
0.2,0.05,0.1 0.338731
0.2,0.05,0.15 42.4426
0.2,0.05,0.2 112.817
0.2,0.05,0.25 111.834
0.2,0.05,0.3 58.6879
0.2,0.05,0.35 0.846533
0.2,0.1,0 1.75541e-09
0.2,0.1,0.05 35.6986
0.2,0.1,0.1 145.204
0.2,0.1,0.15 231.126
0.2,0.1,0.2 538.671
0.2,0.1,0.25 613.344
0.2,0.1,0.3 318.6
0.2,0.1,0.35 5.03988
0.2,0.1,0.4 0.00139553
0.2,0.15,0 4.92556e-09
0.2,0.15,0.05 105.71
0.2,0.15,0.1 438.994
0.2,0.15,0.15 258.175
0.2,0.15,0.2 512.589
0.2,0.15,0.25 445.711
0.2,0.15,0.3 347.688
0.2,0.15,0.35 91.8051
0.2,0.15,0.4 0.37381
0.2,0.2,0 2.02103e-09
0.2,0.2,0.05 101.271
0.2,0.2,0.1 413.63
0.2,0.2,0.15 350.536
0.2,0.2,0.2 760.481
0.2,0.2,0.25 419.08
0.2,0.2,0.3 784.559
0.2,0.2,0.35 304.401
0.2,0.2,0.4 2.5738
0.2,0.25,0 7.042e-10
0.2,0.25,0.05 146.54
0.2,0.25,0.1 588.556
0.2,0.25,0.15 350.624
0.2,0.25,0.2 560.842
0.2,0.25,0.25 449.057
0.2,0.25,0.3 502.49
0.2,0.25,0.35 162.197
0.2,0.25,0.4 3.01499
0.2,0.3,0 1.80979e-11
0.2,0.3,0.05 157.544
0.2,0.3,0.1 632.037
0.2,0.3,0.15 268.386
0.2,0.3,0.2 271.061
0.2,0.3,0.25 123.312
0.2,0.3,0.3 59.2292
0.2,0.3,0.35 12.1046
0.2,0.3,0.4 0.304825
0.2,0.35,0 9.75674e-11
0.2,0.35,0.05 63.7685
0.2,0.35,0.1 255.594
0.2,0.35,0.15 68.762
0.2,0.35,0.2 12.259
0.2,0.35,0.25 2.7191
0.2,0.35,0.3 0.0619316
0.2,0.35,0.35 0.0303967
0.2,0.35,0.4 0.000210878
0.2,0.4,0 3.93686e-10
0.2,0.4,0.05 34.7357
0.2,0.4,0.1 177.526
0.2,0.4,0.15 197.19
0.2,0.4,0.2 49.7411
0.2,0.4,0.25 1.47897
0.2,0.4,0.3 0.0709599
0.2,0.45,0 2.07737e-10
0.2,0.45,0.05 42.4125
0.2,0.45,0.1 300.093
0.2,0.45,0.15 737.194
0.2,0.45,0.2 391.497
0.2,0.45,0.25 162.983
0.2,0.45,0.3 49.615
0.2,0.45,0.35 46.6657
0.2,0.45,0.4 14.1877
0.2,0.45,0.45 0.762519
0.2,0.5,0 3.01382e-10
0.2,0.5,0.05 93.1705
0.2,0.5,0.1 413.143
0.2,0.5,0.15 519.375
0.2,0.5,0.2 679.457
0.2,0.5,0.25 690.752
0.2,0.5,0.3 487.396
0.2,0.5,0.35 549.042
0.2,0.5,0.4 318.14
0.2,0.5,0.45 26.1807
0.2,0.55,0 7.74205e-11
0.2,0.55,0.05 41.0589
0.2,0.55,0.1 213.305
0.2,0.55,0.15 223.241
0.2,0.55,0.2 344.658
0.2,0.55,0.25 657.407
0.2,0.55,0.3 734.526
0.2,0.55,0.35 734.643
0.2,0.55,0.4 526.144
0.2,0.55,0.45 44.6947
0.2,0.6,0 1.17231e-11
0.2,0.6,0.05 52.8257
0.2,0.6,0.1 390.446
0.2,0.6,0.15 268.873
0.2,0.6,0.2 232.229
0.2,0.6,0.25 460.345
0.2,0.6,0.3 442.441
0.2,0.6,0.35 333.248
0.2,0.6,0.4 146.326
0.2,0.6,0.45 6.26625
0.2,0.65,0 5.33311e-11
0.2,0.65,0.05 124.384
0.2,0.65,0.1 645.123
0.2,0.65,0.15 570.282
0.2,0.65,0.2 514.035
0.2,0.65,0.25 292.948
0.2,0.65,0.3 360.446
0.2,0.65,0.35 93.8656
0.2,0.65,0.4 18.1431
0.2,0.65,0.45 0.219447
0.2,0.7,0 2.11951e-11
0.2,0.7,0.05 50.1192
0.2,0.7,0.1 359.91
0.2,0.7,0.15 772.047
0.2,0.7,0.2 601.647
0.2,0.7,0.25 524.07
0.2,0.7,0.3 728.449
0.2,0.7,0.35 99.4952
0.2,0.7,0.4 1.28527
0.2,0.7,0.45 5.14555e-07
0.2,0.75,0 2.5331e-11
0.2,0.75,0.05 52.5672
0.2,0.75,0.1 479.58
0.2,0.75,0.15 693.666
0.2,0.75,0.2 724.169
0.2,0.75,0.25 486.061
0.2,0.75,0.3 140.057
0.2,0.75,0.35 12.4836
0.2,0.75,0.4 0.0009775
0.2,0.75,0.45 4.90841e-10
0.2,0.8,0 8.79057e-12
0.2,0.8,0.05 20.2348
0.2,0.8,0.1 206.28
0.2,0.8,0.15 490.146
0.2,0.8,0.2 559.206
0.2,0.8,0.25 493.006
0.2,0.8,0.3 87.3199
0.2,0.85,0 8.71514e-15
0.2,0.85,0.05 0.054677
0.2,0.85,0.1 3.34289
0.2,0.85,0.15 29.2311
0.2,0.85,0.2 51.4109
0.2,0.85,0.25 102.187
0.2,0.85,0.3 20.9002
0.25,0,0.1 4.4342e-13
0.25,0,0.15 1.88157e-11
0.25,0,0.2 3.02295e-11
0.25,0,0.25 9.49296e-11
0.25,0,0.3 8.83967e-11
0.25,0,0.35 3.50098e-12
0.25,0.05,0 1.08787e-12
0.25,0.05,0.05 0.0221119
0.25,0.05,0.1 0.840164
0.25,0.05,0.15 44.5433
0.25,0.05,0.2 81.5516
0.25,0.05,0.25 61.2486
0.25,0.05,0.3 35.5484
0.25,0.05,0.35 0.798428
0.25,0.1,0 7.36776e-10
0.25,0.1,0.05 15.157
0.25,0.1,0.1 83.574
0.25,0.1,0.15 328.753
0.25,0.1,0.2 591.815
0.25,0.1,0.25 414.724
0.25,0.1,0.3 224.133
0.25,0.1,0.35 5.72501
0.25,0.1,0.4 0.00380012
0.25,0.15,0 2.17013e-09
0.25,0.15,0.05 50.1091
0.25,0.15,0.1 363.541
0.25,0.15,0.15 577.753
0.25,0.15,0.2 582.006
0.25,0.15,0.25 290.082
0.25,0.15,0.3 255.387
0.25,0.15,0.35 105.227
0.25,0.15,0.4 9.18323
0.25,0.2,0 1.87484e-09
0.25,0.2,0.05 87.5113
0.25,0.2,0.1 434.774
0.25,0.2,0.15 432.464
0.25,0.2,0.2 417.49
0.25,0.2,0.25 279.16
0.25,0.2,0.3 673.454
0.25,0.2,0.35 396.148
0.25,0.2,0.4 29.2797
0.25,0.25,0 8.86408e-10
0.25,0.25,0.05 89.4038
0.25,0.25,0.1 366.24
