0.25,0.1,0.05 16.1544
0.25,0.1,0.1 103.739
0.25,0.1,0.15 490.58
0.25,0.1,0.2 575.298
0.25,0.1,0.25 429.616
0.25,0.1,0.3 148.424
0.25,0.1,0.35 3.45857
0.25,0.1,0.4 0.015133
0.25,0.15,0 2.17013e-09
0.25,0.15,0.05 62.9342
0.25,0.15,0.1 451.392
0.25,0.15,0.15 532.909
0.25,0.15,0.2 476.533
0.25,0.15,0.25 295.997
0.25,0.15,0.3 237.193
0.25,0.15,0.35 97.9993
0.25,0.15,0.4 6.10353
0.25,0.2,0 1.87484e-09
0.25,0.2,0.05 96.3104
0.25,0.2,0.1 514.574
0.25,0.2,0.15 386.885
0.25,0.2,0.2 390.455
0.25,0.2,0.25 388.655
0.25,0.2,0.3 745.508
0.25,0.2,0.35 307.255
0.25,0.2,0.4 15.4299
0.25,0.25,0 8.86408e-10
0.25,0.25,0.05 89.5726
0.25,0.25,0.1 370.596
0.25,0.25,0.15 397.28
0.25,0.25,0.2 579.048
0.25,0.25,0.25 313.776
0.25,0.25,0.3 532.605
0.25,0.25,0.35 145.461
0.25,0.25,0.4 2.40936
0.25,0.3,0 1.46373e-11
0.25,0.3,0.05 46.2001
0.25,0.3,0.1 221.556
0.25,0.3,0.15 380.046
0.25,0.3,0.2 575.574
0.25,0.3,0.25 185.116
0.25,0.3,0.3 175.013
0.25,0.3,0.35 43.503
0.25,0.3,0.4 0.0016208
0.25,0.35,0 1.70185e-13
0.25,0.35,0.05 83.6544
0.25,0.35,0.1 419.548
0.25,0.35,0.15 272.652
0.25,0.35,0.2 113.519
0.25,0.35,0.25 21.5618
0.25,0.35,0.3 20.3279
0.25,0.35,0.35 5.09462
0.25,0.35,0.4 3.27572e-07
0.25,0.4,0 4.63832e-12
0.25,0.4,0.05 114.752
0.25,0.4,0.1 535.769
0.25,0.4,0.15 329.943
0.25,0.4,0.2 124.1
0.25,0.4,0.25 15.0293
0.25,0.4,0.3 0.196167
0.25,0.45,0 5.78183e-10
0.25,0.45,0.05 146.793
0.25,0.45,0.1 655.15
0.25,0.45,0.15 425
0.25,0.45,0.2 312.69
0.25,0.45,0.25 186.623
0.25,0.45,0.3 25.5099
0.25,0.45,0.35 11.5253
0.25,0.45,0.4 0.433897
0.25,0.5,0 1.45552e-09
0.25,0.5,0.05 179.523
0.25,0.5,0.1 732.812
0.25,0.5,0.15 345.506
0.25,0.5,0.2 466.471
0.25,0.5,0.25 567.967
0.25,0.5,0.3 374.803
0.25,0.5,0.35 274.278
0.25,0.5,0.4 52.2683
0.25,0.5,0.45 1.02194
0.25,0.55,0 2.3072e-09
0.25,0.55,0.05 137.169
0.25,0.55,0.1 549.949
0.25,0.55,0.15 183.444
0.25,0.55,0.2 215.482
0.25,0.55,0.25 709.406
0.25,0.55,0.3 666.662
0.25,0.55,0.35 701.027
0.25,0.55,0.4 240.945
0.25,0.55,0.45 4.69677
0.25,0.6,0 1.70034e-08
0.25,0.6,0.05 102.954
0.25,0.6,0.1 425.571
0.25,0.6,0.15 198.681
0.25,0.6,0.2 333.993
0.25,0.6,0.25 580.1
0.25,0.6,0.3 518.696
0.25,0.6,0.35 610.708
0.25,0.6,0.4 206.323
0.25,0.6,0.45 1.53684
0.25,0.65,0 8.91527e-09
0.25,0.65,0.05 89.0103
0.25,0.65,0.1 394.25
0.25,0.65,0.15 558.724
0.25,0.65,0.2 693.521
0.25,0.65,0.25 364.752
0.25,0.65,0.3 487.655
0.25,0.65,0.35 332.079
0.25,0.65,0.4 54.86
0.25,0.65,0.45 0.0769514
0.25,0.7,0 4.53801e-09
0.25,0.7,0.05 120.122
0.25,0.7,0.1 538.662
0.25,0.7,0.15 540.565
0.25,0.7,0.2 356.554
0.25,0.7,0.25 205.092
0.25,0.7,0.3 524.208
0.25,0.7,0.35 167.932
0.25,0.7,0.4 1.69394
0.25,0.7,0.45 0.000351399
0.25,0.75,0 2.28071e-08
0.25,0.75,0.05 154.877
0.25,0.75,0.1 654.203
0.25,0.75,0.15 367.332
0.25,0.75,0.2 244.648
0.25,0.75,0.25 97.4427
0.25,0.75,0.3 95.5781
0.25,0.75,0.35 15.9844
0.25,0.75,0.4 0.0430807
0.25,0.75,0.45 9.59296e-06
0.25,0.8,0 8.56927e-09
0.25,0.8,0.05 56.9039
0.25,0.8,0.1 258.375
0.25,0.8,0.15 220.915
0.25,0.8,0.2 144.091
0.25,0.8,0.25 71.1424
0.25,0.8,0.3 5.06887
0.25,0.8,0.35 0.00218075
0.25,0.85,0 1.57084e-11
0.25,0.85,0.05 0.141696
0.25,0.85,0.1 6.21792
0.25,0.85,0.15 27.5111
0.25,0.85,0.2 22.4389
0.25,0.85,0.25 23.9209
0.25,0.85,0.3 2.34298
0.25,0.9,0.15 0.000955753
0.25,0.9,0.2 0.0766151
0.25,0.9,0.25 0.131401
0.25,0.9,0.3 0.0129227
0.3,0,0.1 8.98235e-13
0.3,0,0.15 3.69085e-11
0.3,0,0.2 7.2462e-11
0.3,0,0.25 4.93977e-10
0.3,0,0.3 4.6626e-10
0.3,0,0.35 1.84664e-11
0.3,0.05,0 8.01219e-13
0.3,0.05,0.05 0.302368
0.3,0.05,0.1 3.23228
0.3,0.05,0.15 68.0168
0.3,0.05,0.2 89.6248
0.3,0.05,0.25 84.3921
0.3,0.05,0.3 72.885
0.3,0.05,0.35 2.8601
0.3,0.1,0 3.75156e-11
0.3,0.1,0.05 14.0433
0.3,0.1,0.1 77.1467
0.3,0.1,0.15 350.774
0.3,0.1,0.2 430.798
0.3,0.1,0.25 398.515
0.3,0.1,0.3 369.838
0.3,0.1,0.35 19.4795
0.3,0.1,0.4 0.0232708
0.3,0.15,0 6.5408e-11
0.3,0.15,0.05 32.5615
0.3,0.15,0.1 262.115
0.3,0.15,0.15 440.324
0.3,0.15,0.2 537.092
0.3,0.15,0.25 448.456
0.3,0.15,0.3 536.499
0.3,0.15,0.35 155.744
0.3,0.15,0.4 9.38602
0.3,0.2,0 1.11971e-10
0.3,0.2,0.05 83.847
0.3,0.2,0.1 452.589
0.3,0.2,0.15 573.907
0.3,0.2,0.2 484.349
0.3,0.2,0.25 525.146
0.3,0.2,0.3 629.673
0.3,0.2,0.35 352.341
0.3,0.2,0.4 23.9897
0.3,0.25,0 1.16454e-10
0.3,0.25,0.05 95.989
0.3,0.25,0.1 416.906
0.3,0.25,0.15 283.201
0.3,0.25,0.2 320.054
0.3,0.25,0.25 485.107
0.3,0.25,0.3 577.073
0.3,0.25,0.35 199.718
0.3,0.25,0.4 4.4433
0.3,0.3,0 2.96016e-10
0.3,0.3,0.05 36.8741
0.3,0.3,0.1 283.781
0.3,0.3,0.15 510.46
0.3,0.3,0.2 458.353
0.3,0.3,0.25 434.137
0.3,0.3,0.3 474.888
0.3,0.3,0.35 116.898
0.3,0.3,0.4 0.131409
0.3,0.35,0 1.41377e-09
0.3,0.35,0.05 57.7292
0.3,0.35,0.1 490.195
0.3,0.35,0.15 699.854
0.3,0.35,0.2 400.341
0.3,0.35,0.25 72.5436
0.3,0.35,0.3 56.9676
0.3,0.35,0.35 13.7469
0.3,0.35,0.4 8.80414e-07
0.3,0.4,0 2.72168e-09
0.3,0.4,0.05 140.786
0.3,0.4,0.1 756.347
0.3,0.4,0.15 787.264
0.3,0.4,0.2 488.014
0.3,0.4,0.25 39.572
0.3,0.4,0.3 0.150226
0.3,0.4,0.35 0.0307649
0.3,0.4,0.4 0.0049419
0.3,0.45,0 6.18973e-10
0.3,0.45,0.05 97.417
0.3,0.45,0.1 451.041
0.3,0.45,0.15 501.484
0.3,0.45,0.2 509.769
0.3,0.45,0.25 149.147
0.3,0.45,0.3 39.1448
0.3,0.45,0.35 17.4646
0.3,0.45,0.4 0.753132
0.3,0.5,0 7.5501e-10
0.3,0.5,0.05 121.379
0.3,0.5,0.1 491.685
0.3,0.5,0.15 208.47
0.3,0.5,0.2 285.269
0.3,0.5,0.25 367.958
0.3,0.5,0.3 516.376
0.3,0.5,0.35 197.645
0.3,0.5,0.4 6.79479
0.3,0.5,0.45 0.00643975
0.3,0.55,0 6.17921e-08
0.3,0.55,0.05 92.2539
0.3,0.55,0.1 395.473
0.3,0.55,0.15 275.158
0.3,0.55,0.2 213.79
0.3,0.55,0.25 593.756
0.3,0.55,0.3 573.314
0.3,0.55,0.35 204.463
0.3,0.55,0.4 26.9806
0.3,0.55,0.45 0.0383725
0.3,0.6,0 5.15614e-07
0.3,0.6,0.05 87.863
0.3,0.6,0.1 372.951
0.3,0.6,0.15 287.493
0.3,0.6,0.2 506.923
0.3,0.6,0.25 687.082
0.3,0.6,0.3 599.877
0.3,0.6,0.35 188.188
0.3,0.6,0.4 36.0981
0.3,0.6,0.45 0.0561061
0.3,0.65,0 2.57235e-07
0.3,0.65,0.05 80.0822
0.3,0.65,0.1 331.101
0.3,0.65,0.15 211.631
0.3,0.65,0.2 452.568
0.3,0.65,0.25 562.245
0.3,0.65,0.3 887.604
0.3,0.65,0.35 424.986
0.3,0.65,0.4 58.5207
0.3,0.65,0.45 0.169613
0.3,0.7,0 2.26891e-09
0.3,0.7,0.05 93.3105
0.3,0.7,0.1 403.021
0.3,0.7,0.15 271.46
0.3,0.7,0.2 396.371
0.3,0.7,0.25 133.47
0.3,0.7,0.3 272.653
0.3,0.7,0.35 245.104
0.3,0.7,0.4 45.7978
0.3,0.7,0.45 0.151262
0.3,0.75,0 1.73579e-10
0.3,0.75,0.05 93.5057
0.3,0.75,0.1 449.989
0.3,0.75,0.15 295.629
0.3,0.75,0.2 296.624
0.3,0.75,0.25 51.1907
0.3,0.75,0.3 8.62931
0.3,0.75,0.35 7.434
0.3,0.75,0.4 1.82841
0.3,0.75,0.45 0.00627815
0.3,0.8,0 5.3439e-11
0.3,0.8,0.05 18.6532
0.3,0.8,0.1 88.5261
0.3,0.8,0.15 43.9064
0.3,0.8,0.2 14.7095
0.3,0.8,0.25 2.06343
0.3,0.8,0.3 0.00124108
0.3,0.8,0.35 9.91185e-05
0.3,0.85,0 1.13821e-13
0.3,0.85,0.05 0.0213735
0.3,0.85,0.1 0.0928147
0.3,0.85,0.15 0.0565325
0.3,0.85,0.2 0.0108591
0.3,0.85,0.25 0.00012617
0.3,0.85,0.3 3.47581e-08
0.35,0,0.1 1.0915e-13
0.35,0,0.15 4.48499e-12
0.35,0,0.2 1.36352e-11
0.35,0,0.25 1.61573e-10
0.35,0,0.3 1.53173e-10
0.35,0,0.35 6.06646e-12
0.35,0.05,0 3.76251e-12
0.35,0.05,0.05 1.42621
0.35,0.05,0.1 5.87796
0.35,0.05,0.15 8.78778
0.35,0.05,0.2 11.5841
0.35,0.05,0.25 25.8873
0.35,0.05,0.3 23.7237
0.35,0.05,0.35 0.939581
0.35,0.1,0 1.65787e-10
0.35,0.1,0.05 63.5486
0.35,0.1,0.1 254.935
0.35,0.1,0.15 98.3187
0.35,0.1,0.2 82.5228
0.35,0.1,0.25 147.338
0.35,0.1,0.3 131.236
0.35,0.1,0.35 7.31951
0.35,0.1,0.4 0.00198028
0.35,0.15,0 2.34673e-10
0.35,0.15,0.05 102.564
0.35,0.15,0.1 418.588
0.35,0.15,0.15 205.868
0.35,0.15,0.2 229.469
0.35,0.15,0.25 298.689
0.35,0.15,0.3 208.296
0.35,0.15,0.35 27.1456
0.35,0.15,0.4 0.799256
0.35,0.2,0 3.00627e-11
0.35,0.2,0.05 108.944
0.35,0.2,0.1 485.508
0.35,0.2,0.15 510.623
0.35,0.2,0.2 507.364
0.35,0.2,0.25 497.679
0.35,0.2,0.3 256.188
0.35,0.2,0.35 90.8499
0.35,0.2,0.4 2.48304
0.35,0.25,0 2.44546e-10
0.35,0.25,0.05 163.266
0.35,0.25,0.1 790.913
0.35,0.25,0.15 625.061
0.35,0.25,0.2 330.208
0.35,0.25,0.25 610.99
0.35,0.25,0.3 660.715
0.35,0.25,0.35 189.241
0.35,0.25,0.4 1.62016
0.35,0.3,0 1.33203e-09
0.35,0.3,0.05 129.985
0.35,0.3,0.1 596.807
0.35,0.3,0.15 505.718
0.35,0.3,0.2 586.371
0.35,0.3,0.25 611.618
0.35,0.3,0.3 457.868
0.35,0.3,0.35 55.4823
0.35,0.3,0.4 0.227957
0.35,0.35,0 7.18965e-09
0.35,0.35,0.05 96.1464
0.35,0.35,0.1 438.2
0.35,0.35,0.15 347.672
0.35,0.35,0.2 393.528
0.35,0.35,0.25 118.938
0.35,0.35,0.3 47.9866
0.35,0.35,0.35 4.1813
0.35,0.35,0.4 1.46394e-07
0.35,0.4,0 1.39516e-08
0.35,0.4,0.05 179.304
0.35,0.4,0.1 883.932
0.35,0.4,0.15 584.171
0.35,0.4,0.2 293.205
0.35,0.4,0.25 37.6396
0.35,0.4,0.3 28.6755
0.35,0.4,0.35 24.8118
0.35,0.4,0.4 4.56343
0.35,0.45,0 1.82138e-09
0.35,0.45,0.05 120.824
0.35,0.45,0.1 695.075
0.35,0.45,0.15 685.298
0.35,0.45,0.2 603.87
0.35,0.45,0.25 99.7136
0.35,0.45,0.3 111.961
0.35,0.45,0.35 231.308
0.35,0.45,0.4 40.5507
0.35,0.5,0 2.6301e-10
0.35,0.5,0.05 146.999
0.35,0.5,0.1 623.275
0.35,0.5,0.15 387.53
0.35,0.5,0.2 541.498
0.35,0.5,0.25 484.664
0.35,0.5,0.3 491.601
0.35,0.5,0.35 351.877
0.35,0.5,0.4 46.1635
0.35,0.55,0 7.22913e-08
0.35,0.55,0.05 92.7493
0.35,0.55,0.1 434.668
0.35,0.55,0.15 541.222
0.35,0.55,0.2 532.768
0.35,0.55,0.25 521.122
0.35,0.55,0.3 362.328
0.35,0.55,0.35 86.7463
0.35,0.55,0.4 4.84096
0.35,0.6,0 5.99463e-07
0.35,0.6,0.05 94.0802
0.35,0.6,0.1 461.775
0.35,0.6,0.15 743.02
0.35,0.6,0.2 819.612
0.35,0.6,0.25 402.399
0.35,0.6,0.3 378.185
0.35,0.6,0.35 84.2239
0.35,0.6,0.4 6.14301
0.35,0.6,0.45 0.0192283
0.35,0.65,0 2.97946e-07
0.35,0.65,0.05 115.063
0.35,0.65,0.1 549.932
0.35,0.65,0.15 591.162
0.35,0.65,0.2 574.893
0.35,0.65,0.25 448.152
0.35,0.65,0.3 814.505
0.35,0.65,0.35 576.207
0.35,0.65,0.4 126.993
0.35,0.65,0.45 0.422615
0.35,0.7,0 2.1814e-09
0.35,0.7,0.05 95.855
0.35,0.7,0.1 444.753
0.35,0.7,0.15 390.042
0.35,0.7,0.2 598.465
0.35,0.7,0.25 213.097
0.35,0.7,0.3 282.376
0.35,0.7,0.35 420.479
0.35,0.7,0.4 121.042
0.35,0.7,0.45 0.411987
0.35,0.75,0 2.28814e-13
0.35,0.75,0.05 56.188
0.35,0.75,0.1 405.742
0.35,0.75,0.15 555.785
0.35,0.75,0.2 406.95
0.35,0.75,0.25 116.242
0.35,0.75,0.3 4.58497
0.35,0.75,0.35 13.3114
0.35,0.75,0.4 4.902
0.35,0.75,0.45 0.0171021
0.35,0.8,0.05 10.3117
0.35,0.8,0.1 81.4877
0.35,0.8,0.15 116.163
0.35,0.8,0.2 58.6486
0.35,0.8,0.25 19.4582
0.35,0.8,0.3 0.16795
0.35,0.85,0.05 0.373149
0.35,0.85,0.1 1.49273
0.35,0.85,0.15 0.373965
0.35,0.85,0.2 0.00137874
0.35,0.85,0.25 0.000146829
0.4,0,0.2 4.56167e-15
0.4,0,0.25 9.59092e-14
0.4,0,0.3 9.1156e-14
0.4,0,0.35 3.61026e-15
0.4,0.05,0 1.10857e-12
0.4,0.05,0.05 0.42021
0.4,0.05,0.1 1.68014
0.4,0.05,0.15 1.85301
0.4,0.05,0.2 7.65986
0.4,0.05,0.25 4.81313
0.4,0.05,0.3 2.03617
0.4,0.05,0.35 0.0672883
0.4,0.1,0 5.4647e-11
0.4,0.1,0.05 30.3111
0.4,0.1,0.1 121.204
0.4,0.1,0.15 77.1608
0.4,0.1,0.2 277.542
0.4,0.1,0.25 165.567
0.4,0.1,0.3 34.6442
0.4,0.1,0.35 1.00277
0.4,0.15,0 1.37932e-10
0.4,0.15,0.05 135.63
0.4,0.15,0.1 544.394
0.4,0.15,0.15 238.413
0.4,0.15,0.2 557.09
0.4,0.15,0.25 480.911
0.4,0.15,0.3 55.9366
0.4,0.15,0.35 0.838548
0.4,0.15,0.4 5.57846e-05
0.4,0.2,0 1.1079e-10
0.4,0.2,0.05 99.4213
0.4,0.2,0.1 424.791
0.4,0.2,0.15 394.885
0.4,0.2,0.2 400.072
0.4,0.2,0.25 249.151
0.4,0.2,0.3 38.7853
0.4,0.2,0.35 6.19691
0.4,0.2,0.4 0.0463457
0.4,0.25,0 1.20878e-10
0.4,0.25,0.05 91.6368
0.4,0.25,0.1 453.893
0.4,0.25,0.15 421.257
0.4,0.25,0.2 244.368
0.4,0.25,0.25 301.336
0.4,0.25,0.3 207.08
0.4,0.25,0.35 21.4759
0.4,0.25,0.4 0.130357
0.4,0.3,0 4.35215e-10
0.4,0.3,0.05 101.332
0.4,0.3,0.1 432.872
0.4,0.3,0.15 346.219
0.4,0.3,0.2 573.533
0.4,0.3,0.25 504.243
0.4,0.3,0.3 277.625
0.4,0.3,0.35 9.6441
0.4,0.3,0.4 0.0232866
0.4,0.35,0 2.4865e-09
0.4,0.35,0.05 47.7865
0.4,0.35,0.1 192.255
0.4,0.35,0.15 163.312
0.4,0.35,0.2 392.254
0.4,0.35,0.25 441.277
0.4,0.35,0.3 250.943
0.4,0.35,0.35 23.3368
0.4,0.35,0.4 0.133422
0.4,0.4,0 4.60119e-09
0.4,0.4,0.05 52.9095
0.4,0.4,0.1 271.8
0.4,0.4,0.15 321.576
0.4,0.4,0.2 279.418
0.4,0.4,0.25 347.978
0.4,0.4,0.3 371.96
0.4,0.4,0.35 132.823
0.4,0.4,0.4 18.6039
0.4,0.45,0 6.12019e-10
0.4,0.45,0.05 61.5659
0.4,0.45,0.1 359.93
0.4,0.45,0.15 614.456
0.4,0.45,0.2 590.055
0.4,0.45,0.25 286.486
0.4,0.45,0.3 463.567
0.4,0.45,0.35 592.006
0.4,0.45,0.4 107.273
0.4,0.45,0.45 0.00172818
0.4,0.5,0 9.76908e-11
0.4,0.5,0.05 70.9503
0.4,0.5,0.1 371.814
0.4,0.5,0.15 572.296
0.4,0.5,0.2 773.705
0.4,0.5,0.25 454.967
0.4,0.5,0.3 640.533
0.4,0.5,0.35 546.64
0.4,0.5,0.4 82.4975
0.4,0.5,0.45 0.572788
0.4,0.55,0 1.12387e-08
0.4,0.55,0.05 52.5047
0.4,0.55,0.1 293.781
0.4,0.55,0.15 508.14
0.4,0.55,0.2 635.142
0.4,0.55,0.25 344.78
0.4,0.55,0.3 274.517
0.4,0.55,0.35 135.028
0.4,0.55,0.4 34.3242
0.4,0.55,0.45 1.39831
0.4,0.6,0 6.01529e-08
0.4,0.6,0.05 148.115
0.4,0.6,0.1 637.925
0.4,0.6,0.15 521.495
0.4,0.6,0.2 587.377
0.4,0.6,0.25 216.482
0.4,0.6,0.3 81.7158
0.4,0.6,0.35 16.6128
0.4,0.6,0.4 5.30608
0.4,0.6,0.45 0.21262
0.4,0.65,0 2.32286e-08
0.4,0.65,0.05 72.2629
0.4,0.65,0.1 354.17
0.4,0.65,0.15 494.961
0.4,0.65,0.2 589.001
0.4,0.65,0.25 321.171
0.4,0.65,0.3 341.311
0.4,0.65,0.35 99.0773
0.4,0.65,0.4 21.0953
0.4,0.65,0.45 0.0712902
0.4,0.7,0 1.40905e-10
0.4,0.7,0.05 17.6253
0.4,0.7,0.1 91.2087
0.4,0.7,0.15 173.118
0.4,0.7,0.2 374.515
0.4,0.7,0.25 177.367
0.4,0.7,0.3 121.323
0.4,0.7,0.35 70.4515
0.4,0.7,0.4 20.2227
0.4,0.7,0.45 0.0694973
0.4,0.75,0 2.84068e-19
0.4,0.75,0.05 24.9745
0.4,0.75,0.1 153.703
0.4,0.75,0.15 346.802
0.4,0.75,0.2 650.646
0.4,0.75,0.25 223.994
0.4,0.75,0.3 2.36235
0.4,0.75,0.35 2.16452
0.4,0.75,0.4 0.824269
0.4,0.75,0.45 0.00288493
0.4,0.8,0.05 67.1951
0.4,0.8,0.1 281.723
0.4,0.8,0.15 154.21
0.4,0.8,0.2 168.039
0.4,0.8,0.25 52.4336
0.4,0.8,0.3 0.403863
