0.45,0.15,0.15 573.848
0.45,0.15,0.2 285.282
0.45,0.15,0.25 210.823
0.45,0.15,0.3 188.667
0.45,0.15,0.35 61.7417
0.45,0.15,0.4 1.36482
0.45,0.2,0 4.19125e-10
0.45,0.2,0.05 44.7531
0.45,0.2,0.1 500.819
0.45,0.2,0.15 565.223
0.45,0.2,0.2 268.94
0.45,0.2,0.25 473.349
0.45,0.2,0.3 320.39
0.45,0.2,0.35 13.1187
0.45,0.2,0.4 0.2067
0.45,0.25,0 1.08107e-08
0.45,0.25,0.05 73.8937
0.45,0.25,0.1 433.165
0.45,0.25,0.15 319.548
0.45,0.25,0.2 253.957
0.45,0.25,0.25 266.769
0.45,0.25,0.3 156.278
0.45,0.25,0.35 11.2294
0.45,0.25,0.4 0.499312
0.45,0.3,0 1.26028e-08
0.45,0.3,0.05 128.613
0.45,0.3,0.1 539.434
0.45,0.3,0.15 658.246
0.45,0.3,0.2 807.409
0.45,0.3,0.25 184.059
0.45,0.3,0.3 77.8002
0.45,0.3,0.35 20.8527
0.45,0.3,0.4 14.1789
0.45,0.3,0.45 2.20877
0.45,0.35,0 1.00977e-08
0.45,0.35,0.05 133.876
0.45,0.35,0.1 553.482
0.45,0.35,0.15 509.689
0.45,0.35,0.2 626.198
0.45,0.35,0.25 314.232
0.45,0.35,0.3 618.774
0.45,0.35,0.35 302.467
0.45,0.35,0.4 160.332
0.45,0.35,0.45 20.4158
0.45,0.4,0 5.94419e-09
0.45,0.4,0.05 79.1395
0.45,0.4,0.1 342.513
0.45,0.4,0.15 309.251
0.45,0.4,0.2 373.893
0.45,0.4,0.25 261.902
0.45,0.4,0.3 647.8
0.45,0.4,0.35 607.048
0.45,0.4,0.4 194.254
0.45,0.4,0.45 14.0798
0.45,0.4,0.5 0.000717688
0.45,0.45,0 2.80013e-10
0.45,0.45,0.05 74.0697
0.45,0.45,0.1 362.261
0.45,0.45,0.15 490.799
0.45,0.45,0.2 549.144
0.45,0.45,0.25 577.83
0.45,0.45,0.3 548.575
0.45,0.45,0.35 404.246
0.45,0.45,0.4 326.899
0.45,0.45,0.45 73.4802
0.45,0.45,0.5 0.0110086
0.45,0.5,0 9.64836e-10
0.45,0.5,0.05 87.4355
0.45,0.5,0.1 402.451
0.45,0.5,0.15 464.413
0.45,0.5,0.2 632.485
0.45,0.5,0.25 691.012
0.45,0.5,0.3 455.205
0.45,0.5,0.35 938.433
0.45,0.5,0.4 788.397
0.45,0.5,0.45 112.165
0.45,0.5,0.5 0.0135831
0.45,0.55,0 4.41897e-09
0.45,0.55,0.05 35.3538
0.45,0.55,0.1 278.577
0.45,0.55,0.15 603.406
0.45,0.55,0.2 540.924
0.45,0.55,0.25 233.44
0.45,0.55,0.3 77.2859
0.45,0.55,0.35 437.32
0.45,0.55,0.4 310.713
0.45,0.55,0.45 14.4973
0.45,0.55,0.5 0.00106984
0.45,0.6,0 1.45626e-08
0.45,0.6,0.05 124.672
0.45,0.6,0.1 541.465
0.45,0.6,0.15 394.001
0.45,0.6,0.2 728.509
0.45,0.6,0.25 406.398
0.45,0.6,0.3 32.5042
0.45,0.6,0.35 13.9155
0.45,0.6,0.4 7.7796
0.45,0.6,0.45 0.132514
0.45,0.65,0 4.32448e-09
0.45,0.65,0.05 65.7758
0.45,0.65,0.1 285.577
0.45,0.65,0.15 223.452
0.45,0.65,0.2 253.111
0.45,0.65,0.25 110.124
0.45,0.65,0.3 31.9583
0.45,0.65,0.35 56.2118
0.45,0.65,0.4 9.63317
0.45,0.65,0.45 0.0140431
0.45,0.7,0 1.04913e-10
0.45,0.7,0.05 1.20881
0.45,0.7,0.1 12.4859
0.45,0.7,0.15 49.0808
0.45,0.7,0.2 59.5409
0.45,0.7,0.25 23.3907
0.45,0.7,0.3 47.1422
0.45,0.7,0.35 114.293
0.45,0.7,0.4 18.1799
0.45,0.7,0.45 0.00053918
0.45,0.75,0 2.42916e-07
0.45,0.75,0.05 25.0314
0.45,0.75,0.1 99.4917
0.45,0.75,0.15 30.8435
0.45,0.75,0.2 25.3705
0.45,0.75,0.25 7.40235
0.45,0.75,0.3 5.89758
0.45,0.75,0.35 14.7292
0.45,0.75,0.4 2.34002
0.45,0.8,0 7.85732e-07
0.45,0.8,0.05 80.9672
0.45,0.8,0.1 321.799
0.45,0.8,0.15 80.5101
0.45,0.8,0.2 2.14289
0.45,0.8,0.25 0.499368
0.45,0.8,0.3 6.56198e-06
0.45,0.8,0.35 1.35076e-06
0.45,0.85,0 1.58594e-07
0.45,0.85,0.05 16.3439
0.45,0.85,0.1 64.9577
0.45,0.85,0.15 16.1356
0.45,0.9,0 1.66874e-12
0.45,0.9,0.05 0.000257712
0.45,0.9,0.1 0.00102509
0.45,0.9,0.15 0.00025484
0.5,0.05,0.25 1.49695
0.5,0.05,0.3 21.2241
0.5,0.05,0.35 15.7577
0.5,0.05,0.4 0.373174
0.5,0.1,0 1.56578e-15
0.5,0.1,0.05 0.62081
0.5,0.1,0.1 7.88085
0.5,0.1,0.15 32.3154
0.5,0.1,0.2 44.3401
0.5,0.1,0.25 54.8685
0.5,0.1,0.3 292.597
0.5,0.1,0.35 205.698
0.5,0.1,0.4 4.85459
0.5,0.15,0 4.76954e-13
0.5,0.15,0.05 9.73743
0.5,0.15,0.1 72.5335
0.5,0.15,0.15 258.6
0.5,0.15,0.2 422.339
0.5,0.15,0.25 634.863
0.5,0.15,0.3 553.828
0.5,0.15,0.35 159.454
0.5,0.15,0.4 3.40759
0.5,0.2,0 1.51351e-11
0.5,0.2,0.05 86.5513
0.5,0.2,0.1 413.253
0.5,0.2,0.15 493.947
0.5,0.2,0.2 758.257
0.5,0.2,0.25 882.742
0.5,0.2,0.3 641.295
0.5,0.2,0.35 107.146
0.5,0.2,0.4 5.81411
0.5,0.25,0 9.2588e-09
0.5,0.25,0.05 92.1347
0.5,0.25,0.1 408.242
0.5,0.25,0.15 408.041
0.5,0.25,0.2 670.645
0.5,0.25,0.25 577.516
0.5,0.25,0.3 360.409
0.5,0.25,0.35 232.947
0.5,0.25,0.4 15.9076
0.5,0.3,0 3.13152e-08
0.5,0.3,0.05 137.041
0.5,0.3,0.1 572.513
0.5,0.3,0.15 661.043
0.5,0.3,0.2 740.214
0.5,0.3,0.25 370.369
0.5,0.3,0.3 142.318
0.5,0.3,0.35 69.4888
0.5,0.3,0.4 42.0447
0.5,0.3,0.45 6.15748
0.5,0.35,0 5.65579e-08
0.5,0.35,0.05 156.596
0.5,0.35,0.1 641.94
0.5,0.35,0.15 493.445
0.5,0.35,0.2 480.626
0.5,0.35,0.25 126.797
0.5,0.35,0.3 124.26
0.5,0.35,0.35 281.597
0.5,0.35,0.4 413.488
0.5,0.35,0.45 56.8239
0.5,0.4,0 3.24767e-08
0.5,0.4,0.05 100.887
0.5,0.4,0.1 405.749
0.5,0.4,0.15 206.311
0.5,0.4,0.2 375.813
0.5,0.4,0.25 273.719
0.5,0.4,0.3 196.247
0.5,0.4,0.35 558.916
0.5,0.4,0.4 401.942
0.5,0.4,0.45 32.4072
0.5,0.4,0.5 2.53343e-05
0.5,0.45,0 7.60697e-10
0.5,0.45,0.05 105.479
0.5,0.45,0.1 427.976
0.5,0.45,0.15 223.153
0.5,0.45,0.2 458.935
0.5,0.45,0.25 400.34
0.5,0.45,0.3 161.092
0.5,0.45,0.35 156.409
0.5,0.45,0.4 103.56
0.5,0.45,0.45 12.1472
0.5,0.45,0.5 0.00140967
0.5,0.5,0 4.76716e-09
0.5,0.5,0.05 118.636
0.5,0.5,0.1 505.803
0.5,0.5,0.15 416.679
0.5,0.5,0.2 592.264
0.5,0.5,0.25 510.218
0.5,0.5,0.3 314.947
0.5,0.5,0.35 269.879
0.5,0.5,0.4 211.635
0.5,0.5,0.45 20.3075
0.5,0.5,0.5 0.00212377
0.5,0.55,0 4.82648e-09
0.5,0.55,0.05 78.5412
0.5,0.55,0.1 486.286
0.5,0.55,0.15 816.411
0.5,0.55,0.2 925.575
0.5,0.55,0.25 297.85
0.5,0.55,0.3 222.911
0.5,0.55,0.35 177.852
0.5,0.55,0.4 109.079
0.5,0.55,0.45 3.70313
0.5,0.55,0.5 0.000175718
0.5,0.6,0 5.08459e-10
0.5,0.6,0.05 14.3238
0.5,0.6,0.1 199.904
0.5,0.6,0.15 426.457
0.5,0.6,0.2 396.639
0.5,0.6,0.25 96.7106
0.5,0.6,0.3 11.1625
0.5,0.6,0.35 4.75067
0.5,0.6,0.4 2.3668
0.5,0.6,0.45 0.0433975
0.5,0.65,0 1.85934e-10
0.5,0.65,0.05 5.8446
0.5,0.65,0.1 108.672
0.5,0.65,0.15 446.729
0.5,0.65,0.2 360.582
0.5,0.65,0.25 194.377
0.5,0.65,0.3 16.8423
0.5,0.65,0.35 0.031348
0.5,0.65,0.4 0.00183035
0.5,0.7,0 2.10608e-11
0.5,0.7,0.05 0.419859
0.5,0.7,0.1 29.7205
0.5,0.7,0.15 235.86
0.5,0.7,0.2 687.073
0.5,0.7,0.25 388.35
0.5,0.7,0.3 21.7601
0.5,0.7,0.35 0.0459358
0.5,0.7,0.4 0.00391926
0.5,0.75,0 1.82807e-08
0.5,0.75,0.05 8.33132
0.5,0.75,0.1 36.1977
0.5,0.75,0.15 105.4
0.5,0.75,0.2 381.921
0.5,0.75,0.25 116.007
0.5,0.75,0.3 1.59347
0.5,0.75,0.35 0.0042283
0.5,0.75,0.4 0.000505711
0.5,0.8,0 1.78869e-07
0.5,0.8,0.05 31.8899
0.5,0.8,0.1 127.223
0.5,0.8,0.15 40.758
0.5,0.8,0.2 32.2505
0.5,0.8,0.25 7.50013
0.5,0.85,0 1.65992e-07
0.5,0.85,0.05 25.4838
0.5,0.85,0.1 101.369
0.5,0.85,0.15 25.2017
0.5,0.9,0 8.96276e-09
0.5,0.9,0.05 1.38416
0.5,0.9,0.1 5.50572
0.5,0.9,0.15 1.36874
0.55,0.05,0.25 0.228962
0.55,0.05,0.3 3.24627
0.55,0.05,0.35 2.41017
0.55,0.05,0.4 0.0570777
0.55,0.1,0 6.66332e-14
0.55,0.1,0.05 0.0829665
0.55,0.1,0.1 0.380522
0.55,0.1,0.15 7.66951
0.55,0.1,0.2 43.8385
0.55,0.1,0.25 30.1117
0.55,0.1,0.3 49.4839
0.55,0.1,0.35 31.724
0.55,0.1,0.4 0.74252
0.55,0.15,0 2.02972e-11
0.55,0.15,0.05 27.7133
0.55,0.15,0.1 111.694
0.55,0.15,0.15 95.0618
0.55,0.15,0.2 353.959
0.55,0.15,0.25 347.329
0.55,0.15,0.3 214.464
0.55,0.15,0.35 37.4622
0.55,0.15,0.4 0.791348
0.55,0.2,0 6.0338e-11
0.55,0.2,0.05 95.2122
0.55,0.2,0.1 394.303
0.55,0.2,0.15 333.408
0.55,0.2,0.2 525.381
0.55,0.2,0.25 477.322
0.55,0.2,0.3 510.145
0.55,0.2,0.35 230.822
0.55,0.2,0.4 11.5326
0.55,0.25,0 1.2817e-08
0.55,0.25,0.05 64.5706
0.55,0.25,0.1 282.877
0.55,0.25,0.15 456.145
0.55,0.25,0.2 672.546
0.55,0.25,0.25 717.721
0.55,0.25,0.3 709.507
0.55,0.25,0.35 434.234
0.55,0.25,0.4 23.0198
0.55,0.3,0 3.89058e-08
0.55,0.3,0.05 104.965
0.55,0.3,0.1 430.512
0.55,0.3,0.15 408.615
0.55,0.3,0.2 543.54
0.55,0.3,0.25 707.597
0.55,0.3,0.3 738.121
0.55,0.3,0.35 195.83
0.55,0.3,0.4 10.3474
0.55,0.3,0.45 1.06456
0.55,0.35,0 2.45196e-08
0.55,0.35,0.05 140.516
0.55,0.35,0.1 576.172
0.55,0.35,0.15 257.243
0.55,0.35,0.2 106.853
0.55,0.35,0.25 247.76
0.55,0.35,0.3 371.221
0.55,0.35,0.35 86.9287
0.55,0.35,0.4 69.5501
0.55,0.35,0.45 9.80983
0.55,0.4,0 1.11112e-08
0.55,0.4,0.05 85.0796
0.55,0.4,0.1 347.525
0.55,0.4,0.15 121.223
0.55,0.4,0.2 137.406
0.55,0.4,0.25 395.441
0.55,0.4,0.3 124.779
0.55,0.4,0.35 68.6234
0.55,0.4,0.4 62.0707
0.55,0.4,0.45 5.51291
0.55,0.45,0 2.43575e-10
0.55,0.45,0.05 102.361
0.55,0.45,0.1 458.25
0.55,0.45,0.15 188.8
0.55,0.45,0.2 418.36
0.55,0.45,0.25 344.283
0.55,0.45,0.3 53.8066
0.55,0.45,0.35 14.1083
0.55,0.45,0.4 7.31008
0.55,0.45,0.45 0.121981
0.55,0.5,0 1.71859e-09
0.55,0.5,0.05 81.6561
0.55,0.5,0.1 416.907
0.55,0.5,0.15 259.505
0.55,0.5,0.2 780.708
0.55,0.5,0.25 469.46
0.55,0.5,0.3 208.8
0.55,0.5,0.35 27.7936
0.55,0.5,0.4 0.298301
0.55,0.5,0.45 0.00780126
0.55,0.55,0 1.74893e-09
0.55,0.55,0.05 37.1646
0.55,0.55,0.1 286.928
0.55,0.55,0.15 399.064
0.55,0.55,0.2 706.869
0.55,0.55,0.25 358.122
0.55,0.55,0.3 205.825
0.55,0.55,0.35 27.3111
0.55,0.55,0.4 0.188427
0.55,0.55,0.45 0.00463855
0.55,0.6,0 5.26559e-10
0.55,0.6,0.05 8.51041
0.55,0.6,0.1 225.156
0.55,0.6,0.15 352.454
0.55,0.6,0.2 448.737
0.55,0.6,0.25 311.754
0.55,0.6,0.3 25.8989
0.55,0.6,0.35 1.20732
0.55,0.6,0.4 0.00356135
0.55,0.6,0.45 7.1791e-05
0.55,0.65,0 8.4364e-09
0.55,0.65,0.05 29.5643
0.55,0.65,0.1 188.533
0.55,0.65,0.15 276.262
0.55,0.65,0.2 417.54
0.55,0.65,0.25 601.438
0.55,0.65,0.3 121.093
0.55,0.65,0.35 0.21404
0.55,0.7,0 7.51379e-09
0.55,0.7,0.05 28.8345
0.55,0.7,0.1 227.333
0.55,0.7,0.15 399.124
0.55,0.7,0.2 647.998
0.55,0.7,0.25 641.25
0.55,0.7,0.3 119.621
0.55,0.7,0.35 0.229636
0.55,0.75,0 1.45626e-08
0.55,0.75,0.05 71.1875
0.55,0.75,0.1 387.724
0.55,0.75,0.15 361.928
0.55,0.75,0.2 328.76
0.55,0.75,0.25 113.646
0.55,0.75,0.3 7.68065
0.55,0.75,0.35 0.0112949
0.55,0.8,0 4.45858e-07
0.55,0.8,0.05 145.025
0.55,0.8,0.1 587.17
0.55,0.8,0.15 169.392
0.55,0.8,0.2 27.5435
0.55,0.8,0.25 6.96906
0.55,0.8,0.3 0.259674
0.55,0.85,0 5.23551e-07
0.55,0.85,0.05 89.3176
0.55,0.85,0.1 355.454
0.55,0.85,0.15 88.4157
0.55,0.85,0.2 0.00308923
0.55,0.85,0.25 7.69457e-05
0.55,0.9,0 2.99179e-08
0.55,0.9,0.05 5.75641
0.55,0.9,0.1 22.9211
0.55,0.9,0.15 5.70429
0.55,0.95,0 9.51499e-18
0.55,0.95,0.05 1.11451e-05
0.55,0.95,0.1 4.45676e-05
0.55,0.95,0.15 1.11387e-05
0.6,0.1,0 9.00491e-14
0.6,0.1,0.05 0.112122
0.6,0.1,0.1 0.448364
0.6,0.1,0.15 10.5342
0.6,0.1,0.2 61.9865
0.6,0.1,0.25 23.4295
0.6,0.1,0.3 0.114635
0.6,0.1,0.35 0.00324151
0.6,0.15,0 2.743e-11
0.6,0.15,0.05 34.2968
0.6,0.15,0.1 138.051
0.6,0.15,0.15 116.808
0.6,0.15,0.2 477.44
0.6,0.15,0.25 180.246
0.6,0.15,0.3 13.7872
0.6,0.15,0.35 10.5864
0.6,0.15,0.4 0.409857
0.6,0.2,0 6.67821e-11
0.6,0.2,0.05 95.2214
0.6,0.2,0.1 473.909
0.6,0.2,0.15 293.6
0.6,0.2,0.2 297.345
0.6,0.2,0.25 115.24
0.6,0.2,0.3 220.263
0.6,0.2,0.35 197.953
0.6,0.2,0.4 7.89032
0.6,0.25,0 9.71109e-10
0.6,0.25,0.05 38.1019
0.6,0.25,0.1 339.532
0.6,0.25,0.15 595.896
0.6,0.25,0.2 498.166
0.6,0.25,0.25 457.174
0.6,0.25,0.3 449.585
0.6,0.25,0.35 220.917
0.6,0.25,0.4 7.70433
0.6,0.3,0 2.8142e-09
0.6,0.3,0.05 15.6808
0.6,0.3,0.1 114.281
0.6,0.3,0.15 472.243
0.6,0.3,0.2 777.526
0.6,0.3,0.25 758.676
0.6,0.3,0.3 484.241
0.6,0.3,0.35 90.5019
0.6,0.3,0.4 0.509768
0.6,0.35,0 6.06256e-10
0.6,0.35,0.05 45.8209
0.6,0.35,0.1 296.926
0.6,0.35,0.15 725.408
0.6,0.35,0.2 358.413
0.6,0.35,0.25 176.907
0.6,0.35,0.3 177.852
0.6,0.35,0.35 23.7735
0.6,0.35,0.4 0.0116284
0.6,0.4,0 9.06703e-11
0.6,0.4,0.05 34.1804
0.6,0.4,0.1 205.571
0.6,0.4,0.15 348.88
0.6,0.4,0.2 155.824
0.6,0.4,0.25 77.1334
0.6,0.4,0.3 25.1578
0.6,0.4,0.35 1.33509
0.6,0.45,0 1.5513e-10
0.6,0.45,0.05 109.705
0.6,0.45,0.1 600.978
0.6,0.45,0.15 300.744
0.6,0.45,0.2 580.862
0.6,0.45,0.25 394.899
0.6,0.45,0.3 30.3121
0.6,0.45,0.35 0.0544002
0.6,0.5,0 3.43212e-11
0.6,0.5,0.05 92.9674
0.6,0.5,0.1 553.039
0.6,0.5,0.15 298.534
0.6,0.5,0.2 723.208
0.6,0.5,0.25 503.42
0.6,0.5,0.3 103.587
0.6,0.5,0.35 7.44704
0.6,0.55,0 2.58914e-12
0.6,0.55,0.05 11.0687
0.6,0.55,0.1 81.6497
0.6,0.55,0.15 76.0491
0.6,0.55,0.2 348.869
0.6,0.55,0.25 404.575
0.6,0.55,0.3 242.312
0.6,0.55,0.35 19.9881
0.6,0.6,0 1.19215e-09
0.6,0.6,0.05 4.96559
0.6,0.6,0.1 45.0168
0.6,0.6,0.15 83.9675
0.6,0.6,0.2 672.01
0.6,0.6,0.25 755.749
0.6,0.6,0.3 111.548
0.6,0.6,0.35 3.55727
0.6,0.65,0 2.24436e-08
0.6,0.65,0.05 77.3887
0.6,0.65,0.1 396.722
0.6,0.65,0.15 371.463
0.6,0.65,0.2 491.653
0.6,0.65,0.25 720.205
0.6,0.65,0.3 126.481
0.6,0.65,0.35 0.161388
0.6,0.7,0 1.99888e-08
0.6,0.7,0.05 71.0624
0.6,0.7,0.1 458.889
0.6,0.7,0.15 583.985
0.6,0.7,0.2 364.357
0.6,0.7,0.25 391.897
0.6,0.7,0.3 100.738
0.6,0.7,0.35 0.173652
0.6,0.75,0 4.17184e-09
0.6,0.75,0.05 79.8205
0.6,0.75,0.1 454.686
0.6,0.75,0.15 460.973
0.6,0.75,0.2 240.478
0.6,0.75,0.25 282.29
0.6,0.75,0.3 59.1094
0.6,0.75,0.35 0.00858885
0.6,0.8,0 9.40025e-08
0.6,0.8,0.05 157.081
0.6,0.8,0.1 644.095
0.6,0.8,0.15 262.617
0.6,0.8,0.2 80.708
0.6,0.8,0.25 52.0805
0.6,0.8,0.3 11.0912
0.6,0.85,0 1.09315e-07
0.6,0.85,0.05 109.325
0.6,0.85,0.1 437.023
0.6,0.85,0.15 112.339
0.6,0.85,0.2 2.47684
0.6,0.85,0.25 0.0616925
0.6,0.9,0 6.2527e-09
0.6,0.9,0.05 22.1589
0.6,0.9,0.1 88.5901
0.6,0.9,0.15 22.1361
0.6,0.95,0 1.77506e-16
0.6,0.95,0.05 0.000207916
0.6,0.95,0.1 0.000831427
0.6,0.95,0.15 0.000207798
0.65,0.1,0 6.38252e-15
0.65,0.1,0.05 0.00794702
0.65,0.1,0.1 0.0317792
0.65,0.1,0.15 8.17834
0.65,0.1,0.2 40.3498
0.65,0.1,0.25 12.4774
0.65,0.1,0.3 0.00513081
0.65,0.15,0 1.94419e-12
0.65,0.15,0.05 2.53863
0.65,0.15,0.1 10.9375
0.65,0.15,0.15 72.8215
0.65,0.15,0.2 345.327
0.65,0.15,0.25 107.368
0.65,0.15,0.3 1.00797
0.65,0.15,0.35 0.904093
0.65,0.15,0.4 0.0353351
0.65,0.2,0 4.67188e-12
0.65,0.2,0.05 17.2602
0.65,0.2,0.1 146.455
0.65,0.2,0.15 151.485
0.65,0.2,0.2 281.358
0.65,0.2,0.25 85.7916
0.65,0.2,0.3 18.0329
0.65,0.2,0.35 16.5797
0.65,0.2,0.4 0.647709
0.65,0.25,0 6.87392e-13
0.65,0.25,0.05 21.7048
0.65,0.25,0.1 239.182
0.65,0.25,0.15 376.616
0.65,0.25,0.2 442.476
0.65,0.25,0.25 170.663
0.65,0.25,0.3 37.8577
0.65,0.25,0.35 15.0906
0.65,0.25,0.4 0.568109
0.65,0.3,0 7.77738e-14
0.65,0.3,0.05 2.25508
0.65,0.3,0.1 70.0576
0.65,0.3,0.15 520.673
0.65,0.3,0.2 628.624
0.65,0.3,0.25 381.923
0.65,0.3,0.3 54.0012
0.65,0.3,0.35 1.56206
0.65,0.3,0.4 0.0204679
0.65,0.35,0 5.6556e-13
0.65,0.35,0.05 0.290709
0.65,0.35,0.1 93.5926
0.65,0.35,0.15 531.573
0.65,0.35,0.2 267.516
