0,0.4,0.15 1.71373e-14
0,0.4,0.2 7.33012e-14
0,0.4,0.25 1.95945e-14
0,0.4,0.3 2.04337e-19
0,0.45,0.15 1.61833e-11
0,0.45,0.2 6.92205e-11
0,0.45,0.25 1.85037e-11
0,0.45,0.3 1.92962e-16
0,0.5,0.15 4.6253e-11
0,0.5,0.2 1.97838e-10
0,0.5,0.25 5.2885e-11
0,0.5,0.3 5.515e-16
0,0.55,0.15 8.21008e-12
0,0.55,0.2 3.51169e-11
0,0.55,0.25 9.38728e-12
0,0.55,0.3 9.78933e-17
0,0.65,0.15 4.31381e-14
0,0.65,0.2 5.93819e-13
0,0.65,0.25 4.32066e-13
0,0.65,0.3 9.75849e-15
0,0.7,0.15 5.30933e-13
0,0.7,0.2 7.30859e-12
0,0.7,0.25 5.31777e-12
0,0.7,0.3 1.20105e-13
0,0.75,0.15 3.57062e-13
0,0.75,0.2 4.91516e-12
0,0.75,0.25 3.5763e-12
0,0.75,0.3 8.07729e-14
0,0.8,0.15 6.639e-15
0,0.8,0.2 9.13895e-14
0,0.8,0.25 6.64955e-14
0,0.8,0.3 1.50184e-15
0.05,0.1,0.1 0.353436
0.05,0.1,0.15 10.1267
0.05,0.1,0.2 11.3791
0.05,0.1,0.25 0.604988
0.05,0.15,0 3.31596e-17
0.05,0.15,0.05 0.000323287
0.05,0.15,0.1 1.78012
0.05,0.15,0.15 51.1973
0.05,0.15,0.2 60.4884
0.05,0.15,0.25 5.41398
0.05,0.15,0.3 0.0558365
0.05,0.15,0.35 0.00591716
0.05,0.15,0.4 0.00260735
0.05,0.15,0.45 1.137e-05
0.05,0.2,0 3.21249e-13
0.05,0.2,0.05 0.0333611
0.05,0.2,0.1 0.691758
0.05,0.2,0.15 17.3993
0.05,0.2,0.2 36.754
0.05,0.2,0.25 17.9917
0.05,0.2,0.3 8.34466
0.05,0.2,0.35 7.34472
0.05,0.2,0.4 2.8238
0.05,0.2,0.45 0.0123139
0.05,0.25,0 3.97153e-12
0.05,0.25,0.05 0.376566
0.05,0.25,0.1 1.5056
0.05,0.25,0.15 1.91827
0.05,0.25,0.2 10.4352
0.05,0.25,0.25 26.9037
0.05,0.25,0.3 48.7091
0.05,0.25,0.35 24.6504
0.05,0.25,0.4 8.20301
0.05,0.25,0.45 0.0357712
0.05,0.3,0 2.68119e-12
0.05,0.3,0.05 0.253106
0.05,0.3,0.1 1.0119
0.05,0.3,0.15 1.45097
0.05,0.3,0.2 4.15304
0.05,0.3,0.25 9.29106
0.05,0.3,0.3 18.717
0.05,0.3,0.35 5.75453
0.05,0.3,0.4 1.48118
0.05,0.3,0.45 0.00645905
0.05,0.35,0 2.9303e-10
0.05,0.35,0.05 1.34771
0.05,0.35,0.1 5.38114
0.05,0.35,0.15 1.40723
0.05,0.35,0.2 0.220485
0.05,0.35,0.25 0.0682508
0.05,0.35,0.3 0.0458806
0.05,0.35,0.35 0.00601528
0.05,0.4,0 1.17859e-09
0.05,0.4,0.05 5.4024
0.05,0.4,0.1 21.5716
0.05,0.4,0.15 5.4974
0.05,0.4,0.2 0.642413
0.05,0.4,0.25 0.279606
0.05,0.4,0.3 0.00161569
0.05,0.45,0 2.96324e-10
0.05,0.45,0.05 1.36836
0.05,0.45,0.1 5.65015
0.05,0.45,0.15 13.4789
0.05,0.45,0.2 60.3506
0.05,0.45,0.25 21.9298
0.05,0.45,0.3 1.82897
0.05,0.45,0.35 0.182379
0.05,0.5,0 1.9949e-18
0.05,0.5,0.05 0.173945
0.05,0.5,0.1 3.66606
0.05,0.5,0.15 31.8987
0.05,0.5,0.2 135.406
0.05,0.5,0.25 54.4186
0.05,0.5,0.3 20.716
0.05,0.5,0.35 4.54042
0.05,0.5,0.4 0.567959
0.05,0.55,0.05 0.146916
0.05,0.55,0.1 3.08658
0.05,0.55,0.15 7.48008
0.05,0.55,0.2 21.6591
0.05,0.55,0.25 48.6906
0.05,0.55,0.3 62.1486
0.05,0.55,0.35 16.9951
0.05,0.55,0.4 3.91727
0.05,0.55,0.45 0.0714795
0.05,0.6,0.05 0.00461411
0.05,0.6,0.1 0.0969282
0.05,0.6,0.15 0.0920787
0.05,0.6,0.2 0.827414
0.05,0.6,0.25 31.5573
0.05,0.6,0.3 43.1871
0.05,0.6,0.35 17.5013
0.05,0.6,0.4 13.0867
0.05,0.6,0.45 0.61522
0.05,0.65,0.15 0.431787
0.05,0.65,0.2 5.96823
0.05,0.65,0.25 5.31378
0.05,0.65,0.3 1.64069
0.05,0.65,0.35 5.96844
0.05,0.65,0.4 6.33255
0.05,0.65,0.45 0.313865
0.05,0.7,0.15 5.31433
0.05,0.7,0.2 73.1546
0.05,0.7,0.25 53.2277
0.05,0.7,0.3 1.20396
0.05,0.7,0.35 0.046961
0.05,0.7,0.4 0.0506091
0.05,0.7,0.45 0.00250839
0.05,0.75,0.15 3.57398
0.05,0.75,0.2 49.1978
0.05,0.75,0.25 35.7966
0.05,0.75,0.3 0.808489
0.05,0.8,0.15 0.0664524
0.05,0.8,0.2 0.914754
0.05,0.8,0.25 0.66558
0.05,0.8,0.3 0.0150325
0.1,0,0.1 2.01027e-19
0.1,0,0.15 6.84176e-17
0.1,0,0.2 1.67834e-16
0.1,0,0.25 2.52659e-17
0.1,0.05,0.1 2.64753e-06
0.1,0.05,0.15 0.000901064
0.1,0.05,0.2 0.00440482
0.1,0.05,0.25 0.696685
0.1,0.05,0.3 1.68629
0.1,0.05,0.35 0.250249
0.1,0.1,0.1 1.91237
0.1,0.1,0.15 54.8359
0.1,0.1,0.2 61.9387
0.1,0.1,0.25 7.03881
0.1,0.1,0.3 8.67933
0.1,0.1,0.35 1.29602
0.1,0.1,0.4 0.000707976
0.1,0.15,0 2.94872e-13
0.1,0.15,0.05 2.87483
0.1,0.15,0.1 21.1226
0.1,0.15,0.15 282.344
0.1,0.15,0.2 360.163
0.1,0.15,0.25 54.4329
0.1,0.15,0.3 6.93087
0.1,0.15,0.35 5.15372
0.1,0.15,0.4 0.400821
0.1,0.15,0.45 0.000187345
0.1,0.2,0 3.91288e-11
0.1,0.2,0.05 30.7009
0.1,0.2,0.1 125.801
0.1,0.2,0.15 138.594
0.1,0.2,0.2 381.86
0.1,0.2,0.25 244.735
0.1,0.2,0.3 84.8828
0.1,0.2,0.35 125.02
0.1,0.2,0.4 47.4665
0.1,0.2,0.45 0.202897
0.1,0.25,0 4.51124e-10
0.1,0.25,0.05 57.5436
0.1,0.25,0.1 230.166
0.1,0.25,0.15 113.246
0.1,0.25,0.2 269.725
0.1,0.25,0.25 283.271
0.1,0.25,0.3 403.992
0.1,0.25,0.35 355.424
0.1,0.25,0.4 135.314
0.1,0.25,0.45 0.589408
0.1,0.3,0 3.03542e-10
0.1,0.3,0.05 29.1073
0.1,0.3,0.1 116.989
0.1,0.3,0.15 84.5095
0.1,0.3,0.2 189.077
0.1,0.3,0.25 106.11
0.1,0.3,0.3 149.146
0.1,0.3,0.35 73.9057
0.1,0.3,0.4 24.4056
0.1,0.3,0.45 0.106427
0.1,0.35,0 4.54335e-09
0.1,0.35,0.05 21.4485
0.1,0.35,0.1 85.8761
0.1,0.35,0.15 24.4761
0.1,0.35,0.2 10.1298
0.1,0.35,0.25 2.32895
0.1,0.35,0.3 0.354848
0.1,0.35,0.35 0.0465231
0.1,0.4,0 1.82539e-08
0.1,0.4,0.05 83.6723
0.1,0.4,0.1 334.341
0.1,0.4,0.15 91.6422
0.1,0.4,0.2 14.1081
0.1,0.4,0.25 3.0268
0.1,0.4,0.3 0.0250247
0.1,0.4,0.35 0.0631534
0.1,0.4,0.4 0.273717
0.1,0.4,0.45 0.0741388
0.1,0.4,0.5 1.30888e-06
0.1,0.45,0 4.58965e-09
0.1,0.45,0.05 22.6263
0.1,0.45,0.1 100.407
0.1,0.45,0.15 193.497
0.1,0.45,0.2 484.897
0.1,0.45,0.25 168.233
0.1,0.45,0.3 29.097
0.1,0.45,0.35 12.8979
0.1,0.45,0.4 43.4527
0.1,0.45,0.45 11.7695
0.1,0.45,0.5 0.000207792
0.1,0.5,0 1.00188e-12
0.1,0.5,0.05 13.1267
0.1,0.5,0.1 174.087
0.1,0.5,0.15 369.912
0.1,0.5,0.2 841.772
0.1,0.5,0.25 444.319
0.1,0.5,0.3 317.946
0.1,0.5,0.35 140.072
0.1,0.5,0.4 110.481
0.1,0.5,0.45 24.5467
0.1,0.5,0.5 0.00043346
0.1,0.55,0 3.22651e-13
0.1,0.55,0.05 7.89163
0.1,0.55,0.1 132.443
0.1,0.55,0.15 168.143
0.1,0.55,0.2 197.125
0.1,0.55,0.25 480.444
0.1,0.55,0.3 582.06
0.1,0.55,0.35 436.47
0.1,0.55,0.4 119.591
0.1,0.55,0.45 4.34417
0.1,0.55,0.5 5.43284e-05
0.1,0.6,0 1.55456e-16
0.1,0.6,0.05 0.319934
0.1,0.6,0.1 11.5965
0.1,0.6,0.15 19.816
0.1,0.6,0.2 30.6535
0.1,0.6,0.25 258.283
0.1,0.6,0.3 301.876
0.1,0.6,0.35 324.593
0.1,0.6,0.4 242.416
0.1,0.6,0.45 10.9405
0.1,0.6,0.5 3.07379e-09
0.1,0.65,0.05 0.755221
0.1,0.65,0.1 43.622
0.1,0.65,0.15 82.3236
0.1,0.65,0.2 57.4509
0.1,0.65,0.25 35.6354
0.1,0.65,0.3 93.2844
0.1,0.65,0.35 150.505
0.1,0.65,0.4 113.139
0.1,0.65,0.45 5.58147
0.1,0.7,0.05 0.266254
0.1,0.7,0.1 15.3949
0.1,0.7,0.15 59.1522
0.1,0.7,0.2 334.61
0.1,0.7,0.25 226.704
0.1,0.7,0.3 59.0165
0.1,0.7,0.35 28.8881
0.1,0.7,0.4 1.16324
0.1,0.7,0.45 0.0446067
0.1,0.75,0.05 0.000299846
0.1,0.75,0.1 0.0179401
0.1,0.75,0.15 16.9082
0.1,0.75,0.2 205.889
0.1,0.75,0.25 146.282
0.1,0.75,0.3 5.46403
0.1,0.75,0.35 0.947203
0.1,0.75,0.4 0.00505056
0.1,0.8,0.1 2.56976e-08
0.1,0.8,0.15 0.266381
0.1,0.8,0.2 3.87921
0.1,0.8,0.25 3.24173
0.1,0.8,0.3 0.15443
0.1,0.85,0.15 5.3234e-06
0.1,0.85,0.2 0.00277066
0.1,0.85,0.25 0.00729754
0.1,0.85,0.3 0.00118729
0.15,0,0.1 2.5992e-15
0.15,0,0.15 8.84613e-13
0.15,0,0.2 2.17003e-12
0.15,0,0.25 3.26679e-13
0.15,0.05,0 3.77742e-13
0.15,0.05,0.05 0.00767793
0.15,0.05,0.1 0.0649096
0.15,0.05,0.15 11.6581
0.15,0.05,0.2 28.6463
0.15,0.05,0.25 25.7618
0.15,0.05,0.3 52.5401
0.15,0.05,0.35 7.96092
0.15,0.05,0.4 1.57633e-05
0.15,0.1,0 2.55832e-10
0.15,0.1,0.05 5.19999
0.15,0.1,0.1 21.5578
0.15,0.1,0.15 72.767
0.15,0.1,0.2 157.99
0.15,0.1,0.25 141.202
0.15,0.1,0.3 273.227
0.15,0.1,0.35 41.9111
0.15,0.1,0.4 0.0147434
0.15,0.15,0 7.01258e-10
0.15,0.15,0.05 24.2149
0.15,0.15,0.1 100.288
0.15,0.15,0.15 156.369
0.15,0.15,0.2 371.946
0.15,0.15,0.25 185.275
0.15,0.15,0.3 162.284
0.15,0.15,0.35 115.993
0.15,0.15,0.4 8.07291
0.15,0.15,0.45 0.000153565
0.15,0.2,0 1.97596e-10
0.15,0.2,0.05 104.269
0.15,0.2,0.1 420.165
0.15,0.2,0.15 188.938
0.15,0.2,0.2 489.449
0.15,0.2,0.25 484.472
0.15,0.2,0.3 310.016
0.15,0.2,0.35 386.695
0.15,0.2,0.4 61.986
0.15,0.2,0.45 0.166312
0.15,0.25,0 8.62287e-10
0.15,0.25,0.05 146.513
0.15,0.25,0.1 598.097
0.15,0.25,0.15 240.144
0.15,0.25,0.2 429.184
0.15,0.25,0.25 541.427
0.15,0.25,0.3 410.989
0.15,0.25,0.35 339.716
0.15,0.25,0.4 115.913
0.15,0.25,0.45 0.483131
0.15,0.3,0 5.7863e-10
0.15,0.3,0.05 92.5703
0.15,0.3,0.1 436.598
0.15,0.3,0.15 211.554
0.15,0.3,0.2 273.842
0.15,0.3,0.25 132.548
0.15,0.3,0.3 107.502
0.15,0.3,0.35 55.8222
0.15,0.3,0.4 20.0338
0.15,0.3,0.45 0.0872367
0.15,0.35,0 3.58436e-09
0.15,0.35,0.05 29.6071
0.15,0.35,0.1 143.013
0.15,0.35,0.15 49.1224
0.15,0.35,0.2 14.5327
0.15,0.35,0.25 3.20261
0.15,0.35,0.3 0.1655
0.15,0.35,0.35 0.0216888
0.15,0.4,0 1.43753e-08
0.15,0.4,0.05 66.2594
0.15,0.4,0.1 269.938
0.15,0.4,0.15 132.663
0.15,0.4,0.2 58.4378
0.15,0.4,0.25 5.41912
0.15,0.4,0.3 0.40315
0.15,0.4,0.35 0.371608
0.15,0.4,0.4 1.18269
0.15,0.4,0.45 0.317943
0.15,0.4,0.5 5.61313e-06
0.15,0.45,0 3.61696e-09
0.15,0.45,0.05 33.5717
0.15,0.45,0.1 166.567
0.15,0.45,0.15 515.176
0.15,0.45,0.2 654.847
0.15,0.45,0.25 245.732
0.15,0.45,0.3 78.3619
0.15,0.45,0.35 80.5993
0.15,0.45,0.4 196.064
0.15,0.45,0.45 52.388
0.15,0.45,0.5 0.000975343
0.15,0.5,0 1.39311e-11
0.15,0.5,0.05 94.2837
0.15,0.5,0.1 544.173
0.15,0.5,0.15 639.624
0.15,0.5,0.2 827.99
0.15,0.5,0.25 590.274
0.15,0.5,0.3 485.084
0.15,0.5,0.35 413.045
0.15,0.5,0.4 535.848
0.15,0.5,0.45 132.989
0.15,0.5,0.5 0.00307982
0.15,0.55,0 4.48659e-12
0.15,0.55,0.05 35.2025
0.15,0.55,0.1 276.246
0.15,0.55,0.15 352.683
0.15,0.55,0.2 476.851
0.15,0.55,0.25 707.36
0.15,0.55,0.3 829.568
0.15,0.55,0.35 836.919
0.15,0.55,0.4 305.891
0.15,0.55,0.45 35.187
0.15,0.55,0.5 0.00115311
0.15,0.6,0 2.51649e-10
0.15,0.6,0.05 5.14866
0.15,0.6,0.1 65.24
0.15,0.6,0.15 118.126
0.15,0.6,0.2 125.271
0.15,0.6,0.25 338.954
0.15,0.6,0.3 375.004
0.15,0.6,0.35 409.719
0.15,0.6,0.4 231.566
0.15,0.6,0.45 9.95135
0.15,0.6,0.5 2.25684e-05
0.15,0.65,0 1.34118e-09
0.15,0.65,0.05 26.2941
0.15,0.65,0.1 322.847
0.15,0.65,0.15 577.951
0.15,0.65,0.2 410.962
0.15,0.65,0.25 127.146
0.15,0.65,0.3 594.595
0.15,0.65,0.35 408.674
0.15,0.65,0.4 100.464
0.15,0.65,0.45 4.80084
0.15,0.7,0 4.45021e-10
0.15,0.7,0.05 8.80873
0.15,0.7,0.1 125.288
0.15,0.7,0.15 366.355
0.15,0.7,0.2 591.061
0.15,0.7,0.25 233.687
0.15,0.7,0.3 464.457
0.15,0.7,0.35 220.863
0.15,0.7,0.4 2.64061
0.15,0.7,0.45 0.0383589
0.15,0.75,0 2.92762e-13
0.15,0.75,0.05 0.00700792
0.15,0.75,0.1 3.87848
0.15,0.75,0.15 55.501
0.15,0.75,0.2 234.609
0.15,0.75,0.25 247.115
0.15,0.75,0.3 105.094
0.15,0.75,0.35 22.6383
0.15,0.75,0.4 0.0457592
0.15,0.8,0.1 0.214767
0.15,0.8,0.15 5.49146
0.15,0.8,0.2 44.7143
0.15,0.8,0.25 103.107
0.15,0.8,0.3 40.4743
0.15,0.8,0.35 6.45284
0.15,0.8,0.4 4.40649e-06
0.15,0.85,0.1 0.00217523
0.15,0.85,0.15 0.0532147
0.15,0.85,0.2 0.502373
0.15,0.85,0.25 1.2218
0.15,0.85,0.3 0.347802
0.15,0.85,0.35 0.0399503
0.15,0.85,0.4 2.72812e-08
0.2,0,0.1 9.10015e-15
0.2,0,0.15 3.09715e-12
0.2,0,0.2 7.59759e-12
0.2,0,0.25 1.14375e-12
0.2,0.05,0 2.59192e-12
0.2,0.05,0.05 0.0526829
0.2,0.05,0.1 0.333644
0.2,0.05,0.15 41.0293
0.2,0.05,0.2 100.446
0.2,0.05,0.25 47.726
0.2,0.05,0.3 95.4213
0.2,0.05,0.35 18.8737
0.2,0.05,0.4 0.000453395
0.2,0.1,0 1.75541e-09
0.2,0.1,0.05 35.6802
0.2,0.1,0.1 143.059
0.2,0.1,0.15 204.975
0.2,0.1,0.2 462.974
0.2,0.1,0.25 313.543
0.2,0.1,0.3 578.372
0.2,0.1,0.35 119.794
0.2,0.1,0.4 0.0171101
0.2,0.1,0.45 7.10778e-17
0.2,0.15,0 4.80501e-09
0.2,0.15,0.05 103.614
0.2,0.15,0.1 421.964
0.2,0.15,0.15 216.877
0.2,0.15,0.2 548.032
0.2,0.15,0.25 402.012
0.2,0.15,0.3 330.726
0.2,0.15,0.35 187.623
0.2,0.15,0.4 12.0733
0.2,0.15,0.45 4.62129e-06
0.2,0.2,0 8.24502e-10
0.2,0.2,0.05 81.0937
0.2,0.2,0.1 400.814
0.2,0.2,0.15 324.498
0.2,0.2,0.2 635.221
0.2,0.2,0.25 447.286
0.2,0.2,0.3 526.147
0.2,0.2,0.35 642.902
0.2,0.2,0.4 57.5803
0.2,0.2,0.45 0.00490645
0.2,0.25,0 9.73807e-11
0.2,0.25,0.05 129.186
0.2,0.25,0.1 581.066
0.2,0.25,0.15 320.917
0.2,0.25,0.2 547.473
0.2,0.25,0.25 589.991
0.2,0.25,0.3 560.678
0.2,0.25,0.35 366.652
0.2,0.25,0.4 30.0877
0.2,0.25,0.45 0.0142521
0.2,0.3,0 6.51075e-11
0.2,0.3,0.05 123.56
0.2,0.3,0.1 619.167
0.2,0.3,0.15 282.052
0.2,0.3,0.2 332.835
0.2,0.3,0.25 168.899
0.2,0.3,0.3 93.4262
0.2,0.3,0.35 34.0117
0.2,0.3,0.4 2.50979
0.2,0.3,0.45 0.00257341
0.2,0.35,0 1.00531e-10
0.2,0.35,0.05 60.8769
0.2,0.35,0.1 291.48
0.2,0.35,0.15 98.3782
0.2,0.35,0.2 18.5625
0.2,0.35,0.25 5.11551
0.2,0.35,0.3 0.104586
0.2,0.35,0.35 0.315929
0.2,0.35,0.4 0.0663658
0.2,0.4,0 4.14246e-10
0.2,0.4,0.05 45.4106
0.2,0.4,0.1 217.474
0.2,0.4,0.15 253.419
0.2,0.4,0.2 92.7239
0.2,0.4,0.25 7.03572
0.2,0.4,0.3 0.962017
0.2,0.4,0.35 0.520757
0.2,0.4,0.4 0.354011
0.2,0.4,0.45 0.0852128
0.2,0.4,0.5 1.50439e-06
0.2,0.45,0 2.51789e-10
0.2,0.45,0.05 45.3841
0.2,0.45,0.1 262.409
0.2,0.45,0.15 651.386
0.2,0.45,0.2 444.117
0.2,0.45,0.25 239.976
0.2,0.45,0.3 189.723
0.2,0.45,0.35 182.376
0.2,0.45,0.4 107.041
0.2,0.45,0.45 21.9112
0.2,0.45,0.5 0.000525462
0.2,0.5,0 2.25835e-10
0.2,0.5,0.05 86.2549
0.2,0.5,0.1 370.725
0.2,0.5,0.15 403.02
0.2,0.5,0.2 546.6
0.2,0.5,0.25 591.866
0.2,0.5,0.3 773.923
0.2,0.5,0.35 646.959
0.2,0.5,0.4 619.064
0.2,0.5,0.45 134.605
0.2,0.5,0.5 0.00465298
0.2,0.55,0 5.23116e-11
0.2,0.55,0.05 28.3592
0.2,0.55,0.1 173.304
0.2,0.55,0.15 325.62
0.2,0.55,0.2 396.213
0.2,0.55,0.25 444.937
0.2,0.55,0.3 675.016
0.2,0.55,0.35 554.801
0.2,0.55,0.4 475.342
0.2,0.55,0.45 88.0854
0.2,0.55,0.5 0.00319357
0.2,0.6,0 1.15922e-09
0.2,0.6,0.05 19.9301
0.2,0.6,0.1 175.001
0.2,0.6,0.15 363.686
0.2,0.6,0.2 328.052
0.2,0.6,0.25 479.604
0.2,0.6,0.3 412.777
0.2,0.6,0.35 290.61
0.2,0.6,0.4 129.14
0.2,0.6,0.45 10.223
0.2,0.6,0.5 7.67578e-05
0.2,0.65,0 6.25721e-09
0.2,0.65,0.05 109.185
0.2,0.65,0.1 549.242
0.2,0.65,0.15 636.864
0.2,0.65,0.2 520.989
0.2,0.65,0.25 238.853
0.2,0.65,0.3 599.262
0.2,0.65,0.35 343.821
0.2,0.65,0.4 13.8034
0.2,0.65,0.45 0.45873
0.2,0.7,0 2.20837e-09
0.2,0.7,0.05 43.8233
0.2,0.7,0.1 318.464
0.2,0.7,0.15 659.049
0.2,0.7,0.2 555.368
0.2,0.7,0.25 425.491
0.2,0.7,0.3 587.764
0.2,0.7,0.35 173.993
0.2,0.7,0.4 2.05305
0.2,0.7,0.45 0.0015181
0.2,0.75,0 1.83253e-11
0.2,0.75,0.05 1.01084
0.2,0.75,0.1 50.5811
0.2,0.75,0.15 356.907
0.2,0.75,0.2 662.015
0.2,0.75,0.25 703.657
0.2,0.75,0.3 512.362
0.2,0.75,0.35 103.662
0.2,0.75,0.4 0.0246619
0.2,0.8,0.05 0.00706944
0.2,0.8,0.1 10.6895
0.2,0.8,0.15 130.091
0.2,0.8,0.2 256.183
0.2,0.8,0.25 297.887
0.2,0.8,0.3 210.739
0.2,0.8,0.35 45.5298
0.2,0.8,0.4 3.10912e-05
0.2,0.85,0.05 6.53644e-05
0.2,0.85,0.1 0.102795
0.2,0.85,0.15 1.25808
0.2,0.85,0.2 2.09419
0.2,0.85,0.25 2.79732
0.2,0.85,0.3 1.50071
0.2,0.85,0.35 0.28188
0.2,0.85,0.4 1.9249e-07
0.25,0,0.1 1.99043e-15
0.25,0,0.15 6.77425e-13
0.25,0,0.2 6.08537e-12
0.25,0,0.25 9.32561e-11
