0.45,0.2,0.1 306.329
0.45,0.2,0.15 594.966
0.45,0.2,0.2 427.567
0.45,0.2,0.25 532.129
0.45,0.2,0.3 681.293
0.45,0.2,0.35 156.835
0.45,0.2,0.4 17.5759
0.45,0.2,0.45 7.72733e-05
0.45,0.25,0 1.9913e-08
0.45,0.25,0.05 50.5577
0.45,0.25,0.1 335.815
0.45,0.25,0.15 338.389
0.45,0.25,0.2 316.226
0.45,0.25,0.25 364.177
0.45,0.25,0.3 426.657
0.45,0.25,0.35 253.215
0.45,0.25,0.4 55.1514
0.45,0.25,0.45 0.000141286
0.45,0.3,0 8.69791e-08
0.45,0.3,0.05 113.503
0.45,0.3,0.1 496.348
0.45,0.3,0.15 651.908
0.45,0.3,0.2 899.164
0.45,0.3,0.25 354.432
0.45,0.3,0.3 157.014
0.45,0.3,0.35 148.551
0.45,0.3,0.4 70.1805
0.45,0.3,0.45 7.82229
0.45,0.35,0 7.05222e-08
0.45,0.35,0.05 119.659
0.45,0.35,0.1 559.567
0.45,0.35,0.15 745.938
0.45,0.35,0.2 689.662
0.45,0.35,0.25 310.196
0.45,0.35,0.3 658.982
0.45,0.35,0.35 331.095
0.45,0.35,0.4 325.736
0.45,0.35,0.45 49.7575
0.45,0.35,0.5 1.45883e-05
0.45,0.4,0 3.21596e-08
0.45,0.4,0.05 74.9923
0.45,0.4,0.1 340.106
0.45,0.4,0.15 337.568
0.45,0.4,0.2 413.964
0.45,0.4,0.25 268.169
0.45,0.4,0.3 821.602
0.45,0.4,0.35 528.188
0.45,0.4,0.4 304.773
0.45,0.4,0.45 38.926
0.45,0.4,0.5 0.081495
0.45,0.45,0 1.13078e-09
0.45,0.45,0.05 72.1348
0.45,0.45,0.1 329.881
0.45,0.45,0.15 426.101
0.45,0.45,0.2 571.359
0.45,0.45,0.25 520.393
0.45,0.45,0.3 593.864
0.45,0.45,0.35 520.01
0.45,0.45,0.4 495.847
0.45,0.45,0.45 118.634
0.45,0.45,0.5 0.297749
0.45,0.5,0 1.11953e-09
0.45,0.5,0.05 87.0171
0.45,0.5,0.1 394.69
0.45,0.5,0.15 524.435
0.45,0.5,0.2 474.34
0.45,0.5,0.25 549.525
0.45,0.5,0.3 453.861
0.45,0.5,0.35 837.876
0.45,0.5,0.4 925.45
0.45,0.5,0.45 125.855
0.45,0.5,0.5 0.0804456
0.45,0.55,0 4.41476e-09
0.45,0.55,0.05 33.5223
0.45,0.55,0.1 203.156
0.45,0.55,0.15 620.915
0.45,0.55,0.2 594.567
0.45,0.55,0.25 453.315
0.45,0.55,0.3 249.057
0.45,0.55,0.35 232.819
0.45,0.55,0.4 278.808
0.45,0.55,0.45 23.3809
0.45,0.55,0.5 0.000640815
0.45,0.6,0 1.24128e-08
0.45,0.6,0.05 105.792
0.45,0.6,0.1 514.288
0.45,0.6,0.15 397.183
0.45,0.6,0.2 599.53
0.45,0.6,0.25 502.123
0.45,0.6,0.3 84.8421
0.45,0.6,0.35 22.1099
0.45,0.6,0.4 6.3961
0.45,0.6,0.45 0.251224
0.45,0.65,0 2.77989e-09
0.45,0.65,0.05 53.0641
0.45,0.65,0.1 264.073
0.45,0.65,0.15 233.02
0.45,0.65,0.2 377.859
0.45,0.65,0.25 272.773
0.45,0.65,0.3 94.627
0.45,0.65,0.35 90.7358
0.45,0.65,0.4 51.7701
0.45,0.65,0.45 0.780826
0.45,0.7,0 7.13216e-11
0.45,0.7,0.05 0.971239
0.45,0.7,0.1 5.85157
0.45,0.7,0.15 46.6189
0.45,0.7,0.2 221.066
0.45,0.7,0.25 355.009
0.45,0.7,0.3 99.7609
0.45,0.7,0.35 73.4623
0.45,0.7,0.4 42.6442
0.45,0.7,0.45 0.619066
0.45,0.75,0 2.42916e-07
0.45,0.75,0.05 25.0314
0.45,0.75,0.1 99.4863
0.45,0.75,0.15 25.1412
0.45,0.75,0.2 35.7686
0.45,0.75,0.25 124.275
0.45,0.75,0.3 40.8477
0.45,0.75,0.35 2.55809
0.45,0.75,0.4 1.31739
0.45,0.75,0.45 0.0190312
0.45,0.8,0 7.85732e-07
0.45,0.8,0.05 80.9672
0.45,0.8,0.1 321.799
0.45,0.8,0.15 79.9354
0.45,0.8,0.2 0.826276
0.45,0.8,0.25 5.54358
0.45,0.8,0.3 2.28022
0.45,0.8,0.35 0.00703554
0.45,0.85,0 1.58594e-07
0.45,0.85,0.05 16.3439
0.45,0.85,0.1 64.9577
0.45,0.85,0.15 16.1356
0.45,0.9,0 1.66874e-12
0.45,0.9,0.05 0.000257712
0.45,0.9,0.1 0.00102509
0.45,0.9,0.15 0.00025484
0.5,0.05,0.25 2.5448e-05
0.5,0.05,0.3 0.0889387
0.5,0.05,0.35 0.288226
0.5,0.05,0.4 0.0582823
0.5,0.1,0.05 0.0284659
0.5,0.1,0.1 2.47389
0.5,0.1,0.15 10.2275
0.5,0.1,0.2 23.2479
0.5,0.1,0.25 21.2354
0.5,0.1,0.3 40.5601
0.5,0.1,0.35 95.6043
0.5,0.1,0.4 19.2576
0.5,0.15,0.05 0.683343
0.5,0.15,0.1 32.8152
0.5,0.15,0.15 129.629
0.5,0.15,0.2 316.122
0.5,0.15,0.25 367.513
0.5,0.15,0.3 396.205
0.5,0.15,0.35 268.811
0.5,0.15,0.4 47.4064
0.5,0.15,0.45 5.9685e-05
0.5,0.2,0 2.92134e-12
0.5,0.2,0.05 4.44631
0.5,0.2,0.1 237.672
0.5,0.2,0.15 523.975
0.5,0.2,0.2 761.531
0.5,0.2,0.25 738.271
0.5,0.2,0.3 800.341
0.5,0.2,0.35 292.092
0.5,0.2,0.4 52.5184
0.5,0.2,0.45 0.00488755
0.5,0.25,0 1.12477e-08
0.5,0.25,0.05 19.8911
0.5,0.25,0.1 263.863
0.5,0.25,0.15 467.472
0.5,0.25,0.2 691.054
0.5,0.25,0.25 536.506
0.5,0.25,0.3 601.527
0.5,0.25,0.35 623.797
0.5,0.25,0.4 146.019
0.5,0.25,0.45 0.00845253
0.5,0.3,0 7.36151e-08
0.5,0.3,0.05 91.5521
0.5,0.3,0.1 529.393
0.5,0.3,0.15 594.253
0.5,0.3,0.2 734.508
0.5,0.3,0.25 401.286
0.5,0.3,0.3 661.667
0.5,0.3,0.35 456.753
0.5,0.3,0.4 106.836
0.5,0.3,0.45 9.88036
0.5,0.35,0 3.76027e-08
0.5,0.35,0.05 82.3729
0.5,0.35,0.1 563.823
0.5,0.35,0.15 521.234
0.5,0.35,0.2 447.221
0.5,0.35,0.25 290.43
0.5,0.35,0.3 457.003
0.5,0.35,0.35 538.973
0.5,0.35,0.4 446.077
0.5,0.35,0.45 64.4381
0.5,0.4,0 6.82461e-09
0.5,0.4,0.05 46.9481
0.5,0.4,0.1 380.669
0.5,0.4,0.15 289.65
0.5,0.4,0.2 360.324
0.5,0.4,0.25 330.211
0.5,0.4,0.3 280.744
0.5,0.4,0.35 422.849
0.5,0.4,0.4 409.778
0.5,0.4,0.45 40.9191
0.5,0.4,0.5 0.000256847
0.5,0.45,0 4.93602e-10
0.5,0.45,0.05 51.062
0.5,0.45,0.1 372.516
0.5,0.45,0.15 278.621
0.5,0.45,0.2 467.032
0.5,0.45,0.25 509.55
0.5,0.45,0.3 229.934
0.5,0.45,0.35 139.215
0.5,0.45,0.4 129.61
0.5,0.45,0.45 17.8425
0.5,0.45,0.5 0.00381196
0.5,0.5,0 5.67498e-09
0.5,0.5,0.05 108.663
0.5,0.5,0.1 489.071
0.5,0.5,0.15 425.341
0.5,0.5,0.2 658.545
0.5,0.5,0.25 724.511
0.5,0.5,0.3 351.099
0.5,0.5,0.35 287.588
0.5,0.5,0.4 341.147
0.5,0.5,0.45 33.0125
0.5,0.5,0.5 0.00291857
0.5,0.55,0 5.72663e-09
0.5,0.55,0.05 76.2313
0.5,0.55,0.1 377.74
0.5,0.55,0.15 647.549
0.5,0.55,0.2 893.14
0.5,0.55,0.25 472.761
0.5,0.55,0.3 542.749
0.5,0.55,0.35 255.028
0.5,0.55,0.4 135.342
0.5,0.55,0.45 10.8406
0.5,0.55,0.5 7.41637e-05
0.5,0.6,0 3.34617e-10
0.5,0.6,0.05 9.55714
0.5,0.6,0.1 148.727
0.5,0.6,0.15 413.274
0.5,0.6,0.2 419.049
0.5,0.6,0.25 239.095
0.5,0.6,0.3 181.555
0.5,0.6,0.35 64.2402
0.5,0.6,0.4 1.20469
0.5,0.6,0.45 0.0477568
0.5,0.65,0 1.78479e-11
0.5,0.65,0.05 4.18211
0.5,0.65,0.1 38.7755
0.5,0.65,0.15 258.289
0.5,0.65,0.2 431.436
0.5,0.65,0.25 571.553
0.5,0.65,0.3 333.343
0.5,0.65,0.35 9.72605
0.5,0.65,0.4 0.0085522
0.5,0.65,0.45 8.74273e-05
0.5,0.7,0 4.11456e-12
0.5,0.7,0.05 0.216268
0.5,0.7,0.1 3.70098
0.5,0.7,0.15 81.953
0.5,0.7,0.2 352.915
0.5,0.7,0.25 807.29
0.5,0.7,0.3 330.952
0.5,0.7,0.35 6.75203
0.5,0.7,0.4 0.00502227
0.5,0.7,0.45 7.3088e-05
0.5,0.75,0 1.82775e-08
0.5,0.75,0.05 4.50442
0.5,0.75,0.1 32.7972
0.5,0.75,0.15 19.8605
0.5,0.75,0.2 79.3041
0.5,0.75,0.25 366.247
0.5,0.75,0.3 139.761
0.5,0.75,0.35 1.08091
0.5,0.75,0.4 0.00015441
0.5,0.75,0.45 2.24709e-06
0.5,0.8,0 1.78866e-07
0.5,0.8,0.05 27.5874
0.5,0.8,0.1 122.972
0.5,0.8,0.15 38.0119
0.5,0.8,0.2 3.14909
0.5,0.8,0.25 19.6477
0.5,0.8,0.3 8.39479
0.5,0.8,0.35 0.10242
0.5,0.85,0 1.65992e-07
0.5,0.85,0.05 25.2567
0.5,0.85,0.1 100.981
0.5,0.85,0.15 25.3796
0.5,0.85,0.2 0.00546367
0.5,0.9,0 8.96276e-09
0.5,0.9,0.05 1.38416
0.5,0.9,0.1 5.50572
0.5,0.9,0.15 1.36874
0.55,0.05,0.25 5.14663e-07
0.55,0.05,0.3 0.00179871
0.55,0.05,0.35 0.00582912
0.55,0.05,0.4 0.00117871
0.55,0.1,0.05 0.0320059
0.55,0.1,0.1 0.249546
0.55,0.1,0.15 0.346851
0.55,0.1,0.2 1.96636
0.55,0.1,0.25 6.84609
0.55,0.1,0.3 3.17598
0.55,0.1,0.35 1.95111
0.55,0.1,0.4 0.389467
0.55,0.15,0.05 11.3384
0.55,0.15,0.1 94.7397
0.55,0.15,0.15 57.5643
0.55,0.15,0.2 66.0863
0.55,0.15,0.25 275.876
0.55,0.15,0.3 115.721
0.55,0.15,0.35 10.0393
0.55,0.15,0.4 1.6194
0.55,0.15,0.45 9.48796e-05
0.55,0.2,0.05 28.9528
0.55,0.2,0.1 297.691
0.55,0.2,0.15 276.005
0.55,0.2,0.2 310.64
0.55,0.2,0.25 503.549
0.55,0.2,0.3 245.814
0.55,0.2,0.35 200.712
0.55,0.2,0.4 55.9007
0.55,0.2,0.45 0.00776654
0.55,0.25,0 4.43836e-10
0.55,0.25,0.05 15.9304
0.55,0.25,0.1 211.752
0.55,0.25,0.15 381.214
0.55,0.25,0.2 537.274
0.55,0.25,0.25 427.452
0.55,0.25,0.3 514.333
0.55,0.25,0.35 434.293
0.55,0.25,0.4 102.403
0.55,0.25,0.45 0.0134127
0.55,0.3,0 2.89791e-09
0.55,0.3,0.05 32.998
0.55,0.3,0.1 399.095
0.55,0.3,0.15 588.734
0.55,0.3,0.2 510.726
0.55,0.3,0.25 676.039
0.55,0.3,0.3 998.037
0.55,0.3,0.35 335.612
0.55,0.3,0.4 19.7808
0.55,0.3,0.45 0.634066
0.55,0.35,0 1.16301e-09
0.55,0.35,0.05 21.2798
0.55,0.35,0.1 387.588
0.55,0.35,0.15 532.589
0.55,0.35,0.2 385.601
0.55,0.35,0.25 405.379
0.55,0.35,0.3 374.211
0.55,0.35,0.35 261.225
0.55,0.35,0.4 41.1838
0.55,0.35,0.45 4.32199
0.55,0.4,0 3.14096e-12
0.55,0.4,0.05 16.2536
0.55,0.4,0.1 242.15
0.55,0.4,0.15 289.128
0.55,0.4,0.2 214.6
0.55,0.4,0.25 244.045
0.55,0.4,0.3 92.1567
0.55,0.4,0.35 72.5544
0.55,0.4,0.4 35.744
0.55,0.4,0.45 3.08497
0.55,0.45,0 8.67379e-11
0.55,0.45,0.05 21.9856
0.55,0.45,0.1 347.136
0.55,0.45,0.15 333.548
0.55,0.45,0.2 142.77
0.55,0.45,0.25 490.952
0.55,0.45,0.3 363.376
0.55,0.45,0.35 24.546
0.55,0.45,0.4 4.49382
0.55,0.45,0.45 0.314562
0.55,0.5,0 2.0487e-09
0.55,0.5,0.05 33.5694
0.55,0.5,0.1 325.337
0.55,0.5,0.15 376.429
0.55,0.5,0.2 438.078
0.55,0.5,0.25 831.816
0.55,0.5,0.3 434.068
0.55,0.5,0.35 37.4027
0.55,0.5,0.4 2.54799
0.55,0.5,0.45 0.180753
0.55,0.55,0 2.08202e-09
0.55,0.55,0.05 27.8581
0.55,0.55,0.1 200.867
0.55,0.55,0.15 353.703
0.55,0.55,0.2 642.694
0.55,0.55,0.25 494.102
0.55,0.55,0.3 381.449
0.55,0.55,0.35 152.743
0.55,0.55,0.4 2.51535
0.55,0.55,0.45 0.0767826
0.55,0.6,0 9.31946e-11
0.55,0.6,0.05 2.35372
0.55,0.6,0.1 151.35
0.55,0.6,0.15 366.62
0.55,0.6,0.2 343.115
0.55,0.6,0.25 671.239
0.55,0.6,0.3 467.556
0.55,0.6,0.35 82.0261
0.55,0.6,0.4 0.684908
0.55,0.6,0.45 0.000313766
0.55,0.65,0.05 9.95881
0.55,0.65,0.1 120.429
0.55,0.65,0.15 161.195
0.55,0.65,0.2 135.369
0.55,0.65,0.25 555.41
0.55,0.65,0.3 509.511
0.55,0.65,0.35 41.1823
0.55,0.65,0.4 0.346035
0.55,0.7,0 2.02185e-13
0.55,0.7,0.05 9.7554
0.55,0.7,0.1 128.366
0.55,0.7,0.15 285.666
0.55,0.7,0.2 276.313
0.55,0.7,0.25 353.729
0.55,0.7,0.3 358.038
0.55,0.7,0.35 49.1395
0.55,0.7,0.4 0.325091
0.55,0.75,0 1.42716e-08
0.55,0.75,0.05 30.8751
0.55,0.75,0.1 348.952
0.55,0.75,0.15 397.953
0.55,0.75,0.2 111.724
0.55,0.75,0.25 161.154
0.55,0.75,0.3 244.236
0.55,0.75,0.35 45.8612
0.55,0.75,0.4 0.0127821
0.55,0.8,0 4.45828e-07
0.55,0.8,0.05 100.717
0.55,0.8,0.1 552.008
0.55,0.8,0.15 245.378
0.55,0.8,0.2 12.7762
0.55,0.8,0.25 18.9301
0.55,0.8,0.3 30.4044
0.55,0.8,0.35 6.13618
0.55,0.85,0 5.23549e-07
0.55,0.85,0.05 86.9761
0.55,0.85,0.1 351.536
0.55,0.85,0.15 90.3203
0.55,0.85,0.2 0.360498
0.55,0.85,0.25 0.470829
0.55,0.85,0.3 0.0405999
0.55,0.9,0 2.99179e-08
0.55,0.9,0.05 5.75641
0.55,0.9,0.1 22.9211
0.55,0.9,0.15 5.70429
0.55,0.95,0 9.51499e-18
0.55,0.95,0.05 1.11451e-05
0.55,0.95,0.1 4.45676e-05
0.55,0.95,0.15 1.11387e-05
0.6,0.1,0.05 0.0472865
0.6,0.1,0.1 0.368678
0.6,0.1,0.15 0.173067
0.6,0.1,0.2 2.73411
0.6,0.1,0.25 12.3443
0.6,0.1,0.3 3.5287
0.6,0.1,0.35 0.00125444
0.6,0.15,0.05 16.5903
0.6,0.15,0.1 129.376
0.6,0.15,0.15 60.7678
0.6,0.15,0.2 73.4303
0.6,0.15,0.25 339.957
0.6,0.15,0.3 100.683
0.6,0.15,0.35 0.258469
0.6,0.15,0.4 0.0595595
0.6,0.15,0.45 8.44486e-06
0.6,0.2,0.05 40.9271
0.6,0.2,0.1 325.144
0.6,0.2,0.15 229.979
0.6,0.2,0.2 198.811
0.6,0.2,0.25 413.767
0.6,0.2,0.3 123.054
0.6,0.2,0.35 16.7331
0.6,0.2,0.4 4.87523
0.6,0.2,0.45 0.000691253
0.6,0.25,0.05 7.19123
0.6,0.25,0.1 82.0654
0.6,0.25,0.15 361.969
0.6,0.25,0.2 581.384
0.6,0.25,0.25 324.371
0.6,0.25,0.3 132.458
0.6,0.25,0.35 45.9733
0.6,0.25,0.4 8.42271
0.6,0.25,0.45 0.00119368
0.6,0.3,0.05 3.07104
0.6,0.3,0.1 57.0993
0.6,0.3,0.15 189.882
0.6,0.3,0.2 567.589
0.6,0.3,0.25 795.098
0.6,0.3,0.3 336.552
0.6,0.3,0.35 53.8643
0.6,0.3,0.4 0.915444
0.6,0.3,0.45 0.000118431
0.6,0.35,0.05 2.33229
0.6,0.35,0.1 126.33
0.6,0.35,0.15 458.554
0.6,0.35,0.2 674.92
0.6,0.35,0.25 427.83
0.6,0.35,0.3 112.19
0.6,0.35,0.35 16.6632
0.6,0.35,0.4 0.265368
0.6,0.4,0.05 1.03552
0.6,0.4,0.1 95.9899
0.6,0.4,0.15 491.772
0.6,0.4,0.2 356.606
0.6,0.4,0.25 82.6861
0.6,0.4,0.3 64.1882
0.6,0.4,0.35 10.7937
0.6,0.4,0.4 0.0688361
0.6,0.45,0 1.27272e-13
0.6,0.45,0.05 3.18301
0.6,0.45,0.1 246.902
0.6,0.45,0.15 534.508
0.6,0.45,0.2 137.928
0.6,0.45,0.25 424.602
0.6,0.45,0.3 514.569
0.6,0.45,0.35 40.7174
0.6,0.45,0.4 0.0121418
0.6,0.5,0 3.01477e-12
0.6,0.5,0.05 4.45807
0.6,0.5,0.1 282.266
0.6,0.5,0.15 519.47
0.6,0.5,0.2 172.762
0.6,0.5,0.25 509.078
0.6,0.5,0.3 515.506
0.6,0.5,0.35 73.7629
0.6,0.5,0.4 3.59349
0.6,0.55,0 3.06421e-12
0.6,0.55,0.05 0.814251
0.6,0.55,0.1 44.9432
0.6,0.55,0.15 89.2152
0.6,0.55,0.2 142.641
0.6,0.55,0.25 308.96
0.6,0.55,0.3 306.004
0.6,0.55,0.35 142.413
0.6,0.55,0.4 9.85534
0.6,0.6,0 1.3716e-13
0.6,0.6,0.05 1.60791
0.6,0.6,0.1 27.4963
0.6,0.6,0.15 38.7163
0.6,0.6,0.2 146.64
0.6,0.6,0.25 788.863
0.6,0.6,0.3 778.143
0.6,0.6,0.35 111.313
0.6,0.6,0.4 1.84479
0.6,0.65,0.05 27.7562
0.6,0.65,0.1 283.016
0.6,0.65,0.15 214.725
0.6,0.65,0.2 107.626
0.6,0.65,0.25 401.782
0.6,0.65,0.3 569.733
0.6,0.65,0.35 181.798
0.6,0.65,0.4 2.6741
0.6,0.7,0 2.48195e-12
0.6,0.7,0.05 24.8754
0.6,0.7,0.1 297.578
0.6,0.7,0.15 460.46
0.6,0.7,0.2 384.229
0.6,0.7,0.25 454.954
0.6,0.7,0.3 518.97
0.6,0.7,0.35 187.238
0.6,0.7,0.4 2.53162
0.6,0.75,0 3.45659e-09
0.6,0.75,0.05 54.5681
0.6,0.75,0.1 438.131
0.6,0.75,0.15 524.106
0.6,0.75,0.2 261.974
0.6,0.75,0.25 426.757
0.6,0.75,0.3 423.72
0.6,0.75,0.35 82.4959
0.6,0.75,0.4 0.0995395
0.6,0.8,0 9.39846e-08
0.6,0.8,0.05 130.99
0.6,0.8,0.1 628.031
0.6,0.8,0.15 259.093
0.6,0.8,0.2 138.707
0.6,0.8,0.25 212.594
0.6,0.8,0.3 65.3231
0.6,0.8,0.35 10.4638
0.6,0.85,0 1.09314e-07
0.6,0.85,0.05 107.945
0.6,0.85,0.1 434.534
0.6,0.85,0.15 110.384
0.6,0.85,0.2 9.28912
0.6,0.85,0.25 14.3708
0.6,0.85,0.3 1.23921
0.6,0.9,0 6.2527e-09
0.6,0.9,0.05 22.1589
0.6,0.9,0.1 88.5901
0.6,0.9,0.15 22.1361
0.6,0.95,0 1.77506e-16
0.6,0.95,0.05 0.000207916
0.6,0.95,0.1 0.000831427
0.6,0.95,0.15 0.000207798
0.65,0.1,0.05 0.00380781
0.65,0.1,0.1 0.0296883
0.65,0.1,0.15 0.0139365
0.65,0.1,0.2 1.6156
0.65,0.1,0.25 6.96539
0.65,0.1,0.3 1.87691
0.65,0.1,0.35 2.92043e-05
0.65,0.15,0.05 1.33592
0.65,0.15,0.1 10.4158
0.65,0.15,0.15 4.8898
0.65,0.15,0.2 39.4015
0.65,0.15,0.25 172.524
0.65,0.15,0.3 48.6866
0.65,0.15,0.35 0.108874
0.65,0.2,0.05 3.29518
0.65,0.2,0.1 32.8862
0.65,0.2,0.15 90.6186
0.65,0.2,0.2 107.545
0.65,0.2,0.25 318.482
0.65,0.2,0.3 152.567
0.65,0.2,0.35 3.32414
0.65,0.2,0.4 2.44772e-09
0.65,0.25,0.05 0.499076
0.65,0.25,0.1 31.2179
0.65,0.25,0.15 306.702
0.65,0.25,0.2 340.77
0.65,0.25,0.25 530.931
0.65,0.25,0.3 215.227
0.65,0.25,0.35 3.89883
0.65,0.25,0.4 5.06114e-06
0.65,0.3,0.05 0.00189475
0.65,0.3,0.1 6.63723
0.65,0.3,0.15 123.304
0.65,0.3,0.2 483.672
