0.25,0.1,0.15 223.159
0.25,0.1,0.2 447.441
0.25,0.1,0.25 355.211
0.25,0.1,0.3 367.052
0.25,0.1,0.35 46.0811
0.25,0.1,0.4 0.00109544
0.25,0.15,0 2.1702e-09
0.25,0.15,0.05 48.6379
0.25,0.15,0.1 209.762
0.25,0.15,0.15 426.46
0.25,0.15,0.2 737.508
0.25,0.15,0.25 426.892
0.25,0.15,0.3 308.14
0.25,0.15,0.35 125.345
0.25,0.15,0.4 12.887
0.25,0.2,0 1.87572e-09
0.25,0.2,0.05 86.8528
0.25,0.2,0.1 367.45
0.25,0.2,0.15 417.442
0.25,0.2,0.2 447.198
0.25,0.2,0.25 245.994
0.25,0.2,0.3 567.331
0.25,0.2,0.35 471.907
0.25,0.2,0.4 51.323
0.25,0.25,0 8.87044e-10
0.25,0.25,0.05 89.529
0.25,0.25,0.1 361.823
0.25,0.25,0.15 338.03
0.25,0.25,0.2 620.356
0.25,0.25,0.25 303.988
0.25,0.25,0.3 512.438
0.25,0.25,0.35 373.734
0.25,0.25,0.4 23.1747
0.25,0.3,0 1.46643e-11
0.25,0.3,0.05 45.9081
0.25,0.3,0.1 195.856
0.25,0.3,0.15 294.614
0.25,0.3,0.2 596.024
0.25,0.3,0.25 235.034
0.25,0.3,0.3 178.406
0.25,0.3,0.35 203.527
0.25,0.3,0.4 17.9569
0.25,0.35,0 1.75537e-13
0.25,0.35,0.05 75.9788
0.25,0.35,0.1 393.808
0.25,0.35,0.15 331.426
0.25,0.35,0.2 133.884
0.25,0.35,0.25 23.2069
0.25,0.35,0.3 26.7905
0.25,0.35,0.35 39.6391
0.25,0.35,0.4 3.90247
0.25,0.4,0 9.09584e-11
0.25,0.4,0.05 102.61
0.25,0.4,0.1 484.662
0.25,0.4,0.15 380.72
0.25,0.4,0.2 135.354
0.25,0.4,0.25 31.5197
0.25,0.4,0.3 1.94292
0.25,0.4,0.35 0.00201815
0.25,0.4,0.4 0.000145189
0.25,0.45,0 8.88716e-10
0.25,0.45,0.05 149.16
0.25,0.45,0.1 652.908
0.25,0.45,0.15 457.501
0.25,0.45,0.2 331.86
0.25,0.45,0.25 323.309
0.25,0.45,0.3 110.236
0.25,0.45,0.35 81.1913
0.25,0.45,0.4 33.0356
0.25,0.45,0.45 2.30028
0.25,0.5,0 1.69868e-09
0.25,0.5,0.05 181.509
0.25,0.5,0.1 735.012
0.25,0.5,0.15 338.005
0.25,0.5,0.2 397.64
0.25,0.5,0.25 620.668
0.25,0.5,0.3 650.999
0.25,0.5,0.35 557.435
0.25,0.5,0.4 359.803
0.25,0.5,0.45 30.3835
0.25,0.55,0 2.49174e-09
0.25,0.55,0.05 84.1745
0.25,0.55,0.1 442.872
0.25,0.55,0.15 347.332
0.25,0.55,0.2 318.666
0.25,0.55,0.25 475.479
0.25,0.55,0.3 678.353
0.25,0.55,0.35 662.614
0.25,0.55,0.4 424.331
0.25,0.55,0.45 30.982
0.25,0.6,0 1.73455e-08
0.25,0.6,0.05 15.453
0.25,0.6,0.1 237.832
0.25,0.6,0.15 435.71
0.25,0.6,0.2 574.762
0.25,0.6,0.25 455.912
0.25,0.6,0.3 438.467
0.25,0.6,0.35 551.538
0.25,0.6,0.4 334.384
0.25,0.6,0.45 17.329
0.25,0.65,0 1.10698e-08
0.25,0.65,0.05 78.2975
0.25,0.65,0.1 349.823
0.25,0.65,0.15 386.337
0.25,0.65,0.2 528.457
0.25,0.65,0.25 255.267
0.25,0.65,0.3 395.116
0.25,0.65,0.35 277.397
0.25,0.65,0.4 129.447
0.25,0.65,0.45 7.93505
0.25,0.7,0 2.14309e-09
0.25,0.7,0.05 99.0741
0.25,0.7,0.1 484.623
0.25,0.7,0.15 444.214
0.25,0.7,0.2 410.377
0.25,0.7,0.25 337.693
0.25,0.7,0.3 230.157
0.25,0.7,0.35 64.4882
0.25,0.7,0.4 7.10976
0.25,0.7,0.45 0.431372
0.25,0.75,0 1.56936e-10
0.25,0.75,0.05 39.9277
0.25,0.75,0.1 402.489
0.25,0.75,0.15 522.605
0.25,0.75,0.2 476.142
0.25,0.75,0.25 285.924
0.25,0.75,0.3 158.204
0.25,0.75,0.35 11.8898
0.25,0.75,0.4 0.00181929
0.25,0.8,0.05 14.6615
0.25,0.8,0.1 170.642
0.25,0.8,0.15 246.052
0.25,0.8,0.2 235.609
0.25,0.8,0.25 111.349
0.25,0.8,0.3 84.6281
0.25,0.8,0.35 8.39564
0.25,0.85,0.05 0.0876069
0.25,0.85,0.1 1.14502
0.25,0.85,0.15 2.70019
0.25,0.85,0.2 2.93067
0.25,0.85,0.25 2.0717
0.25,0.85,0.3 1.94665
0.25,0.85,0.35 0.193779
0.3,0,0.1 8.98235e-13
0.3,0,0.15 3.69085e-11
0.3,0,0.2 7.2462e-11
0.3,0,0.25 4.93977e-10
0.3,0,0.3 4.6626e-10
0.3,0,0.35 1.84664e-11
0.3,0.05,0 3.73392e-15
0.3,0.05,0.05 0.210691
0.3,0.05,0.1 2.61644
0.3,0.05,0.15 59.7527
0.3,0.05,0.2 82.8175
0.3,0.05,0.25 82.437
0.3,0.05,0.3 74.0201
0.3,0.05,0.35 3.11494
0.3,0.1,0 2.52885e-12
0.3,0.1,0.05 9.47804
0.3,0.1,0.1 59.2031
0.3,0.1,0.15 280.509
0.3,0.1,0.2 388.547
0.3,0.1,0.25 379.63
0.3,0.1,0.3 367.988
0.3,0.1,0.35 28.4639
0.3,0.1,0.4 0.00133995
0.3,0.15,0 1.98849e-11
0.3,0.15,0.05 18.5732
0.3,0.15,0.1 118.553
0.3,0.15,0.15 395.406
0.3,0.15,0.2 477.346
0.3,0.15,0.25 308.821
0.3,0.15,0.3 555.147
0.3,0.15,0.35 206.888
0.3,0.15,0.4 20.7842
0.3,0.2,0 1.38434e-10
0.3,0.2,0.05 78.694
0.3,0.2,0.1 363.728
0.3,0.2,0.15 603.957
0.3,0.2,0.2 644.385
0.3,0.2,0.25 371.175
0.3,0.2,0.3 693.962
0.3,0.2,0.35 484.335
0.3,0.2,0.4 74.8582
0.3,0.25,0 8.92333e-11
0.3,0.25,0.05 98.4513
0.3,0.25,0.1 403.961
0.3,0.25,0.15 236.746
0.3,0.25,0.2 247.078
0.3,0.25,0.25 403.95
0.3,0.25,0.3 591.558
0.3,0.25,0.35 383.637
0.3,0.25,0.4 32.2492
0.3,0.3,0 3.15522e-12
0.3,0.3,0.05 34.0182
0.3,0.3,0.1 165.039
0.3,0.3,0.15 390.792
0.3,0.3,0.2 470.194
0.3,0.3,0.25 470.787
0.3,0.3,0.3 451.16
0.3,0.3,0.35 403.565
0.3,0.3,0.4 35.7067
0.3,0.35,0 2.65744e-15
0.3,0.35,0.05 38.656
0.3,0.35,0.1 322.901
0.3,0.35,0.15 768.01
0.3,0.35,0.2 553.449
0.3,0.35,0.25 81.5037
0.3,0.35,0.3 69.2138
0.3,0.35,0.35 79.448
0.3,0.35,0.4 7.72012
0.3,0.35,0.45 2.82794e-08
0.3,0.4,0 2.91486e-11
0.3,0.4,0.05 108.061
0.3,0.4,0.1 569.063
0.3,0.4,0.15 772.116
0.3,0.4,0.2 455.437
0.3,0.4,0.25 42.8158
0.3,0.4,0.3 1.33988
0.3,0.4,0.35 0.198949
0.3,0.4,0.4 0.198145
0.3,0.4,0.45 0.0152678
0.3,0.45,0 5.33671e-10
0.3,0.45,0.05 77.5373
0.3,0.45,0.1 370.289
0.3,0.45,0.15 535.584
0.3,0.45,0.2 499.888
0.3,0.45,0.25 231.718
0.3,0.45,0.3 95.6776
0.3,0.45,0.35 61.0333
0.3,0.45,0.4 9.63183
0.3,0.45,0.45 0.297861
0.3,0.5,0 1.13733e-09
0.3,0.5,0.05 120.562
0.3,0.5,0.1 485.916
0.3,0.5,0.15 209.832
0.3,0.5,0.2 232.556
0.3,0.5,0.25 354.642
0.3,0.5,0.3 585.908
0.3,0.5,0.35 355.268
0.3,0.5,0.4 57.9501
0.3,0.5,0.45 2.49976
0.3,0.55,0 6.19814e-08
0.3,0.55,0.05 81.0188
0.3,0.55,0.1 336.246
0.3,0.55,0.15 239.558
0.3,0.55,0.2 296.403
0.3,0.55,0.25 411.182
0.3,0.55,0.3 654.66
0.3,0.55,0.35 233.937
0.3,0.55,0.4 59.881
0.3,0.55,0.45 2.95437
0.3,0.6,0 5.15624e-07
0.3,0.6,0.05 69.1881
0.3,0.6,0.1 300.176
0.3,0.6,0.15 312.896
0.3,0.6,0.2 576.455
0.3,0.6,0.25 425.974
0.3,0.6,0.3 691.991
0.3,0.6,0.35 475.489
0.3,0.6,0.4 264.929
0.3,0.6,0.45 15.1785
0.3,0.65,0 2.57486e-07
0.3,0.65,0.05 78.9551
0.3,0.65,0.1 322.838
0.3,0.65,0.15 214.34
0.3,0.65,0.2 412.054
0.3,0.65,0.25 441.153
0.3,0.65,0.3 659.14
0.3,0.65,0.35 540.086
0.3,0.65,0.4 289.823
0.3,0.65,0.45 16.6186
0.3,0.7,0 2.71045e-09
0.3,0.7,0.05 69.3548
0.3,0.7,0.1 289.253
0.3,0.7,0.15 225.537
0.3,0.7,0.2 460.984
0.3,0.7,0.25 239.072
0.3,0.7,0.3 114.802
0.3,0.7,0.35 43.2527
0.3,0.7,0.4 17.7446
0.3,0.7,0.45 0.969854
0.3,0.75,0 8.54123e-11
0.3,0.75,0.05 16.7175
0.3,0.75,0.1 148.04
0.3,0.75,0.15 338.26
0.3,0.75,0.2 389.937
0.3,0.75,0.25 182.497
0.3,0.75,0.3 98.2045
0.3,0.75,0.35 2.68158
0.3,0.75,0.4 5.5229e-05
0.3,0.8,0.05 5.1628
0.3,0.8,0.1 57.4117
0.3,0.8,0.15 90.9538
0.3,0.8,0.2 81.2023
0.3,0.8,0.25 45.1584
0.3,0.8,0.3 29.5871
0.3,0.8,0.35 0.842601
0.3,0.85,0.05 0.0308493
0.3,0.85,0.1 0.335698
0.3,0.85,0.15 0.236685
0.3,0.85,0.2 0.0800695
0.3,0.85,0.25 0.0306932
0.3,0.85,0.3 0.0132814
0.3,0.85,0.35 0.000632178
0.35,0,0.1 1.0915e-13
0.35,0,0.15 4.48499e-12
0.35,0,0.2 1.36352e-11
0.35,0,0.25 1.61573e-10
0.35,0,0.3 1.53173e-10
0.35,0,0.35 6.06646e-12
0.35,0.05,0.05 0.982753
0.35,0.05,0.1 5.64439
0.35,0.05,0.15 9.1018
0.35,0.05,0.2 11.1222
0.35,0.05,0.25 26.773
0.35,0.05,0.3 23.9687
0.35,0.05,0.35 0.939581
0.35,0.1,0.05 44.1522
0.35,0.1,0.1 247.651
0.35,0.1,0.15 115.217
0.35,0.1,0.2 62.5827
0.35,0.1,0.25 170.987
0.35,0.1,0.3 126.448
0.35,0.1,0.35 8.03964
0.35,0.1,0.4 0.000138665
0.35,0.15,0 3.48516e-12
0.35,0.15,0.05 68.7711
0.35,0.15,0.1 392.963
0.35,0.15,0.15 208.401
0.35,0.15,0.2 163.403
0.35,0.15,0.25 276.813
0.35,0.15,0.3 209.843
0.35,0.15,0.35 41.9576
0.35,0.15,0.4 2.15006
0.35,0.2,0 4.57318e-11
0.35,0.2,0.05 101.953
0.35,0.2,0.1 450.043
0.35,0.2,0.15 434.941
0.35,0.2,0.2 453.242
0.35,0.2,0.25 361.638
0.35,0.2,0.3 460.725
0.35,0.2,0.35 129.317
0.35,0.2,0.4 9.36423
0.35,0.25,0 4.58723e-11
0.35,0.25,0.05 166.311
0.35,0.25,0.1 722.095
0.35,0.25,0.15 565.63
0.35,0.25,0.2 270.241
0.35,0.25,0.25 394.299
0.35,0.25,0.3 708.3
0.35,0.25,0.35 293.576
0.35,0.25,0.4 11.7091
0.35,0.3,0 7.61721e-12
0.35,0.3,0.05 130.333
0.35,0.3,0.1 551.561
0.35,0.3,0.15 505.586
0.35,0.3,0.2 402.676
0.35,0.3,0.25 663.862
0.35,0.3,0.3 723.795
0.35,0.3,0.35 163.285
0.35,0.3,0.4 6.76957
0.35,0.35,0 2.13267e-13
0.35,0.35,0.05 92.1919
0.35,0.35,0.1 403.738
0.35,0.35,0.15 489.926
0.35,0.35,0.2 448.484
0.35,0.35,0.25 212.834
0.35,0.35,0.3 123.751
0.35,0.35,0.35 19.6009
0.35,0.35,0.4 0.908081
0.35,0.35,0.45 6.8592e-06
0.35,0.4,0 6.72283e-11
0.35,0.4,0.05 165.399
0.35,0.4,0.1 805.011
0.35,0.4,0.15 740.703
0.35,0.4,0.2 396.831
0.35,0.4,0.25 42.8366
0.35,0.4,0.3 13.4056
0.35,0.4,0.35 27.4853
0.35,0.4,0.4 39.9469
0.35,0.4,0.45 3.69362
0.35,0.45,0 1.92789e-09
0.35,0.45,0.05 97.6444
0.35,0.45,0.1 533.893
0.35,0.45,0.15 727.994
0.35,0.45,0.2 660.327
0.35,0.45,0.25 174.463
0.35,0.45,0.3 112.62
0.35,0.45,0.35 279.461
0.35,0.45,0.4 208.942
0.35,0.45,0.45 14.298
0.35,0.5,0 2.49667e-09
0.35,0.5,0.05 145.011
0.35,0.5,0.1 608.717
0.35,0.5,0.15 411.321
0.35,0.5,0.2 584.072
0.35,0.5,0.25 612.307
0.35,0.5,0.3 600.921
0.35,0.5,0.35 486.315
0.35,0.5,0.4 143.444
0.35,0.5,0.45 3.55226
0.35,0.55,0 7.25879e-08
0.35,0.55,0.05 90.4856
0.35,0.55,0.1 389.362
0.35,0.55,0.15 454.267
0.35,0.55,0.2 629.517
0.35,0.55,0.25 439.225
0.35,0.55,0.3 426.374
0.35,0.55,0.35 134.943
0.35,0.55,0.4 20.3354
0.35,0.55,0.45 0.373728
0.35,0.6,0 5.99473e-07
0.35,0.6,0.05 93.6075
0.35,0.6,0.1 422.347
0.35,0.6,0.15 633.305
0.35,0.6,0.2 956.647
0.35,0.6,0.25 458.193
0.35,0.6,0.3 566.78
0.35,0.6,0.35 516.425
0.35,0.6,0.4 260.6
0.35,0.6,0.45 9.79177
0.35,0.65,0 2.98019e-07
0.35,0.65,0.05 114.475
0.35,0.65,0.1 495.952
0.35,0.65,0.15 435.186
0.35,0.65,0.2 518.126
0.35,0.65,0.25 634.496
0.35,0.65,0.3 625.683
0.35,0.65,0.35 686.224
0.35,0.65,0.4 316.326
0.35,0.65,0.45 10.7315
0.35,0.7,0 2.2604e-09
0.35,0.7,0.05 76.3823
0.35,0.7,0.1 307.373
0.35,0.7,0.15 123.596
0.35,0.7,0.2 241.698
0.35,0.7,0.25 557.002
0.35,0.7,0.3 262.092
0.35,0.7,0.35 78.0012
0.35,0.7,0.4 20.2837
0.35,0.7,0.45 0.548979
0.35,0.75,0 6.48878e-09
0.35,0.75,0.05 4.15902
0.35,0.75,0.1 19.3915
0.35,0.75,0.15 109.69
0.35,0.75,0.2 308.706
0.35,0.75,0.25 651.08
0.35,0.75,0.3 367.839
0.35,0.75,0.35 31.344
0.35,0.75,0.4 0.018145
0.35,0.8,0 2.09747e-08
0.35,0.8,0.05 2.1671
0.35,0.8,0.1 9.23879
0.35,0.8,0.15 24.8228
0.35,0.8,0.2 49.2338
0.35,0.8,0.25 130.801
0.35,0.8,0.3 88.3736
0.35,0.8,0.35 3.71254
0.35,0.8,0.4 0.00106992
0.35,0.85,0 4.23295e-09
0.35,0.85,0.05 0.43622
0.35,0.85,0.1 1.73396
0.35,0.85,0.15 0.430855
0.35,0.85,0.2 0.00211044
0.35,0.85,0.25 0.0337865
0.35,0.85,0.3 0.027214
0.35,0.85,0.35 0.000773337
0.4,0,0.2 4.56167e-15
0.4,0,0.25 9.59092e-14
0.4,0,0.3 9.1156e-14
0.4,0,0.35 3.61026e-15
0.4,0.05,0.05 0.286413
0.4,0.05,0.1 1.59386
0.4,0.05,0.15 0.551359
0.4,0.05,0.2 1.38133
0.4,0.05,0.25 4.76537
0.4,0.05,0.3 1.29629
0.4,0.05,0.35 0.15304
0.4,0.05,0.4 0.0016619
0.4,0.1,0.05 18.7184
0.4,0.1,0.1 110.999
0.4,0.1,0.15 44.6274
0.4,0.1,0.2 77.0851
0.4,0.1,0.25 257.371
0.4,0.1,0.3 71.1376
0.4,0.1,0.35 9.69446
0.4,0.1,0.4 0.105634
0.4,0.15,0 9.03417e-12
0.4,0.15,0.05 64.1747
0.4,0.15,0.1 476.895
0.4,0.15,0.15 278.447
0.4,0.15,0.2 265.55
0.4,0.15,0.25 656.467
0.4,0.15,0.3 154.012
0.4,0.15,0.35 15.8712
0.4,0.15,0.4 0.16723
0.4,0.2,0 9.34832e-11
0.4,0.2,0.05 61.4415
0.4,0.2,0.1 391.438
0.4,0.2,0.15 429.31
0.4,0.2,0.2 409.96
0.4,0.2,0.25 377.114
0.4,0.2,0.3 117.547
0.4,0.2,0.35 10.0535
0.4,0.2,0.4 0.145734
0.4,0.25,0 9.79688e-11
0.4,0.25,0.05 93.361
0.4,0.25,0.1 428.106
0.4,0.25,0.15 475.478
0.4,0.25,0.2 270.236
0.4,0.25,0.25 173.606
0.4,0.25,0.3 170.441
0.4,0.25,0.35 28.9621
0.4,0.25,0.4 0.66096
0.4,0.3,0 2.18951e-10
0.4,0.3,0.05 108.037
0.4,0.3,0.1 449.729
0.4,0.3,0.15 271.831
0.4,0.3,0.2 321.852
0.4,0.3,0.25 505.435
0.4,0.3,0.3 322.417
0.4,0.3,0.35 31.6125
0.4,0.3,0.4 0.208319
0.4,0.35,0 2.1876e-09
0.4,0.35,0.05 54.2531
0.4,0.35,0.1 221.558
0.4,0.35,0.15 143.567
0.4,0.35,0.2 283.713
0.4,0.35,0.25 577.99
0.4,0.35,0.3 441.522
0.4,0.35,0.35 77.192
0.4,0.35,0.4 0.640708
0.4,0.35,0.45 1.57516e-05
0.4,0.4,0 1.65561e-09
0.4,0.4,0.05 56.0987
0.4,0.4,0.1 276.611
0.4,0.4,0.15 398.215
0.4,0.4,0.2 354.802
0.4,0.4,0.25 251.196
0.4,0.4,0.3 357.158
0.4,0.4,0.35 155.749
0.4,0.4,0.4 93.3746
0.4,0.4,0.45 8.48109
0.4,0.45,0 1.20519e-09
0.4,0.45,0.05 53.4426
0.4,0.45,0.1 293.47
0.4,0.45,0.15 547.611
0.4,0.45,0.2 569.824
0.4,0.45,0.25 289.267
0.4,0.45,0.3 255.668
0.4,0.45,0.35 429.399
0.4,0.45,0.4 405.498
0.4,0.45,0.45 33.8437
0.4,0.5,0 1.37084e-09
0.4,0.5,0.05 67.7707
0.4,0.5,0.1 337.815
0.4,0.5,0.15 485.992
0.4,0.5,0.2 734.053
0.4,0.5,0.25 561.372
0.4,0.5,0.3 481.228
0.4,0.5,0.35 668.815
0.4,0.5,0.4 256.809
0.4,0.5,0.45 17.0002
0.4,0.55,0 1.13367e-08
0.4,0.55,0.05 50.0544
0.4,0.55,0.1 262.977
0.4,0.55,0.15 405.991
0.4,0.55,0.2 497.679
0.4,0.55,0.25 329.288
0.4,0.55,0.3 187.767
0.4,0.55,0.35 239.483
0.4,0.55,0.4 64.5532
0.4,0.55,0.45 4.58944
0.4,0.6,0 6.01546e-08
0.4,0.6,0.05 147.796
0.4,0.6,0.1 612.82
0.4,0.6,0.15 377.809
0.4,0.6,0.2 613.307
0.4,0.6,0.25 341.354
0.4,0.6,0.3 211.659
0.4,0.6,0.35 205.044
0.4,0.6,0.4 126.936
0.4,0.6,0.45 4.9463
0.4,0.65,0 2.32439e-08
0.4,0.65,0.05 72.0671
0.4,0.65,0.1 303.586
0.4,0.65,0.15 249.051
0.4,0.65,0.2 520.119
0.4,0.65,0.25 444.244
0.4,0.65,0.3 375.508
0.4,0.65,0.35 267.64
0.4,0.65,0.4 144.23
0.4,0.65,0.45 5.28133
0.4,0.7,0 2.16872e-10
0.4,0.7,0.05 17.1986
0.4,0.7,0.1 69.239
0.4,0.7,0.15 26.6439
0.4,0.7,0.2 118.309
0.4,0.7,0.25 313.609
0.4,0.7,0.3 355.375
0.4,0.7,0.35 110.884
0.4,0.7,0.4 8.40973
0.4,0.7,0.45 0.260273
0.4,0.75,0 2.05596e-07
0.4,0.75,0.05 21.9332
0.4,0.75,0.1 87.1992
0.4,0.75,0.15 22.6556
0.4,0.75,0.2 93.1056
0.4,0.75,0.25 295.333
0.4,0.75,0.3 387.385
0.4,0.75,0.35 109.237
0.4,0.75,0.4 0.0816689
0.4,0.8,0 6.64996e-07
0.4,0.8,0.05 68.5247
0.4,0.8,0.1 272.348
0.4,0.8,0.15 67.7861
0.4,0.8,0.2 9.36391
0.4,0.8,0.25 37.202
0.4,0.8,0.3 34.7959
0.4,0.8,0.35 6.76232
0.4,0.8,0.4 0.00481562
0.4,0.85,0 1.34204e-07
0.4,0.85,0.05 13.8291
0.4,0.85,0.1 54.9628
0.4,0.85,0.15 13.6529
0.4,0.85,0.2 0.000362937
0.4,0.85,0.25 0.0058194
0.4,0.85,0.3 0.00468735
0.4,0.85,0.35 0.0001332
0.45,0.05,0.05 3.3231e-05
0.45,0.05,0.1 0.000184927
0.45,0.05,0.15 0.000107353
0.45,0.05,0.2 0.355078
0.45,0.05,0.25 1.51143
0.45,0.05,0.3 3.11298
0.45,0.05,0.35 1.59344
0.45,0.05,0.4 0.0173671
0.45,0.1,0.05 18.6138
0.45,0.1,0.1 89.3738
0.45,0.1,0.15 37.411
0.45,0.1,0.2 40.908
