0.75,0.75,0.05 0.102753
0.75,0.75,0.1 0.56969
0.75,0.75,0.15 0.691613
0.75,0.75,0.2 50.6375
0.75,0.75,0.25 328.187
0.75,0.75,0.3 273.763
0.75,0.75,0.35 49.9543
0.75,0.75,0.4 33.6263
0.75,0.75,0.45 21.9135
0.75,0.75,0.5 1.8567
0.75,0.75,0.55 0.00102255
0.75,0.8,0.05 28.8408
0.75,0.8,0.1 123.919
0.75,0.8,0.15 33.818
0.75,0.8,0.2 6.82228
0.75,0.8,0.25 76.8514
0.75,0.8,0.3 82.8379
0.75,0.8,0.35 4.91734
0.75,0.8,0.4 0.00943847
0.75,0.8,0.45 0.000275533
0.75,0.8,0.5 0.00022103
0.75,0.8,0.55 1.97431e-05
0.75,0.85,0.05 105.441
0.75,0.85,0.1 438.017
0.75,0.85,0.15 114.433
0.75,0.85,0.2 0.0141207
0.75,0.85,0.25 0.108538
0.75,0.85,0.3 0.129469
0.75,0.85,0.35 0.00758375
0.75,0.9,0.05 25.7398
0.75,0.9,0.1 105.391
0.75,0.9,0.15 27.0231
0.75,0.9,0.2 0.000773594
0.75,0.95,0.05 5.55844e-06
0.75,0.95,0.1 2.26214e-05
0.75,0.95,0.15 5.75395e-06
0.75,0.95,0.2 1.08164e-12
0.8,0.05,0.35 0.266862
0.8,0.05,0.4 4.36674
0.8,0.05,0.45 3.56353
0.8,0.05,0.5 0.104136
0.8,0.1,0.35 2.73806
0.8,0.1,0.4 44.8036
0.8,0.1,0.45 36.5625
0.8,0.1,0.5 1.06846
0.8,0.15,0.15 1.0689
0.8,0.15,0.2 12.0857
0.8,0.15,0.25 7.63876
0.8,0.15,0.3 0.134579
0.8,0.15,0.35 1.63621
0.8,0.15,0.4 26.3097
0.8,0.15,0.45 21.4675
0.8,0.15,0.5 0.62734
0.8,0.2,0 5.93239e-17
0.8,0.2,0.05 0.0445287
0.8,0.2,0.1 0.178117
0.8,0.2,0.15 19.7322
0.8,0.2,0.2 222.608
0.8,0.2,0.25 140.937
0.8,0.2,0.3 3.20297
0.8,0.2,0.35 1.40738
0.8,0.2,0.4 0.498951
0.8,0.2,0.45 0.273522
0.8,0.2,0.5 0.00799307
0.8,0.25,0 9.01267e-16
0.8,0.25,0.05 0.682102
0.8,0.25,0.1 14.8224
0.8,0.25,0.15 104.732
0.8,0.25,0.2 267.336
0.8,0.25,0.25 177.509
0.8,0.25,0.3 66.9112
0.8,0.25,0.35 6.18477
0.8,0.25,0.4 0.233761
0.8,0.3,0 7.00822e-16
0.8,0.3,0.05 0.946998
0.8,0.3,0.1 87.2436
0.8,0.3,0.15 473.537
0.8,0.3,0.2 336.757
0.8,0.3,0.25 134.276
0.8,0.3,0.3 143.799
0.8,0.3,0.35 10.3386
0.8,0.3,0.4 0.0348764
0.8,0.35,0 1.84381e-17
0.8,0.35,0.05 5.11178
0.8,0.35,0.1 78.2427
0.8,0.35,0.15 308.056
0.8,0.35,0.2 233.533
0.8,0.35,0.25 92.6074
0.8,0.35,0.3 90.0285
0.8,0.35,0.35 15.543
0.8,0.35,0.4 0.0322087
0.8,0.4,0.05 3.70468
0.8,0.4,0.1 81.542
0.8,0.4,0.15 405.19
0.8,0.4,0.2 499.099
0.8,0.4,0.25 308.068
0.8,0.4,0.3 224.588
0.8,0.4,0.35 42.2151
0.8,0.4,0.4 0.463286
0.8,0.4,0.45 0.0332816
0.8,0.4,0.8 0.0240841
0.8,0.4,0.85 0.309455
0.8,0.4,0.9 0.2146
0.8,0.4,0.95 0.00431263
0.8,0.45,0.05 1.19484
0.8,0.45,0.1 151.02
0.8,0.45,0.15 679.798
0.8,0.45,0.2 556.536
0.8,0.45,0.25 285.499
0.8,0.45,0.3 147.125
0.8,0.45,0.35 26.476
0.8,0.45,0.4 2.5386
0.8,0.45,0.45 0.155615
0.8,0.45,0.8 0.181655
0.8,0.45,0.85 2.33408
0.8,0.45,0.9 1.61863
0.8,0.45,0.95 0.0325282
0.8,0.5,0.05 1.96937
0.8,0.5,0.1 58.4453
0.8,0.5,0.15 343.427
0.8,0.5,0.2 698.533
0.8,0.5,0.25 535.803
0.8,0.5,0.3 109.375
0.8,0.5,0.35 14.4727
0.8,0.5,0.4 1.21884
0.8,0.5,0.45 0.0454445
0.8,0.5,0.8 0.0828726
0.8,0.5,0.85 1.06483
0.8,0.5,0.9 0.738431
0.8,0.5,0.95 0.0148396
0.8,0.55,0.05 39.6579
0.8,0.55,0.1 238.866
0.8,0.55,0.15 177.045
0.8,0.55,0.2 436.463
0.8,0.55,0.25 708.417
0.8,0.55,0.3 209.452
0.8,0.55,0.35 15.9159
0.8,0.55,0.4 0.715332
0.8,0.55,0.45 5.4754e-06
0.8,0.55,0.8 0.000423102
0.8,0.55,0.85 0.00543641
0.8,0.55,0.9 0.00377002
0.8,0.55,0.95 7.5763e-05
0.8,0.6,0.05 105.527
0.8,0.6,0.1 538.713
0.8,0.6,0.15 377.978
0.8,0.6,0.2 489.786
0.8,0.6,0.25 262.035
0.8,0.6,0.3 64.191
0.8,0.6,0.35 21.242
0.8,0.6,0.4 3.63149
0.8,0.6,0.45 0.00228945
0.8,0.65,0.05 81.0831
0.8,0.65,0.1 344.731
0.8,0.65,0.15 158.133
0.8,0.65,0.2 246.118
0.8,0.65,0.25 254.42
0.8,0.65,0.3 142.101
0.8,0.65,0.35 30.9003
0.8,0.65,0.4 9.22359
0.8,0.65,0.45 0.194783
0.8,0.7,0.05 6.3939
0.8,0.7,0.1 28.3239
0.8,0.7,0.15 8.54253
0.8,0.7,0.2 68.463
0.8,0.7,0.25 412.314
0.8,0.7,0.3 236.994
0.8,0.7,0.35 30.4448
0.8,0.7,0.4 14.028
0.8,0.7,0.45 0.340584
0.8,0.75,0.05 0.995676
0.8,0.75,0.1 5.69066
0.8,0.75,0.15 2.04078
0.8,0.75,0.2 44.8771
0.8,0.75,0.25 422.648
0.8,0.75,0.3 317.765
0.8,0.75,0.35 15.9943
0.8,0.75,0.4 1.41917
0.8,0.75,0.45 0.0343353
0.8,0.8,0.05 44.5533
0.8,0.8,0.1 241.273
0.8,0.8,0.15 81.713
0.8,0.8,0.2 3.08792
0.8,0.8,0.25 77.3416
0.8,0.8,0.3 89.4444
0.8,0.8,0.35 7.05416
0.8,0.8,0.4 0.271259
0.8,0.8,0.45 0.0712464
0.8,0.8,0.5 0.630151
0.8,0.8,0.55 0.328768
0.8,0.8,0.6 0.0028483
0.8,0.85,0.05 71.16
0.8,0.85,0.1 371.138
0.8,0.85,0.15 122.069
0.8,0.85,0.2 0.102027
0.8,0.85,0.25 0.121317
0.8,0.85,0.3 1.41048
0.8,0.85,0.35 2.90949
0.8,0.85,0.4 0.402509
0.8,0.85,0.45 0.316326
0.8,0.85,0.5 2.79781
0.8,0.85,0.55 1.4597
0.8,0.85,0.6 0.0126461
0.8,0.9,0.05 7.99481
0.8,0.9,0.1 38.3697
0.8,0.9,0.15 11.7389
0.8,0.9,0.2 0.00704306
0.8,0.9,0.25 0.000439209
0.8,0.9,0.3 0.103069
0.8,0.9,0.35 0.235055
0.8,0.9,0.4 0.0326092
0.8,0.9,0.45 0.0877597
0.8,0.9,0.5 0.776207
0.8,0.9,0.55 0.40497
0.8,0.9,0.6 0.00350847
0.8,0.95,0.05 8.87109e-07
0.8,0.95,0.1 3.6103e-06
0.8,0.95,0.15 9.18311e-07
0.8,0.95,0.2 1.72626e-13
0.8,0.95,0.45 3.32567e-06
0.8,0.95,0.5 2.94145e-05
0.8,0.95,0.55 1.53464e-05
0.8,0.95,0.6 1.32954e-07
0.85,0.05,0.35 1.68407
0.85,0.05,0.4 27.5569
0.85,0.05,0.45 22.4882
0.85,0.05,0.5 0.657166
0.85,0.1,0.35 17.2789
0.85,0.1,0.4 282.74
0.85,0.1,0.45 230.733
0.85,0.1,0.5 6.74265
0.85,0.15,0.15 0.0705582
0.85,0.15,0.2 0.797781
0.85,0.15,0.25 0.50423
0.85,0.15,0.3 0.00794585
0.85,0.15,0.35 10.1452
0.85,0.15,0.4 166.01
0.85,0.15,0.45 135.474
0.85,0.15,0.5 3.95892
0.85,0.2,0.15 1.29958
0.85,0.2,0.2 14.694
0.85,0.2,0.25 9.28871
0.85,0.2,0.3 0.148299
0.85,0.2,0.35 0.12939
0.85,0.2,0.4 2.11516
0.85,0.2,0.45 1.7261
0.85,0.2,0.5 0.0504414
0.85,0.25,0.05 0.000117536
0.85,0.25,0.1 1.36578
0.85,0.25,0.15 36.9566
0.85,0.25,0.2 53.8481
0.85,0.25,0.25 10.7658
0.85,0.25,0.3 0.535112
0.85,0.25,0.35 0.0265571
0.85,0.3,0.05 0.000855502
0.85,0.3,0.1 6.62347
0.85,0.3,0.15 158.066
0.85,0.3,0.2 178.906
0.85,0.3,0.25 10.9267
0.85,0.3,0.3 0.908686
0.85,0.3,0.35 0.0591421
0.85,0.35,0.05 0.000378349
0.85,0.35,0.1 16.4854
0.85,0.35,0.15 163.107
0.85,0.35,0.2 135.233
0.85,0.35,0.25 24.0047
0.85,0.35,0.3 1.11415
0.85,0.35,0.35 0.121499
0.85,0.4,0.05 0.0157544
0.85,0.4,0.1 36.5281
0.85,0.4,0.15 303.369
0.85,0.4,0.2 291.207
0.85,0.4,0.25 105.756
0.85,0.4,0.3 3.79249
0.85,0.4,0.35 0.332874
0.85,0.4,0.8 1.79653
0.85,0.4,0.85 23.0835
0.85,0.4,0.9 16.0079
0.85,0.4,0.95 0.321697
0.85,0.45,0.05 10.5105
0.85,0.45,0.1 90.935
0.85,0.45,0.15 216.668
0.85,0.45,0.2 171.642
0.85,0.45,0.25 60.8907
0.85,0.45,0.3 1.68635
0.85,0.45,0.35 0.0608157
0.85,0.45,0.8 13.5504
0.85,0.45,0.85 174.109
0.85,0.45,0.9 120.74
0.85,0.45,0.95 2.42641
0.85,0.5,0.05 29.4322
0.85,0.5,0.1 194.572
0.85,0.5,0.15 150.552
0.85,0.5,0.2 139.588
0.85,0.5,0.25 144.804
0.85,0.5,0.3 16.307
0.85,0.5,0.35 0.0080228
0.85,0.5,0.8 6.18181
0.85,0.5,0.85 79.4297
0.85,0.5,0.9 55.0827
0.85,0.5,0.95 1.10695
0.85,0.55,0.05 23.0208
0.85,0.55,0.1 139.678
0.85,0.55,0.15 65.8891
0.85,0.55,0.2 116.453
0.85,0.55,0.25 207.071
0.85,0.55,0.3 32.5504
0.85,0.55,0.35 0.0280975
0.85,0.55,0.8 0.0315609
0.85,0.55,0.85 0.405525
0.85,0.55,0.9 0.281222
0.85,0.55,0.95 0.00565148
0.85,0.6,0.05 51.5981
0.85,0.6,0.1 259.7
0.85,0.6,0.15 141.588
0.85,0.6,0.2 123.777
0.85,0.6,0.25 37.7972
0.85,0.6,0.3 4.60541
0.85,0.6,0.35 0.00806411
0.85,0.65,0.05 52.31
0.85,0.65,0.1 267.237
0.85,0.65,0.15 111.899
0.85,0.65,0.2 38.8316
0.85,0.65,0.25 9.53249
0.85,0.65,0.3 1.56606
0.85,0.65,0.35 0.0240826
0.85,0.7,0.05 26.4797
0.85,0.7,0.1 215.704
0.85,0.7,0.15 107.541
0.85,0.7,0.2 8.80777
0.85,0.7,0.25 46.7954
0.85,0.7,0.3 18.2057
0.85,0.7,0.35 0.148683
0.85,0.75,0.05 3.70787
0.85,0.75,0.1 30.605
0.85,0.75,0.15 15.2514
0.85,0.75,0.2 5.75071
0.85,0.75,0.25 40.5324
0.85,0.75,0.3 23.6128
0.85,0.75,0.35 3.00977
0.85,0.75,0.4 0.322008
0.85,0.8,0.05 21.8288
0.85,0.8,0.1 121.025
0.85,0.8,0.15 41.7055
0.85,0.8,0.2 0.253585
0.85,0.8,0.25 4.39818
0.85,0.8,0.3 58.9118
0.85,0.8,0.35 124.418
0.85,0.8,0.4 17.226
0.85,0.8,0.45 5.15092
0.85,0.8,0.5 45.5583
0.85,0.8,0.55 23.7691
0.85,0.8,0.6 0.205924
0.85,0.85,0.05 29.6868
0.85,0.85,0.1 164.592
0.85,0.85,0.15 56.719
0.85,0.85,0.2 0.0530255
0.85,0.85,0.25 0.349934
0.85,0.85,0.3 80.7984
0.85,0.85,0.35 184.25
0.85,0.85,0.4 25.5609
0.85,0.85,0.45 22.8695
0.85,0.85,0.5 202.274
0.85,0.85,0.55 105.532
0.85,0.85,0.6 0.914282
0.85,0.9,0.05 2.12375
0.85,0.9,0.1 11.7747
0.85,0.9,0.15 4.05758
0.85,0.9,0.2 0.00378085
0.85,0.9,0.25 0.0278915
0.85,0.9,0.3 6.54531
0.85,0.9,0.35 14.9269
0.85,0.9,0.4 2.07081
0.85,0.9,0.45 6.34479
0.85,0.9,0.5 56.1177
0.85,0.9,0.55 29.2782
0.85,0.9,0.6 0.253653
0.85,0.95,0.45 0.000240437
0.85,0.95,0.5 0.00212659
0.85,0.95,0.55 0.0011095
0.85,0.95,0.6 9.61224e-06
0.9,0.05,0.35 0.655145
0.9,0.05,0.4 10.7203
0.9,0.05,0.45 8.74844
0.9,0.05,0.5 0.255653
0.9,0.1,0.35 6.72192
0.9,0.1,0.4 109.993
0.9,0.1,0.45 89.7608
0.9,0.1,0.5 2.62306
0.9,0.15,0.35 3.94675
0.9,0.15,0.4 64.5818
0.9,0.15,0.45 52.7027
0.9,0.15,0.5 1.54012
0.9,0.2,0.35 0.0502863
0.9,0.2,0.4 0.822849
0.9,0.2,0.45 0.671496
0.9,0.2,0.5 0.0196229
0.9,0.25,0.1 0.0186542
0.9,0.25,0.15 0.570351
0.9,0.25,0.2 0.66203
0.9,0.25,0.25 0.0371178
0.9,0.3,0.1 0.083691
0.9,0.3,0.15 2.49988
0.9,0.3,0.2 2.88732
0.9,0.3,0.25 0.16137
0.9,0.35,0.1 0.718411
0.9,0.35,0.15 6.33868
0.9,0.35,0.2 3.67949
0.9,0.35,0.25 0.167007
0.9,0.35,0.3 0.00211653
0.9,0.4,0.05 0.0290984
0.9,0.4,0.1 1.81663
0.9,0.4,0.15 13.3929
0.9,0.4,0.2 7.20338
0.9,0.4,0.25 0.569943
0.9,0.4,0.3 0.0106297
0.9,0.4,0.8 3.00808
0.9,0.4,0.85 38.6506
0.9,0.4,0.9 26.8033
0.9,0.4,0.95 0.538643
0.9,0.45,0.05 21.059
0.9,0.45,0.1 132.706
0.9,0.45,0.15 53.6122
0.9,0.45,0.2 1.44516
0.9,0.45,0.25 0.184765
0.9,0.45,0.3 0.00490014
0.9,0.45,0.8 22.6886
0.9,0.45,0.85 291.524
0.9,0.45,0.9 202.165
0.9,0.45,0.95 4.06274
0.9,0.5,0.05 58.169
0.9,0.5,0.1 365.821
0.9,0.5,0.15 142.032
0.9,0.5,0.2 0.918457
0.9,0.5,0.25 1.09131
0.9,0.5,0.3 0.138071
0.9,0.5,0.8 10.3507
0.9,0.5,0.85 132.996
0.9,0.5,0.9 92.2294
0.9,0.5,0.95 1.85346
0.9,0.55,0.05 10.0505
0.9,0.55,0.1 63.1728
0.9,0.55,0.15 24.4961
0.9,0.55,0.2 0.973461
0.9,0.55,0.25 1.92763
0.9,0.55,0.3 0.243961
0.9,0.55,0.8 0.0528451
0.9,0.55,0.85 0.679003
0.9,0.55,0.9 0.470873
0.9,0.55,0.95 0.00946273
0.9,0.6,0.05 0.431637
0.9,0.6,0.1 2.33843
0.9,0.6,0.15 0.857481
0.9,0.6,0.2 0.118239
0.9,0.6,0.25 0.199418
0.9,0.6,0.3 0.0249246
0.9,0.65,0.05 16.2868
0.9,0.65,0.1 139.792
0.9,0.65,0.15 71.4561
0.9,0.65,0.2 0.589869
0.9,0.65,0.25 0.000814527
0.9,0.7,0.05 35.9906
0.9,0.7,0.1 312.338
0.9,0.7,0.15 160.457
0.9,0.7,0.2 1.3159
0.9,0.7,0.25 3.91978e-07
0.9,0.75,0.05 4.93723
0.9,0.75,0.1 42.8485
0.9,0.75,0.15 22.012
0.9,0.75,0.2 0.180485
0.9,0.75,0.25 0.00686382
0.9,0.75,0.3 1.61074
0.9,0.75,0.35 3.67337
0.9,0.75,0.4 0.509606
0.9,0.8,0.05 0.208856
0.9,0.8,0.1 1.15796
0.9,0.8,0.15 0.399036
0.9,0.8,0.2 0.00037182
0.9,0.8,0.25 0.367183
0.9,0.8,0.3 86.1672
0.9,0.8,0.35 196.509
0.9,0.8,0.4 27.2616
0.9,0.8,0.45 8.53316
0.9,0.8,0.5 75.4731
0.9,0.8,0.55 39.3765
0.9,0.8,0.6 0.34114
0.9,0.85,0.05 0.284042
0.9,0.85,0.1 1.57481
0.9,0.85,0.15 0.542683
0.9,0.85,0.2 0.000505671
0.9,0.85,0.25 0.544848
0.9,0.85,0.3 127.86
0.9,0.85,0.35 291.591
0.9,0.85,0.4 40.4524
0.9,0.85,0.45 37.8863
0.9,0.85,0.5 335.092
0.9,0.85,0.55 174.827
0.9,0.85,0.6 1.51463
0.9,0.9,0.05 0.0203199
0.9,0.9,0.1 0.112659
0.9,0.9,0.15 0.0388227
0.9,0.9,0.2 3.61749e-05
0.9,0.9,0.25 0.0441407
0.9,0.9,0.3 10.3585
0.9,0.9,0.35 23.6231
0.9,0.9,0.4 3.27724
0.9,0.9,0.45 10.511
0.9,0.9,0.5 92.9661
0.9,0.9,0.55 48.5031
0.9,0.9,0.6 0.420209
0.9,0.95,0.45 0.000398315
0.9,0.95,0.5 0.00352297
0.9,0.95,0.55 0.00183804
0.9,0.95,0.6 1.59239e-05
0.95,0.05,0.35 0.00146772
0.95,0.05,0.4 0.0240167
0.95,0.05,0.45 0.0195991
0.95,0.05,0.5 0.000572739
0.95,0.1,0.35 0.0150591
0.95,0.1,0.4 0.246416
0.95,0.1,0.45 0.201091
0.95,0.1,0.5 0.00587642
0.95,0.15,0.35 0.00884187
0.95,0.15,0.4 0.144682
0.95,0.15,0.45 0.118069
0.95,0.15,0.5 0.00345031
0.95,0.2,0.35 0.000112656
0.95,0.2,0.4 0.00184342
0.95,0.2,0.45 0.00150435
0.95,0.2,0.5 4.39612e-05
0.95,0.4,0.05 0.00347334
0.95,0.4,0.1 0.0218422
0.95,0.4,0.15 0.00846979
0.95,0.4,0.2 1.86023e-05
0.95,0.4,0.8 0.286762
0.95,0.4,0.85 3.68459
0.95,0.4,0.9 2.55518
0.95,0.4,0.95 0.0513492
0.95,0.45,0.05 2.5137
0.95,0.45,0.1 15.8075
0.95,0.45,0.15 6.12971
0.95,0.45,0.2 0.0134627
0.95,0.45,0.8 2.16292
0.95,0.45,0.85 27.7912
0.95,0.45,0.9 19.2725
0.95,0.45,0.95 0.387304
0.95,0.5,0.05 6.94309
0.95,0.5,0.1 43.662
0.95,0.5,0.15 16.9309
0.95,0.5,0.2 0.0371854
0.95,0.5,0.8 0.98674
0.95,0.5,0.85 12.6786
0.95,0.5,0.9 8.79229
0.95,0.5,0.95 0.176691
0.95,0.55,0.05 1.18865
0.95,0.55,0.1 7.4749
0.95,0.55,0.15 2.89855
0.95,0.55,0.2 0.00636611
0.95,0.55,0.8 0.00503775
0.95,0.55,0.85 0.0647298
0.95,0.55,0.9 0.0448886
0.95,0.55,0.95 0.000902088
0.95,0.6,0.05 0.00606857
0.95,0.6,0.1 0.0526856
0.95,0.6,0.15 0.027071
0.95,0.6,0.2 0.000222048
0.95,0.65,0.05 1.35846
0.95,0.65,0.1 11.7938
0.95,0.65,0.15 6.0599
0.95,0.65,0.2 0.0497059
0.95,0.7,0.05 3.06701
0.95,0.7,0.1 26.6269
0.95,0.7,0.15 13.6815
0.95,0.7,0.2 0.112222
0.95,0.75,0.05 0.420641
0.95,0.75,0.1 3.65189
0.95,0.75,0.15 1.87642
0.95,0.75,0.2 0.0153912
0.95,0.75,0.25 0.000607269
0.95,0.75,0.3 0.142508
0.95,0.75,0.35 0.324997
0.95,0.75,0.4 0.0450869
0.95,0.8,0.25 0.0324862
0.95,0.8,0.3 7.62355
0.95,0.8,0.35 17.3859
0.95,0.8,0.4 2.41194
0.95,0.8,0.45 0.802206
0.95,0.8,0.5 7.09526
0.95,0.8,0.55 3.7018
0.95,0.8,0.6 0.0320707
0.95,0.85,0.25 0.0482048
0.95,0.85,0.3 11.3123
0.95,0.85,0.35 25.7982
0.95,0.85,0.4 3.57898
0.95,0.85,0.45 3.56171
0.95,0.85,0.5 31.5022
0.95,0.85,0.55 16.4356
0.95,0.85,0.6 0.142391
0.95,0.9,0.25 0.0039053
0.95,0.9,0.3 0.916459
0.95,0.9,0.35 2.09003
0.95,0.9,0.4 0.28995
0.95,0.9,0.45 0.98814
0.95,0.9,0.5 8.73978
0.95,0.9,0.55 4.5598
0.95,0.9,0.6 0.039504
0.95,0.95,0.45 3.74458e-05
0.95,0.95,0.5 0.000331196
0.95,0.95,0.55 0.000172795
0.95,0.95,0.6 1.49701e-06
