0.25,0.1,0 7.36776e-10
0.25,0.1,0.05 16.2941
0.25,0.1,0.1 108.966
0.25,0.1,0.15 506.229
0.25,0.1,0.2 571.472
0.25,0.1,0.25 430.107
0.25,0.1,0.3 140.567
0.25,0.1,0.35 3.40997
0.25,0.1,0.4 0.0153862
0.25,0.15,0 2.17013e-09
0.25,0.15,0.05 65.1505
0.25,0.15,0.1 460.024
0.25,0.15,0.15 525.172
0.25,0.15,0.2 467.443
0.25,0.15,0.25 298.155
0.25,0.15,0.3 235.093
0.25,0.15,0.35 96.6091
0.25,0.15,0.4 5.70948
0.25,0.2,0 1.87484e-09
0.25,0.2,0.05 98.0419
0.25,0.2,0.1 522.447
0.25,0.2,0.15 380.05
0.25,0.2,0.2 388.919
0.25,0.2,0.25 403.755
0.25,0.2,0.3 744.539
0.25,0.2,0.35 297.554
0.25,0.2,0.4 14.2277
0.25,0.25,0 8.86408e-10
0.25,0.25,0.05 89.6175
0.25,0.25,0.1 371.195
0.25,0.25,0.15 397.098
0.25,0.25,0.2 577.928
0.25,0.25,0.25 319.373
0.25,0.25,0.3 531.424
0.25,0.25,0.35 138.265
0.25,0.25,0.4 2.18807
0.25,0.3,0 1.51886e-11
0.25,0.3,0.05 46.2169
0.25,0.3,0.1 223.327
0.25,0.3,0.15 379.509
0.25,0.3,0.2 575.062
0.25,0.3,0.25 186.57
0.25,0.3,0.3 176.052
0.25,0.3,0.35 40.8989
0.25,0.3,0.4 0.00170964
0.25,0.35,0 1.25282e-11
0.25,0.35,0.05 83.8714
0.25,0.35,0.1 420.31
0.25,0.35,0.15 271.944
0.25,0.35,0.2 114.564
0.25,0.35,0.25 21.8486
0.25,0.35,0.3 20.0827
0.25,0.35,0.35 4.68324
0.25,0.4,0 1.38374e-11
0.25,0.4,0.05 115.292
0.25,0.4,0.1 537.952
0.25,0.4,0.15 328.265
0.25,0.4,0.2 123.543
0.25,0.4,0.25 14.647
0.25,0.4,0.3 0.178333
0.25,0.45,0 5.77389e-10
0.25,0.45,0.05 146.399
0.25,0.45,0.1 654.609
0.25,0.45,0.15 421.986
0.25,0.45,0.2 312.845
0.25,0.45,0.25 182.704
0.25,0.45,0.3 24.1274
0.25,0.45,0.35 10.5672
0.25,0.45,0.4 0.3931
0.25,0.5,0 1.48512e-09
0.25,0.5,0.05 179.284
0.25,0.5,0.1 732.205
0.25,0.5,0.15 346.427
0.25,0.5,0.2 467.615
0.25,0.5,0.25 557.929
0.25,0.5,0.3 364.79
0.25,0.5,0.35 261.72
0.25,0.5,0.4 47.4091
0.25,0.5,0.45 0.824103
0.25,0.55,0 2.35313e-09
0.25,0.55,0.05 136.907
0.25,0.55,0.1 548.938
0.25,0.55,0.15 181.775
0.25,0.55,0.2 218.588
0.25,0.55,0.25 719.953
0.25,0.55,0.3 665.298
0.25,0.55,0.35 692.861
0.25,0.55,0.4 229.91
0.25,0.55,0.45 4.11148
0.25,0.6,0 1.70692e-08
0.25,0.6,0.05 103.263
0.25,0.6,0.1 426.91
0.25,0.6,0.15 192.378
0.25,0.6,0.2 330.123
0.25,0.6,0.25 584.614
0.25,0.6,0.3 518.891
0.25,0.6,0.35 612.743
0.25,0.6,0.4 199.717
0.25,0.6,0.45 1.39013
0.25,0.65,0 9.04356e-09
0.25,0.65,0.05 89.3192
0.25,0.65,0.1 395.299
0.25,0.65,0.15 553.306
0.25,0.65,0.2 696.169
0.25,0.65,0.25 376.244
0.25,0.65,0.3 500.323
0.25,0.65,0.35 317.25
0.25,0.65,0.4 54.2782
0.25,0.65,0.45 0.0489659
0.25,0.7,0 3.09444e-09
0.25,0.7,0.05 119.964
0.25,0.7,0.1 535.345
0.25,0.7,0.15 550.361
0.25,0.7,0.2 364.349
0.25,0.7,0.25 207.864
0.25,0.7,0.3 542.152
0.25,0.7,0.35 154.757
0.25,0.7,0.4 0.862655
0.25,0.7,0.45 0.000342712
0.25,0.75,0 1.35278e-08
0.25,0.75,0.05 155.049
0.25,0.75,0.1 653.238
0.25,0.75,0.15 377.509
0.25,0.75,0.2 240.074
0.25,0.75,0.25 90.9202
0.25,0.75,0.3 102.07
0.25,0.75,0.35 17.1417
0.25,0.75,0.4 0.022544
0.25,0.75,0.45 1.08214e-05
0.25,0.8,0 5.33093e-09
0.25,0.8,0.05 58.3955
0.25,0.8,0.1 264.554
0.25,0.8,0.15 220.954
0.25,0.8,0.2 140.748
0.25,0.8,0.25 67.0147
0.25,0.8,0.3 4.68664
0.25,0.8,0.35 0.00581256
0.25,0.85,0 1.34271e-11
0.25,0.85,0.05 0.167074
0.25,0.85,0.1 6.63583
0.25,0.85,0.15 28.0807
0.25,0.85,0.2 23.1118
0.25,0.85,0.25 24.366
0.25,0.85,0.3 2.27721
0.25,0.9,0.15 0.00140467
0.25,0.9,0.2 0.101156
0.25,0.9,0.25 0.167353
0.25,0.9,0.3 0.0157051
0.3,0,0.1 8.98235e-13
0.3,0,0.15 3.69085e-11
0.3,0,0.2 7.2462e-11
0.3,0,0.25 4.93977e-10
0.3,0,0.3 4.6626e-10
0.3,0,0.35 1.84664e-11
0.3,0.05,0 8.01219e-13
0.3,0.05,0.05 0.302368
0.3,0.05,0.1 3.40389
0.3,0.05,0.15 68.7628
0.3,0.05,0.2 89.529
0.3,0.05,0.25 84.4963
0.3,0.05,0.3 72.845
0.3,0.05,0.35 2.8601
0.3,0.1,0 3.75156e-11
0.3,0.1,0.05 14.1279
0.3,0.1,0.1 78.4082
0.3,0.1,0.15 353.694
0.3,0.1,0.2 428.58
0.3,0.1,0.25 400.13
0.3,0.1,0.3 368.489
0.3,0.1,0.35 19.0837
0.3,0.1,0.4 0.0236979
0.3,0.15,0 6.5408e-11
0.3,0.15,0.05 33.9092
0.3,0.15,0.1 266.332
0.3,0.15,0.15 435.25
0.3,0.15,0.2 537.748
0.3,0.15,0.25 458.161
0.3,0.15,0.3 535.771
0.3,0.15,0.35 153.439
0.3,0.15,0.4 8.79411
0.3,0.2,0 1.11971e-10
0.3,0.2,0.05 84.9034
0.3,0.2,0.1 457.251
0.3,0.2,0.15 569.104
0.3,0.2,0.2 482.644
0.3,0.2,0.25 534.324
0.3,0.2,0.3 628.379
0.3,0.2,0.35 346.669
0.3,0.2,0.4 22.1769
0.3,0.25,0 1.15737e-10
0.3,0.25,0.05 96.033
0.3,0.25,0.1 418.06
0.3,0.25,0.15 282.597
0.3,0.25,0.2 326.323
0.3,0.25,0.25 483.106
0.3,0.25,0.3 576.209
0.3,0.25,0.35 196.548
0.3,0.25,0.4 4.09957
0.3,0.3,0 2.86034e-10
0.3,0.3,0.05 37.1958
0.3,0.3,0.1 290.871
0.3,0.3,0.15 508.578
0.3,0.3,0.2 461.217
0.3,0.3,0.25 430.834
0.3,0.3,0.3 469.208
0.3,0.3,0.35 109.205
0.3,0.3,0.4 0.12788
0.3,0.35,0 1.00757e-10
0.3,0.35,0.05 59.1045
0.3,0.35,0.1 499.751
0.3,0.35,0.15 699.459
0.3,0.35,0.2 397.442
0.3,0.35,0.25 71.7073
0.3,0.35,0.3 55.1441
0.3,0.35,0.35 12.404
0.3,0.4,0 3.6768e-12
0.3,0.4,0.05 143.248
0.3,0.4,0.1 766.861
0.3,0.4,0.15 786.455
0.3,0.4,0.2 484.949
0.3,0.4,0.25 38.4665
0.3,0.4,0.3 0.141539
0.3,0.4,0.35 0.0373816
0.3,0.4,0.4 0.00570318
0.3,0.45,0 2.69282e-10
0.3,0.45,0.05 98.8362
0.3,0.45,0.1 455.29
0.3,0.45,0.15 502.193
0.3,0.45,0.2 515.323
0.3,0.45,0.25 147.558
0.3,0.45,0.3 38.088
0.3,0.45,0.35 16.7792
0.3,0.45,0.4 0.747245
0.3,0.5,0 6.98661e-10
0.3,0.5,0.05 121.469
0.3,0.5,0.1 492.123
0.3,0.5,0.15 208.378
0.3,0.5,0.2 287.909
0.3,0.5,0.25 367.934
0.3,0.5,0.3 513.691
0.3,0.5,0.35 189.223
0.3,0.5,0.4 6.09562
0.3,0.5,0.45 0.00458689
0.3,0.55,0 6.17517e-08
0.3,0.55,0.05 92.3975
0.3,0.55,0.1 397.959
0.3,0.55,0.15 273.591
0.3,0.55,0.2 212.497
0.3,0.55,0.25 604.663
0.3,0.55,0.3 571.621
0.3,0.55,0.35 199.104
0.3,0.55,0.4 25.3415
0.3,0.55,0.45 0.0278727
0.3,0.6,0 5.15626e-07
0.3,0.6,0.05 88.2549
0.3,0.6,0.1 375.843
0.3,0.6,0.15 286.471
0.3,0.6,0.2 515.484
0.3,0.6,0.25 686.061
0.3,0.6,0.3 580.26
0.3,0.6,0.35 180.014
0.3,0.6,0.4 34.0167
0.3,0.6,0.45 0.0346802
0.3,0.65,0 2.57296e-07
0.3,0.65,0.05 79.7171
0.3,0.65,0.1 329.36
0.3,0.65,0.15 211.426
0.3,0.65,0.2 469.976
0.3,0.65,0.25 561.492
0.3,0.65,0.3 901.031
0.3,0.65,0.35 405.226
0.3,0.65,0.4 54.5209
0.3,0.65,0.45 0.105794
0.3,0.7,0 2.35059e-09
0.3,0.7,0.05 95.5426
0.3,0.7,0.1 399.046
0.3,0.7,0.15 272.935
0.3,0.7,0.2 391.19
0.3,0.7,0.25 132.938
0.3,0.7,0.3 289.867
0.3,0.7,0.35 245.672
0.3,0.7,0.4 46.1991
0.3,0.7,0.45 0.103575
0.3,0.75,0 1.11029e-10
0.3,0.75,0.05 100.515
0.3,0.75,0.1 445.795
0.3,0.75,0.15 292.312
0.3,0.75,0.2 295.483
0.3,0.75,0.25 47.4839
0.3,0.75,0.3 9.70369
0.3,0.75,0.35 8.71223
0.3,0.75,0.4 2.19548
0.3,0.75,0.45 0.00507888
0.3,0.8,0 2.70385e-11
0.3,0.8,0.05 19.6039
0.3,0.8,0.1 87.6114
0.3,0.8,0.15 43.0894
0.3,0.8,0.2 15.2165
0.3,0.8,0.25 1.98207
0.3,0.8,0.3 0.00195691
0.3,0.8,0.35 0.000263176
0.3,0.85,0 6.87843e-14
0.3,0.85,0.05 0.0228202
0.3,0.85,0.1 0.0975125
0.3,0.85,0.15 0.05165
0.3,0.85,0.2 0.00859609
0.3,0.85,0.25 8.97993e-05
0.3,0.85,0.3 2.40132e-09
0.35,0,0.1 1.0915e-13
0.35,0,0.15 4.48499e-12
0.35,0,0.2 1.36352e-11
0.35,0,0.25 1.61573e-10
0.35,0,0.3 1.53173e-10
0.35,0,0.35 6.06646e-12
0.35,0.05,0 3.76251e-12
0.35,0.05,0.05 1.42621
0.35,0.05,0.1 5.87795
0.35,0.05,0.15 8.80012
0.35,0.05,0.2 11.5618
0.35,0.05,0.25 25.8548
0.35,0.05,0.3 23.7236
0.35,0.05,0.35 0.939581
0.35,0.1,0 1.65787e-10
0.35,0.1,0.05 63.5497
0.35,0.1,0.1 254.932
0.35,0.1,0.15 99.0568
0.35,0.1,0.2 83.9387
0.35,0.1,0.25 147.24
0.35,0.1,0.3 130.908
0.35,0.1,0.35 7.15508
0.35,0.1,0.4 0.00202101
0.35,0.15,0 2.34673e-10
0.35,0.15,0.05 102.583
0.35,0.15,0.1 418.805
0.35,0.15,0.15 208.805
0.35,0.15,0.2 234.32
0.35,0.15,0.25 295.63
0.35,0.15,0.3 206.375
0.35,0.15,0.35 26.4128
0.35,0.15,0.4 0.750562
0.35,0.2,0 3.00627e-11
0.35,0.2,0.05 108.969
0.35,0.2,0.1 486.725
0.35,0.2,0.15 513.871
0.35,0.2,0.2 514.276
0.35,0.2,0.25 491.017
0.35,0.2,0.3 252.581
0.35,0.2,0.35 90.0343
0.35,0.2,0.4 2.31908
0.35,0.25,0 2.38844e-10
0.35,0.25,0.05 163.155
0.35,0.25,0.1 794.073
0.35,0.25,0.15 624.468
0.35,0.25,0.2 336.363
0.35,0.25,0.25 617.231
0.35,0.25,0.3 654.162
0.35,0.25,0.35 185.052
0.35,0.25,0.4 1.53439
0.35,0.3,0 1.26741e-09
0.35,0.3,0.05 129.963
0.35,0.3,0.1 598.801
0.35,0.3,0.15 503.918
0.35,0.3,0.2 587.683
0.35,0.3,0.25 610.8
0.35,0.3,0.3 447.436
0.35,0.3,0.35 52.2802
0.35,0.3,0.4 0.21432
0.35,0.35,0 4.355e-10
0.35,0.35,0.05 96.1818
0.35,0.35,0.1 440.269
0.35,0.35,0.15 347.438
0.35,0.35,0.2 390.76
0.35,0.35,0.25 117.267
0.35,0.35,0.3 46.0551
0.35,0.35,0.35 3.80835
0.35,0.4,0 4.05401e-13
0.35,0.4,0.05 180.55
0.35,0.4,0.1 886.325
0.35,0.4,0.15 578.127
0.35,0.4,0.2 290.47
0.35,0.4,0.25 37.6555
0.35,0.4,0.3 29.7909
0.35,0.4,0.35 26.3411
0.35,0.4,0.4 4.50835
0.35,0.45,0 1.85748e-12
0.35,0.45,0.05 123.485
0.35,0.45,0.1 700.424
0.35,0.45,0.15 679.416
0.35,0.45,0.2 603.855
0.35,0.45,0.25 98.0218
0.35,0.45,0.3 119.05
0.35,0.45,0.35 238.613
0.35,0.45,0.4 39.2418
0.35,0.5,0 1.06868e-11
0.35,0.5,0.05 147.249
0.35,0.5,0.1 624.3
0.35,0.5,0.15 386.378
0.35,0.5,0.2 539.715
0.35,0.5,0.25 480.311
0.35,0.5,0.3 490.677
0.35,0.5,0.35 347.63
0.35,0.5,0.4 43.5857
0.35,0.55,0 7.21312e-08
0.35,0.55,0.05 92.8633
0.35,0.55,0.1 439.472
0.35,0.55,0.15 544.463
0.35,0.55,0.2 526.454
0.35,0.55,0.25 525.437
0.35,0.55,0.3 357.71
0.35,0.55,0.35 82.6056
0.35,0.55,0.4 4.39348
0.35,0.6,0 5.99457e-07
0.35,0.6,0.05 94.1142
0.35,0.6,0.1 467.607
0.35,0.6,0.15 745.613
0.35,0.6,0.2 807.197
0.35,0.6,0.25 402.604
0.35,0.6,0.3 361.59
0.35,0.6,0.35 74.8938
0.35,0.6,0.4 4.62515
0.35,0.6,0.45 0.00959469
0.35,0.65,0 2.97974e-07
0.35,0.65,0.05 115.134
0.35,0.65,0.1 553.923
0.35,0.65,0.15 588.876
0.35,0.65,0.2 575.958
0.35,0.65,0.25 455.349
0.35,0.65,0.3 822.191
0.35,0.65,0.35 548.944
0.35,0.65,0.4 112.461
0.35,0.65,0.45 0.250544
0.35,0.7,0 2.20914e-09
0.35,0.7,0.05 99.1272
0.35,0.7,0.1 449.525
0.35,0.7,0.15 387.446
0.35,0.7,0.2 594.18
0.35,0.7,0.25 212.337
0.35,0.7,0.3 299.542
0.35,0.7,0.35 431.082
0.35,0.7,0.4 117.751
0.35,0.7,0.45 0.268353
0.35,0.75,0 1.81292e-12
0.35,0.75,0.05 64.1501
0.35,0.75,0.1 422.764
0.35,0.75,0.15 553.314
0.35,0.75,0.2 398.743
0.35,0.75,0.25 103.431
0.35,0.75,0.3 5.13191
0.35,0.75,0.35 16.1997
0.35,0.75,0.4 5.64988
0.35,0.75,0.45 0.0131618
0.35,0.8,0 1.0104e-12
0.35,0.8,0.05 11.4665
0.35,0.8,0.1 86.0525
0.35,0.8,0.15 118.876
0.35,0.8,0.2 58.0423
0.35,0.8,0.25 17.3812
0.35,0.8,0.3 0.0943092
0.35,0.85,0 1.79712e-13
0.35,0.85,0.05 0.359797
0.35,0.85,0.1 1.43885
0.35,0.85,0.15 0.360041
0.35,0.85,0.2 0.000627809
0.35,0.85,0.25 5.22901e-05
0.4,0,0.2 4.56167e-15
0.4,0,0.25 9.59092e-14
0.4,0,0.3 9.1156e-14
0.4,0,0.35 3.61026e-15
0.4,0.05,0 1.10857e-12
0.4,0.05,0.05 0.42021
0.4,0.05,0.1 1.68014
0.4,0.05,0.15 1.93262
0.4,0.05,0.2 7.34897
0.4,0.05,0.25 4.99023
0.4,0.05,0.3 2.12474
0.4,0.05,0.35 0.0494597
0.4,0.1,0 5.4647e-11
0.4,0.1,0.05 30.3111
0.4,0.1,0.1 121.204
0.4,0.1,0.15 82.4473
0.4,0.1,0.2 281.217
0.4,0.1,0.25 162.732
0.4,0.1,0.3 32.3837
0.4,0.1,0.35 0.663023
0.4,0.15,0 1.37932e-10
0.4,0.15,0.05 135.63
0.4,0.15,0.1 544.5
0.4,0.15,0.15 247.889
0.4,0.15,0.2 576.075
0.4,0.15,0.25 469.752
0.4,0.15,0.3 49.8527
0.4,0.15,0.35 0.54301
0.4,0.15,0.4 5.82638e-05
0.4,0.2,0 1.1079e-10
0.4,0.2,0.05 99.4279
0.4,0.2,0.1 425.542
0.4,0.2,0.15 397.162
0.4,0.2,0.2 401.413
0.4,0.2,0.25 240.159
0.4,0.2,0.3 35.9516
0.4,0.2,0.35 5.90856
0.4,0.2,0.4 0.0430194
0.4,0.25,0 1.18592e-10
0.4,0.25,0.05 91.5681
0.4,0.25,0.1 455.162
0.4,0.25,0.15 419.807
0.4,0.25,0.2 243.542
0.4,0.25,0.25 304.422
0.4,0.25,0.3 206.717
0.4,0.25,0.35 20.3221
0.4,0.25,0.4 0.119145
0.4,0.3,0 4.11561e-10
0.4,0.3,0.05 101.019
0.4,0.3,0.1 432.278
0.4,0.3,0.15 359.625
0.4,0.3,0.2 573.136
0.4,0.3,0.25 496.176
0.4,0.3,0.3 274.178
0.4,0.3,0.35 9.20311
0.4,0.3,0.4 0.0211188
0.4,0.35,0 3.25743e-10
0.4,0.35,0.05 47.4433
0.4,0.35,0.1 191.243
0.4,0.35,0.15 170.867
0.4,0.35,0.2 392.069
0.4,0.35,0.25 436.56
0.4,0.35,0.3 243.476
0.4,0.35,0.35 22.1332
0.4,0.35,0.4 0.121167
0.4,0.4,0 1.39589e-10
0.4,0.4,0.05 53.082
0.4,0.4,0.1 271.793
0.4,0.4,0.15 319.36
0.4,0.4,0.2 279.096
0.4,0.4,0.25 351.85
0.4,0.4,0.3 370.924
0.4,0.4,0.35 132.756
0.4,0.4,0.4 17.5479
0.4,0.45,0 4.61024e-12
0.4,0.45,0.05 62.5775
0.4,0.45,0.1 362.812
0.4,0.45,0.15 614.435
0.4,0.45,0.2 587.961
0.4,0.45,0.25 284.52
0.4,0.45,0.3 477.182
0.4,0.45,0.35 591.155
0.4,0.45,0.4 99.3988
0.4,0.45,0.45 0.00219495
0.4,0.5,0 3.70049e-12
0.4,0.5,0.05 71.0912
0.4,0.5,0.1 373.98
0.4,0.5,0.15 575.026
0.4,0.5,0.2 772.469
0.4,0.5,0.25 451.069
0.4,0.5,0.3 648.048
0.4,0.5,0.35 534.308
0.4,0.5,0.4 77.5469
0.4,0.5,0.45 0.650779
0.4,0.55,0 1.12041e-08
0.4,0.55,0.05 52.5511
0.4,0.55,0.1 296.435
0.4,0.55,0.15 513.165
0.4,0.55,0.2 636.232
0.4,0.55,0.25 344.186
0.4,0.55,0.3 273.928
0.4,0.55,0.35 131.811
0.4,0.55,0.4 35.6421
0.4,0.55,0.45 1.55576
0.4,0.6,0 6.01517e-08
0.4,0.6,0.05 148.128
0.4,0.6,0.1 641.993
0.4,0.6,0.15 533.778
0.4,0.6,0.2 585.607
0.4,0.6,0.25 212.234
0.4,0.6,0.3 76.6362
0.4,0.6,0.35 15.151
0.4,0.6,0.4 5.20366
0.4,0.6,0.45 0.229124
0.4,0.65,0 2.32346e-08
0.4,0.65,0.05 72.3265
0.4,0.65,0.1 360.184
0.4,0.65,0.15 508.791
0.4,0.65,0.2 584.344
0.4,0.65,0.25 318.713
0.4,0.65,0.3 336.822
0.4,0.65,0.35 91.0948
0.4,0.65,0.4 17.7396
0.4,0.65,0.45 0.0400533
0.4,0.7,0 1.46936e-10
0.4,0.7,0.05 17.8102
0.4,0.7,0.1 92.858
0.4,0.7,0.15 179.273
0.4,0.7,0.2 371.003
0.4,0.7,0.25 173.82
0.4,0.7,0.3 126.503
0.4,0.7,0.35 69.3618
0.4,0.7,0.4 18.6774
0.4,0.7,0.45 0.0429004
0.4,0.75,0 1.1892e-11
0.4,0.75,0.05 25.6764
0.4,0.75,0.1 160.311
0.4,0.75,0.15 369.362
0.4,0.75,0.2 646.823
0.4,0.75,0.25 201.768
0.4,0.75,0.3 1.76423
0.4,0.75,0.35 2.51614
0.4,0.75,0.4 0.901083
0.4,0.75,0.45 0.00210411
0.4,0.8,0 3.32963e-11
0.4,0.8,0.05 66.936
0.4,0.8,0.1 282.151
0.4,0.8,0.15 159.813
0.4,0.8,0.2 165.33
0.4,0.8,0.25 47.9018
0.4,0.8,0.3 0.243371
0.4,0.85,0 5.92216e-12
