0,0.4,0.15 1.71373e-14
0,0.4,0.2 7.33012e-14
0,0.4,0.25 1.95945e-14
0,0.4,0.3 2.04337e-19
0,0.45,0.15 1.61833e-11
0,0.45,0.2 6.92205e-11
0,0.45,0.25 1.85037e-11
0,0.45,0.3 1.92962e-16
0,0.5,0.15 4.6253e-11
0,0.5,0.2 1.97838e-10
0,0.5,0.25 5.2885e-11
0,0.5,0.3 5.515e-16
0,0.55,0.15 8.21008e-12
0,0.55,0.2 3.51169e-11
0,0.55,0.25 9.38728e-12
0,0.55,0.3 9.78933e-17
0,0.65,0.15 4.31381e-14
0,0.65,0.2 5.93819e-13
0,0.65,0.25 4.32066e-13
0,0.65,0.3 9.75849e-15
0,0.7,0.15 5.30933e-13
0,0.7,0.2 7.30859e-12
0,0.7,0.25 5.31777e-12
0,0.7,0.3 1.20105e-13
0,0.75,0.15 3.57062e-13
0,0.75,0.2 4.91516e-12
0,0.75,0.25 3.5763e-12
0,0.75,0.3 8.07729e-14
0,0.8,0.15 6.639e-15
0,0.8,0.2 9.13895e-14
0,0.8,0.25 6.64955e-14
0,0.8,0.3 1.50184e-15
0.05,0.1,0.1 0.481816
0.05,0.1,0.15 10.9692
0.05,0.1,0.2 10.9071
0.05,0.1,0.25 0.469384
0.05,0.15,0 9.75263e-18
0.05,0.15,0.05 0.000318305
0.05,0.15,0.1 2.4312
0.05,0.15,0.15 55.6586
0.05,0.15,0.2 58.6016
0.05,0.15,0.25 4.53865
0.05,0.15,0.3 0.0312316
0.05,0.15,0.35 0.00736205
0.05,0.15,0.4 0.00296224
0.05,0.15,0.45 8.09307e-06
0.05,0.2,0 6.74456e-12
0.05,0.2,0.05 0.0325445
0.05,0.2,0.1 0.894263
0.05,0.2,0.15 19.4156
0.05,0.2,0.2 38.196
0.05,0.2,0.25 17.1425
0.05,0.2,0.3 9.09037
0.05,0.2,0.35 7.47727
0.05,0.2,0.4 2.61394
0.05,0.2,0.45 0.00714149
0.05,0.25,0 8.46088e-11
0.05,0.25,0.05 0.3715
0.05,0.25,0.1 1.48376
0.05,0.25,0.15 2.09162
0.05,0.25,0.2 10.9839
0.05,0.25,0.25 28.6102
0.05,0.25,0.3 51.261
0.05,0.25,0.35 24.4016
0.05,0.25,0.4 7.40856
0.05,0.25,0.45 0.0202407
0.05,0.3,0 5.76845e-11
0.05,0.3,0.05 0.25213
0.05,0.3,0.1 1.0069
0.05,0.3,0.15 1.42788
0.05,0.3,0.2 3.98635
0.05,0.3,0.25 9.65634
0.05,0.3,0.3 18.7541
0.05,0.3,0.35 5.4996
0.05,0.3,0.4 1.30348
0.05,0.3,0.45 0.00356121
0.05,0.35,0 2.9409e-10
0.05,0.35,0.05 1.34781
0.05,0.35,0.1 5.38152
0.05,0.35,0.15 1.40846
0.05,0.35,0.2 0.21847
0.05,0.35,0.25 0.0617509
0.05,0.35,0.3 0.0337066
0.05,0.35,0.35 0.00417207
0.05,0.4,0 1.17859e-09
0.05,0.4,0.05 5.4024
0.05,0.4,0.1 21.5716
0.05,0.4,0.15 5.49576
0.05,0.4,0.2 0.611725
0.05,0.4,0.25 0.255163
0.05,0.4,0.3 0.00121278
0.05,0.45,0 2.96324e-10
0.05,0.45,0.05 1.36879
0.05,0.45,0.1 5.63999
0.05,0.45,0.15 13.619
0.05,0.45,0.2 60.3082
0.05,0.45,0.25 21.3276
0.05,0.45,0.3 1.60353
0.05,0.45,0.35 0.154053
0.05,0.5,0 1.9949e-18
0.05,0.5,0.05 0.187203
0.05,0.5,0.1 3.58251
0.05,0.5,0.15 31.9522
0.05,0.5,0.2 136.041
0.05,0.5,0.25 53.6654
0.05,0.5,0.3 19.3656
0.05,0.5,0.35 4.07031
0.05,0.5,0.4 0.483506
0.05,0.55,0.05 0.161195
0.05,0.55,0.1 3.0737
0.05,0.55,0.15 7.33827
0.05,0.55,0.2 21.8939
0.05,0.55,0.25 49.9205
0.05,0.55,0.3 61.7615
0.05,0.55,0.35 16.4829
0.05,0.55,0.4 3.43277
0.05,0.55,0.45 0.043638
0.05,0.6,0.05 0.00526659
0.05,0.6,0.1 0.100412
0.05,0.6,0.15 0.0900937
0.05,0.6,0.2 0.945538
0.05,0.6,0.25 32.9688
0.05,0.6,0.3 43.6953
0.05,0.6,0.35 17.5008
0.05,0.6,0.4 11.4977
0.05,0.6,0.45 0.428142
0.05,0.65,0.15 0.431787
0.05,0.65,0.2 5.97242
0.05,0.65,0.25 5.38059
0.05,0.65,0.3 1.7613
0.05,0.65,0.35 6.52591
0.05,0.65,0.4 6.12112
0.05,0.65,0.45 0.24276
0.05,0.7,0.15 5.31433
0.05,0.7,0.2 73.1546
0.05,0.7,0.25 53.2277
0.05,0.7,0.3 1.20568
0.05,0.7,0.35 0.0736255
0.05,0.7,0.4 0.0700286
0.05,0.7,0.45 0.00277736
0.05,0.75,0.15 3.57398
0.05,0.75,0.2 49.1978
0.05,0.75,0.25 35.7966
0.05,0.75,0.3 0.808489
0.05,0.8,0.15 0.0664524
0.05,0.8,0.2 0.914754
0.05,0.8,0.25 0.66558
0.05,0.8,0.3 0.0150325
0.1,0,0.1 2.01027e-19
0.1,0,0.15 6.84176e-17
0.1,0,0.2 1.67834e-16
0.1,0,0.25 2.52659e-17
0.1,0.05,0.1 2.64753e-06
0.1,0.05,0.15 0.000901064
0.1,0.05,0.2 0.0062893
0.1,0.05,0.25 0.79413
0.1,0.05,0.3 1.73744
0.1,0.05,0.35 0.229962
0.1,0.1,0.1 2.56375
0.1,0.1,0.15 58.4134
0.1,0.1,0.2 58.4366
0.1,0.1,0.25 6.63906
0.1,0.1,0.3 8.65212
0.1,0.1,0.35 1.15505
0.1,0.1,0.4 0.000754171
0.1,0.15,0 8.64164e-14
0.1,0.15,0.05 2.82044
0.1,0.15,0.1 24.2104
0.1,0.15,0.15 302.325
0.1,0.15,0.2 347.001
0.1,0.15,0.25 46.8072
0.1,0.15,0.3 6.85076
0.1,0.15,0.35 5.22636
0.1,0.15,0.4 0.368456
0.1,0.15,0.45 0.000135883
0.1,0.2,0 7.71587e-10
0.1,0.2,0.05 30.5512
0.1,0.2,0.1 126.237
0.1,0.2,0.15 152.568
0.1,0.2,0.2 398.235
0.1,0.2,0.25 222.943
0.1,0.2,0.3 88.6157
0.1,0.2,0.35 128.427
0.1,0.2,0.4 44.7
0.1,0.2,0.45 0.119906
0.1,0.25,0 9.66951e-09
0.1,0.25,0.05 57.5081
0.1,0.25,0.1 229.801
0.1,0.25,0.15 116.105
0.1,0.25,0.2 273.659
0.1,0.25,0.25 281.582
0.1,0.25,0.3 409.475
0.1,0.25,0.35 355.338
0.1,0.25,0.4 124.517
0.1,0.25,0.45 0.339842
0.1,0.3,0 6.59216e-09
0.1,0.3,0.05 29.2918
0.1,0.3,0.1 117.412
0.1,0.3,0.15 85.8309
0.1,0.3,0.2 188.654
0.1,0.3,0.25 105.15
0.1,0.3,0.3 143.549
0.1,0.3,0.35 71.1025
0.1,0.3,0.4 21.8855
0.1,0.3,0.45 0.0597927
0.1,0.35,0 4.66458e-09
0.1,0.35,0.05 21.4717
0.1,0.35,0.1 85.8994
0.1,0.35,0.15 24.6324
0.1,0.35,0.2 10.4701
0.1,0.35,0.25 2.29917
0.1,0.35,0.3 0.249105
0.1,0.35,0.35 0.0308332
0.1,0.4,0 1.82539e-08
0.1,0.4,0.05 83.6723
0.1,0.4,0.1 334.35
0.1,0.4,0.15 91.3365
0.1,0.4,0.2 13.1924
0.1,0.4,0.25 2.72814
0.1,0.4,0.3 0.0188176
0.1,0.4,0.35 0.0545702
0.1,0.4,0.4 0.209406
0.1,0.4,0.45 0.0502221
0.1,0.45,0 4.58965e-09
0.1,0.45,0.05 22.6581
0.1,0.45,0.1 100.455
0.1,0.45,0.15 194.714
0.1,0.45,0.2 480.781
0.1,0.45,0.25 161.654
0.1,0.45,0.3 26.6118
0.1,0.45,0.35 13.6885
0.1,0.45,0.4 42.8108
0.1,0.45,0.45 10.2674
0.1,0.45,0.5 3.75403e-09
0.1,0.5,0 1.00188e-12
0.1,0.5,0.05 13.9141
0.1,0.5,0.1 175.749
0.1,0.5,0.15 369.295
0.1,0.5,0.2 846.204
0.1,0.5,0.25 438.222
0.1,0.5,0.3 306.75
0.1,0.5,0.35 133.822
0.1,0.5,0.4 111.923
0.1,0.5,0.45 22.7281
0.1,0.5,0.5 5.61099e-08
0.1,0.55,0 3.22651e-13
0.1,0.55,0.05 8.68511
0.1,0.55,0.1 136.107
0.1,0.55,0.15 165.78
0.1,0.55,0.2 199.94
0.1,0.55,0.25 487.001
0.1,0.55,0.3 579.395
0.1,0.55,0.35 429.493
0.1,0.55,0.4 110.642
0.1,0.55,0.45 3.85744
0.1,0.55,0.5 4.31621e-08
0.1,0.6,0 1.55456e-16
0.1,0.6,0.05 0.407695
0.1,0.6,0.1 12.864
0.1,0.6,0.15 20.2249
0.1,0.6,0.2 33.7559
0.1,0.6,0.25 269.872
0.1,0.6,0.3 305.499
0.1,0.6,0.35 335.541
0.1,0.6,0.4 221.938
0.1,0.6,0.45 7.92239
0.1,0.6,0.5 1.10846e-09
0.1,0.65,0.05 0.953831
0.1,0.65,0.1 44.1598
0.1,0.65,0.15 77.4558
0.1,0.65,0.2 56.8806
0.1,0.65,0.25 37.9673
0.1,0.65,0.3 93.3667
0.1,0.65,0.35 156.813
0.1,0.65,0.4 113.492
0.1,0.65,0.45 4.49201
0.1,0.7,0.05 0.302823
0.1,0.7,0.1 14.0492
0.1,0.7,0.15 57.3984
0.1,0.7,0.2 335.648
0.1,0.7,0.25 227.634
0.1,0.7,0.3 61.8757
0.1,0.7,0.35 26.3171
0.1,0.7,0.4 1.41517
0.1,0.7,0.45 0.0513919
0.1,0.75,0.05 0.000123926
0.1,0.75,0.1 0.00962509
0.1,0.75,0.15 17.5814
0.1,0.75,0.2 206.442
0.1,0.75,0.25 146.096
0.1,0.75,0.3 5.811
0.1,0.75,0.35 0.971601
0.1,0.75,0.4 0.0025545
0.1,0.8,0.1 4.06277e-07
0.1,0.8,0.15 0.267028
0.1,0.8,0.2 3.89803
0.1,0.8,0.25 3.22116
0.1,0.8,0.3 0.140122
0.1,0.85,0.15 1.27645e-05
0.1,0.85,0.2 0.00342378
0.1,0.85,0.25 0.00802567
0.1,0.85,0.3 0.00114851
0.15,0,0.1 2.5992e-15
0.15,0,0.15 8.84613e-13
0.15,0,0.2 2.17003e-12
0.15,0,0.25 3.26679e-13
0.15,0.05,0 3.77742e-13
0.15,0.05,0.05 0.00767793
0.15,0.05,0.1 0.0649096
0.15,0.05,0.15 11.6581
0.15,0.05,0.2 28.7024
0.15,0.05,0.25 28.539
0.15,0.05,0.3 53.6207
0.15,0.05,0.35 7.24335
0.15,0.1,0 2.55832e-10
0.15,0.1,0.05 5.19999
0.15,0.1,0.1 21.7634
0.15,0.1,0.15 73.7763
0.15,0.1,0.2 157.37
0.15,0.1,0.25 151.408
0.15,0.1,0.3 270.064
0.15,0.1,0.35 37.0098
0.15,0.1,0.4 0.0151851
0.15,0.15,0 7.00541e-10
0.15,0.15,0.05 24.044
0.15,0.15,0.1 100.588
0.15,0.15,0.15 162.869
0.15,0.15,0.2 370.215
0.15,0.15,0.25 183.052
0.15,0.15,0.3 164.851
0.15,0.15,0.35 113.845
0.15,0.15,0.4 7.0526
0.15,0.15,0.45 0.000112722
0.15,0.2,0 1.59475e-09
0.15,0.2,0.05 104.031
0.15,0.2,0.1 418.896
0.15,0.2,0.15 197.254
0.15,0.2,0.2 507.618
0.15,0.2,0.25 463.466
0.15,0.2,0.3 318.592
0.15,0.2,0.35 382.337
0.15,0.2,0.4 56.7854
0.15,0.2,0.45 0.099468
0.15,0.25,0 1.84823e-08
0.15,0.25,0.05 147.635
0.15,0.25,0.1 599.112
0.15,0.25,0.15 242.791
0.15,0.25,0.2 439.851
0.15,0.25,0.25 532.55
0.15,0.25,0.3 398.952
0.15,0.25,0.35 338.939
0.15,0.25,0.4 107.517
0.15,0.25,0.45 0.281917
0.15,0.3,0 1.25998e-08
0.15,0.3,0.05 97.0485
0.15,0.3,0.1 438.085
0.15,0.3,0.15 207.381
0.15,0.3,0.2 278.455
0.15,0.3,0.25 130.776
0.15,0.3,0.3 99.8741
0.15,0.3,0.35 54.0777
0.15,0.3,0.4 18.1806
0.15,0.3,0.45 0.0496012
0.15,0.35,0 3.81645e-09
0.15,0.35,0.05 31.1628
0.15,0.35,0.1 143.303
0.15,0.35,0.15 46.6442
0.15,0.35,0.2 15.2294
0.15,0.35,0.25 3.24779
0.15,0.35,0.3 0.111691
0.15,0.35,0.35 0.0138192
0.15,0.4,0 1.43756e-08
0.15,0.4,0.05 66.2541
0.15,0.4,0.1 270.105
0.15,0.4,0.15 132.109
0.15,0.4,0.2 55.5733
0.15,0.4,0.25 4.70875
0.15,0.4,0.3 0.309417
0.15,0.4,0.35 0.289285
0.15,0.4,0.4 0.875811
0.15,0.4,0.45 0.208788
0.15,0.45,0 3.61697e-09
0.15,0.45,0.05 33.6217
0.15,0.45,0.1 168.117
0.15,0.45,0.15 520.137
0.15,0.45,0.2 642.451
0.15,0.45,0.25 234.011
0.15,0.45,0.3 72.482
0.15,0.45,0.35 80.6197
0.15,0.45,0.4 187.172
0.15,0.45,0.45 44.4821
0.15,0.45,0.5 2.13143e-05
0.15,0.5,0 1.39311e-11
0.15,0.5,0.05 95.4721
0.15,0.5,0.1 549.874
0.15,0.5,0.15 645.469
0.15,0.5,0.2 831.348
0.15,0.5,0.25 585.738
0.15,0.5,0.3 474.319
0.15,0.5,0.35 411.118
0.15,0.5,0.4 537.031
0.15,0.5,0.45 121.327
0.15,0.5,0.5 0.000318576
0.15,0.55,0 4.48659e-12
0.15,0.55,0.05 36.3811
0.15,0.55,0.1 283.507
0.15,0.55,0.15 354.541
0.15,0.55,0.2 481.338
0.15,0.55,0.25 707.929
0.15,0.55,0.3 831.217
0.15,0.55,0.35 835.3
0.15,0.55,0.4 299.289
0.15,0.55,0.45 34.063
0.15,0.55,0.5 0.000245062
0.15,0.6,0 2.51649e-10
0.15,0.6,0.05 5.53533
0.15,0.6,0.1 72.9716
0.15,0.6,0.15 120.8
0.15,0.6,0.2 130.285
0.15,0.6,0.25 355.484
0.15,0.6,0.3 381.803
0.15,0.6,0.35 422.796
0.15,0.6,0.4 217.965
0.15,0.6,0.45 7.54461
0.15,0.6,0.5 6.29354e-06
0.15,0.65,0 1.34118e-09
0.15,0.65,0.05 27.585
0.15,0.65,0.1 337.188
0.15,0.65,0.15 565.638
0.15,0.65,0.2 408.176
0.15,0.65,0.25 142.092
0.15,0.65,0.3 605.73
0.15,0.65,0.35 379.785
0.15,0.65,0.4 101.555
0.15,0.65,0.45 3.95952
0.15,0.7,0 4.45021e-10
0.15,0.7,0.05 9.08102
0.15,0.7,0.1 122.158
0.15,0.7,0.15 369.936
0.15,0.7,0.2 592.097
0.15,0.7,0.25 234.905
0.15,0.7,0.3 488.603
0.15,0.7,0.35 201.406
0.15,0.7,0.4 2.04646
0.15,0.7,0.45 0.0452845
0.15,0.75,0 2.92762e-13
0.15,0.75,0.05 0.00636218
0.15,0.75,0.1 4.03437
0.15,0.75,0.15 64.5366
0.15,0.75,0.2 243.057
0.15,0.75,0.25 240.059
0.15,0.75,0.3 103.67
0.15,0.75,0.35 20.6559
0.15,0.75,0.4 0.0224861
0.15,0.8,0.1 0.341941
0.15,0.8,0.15 7.46079
0.15,0.8,0.2 50.9058
0.15,0.8,0.25 104.889
0.15,0.8,0.3 40.3538
0.15,0.8,0.35 5.92772
0.15,0.85,0.1 0.00409502
0.15,0.85,0.15 0.0855607
0.15,0.85,0.2 0.656626
0.15,0.85,0.25 1.41805
0.15,0.85,0.3 0.40651
0.15,0.85,0.35 0.0470367
0.2,0,0.1 9.10015e-15
0.2,0,0.15 3.09715e-12
0.2,0,0.2 7.59759e-12
0.2,0,0.25 1.14375e-12
0.2,0.05,0 2.59192e-12
0.2,0.05,0.05 0.0526829
0.2,0.05,0.1 0.334778
0.2,0.05,0.15 41.0406
0.2,0.05,0.2 100.532
0.2,0.05,0.25 52.026
0.2,0.05,0.3 96.7818
0.2,0.05,0.35 16.9335
0.2,0.1,0 1.75541e-09
0.2,0.1,0.05 35.6802
0.2,0.1,0.1 143.065
0.2,0.1,0.15 205.793
0.2,0.1,0.2 468.781
0.2,0.1,0.25 334.041
0.2,0.1,0.3 574.018
0.2,0.1,0.35 105.746
0.2,0.1,0.4 0.0140738
0.2,0.15,0 4.80486e-09
0.2,0.15,0.05 104.284
0.2,0.15,0.1 422.059
0.2,0.15,0.15 221.495
0.2,0.15,0.2 558.573
0.2,0.15,0.25 395.514
0.2,0.15,0.3 329.106
0.2,0.15,0.35 180.161
0.2,0.15,0.4 10.5999
0.2,0.15,0.45 3.41012e-06
0.2,0.2,0 9.81488e-10
0.2,0.2,0.05 88.2643
0.2,0.2,0.1 403.769
0.2,0.2,0.15 325.32
0.2,0.2,0.2 640.485
0.2,0.2,0.25 442.374
0.2,0.2,0.3 543.37
0.2,0.2,0.35 627.186
0.2,0.2,0.4 50.2946
0.2,0.2,0.45 0.00300916
0.2,0.25,0 2.08577e-09
0.2,0.25,0.05 134.965
0.2,0.25,0.1 584.61
0.2,0.25,0.15 318.945
0.2,0.25,0.2 556.796
0.2,0.25,0.25 594.829
0.2,0.25,0.3 551.881
0.2,0.25,0.35 353.771
0.2,0.25,0.4 26.4031
0.2,0.25,0.45 0.00852871
0.2,0.3,0 1.42378e-09
0.2,0.3,0.05 132.455
0.2,0.3,0.1 626.088
0.2,0.3,0.15 271.62
0.2,0.3,0.2 330.745
0.2,0.3,0.25 165.453
0.2,0.3,0.3 87.8033
0.2,0.3,0.35 31.797
0.2,0.3,0.4 2.19318
0.2,0.3,0.45 0.00150056
0.2,0.35,0 1.6406e-10
0.2,0.35,0.05 64.0034
0.2,0.35,0.1 293.428
0.2,0.35,0.15 93.2802
0.2,0.35,0.2 17.5075
0.2,0.35,0.25 4.64726
0.2,0.35,0.3 0.11736
0.2,0.35,0.35 0.325968
0.2,0.35,0.4 0.0603858
0.2,0.4,0 4.50636e-10
0.2,0.4,0.05 45.3025
0.2,0.4,0.1 217.488
0.2,0.4,0.15 251.441
0.2,0.4,0.2 89.2757
0.2,0.4,0.25 6.24486
0.2,0.4,0.3 0.757902
0.2,0.4,0.35 0.343241
0.2,0.4,0.4 0.250103
0.2,0.4,0.45 0.0542491
0.2,0.45,0 2.53298e-10
0.2,0.45,0.05 45.3908
0.2,0.45,0.1 265.343
0.2,0.45,0.15 656.633
0.2,0.45,0.2 437.945
0.2,0.45,0.25 233.844
0.2,0.45,0.3 178.223
0.2,0.45,0.35 171.02
0.2,0.45,0.4 98.8395
0.2,0.45,0.45 18.6651
0.2,0.45,0.5 7.13943e-05
0.2,0.5,0 2.25835e-10
0.2,0.5,0.05 86.3529
0.2,0.5,0.1 372.156
0.2,0.5,0.15 406.525
0.2,0.5,0.2 555.89
0.2,0.5,0.25 607.886
0.2,0.5,0.3 761.969
0.2,0.5,0.35 643.335
0.2,0.5,0.4 608.5
0.2,0.5,0.45 125.383
0.2,0.5,0.5 0.0010671
0.2,0.55,0 5.23116e-11
0.2,0.55,0.05 28.5535
0.2,0.55,0.1 178.567
0.2,0.55,0.15 315.026
0.2,0.55,0.2 392.002
0.2,0.55,0.25 450.09
0.2,0.55,0.3 676.9
0.2,0.55,0.35 561.879
0.2,0.55,0.4 476.759
0.2,0.55,0.45 84.8042
0.2,0.55,0.5 0.000820857
0.2,0.6,0 1.15922e-09
0.2,0.6,0.05 20.2288
0.2,0.6,0.1 187.612
0.2,0.6,0.15 349.84
0.2,0.6,0.2 324.704
0.2,0.6,0.25 484.609
0.2,0.6,0.3 406.717
0.2,0.6,0.35 288.838
0.2,0.6,0.4 131.09
0.2,0.6,0.45 9.63982
0.2,0.6,0.5 2.10808e-05
0.2,0.65,0 6.25721e-09
0.2,0.65,0.05 109.707
0.2,0.65,0.1 559.462
0.2,0.65,0.15 632.766
0.2,0.65,0.2 526.848
0.2,0.65,0.25 250.921
0.2,0.65,0.3 605.782
0.2,0.65,0.35 316.97
0.2,0.65,0.4 12.5606
0.2,0.65,0.45 0.451951
0.2,0.7,0 2.20837e-09
0.2,0.7,0.05 43.9585
0.2,0.7,0.1 321.71
0.2,0.7,0.15 667.492
0.2,0.7,0.2 553.338
0.2,0.7,0.25 431.708
0.2,0.7,0.3 579.533
0.2,0.7,0.35 161.084
0.2,0.7,0.4 1.46817
0.2,0.7,0.45 0.00200253
0.2,0.75,0 1.83253e-11
0.2,0.75,0.05 1.11856
0.2,0.75,0.1 59.0134
0.2,0.75,0.15 384.617
0.2,0.75,0.2 682.974
0.2,0.75,0.25 690.81
0.2,0.75,0.3 498.856
0.2,0.75,0.35 88.2248
0.2,0.75,0.4 0.0117814
0.2,0.8,0.05 0.0642358
0.2,0.8,0.1 15.6515
0.2,0.8,0.15 150.034
0.2,0.8,0.2 282.075
0.2,0.8,0.25 307.52
0.2,0.8,0.3 215.766
0.2,0.8,0.35 41.2119
0.2,0.85,0.05 0.000619761
0.2,0.85,0.1 0.165084
0.2,0.85,0.15 1.67064
0.2,0.85,0.2 2.65047
0.2,0.85,0.25 3.35633
0.2,0.85,0.3 1.88933
0.2,0.85,0.35 0.327016
0.25,0,0.1 1.99043e-15
0.25,0,0.15 6.77425e-13
0.25,0,0.2 6.08537e-12
0.25,0,0.25 9.32561e-11
0.25,0,0.3 8.83967e-11
0.25,0,0.35 3.50098e-12
0.25,0.05,0 1.08787e-12
0.25,0.05,0.05 0.0221119
