0.4,0.85,0.15 11.6219
0.4,0.85,0.2 0.0107993
0.4,0.85,0.25 0.00074459
0.45,0.05,0 1.5661e-16
0.45,0.05,0.05 5.9364e-05
0.45,0.05,0.1 0.000237358
0.45,0.05,0.15 0.825245
0.45,0.05,0.2 5.6966
0.45,0.05,0.25 25.3951
0.45,0.05,0.3 15.7033
0.45,0.05,0.35 0.259383
0.45,0.1,0 4.32236e-12
0.45,0.1,0.05 23.2283
0.45,0.1,0.1 93.0471
0.45,0.1,0.15 57.3959
0.45,0.1,0.2 168.083
0.45,0.1,0.25 346.245
0.45,0.1,0.3 199.064
0.45,0.1,0.35 4.61873
0.45,0.15,0 5.85599e-11
0.45,0.15,0.05 152.652
0.45,0.15,0.1 613.589
0.45,0.15,0.15 284.653
0.45,0.15,0.2 363.301
0.45,0.15,0.25 382.149
0.45,0.15,0.3 200.346
0.45,0.15,0.35 12.578
0.45,0.2,0 2.31435e-10
0.45,0.2,0.05 163.691
0.45,0.2,0.1 658.443
0.45,0.2,0.15 273.992
0.45,0.2,0.2 288.243
0.45,0.2,0.25 205.38
0.45,0.2,0.3 40.5084
0.45,0.2,0.35 4.51037
0.45,0.25,0 2.25946e-10
0.45,0.25,0.05 117.508
0.45,0.25,0.1 473.313
0.45,0.25,0.15 179.753
0.45,0.25,0.2 399.243
0.45,0.25,0.25 303.946
0.45,0.25,0.3 17.9139
0.45,0.25,0.35 0.174355
0.45,0.3,0 7.57744e-10
0.45,0.3,0.05 137.91
0.45,0.3,0.1 572.76
0.45,0.3,0.15 450.636
0.45,0.3,0.2 642.891
0.45,0.3,0.25 268.968
0.45,0.3,0.3 32.701
0.45,0.3,0.35 9.07547
0.45,0.3,0.4 0.27186
0.45,0.35,0 1.35148e-09
0.45,0.35,0.05 142.92
0.45,0.35,0.1 585.993
0.45,0.35,0.15 358.203
0.45,0.35,0.2 499.67
0.45,0.35,0.25 470.999
0.45,0.35,0.3 341.908
0.45,0.35,0.35 139.337
0.45,0.35,0.4 3.45305
0.45,0.4,0 7.69426e-10
0.45,0.4,0.05 76.6595
0.45,0.4,0.1 322.023
0.45,0.4,0.15 258.062
0.45,0.4,0.2 329.977
0.45,0.4,0.25 502.249
0.45,0.4,0.3 670.074
0.45,0.4,0.35 262.887
0.45,0.4,0.4 8.94836
0.45,0.45,0 1.19891e-10
0.45,0.45,0.05 74.0123
0.45,0.45,0.1 351.31
0.45,0.45,0.15 552.979
0.45,0.45,0.2 483.709
0.45,0.45,0.25 577.925
0.45,0.45,0.3 517.925
0.45,0.45,0.35 190.989
0.45,0.45,0.4 19.3232
0.45,0.45,0.45 0.0226877
0.45,0.5,0 8.34637e-10
0.45,0.5,0.05 115.431
0.45,0.5,0.1 501.284
0.45,0.5,0.15 462.083
0.45,0.5,0.2 594.021
0.45,0.5,0.25 466.328
0.45,0.5,0.3 1051.07
0.45,0.5,0.35 443.429
0.45,0.5,0.4 125.111
0.45,0.5,0.45 6.11752
0.45,0.55,0 4.47662e-09
0.45,0.55,0.05 109.881
0.45,0.55,0.1 469.215
0.45,0.55,0.15 419.644
0.45,0.55,0.2 709.875
0.45,0.55,0.25 389.772
0.45,0.55,0.3 750.722
0.45,0.55,0.35 454.461
0.45,0.55,0.4 277.133
0.45,0.55,0.45 14.3551
0.45,0.6,0 1.47217e-08
0.45,0.6,0.05 143.698
0.45,0.6,0.1 579.017
0.45,0.6,0.15 371.529
0.45,0.6,0.2 709.955
0.45,0.6,0.25 249.68
0.45,0.6,0.3 53.7428
0.45,0.6,0.35 45.245
0.45,0.6,0.4 39.6473
0.45,0.6,0.45 2.05672
0.45,0.65,0 4.85193e-09
0.45,0.65,0.05 94.0238
0.45,0.65,0.1 378.098
0.45,0.65,0.15 230.227
0.45,0.65,0.2 368.691
0.45,0.65,0.25 90.29
0.45,0.65,0.3 24.2027
0.45,0.65,0.35 1.67354
0.45,0.7,0 1.85246e-10
0.45,0.7,0.05 10.2385
0.45,0.7,0.1 48.842
0.45,0.7,0.15 78.8394
0.45,0.7,0.2 123.495
0.45,0.7,0.25 26.4956
0.45,0.7,0.3 8.63855
0.45,0.7,0.35 0.600665
0.45,0.75,0 8.09479e-13
0.45,0.75,0.05 30.1754
0.45,0.75,0.1 139.37
0.45,0.75,0.15 254.895
0.45,0.75,0.2 335.876
0.45,0.75,0.25 46.637
0.45,0.75,0.3 0.115249
0.45,0.75,0.35 0.000777782
0.45,0.8,0 2.48629e-11
0.45,0.8,0.05 80.4004
0.45,0.8,0.1 324.944
0.45,0.8,0.15 144.815
0.45,0.8,0.2 96.2492
0.45,0.8,0.25 12.2953
0.45,0.8,0.3 0.0250942
0.45,0.85,0 2.92023e-11
0.45,0.85,0.05 14.03
0.45,0.85,0.1 56.1526
0.45,0.85,0.15 14.0564
0.45,0.85,0.2 0.0135974
0.45,0.85,0.25 0.000937695
0.45,0.9,0 1.66874e-12
0.45,0.9,0.05 0.000257712
0.45,0.9,0.1 0.00102509
0.45,0.9,0.15 0.00025484
0.5,0.05,0.15 0.00747257
0.5,0.05,0.2 0.957292
0.5,0.05,0.25 10.7114
0.5,0.05,0.3 6.88201
0.5,0.05,0.35 0.113676
0.5,0.1,0 5.81337e-13
0.5,0.1,0.05 5.65237
0.5,0.1,0.1 22.9284
0.5,0.1,0.15 15.9287
0.5,0.1,0.2 40.4055
0.5,0.1,0.25 216.383
0.5,0.1,0.3 156.341
0.5,0.1,0.35 10.1394
0.5,0.15,0 3.30206e-11
0.5,0.15,0.05 39.2845
0.5,0.15,0.1 165.014
0.5,0.15,0.15 265.897
0.5,0.15,0.2 494.488
0.5,0.15,0.25 732.544
0.5,0.15,0.3 535.646
0.5,0.15,0.35 61.9158
0.5,0.2,0 1.0546e-10
0.5,0.2,0.05 115.113
0.5,0.2,0.1 482.495
0.5,0.2,0.15 508.152
0.5,0.2,0.2 745.553
0.5,0.2,0.25 530.038
0.5,0.2,0.3 209.202
0.5,0.2,0.35 25.9293
0.5,0.25,0 1.372e-10
0.5,0.25,0.05 99.4113
0.5,0.25,0.1 414.101
0.5,0.25,0.15 309.525
0.5,0.25,0.2 394.879
0.5,0.25,0.25 275.987
0.5,0.25,0.3 29.5536
0.5,0.25,0.35 0.150724
0.5,0.3,0 8.03702e-10
0.5,0.3,0.05 158.949
0.5,0.3,0.1 692.177
0.5,0.3,0.15 806.351
0.5,0.3,0.2 543.403
0.5,0.3,0.25 121.385
0.5,0.3,0.3 84.8846
0.5,0.3,0.35 59.5167
0.5,0.3,0.4 1.89422
0.5,0.35,0 1.3749e-09
0.5,0.35,0.05 184.609
0.5,0.35,0.1 776.026
0.5,0.35,0.15 636.535
0.5,0.35,0.2 562.902
0.5,0.35,0.25 203.021
0.5,0.35,0.3 469.108
0.5,0.35,0.35 352.898
0.5,0.35,0.4 10.4971
0.5,0.4,0 1.06742e-09
0.5,0.4,0.05 97.109
0.5,0.4,0.1 398.963
0.5,0.4,0.15 302.518
0.5,0.4,0.2 369.758
0.5,0.4,0.25 342.214
0.5,0.4,0.3 696.808
0.5,0.4,0.35 310.905
0.5,0.4,0.4 6.77932
0.5,0.45,0 1.66914e-09
0.5,0.45,0.05 106.812
0.5,0.45,0.1 445.031
0.5,0.45,0.15 410.561
0.5,0.45,0.2 469.188
0.5,0.45,0.25 508.399
0.5,0.45,0.3 276.014
0.5,0.45,0.35 57.6393
0.5,0.45,0.4 0.778984
0.5,0.45,0.45 0.0115586
0.5,0.5,0 5.01305e-09
0.5,0.5,0.05 145.991
0.5,0.5,0.1 588.898
0.5,0.5,0.15 383.267
0.5,0.5,0.2 551.152
0.5,0.5,0.25 241.56
0.5,0.5,0.3 228.222
0.5,0.5,0.35 114.577
0.5,0.5,0.4 60.1476
0.5,0.5,0.45 3.11668
0.5,0.55,0 6.35302e-09
0.5,0.55,0.05 177.253
0.5,0.55,0.1 725.742
0.5,0.55,0.15 636.75
0.5,0.55,0.2 761.715
0.5,0.55,0.25 172.573
0.5,0.55,0.3 234.09
0.5,0.55,0.35 181.499
0.5,0.55,0.4 141.013
0.5,0.55,0.45 7.31347
0.5,0.6,0 3.50025e-09
0.5,0.6,0.05 96.0384
0.5,0.6,0.1 400.291
0.5,0.6,0.15 459.9
0.5,0.6,0.2 506.647
0.5,0.6,0.25 69.7285
0.5,0.6,0.3 20.7658
0.5,0.6,0.35 22.0256
0.5,0.6,0.4 20.1984
0.5,0.6,0.45 1.04783
0.5,0.65,0 2.35742e-09
0.5,0.65,0.05 114.597
0.5,0.65,0.1 460.365
0.5,0.65,0.15 196.392
0.5,0.65,0.2 143.73
0.5,0.65,0.25 17.7433
0.5,0.65,0.3 0.0179647
0.5,0.7,0 5.62913e-10
0.5,0.7,0.05 42.3661
0.5,0.7,0.1 262.078
0.5,0.7,0.15 184.649
0.5,0.7,0.2 88.0601
0.5,0.7,0.25 6.16748
0.5,0.75,0 4.26643e-09
0.5,0.75,0.05 32.4121
0.5,0.75,0.1 314.862
0.5,0.75,0.15 210.079
0.5,0.75,0.2 28.4976
0.5,0.75,0.25 1.75976
0.5,0.8,0 1.33541e-07
0.5,0.8,0.05 34.8891
0.5,0.8,0.1 161.616
0.5,0.8,0.15 57.7957
0.5,0.8,0.2 5.50627
0.5,0.8,0.25 0.353375
0.5,0.85,0 1.56845e-07
0.5,0.85,0.05 25.3804
0.5,0.85,0.1 100.982
0.5,0.85,0.15 25.112
0.5,0.85,0.2 0.000866875
0.5,0.85,0.25 5.97809e-05
0.5,0.9,0 8.96276e-09
0.5,0.9,0.05 1.38416
0.5,0.9,0.1 5.50572
0.5,0.9,0.15 1.36874
0.55,0.05,0.2 0.00393086
0.55,0.05,0.25 0.0454907
0.55,0.05,0.3 0.0292515
0.55,0.05,0.35 0.000483172
0.55,0.1,0 3.04537e-12
0.55,0.1,0.05 0.0979386
0.55,0.1,0.1 2.32006
0.55,0.1,0.15 25.3003
0.55,0.1,0.2 32.5244
0.55,0.1,0.25 74.1739
0.55,0.1,0.3 39.9401
0.55,0.1,0.35 3.16312
0.55,0.15,0 8.59442e-10
0.55,0.15,0.05 30.634
0.55,0.15,0.1 136.388
0.55,0.15,0.15 243.486
0.55,0.15,0.2 338.703
0.55,0.15,0.25 455.492
0.55,0.15,0.3 236.565
0.55,0.15,0.35 21.9794
0.55,0.2,0 2.03691e-09
0.55,0.2,0.05 105.743
0.55,0.2,0.1 465.763
0.55,0.2,0.15 682.461
0.55,0.2,0.2 734.133
0.55,0.2,0.25 365.706
0.55,0.2,0.3 162.677
0.55,0.2,0.35 12.6331
0.55,0.25,0 3.20228e-10
0.55,0.25,0.05 62.0302
0.55,0.25,0.1 289.545
0.55,0.25,0.15 609.138
0.55,0.25,0.2 595.385
0.55,0.25,0.25 732.714
0.55,0.25,0.3 330.101
0.55,0.25,0.35 6.86293
0.55,0.25,0.4 8.28687e-05
0.55,0.3,0 3.65087e-10
0.55,0.3,0.05 102.664
0.55,0.3,0.1 435.463
0.55,0.3,0.15 512.176
0.55,0.3,0.2 540.619
0.55,0.3,0.25 596.228
0.55,0.3,0.3 235.774
0.55,0.3,0.35 29.0429
0.55,0.3,0.4 0.838466
0.55,0.35,0 1.68438e-09
0.55,0.35,0.05 148.923
0.55,0.35,0.1 602.141
0.55,0.35,0.15 265.132
0.55,0.35,0.2 174.479
0.55,0.35,0.25 68.6253
0.55,0.35,0.3 157.719
0.55,0.35,0.35 121.243
0.55,0.35,0.4 3.78511
0.55,0.4,0 1.14287e-09
0.55,0.4,0.05 78.8707
0.55,0.4,0.1 316.825
0.55,0.4,0.15 124.306
0.55,0.4,0.2 108.695
0.55,0.4,0.25 114.124
0.55,0.4,0.3 112.076
0.55,0.4,0.35 48.7576
0.55,0.4,0.4 1.197
0.55,0.45,0 1.94604e-09
0.55,0.45,0.05 112.885
0.55,0.45,0.1 455.362
0.55,0.45,0.15 278.83
0.55,0.45,0.2 440.262
0.55,0.45,0.25 376.858
0.55,0.45,0.3 70.3321
0.55,0.45,0.35 5.30099
0.55,0.45,0.4 0.0232999
0.55,0.45,0.45 9.19122e-05
0.55,0.5,0 2.97876e-09
0.55,0.5,0.05 100.754
0.55,0.5,0.1 419.668
0.55,0.5,0.15 549.517
0.55,0.5,0.2 717.375
0.55,0.5,0.25 165.909
0.55,0.5,0.3 12.2303
0.55,0.5,0.35 0.532955
0.55,0.5,0.4 0.477723
0.55,0.5,0.45 0.0247832
0.55,0.55,0 4.29293e-09
0.55,0.55,0.05 85.3671
0.55,0.55,0.1 414.186
0.55,0.55,0.15 747.072
0.55,0.55,0.2 738.698
0.55,0.55,0.25 114.339
0.55,0.55,0.3 3.62491
0.55,0.55,0.35 1.17285
0.55,0.55,0.4 1.12101
0.55,0.55,0.45 0.0581554
0.55,0.6,0 4.28921e-09
0.55,0.6,0.05 89.2129
0.55,0.6,0.1 413.48
0.55,0.6,0.15 486.829
0.55,0.6,0.2 343.458
0.55,0.6,0.25 58.1644
0.55,0.6,0.3 1.64003
0.55,0.6,0.35 0.163869
0.55,0.6,0.4 0.160611
0.55,0.6,0.45 0.00833215
0.55,0.65,0 8.54032e-10
0.55,0.65,0.05 60.5773
0.55,0.65,0.1 266.553
0.55,0.65,0.15 436.522
0.55,0.65,0.2 432.275
0.55,0.65,0.25 36.5315
0.55,0.65,0.3 0.0684759
0.55,0.7,0 1.304e-10
0.55,0.7,0.05 63.1268
0.55,0.7,0.1 412.417
0.55,0.7,0.15 670.691
0.55,0.7,0.2 604.843
0.55,0.7,0.25 40.6137
0.55,0.7,0.3 0.00200603
0.55,0.75,0 1.43001e-08
0.55,0.75,0.05 111.802
0.55,0.75,0.1 668.467
0.55,0.75,0.15 328.589
0.55,0.75,0.2 55.9957
0.55,0.75,0.25 3.58556
0.55,0.8,0 4.45858e-07
0.55,0.8,0.05 148.47
0.55,0.8,0.1 613.548
0.55,0.8,0.15 165.087
0.55,0.8,0.2 0.300658
0.55,0.85,0 5.23551e-07
0.55,0.85,0.05 89.3176
0.55,0.85,0.1 355.453
0.55,0.85,0.15 88.4116
0.55,0.9,0 2.99179e-08
0.55,0.9,0.05 5.75641
0.55,0.9,0.1 22.9211
0.55,0.9,0.15 5.70429
0.55,0.95,0 9.51499e-18
0.55,0.95,0.05 1.11451e-05
0.55,0.95,0.1 4.45676e-05
0.55,0.95,0.15 1.11387e-05
0.6,0.1,0 3.64916e-12
0.6,0.1,0.05 0.1168
0.6,0.1,0.1 6.48536
0.6,0.1,0.15 74.1726
0.6,0.1,0.2 50.5606
0.6,0.1,0.25 3.89788
0.6,0.1,0.3 0.946191
0.6,0.1,0.35 0.00442556
0.6,0.15,0 1.03076e-09
0.6,0.15,0.05 35.059
0.6,0.15,0.1 176.315
0.6,0.15,0.15 467.107
0.6,0.15,0.2 300.02
0.6,0.15,0.25 28.8074
0.6,0.15,0.3 7.16008
0.6,0.15,0.35 0.158598
0.6,0.2,0 2.46641e-09
0.6,0.2,0.05 138.142
0.6,0.2,0.1 577.994
0.6,0.2,0.15 423.347
0.6,0.2,0.2 282.098
0.6,0.2,0.25 254.564
0.6,0.2,0.3 187.488
0.6,0.2,0.35 10.3371
0.6,0.25,0 3.85372e-10
0.6,0.25,0.05 98.8112
0.6,0.25,0.1 488.01
0.6,0.25,0.15 592.907
0.6,0.25,0.2 519.041
0.6,0.25,0.25 834.179
0.6,0.25,0.3 511.276
0.6,0.25,0.35 27.455
0.6,0.25,0.4 0.00439895
0.6,0.3,0 1.42292e-10
0.6,0.3,0.05 58.0182
0.6,0.3,0.1 333.3
0.6,0.3,0.15 594.418
0.6,0.3,0.2 759.08
0.6,0.3,0.25 769.757
0.6,0.3,0.3 434.968
0.6,0.3,0.35 73.9062
0.6,0.3,0.4 0.0393225
0.6,0.35,0 8.0006e-10
0.6,0.35,0.05 172.225
0.6,0.35,0.1 707.234
0.6,0.35,0.15 352.857
0.6,0.35,0.2 279.952
0.6,0.35,0.25 114.539
0.6,0.35,0.3 118.761
0.6,0.35,0.35 34.9551
0.6,0.35,0.4 0.0341153
0.6,0.4,0 3.43216e-10
0.6,0.4,0.05 81.8765
0.6,0.4,0.1 328.147
0.6,0.4,0.15 165.013
0.6,0.4,0.2 177.385
0.6,0.4,0.25 28.6648
0.6,0.4,0.3 1.69091
0.6,0.4,0.35 0.370237
0.6,0.4,0.4 0.00479658
0.6,0.45,0 9.10611e-10
0.6,0.45,0.05 155.003
0.6,0.45,0.1 621.407
0.6,0.45,0.15 407.535
0.6,0.45,0.2 580.865
0.6,0.45,0.25 105.837
0.6,0.45,0.3 3.34626
0.6,0.45,0.35 4.83377e-06
0.6,0.45,0.4 1.54214e-07
0.6,0.5,0 1.86362e-09
0.6,0.5,0.05 144.19
0.6,0.5,0.1 586.08
0.6,0.5,0.15 421.848
0.6,0.5,0.2 574.068
0.6,0.5,0.25 116.25
0.6,0.5,0.3 2.39228
0.6,0.55,0 5.17488e-10
0.6,0.55,0.05 20.7025
0.6,0.55,0.1 165.452
0.6,0.55,0.15 451.332
0.6,0.55,0.2 539.348
0.6,0.55,0.25 309.454
0.6,0.55,0.3 14.3992
0.6,0.6,0 3.71389e-10
0.6,0.6,0.05 12.1972
0.6,0.6,0.1 148.53
0.6,0.6,0.15 632.772
0.6,0.6,0.2 673.69
0.6,0.6,0.25 280.447
0.6,0.6,0.3 8.46723
0.6,0.65,0 4.31997e-11
0.6,0.65,0.05 82.0277
0.6,0.65,0.1 417.414
0.6,0.65,0.15 899.451
0.6,0.65,0.2 856.564
0.6,0.65,0.25 144.245
0.6,0.65,0.3 0.690465
0.6,0.7,0 5.22762e-12
0.6,0.7,0.05 100.104
0.6,0.7,0.1 586.28
0.6,0.7,0.15 902.591
0.6,0.7,0.2 659.551
0.6,0.7,0.25 44.0627
0.6,0.7,0.3 0.0228457
0.6,0.75,0 3.47347e-09
0.6,0.75,0.05 113.782
0.6,0.75,0.1 611.392
0.6,0.75,0.15 281.048
0.6,0.75,0.2 45.3521
0.6,0.75,0.25 2.63505
0.6,0.8,0 9.40025e-08
0.6,0.8,0.05 159.833
0.6,0.8,0.1 664.587
0.6,0.8,0.15 187.448
0.6,0.8,0.2 1.22436
0.6,0.85,0 1.09315e-07
0.6,0.85,0.05 109.342
0.6,0.85,0.1 437.268
0.6,0.85,0.15 109.584
0.6,0.85,0.2 0.025558
0.6,0.9,0 6.2527e-09
0.6,0.9,0.05 22.1589
0.6,0.9,0.1 88.5901
0.6,0.9,0.15 22.1361
0.6,0.95,0 1.77506e-16
0.6,0.95,0.05 0.000207916
0.6,0.95,0.1 0.000831427
0.6,0.95,0.15 0.000207798
0.65,0.1,0 2.15294e-13
0.65,0.1,0.05 0.00694888
0.65,0.1,0.1 3.32842
0.65,0.1,0.15 33.7637
0.65,0.1,0.2 20.0074
0.65,0.1,0.25 0.277102
0.65,0.15,0 6.14486e-11
0.65,0.15,0.05 5.93852
0.65,0.15,0.1 62.0988
0.65,0.15,0.15 376.601
0.65,0.15,0.2 225.298
0.65,0.15,0.25 26.7317
0.65,0.15,0.3 2.30601
0.65,0.15,0.35 0.025263
0.65,0.2,0 5.55234e-10
0.65,0.2,0.05 62.5123
0.65,0.2,0.1 281.738
0.65,0.2,0.15 333.52
0.65,0.2,0.2 353.32
0.65,0.2,0.25 327.567
0.65,0.2,0.3 57.0432
0.65,0.2,0.35 2.01919
0.65,0.25,0 1.82735e-09
0.65,0.25,0.05 110.935
0.65,0.25,0.1 563.344
0.65,0.25,0.15 364.866
0.65,0.25,0.2 363.12
0.65,0.25,0.25 314.137
0.65,0.25,0.3 121.869
0.65,0.25,0.35 16.556
0.65,0.25,0.4 0.00650776
0.65,0.3,0 5.47634e-10
0.65,0.3,0.05 74.4844
0.65,0.3,0.1 473.971
0.65,0.3,0.15 666.918
0.65,0.3,0.2 585.98
0.65,0.3,0.25 210.353
0.65,0.3,0.3 343.973
0.65,0.3,0.35 105.69
0.65,0.3,0.4 0.0524904
0.65,0.35,0 2.17281e-10
0.65,0.35,0.05 161.663
0.65,0.35,0.1 693.304
0.65,0.35,0.15 432.831
0.65,0.35,0.2 185.079
0.65,0.35,0.25 56.5335
0.65,0.35,0.3 158.735
0.65,0.35,0.35 50.8872
0.65,0.35,0.4 0.0253629
0.65,0.4,0 1.14343e-10
0.65,0.4,0.05 102.755
0.65,0.4,0.1 411.939
0.65,0.4,0.15 132.085
0.65,0.4,0.2 54.2203
0.65,0.4,0.25 6.97644
0.65,0.4,0.3 1.02296
0.65,0.4,0.35 0.330466
