0.65,0.35,0.15 610.64
0.65,0.35,0.2 213.909
0.65,0.35,0.25 73.2101
0.65,0.35,0.3 21.0703
0.65,0.35,0.35 5.08126
0.65,0.35,0.4 0.0138878
0.65,0.4,0 2.80492e-11
0.65,0.4,0.05 45.0637
0.65,0.4,0.1 341.288
0.65,0.4,0.15 341.16
0.65,0.4,0.2 59.3033
0.65,0.4,0.25 8.73636
0.65,0.4,0.3 0.644353
0.65,0.4,0.35 0.00245752
0.65,0.45,0 1.05842e-09
0.65,0.45,0.05 158.179
0.65,0.45,0.1 648.51
0.65,0.45,0.15 221.482
0.65,0.45,0.2 233.062
0.65,0.45,0.25 196.468
0.65,0.45,0.3 16.4259
0.65,0.5,0 2.64497e-09
0.65,0.5,0.05 94.9833
0.65,0.5,0.1 380.814
0.65,0.5,0.15 126.719
0.65,0.5,0.2 271.809
0.65,0.5,0.25 423.948
0.65,0.5,0.3 53.5222
0.65,0.55,0 1.15597e-09
0.65,0.55,0.05 44.3619
0.65,0.55,0.1 177.482
0.65,0.55,0.15 94.4744
0.65,0.55,0.2 424.285
0.65,0.55,0.25 518.654
0.65,0.55,0.3 72.1628
0.65,0.6,0 9.22403e-10
0.65,0.6,0.05 35.02
0.65,0.6,0.1 140.925
0.65,0.6,0.15 140.251
0.65,0.6,0.2 639.702
0.65,0.6,0.25 341.414
0.65,0.6,0.3 13.6989
0.65,0.65,0 3.72183e-09
0.65,0.65,0.05 14.4494
0.65,0.65,0.1 83.1717
0.65,0.65,0.15 161.517
0.65,0.65,0.2 462.41
0.65,0.65,0.25 343.834
0.65,0.65,0.3 14.4644
0.65,0.7,0 3.28852e-09
0.65,0.7,0.05 11.8389
0.65,0.7,0.1 95.9876
0.65,0.7,0.15 404.124
0.65,0.7,0.2 545.736
0.65,0.7,0.25 375.059
0.65,0.7,0.3 28.0098
0.65,0.75,0 4.44503e-10
0.65,0.75,0.05 26.5809
0.65,0.75,0.1 151.29
0.65,0.75,0.15 405.257
0.65,0.75,0.2 401.389
0.65,0.75,0.25 308.758
0.65,0.75,0.3 28.7094
0.65,0.8,0 7.41904e-10
0.65,0.8,0.05 73.174
0.65,0.8,0.1 324.223
0.65,0.8,0.15 352.799
0.65,0.8,0.2 160.109
0.65,0.8,0.25 23.2666
0.65,0.8,0.3 2.07154
0.65,0.85,0 1.7205e-10
0.65,0.85,0.05 77.8794
0.65,0.85,0.1 312.854
0.65,0.85,0.15 90.7088
0.65,0.85,0.2 6.79114
0.65,0.85,0.25 0.061055
0.65,0.9,0 1.99767e-11
0.65,0.9,0.05 18.789
0.65,0.9,0.1 75.1345
0.65,0.9,0.15 18.7783
0.65,0.95,0 1.57188e-16
0.65,0.95,0.05 0.000184117
0.65,0.95,0.1 0.000736258
0.65,0.95,0.15 0.000184012
0.7,0.1,0.1 0.0174771
0.7,0.1,0.15 2.10312
0.7,0.1,0.2 4.07833
0.7,0.1,0.25 0.467706
0.7,0.15,0 3.25536e-13
0.7,0.15,0.05 0.0221914
0.7,0.15,0.1 3.17958
0.7,0.15,0.15 76.7042
0.7,0.15,0.2 89.4655
0.7,0.15,0.25 6.14429
0.7,0.15,0.3 0.0290152
0.7,0.15,0.35 0.00999566
0.7,0.15,0.4 9.28943e-06
0.7,0.2,0 1.17448e-11
0.7,0.2,0.05 0.800626
0.7,0.2,0.1 25.1219
0.7,0.2,0.15 379.513
0.7,0.2,0.2 333.188
0.7,0.2,0.25 12.7702
0.7,0.2,0.3 0.530989
0.7,0.2,0.35 0.182658
0.7,0.2,0.4 0.000169753
0.7,0.25,0 1.47501e-11
0.7,0.25,0.05 1.00572
0.7,0.25,0.1 45.6497
0.7,0.25,0.15 462.546
0.7,0.25,0.2 320.12
0.7,0.25,0.25 19.1257
0.7,0.25,0.3 1.14251
0.7,0.25,0.35 0.159727
0.7,0.25,0.4 0.000148442
0.7,0.3,0 8.77743e-12
0.7,0.3,0.05 0.35258
0.7,0.3,0.1 28.0988
0.7,0.3,0.15 165.33
0.7,0.3,0.2 114.789
0.7,0.3,0.25 36.9471
0.7,0.3,0.3 1.93886
0.7,0.3,0.35 0.00538354
0.7,0.3,0.4 5.00318e-06
0.7,0.35,0 7.26063e-10
0.7,0.35,0.05 35.0558
0.7,0.35,0.1 214.891
0.7,0.35,0.15 163.54
0.7,0.35,0.2 40.9572
0.7,0.35,0.25 6.78242
0.7,0.35,0.3 0.338225
0.7,0.4,0 1.30871e-09
0.7,0.4,0.05 91.5209
0.7,0.4,0.1 609.79
0.7,0.4,0.15 380.691
0.7,0.4,0.2 52.7441
0.7,0.4,0.25 0.658235
0.7,0.4,0.3 0.0199589
0.7,0.45,0 1.92829e-09
0.7,0.45,0.05 78.9996
0.7,0.45,0.1 405.959
0.7,0.45,0.15 380.192
0.7,0.45,0.2 182.798
0.7,0.45,0.25 27.8423
0.7,0.45,0.3 1.03385
0.7,0.5,0 4.74557e-09
0.7,0.5,0.05 102.387
0.7,0.5,0.1 439.142
0.7,0.5,0.15 474.56
0.7,0.5,0.2 509.989
0.7,0.5,0.25 141.85
0.7,0.5,0.3 11.4177
0.7,0.55,0 2.23512e-09
0.7,0.55,0.05 84.9941
0.7,0.55,0.1 345.669
0.7,0.55,0.15 289.616
0.7,0.55,0.2 566.49
0.7,0.55,0.25 284.575
0.7,0.55,0.3 23.8755
0.7,0.6,0 1.45774e-09
0.7,0.6,0.05 68.9039
0.7,0.6,0.1 275.682
0.7,0.6,0.15 139.715
0.7,0.6,0.2 479.109
0.7,0.6,0.25 231.385
0.7,0.6,0.3 4.91842
0.7,0.65,0 6.17133e-11
0.7,0.65,0.05 2.91703
0.7,0.65,0.1 12.5085
0.7,0.65,0.15 29.056
0.7,0.65,0.2 234.1
0.7,0.65,0.25 214.914
0.7,0.65,0.3 9.77368
0.7,0.7,0 3.08274e-14
0.7,0.7,0.05 0.00239233
0.7,0.7,0.1 4.10511
0.7,0.7,0.15 69.5276
0.7,0.7,0.2 211.373
0.7,0.7,0.25 193.61
0.7,0.7,0.3 12.1002
0.7,0.75,0 6.0956e-12
0.7,0.75,0.05 0.473042
0.7,0.75,0.1 10.7102
0.7,0.75,0.15 87.9129
0.7,0.75,0.2 102.388
0.7,0.75,0.25 85.4676
0.7,0.75,0.3 7.88516
0.7,0.8,0 2.01839e-09
0.7,0.8,0.05 11.2981
0.7,0.8,0.1 53.1664
0.7,0.8,0.15 83.4031
0.7,0.8,0.2 41.6003
0.7,0.8,0.25 6.30601
0.7,0.8,0.3 0.562962
0.7,0.85,0 8.01202e-09
0.7,0.85,0.05 41.2806
0.7,0.85,0.1 165.217
0.7,0.85,0.15 44.4772
0.7,0.85,0.2 1.75858
0.7,0.85,0.25 0.0158103
0.7,0.9,0 2.00013e-09
0.7,0.9,0.05 10.3149
0.7,0.9,0.1 41.1903
0.7,0.9,0.15 10.2803
0.7,0.95,0 5.43256e-18
0.7,0.95,0.05 6.36324e-06
0.7,0.95,0.1 2.54457e-05
0.7,0.95,0.15 6.35962e-06
0.75,0.15,0.1 1.53881
0.75,0.15,0.15 30.3415
0.75,0.15,0.2 27.7752
0.75,0.15,0.25 1.0243
0.75,0.2,0.1 8.70867
0.75,0.2,0.15 162.132
0.75,0.2,0.2 144.746
0.75,0.2,0.25 5.16356
0.75,0.25,0.1 7.06476
0.75,0.25,0.15 99.8497
0.75,0.25,0.2 76.2805
0.75,0.25,0.25 2.0949
0.75,0.3,0 1.40589e-11
0.75,0.3,0.05 0.508066
0.75,0.3,0.1 3.54856
0.75,0.3,0.15 17.2483
0.75,0.3,0.2 10.4141
0.75,0.3,0.25 0.158689
0.75,0.35,0 1.30182e-09
0.75,0.35,0.05 49.4162
0.75,0.35,0.1 234.062
0.75,0.35,0.15 261.743
0.75,0.35,0.2 109.955
0.75,0.35,0.25 1.13038
0.75,0.4,0 2.33823e-09
0.75,0.4,0.05 93.9945
0.75,0.4,0.1 474.402
0.75,0.4,0.15 489.44
0.75,0.4,0.2 188.715
0.75,0.4,0.25 1.89319
0.75,0.45,0 4.51295e-10
0.75,0.45,0.05 15.3299
0.75,0.45,0.1 113.779
0.75,0.45,0.15 321.719
0.75,0.45,0.2 209.921
0.75,0.45,0.25 21.0417
0.75,0.45,0.3 2.58753e-05
0.75,0.5,0 5.519e-10
0.75,0.5,0.05 11.5833
0.75,0.5,0.1 78.6693
0.75,0.5,0.15 439.174
0.75,0.5,0.2 573.23
0.75,0.5,0.25 84.6985
0.75,0.5,0.3 0.00938311
0.75,0.55,0 2.9019e-10
0.75,0.55,0.05 19.5658
0.75,0.55,0.1 85.6608
0.75,0.55,0.15 232.294
0.75,0.55,0.2 335.769
0.75,0.55,0.25 55.3822
0.75,0.55,0.3 0.122896
0.75,0.6,0 2.00303e-10
0.75,0.6,0.05 27.8549
0.75,0.6,0.1 111.748
0.75,0.6,0.15 50.1072
0.75,0.6,0.2 98.2121
0.75,0.6,0.25 38.516
0.75,0.6,0.3 0.182071
0.75,0.65,0 8.65641e-12
0.75,0.65,0.05 11.6461
0.75,0.65,0.1 46.5798
0.75,0.65,0.15 12.8411
0.75,0.65,0.2 15.0624
0.75,0.65,0.25 12.2834
0.75,0.65,0.3 0.48447
0.75,0.7,0 6.07228e-15
0.75,0.7,0.05 0.506462
0.75,0.7,0.1 2.02571
0.75,0.7,0.15 0.743864
0.75,0.7,0.2 6.15827
0.75,0.7,0.25 6.57223
0.75,0.7,0.3 0.320375
0.75,0.75,0 2.65197e-11
0.75,0.75,0.05 0.114227
0.75,0.75,0.1 0.45608
0.75,0.75,0.15 0.118378
0.75,0.75,0.2 0.116413
0.75,0.75,0.25 0.124755
0.75,0.75,0.3 0.00615498
0.75,0.8,0 6.47176e-09
0.75,0.8,0.05 30.6451
0.75,0.8,0.1 122.361
0.75,0.8,0.15 30.5358
0.75,0.8,0.2 0.000130574
0.75,0.8,0.25 0.000119102
0.75,0.8,0.3 1.11917e-05
0.75,0.85,0 2.26947e-08
0.75,0.85,0.05 108.816
0.75,0.85,0.1 434.491
0.75,0.85,0.15 108.43
0.75,0.85,0.2 2.73983e-06
0.75,0.85,0.25 2.46321e-08
0.75,0.9,0 5.3693e-09
0.75,0.9,0.05 25.8896
0.75,0.9,0.1 103.375
0.75,0.9,0.15 25.7978
0.8,0.05,0 1.96048e-11
0.8,0.05,0.05 1.15495
0.8,0.05,0.1 4.61623
0.8,0.05,0.15 1.15317
0.8,0.1,0 2.31151e-10
0.8,0.1,0.05 13.6174
0.8,0.1,0.1 54.4276
0.8,0.1,0.15 13.5964
0.8,0.15,0 1.50684e-10
0.8,0.15,0.05 8.87703
0.8,0.15,0.1 35.4943
0.8,0.15,0.15 9.13098
0.8,0.15,0.2 0.244995
0.8,0.15,0.25 0.00903503
0.8,0.2,0 2.58221e-12
0.8,0.2,0.05 0.152121
0.8,0.2,0.1 0.674657
0.8,0.2,0.15 1.46587
0.8,0.2,0.2 1.20285
0.8,0.2,0.25 0.044359
0.8,0.25,0.1 0.0204183
0.8,0.25,0.15 0.402597
0.8,0.25,0.2 0.368546
0.8,0.25,0.25 0.0135914
0.8,0.3,0 1.46319e-12
0.8,0.3,0.05 0.0528775
0.8,0.3,0.1 0.292113
0.8,0.3,0.15 0.813599
0.8,0.3,0.2 0.417589
0.8,0.3,0.25 0.00430325
0.8,0.35,0 1.35489e-10
0.8,0.35,0.05 4.95609
0.8,0.35,0.1 25.8478
0.8,0.35,0.15 59.8411
0.8,0.35,0.2 30.0401
0.8,0.35,0.25 0.309367
0.8,0.4,0 2.43326e-10
0.8,0.4,0.05 10.7463
0.8,0.4,0.1 60.1185
0.8,0.4,0.15 107.188
0.8,0.4,0.2 50.0233
0.8,0.4,0.25 0.512774
0.8,0.45,0 2.65513e-11
0.8,0.45,0.05 3.51671
0.8,0.45,0.1 25.4841
0.8,0.45,0.15 31.0192
0.8,0.45,0.2 15.0109
0.8,0.45,0.25 1.29905
0.8,0.5,0 1.04564e-11
0.8,0.5,0.05 3.56421
0.8,0.5,0.1 16.4008
0.8,0.5,0.15 27.8693
0.8,0.5,0.2 34.0637
0.8,0.5,0.25 5.08061
0.8,0.5,0.3 3.24438e-08
0.8,0.55,0 1.99067e-10
0.8,0.55,0.05 72.9103
0.8,0.55,0.1 291.989
0.8,0.55,0.15 85.7918
0.8,0.55,0.2 17.0394
0.8,0.55,0.25 1.67043
0.8,0.55,0.3 1.30188e-06
0.8,0.6,0 2.01816e-10
0.8,0.6,0.05 141.368
0.8,0.6,0.1 565.358
0.8,0.6,0.15 141.936
0.8,0.6,0.2 0.687751
0.8,0.6,0.25 0.0344852
0.8,0.6,0.3 1.71507e-06
0.8,0.65,0 9.86568e-12
0.8,0.65,0.05 77.035
0.8,0.65,0.1 308.115
0.8,0.65,0.15 77.0224
0.8,0.65,0.2 7.19185e-05
0.8,0.65,0.25 3.07995e-05
0.8,0.65,0.3 1.17055e-07
0.8,0.7,0 2.27173e-13
0.8,0.7,0.05 4.71673
0.8,0.7,0.1 18.8652
0.8,0.7,0.15 4.71587
0.8,0.75,0 2.78316e-10
0.8,0.75,0.05 1.40664
0.8,0.75,0.1 5.61753
0.8,0.75,0.15 1.40214
0.8,0.8,0 1.35993e-08
0.8,0.8,0.05 59.6748
0.8,0.8,0.1 238.266
0.8,0.8,0.15 59.506
0.8,0.8,0.2 0.0428655
0.8,0.8,0.25 0.00145598
0.8,0.85,0 2.1173e-08
0.8,0.85,0.05 93.7068
0.8,0.85,0.1 374.163
0.8,0.85,0.15 93.6995
0.8,0.85,0.2 0.292964
0.8,0.85,0.25 0.00995086
0.8,0.9,0 2.16719e-09
0.8,0.9,0.05 9.81897
0.8,0.9,0.1 39.2124
0.8,0.9,0.15 9.92305
0.8,0.9,0.2 0.122527
0.8,0.9,0.25 0.00416176
0.8,0.95,0.1 2.55767e-05
0.8,0.95,0.15 0.000470349
0.8,0.95,0.2 0.000412894
0.8,0.95,0.25 1.40244e-05
0.85,0.05,0 1.24806e-10
0.85,0.05,0.05 7.35247
0.85,0.05,0.1 29.3872
0.85,0.05,0.15 7.34114
0.85,0.1,0 1.47152e-09
0.85,0.1,0.05 86.6892
0.85,0.1,0.1 346.489
0.85,0.1,0.15 86.5556
0.85,0.15,0 9.59267e-10
0.85,0.15,0.05 56.5117
0.85,0.15,0.1 225.873
0.85,0.15,0.15 56.4246
0.85,0.2,0 1.64385e-11
0.85,0.2,0.05 0.968414
0.85,0.2,0.1 3.87067
0.85,0.2,0.15 0.966922
0.85,0.3,0.1 2.03563e-06
0.85,0.3,0.15 1.91674e-05
0.85,0.3,0.2 1.05194e-05
0.85,0.3,0.25 1.08338e-07
0.85,0.35,0.05 0.823738
0.85,0.35,0.1 6.44192
0.85,0.35,0.15 3.03311
0.85,0.35,0.2 0.0184423
0.85,0.35,0.25 7.79499e-06
0.85,0.4,0 1.61239e-12
0.85,0.4,0.05 27.2603
0.85,0.4,0.1 211.806
0.85,0.4,0.15 99.3682
0.85,0.4,0.2 0.578802
0.85,0.4,0.25 1.28921e-05
0.85,0.45,0 1.20671e-10
0.85,0.45,0.05 59.1549
0.85,0.45,0.1 359.731
0.85,0.45,0.15 145.548
0.85,0.45,0.2 0.692313
0.85,0.45,0.25 1.20937e-06
0.85,0.5,0 2.06235e-10
0.85,0.5,0.05 48.4121
0.85,0.5,0.1 200.825
0.85,0.5,0.15 53.4664
0.85,0.5,0.2 0.0408506
0.85,0.55,0 1.12181e-10
0.85,0.55,0.05 38.1791
0.85,0.55,0.1 152.652
0.85,0.55,0.15 38.1469
0.85,0.6,0 9.42119e-11
0.85,0.6,0.05 62.2774
0.85,0.6,0.1 249.046
0.85,0.6,0.15 62.2454
0.85,0.65,0 8.17414e-12
0.85,0.65,0.05 57.3491
0.85,0.65,0.1 229.37
0.85,0.65,0.15 57.3358
0.85,0.7,0 8.47068e-12
0.85,0.7,0.05 60.7193
0.85,0.7,0.1 242.84
0.85,0.7,0.15 60.7005
0.85,0.75,0 1.79695e-10
0.85,0.75,0.05 10.525
0.85,0.75,0.1 42.0858
0.85,0.75,0.15 10.5179
0.85,0.8,0 7.95205e-09
0.85,0.8,0.05 72.5733
0.85,0.8,0.1 290.9
0.85,0.8,0.15 89.8117
0.85,0.8,0.2 15.2816
0.85,0.8,0.25 0.519057
0.85,0.85,0 1.09868e-08
0.85,0.85,0.05 89.5657
0.85,0.85,0.1 364.288
0.85,0.85,0.15 208.319
0.85,0.85,0.2 104.442
0.85,0.85,0.25 3.54749
0.85,0.9,0 8.06315e-10
0.85,0.9,0.05 5.64828
0.85,0.9,0.1 25.2684
0.85,0.9,0.15 55.3923
0.85,0.9,0.2 43.6809
0.85,0.9,0.25 1.48367
0.85,0.95,0.1 0.00911811
0.85,0.95,0.15 0.16768
0.85,0.95,0.2 0.147197
0.85,0.95,0.25 0.00499972
0.9,0.05,0 4.89436e-11
0.9,0.05,0.05 2.88334
0.9,0.05,0.1 11.5245
0.9,0.05,0.15 2.87889
0.9,0.1,0 5.77069e-10
0.9,0.1,0.05 33.9959
0.9,0.1,0.1 135.879
0.9,0.1,0.15 33.9435
0.9,0.15,0 3.76185e-10
0.9,0.15,0.05 22.1616
0.9,0.15,0.1 88.578
0.9,0.15,0.15 22.1274
0.9,0.2,0 6.4465e-12
0.9,0.2,0.05 0.379772
0.9,0.2,0.1 1.51792
0.9,0.2,0.15 0.379187
0.9,0.35,0.05 0.600279
0.9,0.35,0.1 4.69429
0.9,0.35,0.15 2.2093
0.9,0.35,0.2 0.0128878
0.9,0.4,0 2.98509e-12
0.9,0.4,0.05 20.269
0.9,0.4,0.1 155.962
0.9,0.4,0.15 72.8138
0.9,0.4,0.2 0.420876
0.9,0.45,0 2.23404e-10
0.9,0.45,0.05 73.3223
0.9,0.45,0.1 382.944
0.9,0.45,0.15 136.249
0.9,0.45,0.2 0.504421
0.9,0.5,0 3.74503e-10
0.9,0.5,0.05 84.9181
0.9,0.5,0.1 344.804
0.9,0.5,0.15 88.5521
0.9,0.5,0.2 0.0297689
0.9,0.55,0 3.62756e-11
0.9,0.55,0.05 8.1622
0.9,0.55,0.1 32.6327
0.9,0.55,0.15 8.15415
0.9,0.6,0 5.5105e-13
0.9,0.6,0.05 0.419183
0.9,0.6,0.1 1.6763
0.9,0.6,0.15 0.418968
0.9,0.65,0 5.09657e-12
0.9,0.65,0.05 35.6883
0.9,0.65,0.1 142.731
0.9,0.65,0.15 35.6771
0.9,0.7,0 1.17393e-11
0.9,0.7,0.05 82.3675
0.9,0.7,0.1 329.418
0.9,0.7,0.15 82.3416
0.9,0.75,0 2.30819e-11
0.9,0.75,0.05 13.8493
0.9,0.75,0.1 55.3843
0.9,0.75,0.15 13.8429
0.9,0.8,0 6.31785e-10
0.9,0.8,0.05 61.7132
0.9,0.8,0.1 249.04
0.9,0.8,0.15 104.698
0.9,0.8,0.2 37.8019
0.9,0.8,0.25 1.28398
0.9,0.85,0 7.26178e-10
0.9,0.85,0.05 68.1559
0.9,0.85,0.1 288.456
0.9,0.85,0.15 362.378
0.9,0.85,0.2 258.357
0.9,0.85,0.25 8.77538
0.9,0.9,0 4.0616e-11
0.9,0.9,0.05 3.52351
0.9,0.9,0.1 20.7785
0.9,0.9,0.15 126.608
0.9,0.9,0.2 108.053
0.9,0.9,0.25 3.67014
0.9,0.95,0.1 0.0225554
0.9,0.95,0.15 0.414788
0.9,0.95,0.2 0.364119
0.9,0.95,0.25 0.0123677
0.95,0.05,0 1.15116e-13
0.95,0.05,0.05 0.00678165
0.95,0.05,0.1 0.0271057
0.95,0.05,0.15 0.0067712
0.95,0.1,0 1.35728e-12
0.95,0.1,0.05 0.079959
0.95,0.1,0.1 0.319589
0.95,0.1,0.15 0.0798357
0.95,0.15,0 8.84793e-13
0.95,0.15,0.05 0.0521244
0.95,0.15,0.1 0.208337
0.95,0.15,0.15 0.052044
0.95,0.2,0 1.51623e-14
0.95,0.2,0.05 0.000893231
0.95,0.2,0.1 0.00357017
0.95,0.2,0.15 0.000891854
0.95,0.35,0.05 0.0136072
0.95,0.35,0.1 0.106411
0.95,0.35,0.15 0.0500808
0.95,0.35,0.2 0.000292144
0.95,0.4,0 3.23381e-13
0.95,0.4,0.05 0.516495
0.95,0.4,0.1 3.7634
0.95,0.4,0.15 1.70753
0.95,0.4,0.2 0.00954047
0.95,0.45,0 2.42019e-11
0.95,0.45,0.05 5.93053
0.95,0.45,0.1 25.746
0.95,0.45,0.15 7.35274
0.95,0.45,0.2 0.0114343
0.95,0.5,0 4.05683e-11
0.95,0.5,0.05 9.07973
0.95,0.5,0.1 36.4211
0.95,0.5,0.15 9.15503
0.95,0.5,0.2 0.000674806
0.95,0.55,0 3.87302e-12
0.95,0.55,0.05 0.863833
0.95,0.55,0.1 3.45362
0.95,0.55,0.15 0.862979
0.95,0.6,0 1.48447e-15
0.95,0.6,0.05 0.0104151
0.95,0.6,0.1 0.041654
0.95,0.6,0.15 0.0104119
0.95,0.65,0 3.7401e-13
0.95,0.65,0.05 2.62407
0.95,0.65,0.1 10.4946
0.95,0.65,0.15 2.62325
0.95,0.7,0 8.6566e-13
0.95,0.7,0.05 6.07352
0.95,0.7,0.1 24.2903
0.95,0.7,0.15 6.07161
0.95,0.75,0 1.75853e-12
0.95,0.75,0.05 1.04604
0.95,0.75,0.1 4.18317
0.95,0.75,0.15 1.04554
0.95,0.8,0 4.51572e-11
0.95,0.8,0.05 5.22184
0.95,0.8,0.1 21.2303
0.95,0.8,0.15 11.7581
0.95,0.8,0.2 5.74349
0.95,0.8,0.25 0.195084
0.95,0.85,0 4.97777e-11
0.95,0.85,0.05 5.75614
0.95,0.85,0.1 25.442
0.95,0.85,0.15 50.4652
0.95,0.85,0.2 39.2539
0.95,0.85,0.25 1.3333
0.95,0.9,0 2.56326e-12
0.95,0.9,0.05 0.296408
0.95,0.9,0.1 2.20186
0.95,0.9,0.15 18.9977
0.95,0.9,0.2 16.4172
0.95,0.9,0.25 0.557629
0.95,0.95,0.1 0.00342698
0.95,0.95,0.15 0.0630214
0.95,0.95,0.2 0.0553231
0.95,0.95,0.25 0.00187911
