0,0.4,0.15 1.43118e-14
0,0.4,0.2 6.1158e-14
0,0.4,0.25 1.6333e-14
0,0.4,0.3 1.63379e-19
0,0.45,0.15 1.35392e-11
0,0.45,0.2 5.78566e-11
0,0.45,0.25 1.54514e-11
0,0.45,0.3 1.5456e-16
0,0.5,0.15 3.87047e-11
0,0.5,0.2 1.65395e-10
0,0.5,0.25 4.41709e-11
0,0.5,0.3 4.4184e-16
0,0.55,0.15 6.87179e-12
0,0.55,0.2 2.93649e-11
0,0.55,0.25 7.84229e-12
0,0.55,0.3 7.84462e-17
0,0.65,0.15 4.31381e-14
0,0.65,0.2 5.93819e-13
0,0.65,0.25 4.32066e-13
0,0.65,0.3 9.75849e-15
0,0.7,0.15 5.30933e-13
0,0.7,0.2 7.30859e-12
0,0.7,0.25 5.31777e-12
0,0.7,0.3 1.20105e-13
0,0.75,0.15 3.57062e-13
0,0.75,0.2 4.91516e-12
0,0.75,0.25 3.5763e-12
0,0.75,0.3 8.07729e-14
0,0.8,0.15 6.639e-15
0,0.8,0.2 9.13895e-14
0,0.8,0.25 6.64955e-14
0,0.8,0.3 1.50184e-15
0.05,0.1,0.1 1.34001
0.05,0.1,0.15 14.1277
0.05,0.1,0.2 8.47036
0.05,0.1,0.25 0.114857
0.05,0.15,0 1.83915e-16
0.05,0.15,0.05 0.000317428
0.05,0.15,0.1 6.78005
0.05,0.15,0.15 72.3652
0.05,0.15,0.2 47.0941
0.05,0.15,0.25 1.8367
0.05,0.15,0.3 0.00309041
0.05,0.15,0.35 0.0135047
0.05,0.15,0.4 0.0039277
0.05,0.15,0.45 4.38346e-07
0.05,0.2,0 6.19752e-15
0.05,0.2,0.05 0.0318688
0.05,0.2,0.1 2.26603
0.05,0.2,0.15 27.158
0.05,0.2,0.2 35.2085
0.05,0.2,0.25 12.3456
0.05,0.2,0.3 11.7556
0.05,0.2,0.35 7.18779
0.05,0.2,0.4 1.77074
0.05,0.2,0.45 0.000197621
0.05,0.25,0 5.6899e-14
0.05,0.25,0.05 0.366601
0.05,0.25,0.1 1.46799
0.05,0.25,0.15 2.8634
0.05,0.25,0.2 10.1694
0.05,0.25,0.25 32.5026
0.05,0.25,0.3 57.5278
0.05,0.25,0.35 21.3755
0.05,0.25,0.4 4.55912
0.05,0.25,0.45 0.000508815
0.05,0.3,0 3.84023e-14
0.05,0.3,0.05 0.250637
0.05,0.3,0.1 1.00354
0.05,0.3,0.15 1.45838
0.05,0.3,0.2 3.59602
0.05,0.3,0.25 10.3018
0.05,0.3,0.3 18.0325
0.05,0.3,0.35 4.32985
0.05,0.3,0.4 0.723725
0.05,0.3,0.45 8.07704e-05
0.05,0.35,0 2.9298e-10
0.05,0.35,0.05 1.34787
0.05,0.35,0.1 5.38186
0.05,0.35,0.15 1.40956
0.05,0.35,0.2 0.192467
0.05,0.35,0.25 0.0394061
0.05,0.35,0.3 0.00872947
0.05,0.35,0.35 0.000918659
0.05,0.4,0 1.17859e-09
0.05,0.4,0.05 5.4024
0.05,0.4,0.1 21.5716
0.05,0.4,0.15 5.48582
0.05,0.4,0.2 0.480129
0.05,0.4,0.25 0.170134
0.05,0.4,0.3 0.000334572
0.05,0.4,0.35 2.20777e-07
0.05,0.4,0.4 5.46326e-07
0.05,0.4,0.45 8.30391e-08
0.05,0.45,0 2.96324e-10
0.05,0.45,0.05 1.3719
0.05,0.45,0.1 5.61858
0.05,0.45,0.15 14.1744
0.05,0.45,0.2 59.9666
0.05,0.45,0.25 19.209
0.05,0.45,0.3 0.852521
0.05,0.45,0.35 0.0705994
0.05,0.45,0.4 0.000650024
0.05,0.45,0.45 9.88007e-05
0.05,0.5,0 1.9949e-18
0.05,0.5,0.05 0.263001
0.05,0.5,0.1 3.40617
0.05,0.5,0.15 32.5513
0.05,0.5,0.2 139.048
0.05,0.5,0.25 50.7032
0.05,0.5,0.3 14.0271
0.05,0.5,0.35 2.37574
0.05,0.5,0.4 0.208374
0.05,0.5,0.45 0.000290094
0.05,0.55,0.05 0.237874
0.05,0.55,0.1 3.06506
0.05,0.55,0.15 6.88287
0.05,0.55,0.2 23.237
0.05,0.55,0.25 55.3315
0.05,0.55,0.3 59.1625
0.05,0.55,0.35 13.7135
0.05,0.55,0.4 1.92736
0.05,0.55,0.45 0.00492825
0.05,0.6,0.05 0.00857
0.05,0.6,0.1 0.110402
0.05,0.6,0.15 0.076726
0.05,0.6,0.2 1.67429
0.05,0.6,0.25 39.6772
0.05,0.6,0.3 45.4083
0.05,0.6,0.35 16.8394
0.05,0.6,0.4 6.78743
0.05,0.6,0.45 0.0840145
0.05,0.65,0.15 0.431787
0.05,0.65,0.2 6.00104
0.05,0.65,0.25 5.72083
0.05,0.65,0.3 2.4067
0.05,0.65,0.35 8.56281
0.05,0.65,0.4 5.11545
0.05,0.65,0.45 0.0708469
0.05,0.7,0.15 5.31433
0.05,0.7,0.2 73.1546
0.05,0.7,0.25 53.2277
0.05,0.7,0.3 1.22706
0.05,0.7,0.35 0.264891
0.05,0.7,0.4 0.16001
0.05,0.7,0.45 0.00221775
0.05,0.75,0.15 3.57398
0.05,0.75,0.2 49.1978
0.05,0.75,0.25 35.7966
0.05,0.75,0.3 0.808489
0.05,0.8,0.15 0.0664524
0.05,0.8,0.2 0.914754
0.05,0.8,0.25 0.66558
0.05,0.8,0.3 0.0150325
0.1,0,0.1 2.01027e-19
0.1,0,0.15 6.84176e-17
0.1,0,0.2 1.67834e-16
0.1,0,0.25 2.52659e-17
0.1,0.05,0.1 2.64753e-06
0.1,0.05,0.15 0.000901064
0.1,0.05,0.2 0.02401
0.1,0.05,0.25 1.15827
0.1,0.05,0.3 1.71346
0.1,0.05,0.35 0.138282
0.1,0.1,0.1 6.77264
0.1,0.1,0.15 71.4508
0.1,0.1,0.2 43.3019
0.1,0.1,0.25 6.24909
0.1,0.1,0.3 8.11585
0.1,0.1,0.35 0.672465
0.1,0.1,0.4 0.000670593
0.1,0.15,0 1.61724e-12
0.1,0.15,0.05 2.79127
0.1,0.15,0.1 45.4234
0.1,0.15,0.15 378.125
0.1,0.15,0.2 285.322
0.1,0.15,0.25 26.3482
0.1,0.15,0.3 8.01869
0.1,0.15,0.35 5.33945
0.1,0.15,0.4 0.244984
0.1,0.15,0.45 8.48979e-06
0.1,0.2,0 1.6235e-11
0.1,0.2,0.05 30.4585
0.1,0.2,0.1 132.615
0.1,0.2,0.15 216.321
0.1,0.2,0.2 414.181
0.1,0.2,0.25 151.182
0.1,0.2,0.3 108.387
0.1,0.2,0.35 136.502
0.1,0.2,0.4 34.6862
0.1,0.2,0.45 0.00382748
0.1,0.25,0 1.52925e-11
0.1,0.25,0.05 57.363
0.1,0.25,0.1 229.466
0.1,0.25,0.15 134.21
0.1,0.25,0.2 272.069
0.1,0.25,0.25 269.647
0.1,0.25,0.3 427.255
0.1,0.25,0.35 342.917
0.1,0.25,0.4 88.3553
0.1,0.25,0.45 0.00985463
0.1,0.3,0 4.52776e-12
0.1,0.3,0.05 29.4396
0.1,0.3,0.1 117.8
0.1,0.3,0.15 92.1591
0.1,0.3,0.2 182.385
0.1,0.3,0.25 97.4177
0.1,0.3,0.3 126.401
0.1,0.3,0.35 60.3782
0.1,0.3,0.4 14.017
0.1,0.3,0.45 0.00156434
0.1,0.35,0 4.53774e-09
0.1,0.35,0.05 21.5211
0.1,0.35,0.1 85.9371
0.1,0.35,0.15 24.9022
0.1,0.35,0.2 9.99589
0.1,0.35,0.25 1.82827
0.1,0.35,0.3 0.0577335
0.1,0.35,0.35 0.00607567
0.1,0.4,0 1.82539e-08
0.1,0.4,0.05 83.6724
0.1,0.4,0.1 334.364
0.1,0.4,0.15 90.2393
0.1,0.4,0.2 10.1569
0.1,0.4,0.25 1.75558
0.1,0.4,0.3 0.00503029
0.1,0.4,0.35 0.0123888
0.1,0.4,0.4 0.0306568
0.1,0.4,0.45 0.00465969
0.1,0.45,0 4.58965e-09
0.1,0.45,0.05 22.8507
0.1,0.45,0.1 100.9
0.1,0.45,0.15 197.868
0.1,0.45,0.2 463.552
0.1,0.45,0.25 137.481
0.1,0.45,0.3 17.3951
0.1,0.45,0.35 16.1639
0.1,0.45,0.4 36.4772
0.1,0.45,0.45 5.54448
0.1,0.5,0 1.00188e-12
0.1,0.5,0.05 18.2931
0.1,0.5,0.1 184.833
0.1,0.5,0.15 366.98
0.1,0.5,0.2 864.489
0.1,0.5,0.25 412.043
0.1,0.5,0.3 259.059
0.1,0.5,0.35 115.804
0.1,0.5,0.4 115.752
0.1,0.5,0.45 16.2846
0.1,0.55,0 3.22651e-13
0.1,0.55,0.05 12.9846
0.1,0.55,0.1 150.176
0.1,0.55,0.15 156
0.1,0.55,0.2 217.573
0.1,0.55,0.25 512.204
0.1,0.55,0.3 568.34
0.1,0.55,0.35 390.019
0.1,0.55,0.4 82.1269
0.1,0.55,0.45 3.07999
0.1,0.6,0 1.55456e-16
0.1,0.6,0.05 1.03636
0.1,0.6,0.1 19.0122
0.1,0.6,0.15 21.3108
0.1,0.6,0.2 51.2243
0.1,0.6,0.25 320.293
0.1,0.6,0.3 324.979
0.1,0.6,0.35 366.059
0.1,0.6,0.4 149.887
0.1,0.6,0.45 1.76217
0.1,0.65,0.05 1.89939
0.1,0.65,0.1 41.3857
0.1,0.65,0.15 55.2026
0.1,0.65,0.2 54.7635
0.1,0.65,0.25 50.1593
0.1,0.65,0.3 90.0887
0.1,0.65,0.35 192.281
0.1,0.65,0.4 107.304
0.1,0.65,0.45 1.48584
0.1,0.7,0.05 0.351545
0.1,0.7,0.1 8.26101
0.1,0.7,0.15 58.9558
0.1,0.7,0.2 339.164
0.1,0.7,0.25 237.326
0.1,0.7,0.3 73.1189
0.1,0.7,0.35 19.8241
0.1,0.7,0.4 3.35582
0.1,0.7,0.45 0.0465119
0.1,0.75,0.1 0.17807
0.1,0.75,0.15 21.7656
0.1,0.75,0.2 207.182
0.1,0.75,0.25 145.819
0.1,0.75,0.3 8.15115
0.1,0.75,0.35 1.01406
0.1,0.8,0.1 1.53669e-05
0.1,0.8,0.15 0.273294
0.1,0.8,0.2 3.92263
0.1,0.8,0.25 3.00156
0.1,0.8,0.3 0.0825707
0.1,0.85,0.15 0.000155033
0.1,0.85,0.2 0.00593111
0.1,0.85,0.25 0.00764976
0.1,0.85,0.3 0.000505755
0.15,0,0.1 2.5992e-15
0.15,0,0.15 8.84613e-13
0.15,0,0.2 2.17003e-12
0.15,0,0.25 3.26679e-13
0.15,0.05,0 3.77742e-13
0.15,0.05,0.05 0.00767793
0.15,0.05,0.1 0.0649096
0.15,0.05,0.15 11.6581
0.15,0.05,0.2 29.2192
0.15,0.05,0.25 38.7453
0.15,0.05,0.3 51.4823
0.15,0.05,0.35 4.24355
0.15,0.1,0 2.55832e-10
0.15,0.1,0.05 5.19999
0.15,0.1,0.1 23.0487
0.15,0.1,0.15 76.9538
0.15,0.1,0.2 154.305
0.15,0.1,0.25 193.865
0.15,0.1,0.3 247.391
0.15,0.1,0.35 20.9431
0.15,0.1,0.4 0.0121914
0.15,0.15,0 7.0896e-10
0.15,0.15,0.05 23.9752
0.15,0.15,0.1 106.714
0.15,0.15,0.15 186.365
0.15,0.15,0.2 357.896
0.15,0.15,0.25 187.655
0.15,0.15,0.3 181.64
0.15,0.15,0.35 101.348
0.15,0.15,0.4 3.46644
0.15,0.15,0.45 7.68947e-06
0.15,0.2,0 2.0535e-10
0.15,0.2,0.05 104.125
0.15,0.2,0.1 420.174
0.15,0.2,0.15 239.234
0.15,0.2,0.2 581.397
0.15,0.2,0.25 413.329
0.15,0.2,0.3 364.295
0.15,0.2,0.35 354.687
0.15,0.2,0.4 40.2552
0.15,0.2,0.45 0.00346666
0.15,0.25,0 6.20458e-11
0.15,0.25,0.05 149.866
0.15,0.25,0.1 599.593
0.15,0.25,0.15 263.556
0.15,0.25,0.2 487.809
0.15,0.25,0.25 516.125
0.15,0.25,0.3 382.896
0.15,0.25,0.35 339.132
0.15,0.25,0.4 81.879
0.15,0.25,0.45 0.00892564
0.15,0.3,0 1.07234e-11
0.15,0.3,0.05 110.099
0.15,0.3,0.1 440.429
0.15,0.3,0.15 203.595
0.15,0.3,0.2 280.729
0.15,0.3,0.25 123.801
0.15,0.3,0.3 83.9489
0.15,0.3,0.35 49.5601
0.15,0.3,0.4 12.7137
0.15,0.3,0.45 0.00141687
0.15,0.35,0 3.57405e-09
0.15,0.35,0.05 36.0833
0.15,0.35,0.1 144.228
0.15,0.35,0.15 41.2261
0.15,0.35,0.2 14.9811
0.15,0.35,0.25 2.73069
0.15,0.35,0.3 0.0234452
0.15,0.35,0.35 0.00246692
0.15,0.4,0 1.43753e-08
0.15,0.4,0.05 66.2024
0.15,0.4,0.1 270.486
0.15,0.4,0.15 127.814
0.15,0.4,0.2 44.6112
0.15,0.4,0.25 2.5975
0.15,0.4,0.3 0.0918723
0.15,0.4,0.35 0.047808
0.15,0.4,0.4 0.113305
0.15,0.4,0.45 0.017199
0.15,0.45,0 3.61696e-09
0.15,0.45,0.05 33.9158
0.15,0.45,0.1 174.311
0.15,0.45,0.15 530.492
0.15,0.45,0.2 593.188
0.15,0.45,0.25 188.146
0.15,0.45,0.3 51.4369
0.15,0.45,0.35 78.5889
0.15,0.45,0.4 141.561
0.15,0.45,0.45 21.6725
0.15,0.5,0 1.39311e-11
0.15,0.5,0.05 102.082
0.15,0.5,0.1 574.585
0.15,0.5,0.15 663.147
0.15,0.5,0.2 838.563
0.15,0.5,0.25 560.966
0.15,0.5,0.3 429.366
0.15,0.5,0.35 414.779
0.15,0.5,0.4 520.714
0.15,0.5,0.45 82.0052
0.15,0.55,0 4.48659e-12
0.15,0.55,0.05 42.8301
0.15,0.55,0.1 311.114
0.15,0.55,0.15 363.727
0.15,0.55,0.2 500.54
0.15,0.55,0.25 702.302
0.15,0.55,0.3 835.046
0.15,0.55,0.35 815.496
0.15,0.55,0.4 281.235
0.15,0.55,0.45 30.1786
0.15,0.6,0 2.51649e-10
0.15,0.6,0.05 9.23691
0.15,0.6,0.1 122.211
0.15,0.6,0.15 137.402
0.15,0.6,0.2 153.742
0.15,0.6,0.25 417.531
0.15,0.6,0.3 408.816
0.15,0.6,0.35 469.867
0.15,0.6,0.4 163.839
0.15,0.6,0.45 2.3471
0.15,0.65,0 1.34118e-09
0.15,0.65,0.05 35.5696
0.15,0.65,0.1 382.128
0.15,0.65,0.15 481.338
0.15,0.65,0.2 392.243
0.15,0.65,0.25 235.051
0.15,0.65,0.3 580.074
0.15,0.65,0.35 292.72
0.15,0.65,0.4 101.942
0.15,0.65,0.45 1.41237
0.15,0.7,0 4.45021e-10
0.15,0.7,0.05 9.86603
0.15,0.7,0.1 102.949
0.15,0.7,0.15 410.126
0.15,0.7,0.2 576.401
0.15,0.7,0.25 295.28
0.15,0.7,0.3 564.843
0.15,0.7,0.35 123.816
0.15,0.7,0.4 3.2057
0.15,0.7,0.45 0.044143
0.15,0.75,0 2.92762e-13
0.15,0.75,0.05 0.00585482
0.15,0.75,0.1 8.17562
0.15,0.75,0.15 118.28
0.15,0.75,0.2 261.651
0.15,0.75,0.25 207.97
0.15,0.75,0.3 99.2059
0.15,0.75,0.35 13.0937
0.15,0.75,0.4 0.000118626
0.15,0.8,0.1 2.33082
0.15,0.8,0.15 24.5408
0.15,0.8,0.2 83.1875
0.15,0.8,0.25 105.08
0.15,0.8,0.3 40.9683
0.15,0.8,0.35 3.78768
0.15,0.85,0.1 0.0394799
0.15,0.85,0.15 0.412455
0.15,0.85,0.2 1.70944
0.15,0.85,0.25 2.31371
0.15,0.85,0.3 0.89153
0.15,0.85,0.35 0.0820538
0.2,0,0.1 1.21643e-14
0.2,0,0.15 3.22306e-12
0.2,0,0.2 7.76518e-12
0.2,0,0.25 1.15536e-12
0.2,0.05,0 2.59192e-12
0.2,0.05,0.05 0.0526829
0.2,0.05,0.1 0.335276
0.2,0.05,0.15 41.056
0.2,0.05,0.2 101.369
0.2,0.05,0.25 68.4322
0.2,0.05,0.3 91.9084
0.2,0.05,0.35 9.71636
0.2,0.1,0 1.75541e-09
0.2,0.1,0.05 35.6802
0.2,0.1,0.1 143.226
0.2,0.1,0.15 211.33
0.2,0.1,0.2 488.751
0.2,0.1,0.25 411.054
0.2,0.1,0.3 533.427
0.2,0.1,0.35 60.4262
0.2,0.1,0.4 0.010635
0.2,0.15,0 4.92556e-09
0.2,0.15,0.05 105.561
0.2,0.15,0.1 423.153
0.2,0.15,0.15 243.426
0.2,0.15,0.2 581.049
0.2,0.15,0.25 382.04
0.2,0.15,0.3 333.556
0.2,0.15,0.35 148.873
0.2,0.15,0.4 5.3588
0.2,0.15,0.45 2.77788e-07
0.2,0.2,0 2.02103e-09
0.2,0.2,0.05 101.198
0.2,0.2,0.1 407.529
0.2,0.2,0.15 336.338
0.2,0.2,0.2 658.697
0.2,0.2,0.25 416.237
0.2,0.2,0.3 617.253
0.2,0.2,0.35 546.524
0.2,0.2,0.4 25.8245
0.2,0.2,0.45 0.000125236
0.2,0.25,0 7.042e-10
0.2,0.25,0.05 146.539
0.2,0.25,0.1 587.432
0.2,0.25,0.15 332.37
0.2,0.25,0.2 596.107
0.2,0.25,0.25 580.815
0.2,0.25,0.3 535.946
0.2,0.25,0.35 310.034
0.2,0.25,0.4 15.0608
0.2,0.25,0.45 0.000322446
0.2,0.3,0 1.82659e-11
0.2,0.3,0.05 157.951
0.2,0.3,0.1 632.111
0.2,0.3,0.15 256.558
0.2,0.3,0.2 331.931
0.2,0.3,0.25 154.139
0.2,0.3,0.3 74.8591
0.2,0.3,0.35 26.0905
0.2,0.3,0.4 1.31865
0.2,0.3,0.45 5.11858e-05
0.2,0.35,0 1.01301e-10
0.2,0.35,0.05 72.383
0.2,0.35,0.1 290.72
0.2,0.35,0.15 79.7435
0.2,0.35,0.2 15.7202
0.2,0.35,0.25 3.56967
0.2,0.35,0.3 0.177453
0.2,0.35,0.35 0.311061
0.2,0.35,0.4 0.0318811
0.2,0.4,0 4.15363e-10
0.2,0.4,0.05 44.1649
0.2,0.4,0.1 214.438
0.2,0.4,0.15 241.513
0.2,0.4,0.2 76.4743
0.2,0.4,0.25 3.8704
0.2,0.4,0.3 0.28695
0.2,0.4,0.35 0.020388
0.2,0.4,0.4 0.0268129
0.2,0.4,0.45 0.0039672
0.2,0.45,0 2.51838e-10
0.2,0.45,0.05 45.3873
0.2,0.45,0.1 277.23
0.2,0.45,0.15 678.338
0.2,0.45,0.2 418.358
0.2,0.45,0.25 207.833
0.2,0.45,0.3 132.259
0.2,0.45,0.35 128.747
0.2,0.45,0.4 66.7832
0.2,0.45,0.45 9.29233
0.2,0.5,0 2.25835e-10
0.2,0.5,0.05 86.9123
0.2,0.5,0.1 378.801
0.2,0.5,0.15 425.499
0.2,0.5,0.2 597.519
0.2,0.5,0.25 663.659
0.2,0.5,0.3 698.677
0.2,0.5,0.35 632.038
0.2,0.5,0.4 554.026
0.2,0.5,0.45 91.7079
0.2,0.55,0 5.23116e-11
0.2,0.55,0.05 30.2974
0.2,0.55,0.1 195.157
0.2,0.55,0.15 284.754
0.2,0.55,0.2 380.572
0.2,0.55,0.25 487.461
0.2,0.55,0.3 689.588
0.2,0.55,0.35 593.918
0.2,0.55,0.4 486.737
0.2,0.55,0.45 72.8074
0.2,0.6,0 1.15922e-09
0.2,0.6,0.05 23.8098
0.2,0.6,0.1 233.4
0.2,0.6,0.15 300.136
0.2,0.6,0.2 331.331
0.2,0.6,0.25 494.618
0.2,0.6,0.3 386.684
0.2,0.6,0.35 292.871
0.2,0.6,0.4 138.183
0.2,0.6,0.45 7.61582
0.2,0.65,0 6.25721e-09
0.2,0.65,0.05 113.732
0.2,0.65,0.1 601.732
0.2,0.65,0.15 600.727
0.2,0.65,0.2 554.629
0.2,0.65,0.25 311.286
0.2,0.65,0.3 597.756
0.2,0.65,0.35 208.677
0.2,0.65,0.4 12.0216
0.2,0.65,0.45 0.410323
0.2,0.7,0 2.20837e-09
0.2,0.7,0.05 45.0365
0.2,0.7,0.1 328.124
0.2,0.7,0.15 699.962
0.2,0.7,0.2 549.071
0.2,0.7,0.25 480.375
0.2,0.7,0.3 542.322
0.2,0.7,0.35 120.888
0.2,0.7,0.4 0.514556
0.2,0.7,0.45 0.00396762
0.2,0.75,0 1.83253e-11
0.2,0.75,0.05 5.86987
0.2,0.75,0.1 119.018
0.2,0.75,0.15 522.252
0.2,0.75,0.2 722.763
0.2,0.75,0.25 650.646
0.2,0.75,0.3 396.833
0.2,0.75,0.35 36.6977
0.2,0.75,0.4 0.00202417
0.2,0.8,0.05 2.33882
0.2,0.8,0.1 48.4103
0.2,0.8,0.15 249.72
0.2,0.8,0.2 397.054
0.2,0.8,0.25 348.96
0.2,0.8,0.3 230.97
0.2,0.8,0.35 23.3109
0.2,0.85,0.05 0.0148323
0.2,0.85,0.1 0.530445
0.2,0.85,0.15 3.78914
0.2,0.85,0.2 6.4466
0.2,0.85,0.25 7.25308
0.2,0.85,0.3 5.00817
0.2,0.85,0.35 0.504983
0.25,0,0.1 4.4342e-13
0.25,0,0.15 1.88157e-11
0.25,0,0.2 3.02295e-11
0.25,0,0.25 9.49296e-11
0.25,0,0.3 8.83967e-11
0.25,0,0.35 3.50098e-12
0.25,0.05,0 1.08787e-12
0.25,0.05,0.05 0.0221119
0.25,0.05,0.1 0.824246
0.25,0.05,0.15 38.1435
0.25,0.05,0.2 62.3873
0.25,0.05,0.25 38.9718
0.25,0.05,0.3 54.1091
0.25,0.05,0.35 6.25424
0.25,0.1,0 7.36776e-10
0.25,0.1,0.05 14.9756
0.25,0.1,0.1 64.0976
