0.45,0.1,0.25 197.48
0.45,0.1,0.3 257.672
0.45,0.1,0.35 36.7569
0.45,0.15,0 5.01978e-11
0.45,0.15,0.05 152.655
0.45,0.15,0.1 611.604
0.45,0.15,0.15 247.688
0.45,0.15,0.2 335.376
0.45,0.15,0.25 345.684
0.45,0.15,0.3 341.412
0.45,0.15,0.35 47.3651
0.45,0.2,0 2.32021e-10
0.45,0.2,0.05 164.062
0.45,0.2,0.1 657.981
0.45,0.2,0.15 262.342
0.45,0.2,0.2 296.728
0.45,0.2,0.25 280.262
0.45,0.2,0.3 77.1928
0.45,0.2,0.35 7.44779
0.45,0.25,0 3.03092e-10
0.45,0.25,0.05 117.882
0.45,0.25,0.1 475.12
0.45,0.25,0.15 176.309
0.45,0.25,0.2 328.996
0.45,0.25,0.25 391.793
0.45,0.25,0.3 45.2038
0.45,0.25,0.35 0.250835
0.45,0.3,0 1.28469e-09
0.45,0.3,0.05 138.078
0.45,0.3,0.1 575.211
0.45,0.3,0.15 471.215
0.45,0.3,0.2 658.209
0.45,0.3,0.25 291.829
0.45,0.3,0.3 27.09
0.45,0.3,0.35 5.34351
0.45,0.3,0.4 0.694364
0.45,0.35,0 1.58209e-09
0.45,0.35,0.05 143.038
0.45,0.35,0.1 586.628
0.45,0.35,0.15 377.038
0.45,0.35,0.2 513.49
0.45,0.35,0.25 468.979
0.45,0.35,0.3 343.705
0.45,0.35,0.35 132.024
0.45,0.35,0.4 7.67661
0.45,0.4,0 7.71643e-10
0.45,0.4,0.05 76.6741
0.45,0.4,0.1 319.749
0.45,0.4,0.15 256.753
0.45,0.4,0.2 309.077
0.45,0.4,0.25 439.619
0.45,0.4,0.3 729.021
0.45,0.4,0.35 350.559
0.45,0.4,0.4 21.3971
0.45,0.4,0.45 0.0416125
0.45,0.45,0 1.20033e-10
0.45,0.45,0.05 74.0053
0.45,0.45,0.1 345.48
0.45,0.45,0.15 520.88
0.45,0.45,0.2 444.629
0.45,0.45,0.25 581.88
0.45,0.45,0.3 545.812
0.45,0.45,0.35 257.711
0.45,0.45,0.4 59.6143
0.45,0.45,0.45 0.235086
0.45,0.5,0 8.34632e-10
0.45,0.5,0.05 115.413
0.45,0.5,0.1 490.728
0.45,0.5,0.15 426.294
0.45,0.5,0.2 644.263
0.45,0.5,0.25 488.041
0.45,0.5,0.3 981.889
0.45,0.5,0.35 517.629
0.45,0.5,0.4 115.613
0.45,0.5,0.45 3.17516
0.45,0.55,0 4.47662e-09
0.45,0.55,0.05 109.878
0.45,0.55,0.1 457.694
0.45,0.55,0.15 364.647
0.45,0.55,0.2 660.632
0.45,0.55,0.25 348.453
0.45,0.55,0.3 756.217
0.45,0.55,0.35 524.64
0.45,0.55,0.4 223.431
0.45,0.55,0.45 7.56941
0.45,0.6,0 1.47217e-08
0.45,0.6,0.05 143.698
0.45,0.6,0.1 577.34
0.45,0.6,0.15 376.614
0.45,0.6,0.2 730.286
0.45,0.6,0.25 269.411
0.45,0.6,0.3 67.2999
0.45,0.6,0.35 53.6152
0.45,0.6,0.4 33.2241
0.45,0.6,0.45 1.13416
0.45,0.65,0 4.85193e-09
0.45,0.65,0.05 94.0175
0.45,0.65,0.1 376.492
0.45,0.65,0.15 194.311
0.45,0.65,0.2 334.405
0.45,0.65,0.25 106.923
0.45,0.65,0.3 27.6505
0.45,0.65,0.35 2.59765
0.45,0.65,0.4 0.0282112
0.45,0.65,0.45 0.000545889
0.45,0.7,0 2.30084e-10
0.45,0.7,0.05 9.40702
0.45,0.7,0.1 42.3081
0.45,0.7,0.15 26.1964
0.45,0.7,0.2 62.4625
0.45,0.7,0.25 48.0405
0.45,0.7,0.3 7.56011
0.45,0.7,0.35 0.545634
0.45,0.7,0.4 0.0117758
0.45,0.7,0.45 0.000227862
0.45,0.75,0 1.51239e-07
0.45,0.75,0.05 25.1008
0.45,0.75,0.1 109.411
0.45,0.75,0.15 53.0395
0.45,0.75,0.2 202.424
0.45,0.75,0.25 204.893
0.45,0.75,0.3 9.5186
0.45,0.75,0.35 5.75013e-05
0.45,0.75,0.4 3.92796e-05
0.45,0.75,0.45 7.60064e-07
0.45,0.8,0 4.88845e-07
0.45,0.8,0.05 80.8809
0.45,0.8,0.1 322.935
0.45,0.8,0.15 85.9592
0.45,0.8,0.2 79.3102
0.45,0.8,0.25 79.6736
0.45,0.8,0.3 3.5453
0.45,0.85,0 9.86054e-08
0.45,0.85,0.05 16.3123
0.45,0.85,0.1 64.8931
0.45,0.85,0.15 16.1447
0.45,0.85,0.2 0.223048
0.45,0.85,0.25 0.223965
0.45,0.85,0.3 0.00983165
0.45,0.9,0 1.66874e-12
0.45,0.9,0.05 0.000257712
0.45,0.9,0.1 0.00102509
0.45,0.9,0.15 0.00025484
0.5,0.05,0.15 0.00178954
0.5,0.05,0.2 0.0321151
0.5,0.05,0.25 1.67791
0.5,0.05,0.3 3.93023
0.5,0.05,0.35 0.569404
0.5,0.1,0 1.79421e-14
0.5,0.1,0.05 5.56593
0.5,0.1,0.1 22.3417
0.5,0.1,0.15 13.1447
0.5,0.1,0.2 24.4042
0.5,0.1,0.25 108.177
0.5,0.1,0.3 159.515
0.5,0.1,0.35 19.6687
0.5,0.15,0 6.65322e-12
0.5,0.15,0.05 38.6653
0.5,0.15,0.1 157.129
0.5,0.15,0.15 206.279
0.5,0.15,0.2 502.386
0.5,0.15,0.25 643.346
0.5,0.15,0.3 590.525
0.5,0.15,0.35 68.9457
0.5,0.2,0 6.63601e-11
0.5,0.2,0.05 114.795
0.5,0.2,0.1 471.238
0.5,0.2,0.15 460.881
0.5,0.2,0.2 803.652
0.5,0.2,0.25 586.138
0.5,0.2,0.3 352.634
0.5,0.2,0.35 45.2718
0.5,0.25,0 2.09885e-10
0.5,0.25,0.05 100.354
0.5,0.25,0.1 413.72
0.5,0.25,0.15 318.69
0.5,0.25,0.2 397.734
0.5,0.25,0.25 357.741
0.5,0.25,0.3 78.1419
0.5,0.25,0.35 2.1204
0.5,0.3,0 1.28025e-09
0.5,0.3,0.05 158.845
0.5,0.3,0.1 684.767
0.5,0.3,0.15 799.297
0.5,0.3,0.2 590.312
0.5,0.3,0.25 167.576
0.5,0.3,0.3 52.6301
0.5,0.3,0.35 47.42
0.5,0.3,0.4 6.80064
0.5,0.35,0 1.58361e-09
0.5,0.35,0.05 184.568
0.5,0.35,0.1 768.479
0.5,0.35,0.15 609.397
0.5,0.35,0.2 559.218
0.5,0.35,0.25 149.105
0.5,0.35,0.3 253.849
0.5,0.35,0.35 404.537
0.5,0.35,0.4 50.8533
0.5,0.4,0 1.06831e-09
0.5,0.4,0.05 97.1096
0.5,0.4,0.1 396.975
0.5,0.4,0.15 311.235
0.5,0.4,0.2 376.889
0.5,0.4,0.25 279.049
0.5,0.4,0.3 656.223
0.5,0.4,0.35 427.646
0.5,0.4,0.4 27.9996
0.5,0.4,0.45 2.71675e-05
0.5,0.45,0 1.66914e-09
0.5,0.45,0.05 106.812
0.5,0.45,0.1 440.423
0.5,0.45,0.15 382.633
0.5,0.45,0.2 441.351
0.5,0.45,0.25 553.217
0.5,0.45,0.3 349.678
0.5,0.45,0.35 95.6419
0.5,0.45,0.4 1.72743
0.5,0.45,0.45 0.00701059
0.5,0.5,0 5.01305e-09
0.5,0.5,0.05 145.991
0.5,0.5,0.1 586.786
0.5,0.5,0.15 372.843
0.5,0.5,0.2 545.834
0.5,0.5,0.25 263.208
0.5,0.5,0.3 225.854
0.5,0.5,0.35 143.15
0.5,0.5,0.4 67.0245
0.5,0.5,0.45 2.28148
0.5,0.55,0 6.35302e-09
0.5,0.55,0.05 177.253
0.5,0.55,0.1 719.104
0.5,0.55,0.15 640.349
0.5,0.55,0.2 812.081
0.5,0.55,0.25 158.251
0.5,0.55,0.3 245.583
0.5,0.55,0.35 257.077
0.5,0.55,0.4 163.279
0.5,0.55,0.45 5.57251
0.5,0.6,0 3.50025e-09
0.5,0.6,0.05 96.0384
0.5,0.6,0.1 393.27
0.5,0.6,0.15 440.725
0.5,0.6,0.2 533.904
0.5,0.6,0.25 72.498
0.5,0.6,0.3 26.2792
0.5,0.6,0.35 34.2785
0.5,0.6,0.4 24.446
0.5,0.6,0.45 0.834902
0.5,0.65,0 2.35742e-09
0.5,0.65,0.05 114.512
0.5,0.65,0.1 461.881
0.5,0.65,0.15 234.223
0.5,0.65,0.2 169.948
0.5,0.65,0.25 17.1239
0.5,0.65,0.3 0.0310008
0.5,0.7,0 5.65497e-10
0.5,0.7,0.05 31.2004
0.5,0.7,0.1 201.346
0.5,0.7,0.15 291.4
0.5,0.7,0.2 140.42
0.5,0.7,0.25 7.61587
0.5,0.7,0.3 0.0437816
0.5,0.75,0 1.29849e-08
0.5,0.75,0.05 9.67025
0.5,0.75,0.1 183.552
0.5,0.75,0.15 309.158
0.5,0.75,0.2 51.1354
0.5,0.75,0.25 7.13659
0.5,0.75,0.3 0.288842
0.5,0.8,0 1.6172e-07
0.5,0.8,0.05 32.0365
0.5,0.8,0.1 145.064
0.5,0.8,0.15 66.8295
0.5,0.8,0.2 6.69444
0.5,0.8,0.25 2.66675
0.5,0.8,0.3 0.117068
0.5,0.85,0 1.62527e-07
0.5,0.85,0.05 25.4813
0.5,0.85,0.1 101.363
0.5,0.85,0.15 25.2013
0.5,0.85,0.2 0.00754846
0.5,0.85,0.25 0.00758905
0.5,0.85,0.3 0.000333153
0.5,0.9,0 8.96276e-09
0.5,0.9,0.05 1.38416
0.5,0.9,0.1 5.50572
0.5,0.9,0.15 1.36874
0.55,0.05,0.2 3.1526e-05
0.55,0.05,0.25 0.00894368
0.55,0.05,0.3 0.0211987
0.55,0.05,0.35 0.00307162
0.55,0.1,0 7.32485e-14
0.55,0.1,0.05 0.0983646
0.55,0.1,0.1 1.65456
0.55,0.1,0.15 22.9661
0.55,0.1,0.2 26.3197
0.55,0.1,0.25 46.4163
0.55,0.1,0.3 32.8609
0.55,0.1,0.35 1.66285
0.55,0.15,0 2.13474e-11
0.55,0.15,0.05 30.4417
0.55,0.15,0.1 131.124
0.55,0.15,0.15 215.534
0.55,0.15,0.2 295.69
0.55,0.15,0.25 380.958
0.55,0.15,0.3 292.143
0.55,0.15,0.35 26.0005
0.55,0.2,0 5.9993e-11
0.55,0.2,0.05 104.58
0.55,0.2,0.1 442.147
0.55,0.2,0.15 583.203
0.55,0.2,0.2 740.417
0.55,0.2,0.25 375.368
0.55,0.2,0.3 295.201
0.55,0.2,0.35 38.5731
0.55,0.25,0 4.15041e-11
0.55,0.25,0.05 61.6139
0.55,0.25,0.1 275.968
0.55,0.25,0.15 566.784
0.55,0.25,0.2 662.348
0.55,0.25,0.25 790.212
0.55,0.25,0.3 468.796
0.55,0.25,0.35 37.4124
0.55,0.25,0.4 0.00291659
0.55,0.3,0 3.80522e-10
0.55,0.3,0.05 102.323
0.55,0.3,0.1 433.644
0.55,0.3,0.15 488.137
0.55,0.3,0.2 564.354
0.55,0.3,0.25 671.35
0.55,0.3,0.3 290.472
0.55,0.3,0.35 40.3959
0.55,0.3,0.4 3.87769
0.55,0.35,0 1.68104e-09
0.55,0.35,0.05 147.93
0.55,0.35,0.1 602.049
0.55,0.35,0.15 241.633
0.55,0.35,0.2 207.09
0.55,0.35,0.25 86.278
0.55,0.35,0.3 109.565
0.55,0.35,0.35 199.456
0.55,0.35,0.4 27.7434
0.55,0.4,0 1.13915e-09
0.55,0.4,0.05 78.5029
0.55,0.4,0.1 317.188
0.55,0.4,0.15 128.562
0.55,0.4,0.2 113.71
0.55,0.4,0.25 125.332
0.55,0.4,0.3 121.299
0.55,0.4,0.35 104.692
0.55,0.4,0.4 12.2617
0.55,0.45,0 1.94604e-09
0.55,0.45,0.05 112.884
0.55,0.45,0.1 453.581
0.55,0.45,0.15 285.918
0.55,0.45,0.2 454.704
0.55,0.45,0.25 403.094
0.55,0.45,0.3 107.806
0.55,0.45,0.35 9.52908
0.55,0.45,0.4 0.0881638
0.55,0.45,0.45 0.000159359
0.55,0.5,0 2.97876e-09
0.55,0.5,0.05 100.754
0.55,0.5,0.1 411.004
0.55,0.5,0.15 496.717
0.55,0.5,0.2 756.206
0.55,0.5,0.25 173.308
0.55,0.5,0.3 18.4975
0.55,0.5,0.35 1.95783
0.55,0.5,0.4 1.55096
0.55,0.5,0.45 0.0529733
0.55,0.55,0 4.29293e-09
0.55,0.55,0.05 85.3651
0.55,0.55,0.1 391.786
0.55,0.55,0.15 677.843
0.55,0.55,0.2 772.919
0.55,0.55,0.25 145.363
0.55,0.55,0.3 8.04141
0.55,0.55,0.35 4.59783
0.55,0.55,0.4 3.78828
0.55,0.55,0.45 0.12939
0.55,0.6,0 4.28921e-09
0.55,0.6,0.05 89.2118
0.55,0.6,0.1 392.788
0.55,0.6,0.15 424.709
0.55,0.6,0.2 358.783
0.55,0.6,0.25 76.6109
0.55,0.6,0.3 3.7927
0.55,0.6,0.35 0.684413
0.55,0.6,0.4 0.567581
0.55,0.6,0.45 0.0193859
0.55,0.65,0 8.54032e-10
0.55,0.65,0.05 60.0841
0.55,0.65,0.1 273.926
0.55,0.65,0.15 484.008
0.55,0.65,0.2 555.149
0.55,0.65,0.25 66.2721
0.55,0.65,0.3 0.254372
0.55,0.7,0 1.304e-10
0.55,0.7,0.05 42.1253
0.55,0.7,0.1 342.66
0.55,0.7,0.15 766.433
0.55,0.7,0.2 673.509
0.55,0.7,0.25 57.7227
0.55,0.7,0.3 0.0131714
0.55,0.75,0 1.43001e-08
0.55,0.75,0.05 80.9827
0.55,0.75,0.1 548.597
0.55,0.75,0.15 453.291
0.55,0.75,0.2 76.7563
0.55,0.75,0.25 3.59933
0.55,0.8,0 4.45858e-07
0.55,0.8,0.05 145.75
0.55,0.8,0.1 602.652
0.55,0.8,0.15 179.561
0.55,0.8,0.2 3.34902
0.55,0.85,0 5.23551e-07
0.55,0.85,0.05 89.3176
0.55,0.85,0.1 355.453
0.55,0.85,0.15 88.4116
0.55,0.9,0 2.99179e-08
0.55,0.9,0.05 5.75641
0.55,0.9,0.1 22.9211
0.55,0.9,0.15 5.70429
0.55,0.95,0 9.51499e-18
0.55,0.95,0.05 1.11451e-05
0.55,0.95,0.1 4.45676e-05
0.55,0.95,0.15 1.11387e-05
0.6,0.1,0 8.80317e-14
0.6,0.1,0.05 0.117816
0.6,0.1,0.1 3.82336
0.6,0.1,0.15 59.7041
0.6,0.1,0.2 51.3785
0.6,0.1,0.25 3.04777
0.6,0.1,0.3 0.88465
0.6,0.1,0.35 0.0212018
0.6,0.15,0 2.56653e-11
0.6,0.15,0.05 35.1138
0.6,0.15,0.1 161.987
0.6,0.15,0.15 423.054
0.6,0.15,0.2 340.373
0.6,0.15,0.25 25.6756
0.6,0.15,0.3 8.73209
0.6,0.15,0.35 0.415549
0.6,0.2,0 8.65063e-11
0.6,0.2,0.05 137.486
0.6,0.2,0.1 567.769
0.6,0.2,0.15 406.615
0.6,0.2,0.2 267.482
0.6,0.2,0.25 194.933
0.6,0.2,0.3 209.453
0.6,0.2,0.35 28.501
0.6,0.25,0 4.09361e-11
0.6,0.25,0.05 83.0558
0.6,0.25,0.1 445.582
0.6,0.25,0.15 623.184
0.6,0.25,0.2 487.326
0.6,0.25,0.25 715.163
0.6,0.25,0.3 575.538
0.6,0.25,0.35 75.1549
0.6,0.25,0.4 0.0456905
0.6,0.3,0 1.02456e-10
0.6,0.3,0.05 34.8008
0.6,0.3,0.1 297.698
0.6,0.3,0.15 557.27
0.6,0.3,0.2 708.903
0.6,0.3,0.25 755.813
0.6,0.3,0.3 520.354
0.6,0.3,0.35 130.924
0.6,0.3,0.4 0.437142
0.6,0.35,0 5.7752e-10
0.6,0.35,0.05 127.586
0.6,0.35,0.1 689.31
0.6,0.35,0.15 358.796
0.6,0.35,0.2 304.771
0.6,0.35,0.25 149.441
0.6,0.35,0.3 161.68
0.6,0.35,0.35 64.4327
0.6,0.35,0.4 0.51645
0.6,0.4,0 2.65865e-10
0.6,0.4,0.05 65.7932
0.6,0.4,0.1 324.006
0.6,0.4,0.15 172.058
0.6,0.4,0.2 173.458
0.6,0.4,0.25 34.5923
0.6,0.4,0.3 3.19331
0.6,0.4,0.35 1.45595
0.6,0.4,0.4 0.139738
0.6,0.45,0 9.10561e-10
0.6,0.45,0.05 155.002
0.6,0.45,0.1 620.587
0.6,0.45,0.15 383.701
0.6,0.45,0.2 593.75
0.6,0.45,0.25 122.505
0.6,0.45,0.3 5.54234
0.6,0.45,0.35 0.00403474
0.6,0.45,0.4 0.000581026
0.6,0.5,0 1.86368e-09
0.6,0.5,0.05 144.219
0.6,0.5,0.1 583.897
0.6,0.5,0.15 396.113
0.6,0.5,0.2 580.854
0.6,0.5,0.25 140.8
0.6,0.5,0.3 4.79695
0.6,0.55,0 5.17493e-10
0.6,0.55,0.05 20.6991
0.6,0.55,0.1 152.036
0.6,0.55,0.15 452.367
0.6,0.55,0.2 517.514
0.6,0.55,0.25 367.668
0.6,0.55,0.3 30.8667
0.6,0.6,0 3.70083e-10
0.6,0.6,0.05 11.646
0.6,0.6,0.1 116.936
0.6,0.6,0.15 573.857
0.6,0.6,0.2 671.026
0.6,0.6,0.25 318.429
0.6,0.6,0.3 17.4362
0.6,0.65,0 3.70421e-11
0.6,0.65,0.05 78.8731
0.6,0.65,0.1 430.58
0.6,0.65,0.15 797.636
0.6,0.65,0.2 870.319
0.6,0.65,0.25 210.832
0.6,0.65,0.3 2.11172
0.6,0.7,0 3.41557e-12
0.6,0.7,0.05 82.4227
0.6,0.7,0.1 582.173
0.6,0.7,0.15 851.766
0.6,0.7,0.2 556.914
0.6,0.7,0.25 61.5855
0.6,0.7,0.3 0.115248
0.6,0.75,0 3.47347e-09
0.6,0.75,0.05 94.1619
0.6,0.75,0.1 585.516
0.6,0.75,0.15 365.535
0.6,0.75,0.2 43.8337
0.6,0.75,0.25 2.56851
0.6,0.8,0 9.40025e-08
0.6,0.8,0.05 158.207
0.6,0.8,0.1 661.886
0.6,0.8,0.15 204.539
0.6,0.8,0.2 4.32218
0.6,0.8,0.25 1.64986e-08
0.6,0.85,0 1.09315e-07
0.6,0.85,0.05 109.33
0.6,0.85,0.1 437.334
0.6,0.85,0.15 110.105
0.6,0.85,0.2 0.117371
0.6,0.9,0 6.2527e-09
0.6,0.9,0.05 22.1589
0.6,0.9,0.1 88.5901
0.6,0.9,0.15 22.1361
0.6,0.95,0 1.77506e-16
0.6,0.95,0.05 0.000207916
0.6,0.95,0.1 0.000831427
0.6,0.95,0.15 0.000207798
0.65,0.1,0 5.21807e-15
0.65,0.1,0.05 0.00700022
0.65,0.1,0.1 1.55602
0.65,0.1,0.15 28.9536
0.65,0.1,0.2 25.8921
0.65,0.1,0.25 0.914246
0.65,0.15,0 2.15979e-12
0.65,0.15,0.05 5.2216
0.65,0.15,0.1 39.5348
0.65,0.15,0.15 315.52
0.65,0.15,0.2 280.681
0.65,0.15,0.25 24.0227
0.65,0.15,0.3 5.37651
0.65,0.15,0.35 0.0262204
0.65,0.2,0 2.3227e-11
0.65,0.2,0.05 56.5121
0.65,0.2,0.1 259.919
0.65,0.2,0.15 285.396
0.65,0.2,0.2 237.657
0.65,0.2,0.25 307.029
0.65,0.2,0.3 127.203
0.65,0.2,0.35 3.04638
0.65,0.25,0 2.25923e-11
0.65,0.25,0.05 70.5441
0.65,0.25,0.1 474.64
0.65,0.25,0.15 413.241
0.65,0.25,0.2 253.455
0.65,0.25,0.25 368.044
0.65,0.25,0.3 175.157
0.65,0.25,0.35 17.4973
0.65,0.25,0.4 0.0362513
0.65,0.3,0 1.37717e-12
0.65,0.3,0.05 32.5099
0.65,0.3,0.1 396.028
0.65,0.3,0.15 713.355
0.65,0.3,0.2 645.494
0.65,0.3,0.25 252.13
0.65,0.3,0.3 253.803
0.65,0.3,0.35 97.5318
0.65,0.3,0.4 0.311955
0.65,0.35,0 1.27621e-12
0.65,0.35,0.05 102.523
0.65,0.35,0.1 655.318
0.65,0.35,0.15 464.835
0.65,0.35,0.2 222.033
0.65,0.35,0.25 66.3043
0.65,0.35,0.3 119.928
0.65,0.35,0.35 49.3408
0.65,0.35,0.4 0.159125
0.65,0.4,0 3.85384e-11
0.65,0.4,0.05 86.7783
0.65,0.4,0.1 427.974
0.65,0.4,0.15 156.769
0.65,0.4,0.2 42.7068
0.65,0.4,0.25 6.63596
0.65,0.4,0.3 0.950603
0.65,0.4,0.35 0.394097
0.65,0.4,0.4 0.001271
0.65,0.45,0 2.4279e-10
0.65,0.45,0.05 158.81
0.65,0.45,0.1 636.301
0.65,0.45,0.15 235.029
0.65,0.45,0.2 275.462
