0,0.4,0.15 7.78042e-11
0,0.4,0.2 4.47074e-10
0,0.4,0.25 2.18242e-10
0,0.4,0.3 1.06806e-11
0,0.45,0.15 8.10111e-08
0,0.45,0.2 4.39675e-07
0,0.45,0.25 1.7263e-07
0,0.45,0.3 4.38285e-09
0,0.5,0.15 2.34277e-07
0,0.5,0.2 1.26553e-06
0,0.5,0.25 4.86609e-07
0,0.5,0.3 1.11173e-08
0,0.55,0.15 4.21038e-08
0,0.55,0.2 2.26438e-07
0,0.55,0.25 8.53361e-08
0,0.55,0.3 1.73685e-09
0.05,0.1,0.15 0.0112717
0.05,0.1,0.2 3.87795
0.05,0.1,0.25 9.53166
0.05,0.1,0.3 1.43802
0.05,0.15,0.05 0.00361684
0.05,0.15,0.1 0.0205841
0.05,0.15,0.15 0.0925623
0.05,0.15,0.2 29.4757
0.05,0.15,0.25 73.633
0.05,0.15,0.3 11.8423
0.05,0.15,0.35 0.0154695
0.05,0.2,0.05 0.0350349
0.05,0.2,0.1 0.304923
0.05,0.2,0.15 0.215651
0.05,0.2,0.2 16.9921
0.05,0.2,0.25 73.8934
0.05,0.2,0.3 31.2832
0.05,0.2,0.35 3.33702
0.05,0.2,0.4 5.42455
0.05,0.2,0.45 0.615468
0.05,0.25,0.05 0.153244
0.05,0.25,0.1 2.1123
0.05,0.25,0.15 1.55623
0.05,0.25,0.2 4.03003
0.05,0.25,0.25 47.0977
0.05,0.25,0.3 49.2015
0.05,0.25,0.35 46.7255
0.05,0.25,0.4 60.4069
0.05,0.25,0.45 6.81128
0.05,0.3,0.05 0.093939
0.05,0.3,0.1 1.34111
0.05,0.3,0.15 1.0004
0.05,0.3,0.2 0.237207
0.05,0.3,0.25 5.37903
0.05,0.3,0.3 43.0218
0.05,0.3,0.35 51.4664
0.05,0.3,0.4 38.1774
0.05,0.3,0.45 4.23656
0.05,0.35,0.05 0.00159904
0.05,0.35,0.1 0.368768
0.05,0.35,0.15 10.7685
0.05,0.35,0.2 12.5808
0.05,0.35,0.25 1.05817
0.05,0.35,0.3 5.26685
0.05,0.35,0.35 4.41028
0.05,0.35,0.4 0.672285
0.05,0.35,0.45 0.0638805
0.05,0.35,0.5 2.29451e-06
0.05,0.4,0.1 1.43273
0.05,0.4,0.15 44.6168
0.05,0.4,0.2 52.3442
0.05,0.4,0.25 3.07995
0.05,0.4,0.3 0.0125368
0.05,0.4,0.35 0.00376146
0.05,0.4,0.4 0.139979
0.05,0.4,0.45 0.182737
0.05,0.4,0.5 0.0123035
0.05,0.45,0.1 0.481098
0.05,0.45,0.15 19.3458
0.05,0.45,0.2 67.8322
0.05,0.45,0.25 52.8016
0.05,0.45,0.3 12.8682
0.05,0.45,0.35 1.45433
0.05,0.45,0.4 0.666058
0.05,0.45,0.45 0.621458
0.05,0.45,0.5 0.0410638
0.05,0.5,0.1 2.29929
0.05,0.5,0.15 29.9198
0.05,0.5,0.2 150.826
0.05,0.5,0.25 140.047
0.05,0.5,0.3 47.4254
0.05,0.5,0.35 21.5024
0.05,0.5,0.4 21.7564
0.05,0.5,0.45 5.2162
0.05,0.5,0.5 0.20684
0.05,0.55,0.1 2.25263
0.05,0.55,0.15 13.3187
0.05,0.55,0.2 28.1365
0.05,0.55,0.25 40.7311
0.05,0.55,0.3 83.7572
0.05,0.55,0.35 50.2677
0.05,0.55,0.4 82.3174
0.05,0.55,0.45 54.9429
0.05,0.55,0.5 2.61519
0.05,0.6,0.1 0.0944941
0.05,0.6,0.15 0.409309
0.05,0.6,0.2 0.110799
0.05,0.6,0.25 12.7321
0.05,0.6,0.3 52.3392
0.05,0.6,0.35 17.7822
0.05,0.6,0.4 38.4135
0.05,0.6,0.45 37.6199
0.05,0.6,0.5 1.84721
0.05,0.65,0.15 5.46137e-09
0.05,0.65,0.2 4.52611e-06
0.05,0.65,0.25 0.595126
0.05,0.65,0.3 2.31386
0.05,0.65,0.35 0.591156
0.05,0.65,0.4 0.731268
0.05,0.65,0.45 0.786464
0.05,0.65,0.5 0.0388444
0.05,0.7,0.15 1.14388e-08
0.05,0.7,0.2 4.47005e-05
0.05,0.7,0.25 2.72305
0.05,0.7,0.3 10.0739
0.05,0.7,0.35 2.32908
0.05,0.75,0.15 1.43833e-09
0.05,0.75,0.2 2.5633e-05
0.05,0.75,0.25 1.56497
0.05,0.75,0.3 5.78962
0.05,0.75,0.35 1.33855
0.05,0.8,0.2 3.05712e-07
0.05,0.8,0.25 0.0186762
0.05,0.8,0.3 0.0690928
0.05,0.8,0.35 0.0159741
0.1,0.05,0.15 0.000248079
0.1,0.05,0.2 0.00524152
0.1,0.05,0.25 0.00499586
0.1,0.05,0.3 0.0871707
0.1,0.05,0.35 0.477286
0.1,0.05,0.4 0.162875
0.1,0.05,0.45 0.000139319
0.1,0.1,0.15 0.0601822
0.1,0.1,0.2 20.183
0.1,0.1,0.25 49.7453
0.1,0.1,0.3 8.77033
0.1,0.1,0.35 6.37644
0.1,0.1,0.4 2.17538
0.1,0.1,0.45 0.00186076
0.1,0.15,0.05 3.76741
0.1,0.15,0.1 21.441
0.1,0.15,0.15 8.02061
0.1,0.15,0.2 153.608
0.1,0.15,0.25 387.073
0.1,0.15,0.3 65.0882
0.1,0.15,0.35 6.29914
0.1,0.15,0.4 4.79153
0.1,0.15,0.45 0.38166
0.1,0.2,0.05 24.6115
0.1,0.2,0.1 148.026
0.1,0.2,0.15 67.6684
0.1,0.2,0.2 124.773
0.1,0.2,0.25 464.895
0.1,0.2,0.3 214.075
0.1,0.2,0.35 46.1254
0.1,0.2,0.4 81.1264
0.1,0.2,0.45 9.39978
0.1,0.25,0.05 20.0295
0.1,0.25,0.1 208.684
0.1,0.25,0.15 175.259
0.1,0.25,0.2 131.204
0.1,0.25,0.25 455.793
0.1,0.25,0.3 465.025
0.1,0.25,0.35 310.705
0.1,0.25,0.4 371.919
0.1,0.25,0.45 42.043
0.1,0.3,0.05 7.19091
0.1,0.3,0.1 107.972
0.1,0.3,0.15 95.3512
0.1,0.3,0.2 27.0402
0.1,0.3,0.25 83.7198
0.1,0.3,0.3 356.881
0.1,0.3,0.35 342.252
0.1,0.3,0.4 211.277
0.1,0.3,0.45 23.2808
0.1,0.35,0.05 0.155521
0.1,0.35,0.1 5.66842
0.1,0.35,0.15 68.999
0.1,0.35,0.2 76.2842
0.1,0.35,0.25 6.84131
0.1,0.35,0.3 38.3665
0.1,0.35,0.35 31.581
0.1,0.35,0.4 3.87826
0.1,0.35,0.45 0.356654
0.1,0.35,0.5 0.000528252
0.1,0.4,0.05 2.80268e-11
0.1,0.4,0.1 9.06998
0.1,0.4,0.15 297.074
0.1,0.4,0.2 360.407
0.1,0.4,0.25 22.4949
0.1,0.4,0.3 0.197639
0.1,0.4,0.35 1.06426
0.1,0.4,0.4 32.2793
0.1,0.4,0.45 42.0788
0.1,0.4,0.5 2.83304
0.1,0.45,0.05 1.11059
0.1,0.45,0.1 10.5682
0.1,0.45,0.15 209.032
0.1,0.45,0.2 461.271
0.1,0.45,0.25 266.371
0.1,0.45,0.3 133.392
0.1,0.45,0.35 38.2723
0.1,0.45,0.4 116.109
0.1,0.45,0.45 141.386
0.1,0.45,0.5 9.4933
0.1,0.5,0.05 5.75855
0.1,0.5,0.1 74.9247
0.1,0.5,0.15 357.705
0.1,0.5,0.2 745.957
0.1,0.5,0.25 699.007
0.1,0.5,0.3 525.59
0.1,0.5,0.35 335.662
0.1,0.5,0.4 305.237
0.1,0.5,0.45 64.7686
0.1,0.5,0.5 3.00338
0.1,0.55,0.05 1.86073
0.1,0.55,0.1 57.6826
0.1,0.55,0.15 267.658
0.1,0.55,0.2 230.239
0.1,0.55,0.25 252.124
0.1,0.55,0.3 707.216
0.1,0.55,0.35 555.344
0.1,0.55,0.4 650.446
0.1,0.55,0.45 282.295
0.1,0.55,0.5 12.7603
0.1,0.6,0.05 0.000929813
0.1,0.6,0.1 2.11473
0.1,0.6,0.15 11.3347
0.1,0.6,0.2 7.34719
0.1,0.6,0.25 75.072
0.1,0.6,0.3 318.768
0.1,0.6,0.35 127.546
0.1,0.6,0.4 234.606
0.1,0.6,0.45 207.007
0.1,0.6,0.5 9.77062
0.1,0.65,0.1 0.339146
0.1,0.65,0.15 6.84699
0.1,0.65,0.2 44.7559
0.1,0.65,0.25 43.3579
0.1,0.65,0.3 38.3756
0.1,0.65,0.35 12.832
0.1,0.65,0.4 45.0155
0.1,0.65,0.45 32.9937
0.1,0.65,0.5 1.11858
0.1,0.7,0.1 0.540494
0.1,0.7,0.15 12.6215
0.1,0.7,0.2 89.0836
0.1,0.7,0.25 131.348
0.1,0.7,0.3 265.063
0.1,0.7,0.35 61.738
0.1,0.7,0.4 7.49929
0.1,0.7,0.45 2.80713
0.1,0.7,0.5 0.0544329
0.1,0.75,0.1 0.0482702
0.1,0.75,0.15 1.40377
0.1,0.75,0.2 10.968
0.1,0.75,0.25 47.2377
0.1,0.75,0.3 149.203
0.1,0.75,0.35 34.4378
0.1,0.75,0.4 0.0432099
0.1,0.75,0.45 0.0093648
0.1,0.8,0.2 7.8615e-06
0.1,0.8,0.25 0.480265
0.1,0.8,0.3 1.77675
0.1,0.8,0.35 0.410781
0.15,0.05,0 3.77742e-13
0.15,0.05,0.05 0.00767793
0.15,0.05,0.1 0.030678
0.15,0.05,0.15 0.645583
0.15,0.05,0.2 13.4783
0.15,0.05,0.25 12.8466
0.15,0.05,0.3 3.5119
0.15,0.05,0.35 16.4882
0.15,0.05,0.4 5.63964
0.15,0.05,0.45 0.00526234
0.15,0.1,0 2.55832e-10
0.15,0.1,0.05 5.19999
0.15,0.1,0.1 20.7771
0.15,0.1,0.15 9.56845
0.15,0.1,0.2 99.9529
0.15,0.1,0.25 116.807
0.15,0.1,0.3 53.5019
0.15,0.1,0.35 221.097
0.15,0.1,0.4 75.8348
0.15,0.1,0.45 0.0788688
0.15,0.15,0 7.00245e-10
0.15,0.15,0.05 25.1277
0.15,0.15,0.1 118.936
0.15,0.15,0.15 40.5591
0.15,0.15,0.2 111.399
0.15,0.15,0.25 345.983
0.15,0.15,0.3 155.009
0.15,0.15,0.35 169.392
0.15,0.15,0.4 73.6787
0.15,0.15,0.45 2.28643
0.15,0.2,0 1.18728e-10
0.15,0.2,0.05 72.9547
0.15,0.2,0.1 424.386
0.15,0.2,0.15 217.491
0.15,0.2,0.2 272.808
0.15,0.2,0.25 525.492
0.15,0.2,0.3 228.412
0.15,0.2,0.35 212.481
0.15,0.2,0.4 345.341
0.15,0.2,0.45 37.2117
0.15,0.25,0.05 52.4774
0.15,0.25,0.1 486.047
0.15,0.25,0.15 513.023
0.15,0.25,0.2 633.028
0.15,0.25,0.25 759.123
0.15,0.25,0.3 571.47
0.15,0.25,0.35 410.731
0.15,0.25,0.4 439.257
0.15,0.25,0.45 42.4849
0.15,0.3,0 2.09957e-10
0.15,0.3,0.05 20.379
0.15,0.3,0.1 365.221
0.15,0.3,0.15 437.306
0.15,0.3,0.2 205.067
0.15,0.3,0.25 203.418
0.15,0.3,0.3 315.625
0.15,0.3,0.35 226.596
0.15,0.3,0.4 107.362
0.15,0.3,0.45 8.87529
0.15,0.35,0 4.53044e-09
0.15,0.35,0.05 1.77727
0.15,0.35,0.1 50.0365
0.15,0.35,0.15 92.6758
0.15,0.35,0.2 42.6178
0.15,0.35,0.25 8.62679
0.15,0.35,0.3 18.5519
0.15,0.35,0.35 15.6047
0.15,0.35,0.4 2.02742
0.15,0.35,0.45 0.137748
0.15,0.35,0.5 0.00119983
0.15,0.4,0 4.37054e-09
0.15,0.4,0.05 0.600724
0.15,0.4,0.1 9.93783
0.15,0.4,0.15 202.006
0.15,0.4,0.2 244.953
0.15,0.4,0.25 17.67
0.15,0.4,0.3 2.23886
0.15,0.4,0.35 5.94935
0.15,0.4,0.4 76.5264
0.15,0.4,0.45 97.1252
0.15,0.4,0.5 6.48812
0.15,0.45,0 1.77984e-10
0.15,0.45,0.05 15.9166
0.15,0.45,0.1 76.2857
0.15,0.45,0.15 409.716
0.15,0.45,0.2 640.914
0.15,0.45,0.25 267.319
0.15,0.45,0.3 290.541
0.15,0.45,0.35 285.877
0.15,0.45,0.4 373.678
0.15,0.45,0.45 403.395
0.15,0.45,0.5 25.953
0.15,0.5,0 4.8352e-15
0.15,0.5,0.05 82.3997
0.15,0.5,0.1 390.797
0.15,0.5,0.15 606.749
0.15,0.5,0.2 737.878
0.15,0.5,0.25 582.946
0.15,0.5,0.3 774.495
0.15,0.5,0.35 734.824
0.15,0.5,0.4 504.669
0.15,0.5,0.45 227.08
0.15,0.5,0.5 12.546
0.15,0.55,0.05 26.6253
0.15,0.55,0.1 159.27
0.15,0.55,0.15 411.623
0.15,0.55,0.2 415.201
0.15,0.55,0.25 230.948
0.15,0.55,0.3 694.245
0.15,0.55,0.35 555.073
0.15,0.55,0.4 462.356
0.15,0.55,0.45 118.602
0.15,0.55,0.5 4.84569
0.15,0.6,0.05 0.0133048
0.15,0.6,0.1 2.39393
0.15,0.6,0.15 34.8292
0.15,0.6,0.2 91.2317
0.15,0.6,0.25 103.559
0.15,0.6,0.3 294.554
0.15,0.6,0.35 135.015
0.15,0.6,0.4 315.915
0.15,0.6,0.45 238.138
0.15,0.6,0.5 8.76123
0.15,0.65,0.1 14.0103
0.15,0.65,0.15 158.015
0.15,0.65,0.2 429.127
0.15,0.65,0.25 435.422
0.15,0.65,0.3 170.823
0.15,0.65,0.35 111.109
0.15,0.65,0.4 518.488
0.15,0.65,0.45 268.014
0.15,0.65,0.5 7.24803
0.15,0.7,0.1 22.3263
0.15,0.7,0.15 236.612
0.15,0.7,0.2 524.668
0.15,0.7,0.25 521.152
0.15,0.7,0.3 411.997
0.15,0.7,0.35 116.888
0.15,0.7,0.4 156.682
0.15,0.7,0.45 42.2965
0.15,0.7,0.5 0.42109
0.15,0.75,0.1 1.9939
0.15,0.75,0.15 21.92
0.15,0.75,0.2 53.7485
0.15,0.75,0.25 80.5881
0.15,0.75,0.3 189.542
0.15,0.75,0.35 54.5805
0.15,0.75,0.4 3.55974
0.15,0.75,0.45 0.381862
0.15,0.8,0.15 0.000969095
0.15,0.8,0.2 0.04925
0.15,0.8,0.25 1.04369
0.15,0.8,0.3 6.89939
0.15,0.8,0.35 3.6018
0.15,0.8,0.4 0.180534
0.15,0.8,0.45 0.00943055
0.2,0.05,0 2.59192e-12
0.2,0.05,0.05 0.0526829
0.2,0.05,0.1 0.2105
0.2,0.05,0.15 2.07054
0.2,0.05,0.2 42.6636
0.2,0.05,0.25 40.7272
0.2,0.05,0.3 5.644
0.2,0.05,0.35 23.958
0.2,0.05,0.4 9.31807
0.2,0.05,0.45 0.0465269
0.2,0.1,0 1.75541e-09
0.2,0.1,0.05 35.6802
0.2,0.1,0.1 142.564
0.2,0.1,0.15 49.4187
0.2,0.1,0.2 294.987
0.2,0.1,0.25 306.473
0.2,0.1,0.3 85.5679
0.2,0.1,0.35 389.612
0.2,0.1,0.4 169.406
0.2,0.1,0.45 1.37647
0.2,0.15,0 4.8048e-09
0.2,0.15,0.05 99.6193
0.2,0.15,0.1 402.481
0.2,0.15,0.15 155.066
0.2,0.15,0.2 250.006
0.2,0.15,0.25 567.01
0.2,0.15,0.3 285.471
0.2,0.15,0.35 342.09
0.2,0.15,0.4 165.722
0.2,0.15,0.45 2.43854
0.2,0.2,0 8.14661e-10
0.2,0.2,0.05 33.6852
0.2,0.2,0.1 164.962
0.2,0.2,0.15 273.069
0.2,0.2,0.2 443.661
0.2,0.2,0.25 516.402
0.2,0.2,0.3 270.034
0.2,0.2,0.35 336.23
0.2,0.2,0.4 278.665
0.2,0.2,0.45 16.9851
0.2,0.25,0.05 74.0333
0.2,0.25,0.1 402.967
0.2,0.25,0.15 322.843
0.2,0.25,0.2 617.913
0.2,0.25,0.25 533.818
0.2,0.25,0.3 509.604
0.2,0.25,0.35 879.906
0.2,0.25,0.4 495.253
0.2,0.25,0.45 18.0144
0.2,0.3,0 1.40098e-08
0.2,0.3,0.05 56.169
0.2,0.3,0.1 425.877
0.2,0.3,0.15 404.661
0.2,0.3,0.2 659.39
0.2,0.3,0.25 484.448
0.2,0.3,0.3 283.883
0.2,0.3,0.35 346.416
0.2,0.3,0.4 134.057
0.2,0.3,0.45 1.79109
0.2,0.35,0 3.02302e-07
0.2,0.35,0.05 43.5843
0.2,0.35,0.1 220.141
0.2,0.35,0.15 165.213
0.2,0.35,0.2 106.392
0.2,0.35,0.25 51.0147
0.2,0.35,0.3 6.58296
0.2,0.35,0.35 8.38266
0.2,0.35,0.4 5.36297
0.2,0.35,0.45 0.604711
0.2,0.35,0.5 0.000165686
0.2,0.4,0 2.91925e-07
0.2,0.4,0.05 48.2751
0.2,0.4,0.1 217.45
0.2,0.4,0.15 324.613
0.2,0.4,0.2 182.409
0.2,0.4,0.25 16.8998
0.2,0.4,0.3 7.05629
0.2,0.4,0.35 11.6464
0.2,0.4,0.4 49.9849
0.2,0.4,0.45 27.1708
0.2,0.4,0.5 0.997512
0.2,0.45,0 1.28893e-08
0.2,0.45,0.05 43.4404
0.2,0.45,0.1 225.048
0.2,0.45,0.15 530.418
0.2,0.45,0.2 485.097
0.2,0.45,0.25 187.215
0.2,0.45,0.3 373.094
0.2,0.45,0.35 386.931
0.2,0.45,0.4 495.812
0.2,0.45,0.45 294.549
0.2,0.45,0.5 11.7035
0.2,0.5,0 2.18887e-10
0.2,0.5,0.05 76.294
0.2,0.5,0.1 402.105
0.2,0.5,0.15 588.196
0.2,0.5,0.2 556.679
0.2,0.5,0.25 301.888
0.2,0.5,0.3 766.403
0.2,0.5,0.35 698.694
0.2,0.5,0.4 611.747
0.2,0.5,0.45 416.468
0.2,0.5,0.5 18.0642
0.2,0.55,0.05 25.3447
0.2,0.55,0.1 134.72
0.2,0.55,0.15 247.252
0.2,0.55,0.2 373.168
0.2,0.55,0.25 215.781
0.2,0.55,0.3 699.037
0.2,0.55,0.35 478.706
0.2,0.55,0.4 439.622
0.2,0.55,0.45 135.912
0.2,0.55,0.5 3.83952
0.2,0.6,0.05 0.257859
0.2,0.6,0.1 2.27125
0.2,0.6,0.15 174.553
0.2,0.6,0.2 588.644
0.2,0.6,0.25 278.007
0.2,0.6,0.3 540.653
0.2,0.6,0.35 337.212
0.2,0.6,0.4 480.331
0.2,0.6,0.45 140.671
0.2,0.6,0.5 2.95965
0.2,0.65,0.05 2.30837
0.2,0.65,0.1 38.5817
0.2,0.65,0.15 284.758
0.2,0.65,0.2 718.402
0.2,0.65,0.25 532.983
0.2,0.65,0.3 233.157
0.2,0.65,0.35 323.813
0.2,0.65,0.4 718.248
0.2,0.65,0.45 192.923
0.2,0.65,0.5 3.35725
0.2,0.7,0.05 4.25023
0.2,0.7,0.1 66.3888
0.2,0.7,0.15 307.529
0.2,0.7,0.2 437.536
0.2,0.7,0.25 497.334
0.2,0.7,0.3 446.133
0.2,0.7,0.35 404.795
0.2,0.7,0.4 366.564
0.2,0.7,0.45 52.8322
0.2,0.7,0.5 0.196348
0.2,0.75,0.05 0.457309
0.2,0.75,0.1 6.59889
0.2,0.75,0.15 28.8874
0.2,0.75,0.2 118.031
0.2,0.75,0.25 204.904
0.2,0.75,0.3 396.481
0.2,0.75,0.35 342.056
0.2,0.75,0.4 151.27
0.2,0.75,0.45 10.3269
0.2,0.8,0.15 0.122956
0.2,0.8,0.2 6.26653
0.2,0.8,0.25 15.032
0.2,0.8,0.3 62.6883
0.2,0.8,0.35 44.2718
0.2,0.8,0.4 9.27104
0.2,0.8,0.45 0.603337
0.25,0.05,0 1.08787e-12
0.25,0.05,0.05 0.0221119
0.25,0.05,0.1 0.0883507
0.25,0.05,0.15 0.42088
0.25,0.05,0.2 11.3039
0.25,0.05,0.25 18.2157
0.25,0.05,0.3 10.4999
0.25,0.05,0.35 12.1756
0.25,0.05,0.4 4.75112
0.25,0.05,0.45 0.0721535
0.25,0.1,0 7.36776e-10
0.25,0.1,0.05 14.9756
0.25,0.1,0.1 59.9093
0.25,0.1,0.15 20.5383
0.25,0.1,0.2 111.877
0.25,0.1,0.25 237.338
0.25,0.1,0.3 160.893
0.25,0.1,0.35 285.054
0.25,0.1,0.4 142.968
0.25,0.1,0.45 2.29798
0.25,0.15,0 2.01665e-09
0.25,0.15,0.05 41.3308
0.25,0.15,0.1 167.445
0.25,0.15,0.15 123.942
0.25,0.15,0.2 343.9
0.25,0.15,0.25 610.178
0.25,0.15,0.3 316.917
0.25,0.15,0.35 356.94
0.25,0.15,0.4 181.443
0.25,0.15,0.45 2.81044
0.25,0.2,0 3.41926e-10
0.25,0.2,0.05 12.449
0.25,0.2,0.1 67.2217
0.25,0.2,0.15 275.153
0.25,0.2,0.2 687.355
0.25,0.2,0.25 639.494
0.25,0.2,0.3 333.931
0.25,0.2,0.35 440.488
0.25,0.2,0.4 231.495
0.25,0.2,0.45 12.0937
0.25,0.25,0.05 38.9482
0.25,0.25,0.1 202.067
0.25,0.25,0.15 164.732
0.25,0.25,0.2 334.124
0.25,0.25,0.25 204.569
0.25,0.25,0.3 238.04
0.25,0.25,0.35 731.464
0.25,0.25,0.4 423.989
0.25,0.25,0.45 25.0292
0.25,0.3,0 2.25687e-08
0.25,0.3,0.05 31.103
0.25,0.3,0.1 158.531
0.25,0.3,0.15 131.22
0.25,0.3,0.2 390.763
