0,0.5,0.2 1.6713e-13
0,0.5,0.25 1.76933e-12
0,0.5,0.3 1.06416e-12
0,0.5,0.35 1.45637e-14
0,0.55,0.2 4.80151e-12
0,0.55,0.25 5.08315e-11
0,0.55,0.3 3.05724e-11
0,0.55,0.35 4.18405e-13
0,0.6,0.2 5.40268e-12
0,0.6,0.25 5.71958e-11
0,0.6,0.3 3.44002e-11
0,0.6,0.35 4.70791e-13
0,0.65,0.2 2.87889e-13
0,0.65,0.25 3.04776e-12
0,0.65,0.3 1.83306e-12
0,0.65,0.35 2.50867e-14
0.05,0.1,0.05 0.167227
0.05,0.1,0.1 8.39353
0.05,0.1,0.15 12.1464
0.05,0.1,0.2 0.951806
0.05,0.1,0.25 0.000250725
0.05,0.15,0 1.83915e-16
0.05,0.15,0.05 0.915385
0.05,0.15,0.1 45.9426
0.05,0.15,0.15 68.66
0.05,0.15,0.2 9.95348
0.05,0.15,0.25 0.622663
0.05,0.15,0.3 0.0411902
0.05,0.15,0.35 0.0837291
0.05,0.15,0.4 0.0107453
0.05,0.2,0 6.19752e-15
0.05,0.2,0.05 0.343277
0.05,0.2,0.1 15.7955
0.05,0.2,0.15 29.6279
0.05,0.2,0.2 17.3533
0.05,0.2,0.25 14.5972
0.05,0.2,0.3 16.1795
0.05,0.2,0.35 6.32095
0.05,0.2,0.4 0.72663
0.05,0.25,0 5.6899e-14
0.05,0.25,0.05 0.366861
0.05,0.25,0.1 1.48957
0.05,0.25,0.15 2.84584
0.05,0.25,0.2 7.30989
0.05,0.25,0.25 43.5211
0.05,0.25,0.3 50.0996
0.05,0.25,0.35 11.4071
0.05,0.25,0.4 1.17609
0.05,0.3,0 3.84023e-14
0.05,0.3,0.05 0.250637
0.05,0.3,0.1 1.00552
0.05,0.3,0.15 1.40755
0.05,0.3,0.2 3.22482
0.05,0.3,0.25 9.47066
0.05,0.3,0.3 10.0776
0.05,0.3,0.35 1.31104
0.05,0.3,0.4 0.107223
0.05,0.35,0 2.9298e-10
0.05,0.35,0.05 1.34787
0.05,0.35,0.1 5.38195
0.05,0.35,0.15 1.3983
0.05,0.35,0.2 0.137597
0.05,0.35,0.25 0.0210526
0.05,0.4,0 1.17859e-09
0.05,0.4,0.05 5.4024
0.05,0.4,0.1 21.5727
0.05,0.4,0.15 5.47672
0.05,0.4,0.2 0.2389
0.05,0.4,0.25 0.0526424
0.05,0.4,0.3 9.23285e-07
0.05,0.45,0 2.96394e-10
0.05,0.45,0.05 1.40132
0.05,0.45,0.1 5.63566
0.05,0.45,0.15 15.757
0.05,0.45,0.2 57.4649
0.05,0.45,0.25 14.9532
0.05,0.45,0.3 0.0114578
0.05,0.45,0.35 0.000697458
0.05,0.45,0.4 0.000200109
0.05,0.45,0.45 5.88635e-06
0.05,0.5,0 1.42835e-12
0.05,0.5,0.05 0.876939
0.05,0.5,0.1 3.54301
0.05,0.5,0.15 34.7729
0.05,0.5,0.2 140.069
0.05,0.5,0.25 40.4904
0.05,0.5,0.3 2.96557
0.05,0.5,0.35 0.0884243
0.05,0.5,0.4 0.00246354
0.05,0.5,0.45 7.22763e-05
0.05,0.55,0 1.33311e-12
0.05,0.55,0.05 0.818467
0.05,0.55,0.1 3.27403
0.05,0.55,0.15 6.17838
0.05,0.55,0.2 30.5596
0.05,0.55,0.25 73.3877
0.05,0.55,0.3 41.0911
0.05,0.55,0.35 0.81248
0.05,0.55,0.4 0.00294312
0.05,0.55,0.45 4.85243e-05
0.05,0.6,0 5.10195e-14
0.05,0.6,0.05 0.0313236
0.05,0.6,0.1 0.12525
0.05,0.6,0.15 0.451242
0.05,0.6,0.2 11.6083
0.05,0.6,0.25 73.6654
0.05,0.6,0.3 45.9027
0.05,0.6,0.35 5.14254
0.05,0.6,0.4 0.360121
0.05,0.6,0.45 8.98273e-07
0.05,0.65,0.15 0.821071
0.05,0.65,0.2 7.27087
0.05,0.65,0.25 7.36672
0.05,0.65,0.3 11.2906
0.05,0.65,0.35 13.8157
0.05,0.65,0.4 1.16968
0.05,0.7,0.15 9.84683
0.05,0.7,0.2 81.4869
0.05,0.7,0.25 40.2653
0.05,0.7,0.3 2.10814
0.05,0.7,0.35 2.80477
0.05,0.7,0.4 0.238713
0.05,0.75,0.15 6.70343
0.05,0.75,0.2 55.4739
0.05,0.75,0.25 27.3903
0.05,0.75,0.3 0.193606
0.05,0.8,0.15 0.128588
0.05,0.8,0.2 1.06413
0.05,0.8,0.25 0.525414
0.05,0.8,0.3 0.00371384
0.1,0,0.1 2.01027e-19
0.1,0,0.15 6.84176e-17
0.1,0,0.2 1.67834e-16
0.1,0,0.25 2.52659e-17
0.1,0.05,0.1 2.64753e-06
0.1,0.05,0.15 0.000901064
0.1,0.05,0.2 0.242754
0.1,0.05,0.25 1.85132
0.1,0.05,0.3 0.859157
0.1,0.05,0.35 0.00472751
0.1,0.1,0.05 0.860909
0.1,0.1,0.1 43.2111
0.1,0.1,0.15 62.5646
0.1,0.1,0.2 6.25588
0.1,0.1,0.25 7.88208
0.1,0.1,0.3 3.59899
0.1,0.1,0.35 0.0435752
0.1,0.1,0.4 1.87975e-06
0.1,0.15,0 1.61724e-12
0.1,0.15,0.05 7.50216
0.1,0.15,0.1 247.847
0.1,0.15,0.15 388.599
0.1,0.15,0.2 125.944
0.1,0.15,0.25 19.9135
0.1,0.15,0.3 7.53987
0.1,0.15,0.35 3.73168
0.1,0.15,0.4 0.278813
0.1,0.2,0 1.6235e-11
0.1,0.2,0.05 32.0617
0.1,0.2,0.1 203.026
0.1,0.2,0.15 290.89
0.1,0.2,0.2 330.224
0.1,0.2,0.25 131.753
0.1,0.2,0.3 167.049
0.1,0.2,0.35 153.502
0.1,0.2,0.4 18.8463
0.1,0.25,0 1.52925e-11
0.1,0.25,0.05 57.3643
0.1,0.25,0.1 229.802
0.1,0.25,0.15 151.322
0.1,0.25,0.2 236.853
0.1,0.25,0.25 321.541
0.1,0.25,0.3 415.761
0.1,0.25,0.35 252.363
0.1,0.25,0.4 30.5034
0.1,0.3,0 4.52776e-12
0.1,0.3,0.05 29.4396
0.1,0.3,0.1 117.921
0.1,0.3,0.15 96.3555
0.1,0.3,0.2 169.075
0.1,0.3,0.25 86.5771
0.1,0.3,0.3 74.5081
0.1,0.3,0.35 24.7618
0.1,0.3,0.4 2.78097
0.1,0.35,0 4.53774e-09
0.1,0.35,0.05 21.5211
0.1,0.35,0.1 85.9424
0.1,0.35,0.15 24.64
0.1,0.35,0.2 7.95159
0.1,0.35,0.25 1.21661
0.1,0.4,0 1.82539e-08
0.1,0.4,0.05 83.6724
0.1,0.4,0.1 334.355
0.1,0.4,0.15 89.5504
0.1,0.4,0.2 7.201
0.1,0.4,0.25 0.627348
0.1,0.4,0.3 0.000152029
0.1,0.45,0 4.60938e-09
0.1,0.45,0.05 24.3092
0.1,0.45,0.1 101.943
0.1,0.45,0.15 210.896
0.1,0.45,0.2 435.489
0.1,0.45,0.25 92.4077
0.1,0.45,0.3 0.982927
0.1,0.45,0.35 6.32809
0.1,0.45,0.4 5.16259
0.1,0.45,0.45 0.151861
0.1,0.5,0 1.41381e-10
0.1,0.5,0.05 49.3421
0.1,0.5,0.1 202.237
0.1,0.5,0.15 355.528
0.1,0.5,0.2 905.671
0.1,0.5,0.25 303.508
0.1,0.5,0.3 91.3554
0.1,0.5,0.35 84.5735
0.1,0.5,0.4 63.8263
0.1,0.5,0.45 1.86506
0.1,0.55,0 8.60537e-11
0.1,0.55,0.05 43.0804
0.1,0.55,0.1 174.031
0.1,0.55,0.15 141.026
0.1,0.55,0.2 350.236
0.1,0.55,0.25 551.419
0.1,0.55,0.3 425.976
0.1,0.55,0.35 163.763
0.1,0.55,0.4 50.7052
0.1,0.55,0.45 1.25323
0.1,0.6,0 2.61043e-12
0.1,0.6,0.05 2.20348
0.1,0.6,0.1 13.315
0.1,0.6,0.15 28.8501
0.1,0.6,0.2 227.619
0.1,0.6,0.25 451.377
0.1,0.6,0.3 431.273
0.1,0.6,0.35 221.865
0.1,0.6,0.4 15.2097
0.1,0.6,0.45 0.0234499
0.1,0.65,0.05 0.512591
0.1,0.65,0.1 11.3751
0.1,0.65,0.15 27.5879
0.1,0.65,0.2 56.2621
0.1,0.65,0.25 52.3984
0.1,0.65,0.3 210.955
0.1,0.65,0.35 280.322
0.1,0.65,0.4 23.1038
0.1,0.7,0.05 0.0420436
0.1,0.7,0.1 18.3305
0.1,0.7,0.15 101.345
0.1,0.7,0.2 368.292
0.1,0.7,0.25 201.812
0.1,0.7,0.3 63.9871
0.1,0.7,0.35 55.7107
0.1,0.7,0.4 4.65394
0.1,0.75,0.05 0.00522724
0.1,0.75,0.1 3.65838
0.1,0.75,0.15 42.4898
0.1,0.75,0.2 236.076
0.1,0.75,0.25 122.342
0.1,0.75,0.3 8.7758
0.1,0.75,0.35 0.228169
0.1,0.8,0.1 0.0551997
0.1,0.8,0.15 3.44845
0.1,0.8,0.2 8.82176
0.1,0.8,0.25 2.86915
0.1,0.8,0.3 0.0640761
0.1,0.8,0.35 8.53412e-05
0.1,0.85,0.1 0.00168009
0.1,0.85,0.15 0.0900006
0.1,0.85,0.2 0.219882
0.1,0.85,0.25 0.176086
0.1,0.85,0.3 0.0182828
0.1,0.9,0.15 2.46729e-06
0.1,0.9,0.2 0.000266859
0.1,0.9,0.25 0.000502058
0.1,0.9,0.3 5.5482e-05
0.15,0,0.1 2.5992e-15
0.15,0,0.15 8.84613e-13
0.15,0,0.2 2.17003e-12
0.15,0,0.25 3.26679e-13
0.15,0.05,0 3.77742e-13
0.15,0.05,0.05 0.00767793
0.15,0.05,0.1 0.0649096
0.15,0.05,0.15 11.6581
0.15,0.05,0.2 36.9143
0.15,0.05,0.25 67.8953
0.15,0.05,0.3 29.3508
0.15,0.05,0.35 0.15933
0.15,0.1,0 2.55832e-10
0.15,0.1,0.05 5.47625
0.15,0.1,0.1 34.7801
0.15,0.1,0.15 72.442
0.15,0.1,0.2 162.059
0.15,0.1,0.25 291.318
0.15,0.1,0.3 123.742
0.15,0.1,0.35 1.33851
0.15,0.1,0.4 5.32018e-05
0.15,0.15,0 7.0896e-10
0.15,0.15,0.05 25.4869
0.15,0.15,0.1 171.979
0.15,0.15,0.15 205.664
0.15,0.15,0.2 328.377
0.15,0.15,0.25 276.168
0.15,0.15,0.3 200.182
0.15,0.15,0.35 48.6318
0.15,0.15,0.4 0.300867
0.15,0.2,0 2.0535e-10
0.15,0.2,0.05 104.64
0.15,0.2,0.1 443.175
0.15,0.2,0.15 395.681
0.15,0.2,0.2 717.799
0.15,0.2,0.25 359.621
0.15,0.2,0.3 429.181
0.15,0.2,0.35 237.314
0.15,0.2,0.4 20.1194
0.15,0.25,0 6.20458e-11
0.15,0.25,0.05 149.867
0.15,0.25,0.1 599.941
0.15,0.25,0.15 343.243
0.15,0.25,0.2 509.469
0.15,0.25,0.25 449.965
0.15,0.25,0.3 419.626
0.15,0.25,0.35 270.161
0.15,0.25,0.4 32.5559
0.15,0.3,0 1.07221e-11
0.15,0.3,0.05 110.086
0.15,0.3,0.1 440.573
0.15,0.3,0.15 213.781
0.15,0.3,0.2 265.436
0.15,0.3,0.25 123.845
0.15,0.3,0.3 71.7184
0.15,0.3,0.35 24.864
0.15,0.3,0.4 2.96805
0.15,0.35,0 3.57402e-09
0.15,0.35,0.05 35.8095
0.15,0.35,0.1 143.128
0.15,0.35,0.15 40.6605
0.15,0.35,0.2 12.2433
0.15,0.35,0.25 1.88139
0.15,0.35,0.3 1.19044e-08
0.15,0.4,0 1.43752e-08
0.15,0.4,0.05 65.9344
0.15,0.4,0.1 270.292
0.15,0.4,0.15 109.644
0.15,0.4,0.2 23.7894
0.15,0.4,0.25 0.882638
0.15,0.4,0.3 0.0164963
0.15,0.45,0 3.91274e-09
0.15,0.45,0.05 38.9898
0.15,0.45,0.1 201.011
0.15,0.45,0.15 514.132
0.15,0.45,0.2 485.402
0.15,0.45,0.25 115.744
0.15,0.45,0.3 12.2539
0.15,0.45,0.35 26.143
0.15,0.45,0.4 18.8735
0.15,0.45,0.45 0.547664
0.15,0.5,0 1.33255e-09
0.15,0.5,0.05 145.732
0.15,0.5,0.1 609.593
0.15,0.5,0.15 655.53
0.15,0.5,0.2 837.383
0.15,0.5,0.25 450.968
0.15,0.5,0.3 217.687
0.15,0.5,0.35 373.776
0.15,0.5,0.4 266.596
0.15,0.5,0.45 9.43908
0.15,0.55,0 4.1979e-10
0.15,0.55,0.05 83.05
0.15,0.55,0.1 345.437
0.15,0.55,0.15 364.951
0.15,0.55,0.2 598.374
0.15,0.55,0.25 737.463
0.15,0.55,0.3 782.801
0.15,0.55,0.35 684.321
0.15,0.55,0.4 296.19
0.15,0.55,0.45 13.375
0.15,0.6,0 3.80718e-12
0.15,0.6,0.05 23.4423
0.15,0.6,0.1 217.728
0.15,0.6,0.15 176.567
0.15,0.6,0.2 308.267
0.15,0.6,0.25 472.458
0.15,0.6,0.3 720.318
0.15,0.6,0.35 527.631
0.15,0.6,0.4 61.7247
0.15,0.6,0.45 1.88496
0.15,0.65,0.05 36.5388
0.15,0.65,0.1 294.482
0.15,0.65,0.15 298.959
0.15,0.65,0.2 180.079
0.15,0.65,0.25 163.533
0.15,0.65,0.3 348.726
0.15,0.65,0.35 286.02
0.15,0.65,0.4 21.9169
0.15,0.65,0.45 8.11691e-05
0.15,0.7,0 1.16068e-09
0.15,0.7,0.05 10.4259
0.15,0.7,0.1 188.76
0.15,0.7,0.15 575.66
0.15,0.7,0.2 548.475
0.15,0.7,0.25 541.758
0.15,0.7,0.3 483.17
0.15,0.7,0.35 79.9097
0.15,0.7,0.4 4.23183
0.15,0.7,0.45 9.17199e-10
0.15,0.75,0 7.07272e-09
0.15,0.75,0.05 13.3996
0.15,0.75,0.1 89.3151
0.15,0.75,0.15 281.079
0.15,0.75,0.2 392.293
0.15,0.75,0.25 220.671
0.15,0.75,0.3 110.13
0.15,0.75,0.35 5.45929
0.15,0.8,0 2.66392e-09
0.15,0.8,0.05 5.02931
0.15,0.8,0.1 33.2452
0.15,0.8,0.15 170.671
0.15,0.8,0.2 265.672
0.15,0.8,0.25 164.16
0.15,0.8,0.3 15.842
0.15,0.8,0.35 0.00083837
0.15,0.85,0 4.85623e-12
0.15,0.85,0.05 0.00916832
0.15,0.85,0.1 1.84827
0.15,0.85,0.15 13.0093
0.15,0.85,0.2 38.903
0.15,0.85,0.25 58.786
0.15,0.85,0.3 6.45366
0.15,0.9,0.15 0.000870913
0.15,0.9,0.2 0.0941972
0.15,0.9,0.25 0.177219
0.15,0.9,0.3 0.0195843
0.2,0,0.1 1.21643e-14
0.2,0,0.15 3.22306e-12
0.2,0,0.2 7.76518e-12
0.2,0,0.25 1.15536e-12
0.2,0.05,0 2.59192e-12
0.2,0.05,0.05 0.0526829
0.2,0.05,0.1 0.4747
0.2,0.05,0.15 45.4237
0.2,0.05,0.2 122.39
0.2,0.05,0.25 130.059
0.2,0.05,0.3 48.4924
0.2,0.05,0.35 0.205055
0.2,0.1,0 1.75541e-09
0.2,0.1,0.05 35.7486
0.2,0.1,0.1 146.611
0.2,0.1,0.15 254.61
0.2,0.1,0.2 565.34
0.2,0.1,0.25 652.111
0.2,0.1,0.3 237.627
0.2,0.1,0.35 1.63887
0.2,0.1,0.4 0.000257715
0.2,0.15,0 4.92556e-09
0.2,0.15,0.05 106.283
0.2,0.15,0.1 442.998
0.2,0.15,0.15 258.174
0.2,0.15,0.2 489.257
0.2,0.15,0.25 470.508
0.2,0.15,0.3 349.307
0.2,0.15,0.35 76.0939
0.2,0.15,0.4 0.147419
0.2,0.2,0 2.02103e-09
0.2,0.2,0.05 101.632
0.2,0.2,0.1 417.175
0.2,0.2,0.15 365.991
0.2,0.2,0.2 773.037
0.2,0.2,0.25 477.211
0.2,0.2,0.3 808.785
0.2,0.2,0.35 224.4
0.2,0.2,0.4 1.35701
0.2,0.25,0 7.042e-10
0.2,0.25,0.05 146.545
0.2,0.25,0.1 588.707
0.2,0.25,0.15 357.071
0.2,0.25,0.2 506.735
0.2,0.25,0.25 420.188
0.2,0.25,0.3 470.132
0.2,0.25,0.35 106.489
0.2,0.25,0.4 1.67761
0.2,0.3,0 1.83293e-11
0.2,0.3,0.05 157.395
0.2,0.3,0.1 631.39
0.2,0.3,0.15 268.095
0.2,0.3,0.2 264.957
0.2,0.3,0.25 117.433
0.2,0.3,0.3 55.451
0.2,0.3,0.35 6.99392
0.2,0.3,0.4 0.147398
0.2,0.35,0 1.02756e-10
0.2,0.35,0.05 60.2225
0.2,0.35,0.1 241.088
0.2,0.35,0.15 65.2699
0.2,0.35,0.2 13.9401
0.2,0.35,0.25 3.05029
0.2,0.35,0.3 0.0219919
0.2,0.35,0.35 0.00726673
0.2,0.35,0.4 4.58935e-06
0.2,0.4,0 4.01931e-10
0.2,0.4,0.05 30.5621
0.2,0.4,0.1 162.442
0.2,0.4,0.15 183.558
0.2,0.4,0.2 41.9293
0.2,0.4,0.25 1.06331
0.2,0.4,0.3 0.0525161
0.2,0.45,0 4.4915e-10
0.2,0.45,0.05 41.5668
0.2,0.45,0.1 315.39
0.2,0.45,0.15 760.096
0.2,0.45,0.2 374.35
0.2,0.45,0.25 157.898
0.2,0.45,0.3 30.437
0.2,0.45,0.35 23.3403
0.2,0.45,0.4 5.65841
0.2,0.45,0.45 0.125562
0.2,0.5,0 1.26555e-09
0.2,0.5,0.05 96.019
0.2,0.5,0.1 430.094
0.2,0.5,0.15 572.581
0.2,0.5,0.2 717.466
0.2,0.5,0.25 695.871
0.2,0.5,0.3 372.525
0.2,0.5,0.35 462.841
0.2,0.5,0.4 201.026
0.2,0.5,0.45 10.783
0.2,0.55,0 3.27194e-10
0.2,0.55,0.05 47.1194
0.2,0.55,0.1 209.793
0.2,0.55,0.15 208.473
0.2,0.55,0.2 360.002
0.2,0.55,0.25 731.107
0.2,0.55,0.3 708.532
0.2,0.55,0.35 816.784
0.2,0.55,0.4 496.437
0.2,0.55,0.45 31.3058
0.2,0.6,0 1.09932e-12
0.2,0.6,0.05 62.8618
0.2,0.6,0.1 408.682
0.2,0.6,0.15 236.836
0.2,0.6,0.2 201.036
0.2,0.6,0.25 445.701
0.2,0.6,0.3 476.841
0.2,0.6,0.35 380.952
0.2,0.6,0.4 158.278
0.2,0.6,0.45 6.49136
0.2,0.65,0 3.91566e-12
0.2,0.65,0.05 125.917
0.2,0.65,0.1 662.358
0.2,0.65,0.15 560.236
0.2,0.65,0.2 491.782
0.2,0.65,0.25 279.358
0.2,0.65,0.3 276.094
0.2,0.65,0.35 96.2229
0.2,0.65,0.4 18.6358
0.2,0.65,0.45 0.0876046
0.2,0.7,0 8.45137e-09
0.2,0.7,0.05 65.8478
0.2,0.7,0.1 403
0.2,0.7,0.15 757.368
0.2,0.7,0.2 591.253
0.2,0.7,0.25 550.983
0.2,0.7,0.3 713.078
0.2,0.7,0.35 87.7178
0.2,0.7,0.4 0.906169
0.2,0.7,0.45 9.89918e-07
0.2,0.75,0 5.14609e-08
0.2,0.75,0.05 126.868
0.2,0.75,0.1 572.338
0.2,0.75,0.15 635.319
0.2,0.75,0.2 745.142
0.2,0.75,0.25 360.38
0.2,0.75,0.3 160.353
0.2,0.75,0.35 15.4087
0.2,0.75,0.4 0.0119444
0.2,0.8,0 1.93829e-08
0.2,0.8,0.05 47.4631
0.2,0.8,0.1 261.783
0.2,0.8,0.15 574.825
0.2,0.8,0.2 640.164
0.2,0.8,0.25 432.757
0.2,0.8,0.3 39.2875
0.2,0.8,0.35 0.000475841
0.2,0.85,0 3.53407e-11
0.2,0.85,0.05 0.0871858
0.2,0.85,0.1 11.2953
0.2,0.85,0.15 64.4468
0.2,0.85,0.2 102.985
0.2,0.85,0.25 144.816
0.2,0.85,0.3 15.9366
0.2,0.9,0.15 0.00215055
0.2,0.9,0.2 0.232602
0.2,0.9,0.25 0.437607
0.2,0.9,0.3 0.0483595
0.25,0,0.1 4.4342e-13
0.25,0,0.15 1.88157e-11
0.25,0,0.2 3.02295e-11
0.25,0,0.25 9.49296e-11
0.25,0,0.3 8.83967e-11
0.25,0,0.35 3.50098e-12
0.25,0.05,0 1.08787e-12
0.25,0.05,0.05 0.0221119
0.25,0.05,0.1 1.45082
0.25,0.05,0.15 57.7838
0.25,0.05,0.2 93.0548
0.25,0.05,0.25 70.0143
0.25,0.05,0.3 30.8059
0.25,0.05,0.35 0.567271
0.25,0.1,0 7.36776e-10
0.25,0.1,0.05 15.7293
0.25,0.1,0.1 90.9868
0.25,0.1,0.15 427.666
0.25,0.1,0.2 593.064
0.25,0.1,0.25 424.271
0.25,0.1,0.3 176.581
0.25,0.1,0.35 3.70753
0.25,0.1,0.4 0.0115297
0.25,0.15,0 2.17013e-09
0.25,0.15,0.05 56.6007
0.25,0.15,0.1 420.805
0.25,0.15,0.15 553.609
0.25,0.15,0.2 514.853
