0.25,0.05,0 1.08787e-12
0.25,0.05,0.05 0.0221119
0.25,0.05,0.1 0.824246
0.25,0.05,0.15 38.1111
0.25,0.05,0.2 61.771
0.25,0.05,0.25 34.9283
0.25,0.05,0.3 56.8799
0.25,0.05,0.35 9.00139
0.25,0.1,0 7.36776e-10
0.25,0.1,0.05 14.9756
0.25,0.1,0.1 63.0128
0.25,0.1,0.15 197.879
0.25,0.1,0.2 402.321
0.25,0.1,0.25 336.264
0.25,0.1,0.3 391.287
0.25,0.1,0.35 67.8908
0.25,0.1,0.4 0.00120869
0.25,0.15,0 2.01684e-09
0.25,0.15,0.05 48.3328
0.25,0.15,0.1 203.334
0.25,0.15,0.15 349.679
0.25,0.15,0.2 728.606
0.25,0.15,0.25 491.953
0.25,0.15,0.3 322.039
0.25,0.15,0.35 134.773
0.25,0.15,0.4 14.1614
0.25,0.2,0 3.4456e-10
0.25,0.2,0.05 83.8856
0.25,0.2,0.1 362.91
0.25,0.2,0.15 407.758
0.25,0.2,0.2 482.287
0.25,0.2,0.25 259.465
0.25,0.2,0.3 552.265
0.25,0.2,0.35 487.39
0.25,0.2,0.4 61.0978
0.25,0.25,0 6.80337e-12
0.25,0.25,0.05 87.6953
0.25,0.25,0.1 360.797
0.25,0.25,0.15 313.951
0.25,0.25,0.2 624.925
0.25,0.25,0.25 315.439
0.25,0.25,0.3 523.599
0.25,0.25,0.35 427.517
0.25,0.25,0.4 34.1616
0.25,0.3,0 5.48061e-12
0.25,0.3,0.05 44.6355
0.25,0.3,0.1 196.031
0.25,0.3,0.15 276.35
0.25,0.3,0.2 606.216
0.25,0.3,0.25 255.247
0.25,0.3,0.3 172.232
0.25,0.3,0.35 228.675
0.25,0.3,0.4 30.4525
0.25,0.35,0 3.44845e-11
0.25,0.35,0.05 74.8185
0.25,0.35,0.1 392.893
0.25,0.35,0.15 344.009
0.25,0.35,0.2 138.346
0.25,0.35,0.25 25.2748
0.25,0.35,0.3 21.4465
0.25,0.35,0.35 39.9619
0.25,0.35,0.4 6.07396
0.25,0.4,0 1.24574e-10
0.25,0.4,0.05 101.75
0.25,0.4,0.1 479.128
0.25,0.4,0.15 387.993
0.25,0.4,0.2 144.994
0.25,0.4,0.25 39.4149
0.25,0.4,0.3 2.81974
0.25,0.4,0.35 0.0344563
0.25,0.4,0.4 0.00271812
0.25,0.45,0 8.90119e-10
0.25,0.45,0.05 149.085
0.25,0.45,0.1 650.378
0.25,0.45,0.15 458.796
0.25,0.45,0.2 331.349
0.25,0.45,0.25 346.731
0.25,0.45,0.3 128.837
0.25,0.45,0.35 98.1875
0.25,0.45,0.4 48.5632
0.25,0.45,0.45 4.03796
0.25,0.45,0.5 2.52993e-08
0.25,0.5,0 1.69868e-09
0.25,0.5,0.05 181.483
0.25,0.5,0.1 733.936
0.25,0.5,0.15 341.47
0.25,0.5,0.2 379.009
0.25,0.5,0.25 602.575
0.25,0.5,0.3 677.557
0.25,0.5,0.35 568.816
0.25,0.5,0.4 406.707
0.25,0.5,0.45 40.6939
0.25,0.5,0.5 4.00108e-07
0.25,0.55,0 2.49174e-09
0.25,0.55,0.05 82.3284
0.25,0.55,0.1 409.897
0.25,0.55,0.15 347.049
0.25,0.55,0.2 356.134
0.25,0.55,0.25 463.905
0.25,0.55,0.3 677.676
0.25,0.55,0.35 658.535
0.25,0.55,0.4 447.799
0.25,0.55,0.45 38.8705
0.25,0.55,0.5 3.19415e-07
0.25,0.6,0 1.73455e-08
0.25,0.6,0.05 12.4131
0.25,0.6,0.1 186.741
0.25,0.6,0.15 413.607
0.25,0.6,0.2 561.053
0.25,0.6,0.25 483.11
0.25,0.6,0.3 443.406
0.25,0.6,0.35 536.53
0.25,0.6,0.4 346.513
0.25,0.6,0.45 22.4165
0.25,0.6,0.5 8.90358e-09
0.25,0.65,0 1.10698e-08
0.25,0.65,0.05 77.9971
0.25,0.65,0.1 345.499
0.25,0.65,0.15 404.395
0.25,0.65,0.2 509.904
0.25,0.65,0.25 244.831
0.25,0.65,0.3 423.742
0.25,0.65,0.35 298.622
0.25,0.65,0.4 111.044
0.25,0.65,0.45 7.79687
0.25,0.7,0 2.14309e-09
0.25,0.7,0.05 95.7807
0.25,0.7,0.1 465.413
0.25,0.7,0.15 450.519
0.25,0.7,0.2 406.843
0.25,0.7,0.25 300.377
0.25,0.7,0.3 245.774
0.25,0.7,0.35 61.2308
0.25,0.7,0.4 4.74214
0.25,0.7,0.45 0.291587
0.25,0.75,0 1.56936e-10
0.25,0.75,0.05 14.8021
0.25,0.75,0.1 284.156
0.25,0.75,0.15 572.729
0.25,0.75,0.2 558.518
0.25,0.75,0.25 317.844
0.25,0.75,0.3 199.41
0.25,0.75,0.35 26.1659
0.25,0.75,0.4 0.000272263
0.25,0.8,0.05 3.12763
0.25,0.8,0.1 126.946
0.25,0.8,0.15 280.682
0.25,0.8,0.2 231.262
0.25,0.8,0.25 110.854
0.25,0.8,0.3 85.4701
0.25,0.8,0.35 14.2656
0.25,0.85,0.05 0.0295661
0.25,0.85,0.1 1.23627
0.25,0.85,0.15 3.07499
0.25,0.85,0.2 1.78217
0.25,0.85,0.25 0.924627
0.25,0.85,0.3 0.99524
0.25,0.85,0.35 0.163549
0.3,0,0.1 8.98235e-13
0.3,0,0.15 3.69085e-11
0.3,0,0.2 7.2462e-11
0.3,0,0.25 4.93977e-10
0.3,0,0.3 4.6626e-10
0.3,0,0.35 1.84664e-11
0.3,0.05,0 3.73392e-15
0.3,0.05,0.05 0.145858
0.3,0.05,0.1 2.57167
0.3,0.05,0.15 59.8642
0.3,0.05,0.2 82.6713
0.3,0.05,0.25 82.1855
0.3,0.05,0.3 74.2584
0.3,0.05,0.35 3.27333
0.3,0.1,0 2.52885e-12
0.3,0.1,0.05 6.6393
0.3,0.1,0.1 57.1232
0.3,0.1,0.15 277.887
0.3,0.1,0.2 381.087
0.3,0.1,0.25 375.952
0.3,0.1,0.3 372.387
0.3,0.1,0.35 33.8256
0.3,0.1,0.4 0.00271114
0.3,0.15,0 1.31612e-11
0.3,0.15,0.05 14.673
0.3,0.15,0.1 109.314
0.3,0.15,0.15 366.707
0.3,0.15,0.2 482.961
0.3,0.15,0.25 294.598
0.3,0.15,0.3 553.8
0.3,0.15,0.35 230.002
0.3,0.15,0.4 23.807
0.3,0.2,0 7.51224e-11
0.3,0.2,0.05 78.8225
0.3,0.2,0.1 348.534
0.3,0.2,0.15 549.016
0.3,0.2,0.2 663.653
0.3,0.2,0.25 335.097
0.3,0.2,0.3 674.933
0.3,0.2,0.35 514.879
0.3,0.2,0.4 89.7562
0.3,0.25,0 6.99188e-10
0.3,0.25,0.05 99.2534
0.3,0.25,0.1 403.402
0.3,0.25,0.15 228.825
0.3,0.25,0.2 274.307
0.3,0.25,0.25 380.277
0.3,0.25,0.3 588.973
0.3,0.25,0.35 432.899
0.3,0.25,0.4 46.9724
0.3,0.3,0 2.80101e-09
0.3,0.3,0.05 33.5727
0.3,0.3,0.1 161.922
0.3,0.3,0.15 383.386
0.3,0.3,0.2 468.987
0.3,0.3,0.25 461.211
0.3,0.3,0.3 442.411
0.3,0.3,0.35 438.427
0.3,0.3,0.4 58.9463
0.3,0.35,0 7.57491e-10
0.3,0.35,0.05 37.647
0.3,0.35,0.1 309.372
0.3,0.35,0.15 759.443
0.3,0.35,0.2 555.356
0.3,0.35,0.25 83.3209
0.3,0.35,0.3 61.4885
0.3,0.35,0.35 78.9607
0.3,0.35,0.4 11.7793
0.3,0.35,0.45 4.51345e-07
0.3,0.4,0 3.37069e-11
0.3,0.4,0.05 107.027
0.3,0.4,0.1 554.81
0.3,0.4,0.15 766.054
0.3,0.4,0.2 461.723
0.3,0.4,0.25 49.5692
0.3,0.4,0.3 1.97015
0.3,0.4,0.35 0.35289
0.3,0.4,0.4 0.611951
0.3,0.4,0.45 0.0783893
0.3,0.45,0 5.33918e-10
0.3,0.45,0.05 76.9483
0.3,0.45,0.1 367.66
0.3,0.45,0.15 543.964
0.3,0.45,0.2 511.517
0.3,0.45,0.25 254.56
0.3,0.45,0.3 109.505
0.3,0.45,0.35 70.3809
0.3,0.45,0.4 13.4564
0.3,0.45,0.45 0.76595
0.3,0.5,0 1.13733e-09
0.3,0.5,0.05 120.554
0.3,0.5,0.1 485.785
0.3,0.5,0.15 208.633
0.3,0.5,0.2 225.216
0.3,0.5,0.25 345.531
0.3,0.5,0.3 611.395
0.3,0.5,0.35 383.186
0.3,0.5,0.4 67.012
0.3,0.5,0.45 3.77647
0.3,0.55,0 6.19814e-08
0.3,0.55,0.05 80.8254
0.3,0.55,0.1 330.893
0.3,0.55,0.15 231.181
0.3,0.55,0.2 294.974
0.3,0.55,0.25 385.456
0.3,0.55,0.3 671.785
0.3,0.55,0.35 247.646
0.3,0.55,0.4 71.4877
0.3,0.55,0.45 4.44804
0.3,0.6,0 5.15624e-07
0.3,0.6,0.05 68.8696
0.3,0.6,0.1 291.402
0.3,0.6,0.15 297.017
0.3,0.6,0.2 582.027
0.3,0.6,0.25 429.688
0.3,0.6,0.3 662.455
0.3,0.6,0.35 479.146
0.3,0.6,0.4 314.986
0.3,0.6,0.45 21.0262
0.3,0.65,0 2.57486e-07
0.3,0.65,0.05 78.9254
0.3,0.65,0.1 321.227
0.3,0.65,0.15 229.913
0.3,0.65,0.2 438.098
0.3,0.65,0.25 425.205
0.3,0.65,0.3 639.294
0.3,0.65,0.35 496.299
0.3,0.65,0.4 278.333
0.3,0.65,0.45 18.315
0.3,0.7,0 2.71045e-09
0.3,0.7,0.05 68.254
0.3,0.7,0.1 283.232
0.3,0.7,0.15 203.764
0.3,0.7,0.2 455.728
0.3,0.7,0.25 220.648
0.3,0.7,0.3 150.778
0.3,0.7,0.35 44.0518
0.3,0.7,0.4 12.0225
0.3,0.7,0.45 0.731502
0.3,0.75,0 8.54123e-11
0.3,0.75,0.05 8.40555
0.3,0.75,0.1 123.157
0.3,0.75,0.15 249.001
0.3,0.75,0.2 470.367
0.3,0.75,0.25 225.39
0.3,0.75,0.3 153.135
0.3,0.75,0.35 18.5503
0.3,0.75,0.4 8.76177e-06
0.3,0.8,0.05 1.38799
0.3,0.8,0.1 53.4351
0.3,0.8,0.15 95.6722
0.3,0.8,0.2 108.749
0.3,0.8,0.25 41.6
0.3,0.8,0.3 20.3336
0.3,0.8,0.35 2.45696
0.3,0.85,0.05 0.013121
0.3,0.85,0.1 0.50594
0.3,0.85,0.15 0.687056
0.3,0.85,0.2 0.0800665
0.3,0.85,0.25 0.00595054
0.3,0.85,0.3 0.0029476
0.3,0.85,0.35 0.000508162
0.35,0,0.1 1.0915e-13
0.35,0,0.15 4.48499e-12
0.35,0,0.2 1.36352e-11
0.35,0,0.25 1.61573e-10
0.35,0,0.3 1.53173e-10
0.35,0,0.35 6.06646e-12
0.35,0.05,0.05 0.667713
0.35,0.05,0.1 5.33869
0.35,0.05,0.15 9.61715
0.35,0.05,0.2 11.006
0.35,0.05,0.25 26.5872
0.35,0.05,0.3 24.002
0.35,0.05,0.35 0.939609
0.35,0.1,0.05 30.2266
0.35,0.1,0.1 235.372
0.35,0.1,0.15 139.284
0.35,0.1,0.2 58.9493
0.35,0.1,0.25 173.588
0.35,0.1,0.3 133.347
0.35,0.1,0.35 9.40815
0.35,0.1,0.4 0.000707115
0.35,0.15,0 7.49772e-12
0.35,0.15,0.05 48.4932
0.35,0.15,0.1 368.249
0.35,0.15,0.15 233.495
0.35,0.15,0.2 143.358
0.35,0.15,0.25 277.763
0.35,0.15,0.3 229.094
0.35,0.15,0.35 51.283
0.35,0.15,0.4 2.73655
0.35,0.2,0 8.8934e-11
0.35,0.2,0.05 100.105
0.35,0.2,0.1 438.867
0.35,0.2,0.15 416.122
0.35,0.2,0.2 486.848
0.35,0.2,0.25 372.488
0.35,0.2,0.3 472.435
0.35,0.2,0.35 145.753
0.35,0.2,0.4 12.5527
0.35,0.25,0 3.37495e-09
0.35,0.25,0.05 167.011
0.35,0.25,0.1 715.523
0.35,0.25,0.15 547.775
0.35,0.25,0.2 295.439
0.35,0.25,0.25 352.935
0.35,0.25,0.3 693.871
0.35,0.25,0.35 318.737
0.35,0.25,0.4 16.9048
0.35,0.3,0 1.42764e-08
0.35,0.3,0.05 130.281
0.35,0.3,0.1 548.861
0.35,0.3,0.15 492.09
0.35,0.3,0.2 373.754
0.35,0.3,0.25 615.211
0.35,0.3,0.3 776.701
0.35,0.3,0.35 185.439
0.35,0.3,0.4 10.4242
0.35,0.35,0 3.84325e-09
0.35,0.35,0.05 90.9089
0.35,0.35,0.1 398.223
0.35,0.35,0.15 503.494
0.35,0.35,0.2 444.59
0.35,0.35,0.25 213.129
0.35,0.35,0.3 147.312
0.35,0.35,0.35 23.8418
0.35,0.35,0.4 1.353
0.35,0.35,0.45 4.08885e-05
0.35,0.4,0 7.27609e-11
0.35,0.4,0.05 165.017
0.35,0.4,0.1 792.253
0.35,0.4,0.15 758.985
0.35,0.4,0.2 415.887
0.35,0.4,0.25 43.9689
0.35,0.4,0.3 13.6924
0.35,0.4,0.35 27.3633
0.35,0.4,0.4 53.0206
0.35,0.4,0.45 7.09876
0.35,0.45,0 1.92851e-09
0.35,0.45,0.05 96.9152
0.35,0.45,0.1 511.235
0.35,0.45,0.15 708.636
0.35,0.45,0.2 676.112
0.35,0.45,0.25 199.412
0.35,0.45,0.3 123.304
0.35,0.45,0.35 279.617
0.35,0.45,0.4 254.617
0.35,0.45,0.45 26.9426
0.35,0.5,0 2.49667e-09
0.35,0.5,0.05 144.986
0.35,0.5,0.1 606.031
0.35,0.5,0.15 402.178
0.35,0.5,0.2 594.243
0.35,0.5,0.25 640.363
0.35,0.5,0.3 601.564
0.35,0.5,0.35 485.675
0.35,0.5,0.4 150.493
0.35,0.5,0.45 6.47625
0.35,0.55,0 7.25879e-08
0.35,0.55,0.05 90.4856
0.35,0.55,0.1 387.491
0.35,0.55,0.15 442.943
0.35,0.55,0.2 620.768
0.35,0.55,0.25 439.862
0.35,0.55,0.3 429.523
0.35,0.55,0.35 144.539
0.35,0.55,0.4 30.522
0.35,0.55,0.45 0.898411
0.35,0.6,0 5.99473e-07
0.35,0.6,0.05 93.6075
0.35,0.6,0.1 422.283
0.35,0.6,0.15 624.092
0.35,0.6,0.2 944.978
0.35,0.6,0.25 498.531
0.35,0.6,0.3 575.637
0.35,0.6,0.35 573.016
0.35,0.6,0.4 329.518
0.35,0.6,0.45 13.4
0.35,0.65,0 2.98019e-07
0.35,0.65,0.05 114.475
0.35,0.65,0.1 491.226
0.35,0.65,0.15 411.304
0.35,0.65,0.2 502.837
0.35,0.65,0.25 629.19
0.35,0.65,0.3 591.956
0.35,0.65,0.35 625.544
0.35,0.65,0.4 300.74
0.35,0.65,0.45 10.5067
0.35,0.7,0 2.2604e-09
0.35,0.7,0.05 76.3821
0.35,0.7,0.1 306.223
0.35,0.7,0.15 101.87
0.35,0.7,0.2 163.482
0.35,0.7,0.25 506.232
0.35,0.7,0.3 392.038
0.35,0.7,0.35 107.107
0.35,0.7,0.4 14.142
0.35,0.7,0.45 0.291217
0.35,0.75,0 6.48878e-09
0.35,0.75,0.05 4.15854
0.35,0.75,0.1 17.0151
0.35,0.75,0.15 43.1596
0.35,0.75,0.2 240.047
0.35,0.75,0.25 583.465
0.35,0.75,0.3 507.123
0.35,0.75,0.35 76.5507
0.35,0.75,0.4 0.528248
0.35,0.8,0 2.09747e-08
0.35,0.8,0.05 2.1676
0.35,0.8,0.1 8.83028
0.35,0.8,0.15 11.2993
0.35,0.8,0.2 48.4593
0.35,0.8,0.25 86.8993
0.35,0.8,0.3 63.3201
0.35,0.8,0.35 6.71523
0.35,0.8,0.4 0.00894199
0.35,0.85,0 4.23295e-09
0.35,0.85,0.05 0.436244
0.35,0.85,0.1 1.73586
0.35,0.85,0.15 0.433559
0.35,0.85,0.2 0.00019434
0.4,0,0.2 4.56167e-15
0.4,0,0.25 9.59092e-14
0.4,0,0.3 9.1156e-14
0.4,0,0.35 3.61026e-15
0.4,0.05,0.05 0.191055
0.4,0.05,0.1 1.47737
0.4,0.05,0.15 0.688627
0.4,0.05,0.2 0.730697
0.4,0.05,0.25 3.40383
0.4,0.05,0.3 1.25945
0.4,0.05,0.35 0.177504
0.4,0.05,0.4 0.00304945
0.4,0.1,0.05 12.6915
0.4,0.1,0.1 101.1
0.4,0.1,0.15 53.8182
0.4,0.1,0.2 52.4663
0.4,0.1,0.25 233.454
0.4,0.1,0.3 78.2544
0.4,0.1,0.35 7.63528
0.4,0.1,0.4 0.131495
0.4,0.15,0 4.44343e-13
0.4,0.15,0.05 41.5789
0.4,0.15,0.1 418.005
0.4,0.15,0.15 329.531
0.4,0.15,0.2 214.304
0.4,0.15,0.25 633.418
0.4,0.15,0.3 178.106
0.4,0.15,0.35 11.0174
0.4,0.15,0.4 0.178709
0.4,0.2,0 5.28064e-12
0.4,0.2,0.05 49.0324
0.4,0.2,0.1 362.639
0.4,0.2,0.15 457.45
0.4,0.2,0.2 409.5
0.4,0.2,0.25 425.758
0.4,0.2,0.3 142.826
0.4,0.2,0.35 10.4064
0.4,0.2,0.4 0.18828
0.4,0.25,0 1.05768e-09
0.4,0.25,0.05 93.3536
0.4,0.25,0.1 431.601
0.4,0.25,0.15 485.962
0.4,0.25,0.2 283.724
0.4,0.25,0.25 157.541
0.4,0.25,0.3 168.722
0.4,0.25,0.35 31.3141
0.4,0.25,0.4 0.891608
0.4,0.3,0 4.53798e-09
0.4,0.3,0.05 109.24
0.4,0.3,0.1 454.544
0.4,0.3,0.15 277.669
0.4,0.3,0.2 309.819
0.4,0.3,0.25 489.6
0.4,0.3,0.3 358.899
0.4,0.3,0.35 41.6664
0.4,0.3,0.4 0.283179
0.4,0.35,0 1.22202e-09
0.4,0.35,0.05 55.5086
0.4,0.35,0.1 227.18
0.4,0.35,0.15 150.329
0.4,0.35,0.2 260.805
0.4,0.35,0.25 548.323
0.4,0.35,0.3 499.169
0.4,0.35,0.35 95.9859
0.4,0.35,0.4 1.05134
0.4,0.35,0.45 7.29294e-05
0.4,0.4,0 4.32869e-11
0.4,0.4,0.05 58.0362
0.4,0.4,0.1 281.485
0.4,0.4,0.15 414.269
0.4,0.4,0.2 367.353
0.4,0.4,0.25 234.221
0.4,0.4,0.3 360.196
0.4,0.4,0.35 155.926
0.4,0.4,0.4 98.0638
0.4,0.4,0.45 12.6609
0.4,0.45,0 1.16736e-09
0.4,0.45,0.05 53.4842
0.4,0.45,0.1 287.068
0.4,0.45,0.15 528.535
0.4,0.45,0.2 549.518
0.4,0.45,0.25 286.028
0.4,0.45,0.3 254.861
0.4,0.45,0.35 410.893
0.4,0.45,0.4 425.329
0.4,0.45,0.45 51.0459
0.4,0.5,0 1.37084e-09
0.4,0.5,0.05 67.4155
0.4,0.5,0.1 334.474
0.4,0.5,0.15 475.775
0.4,0.5,0.2 698.331
0.4,0.5,0.25 577.962
0.4,0.5,0.3 451.431
0.4,0.5,0.35 682.968
0.4,0.5,0.4 299.757
0.4,0.5,0.45 27.587
0.4,0.55,0 1.13367e-08
0.4,0.55,0.05 49.1959
0.4,0.55,0.1 257.551
0.4,0.55,0.15 392.762
0.4,0.55,0.2 468.398
0.4,0.55,0.25 330.856
0.4,0.55,0.3 153.234
0.4,0.55,0.35 235.135
0.4,0.55,0.4 78.6715
0.4,0.55,0.45 5.74421
0.4,0.6,0 6.01546e-08
0.4,0.6,0.05 147.668
0.4,0.6,0.1 613.251
0.4,0.6,0.15 378.81
0.4,0.6,0.2 607.879
0.4,0.6,0.25 374.504
0.4,0.6,0.3 244.074
0.4,0.6,0.35 232.303
0.4,0.6,0.4 145.409
0.4,0.6,0.45 5.76305
0.4,0.65,0 2.32439e-08
0.4,0.65,0.05 72.0671
0.4,0.65,0.1 302.239
0.4,0.65,0.15 240.709
0.4,0.65,0.2 502.203
0.4,0.65,0.25 446.032
0.4,0.65,0.3 373.242
0.4,0.65,0.35 256.966
0.4,0.65,0.4 122.501
0.4,0.65,0.45 4.25049
0.4,0.7,0 2.16872e-10
0.4,0.7,0.05 17.1986
0.4,0.7,0.1 69.0847
0.4,0.7,0.15 24.9539
0.4,0.7,0.2 74.7817
0.4,0.7,0.25 257.714
0.4,0.7,0.3 412.946
0.4,0.7,0.35 220.928
0.4,0.7,0.4 8.41495
0.4,0.7,0.45 0.099284
0.4,0.75,0 2.05596e-07
0.4,0.75,0.05 21.9332
0.4,0.75,0.1 87.1903
0.4,0.75,0.15 21.7264
0.4,0.75,0.2 42.4349
0.4,0.75,0.25 229.566
0.4,0.75,0.3 306.763
0.4,0.75,0.35 139.495
0.4,0.75,0.4 2.40809
0.4,0.8,0 6.64996e-07
0.4,0.8,0.05 68.5247
0.4,0.8,0.1 272.347
0.4,0.8,0.15 67.6664
0.4,0.8,0.2 6.37375
0.4,0.8,0.25 31.668
0.4,0.8,0.3 18.5738
0.4,0.8,0.35 3.22376
0.4,0.8,0.4 0.0407632
0.4,0.85,0 1.34204e-07
0.4,0.85,0.05 13.8291
0.4,0.85,0.1 54.9628
0.4,0.85,0.15 13.6529
0.45,0.05,0.05 1.53572e-05
0.45,0.05,0.1 0.000118752
0.45,0.05,0.15 5.53524e-05
0.45,0.05,0.2 0.15884
0.45,0.05,0.25 1.07913
0.45,0.05,0.3 4.26802
0.45,0.05,0.35 2.6495
