0.65,0.45,0.2 249.106
0.65,0.45,0.25 91.053
0.65,0.45,0.3 0.541383
0.65,0.5,0 4.43237e-10
0.65,0.5,0.05 93.5215
0.65,0.5,0.1 375.056
0.65,0.5,0.15 222.532
0.65,0.5,0.2 646.609
0.65,0.5,0.25 251.618
0.65,0.5,0.3 2.95957
0.65,0.55,0 8.64303e-11
0.65,0.55,0.05 43.7373
0.65,0.55,0.1 181.357
0.65,0.55,0.15 283.168
0.65,0.55,0.2 682.263
0.65,0.55,0.25 223.334
0.65,0.55,0.3 13.1014
0.65,0.6,0 1.89008e-11
0.65,0.6,0.05 33.9095
0.65,0.6,0.1 161.602
0.65,0.6,0.15 365.902
0.65,0.6,0.2 638.126
0.65,0.6,0.25 178.19
0.65,0.6,0.3 7.27265
0.65,0.65,0 7.9513e-13
0.65,0.65,0.05 15.4836
0.65,0.65,0.1 185.126
0.65,0.65,0.15 401.527
0.65,0.65,0.2 309.728
0.65,0.65,0.25 104.731
0.65,0.65,0.3 1.56251
0.65,0.7,0 1.69037e-12
0.65,0.7,0.05 12.9776
0.65,0.7,0.1 193.439
0.65,0.7,0.15 574.299
0.65,0.7,0.2 247.276
0.65,0.7,0.25 26.4679
0.65,0.7,0.3 0.110979
0.65,0.75,0 3.29649e-10
0.65,0.75,0.05 27.3523
0.65,0.75,0.1 256.02
0.65,0.75,0.15 487.75
0.65,0.75,0.2 128.782
0.65,0.75,0.25 7.78404
0.65,0.75,0.3 0.000943332
0.65,0.8,0 7.41904e-10
0.65,0.8,0.05 73.3418
0.65,0.8,0.1 389.284
0.65,0.8,0.15 340.002
0.65,0.8,0.2 45.9936
0.65,0.8,0.25 0.0409857
0.65,0.8,0.3 5.07054e-06
0.65,0.85,0 1.7205e-10
0.65,0.85,0.05 77.8838
0.65,0.85,0.1 314.748
0.65,0.85,0.15 87.0908
0.65,0.85,0.2 1.59643
0.65,0.9,0 1.99767e-11
0.65,0.9,0.05 18.789
0.65,0.9,0.1 75.1345
0.65,0.9,0.15 18.7783
0.65,0.95,0 1.57188e-16
0.65,0.95,0.05 0.000184117
0.65,0.95,0.1 0.000736258
0.65,0.95,0.15 0.000184012
0.7,0.1,0.05 1.36096e-05
0.7,0.1,0.1 0.139067
0.7,0.1,0.15 3.49364
0.7,0.1,0.2 3.6681
0.7,0.1,0.25 0.173839
0.7,0.15,0 1.44708e-14
0.7,0.15,0.05 6.65681
0.7,0.15,0.1 84.0539
0.7,0.15,0.15 99.9238
0.7,0.15,0.2 47.6377
0.7,0.15,0.25 3.04526
0.7,0.15,0.3 0.791893
0.7,0.15,0.35 0.0309448
0.7,0.2,0 4.1016e-13
0.7,0.2,0.05 31.6314
0.7,0.2,0.1 400.792
0.7,0.2,0.15 307.289
0.7,0.2,0.2 38.795
0.7,0.2,0.25 24.8539
0.7,0.2,0.3 22.0228
0.7,0.2,0.35 0.860583
0.7,0.25,0 4.58364e-13
0.7,0.25,0.05 29.5876
0.7,0.25,0.1 429.628
0.7,0.25,0.15 339.415
0.7,0.25,0.2 37.8679
0.7,0.25,0.25 37.137
0.7,0.25,0.3 24.6879
0.7,0.25,0.35 1.06054
0.7,0.25,0.4 0.000402928
0.7,0.3,0 1.10058e-10
0.7,0.3,0.05 7.10354
0.7,0.3,0.1 119.109
0.7,0.3,0.15 151.867
0.7,0.3,0.2 129.427
0.7,0.3,0.25 48.8892
0.7,0.3,0.3 3.67697
0.7,0.3,0.35 0.969444
0.7,0.3,0.4 0.00342919
0.7,0.35,0 1.22827e-08
0.7,0.35,0.05 46.2358
0.7,0.35,0.1 216.401
0.7,0.35,0.15 127.766
0.7,0.35,0.2 60.1299
0.7,0.35,0.25 12.8771
0.7,0.35,0.3 1.15724
0.7,0.35,0.35 0.465037
0.7,0.35,0.4 0.00173324
0.7,0.4,0 2.4111e-08
0.7,0.4,0.05 153.913
0.7,0.4,0.1 641.785
0.7,0.4,0.15 253.35
0.7,0.4,0.2 46.7112
0.7,0.4,0.25 0.631371
0.7,0.4,0.3 0.00869728
0.7,0.4,0.35 0.00359105
0.7,0.4,0.4 1.33842e-05
0.7,0.45,0 3.1509e-09
0.7,0.45,0.05 102.978
0.7,0.45,0.1 509.825
0.7,0.45,0.15 280.411
0.7,0.45,0.2 66.0663
0.7,0.45,0.25 15.9424
0.7,0.45,0.3 0.101054
0.7,0.5,0 4.18644e-10
0.7,0.5,0.05 104.897
0.7,0.5,0.1 512.05
0.7,0.5,0.15 399.549
0.7,0.5,0.2 313.3
0.7,0.5,0.25 68.3293
0.7,0.5,0.3 0.250715
0.7,0.55,0 1.09361e-10
0.7,0.55,0.05 86.8688
0.7,0.55,0.1 397.661
0.7,0.55,0.15 436.18
0.7,0.55,0.2 562.659
0.7,0.55,0.25 90.5981
0.7,0.55,0.3 0.0384462
0.7,0.6,0 3.93614e-11
0.7,0.6,0.05 69.2082
0.7,0.6,0.1 312.835
0.7,0.6,0.15 323.108
0.7,0.6,0.2 453.551
0.7,0.6,0.25 67.4149
0.7,0.6,0.3 0.00990415
0.7,0.65,0 1.6194e-12
0.7,0.65,0.05 4.65364
0.7,0.65,0.1 202.489
0.7,0.65,0.15 387.741
0.7,0.65,0.2 120.806
0.7,0.65,0.25 19.4469
0.7,0.65,0.3 0.0152434
0.7,0.7,0 3.08274e-14
0.7,0.7,0.05 0.652293
0.7,0.7,0.1 79.4456
0.7,0.7,0.15 270.482
0.7,0.7,0.2 412.278
0.7,0.7,0.25 109.998
0.7,0.7,0.3 0.0145845
0.7,0.75,0 6.0956e-12
0.7,0.75,0.05 0.531806
0.7,0.75,0.1 49.363
0.7,0.75,0.15 180.223
0.7,0.75,0.2 202.054
0.7,0.75,0.25 50.7481
0.7,0.75,0.3 0.00628849
0.7,0.8,0 2.01839e-09
0.7,0.8,0.05 11.3497
0.7,0.8,0.1 84.2893
0.7,0.8,0.15 120.351
0.7,0.8,0.2 19.7047
0.7,0.8,0.25 0.272724
0.7,0.8,0.3 3.38015e-05
0.7,0.85,0 8.01202e-09
0.7,0.85,0.05 41.2824
0.7,0.85,0.1 166.212
0.7,0.85,0.15 44.942
0.7,0.85,0.2 0.65499
0.7,0.9,0 2.00013e-09
0.7,0.9,0.05 10.3149
0.7,0.9,0.1 41.1903
0.7,0.9,0.15 10.2803
0.7,0.95,0 5.43256e-18
0.7,0.95,0.05 6.36324e-06
0.7,0.95,0.1 2.54457e-05
0.7,0.95,0.15 6.35962e-06
0.75,0.1,0.05 7.74796e-06
0.75,0.1,0.1 9.60776e-05
0.75,0.1,0.15 6.49628e-05
0.75,0.1,0.2 1.22469e-06
0.75,0.15,0.05 3.77241
0.75,0.15,0.1 46.7792
0.75,0.15,0.15 31.6297
0.75,0.15,0.2 0.596289
0.75,0.2,0.05 15.8521
0.75,0.2,0.1 200.226
0.75,0.2,0.15 137.395
0.75,0.2,0.2 2.70495
0.75,0.25,0.05 9.11738
0.75,0.25,0.1 128.469
0.75,0.25,0.15 95.3523
0.75,0.25,0.2 2.28149
0.75,0.25,0.25 1.15184e-05
0.75,0.25,0.3 6.31077e-08
0.75,0.3,0 2.39404e-10
0.75,0.3,0.05 1.9205
0.75,0.3,0.1 24.2632
0.75,0.3,0.15 18.5807
0.75,0.3,0.2 0.889063
0.75,0.3,0.25 0.00570679
0.75,0.3,0.3 2.63965e-07
0.75,0.35,0 2.61389e-08
0.75,0.35,0.05 55.2273
0.75,0.35,0.1 235.449
0.75,0.35,0.15 210.855
0.75,0.35,0.2 92.285
0.75,0.35,0.25 1.20558
0.75,0.35,0.3 6.90053e-08
0.75,0.4,0 4.95974e-08
0.75,0.4,0.05 127.094
0.75,0.4,0.1 558.134
0.75,0.4,0.15 501.502
0.75,0.4,0.2 208.26
0.75,0.4,0.25 2.6927
0.75,0.4,0.3 2.17972e-13
0.75,0.45,0 5.61921e-09
0.75,0.45,0.05 29.1773
0.75,0.45,0.1 302.289
0.75,0.45,0.15 399.839
0.75,0.45,0.2 111.954
0.75,0.45,0.25 5.4227
0.75,0.5,0 4.98228e-11
0.75,0.5,0.05 14.5445
0.75,0.5,0.1 250.724
0.75,0.5,0.15 643.303
0.75,0.5,0.2 405.806
0.75,0.5,0.25 29.5229
0.75,0.55,0 1.50571e-11
0.75,0.55,0.05 20.8478
0.75,0.55,0.1 202.79
0.75,0.55,0.15 473.112
0.75,0.55,0.2 277.662
0.75,0.55,0.25 24.0894
0.75,0.6,0 6.74582e-12
0.75,0.6,0.05 28.622
0.75,0.6,0.1 127.818
0.75,0.6,0.15 107.993
0.75,0.6,0.2 112.705
0.75,0.6,0.25 15.2279
0.75,0.65,0 4.06947e-13
0.75,0.65,0.05 11.9088
0.75,0.65,0.1 72.6599
0.75,0.65,0.15 66.7642
0.75,0.65,0.2 30.9839
0.75,0.65,0.25 6.67366
0.75,0.65,0.3 0.000728565
0.75,0.7,0 6.07228e-15
0.75,0.7,0.05 0.595352
0.75,0.7,0.1 11.282
0.75,0.7,0.15 50.5465
0.75,0.7,0.2 155.55
0.75,0.7,0.25 44.9462
0.75,0.7,0.3 0.00557088
0.75,0.75,0 2.65197e-11
0.75,0.75,0.05 0.114511
0.75,0.75,0.1 0.60112
0.75,0.75,0.15 15.6552
0.75,0.75,0.2 71.0065
0.75,0.75,0.25 20.7487
0.75,0.75,0.3 0.00257171
0.75,0.8,0 6.47176e-09
0.75,0.8,0.05 30.6452
0.75,0.8,0.1 122.481
0.75,0.8,0.15 30.9485
0.75,0.8,0.2 0.438422
0.75,0.8,0.25 0.111527
0.75,0.8,0.3 1.38233e-05
0.75,0.85,0 2.26947e-08
0.75,0.85,0.05 108.816
0.75,0.85,0.1 434.495
0.75,0.85,0.15 108.441
0.75,0.85,0.2 0.00199337
0.75,0.9,0 5.3693e-09
0.75,0.9,0.05 25.8896
0.75,0.9,0.1 103.375
0.75,0.9,0.15 25.7978
0.8,0.05,0 1.96048e-11
0.8,0.05,0.05 1.15495
0.8,0.05,0.1 4.61623
0.8,0.05,0.15 1.15317
0.8,0.1,0 2.31151e-10
0.8,0.1,0.05 13.6174
0.8,0.1,0.1 54.4276
0.8,0.1,0.15 13.5964
0.8,0.1,0.2 1.41904e-08
0.8,0.15,0 1.50684e-10
0.8,0.15,0.05 8.92074
0.8,0.15,0.1 36.0228
0.8,0.15,0.15 9.22984
0.8,0.15,0.2 0.00690918
0.8,0.2,0 2.58221e-12
0.8,0.2,0.05 0.320341
0.8,0.2,0.1 2.69401
0.8,0.2,0.15 1.56233
0.8,0.2,0.2 0.0265899
0.8,0.25,0.05 0.040462
0.8,0.25,0.1 0.501745
0.8,0.25,0.15 0.339255
0.8,0.25,0.2 0.00639575
0.8,0.3,0 3.14688e-11
0.8,0.3,0.05 0.0575682
0.8,0.3,0.1 0.249815
0.8,0.3,0.15 0.265813
0.8,0.3,0.2 0.123458
0.8,0.3,0.25 0.00161279
0.8,0.35,0 3.42241e-09
0.8,0.35,0.05 6.44834
0.8,0.35,0.1 30.015
0.8,0.35,0.15 50.8436
0.8,0.35,0.2 26.3027
0.8,0.35,0.25 0.343605
0.8,0.4,0 6.49485e-09
0.8,0.4,0.05 16.6009
0.8,0.4,0.1 77.7119
0.8,0.4,0.15 118.676
0.8,0.4,0.2 58.981
0.8,0.4,0.25 0.767462
0.8,0.45,0 7.68415e-10
0.8,0.45,0.05 7.05689
0.8,0.45,0.1 49.3585
0.8,0.45,0.15 60.6678
0.8,0.45,0.2 24.3692
0.8,0.45,0.25 1.25415
0.8,0.5,0 5.16545e-12
0.8,0.5,0.05 4.02934
0.8,0.5,0.1 40.6608
0.8,0.5,0.15 108.401
0.8,0.5,0.2 86.6277
0.8,0.5,0.25 6.57963
0.8,0.55,0 1.29552e-11
0.8,0.55,0.05 73.7357
0.8,0.55,0.1 312.432
0.8,0.55,0.15 140.477
0.8,0.55,0.2 36.5941
0.8,0.55,0.25 2.35473
0.8,0.6,0 1.35796e-11
0.8,0.6,0.05 141.424
0.8,0.6,0.1 566.919
0.8,0.6,0.15 145.093
0.8,0.6,0.2 0.812283
0.8,0.6,0.25 0.0244216
0.8,0.65,0 1.51337e-12
0.8,0.65,0.05 76.9784
0.8,0.65,0.1 307.891
0.8,0.65,0.15 76.9836
0.8,0.65,0.2 0.0680632
0.8,0.65,0.25 0.0187047
0.8,0.65,0.3 2.17851e-06
0.8,0.7,0 2.27173e-13
0.8,0.7,0.05 4.71673
0.8,0.7,0.1 18.8652
0.8,0.7,0.15 4.81399
0.8,0.7,0.2 0.4595
0.8,0.7,0.25 0.134396
0.8,0.7,0.3 1.66577e-05
0.8,0.75,0 2.78316e-10
0.8,0.75,0.05 1.40664
0.8,0.75,0.1 5.61753
0.8,0.75,0.15 1.44743
0.8,0.75,0.2 0.212121
0.8,0.75,0.25 0.0620416
0.8,0.75,0.3 7.68977e-06
0.8,0.8,0 1.35993e-08
0.8,0.8,0.05 59.6748
0.8,0.8,0.1 238.268
0.8,0.8,0.15 59.4856
0.8,0.8,0.2 0.0131464
0.8,0.8,0.25 0.000378251
0.8,0.8,0.3 4.13335e-08
0.8,0.85,0 2.1173e-08
0.8,0.85,0.05 93.7068
0.8,0.85,0.1 374.185
0.8,0.85,0.15 93.6505
0.8,0.85,0.2 0.121435
0.8,0.85,0.25 0.000452809
0.8,0.9,0 2.16719e-09
0.8,0.9,0.05 9.81897
0.8,0.9,0.1 39.2285
0.8,0.9,0.15 9.94875
0.8,0.9,0.2 0.0705127
0.8,0.9,0.25 0.00026293
0.8,0.95,0.1 0.000291359
0.8,0.95,0.15 0.00203606
0.8,0.95,0.2 0.000868621
0.8,0.95,0.25 3.23893e-06
0.85,0.05,0 1.24806e-10
0.85,0.05,0.05 7.35247
0.85,0.05,0.1 29.3872
0.85,0.05,0.15 7.34114
0.85,0.1,0 1.47152e-09
0.85,0.1,0.05 86.6892
0.85,0.1,0.1 346.489
0.85,0.1,0.15 86.5556
0.85,0.15,0 9.59267e-10
0.85,0.15,0.05 56.5117
0.85,0.15,0.1 225.873
0.85,0.15,0.15 56.4246
0.85,0.2,0 1.64385e-11
0.85,0.2,0.05 0.968414
0.85,0.2,0.1 3.87067
0.85,0.2,0.15 0.966922
0.85,0.3,0.1 1.48462e-06
0.85,0.3,0.15 1.53977e-05
0.85,0.3,0.2 9.11627e-06
0.85,0.3,0.25 1.1909e-07
0.85,0.35,0 2.45974e-11
0.85,0.35,0.05 2.3201
0.85,0.35,0.1 9.2746
0.85,0.35,0.15 2.32032
0.85,0.35,0.2 0.00194222
0.85,0.35,0.25 2.53722e-05
0.85,0.4,0 6.45751e-10
0.85,0.4,0.05 61.1168
0.85,0.4,0.1 244.307
0.85,0.4,0.15 61.0437
0.85,0.4,0.2 0.00433806
0.85,0.4,0.25 5.66702e-05
0.85,0.45,0 8.11633e-10
0.85,0.45,0.05 92.088
0.85,0.45,0.1 368.127
0.85,0.45,0.15 91.9765
0.85,0.45,0.2 0.000587698
0.85,0.45,0.25 7.67739e-06
0.85,0.5,0 2.36502e-10
0.85,0.5,0.05 49.713
0.85,0.5,0.1 198.753
0.85,0.5,0.15 49.6637
0.85,0.55,0 2.50876e-11
0.85,0.55,0.05 37.5337
0.85,0.55,0.1 150.104
0.85,0.55,0.15 37.5184
0.85,0.6,0 6.1264e-12
0.85,0.6,0.05 61.2836
0.85,0.6,0.1 245.105
0.85,0.6,0.15 61.2689
0.85,0.65,0 4.26584e-12
0.85,0.65,0.05 57.2783
0.85,0.65,0.1 229.088
0.85,0.65,0.15 57.2658
0.85,0.7,0 8.47068e-12
0.85,0.7,0.05 60.7193
0.85,0.7,0.1 242.84
0.85,0.7,0.15 60.7005
0.85,0.75,0 1.79695e-10
0.85,0.75,0.05 10.525
0.85,0.75,0.1 42.0858
0.85,0.75,0.15 10.5179
0.85,0.8,0 7.95205e-09
0.85,0.8,0.05 72.5733
0.85,0.8,0.1 291.831
0.85,0.8,0.15 85.5233
0.85,0.8,0.2 5.5971
0.85,0.8,0.25 0.0208706
0.85,0.85,0 1.09868e-08
0.85,0.85,0.05 89.5657
0.85,0.85,0.1 376.807
0.85,0.85,0.15 222.04
0.85,0.85,0.2 56.6109
0.85,0.85,0.25 0.211092
0.85,0.9,0 8.06315e-10
0.85,0.9,0.05 5.64828
0.85,0.9,0.1 33.5887
0.85,0.9,0.15 82.6852
0.85,0.9,0.2 32.8719
0.85,0.9,0.25 0.122573
0.85,0.95,0.1 0.135827
0.85,0.95,0.15 0.949178
0.85,0.95,0.2 0.404937
0.85,0.95,0.25 0.00150994
0.9,0.05,0 4.89436e-11
0.9,0.05,0.05 2.88334
0.9,0.05,0.1 11.5245
0.9,0.05,0.15 2.87889
0.9,0.1,0 5.77069e-10
0.9,0.1,0.05 33.9959
0.9,0.1,0.1 135.879
0.9,0.1,0.15 33.9435
0.9,0.15,0 3.76185e-10
0.9,0.15,0.05 22.1616
0.9,0.15,0.1 88.578
0.9,0.15,0.15 22.1274
0.9,0.2,0 6.4465e-12
0.9,0.2,0.05 0.379772
0.9,0.2,0.1 1.51792
0.9,0.2,0.15 0.379187
0.9,0.35,0 1.70941e-11
0.9,0.35,0.05 1.61237
0.9,0.35,0.1 6.44522
0.9,0.35,0.15 1.61024
0.9,0.4,0 4.50633e-10
0.9,0.4,0.05 42.8894
0.9,0.4,0.1 171.445
0.9,0.4,0.15 42.8331
0.9,0.45,0 7.03592e-10
0.9,0.45,0.05 95.1206
0.9,0.45,0.1 380.265
0.9,0.45,0.15 95.0117
0.9,0.5,0 3.98094e-10
0.9,0.5,0.05 85.7577
0.9,0.5,0.1 342.86
0.9,0.5,0.15 85.6722
0.9,0.55,0 3.57798e-11
0.9,0.55,0.05 8.13557
0.9,0.55,0.1 32.5264
0.9,0.55,0.15 8.12763
0.9,0.6,0 4.9626e-14
0.9,0.6,0.05 0.390584
0.9,0.6,0.1 1.56212
0.9,0.6,0.15 0.390474
0.9,0.65,0 5.07433e-12
0.9,0.65,0.05 35.6869
0.9,0.65,0.1 142.725
0.9,0.65,0.15 35.6757
0.9,0.7,0 1.17393e-11
0.9,0.7,0.05 82.3675
0.9,0.7,0.1 329.418
0.9,0.7,0.15 82.3416
0.9,0.75,0 2.30819e-11
0.9,0.75,0.05 13.8493
0.9,0.75,0.1 55.3843
0.9,0.75,0.15 13.8429
0.9,0.8,0 6.31785e-10
0.9,0.8,0.05 61.7132
0.9,0.8,0.1 251.559
0.9,0.8,0.15 95.5987
0.9,0.8,0.2 14.4891
0.9,0.8,0.25 0.0540272
0.9,0.85,0 7.26178e-10
0.9,0.85,0.05 68.1559
0.9,0.85,0.1 321.608
0.9,0.85,0.15 411.579
0.9,0.85,0.2 146.547
0.9,0.85,0.25 0.546449
0.9,0.9,0 4.0616e-11
0.9,0.9,0.05 3.52351
0.9,0.9,0.1 42.6282
0.9,0.9,0.15 202.982
0.9,0.9,0.2 85.0946
0.9,0.9,0.25 0.317303
0.9,0.95,0.1 0.351611
0.9,0.95,0.15 2.45711
0.9,0.95,0.2 1.04825
0.9,0.95,0.25 0.00390874
0.95,0.05,0 1.15116e-13
0.95,0.05,0.05 0.00678165
0.95,0.05,0.1 0.0271057
0.95,0.05,0.15 0.0067712
0.95,0.1,0 1.35728e-12
0.95,0.1,0.05 0.079959
0.95,0.1,0.1 0.319589
0.95,0.1,0.15 0.0798357
0.95,0.15,0 8.84793e-13
0.95,0.15,0.05 0.0521244
0.95,0.15,0.1 0.208337
0.95,0.15,0.15 0.052044
0.95,0.2,0 1.51623e-14
0.95,0.2,0.05 0.000893231
0.95,0.2,0.1 0.00357017
0.95,0.2,0.15 0.000891854
0.95,0.35,0 3.45352e-13
0.95,0.35,0.05 0.0325747
0.95,0.35,0.1 0.130213
0.95,0.35,0.15 0.0325318
0.95,0.4,0 9.36723e-12
0.95,0.4,0.05 0.92517
0.95,0.4,0.1 3.69829
0.95,0.4,0.15 0.923975
0.95,0.45,0 3.39031e-11
0.95,0.45,0.05 6.313
0.95,0.45,0.1 25.2389
0.95,0.45,0.15 6.30646
0.95,0.5,0 4.10453e-11
0.95,0.5,0.05 9.09329
0.95,0.5,0.1 36.3551
0.95,0.5,0.15 9.08428
0.95,0.55,0 3.87302e-12
0.95,0.55,0.05 0.863833
0.95,0.55,0.1 3.45362
0.95,0.55,0.15 0.862979
0.95,0.6,0 1.48447e-15
0.95,0.6,0.05 0.0104151
0.95,0.6,0.1 0.041654
0.95,0.6,0.15 0.0104119
0.95,0.65,0 3.7401e-13
0.95,0.65,0.05 2.62407
0.95,0.65,0.1 10.4946
0.95,0.65,0.15 2.62325
0.95,0.7,0 8.6566e-13
0.95,0.7,0.05 6.07352
0.95,0.7,0.1 24.2903
0.95,0.7,0.15 6.07161
0.95,0.75,0 1.75853e-12
0.95,0.75,0.05 1.04604
0.95,0.75,0.1 4.18317
0.95,0.75,0.15 1.04554
0.95,0.8,0 4.51572e-11
0.95,0.8,0.05 5.22184
0.95,0.8,0.1 21.6506
0.95,0.8,0.15 10.6385
0.95,0.8,0.2 2.31359
0.95,0.8,0.25 0.00862696
0.95,0.85,0 4.97777e-11
0.95,0.85,0.05 5.75614
0.95,0.85,0.1 30.8595
0.95,0.85,0.15 60.5999
0.95,0.85,0.2 23.4004
0.95,0.85,0.25 0.0872559
0.95,0.9,0 2.56326e-12
0.95,0.9,0.05 0.296408
0.95,0.9,0.1 5.7426
0.95,0.9,0.15 32.1459
0.95,0.9,0.2 13.5877
0.95,0.9,0.25 0.0506663
0.95,0.95,0.1 0.0561446
0.95,0.95,0.15 0.392347
0.95,0.95,0.2 0.167382
0.95,0.95,0.25 0.00062414
