0.25,0.25,0.35 763.085
0.25,0.25,0.4 255.841
0.25,0.25,0.45 6.36796
0.25,0.3,0 2.69106e-12
0.25,0.3,0.05 37.4245
0.25,0.3,0.1 170.884
0.25,0.3,0.15 183.79
0.25,0.3,0.2 465.487
0.25,0.3,0.25 305.988
0.25,0.3,0.3 202.413
0.25,0.3,0.35 264.87
0.25,0.3,0.4 178.345
0.25,0.3,0.45 11.0773
0.25,0.35,0 5.08945e-11
0.25,0.35,0.05 68.7406
0.25,0.35,0.1 325.989
0.25,0.35,0.15 469.886
0.25,0.35,0.2 268.23
0.25,0.35,0.25 95.5805
0.25,0.35,0.3 59.8921
0.25,0.35,0.35 69.8143
0.25,0.35,0.4 91.2966
0.25,0.35,0.45 6.77787
0.25,0.4,0 1.0339e-10
0.25,0.4,0.05 98.2209
0.25,0.4,0.1 438.179
0.25,0.4,0.15 506.085
0.25,0.4,0.2 256.252
0.25,0.4,0.25 95.8631
0.25,0.4,0.3 30.6192
0.25,0.4,0.35 3.02552
0.25,0.4,0.4 7.02924
0.25,0.4,0.45 1.86112
0.25,0.4,0.5 0.000714896
0.25,0.45,0 2.28739e-11
0.25,0.45,0.05 124.19
0.25,0.45,0.1 615.206
0.25,0.45,0.15 515.374
0.25,0.45,0.2 282.517
0.25,0.45,0.25 417.406
0.25,0.45,0.3 353.385
0.25,0.45,0.35 186.779
0.25,0.45,0.4 247.91
0.25,0.45,0.45 81.8975
0.25,0.45,0.5 0.396438
0.25,0.5,0 2.43072e-13
0.25,0.5,0.05 91.2222
0.25,0.5,0.1 718.821
0.25,0.5,0.15 566.324
0.25,0.5,0.2 265.572
0.25,0.5,0.25 221.77
0.25,0.5,0.3 623.355
0.25,0.5,0.35 593.869
0.25,0.5,0.4 527.479
0.25,0.5,0.45 199.887
0.25,0.5,0.5 2.02559
0.25,0.55,0 2.03016e-09
0.25,0.55,0.05 36.4267
0.25,0.55,0.1 327.337
0.25,0.55,0.15 376.299
0.25,0.55,0.2 318.644
0.25,0.55,0.25 152.476
0.25,0.55,0.3 430.807
0.25,0.55,0.35 696.669
0.25,0.55,0.4 624.547
0.25,0.55,0.45 228.491
0.25,0.55,0.5 2.2658
0.25,0.6,0 1.7001e-08
0.25,0.6,0.05 4.09912
0.25,0.6,0.1 32.6046
0.25,0.6,0.15 325.651
0.25,0.6,0.2 625.704
0.25,0.6,0.25 560.78
0.25,0.6,0.3 527.554
0.25,0.6,0.35 439.198
0.25,0.6,0.4 408.391
0.25,0.6,0.45 99.0174
0.25,0.6,0.5 0.767486
0.25,0.65,0 9.29816e-09
0.25,0.65,0.05 49.0568
0.25,0.65,0.1 231.469
0.25,0.65,0.15 306.123
0.25,0.65,0.2 361.915
0.25,0.65,0.25 335.611
0.25,0.65,0.3 353.355
0.25,0.65,0.35 364.925
0.25,0.65,0.4 213.062
0.25,0.65,0.45 16.2422
0.25,0.65,0.5 0.0862628
0.25,0.7,0 1.55522e-09
0.25,0.7,0.05 85.6838
0.25,0.7,0.1 371.037
0.25,0.7,0.15 376.22
0.25,0.7,0.2 518.769
0.25,0.7,0.25 510.776
0.25,0.7,0.3 382.677
0.25,0.7,0.35 312.358
0.25,0.7,0.4 79.486
0.25,0.7,0.45 0.290089
0.25,0.75,0 1.56549e-10
0.25,0.75,0.05 8.94805
0.25,0.75,0.1 38.4394
0.25,0.75,0.15 126.858
0.25,0.75,0.2 435.455
0.25,0.75,0.25 582.83
0.25,0.75,0.3 372.67
0.25,0.75,0.35 318.762
0.25,0.75,0.4 47.1968
0.25,0.75,0.45 0.00365748
0.25,0.8,0.1 0.0354053
0.25,0.8,0.15 3.90606
0.25,0.8,0.2 30.4706
0.25,0.8,0.25 71.0064
0.25,0.8,0.3 54.3763
0.25,0.8,0.35 59.7666
0.25,0.8,0.4 8.75411
0.3,0.05,0 3.73392e-15
0.3,0.05,0.05 7.58951e-05
0.3,0.05,0.1 0.000307766
0.3,0.05,0.15 0.841843
0.3,0.05,0.2 21.0976
0.3,0.05,0.25 33.531
0.3,0.05,0.3 46.4572
0.3,0.05,0.35 11.7804
0.3,0.05,0.4 0.102798
0.3,0.1,0 2.52885e-12
0.3,0.1,0.05 0.0514011
0.3,0.1,0.1 8.25718
0.3,0.1,0.15 82.3968
0.3,0.1,0.2 261.542
0.3,0.1,0.25 333.284
0.3,0.1,0.3 402.781
0.3,0.1,0.35 115.737
0.3,0.1,0.4 3.18004
0.3,0.15,0 6.92181e-12
0.3,0.15,0.05 8.14701
0.3,0.15,0.1 69.61
0.3,0.15,0.15 356.976
0.3,0.15,0.2 446.592
0.3,0.15,0.25 409.738
0.3,0.15,0.3 389.414
0.3,0.15,0.35 311.978
0.3,0.15,0.4 34.2279
0.3,0.15,0.45 0.194002
0.3,0.2,0 7.69412e-12
0.3,0.2,0.05 68.5811
0.3,0.2,0.1 360.606
0.3,0.2,0.15 380.61
0.3,0.2,0.2 581.682
0.3,0.2,0.25 421.159
0.3,0.2,0.3 505.695
0.3,0.2,0.35 578.179
0.3,0.2,0.4 195.103
0.3,0.2,0.45 6.05527
0.3,0.25,0 1.7309e-08
0.3,0.25,0.05 61.5245
0.3,0.25,0.1 473.613
0.3,0.25,0.15 382.523
0.3,0.25,0.2 413.732
0.3,0.25,0.25 219.876
0.3,0.25,0.3 485.698
0.3,0.25,0.35 597.343
0.3,0.25,0.4 243.799
0.3,0.25,0.45 8.92185
0.3,0.3,0 5.49026e-08
0.3,0.3,0.05 26.0244
0.3,0.3,0.1 181.218
0.3,0.3,0.15 249.347
0.3,0.3,0.2 496.853
0.3,0.3,0.25 483.559
0.3,0.3,0.3 571.497
0.3,0.3,0.35 539.253
0.3,0.3,0.4 310.247
0.3,0.3,0.45 20.8918
0.3,0.35,0 1.15538e-08
0.3,0.35,0.05 29.5183
0.3,0.35,0.1 156.168
0.3,0.35,0.15 557.558
0.3,0.35,0.2 596.529
0.3,0.35,0.25 240.683
0.3,0.35,0.3 213.287
0.3,0.35,0.35 186.64
0.3,0.35,0.4 174.727
0.3,0.35,0.45 12.8983
0.3,0.35,0.5 4.00709e-05
0.3,0.4,0 2.23815e-09
0.3,0.4,0.05 100.703
0.3,0.4,0.1 461.933
0.3,0.4,0.15 718.417
0.3,0.4,0.2 488.904
0.3,0.4,0.25 84.6921
0.3,0.4,0.3 21.5628
0.3,0.4,0.35 4.44021
0.3,0.4,0.4 8.71419
0.3,0.4,0.45 4.30413
0.3,0.4,0.5 0.117326
0.3,0.45,0 7.12881e-10
0.3,0.45,0.05 61.6117
0.3,0.45,0.1 324.216
0.3,0.45,0.15 582.491
0.3,0.45,0.2 502.744
0.3,0.45,0.25 395.159
0.3,0.45,0.3 295.074
0.3,0.45,0.35 221.87
0.3,0.45,0.4 65.6159
0.3,0.45,0.45 18.5912
0.3,0.45,0.5 0.377305
0.3,0.5,0 1.99027e-10
0.3,0.5,0.05 46.4721
0.3,0.5,0.1 426.825
0.3,0.5,0.15 346.457
0.3,0.5,0.2 206.147
0.3,0.5,0.25 379.309
0.3,0.5,0.3 675.125
0.3,0.5,0.35 654.979
0.3,0.5,0.4 119.784
0.3,0.5,0.45 19.4047
0.3,0.5,0.5 0.162763
0.3,0.55,0 6.16108e-08
0.3,0.55,0.05 31.4997
0.3,0.55,0.1 291.515
0.3,0.55,0.15 260.014
0.3,0.55,0.2 288.449
0.3,0.55,0.25 173.141
0.3,0.55,0.3 464.987
0.3,0.55,0.35 657.916
0.3,0.55,0.4 309.659
0.3,0.55,0.45 88.743
0.3,0.55,0.5 0.693349
0.3,0.6,0 5.15612e-07
0.3,0.6,0.05 66.6231
0.3,0.6,0.1 279.192
0.3,0.6,0.15 305.468
0.3,0.6,0.2 699.037
0.3,0.6,0.25 501.483
0.3,0.6,0.3 692.6
0.3,0.6,0.35 515.871
0.3,0.6,0.4 583.92
0.3,0.6,0.45 204
0.3,0.6,0.5 1.47182
0.3,0.65,0 2.57486e-07
0.3,0.65,0.05 78.9156
0.3,0.65,0.1 330.904
0.3,0.65,0.15 324.495
0.3,0.65,0.2 474.577
0.3,0.65,0.25 444.255
0.3,0.65,0.3 628.761
0.3,0.65,0.35 297.431
0.3,0.65,0.4 152.297
0.3,0.65,0.45 41.7048
0.3,0.65,0.5 0.294826
0.3,0.7,0 2.7104e-09
0.3,0.7,0.05 67.9686
0.3,0.7,0.1 298.741
0.3,0.7,0.15 374.723
0.3,0.7,0.2 434.629
0.3,0.7,0.25 537.756
0.3,0.7,0.3 199.675
0.3,0.7,0.35 328.372
0.3,0.7,0.4 80.3668
0.3,0.7,0.45 0.0195074
0.3,0.75,0 8.54123e-11
0.3,0.75,0.05 5.81105
0.3,0.75,0.1 26.309
0.3,0.75,0.15 44.358
0.3,0.75,0.2 249.212
0.3,0.75,0.25 533.007
0.3,0.75,0.3 142.277
0.3,0.75,0.35 200.84
0.3,0.75,0.4 43.846
0.3,0.75,0.45 0.000621231
0.3,0.8,0.1 0.00123887
0.3,0.8,0.15 0.214591
0.3,0.8,0.2 34.3313
0.3,0.8,0.25 90.7188
0.3,0.8,0.3 18.9369
0.3,0.8,0.35 12.5473
0.3,0.8,0.4 2.60257
0.35,0.05,0.05 3.46807e-09
0.35,0.05,0.1 6.03645e-06
0.35,0.05,0.15 0.0692159
0.35,0.05,0.2 1.73382
0.35,0.05,0.25 4.02443
0.35,0.05,0.3 8.82142
0.35,0.05,0.35 2.16068
0.35,0.1,0.05 0.00151494
0.35,0.1,0.1 8.2546
0.35,0.1,0.15 72.0865
0.35,0.1,0.2 56.9669
0.35,0.1,0.25 41.0601
0.35,0.1,0.3 91.6566
0.35,0.1,0.35 25.4635
0.35,0.1,0.4 0.139218
0.35,0.15,0.05 7.05668
0.35,0.15,0.1 65.7528
0.35,0.15,0.15 320.755
0.35,0.15,0.2 212.21
0.35,0.15,0.25 97.2175
0.35,0.15,0.3 257.029
0.35,0.15,0.35 114.161
0.35,0.15,0.4 4.47016
0.35,0.15,0.45 0.0136463
0.35,0.2,0 2.87247e-10
0.35,0.2,0.05 59.5724
0.35,0.2,0.1 313.285
0.35,0.2,0.15 324.738
0.35,0.2,0.2 402.741
0.35,0.2,0.25 410.003
0.35,0.2,0.3 421.669
0.35,0.2,0.35 152.638
0.35,0.2,0.4 17.3342
0.35,0.2,0.45 0.425933
0.35,0.25,0 1.1175e-07
0.35,0.25,0.05 82.8069
0.35,0.25,0.1 513.833
0.35,0.25,0.15 605.34
0.35,0.25,0.2 577.971
0.35,0.25,0.25 346.216
0.35,0.25,0.3 431.462
0.35,0.25,0.35 333.994
0.35,0.25,0.4 46.6355
0.35,0.25,0.45 0.703569
0.35,0.3,0 3.43468e-07
0.35,0.3,0.05 114.634
0.35,0.3,0.1 515.817
0.35,0.3,0.15 395.95
0.35,0.3,0.2 493.192
0.35,0.3,0.25 595.742
0.35,0.3,0.3 749.293
0.35,0.3,0.35 443.274
0.35,0.3,0.4 62.0113
0.35,0.3,0.45 2.32423
0.35,0.35,0 7.12563e-08
0.35,0.35,0.05 76.9318
0.35,0.35,0.1 322.059
0.35,0.35,0.15 378.999
0.35,0.35,0.2 478.865
0.35,0.35,0.25 389.104
0.35,0.35,0.3 382.638
0.35,0.35,0.35 108.906
0.35,0.35,0.4 21.533
0.35,0.35,0.45 1.46769
0.35,0.35,0.5 0.000667496
0.35,0.4,0 9.22664e-09
0.35,0.4,0.05 162.448
0.35,0.4,0.1 739.68
0.35,0.4,0.15 729.488
0.35,0.4,0.2 501.93
0.35,0.4,0.25 82.5947
0.35,0.4,0.3 20.7264
0.35,0.4,0.35 29.7336
0.35,0.4,0.4 93.2969
0.35,0.4,0.45 66.0579
0.35,0.4,0.5 1.95348
0.35,0.45,0 3.29281e-09
0.35,0.45,0.05 96.8062
0.35,0.45,0.1 455.271
0.35,0.45,0.15 587.13
0.35,0.45,0.2 708.789
0.35,0.45,0.25 347.636
0.35,0.45,0.3 207.605
0.35,0.45,0.35 332.081
0.35,0.45,0.4 403.389
0.35,0.45,0.45 213.329
0.35,0.45,0.5 6.24569
0.35,0.5,0 2.13827e-09
0.35,0.5,0.05 84.668
0.35,0.5,0.1 526.865
0.35,0.5,0.15 462.98
0.35,0.5,0.2 521.714
0.35,0.5,0.25 720.469
0.35,0.5,0.3 590.642
0.35,0.5,0.35 400.43
0.35,0.5,0.4 153.179
0.35,0.5,0.45 43.8961
0.35,0.5,0.5 1.24591
0.35,0.55,0 7.22354e-08
0.35,0.55,0.05 27.7603
0.35,0.55,0.1 269.076
0.35,0.55,0.15 475.243
0.35,0.55,0.2 643.949
0.35,0.55,0.25 478.917
0.35,0.55,0.3 414.728
0.35,0.55,0.35 507.248
0.35,0.55,0.4 211.504
0.35,0.55,0.45 20.8738
0.35,0.55,0.5 0.0911056
0.35,0.6,0 5.99443e-07
0.35,0.6,0.05 90.576
0.35,0.6,0.1 393.988
0.35,0.6,0.15 571.243
0.35,0.6,0.2 933.2
0.35,0.6,0.25 335.495
0.35,0.6,0.3 361.59
0.35,0.6,0.35 794.115
0.35,0.6,0.4 607.556
0.35,0.6,0.45 78.0619
0.35,0.6,0.5 0.303034
0.35,0.65,0 2.98008e-07
0.35,0.65,0.05 114.384
0.35,0.65,0.1 465.23
0.35,0.65,0.15 271.003
0.35,0.65,0.2 443.858
0.35,0.65,0.25 221.381
0.35,0.65,0.3 315.269
0.35,0.65,0.35 683.254
0.35,0.65,0.4 304.001
0.35,0.65,0.45 21.9129
0.35,0.65,0.5 0.062933
0.35,0.7,0 2.26016e-09
0.35,0.7,0.05 76.3804
0.35,0.7,0.1 308.357
0.35,0.7,0.15 111.011
0.35,0.7,0.2 125.525
0.35,0.7,0.25 229.646
0.35,0.7,0.3 339.866
0.35,0.7,0.35 858.135
0.35,0.7,0.4 213.108
0.35,0.7,0.45 1.86258
0.35,0.75,0 6.48878e-09
0.35,0.75,0.05 4.14685
0.35,0.75,0.1 16.8938
0.35,0.75,0.15 7.91012
0.35,0.75,0.2 42.4803
0.35,0.75,0.25 99.3534
0.35,0.75,0.3 115.403
0.35,0.75,0.35 324.136
0.35,0.75,0.4 69.7881
0.35,0.75,0.45 0.0341959
0.35,0.8,0 2.09747e-08
0.35,0.8,0.05 2.16134
0.35,0.8,0.1 8.59011
0.35,0.8,0.15 2.13952
0.35,0.8,0.2 3.74494
0.35,0.8,0.25 10.2033
0.35,0.8,0.3 6.1804
0.35,0.8,0.35 15.7704
0.35,0.8,0.4 3.48479
0.35,0.85,0 4.23295e-09
0.35,0.85,0.05 0.436185
0.35,0.85,0.1 1.73359
0.35,0.85,0.15 0.430627
0.4,0.05,0.05 1.08673e-07
0.4,0.05,0.1 6.01771e-05
0.4,0.05,0.15 0.000160906
0.4,0.05,0.2 2.6941e-05
0.4,0.05,0.25 6.83615e-09
0.4,0.05,0.3 0.000953515
0.4,0.05,0.35 0.00549239
0.4,0.05,0.4 0.00196251
0.4,0.05,0.45 2.45559e-06
0.4,0.1,0.05 0.0474712
0.4,0.1,0.1 26.9177
0.4,0.1,0.15 85.6449
0.4,0.1,0.2 29.9476
0.4,0.1,0.25 8.74452
0.4,0.1,0.3 35.2887
0.4,0.1,0.35 33.3163
0.4,0.1,0.4 8.05243
0.4,0.1,0.45 0.0100539
0.4,0.15,0.05 0.496792
0.4,0.15,0.1 116.879
0.4,0.15,0.15 509.536
0.4,0.15,0.2 330.028
0.4,0.15,0.25 136.84
0.4,0.15,0.3 381.208
0.4,0.15,0.35 195.342
0.4,0.15,0.4 26.5301
0.4,0.15,0.45 0.0329564
0.4,0.2,0 2.07053e-09
0.4,0.2,0.05 6.34287
0.4,0.2,0.1 123.385
0.4,0.2,0.15 453.181
0.4,0.2,0.2 476.917
0.4,0.2,0.25 477.825
0.4,0.2,0.3 502.317
0.4,0.2,0.35 114.668
0.4,0.2,0.4 6.30755
0.4,0.2,0.45 0.00775821
0.4,0.25,0 8.13187e-08
0.4,0.25,0.05 86.7153
0.4,0.25,0.1 417.359
0.4,0.25,0.15 511.102
0.4,0.25,0.2 486.305
0.4,0.25,0.25 404.131
0.4,0.25,0.3 347.582
0.4,0.25,0.35 68.6894
0.4,0.25,0.4 9.71301
0.4,0.25,0.45 0.0112012
0.4,0.3,0 1.66701e-07
0.4,0.3,0.05 109.798
0.4,0.3,0.1 477.473
0.4,0.3,0.15 510.925
0.4,0.3,0.2 375.354
0.4,0.3,0.25 406.689
0.4,0.3,0.3 394.946
0.4,0.3,0.35 73.3107
0.4,0.3,0.4 11.0609
0.4,0.3,0.45 0.836863
0.4,0.35,0 3.36074e-08
0.4,0.35,0.05 57.3064
0.4,0.35,0.1 251.373
0.4,0.35,0.15 312.889
0.4,0.35,0.2 276.301
0.4,0.35,0.25 407.021
0.4,0.35,0.3 653.772
0.4,0.35,0.35 114.974
0.4,0.35,0.4 29.6628
0.4,0.35,0.45 5.19507
0.4,0.35,0.5 0.000550954
0.4,0.4,0 8.11593e-09
0.4,0.4,0.05 70.106
0.4,0.4,0.1 310.375
0.4,0.4,0.15 361.989
0.4,0.4,0.2 443.534
0.4,0.4,0.25 191.787
0.4,0.4,0.3 368.037
0.4,0.4,0.35 150.405
0.4,0.4,0.4 120.59
0.4,0.4,0.45 63.6815
0.4,0.4,0.5 1.61684
0.4,0.45,0 1.83336e-09
0.4,0.45,0.05 54.579
0.4,0.45,0.1 263.105
0.4,0.45,0.15 490.987
0.4,0.45,0.2 641.109
0.4,0.45,0.25 404.737
0.4,0.45,0.3 242.582
0.4,0.45,0.35 510.043
0.4,0.45,0.4 620.001
0.4,0.45,0.45 248.384
0.4,0.45,0.5 5.20544
0.4,0.5,0 1.32218e-09
0.4,0.5,0.05 53.8867
0.4,0.5,0.1 267.207
0.4,0.5,0.15 415.181
0.4,0.5,0.2 507.048
0.4,0.5,0.25 582.889
0.4,0.5,0.3 254.815
0.4,0.5,0.35 503.808
0.4,0.5,0.4 459.342
0.4,0.5,0.45 97.2745
0.4,0.5,0.5 1.06018
0.4,0.55,0 1.11775e-08
0.4,0.55,0.05 32.8088
0.4,0.55,0.1 188.262
0.4,0.55,0.15 425.391
0.4,0.55,0.2 431.248
0.4,0.55,0.25 466.554
0.4,0.55,0.3 128.248
0.4,0.55,0.35 127.259
0.4,0.55,0.4 104.98
0.4,0.55,0.45 10.8272
0.4,0.55,0.5 0.000513649
0.4,0.6,0 5.89007e-08
0.4,0.6,0.05 124.732
0.4,0.6,0.1 592.967
0.4,0.6,0.15 382.256
0.4,0.6,0.2 582.74
0.4,0.6,0.25 443.261
0.4,0.6,0.3 232.311
0.4,0.6,0.35 386.424
0.4,0.6,0.4 188.336
0.4,0.6,0.45 14.4814
0.4,0.65,0 2.23479e-08
0.4,0.65,0.05 57.8104
0.4,0.65,0.1 298.817
0.4,0.65,0.15 223.881
0.4,0.65,0.2 422.904
0.4,0.65,0.25 140.105
0.4,0.65,0.3 169.374
0.4,0.65,0.35 536.443
0.4,0.65,0.4 320.692
0.4,0.65,0.45 14.1898
0.4,0.7,0 1.97387e-10
0.4,0.7,0.05 16.9808
0.4,0.7,0.1 69.6991
0.4,0.7,0.15 25.7655
0.4,0.7,0.2 35.1197
0.4,0.7,0.25 30.3314
0.4,0.7,0.3 147.235
0.4,0.7,0.35 421.742
0.4,0.7,0.4 199.162
0.4,0.7,0.45 6.74335
0.4,0.75,0 2.05596e-07
0.4,0.75,0.05 21.9332
0.4,0.75,0.1 87.1903
0.4,0.75,0.15 21.6688
0.4,0.75,0.2 1.46694
0.4,0.75,0.25 4.25711
0.4,0.75,0.3 21.4104
0.4,0.75,0.35 49.422
0.4,0.75,0.4 10.7107
0.4,0.75,0.45 0.120949
0.4,0.8,0 6.64996e-07
0.4,0.8,0.05 68.5247
0.4,0.8,0.1 272.347
0.4,0.8,0.15 67.6514
0.4,0.8,0.2 0.000974442
0.4,0.8,0.25 0.0292573
0.4,0.8,0.3 0.419447
0.4,0.8,0.35 1.36634
0.4,0.8,0.4 0.30151
0.4,0.85,0 1.34204e-07
0.4,0.85,0.05 13.8291
0.4,0.85,0.1 54.9628
0.4,0.85,0.15 13.6529
0.45,0.05,0.05 1.2767e-07
0.45,0.05,0.1 7.05191e-05
0.45,0.05,0.15 0.000187423
0.45,0.05,0.2 3.07917e-05
0.45,0.05,0.3 0.0051761
0.45,0.05,0.35 0.0298151
0.45,0.05,0.4 0.0106533
0.45,0.05,0.45 1.333e-05
0.45,0.1,0.05 0.0557693
0.45,0.1,0.1 30.948
0.45,0.1,0.15 90.3073
0.45,0.1,0.2 42.7332
0.45,0.1,0.25 29.3859
0.45,0.1,0.3 44.7348
0.45,0.1,0.35 124.193
0.45,0.1,0.4 43.6196
0.45,0.1,0.45 0.0545768
0.45,0.15,0.05 0.439208
0.45,0.15,0.1 143.997
0.45,0.15,0.15 481.94
0.45,0.15,0.2 449.431
0.45,0.15,0.25 393.669
0.45,0.15,0.3 491.985
0.45,0.15,0.35 465.478
0.45,0.15,0.4 143.064
0.45,0.15,0.45 0.179294
0.45,0.2,0 1.01943e-09
0.45,0.2,0.05 3.8707
0.45,0.2,0.1 246.17
