0.5,0.7,0.4 378.11
0.5,0.7,0.45 330.467
0.5,0.7,0.5 442.24
0.5,0.7,0.55 463.053
0.5,0.7,0.6 83.2511
0.5,0.7,0.65 1.59475
0.5,0.75,0.1 0.10014
0.5,0.75,0.15 1.70797
0.5,0.75,0.2 1.55272
0.5,0.75,0.25 4.34413
0.5,0.75,0.3 137.197
0.5,0.75,0.35 178.941
0.5,0.75,0.4 41.6159
0.5,0.75,0.45 86.4683
0.5,0.75,0.5 165.193
0.5,0.75,0.55 148.841
0.5,0.75,0.6 21.9717
0.5,0.75,0.65 0.273194
0.5,0.8,0.1 0.987653
0.5,0.8,0.15 16.2445
0.5,0.8,0.2 13.3002
0.5,0.8,0.25 1.82047
0.5,0.8,0.3 104.37
0.5,0.8,0.35 173.513
0.5,0.8,0.4 16.3933
0.5,0.8,0.45 3.91779
0.5,0.8,0.5 11.1522
0.5,0.8,0.55 2.03466
0.5,0.8,0.6 0.00966216
0.5,0.85,0.1 0.562365
0.5,0.85,0.15 9.24954
0.5,0.85,0.2 7.57305
0.5,0.85,0.25 0.400609
0.5,0.85,0.3 12.9873
0.5,0.85,0.35 21.593
0.5,0.85,0.4 2.0396
0.5,0.9,0.1 0.00651948
0.5,0.9,0.15 0.10723
0.5,0.9,0.2 0.0877941
0.5,0.9,0.25 0.00258356
0.55,0.1,0.2 0.0392265
0.55,0.1,0.25 1.3607
0.55,0.1,0.3 1.67805
0.55,0.1,0.35 0.103572
0.55,0.1,0.4 0.00277314
0.55,0.1,0.45 0.307203
0.55,0.1,0.5 1.47644
0.55,0.1,0.55 0.519736
0.55,0.1,0.6 0.00100213
0.55,0.15,0.1 0.0706674
0.55,0.15,0.15 1.88771
0.55,0.15,0.2 6.05896
0.55,0.15,0.25 117.687
0.55,0.15,0.3 144.055
0.55,0.15,0.35 11.2552
0.55,0.15,0.4 22.711
0.55,0.15,0.45 53.9337
0.55,0.15,0.5 166.675
0.55,0.15,0.55 61.391
0.55,0.15,0.6 0.964461
0.55,0.15,0.65 0.0351442
0.55,0.15,0.7 5.76124e-05
0.55,0.2,0.05 0.00251444
0.55,0.2,0.1 2.41311
0.55,0.2,0.15 63.3968
0.55,0.2,0.2 127.937
0.55,0.2,0.25 432.392
0.55,0.2,0.3 338.912
0.55,0.2,0.35 56.6671
0.55,0.2,0.4 259.825
0.55,0.2,0.45 312.687
0.55,0.2,0.5 446.599
0.55,0.2,0.55 192.17
0.55,0.2,0.6 53.253
0.55,0.2,0.65 15.9599
0.55,0.2,0.7 0.0256399
0.55,0.25,0.05 1.86426
0.55,0.25,0.1 33.5049
0.55,0.25,0.15 109.731
0.55,0.25,0.2 223.632
0.55,0.25,0.25 531.767
0.55,0.25,0.3 327.6
0.55,0.25,0.35 322.528
0.55,0.25,0.4 246.283
0.55,0.25,0.45 262.688
0.55,0.25,0.5 677.113
0.55,0.25,0.55 408.595
0.55,0.25,0.6 171.393
0.55,0.25,0.65 44.2522
0.55,0.25,0.7 0.215228
0.55,0.3,0.05 6.80369
0.55,0.3,0.1 106.622
0.55,0.3,0.15 141.236
0.55,0.3,0.2 435.269
0.55,0.3,0.25 740.095
0.55,0.3,0.3 595.804
0.55,0.3,0.35 578.683
0.55,0.3,0.4 136.449
0.55,0.3,0.45 94.4702
0.55,0.3,0.5 488.964
0.55,0.3,0.55 481.379
0.55,0.3,0.6 314.919
0.55,0.3,0.65 110.117
0.55,0.3,0.7 8.61673
0.55,0.35,0.05 24.5019
0.55,0.35,0.1 306.645
0.55,0.35,0.15 526.297
0.55,0.35,0.2 657.963
0.55,0.35,0.25 421.462
0.55,0.35,0.3 401.467
0.55,0.35,0.35 617.41
0.55,0.35,0.4 186.99
0.55,0.35,0.45 350.934
0.55,0.35,0.5 569.023
0.55,0.35,0.55 557.749
0.55,0.35,0.6 411.429
0.55,0.35,0.65 153.111
0.55,0.35,0.7 13.1396
0.55,0.4,0 3.57239e-07
0.55,0.4,0.05 23.339
0.55,0.4,0.1 247.653
0.55,0.4,0.15 426.315
0.55,0.4,0.2 327.185
0.55,0.4,0.25 73.229
0.55,0.4,0.3 395.491
0.55,0.4,0.35 689.964
0.55,0.4,0.4 198.015
0.55,0.4,0.45 227.88
0.55,0.4,0.5 122.298
0.55,0.4,0.55 59.7321
0.55,0.4,0.6 36.9788
0.55,0.4,0.65 12.5593
0.55,0.4,0.7 1.10722
0.55,0.45,0 1.32902e-05
0.55,0.45,0.05 58.6016
0.55,0.45,0.1 236.735
0.55,0.45,0.15 115.605
0.55,0.45,0.2 326.101
0.55,0.45,0.25 325.58
0.55,0.45,0.3 585.534
0.55,0.45,0.35 191.64
0.55,0.45,0.4 217.782
0.55,0.45,0.45 363.313
0.55,0.45,0.5 230.545
0.55,0.45,0.55 289.805
0.55,0.45,0.6 121.047
0.55,0.45,0.65 3.99098
0.55,0.45,0.7 0.000788555
0.55,0.5,0 7.18984e-05
0.55,0.5,0.05 75.5517
0.55,0.5,0.1 357.88
0.55,0.5,0.15 322.055
0.55,0.5,0.2 580.985
0.55,0.5,0.25 344.159
0.55,0.5,0.3 667.808
0.55,0.5,0.35 370.888
0.55,0.5,0.4 418.886
0.55,0.5,0.45 489.194
0.55,0.5,0.5 541.054
0.55,0.5,0.55 807.646
0.55,0.5,0.6 485.767
0.55,0.5,0.65 44.0832
0.55,0.5,0.7 0.0242465
0.55,0.55,0 3.25802e-05
0.55,0.55,0.05 63.6517
0.55,0.55,0.1 369.095
0.55,0.55,0.15 536.268
0.55,0.55,0.2 490.67
0.55,0.55,0.25 159.082
0.55,0.55,0.3 595.724
0.55,0.55,0.35 499.91
0.55,0.55,0.4 339.464
0.55,0.55,0.45 274.519
0.55,0.55,0.5 405.669
0.55,0.55,0.55 479.878
0.55,0.55,0.6 708.143
0.55,0.55,0.65 139.235
0.55,0.55,0.7 0.093159
0.55,0.6,0 2.73262e-07
0.55,0.6,0.05 45.0427
0.55,0.6,0.1 199.944
0.55,0.6,0.15 254.384
0.55,0.6,0.2 452.616
0.55,0.6,0.25 154.489
0.55,0.6,0.3 247.911
0.55,0.6,0.35 161.102
0.55,0.6,0.4 248.885
0.55,0.6,0.45 568.456
0.55,0.6,0.5 642.259
0.55,0.6,0.55 207.475
0.55,0.6,0.6 183.586
0.55,0.6,0.65 47.249
0.55,0.6,0.7 0.0354229
0.55,0.65,0 4.51011e-08
0.55,0.65,0.05 22.0424
0.55,0.65,0.1 91.7686
0.55,0.65,0.15 183.497
0.55,0.65,0.2 467.481
0.55,0.65,0.25 143.36
0.55,0.65,0.3 360.23
0.55,0.65,0.35 261.611
0.55,0.65,0.4 504.628
0.55,0.65,0.45 780.222
0.55,0.65,0.5 863.861
0.55,0.65,0.55 418.732
0.55,0.65,0.6 113.973
0.55,0.65,0.65 6.60879
0.55,0.65,0.7 0.0113451
0.55,0.7,0 5.04543e-10
0.55,0.7,0.05 0.249122
0.55,0.7,0.1 1.31055
0.55,0.7,0.15 56.9536
0.55,0.7,0.2 185.818
0.55,0.7,0.25 50.876
0.55,0.7,0.3 153.073
0.55,0.7,0.35 220.989
0.55,0.7,0.4 268.756
0.55,0.7,0.45 319.866
0.55,0.7,0.5 632.252
0.55,0.7,0.55 550.708
0.55,0.7,0.6 305.107
0.55,0.7,0.65 16.881
0.55,0.7,0.7 0.0247871
0.55,0.75,0.1 1.47135
0.55,0.75,0.15 24.6453
0.55,0.75,0.2 21.3062
0.55,0.75,0.25 2.7127
0.55,0.75,0.3 103.331
0.55,0.75,0.35 177.321
0.55,0.75,0.4 37.8941
0.55,0.75,0.45 156.763
0.55,0.75,0.5 442.489
0.55,0.75,0.55 158.512
0.55,0.75,0.6 53.7603
0.55,0.75,0.65 2.74392
0.55,0.75,0.7 0.00331414
0.55,0.8,0.05 0.687819
0.55,0.8,0.1 17.5665
0.55,0.8,0.15 239.54
0.55,0.8,0.2 195.429
0.55,0.8,0.25 8.27596
0.55,0.8,0.3 184.478
0.55,0.8,0.35 306.72
0.55,0.8,0.4 29.2351
0.55,0.8,0.45 18.9701
0.55,0.8,0.5 51.2247
0.55,0.8,0.55 8.79632
0.55,0.8,0.6 0.00298231
0.55,0.85,0.05 3.69666
0.55,0.85,0.1 24.6781
0.55,0.85,0.15 140.465
0.55,0.85,0.2 111.276
0.55,0.85,0.25 3.58883
0.55,0.85,0.3 22.96
0.55,0.85,0.35 38.1738
0.55,0.85,0.4 3.60576
0.55,0.9,0.05 1.23652
0.55,0.9,0.1 5.58651
0.55,0.9,0.15 3.0991
0.55,0.9,0.2 1.29008
0.55,0.9,0.25 0.0379622
0.55,0.95,0.05 0.000879563
0.55,0.95,0.1 0.00390565
0.55,0.95,0.15 0.0010837
0.55,0.95,0.2 4.12085e-08
0.6,0.1,0.1 0.00196971
0.6,0.1,0.15 0.00977977
0.6,0.1,0.2 0.0319651
0.6,0.1,0.25 1.00372
0.6,0.1,0.3 1.23782
0.6,0.1,0.35 0.0764005
0.6,0.1,0.4 0.0422481
0.6,0.1,0.45 1.10862
0.6,0.1,0.5 1.26267
0.6,0.1,0.55 0.112688
0.6,0.1,0.6 0.00559825
0.6,0.15,0.1 3.57894
0.6,0.15,0.15 22.2219
0.6,0.15,0.2 22.1702
0.6,0.15,0.25 125.08
0.6,0.15,0.3 145.21
0.6,0.15,0.35 11.9354
0.6,0.15,0.4 15.0154
0.6,0.15,0.45 125.913
0.6,0.15,0.5 155.057
0.6,0.15,0.55 96.4656
0.6,0.15,0.6 21.9702
0.6,0.15,0.65 0.127611
0.6,0.15,0.7 0.000209195
0.6,0.2,0.05 0.00956635
0.6,0.2,0.1 17.3018
0.6,0.2,0.15 234.429
0.6,0.2,0.2 295.793
0.6,0.2,0.25 526.6
0.6,0.2,0.3 543.959
0.6,0.2,0.35 69.6342
0.6,0.2,0.4 140.863
0.6,0.2,0.45 374.702
0.6,0.2,0.5 467.179
0.6,0.2,0.55 401.57
0.6,0.2,0.6 231.562
0.6,0.2,0.65 56.7923
0.6,0.2,0.7 0.0931003
0.6,0.25,0.05 7.09575
0.6,0.25,0.1 131.741
0.6,0.25,0.15 343.364
0.6,0.25,0.2 326.586
0.6,0.25,0.25 330.021
0.6,0.25,0.3 425.043
0.6,0.25,0.35 352.917
0.6,0.25,0.4 248.652
0.6,0.25,0.45 508.677
0.6,0.25,0.5 804.909
0.6,0.25,0.55 619.978
0.6,0.25,0.6 484.692
0.6,0.25,0.65 150.463
0.6,0.25,0.7 0.694033
0.6,0.3,0.05 23.2802
0.6,0.3,0.1 436.771
0.6,0.3,0.15 552.976
0.6,0.3,0.2 332.985
0.6,0.3,0.25 303.653
0.6,0.3,0.3 493.286
0.6,0.3,0.35 510.261
0.6,0.3,0.4 157.277
0.6,0.3,0.45 298.542
0.6,0.3,0.5 401.3
0.6,0.3,0.55 560.366
0.6,0.3,0.6 468.618
0.6,0.3,0.65 267.313
0.6,0.3,0.7 25.5263
0.6,0.35,0 2.84175e-09
0.6,0.35,0.05 27.315
0.6,0.35,0.1 436.343
0.6,0.35,0.15 819.033
0.6,0.35,0.2 968.879
0.6,0.35,0.25 430.109
0.6,0.35,0.3 528.556
0.6,0.35,0.35 512.369
0.6,0.35,0.4 284.998
0.6,0.35,0.45 653.56
0.6,0.35,0.5 605.34
0.6,0.35,0.55 537.706
0.6,0.35,0.6 544.235
0.6,0.35,0.65 393.472
0.6,0.35,0.7 41.3962
0.6,0.4,0 5.22009e-07
0.6,0.4,0.05 25.1501
0.6,0.4,0.1 203.763
0.6,0.4,0.15 379.395
0.6,0.4,0.2 483.871
0.6,0.4,0.25 147.112
0.6,0.4,0.3 421.179
0.6,0.4,0.35 417.965
0.6,0.4,0.4 272.855
0.6,0.4,0.45 461.237
0.6,0.4,0.5 272.094
0.6,0.4,0.55 100.978
0.6,0.4,0.6 88.53
0.6,0.4,0.65 96.3819
0.6,0.4,0.7 9.69195
0.6,0.45,0 0.000156408
0.6,0.45,0.05 91.7007
0.6,0.45,0.1 363.687
0.6,0.45,0.15 202.09
0.6,0.45,0.2 428.185
0.6,0.45,0.25 386.349
0.6,0.45,0.3 415.313
0.6,0.45,0.35 154.731
0.6,0.45,0.4 254.537
0.6,0.45,0.45 247.137
0.6,0.45,0.5 410.978
0.6,0.45,0.55 372.066
0.6,0.45,0.6 212.254
0.6,0.45,0.65 38.729
0.6,0.45,0.7 1.31149
0.6,0.5,0 0.00118301
0.6,0.5,0.05 134.48
0.6,0.5,0.1 533.321
0.6,0.5,0.15 508.102
0.6,0.5,0.2 751.245
0.6,0.5,0.25 443.485
0.6,0.5,0.3 450.08
0.6,0.5,0.35 434.133
0.6,0.5,0.4 813.98
0.6,0.5,0.45 505.554
0.6,0.5,0.5 907.874
0.6,0.5,0.55 749.979
0.6,0.5,0.6 696.377
0.6,0.5,0.65 185.537
0.6,0.5,0.7 3.22833
0.6,0.55,0 0.000556836
0.6,0.55,0.05 53.8361
0.6,0.55,0.1 275.923
0.6,0.55,0.15 605.793
0.6,0.55,0.2 642.06
0.6,0.55,0.25 307.846
0.6,0.55,0.3 451.258
0.6,0.55,0.35 622.134
0.6,0.55,0.4 323.28
0.6,0.55,0.45 333.903
0.6,0.55,0.5 730.281
0.6,0.55,0.55 458.326
0.6,0.55,0.6 696.24
0.6,0.55,0.65 272.921
0.6,0.55,0.7 16.8988
0.6,0.6,0 3.48942e-06
0.6,0.6,0.05 89.9739
0.6,0.6,0.1 426.26
0.6,0.6,0.15 758.382
0.6,0.6,0.2 1006.07
0.6,0.6,0.25 334.577
0.6,0.6,0.3 141.159
0.6,0.6,0.35 207.155
0.6,0.6,0.4 341.602
0.6,0.6,0.45 581.088
0.6,0.6,0.5 531.927
0.6,0.6,0.55 259.671
0.6,0.6,0.6 161.442
0.6,0.6,0.65 80.5025
0.6,0.6,0.7 7.78998
0.6,0.65,0 1.0291e-07
0.6,0.65,0.05 50.2401
0.6,0.65,0.1 220.378
0.6,0.65,0.15 383.096
0.6,0.65,0.2 491.477
0.6,0.65,0.25 149.333
0.6,0.65,0.3 307.743
0.6,0.65,0.35 307.927
0.6,0.65,0.4 688.331
0.6,0.65,0.45 612.233
0.6,0.65,0.5 452.268
0.6,0.65,0.55 424.758
0.6,0.65,0.6 179.035
0.6,0.65,0.65 55.979
0.6,0.65,0.7 0.380235
0.6,0.7,0 1.15125e-09
0.6,0.7,0.05 0.562032
0.6,0.7,0.1 3.07362
0.6,0.7,0.15 35.2743
0.6,0.7,0.2 92.6302
0.6,0.7,0.25 66.1371
0.6,0.7,0.3 156.179
0.6,0.7,0.35 356.125
0.6,0.7,0.4 518.905
0.6,0.7,0.45 295.708
0.6,0.7,0.5 564.003
0.6,0.7,0.55 500.611
0.6,0.7,0.6 394.602
0.6,0.7,0.65 124.044
0.6,0.7,0.7 0.741912
0.6,0.75,0.1 1.11899
0.6,0.75,0.15 18.7953
0.6,0.75,0.2 18.4135
0.6,0.75,0.25 5.72297
0.6,0.75,0.3 18.1231
0.6,0.75,0.35 71.4309
0.6,0.75,0.4 197.638
0.6,0.75,0.45 370.302
0.6,0.75,0.5 507.033
0.6,0.75,0.55 155.337
0.6,0.75,0.6 59.8126
0.6,0.75,0.65 16.8215
0.6,0.75,0.7 0.0991969
0.6,0.8,0.05 13.0486
0.6,0.8,0.1 68.9787
0.6,0.8,0.15 199.091
0.6,0.8,0.2 168.048
0.6,0.8,0.25 31.579
0.6,0.8,0.3 51.1795
0.6,0.8,0.35 38.7517
0.6,0.8,0.4 21.8252
0.6,0.8,0.45 51.2573
0.6,0.8,0.5 63.6816
0.6,0.8,0.55 12.1919
0.6,0.8,0.6 0.287802
0.6,0.85,0.05 70.1293
0.6,0.85,0.1 317.69
0.6,0.85,0.15 190.454
0.6,0.85,0.2 93.6512
0.6,0.85,0.25 16.9288
0.6,0.85,0.3 18.262
0.6,0.85,0.35 6.29029
0.6,0.85,0.4 0.370414
0.6,0.9,0.05 23.458
0.6,0.9,0.1 104.237
0.6,0.9,0.15 30.1042
0.6,0.9,0.2 1.03266
0.6,0.9,0.25 0.208543
0.6,0.9,0.3 0.237752
0.6,0.9,0.35 0.021732
0.6,0.9,0.4 1.28466e-10
0.6,0.95,0.05 0.0166862
0.6,0.95,0.1 0.074094
0.6,0.95,0.15 0.0205587
0.6,0.95,0.2 7.81764e-07
0.65,0.1,0.1 0.0148676
0.65,0.1,0.15 0.0738192
0.65,0.1,0.2 0.0235425
0.65,0.1,0.25 0.023421
0.65,0.1,0.3 0.0288749
0.65,0.1,0.35 0.00178222
0.65,0.1,0.4 0.0330555
0.65,0.1,0.45 0.864268
0.65,0.1,0.5 0.936336
0.65,0.1,0.55 0.0709988
0.65,0.1,0.6 0.00612874
0.65,0.15,0.1 25.51
0.65,0.15,0.15 127.491
0.65,0.15,0.2 61.6684
0.65,0.15,0.25 71.4887
0.65,0.15,0.3 37.6828
0.65,0.15,0.35 8.01972
0.65,0.15,0.4 5.05322
0.65,0.15,0.45 126.902
0.65,0.15,0.5 186.191
0.65,0.15,0.55 109.675
0.65,0.15,0.6 24.9437
0.65,0.15,0.65 0.0310362
0.65,0.15,0.7 4.74668e-05
0.65,0.2,0.05 0.378776
0.65,0.2,0.1 80.7538
0.65,0.2,0.15 420.893
0.65,0.2,0.2 364.896
0.65,0.2,0.25 605.556
0.65,0.2,0.3 366.166
0.65,0.2,0.35 162.789
0.65,0.2,0.4 54.9554
0.65,0.2,0.45 319.609
0.65,0.2,0.5 515.756
0.65,0.2,0.55 432.737
0.65,0.2,0.6 138.492
0.65,0.2,0.65 12.9255
0.65,0.2,0.7 0.0211247
0.65,0.25,0.05 7.34537
0.65,0.25,0.1 79.9679
0.65,0.25,0.15 186.061
0.65,0.25,0.2 419.782
0.65,0.25,0.25 791.839
0.65,0.25,0.3 542.009
0.65,0.25,0.35 608.408
0.65,0.25,0.4 261.824
0.65,0.25,0.45 306.117
0.65,0.25,0.5 343.255
0.65,0.25,0.55 449.621
0.65,0.25,0.6 196.787
0.65,0.25,0.65 43.2036
0.65,0.25,0.7 0.832584
0.65,0.3,0.05 11.0525
0.65,0.3,0.1 227.083
0.65,0.3,0.15 460.408
0.65,0.3,0.2 279.619
0.65,0.3,0.25 315.466
0.65,0.3,0.3 385.614
0.65,0.3,0.35 662.364
0.65,0.3,0.4 241.072
0.65,0.3,0.45 270.136
0.65,0.3,0.5 301.148
0.65,0.3,0.55 419.294
0.65,0.3,0.6 251.787
0.65,0.3,0.65 212.717
0.65,0.3,0.7 17.1094
0.65,0.35,0 2.04209e-08
0.65,0.35,0.05 25.8415
0.65,0.35,0.1 355.306
0.65,0.35,0.15 588.47
0.65,0.35,0.2 540.38
0.65,0.35,0.25 202.636
0.65,0.35,0.3 535.629
0.65,0.35,0.35 533.866
0.65,0.35,0.4 114.545
0.65,0.35,0.45 286.506
0.65,0.35,0.5 400.056
0.65,0.35,0.55 445.184
0.65,0.35,0.6 359.541
0.65,0.35,0.65 351.972
0.65,0.35,0.7 32.0979
0.65,0.4,0 1.10674e-06
0.65,0.4,0.05 89.0702
0.65,0.4,0.1 483.457
0.65,0.4,0.15 321.889
0.65,0.4,0.2 540.019
0.65,0.4,0.25 418.772
0.65,0.4,0.3 894.188
0.65,0.4,0.35 599.058
0.65,0.4,0.4 118.639
0.65,0.4,0.45 176.938
0.65,0.4,0.5 310.288
0.65,0.4,0.55 451.074
0.65,0.4,0.6 327.892
0.65,0.4,0.65 360.323
0.65,0.4,0.7 35.0502
0.65,0.45,0 0.000189572
0.65,0.45,0.05 120.9
0.65,0.45,0.1 483.217
0.65,0.45,0.15 257.175
0.65,0.45,0.2 361.355
0.65,0.45,0.25 559.17
0.65,0.45,0.3 492.141
0.65,0.45,0.35 239.641
0.65,0.45,0.4 241.491
