0.45,0.15,0.05 28.8721
0.45,0.15,0.1 396.228
0.45,0.15,0.15 574.793
0.45,0.15,0.2 289.925
0.45,0.15,0.25 211.316
0.45,0.15,0.3 189.732
0.45,0.15,0.35 61.3197
0.45,0.15,0.4 1.38261
0.45,0.2,0.05 41.7185
0.45,0.2,0.1 488.495
0.45,0.2,0.15 571.065
0.45,0.2,0.2 274.197
0.45,0.2,0.25 473.404
0.45,0.2,0.3 324.505
0.45,0.2,0.35 14.0077
0.45,0.2,0.4 0.25874
0.45,0.25,0 1.27915e-07
0.45,0.25,0.05 72.4002
0.45,0.25,0.1 429.657
0.45,0.25,0.15 323.912
0.45,0.25,0.2 255.353
0.45,0.25,0.25 273.647
0.45,0.25,0.3 162.513
0.45,0.25,0.35 13.3635
0.45,0.25,0.4 0.669634
0.45,0.3,0 8.61724e-07
0.45,0.3,0.05 129.256
0.45,0.3,0.1 537.479
0.45,0.3,0.15 662.939
0.45,0.3,0.2 810.686
0.45,0.3,0.25 184.22
0.45,0.3,0.3 81.0329
0.45,0.3,0.35 21.926
0.45,0.3,0.4 15.2067
0.45,0.3,0.45 2.42815
0.45,0.35,0 4.67497e-07
0.45,0.35,0.05 134.511
0.45,0.35,0.1 551.013
0.45,0.35,0.15 516.484
0.45,0.35,0.2 633.058
0.45,0.35,0.25 313.33
0.45,0.35,0.3 627.294
0.45,0.35,0.35 303.981
0.45,0.35,0.4 166.41
0.45,0.35,0.45 21.8611
0.45,0.4,0 8.18319e-08
0.45,0.4,0.05 79.934
0.45,0.4,0.1 343.509
0.45,0.4,0.15 306.736
0.45,0.4,0.2 371.739
0.45,0.4,0.25 263.8
0.45,0.4,0.3 654.976
0.45,0.4,0.35 601.146
0.45,0.4,0.4 198.284
0.45,0.4,0.45 15.1875
0.45,0.4,0.5 0.00115
0.45,0.45,0 1.77797e-09
0.45,0.45,0.05 74.0938
0.45,0.45,0.1 363.65
0.45,0.45,0.15 487.604
0.45,0.45,0.2 550.626
0.45,0.45,0.25 574.985
0.45,0.45,0.3 550.486
0.45,0.45,0.35 411.895
0.45,0.45,0.4 343.963
0.45,0.45,0.45 79.3623
0.45,0.45,0.5 0.0183258
0.45,0.5,0 9.84546e-10
0.45,0.5,0.05 87.3951
0.45,0.5,0.1 399.636
0.45,0.5,0.15 467.303
0.45,0.5,0.2 629.777
0.45,0.5,0.25 685.948
0.45,0.5,0.3 447.951
0.45,0.5,0.35 935.545
0.45,0.5,0.4 799.313
0.45,0.5,0.45 113.216
0.45,0.5,0.5 0.0213808
0.45,0.55,0 4.43573e-09
0.45,0.55,0.05 35.1644
0.45,0.55,0.1 267.545
0.45,0.55,0.15 611.298
0.45,0.55,0.2 546.569
0.45,0.55,0.25 235.43
0.45,0.55,0.3 75.7764
0.45,0.55,0.35 415.951
0.45,0.55,0.4 309.23
0.45,0.55,0.45 14.4014
0.45,0.55,0.5 0.00149315
0.45,0.6,0 1.45633e-08
0.45,0.6,0.05 124.614
0.45,0.6,0.1 539.566
0.45,0.6,0.15 397.958
0.45,0.6,0.2 722.895
0.45,0.6,0.25 408.753
0.45,0.6,0.3 33.6318
0.45,0.6,0.35 12.9019
0.45,0.6,0.4 7.47638
0.45,0.6,0.45 0.146691
0.45,0.65,0 4.32448e-09
0.45,0.65,0.05 65.7757
0.45,0.65,0.1 283.068
0.45,0.65,0.15 220.32
0.45,0.65,0.2 252.863
0.45,0.65,0.25 111.272
0.45,0.65,0.3 32.1267
0.45,0.65,0.35 59.8771
0.45,0.65,0.4 10.9571
0.45,0.65,0.45 0.0177369
0.45,0.7,0 1.04913e-10
0.45,0.7,0.05 1.20881
0.45,0.7,0.1 11.6032
0.45,0.7,0.15 48.0806
0.45,0.7,0.2 64.9287
0.45,0.7,0.25 27.8513
0.45,0.7,0.3 44.9984
0.45,0.7,0.35 114.467
0.45,0.7,0.4 19.4044
0.45,0.7,0.45 0.00062134
0.45,0.75,0 2.42916e-07
0.45,0.75,0.05 25.0314
0.45,0.75,0.1 99.4908
0.45,0.75,0.15 30.4495
0.45,0.75,0.2 27.7023
0.45,0.75,0.25 9.2895
0.45,0.75,0.3 5.24399
0.45,0.75,0.35 13.7275
0.45,0.75,0.4 2.32442
0.45,0.8,0 7.85732e-07
0.45,0.8,0.05 80.9672
0.45,0.8,0.1 321.799
0.45,0.8,0.15 80.4705
0.45,0.8,0.2 2.32162
0.45,0.8,0.25 0.629451
0.45,0.8,0.3 1.15165e-05
0.45,0.85,0 1.58594e-07
0.45,0.85,0.05 16.3439
0.45,0.85,0.1 64.9577
0.45,0.85,0.15 16.1356
0.45,0.9,0 1.66874e-12
0.45,0.9,0.05 0.000257712
0.45,0.9,0.1 0.00102509
0.45,0.9,0.15 0.00025484
0.5,0.05,0.25 1.46822
0.5,0.05,0.3 21.2079
0.5,0.05,0.35 15.9452
0.5,0.05,0.4 0.388766
0.5,0.1,0 3.14578e-14
0.5,0.1,0.05 0.539652
0.5,0.1,0.1 7.21931
0.5,0.1,0.15 31.4097
0.5,0.1,0.2 43.7283
0.5,0.1,0.25 54.3605
0.5,0.1,0.3 291.833
0.5,0.1,0.35 208.116
0.5,0.1,0.4 5.05811
0.5,0.15,0 9.50023e-12
0.5,0.15,0.05 8.82705
0.5,0.15,0.1 68.3084
0.5,0.15,0.15 255.121
0.5,0.15,0.2 419.035
0.5,0.15,0.25 631.388
0.5,0.15,0.3 553.441
0.5,0.15,0.35 161.302
0.5,0.15,0.4 3.55148
0.5,0.2,0 2.27916e-11
0.5,0.2,0.05 80.6404
0.5,0.2,0.1 407.651
0.5,0.2,0.15 500.018
0.5,0.2,0.2 757.022
0.5,0.2,0.25 878.346
0.5,0.2,0.3 655.084
0.5,0.2,0.35 111.839
0.5,0.2,0.4 6.29733
0.5,0.25,0 1.02091e-07
0.5,0.25,0.05 88.5268
0.5,0.25,0.1 407.387
0.5,0.25,0.15 414.146
0.5,0.25,0.2 675.756
0.5,0.25,0.25 577.993
0.5,0.25,0.3 375.736
0.5,0.25,0.35 250.803
0.5,0.25,0.4 17.8268
0.5,0.3,0 7.23866e-07
0.5,0.3,0.05 136.824
0.5,0.3,0.1 568.294
0.5,0.3,0.15 652.307
0.5,0.3,0.2 739.857
0.5,0.3,0.25 376.728
0.5,0.3,0.3 156.515
0.5,0.3,0.35 77.245
0.5,0.3,0.4 43.8238
0.5,0.3,0.45 6.53718
0.5,0.35,0 7.82849e-07
0.5,0.35,0.05 155.941
0.5,0.35,0.1 636.149
0.5,0.35,0.15 490.545
0.5,0.35,0.2 480.35
0.5,0.35,0.25 132.336
0.5,0.35,0.3 135.495
0.5,0.35,0.35 282.094
0.5,0.35,0.4 418.163
0.5,0.35,0.45 58.7693
0.5,0.4,0 3.24673e-07
0.5,0.4,0.05 101.638
0.5,0.4,0.1 407.51
0.5,0.4,0.15 201.818
0.5,0.4,0.2 378.733
0.5,0.4,0.25 286.925
0.5,0.4,0.3 196.728
0.5,0.4,0.35 552.2
0.5,0.4,0.4 406.589
0.5,0.4,0.45 33.2292
0.5,0.4,0.5 5.34433e-05
0.5,0.45,0 6.02828e-09
0.5,0.45,0.05 105.433
0.5,0.45,0.1 427.764
0.5,0.45,0.15 217.89
0.5,0.45,0.2 464.552
0.5,0.45,0.25 404.422
0.5,0.45,0.3 157.709
0.5,0.45,0.35 156.013
0.5,0.45,0.4 107.372
0.5,0.45,0.45 13.0215
0.5,0.45,0.5 0.00238794
0.5,0.5,0 4.94556e-09
0.5,0.5,0.05 118.592
0.5,0.5,0.1 502.814
0.5,0.5,0.15 415.812
0.5,0.5,0.2 603.77
0.5,0.5,0.25 521.285
0.5,0.5,0.3 329.405
0.5,0.5,0.35 276.759
0.5,0.5,0.4 218.076
0.5,0.5,0.45 20.5635
0.5,0.5,0.5 0.00329453
0.5,0.55,0 4.92473e-09
0.5,0.55,0.05 78.0897
0.5,0.55,0.1 472.878
0.5,0.55,0.15 812.684
0.5,0.55,0.2 933.765
0.5,0.55,0.25 298.906
0.5,0.55,0.3 235.971
0.5,0.55,0.35 177.793
0.5,0.55,0.4 110.576
0.5,0.55,0.45 3.87825
0.5,0.55,0.5 0.00024067
0.5,0.6,0 5.13179e-10
0.5,0.6,0.05 13.851
0.5,0.6,0.1 194.436
0.5,0.6,0.15 429.768
0.5,0.6,0.2 393.385
0.5,0.6,0.25 96.0122
0.5,0.6,0.3 11.6927
0.5,0.6,0.35 4.47947
0.5,0.6,0.4 2.19721
0.5,0.6,0.45 0.0475367
0.5,0.65,0 1.93895e-10
0.5,0.65,0.05 5.81001
0.5,0.65,0.1 100.369
0.5,0.65,0.15 440.576
0.5,0.65,0.2 365.964
0.5,0.65,0.25 211.296
0.5,0.65,0.3 20.9728
0.5,0.65,0.35 0.0518091
0.5,0.65,0.4 0.00230285
0.5,0.7,0 2.81931e-11
0.5,0.7,0.05 0.418563
0.5,0.7,0.1 26.7643
0.5,0.7,0.15 222.449
0.5,0.7,0.2 688.788
0.5,0.7,0.25 430.05
0.5,0.7,0.3 27.8227
0.5,0.7,0.35 0.0690429
0.5,0.7,0.4 0.00463943
0.5,0.75,0 1.8281e-08
0.5,0.75,0.05 8.32967
0.5,0.75,0.1 36.1207
0.5,0.75,0.15 94.334
0.5,0.75,0.2 388.868
0.5,0.75,0.25 134.473
0.5,0.75,0.3 2.11449
0.5,0.75,0.35 0.00539343
0.5,0.75,0.4 0.000557105
0.5,0.8,0 1.78869e-07
0.5,0.8,0.05 31.8898
0.5,0.8,0.1 127.221
0.5,0.8,0.15 39.7522
0.5,0.8,0.2 33.128
0.5,0.8,0.25 8.96345
0.5,0.8,0.3 0.000163997
0.5,0.85,0 1.65992e-07
0.5,0.85,0.05 25.4838
0.5,0.85,0.1 101.369
0.5,0.85,0.15 25.2017
0.5,0.9,0 8.96276e-09
0.5,0.9,0.05 1.38416
0.5,0.9,0.1 5.50572
0.5,0.9,0.15 1.36874
0.55,0.05,0.25 0.231609
0.55,0.05,0.3 3.34549
0.55,0.05,0.35 2.51531
0.55,0.05,0.4 0.0613269
0.55,0.1,0 1.37602e-12
0.55,0.1,0.05 0.0832298
0.55,0.1,0.1 0.379034
0.55,0.1,0.15 6.64273
0.55,0.1,0.2 41.4258
0.55,0.1,0.25 30.3725
0.55,0.1,0.3 50.1051
0.55,0.1,0.35 33.052
0.55,0.1,0.4 0.797905
0.55,0.15,0 4.15557e-10
0.55,0.15,0.05 27.4382
0.55,0.15,0.1 111.104
0.55,0.15,0.15 88.7708
0.55,0.15,0.2 346.437
0.55,0.15,0.25 346.607
0.55,0.15,0.3 206.315
0.55,0.15,0.35 38.4159
0.55,0.15,0.4 0.88486
0.55,0.2,0 9.96948e-10
0.55,0.2,0.05 93.0893
0.55,0.2,0.1 393.45
0.55,0.2,0.15 328.696
0.55,0.2,0.2 521.105
0.55,0.2,0.25 467.585
0.55,0.2,0.3 504.266
0.55,0.2,0.35 238.796
0.55,0.2,0.4 12.7371
0.55,0.25,0 2.99032e-09
0.55,0.25,0.05 63.6641
0.55,0.25,0.1 284.873
0.55,0.25,0.15 455.109
0.55,0.25,0.2 669.496
0.55,0.25,0.25 704.777
0.55,0.25,0.3 719.134
0.55,0.25,0.35 443.3
0.55,0.25,0.4 24.6834
0.55,0.3,0 3.53597e-08
0.55,0.3,0.05 104.789
0.55,0.3,0.1 430.771
0.55,0.3,0.15 413.098
0.55,0.3,0.2 551.009
0.55,0.3,0.25 704.126
0.55,0.3,0.3 763.709
0.55,0.3,0.35 199.105
0.55,0.3,0.4 10.5068
0.55,0.3,0.45 1.08897
0.55,0.35,0 1.89208e-07
0.55,0.35,0.05 140.417
0.55,0.35,0.1 574.601
0.55,0.35,0.15 259.684
0.55,0.35,0.2 114.344
0.55,0.35,0.25 244.514
0.55,0.35,0.3 393.219
0.55,0.35,0.35 93.8883
0.55,0.35,0.4 68.0115
0.55,0.35,0.45 9.77597
0.55,0.4,0 1.13972e-07
0.55,0.4,0.05 85.6947
0.55,0.4,0.1 349.933
0.55,0.4,0.15 122.168
0.55,0.4,0.2 149.064
0.55,0.4,0.25 397.868
0.55,0.4,0.3 119.027
0.55,0.4,0.35 67.9689
0.55,0.4,0.4 61.5204
0.55,0.4,0.45 5.43886
0.55,0.45,0 2.35519e-09
0.55,0.45,0.05 100.566
0.55,0.45,0.1 457.009
0.55,0.45,0.15 183.46
0.55,0.45,0.2 417.515
0.55,0.45,0.25 351.955
0.55,0.45,0.3 47.1613
0.55,0.45,0.35 13.8631
0.55,0.45,0.4 7.46381
0.55,0.45,0.45 0.133286
0.55,0.5,0 1.84144e-09
0.55,0.5,0.05 79.8466
0.55,0.5,0.1 417.187
0.55,0.5,0.15 252.311
0.55,0.5,0.2 771.84
0.55,0.5,0.25 494.115
0.55,0.5,0.3 204.296
0.55,0.5,0.35 30.3622
0.55,0.5,0.4 0.32582
0.55,0.5,0.45 0.00916596
0.55,0.55,0 1.78461e-09
0.55,0.55,0.05 36.3804
0.55,0.55,0.1 280.756
0.55,0.55,0.15 397.832
0.55,0.55,0.2 697.098
0.55,0.55,0.25 354.144
0.55,0.55,0.3 201.677
0.55,0.55,0.35 29.9777
0.55,0.55,0.4 0.203833
0.55,0.55,0.45 0.00542414
0.55,0.6,0 7.62199e-10
0.55,0.6,0.05 7.57925
0.55,0.6,0.1 216.492
0.55,0.6,0.15 352.984
0.55,0.6,0.2 444.603
0.55,0.6,0.25 334.168
0.55,0.6,0.3 29.7253
0.55,0.6,0.35 1.40427
0.55,0.6,0.4 0.00377172
0.55,0.6,0.45 8.50327e-05
0.55,0.65,0 1.28885e-08
0.55,0.65,0.05 29.4543
0.55,0.65,0.1 184.583
0.55,0.65,0.15 272.393
0.55,0.65,0.2 396.937
0.55,0.65,0.25 618.471
0.55,0.65,0.3 135.167
0.55,0.65,0.35 0.394473
0.55,0.7,0 1.15025e-08
0.55,0.7,0.05 28.82
0.55,0.7,0.1 224.036
0.55,0.7,0.15 386.786
0.55,0.7,0.2 605.739
0.55,0.7,0.25 654.784
0.55,0.7,0.3 134.767
0.55,0.7,0.35 0.43001
0.55,0.75,0 1.47037e-08
0.55,0.75,0.05 71.1427
0.55,0.75,0.1 386.535
0.55,0.75,0.15 352.224
0.55,0.75,0.2 321.399
0.55,0.75,0.25 124.982
0.55,0.75,0.3 9.24787
0.55,0.75,0.35 0.0217312
0.55,0.8,0 4.45858e-07
0.55,0.8,0.05 145.022
0.55,0.8,0.1 587.235
0.55,0.8,0.15 168.863
0.55,0.8,0.2 27.5548
0.55,0.8,0.25 8.33738
0.55,0.8,0.3 0.387281
0.55,0.85,0 5.23551e-07
0.55,0.85,0.05 89.3176
0.55,0.85,0.1 355.454
0.55,0.85,0.15 88.4165
0.55,0.85,0.2 0.00385792
0.55,0.85,0.25 0.000105113
0.55,0.9,0 2.99179e-08
0.55,0.9,0.05 5.75641
0.55,0.9,0.1 22.9211
0.55,0.9,0.15 5.70429
0.55,0.95,0 9.51499e-18
0.55,0.95,0.05 1.11451e-05
0.55,0.95,0.1 4.45676e-05
0.55,0.95,0.15 1.11387e-05
0.6,0.1,0 1.88149e-12
0.6,0.1,0.05 0.113803
0.6,0.1,0.1 0.454865
0.6,0.1,0.15 8.85539
0.6,0.1,0.2 58.19
0.6,0.1,0.25 24.4042
0.6,0.1,0.3 0.144772
0.6,0.1,0.35 0.00232796
0.6,0.15,0 5.68208e-10
0.6,0.15,0.05 34.4755
0.6,0.15,0.1 138.582
0.6,0.15,0.15 106.492
0.6,0.15,0.2 466.248
0.6,0.15,0.25 194.704
0.6,0.15,0.3 12.2941
0.6,0.15,0.35 9.94191
0.6,0.15,0.4 0.44397
0.6,0.2,0 1.36317e-09
0.6,0.2,0.05 93.378
0.6,0.2,0.1 465.148
0.6,0.2,0.15 290.192
0.6,0.2,0.2 301.433
0.6,0.2,0.25 120.86
0.6,0.2,0.3 200.635
0.6,0.2,0.35 194.238
0.6,0.2,0.4 8.85498
0.6,0.25,0 2.00202e-10
0.6,0.25,0.05 34.9243
0.6,0.25,0.1 328.926
0.6,0.25,0.15 592.937
0.6,0.25,0.2 502.68
0.6,0.25,0.25 441.295
0.6,0.25,0.3 432.115
0.6,0.25,0.35 216.244
0.6,0.25,0.4 8.66202
0.6,0.3,0 7.31013e-10
0.6,0.3,0.05 15.555
0.6,0.3,0.1 111.764
0.6,0.3,0.15 458.413
0.6,0.3,0.2 785.457
0.6,0.3,0.25 764.31
0.6,0.3,0.3 473.878
0.6,0.3,0.35 80.552
0.6,0.3,0.4 0.494385
0.6,0.35,0 4.95645e-09
0.6,0.35,0.05 46.1525
0.6,0.35,0.1 290.49
0.6,0.35,0.15 720.598
0.6,0.35,0.2 373.873
0.6,0.35,0.25 174.159
0.6,0.35,0.3 174.389
0.6,0.35,0.35 24.6668
0.6,0.35,0.4 0.00541748
0.6,0.4,0 2.12525e-09
0.6,0.4,0.05 33.4469
0.6,0.4,0.1 203.489
0.6,0.4,0.15 354.404
0.6,0.4,0.2 162.476
0.6,0.4,0.25 77.5008
0.6,0.4,0.3 24.3975
0.6,0.4,0.35 1.65564
0.6,0.45,0 1.8668e-10
0.6,0.45,0.05 101.073
0.6,0.45,0.1 592.944
0.6,0.45,0.15 295.736
0.6,0.45,0.2 560.143
0.6,0.45,0.25 429.847
0.6,0.45,0.3 34.4526
0.6,0.45,0.35 0.047801
0.6,0.5,0 3.87399e-11
0.6,0.5,0.05 87.0203
0.6,0.5,0.1 549.056
0.6,0.5,0.15 290.329
0.6,0.5,0.2 693.784
0.6,0.5,0.25 534.447
0.6,0.5,0.3 115.343
0.6,0.5,0.35 10.2692
0.6,0.55,0 2.63955e-12
0.6,0.55,0.05 10.592
0.6,0.55,0.1 80.8135
0.6,0.55,0.15 71.7636
0.6,0.55,0.2 327.975
0.6,0.55,0.25 406.834
0.6,0.55,0.3 283.976
0.6,0.55,0.35 30.1851
0.6,0.6,0 1.81544e-09
0.6,0.6,0.05 4.80682
0.6,0.6,0.1 43.2931
0.6,0.6,0.15 76.6266
0.6,0.6,0.2 642.326
0.6,0.6,0.25 792.918
0.6,0.6,0.3 135.687
0.6,0.6,0.35 5.7887
0.6,0.65,0 3.42983e-08
0.6,0.65,0.05 77.313
0.6,0.65,0.1 392.108
0.6,0.65,0.15 365.304
0.6,0.65,0.2 467.884
0.6,0.65,0.25 730.883
0.6,0.65,0.3 140.068
0.6,0.65,0.35 0.31444
0.6,0.7,0 3.06096e-08
0.6,0.7,0.05 71.1042
0.6,0.7,0.1 454.338
0.6,0.7,0.15 581.488
0.6,0.7,0.2 363.173
0.6,0.7,0.25 398.77
0.6,0.7,0.3 110.637
0.6,0.7,0.35 0.34374
0.6,0.75,0 4.54742e-09
0.6,0.75,0.05 79.7771
0.6,0.75,0.1 453.72
0.6,0.75,0.15 464.253
0.6,0.75,0.2 247.816
0.6,0.75,0.25 302.778
0.6,0.75,0.3 66.8264
0.6,0.75,0.35 0.0177169
0.6,0.8,0 9.40025e-08
0.6,0.8,0.05 157.077
0.6,0.8,0.1 643.917
0.6,0.8,0.15 263.367
0.6,0.8,0.2 84.4696
0.6,0.8,0.25 59.0218
0.6,0.8,0.3 13.3096
0.6,0.85,0 1.09315e-07
0.6,0.85,0.05 109.325
0.6,0.85,0.1 437.005
0.6,0.85,0.15 112.257
0.6,0.85,0.2 2.51369
0.6,0.85,0.25 0.0684877
0.6,0.9,0 6.2527e-09
0.6,0.9,0.05 22.1589
0.6,0.9,0.1 88.5901
0.6,0.9,0.15 22.1361
0.6,0.95,0 1.77506e-16
0.6,0.95,0.05 0.000207916
0.6,0.95,0.1 0.000831427
0.6,0.95,0.15 0.000207798
0.65,0.1,0 1.35663e-13
0.65,0.1,0.05 0.0082057
0.65,0.1,0.1 0.0327977
0.65,0.1,0.15 6.95099
0.65,0.1,0.2 38.1519
0.65,0.1,0.25 13.0798
0.65,0.1,0.3 0.0135146
0.65,0.15,0 4.09702e-11
0.65,0.15,0.05 2.56684
0.65,0.15,0.1 10.9671
0.65,0.15,0.15 64.2388
0.65,0.15,0.2 337.286
0.65,0.15,0.25 116.435
0.65,0.15,0.3 0.844403
0.65,0.15,0.35 0.722679
0.65,0.15,0.4 0.0325536
0.65,0.2,0 9.829e-11
0.65,0.2,0.05 15.7718
0.65,0.2,0.1 142.444
0.65,0.2,0.15 147.883
0.65,0.2,0.2 282.473
0.65,0.2,0.25 97.141
0.65,0.2,0.3 14.2075
0.65,0.2,0.35 13.9001
0.65,0.2,0.4 0.625834
0.65,0.25,0 1.44354e-11
0.65,0.25,0.05 19.4878
0.65,0.25,0.1 237.917
0.65,0.25,0.15 369.996
0.65,0.25,0.2 449.318
0.65,0.25,0.25 177.967
0.65,0.25,0.3 34.3014
0.65,0.25,0.35 12.9243
0.65,0.25,0.4 0.564513
0.65,0.3,0 4.53535e-12
0.65,0.3,0.05 2.11703
0.65,0.3,0.1 66.0018
0.65,0.3,0.15 502.404
0.65,0.3,0.2 627.651
0.65,0.3,0.25 379.219
0.65,0.3,0.3 54.2036
0.65,0.3,0.35 1.12401
0.65,0.3,0.4 0.020568
0.65,0.35,0 3.03836e-11
0.65,0.35,0.05 0.294044
0.65,0.35,0.1 85.6506
0.65,0.35,0.15 518.577
