0.05,0.1,0.05 0.261486
0.05,0.1,0.1 9.11024
0.05,0.1,0.15 11.2591
0.05,0.1,0.2 0.699609
0.05,0.1,0.25 0.000340444
0.05,0.15,0 1.83915e-16
0.05,0.15,0.05 1.45157
0.05,0.15,0.1 50.5738
0.05,0.15,0.15 64.6855
0.05,0.15,0.2 8.74942
0.05,0.15,0.25 0.658625
0.05,0.15,0.3 0.0568299
0.05,0.15,0.35 0.106238
0.05,0.15,0.4 0.0124893
0.05,0.2,0 6.19752e-15
0.05,0.2,0.05 0.532463
0.05,0.2,0.1 17.6015
0.05,0.2,0.15 28.421
0.05,0.2,0.2 17.1134
0.05,0.2,0.25 15.717
0.05,0.2,0.3 16.4051
0.05,0.2,0.35 6.74503
0.05,0.2,0.4 0.729403
0.05,0.25,0 5.6899e-14
0.05,0.25,0.05 0.367072
0.05,0.25,0.1 1.49175
0.05,0.25,0.15 2.77525
0.05,0.25,0.2 7.65141
0.05,0.25,0.25 45.5746
0.05,0.25,0.3 48.2867
0.05,0.25,0.35 11.3047
0.05,0.25,0.4 1.11925
0.05,0.3,0 3.84023e-14
0.05,0.3,0.05 0.250637
0.05,0.3,0.1 1.00539
0.05,0.3,0.15 1.40161
0.05,0.3,0.2 3.30214
0.05,0.3,0.25 9.59119
0.05,0.3,0.3 9.29658
0.05,0.3,0.35 1.17396
0.05,0.3,0.4 0.0949677
0.05,0.35,0 2.9298e-10
0.05,0.35,0.05 1.34787
0.05,0.35,0.1 5.38194
0.05,0.35,0.15 1.39874
0.05,0.35,0.2 0.139581
0.05,0.35,0.25 0.0215089
0.05,0.4,0 1.17859e-09
0.05,0.4,0.05 5.4024
0.05,0.4,0.1 21.5735
0.05,0.4,0.15 5.49304
0.05,0.4,0.2 0.248996
0.05,0.4,0.25 0.0507291
0.05,0.4,0.3 1.6719e-07
0.05,0.45,0 2.96394e-10
0.05,0.45,0.05 1.40132
0.05,0.45,0.1 5.64849
0.05,0.45,0.15 15.9516
0.05,0.45,0.2 57.0023
0.05,0.45,0.25 14.6399
0.05,0.45,0.3 0.00735033
0.05,0.45,0.35 0.00052735
0.05,0.45,0.4 0.000193746
0.05,0.45,0.45 4.32224e-06
0.05,0.5,0 1.42835e-12
0.05,0.5,0.05 0.876939
0.05,0.5,0.1 3.55276
0.05,0.5,0.15 34.8248
0.05,0.5,0.2 138.866
0.05,0.5,0.25 39.9025
0.05,0.5,0.3 2.87339
0.05,0.5,0.35 0.0780977
0.05,0.5,0.4 0.00287634
0.05,0.5,0.45 6.41557e-05
0.05,0.55,0 1.33311e-12
0.05,0.55,0.05 0.818467
0.05,0.55,0.1 3.27426
0.05,0.55,0.15 6.32713
0.05,0.55,0.2 31.3316
0.05,0.55,0.25 73.7975
0.05,0.55,0.3 40.6947
0.05,0.55,0.35 0.682166
0.05,0.55,0.4 0.0023753
0.05,0.55,0.45 4.91237e-05
0.05,0.6,0 5.10195e-14
0.05,0.6,0.05 0.0313236
0.05,0.6,0.1 0.12525
0.05,0.6,0.15 0.716815
0.05,0.6,0.2 13.1008
0.05,0.6,0.25 74.3429
0.05,0.6,0.3 45.8318
0.05,0.6,0.35 4.47932
0.05,0.6,0.4 0.219546
0.05,0.6,0.45 1.24851e-06
0.05,0.65,0.15 0.889836
0.05,0.65,0.2 7.41423
0.05,0.65,0.25 7.50746
0.05,0.65,0.3 13.9418
0.05,0.65,0.35 13.8665
0.05,0.65,0.4 0.805022
0.05,0.7,0.15 10.5101
0.05,0.7,0.2 82.3213
0.05,0.7,0.25 38.8792
0.05,0.7,0.3 2.89562
0.05,0.7,0.35 3.17207
0.05,0.7,0.4 0.18483
0.05,0.75,0.15 7.20226
0.05,0.75,0.2 56.4125
0.05,0.75,0.25 26.5859
0.05,0.75,0.3 0.155968
0.05,0.8,0.15 0.140482
0.05,0.8,0.2 1.10034
0.05,0.8,0.25 0.518565
0.05,0.8,0.3 0.00304219
0.1,0,0.1 2.01027e-19
0.1,0,0.15 6.84176e-17
0.1,0,0.2 2.02121e-14
0.1,0,0.25 1.40043e-13
0.1,0,0.3 5.97136e-14
0.1,0,0.35 2.22277e-16
0.1,0.05,0.1 2.64753e-06
0.1,0.05,0.15 0.000901064
0.1,0.05,0.2 0.275795
0.1,0.05,0.25 1.91144
0.1,0.05,0.3 0.81503
0.1,0.05,0.35 0.00303385
0.1,0.1,0.05 1.34591
0.1,0.1,0.1 46.892
0.1,0.1,0.15 57.9859
0.1,0.1,0.2 5.03864
0.1,0.1,0.25 7.96555
0.1,0.1,0.3 3.3608
0.1,0.1,0.35 0.0343944
0.1,0.1,0.4 5.32385e-12
0.1,0.15,0 1.61724e-12
0.1,0.15,0.05 10.2611
0.1,0.15,0.1 271.624
0.1,0.15,0.15 368.18
0.1,0.15,0.2 121.359
0.1,0.15,0.25 20.6874
0.1,0.15,0.3 7.46789
0.1,0.15,0.35 3.89113
0.1,0.15,0.4 0.306314
0.1,0.2,0 1.6235e-11
0.1,0.2,0.05 33.0352
0.1,0.2,0.1 212.255
0.1,0.2,0.15 283.079
0.1,0.2,0.2 329.585
0.1,0.2,0.25 140.218
0.1,0.2,0.3 172.778
0.1,0.2,0.35 157.535
0.1,0.2,0.4 17.8894
0.1,0.25,0 1.52925e-11
0.1,0.25,0.05 57.3654
0.1,0.25,0.1 229.798
0.1,0.25,0.15 149.657
0.1,0.25,0.2 237.253
0.1,0.25,0.25 335.941
0.1,0.25,0.3 407.685
0.1,0.25,0.35 245.15
0.1,0.25,0.4 27.4508
0.1,0.3,0 4.52776e-12
0.1,0.3,0.05 29.4396
0.1,0.3,0.1 117.914
0.1,0.3,0.15 96.1758
0.1,0.3,0.2 170.19
0.1,0.3,0.25 87.8407
0.1,0.3,0.3 69.3188
0.1,0.3,0.35 22.1974
0.1,0.3,0.4 2.32919
0.1,0.35,0 4.53774e-09
0.1,0.35,0.05 21.5211
0.1,0.35,0.1 85.9422
0.1,0.35,0.15 24.6735
0.1,0.35,0.2 8.08718
0.1,0.35,0.25 1.2462
0.1,0.4,0 1.82539e-08
0.1,0.4,0.05 83.6724
0.1,0.4,0.1 334.401
0.1,0.4,0.15 90.3118
0.1,0.4,0.2 7.75964
0.1,0.4,0.25 0.620769
0.1,0.4,0.3 0.000132916
0.1,0.45,0 4.59755e-09
0.1,0.45,0.05 24.2911
0.1,0.45,0.1 102.465
0.1,0.45,0.15 219.498
0.1,0.45,0.2 438.314
0.1,0.45,0.25 90.0267
0.1,0.45,0.3 0.766109
0.1,0.45,0.35 5.28219
0.1,0.45,0.4 3.81506
0.1,0.45,0.45 0.0851094
0.1,0.5,0 9.13685e-11
0.1,0.5,0.05 49.1344
0.1,0.5,0.1 201.787
0.1,0.5,0.15 361.992
0.1,0.5,0.2 906.7
0.1,0.5,0.25 296.745
0.1,0.5,0.3 84.4854
0.1,0.5,0.35 83.4427
0.1,0.5,0.4 56.9032
0.1,0.5,0.45 1.26376
0.1,0.55,0 7.28423e-11
0.1,0.55,0.05 42.989
0.1,0.55,0.1 173.548
0.1,0.55,0.15 143.688
0.1,0.55,0.2 361.564
0.1,0.55,0.25 554.923
0.1,0.55,0.3 413.88
0.1,0.55,0.35 153.969
0.1,0.55,0.4 50.0865
0.1,0.55,0.45 0.969117
0.1,0.6,0 2.61038e-12
0.1,0.6,0.05 2.15839
0.1,0.6,0.1 12.531
0.1,0.6,0.15 34.2629
0.1,0.6,0.2 248.081
0.1,0.6,0.25 451.784
0.1,0.6,0.3 434.302
0.1,0.6,0.35 196.062
0.1,0.6,0.4 12.1188
0.1,0.6,0.45 0.0250313
0.1,0.65,0.05 0.514264
0.1,0.65,0.1 12.0505
0.1,0.65,0.15 27.0546
0.1,0.65,0.2 57.3693
0.1,0.65,0.25 54.7947
0.1,0.65,0.3 247.996
0.1,0.65,0.35 261.701
0.1,0.65,0.4 14.8792
0.1,0.7,0.05 0.138141
0.1,0.7,0.1 22.1271
0.1,0.7,0.15 102.32
0.1,0.7,0.2 371.217
0.1,0.7,0.25 194.638
0.1,0.7,0.3 72.0947
0.1,0.7,0.35 58.2187
0.1,0.7,0.4 3.3373
0.1,0.75,0.05 0.0242334
0.1,0.75,0.1 4.42934
0.1,0.75,0.15 45.3285
0.1,0.75,0.2 241.418
0.1,0.75,0.25 119.792
0.1,0.75,0.3 7.80413
0.1,0.75,0.35 0.184879
0.1,0.8,0.1 0.0839194
0.1,0.8,0.15 4.49629
0.1,0.8,0.2 10.1492
0.1,0.8,0.25 2.88908
0.1,0.8,0.3 0.0638661
0.1,0.8,0.35 0.000124112
0.1,0.85,0.1 0.00281461
0.1,0.85,0.15 0.132839
0.1,0.85,0.2 0.275508
0.1,0.85,0.25 0.174974
0.1,0.85,0.3 0.0167208
0.1,0.9,0.15 3.92677e-06
0.1,0.9,0.2 0.000359653
0.1,0.9,0.25 0.000643675
0.1,0.9,0.3 6.68367e-05
0.15,0,0.1 2.5992e-15
0.15,0,0.15 8.84613e-13
0.15,0,0.2 2.8455e-12
0.15,0,0.25 5.0451e-12
0.15,0,0.3 2.01227e-12
0.15,0,0.35 7.49043e-15
0.15,0.05,0 3.77742e-13
0.15,0.05,0.05 0.00767793
0.15,0.05,0.1 0.0649096
0.15,0.05,0.15 11.6581
0.15,0.05,0.2 38.1062
0.15,0.05,0.25 70.1094
0.15,0.05,0.3 27.867
0.15,0.05,0.35 0.102268
0.15,0.1,0 2.55832e-10
0.15,0.1,0.05 5.6318
0.15,0.1,0.1 35.9585
0.15,0.1,0.15 70.8548
0.15,0.1,0.2 164.546
0.15,0.1,0.25 294.588
0.15,0.1,0.3 115.584
0.15,0.1,0.35 1.08496
0.15,0.1,0.4 1.61637e-10
0.15,0.15,0 7.0896e-10
0.15,0.15,0.05 26.3718
0.15,0.15,0.1 179.6
0.15,0.15,0.15 199.554
0.15,0.15,0.2 323.377
0.15,0.15,0.25 283.642
0.15,0.15,0.3 200.427
0.15,0.15,0.35 43.7881
0.15,0.15,0.4 0.317293
0.15,0.2,0 2.0535e-10
0.15,0.2,0.05 104.952
0.15,0.2,0.1 446.286
0.15,0.2,0.15 400.97
0.15,0.2,0.2 718.523
0.15,0.2,0.25 374.86
0.15,0.2,0.3 430.124
0.15,0.2,0.35 226.81
0.15,0.2,0.4 18.5307
0.15,0.25,0 6.20458e-11
0.15,0.25,0.05 149.867
0.15,0.25,0.1 600.038
0.15,0.25,0.15 343.66
0.15,0.25,0.2 499.138
0.15,0.25,0.25 456.147
0.15,0.25,0.3 416.579
0.15,0.25,0.35 255.524
0.15,0.25,0.4 28.4348
0.15,0.3,0 1.07223e-11
0.15,0.3,0.05 110.086
0.15,0.3,0.1 440.563
0.15,0.3,0.15 213.466
0.15,0.3,0.2 266.315
0.15,0.3,0.25 125.253
0.15,0.3,0.3 69.5056
0.15,0.3,0.35 21.9519
0.15,0.3,0.4 2.41268
0.15,0.35,0 3.57402e-09
0.15,0.35,0.05 35.8047
0.15,0.35,0.1 143.109
0.15,0.35,0.15 40.7123
0.15,0.35,0.2 12.4653
0.15,0.35,0.25 1.92927
0.15,0.35,0.3 1.7961e-08
0.15,0.4,0 1.43752e-08
0.15,0.4,0.05 65.9309
0.15,0.4,0.1 270.751
0.15,0.4,0.15 110.277
0.15,0.4,0.2 23.6826
0.15,0.4,0.25 0.874475
0.15,0.4,0.3 0.0176525
0.15,0.45,0 3.70353e-09
0.15,0.45,0.05 39.3888
0.15,0.45,0.1 205.102
0.15,0.45,0.15 520.174
0.15,0.45,0.2 480.9
0.15,0.45,0.25 112.587
0.15,0.45,0.3 11.1577
0.15,0.45,0.35 21.5845
0.15,0.45,0.4 13.8455
0.15,0.45,0.45 0.303403
0.15,0.5,0 4.47328e-10
0.15,0.5,0.05 144.921
0.15,0.5,0.1 607.685
0.15,0.5,0.15 663.699
0.15,0.5,0.2 841.523
0.15,0.5,0.25 438.042
0.15,0.5,0.3 199.849
0.15,0.5,0.35 364.588
0.15,0.5,0.4 234.344
0.15,0.5,0.45 6.50039
0.15,0.55,0 1.86014e-10
0.15,0.55,0.05 82.1972
0.15,0.55,0.1 341.21
0.15,0.55,0.15 362.597
0.15,0.55,0.2 605.94
0.15,0.55,0.25 749.004
0.15,0.55,0.3 758.041
0.15,0.55,0.35 674.346
0.15,0.55,0.4 292.457
0.15,0.55,0.45 11.2925
0.15,0.6,0 4.1327e-12
0.15,0.6,0.05 23.6133
0.15,0.6,0.1 212.432
0.15,0.6,0.15 173.82
0.15,0.6,0.2 318.147
0.15,0.6,0.25 478.944
0.15,0.6,0.3 759.127
0.15,0.6,0.35 515.929
0.15,0.6,0.4 63.4743
0.15,0.6,0.45 2.01357
0.15,0.65,0 3.01213e-14
0.15,0.65,0.05 38.1309
0.15,0.65,0.1 306.487
0.15,0.65,0.15 287.547
0.15,0.65,0.2 168.038
0.15,0.65,0.25 160.048
0.15,0.65,0.3 372.511
0.15,0.65,0.35 262.097
0.15,0.65,0.4 14.0723
0.15,0.65,0.45 3.15228e-05
0.15,0.7,0 1.1607e-09
0.15,0.7,0.05 12.0102
0.15,0.7,0.1 222.05
0.15,0.7,0.15 560.114
0.15,0.7,0.2 545.885
0.15,0.7,0.25 557.685
0.15,0.7,0.3 465.525
0.15,0.7,0.35 77.9073
0.15,0.7,0.4 2.89697
0.15,0.7,0.45 1.57555e-08
0.15,0.75,0 7.07289e-09
0.15,0.75,0.05 13.56
0.15,0.75,0.1 95.8984
0.15,0.75,0.15 291.391
0.15,0.75,0.2 412.013
0.15,0.75,0.25 239.367
0.15,0.75,0.3 110.482
0.15,0.75,0.35 5.08561
0.15,0.8,0 2.66398e-09
0.15,0.8,0.05 5.03214
0.15,0.8,0.1 35.3515
0.15,0.8,0.15 187.532
0.15,0.8,0.2 280.459
0.15,0.8,0.25 159.741
0.15,0.8,0.3 14.5165
0.15,0.8,0.35 0.0013948
0.15,0.85,0 4.85639e-12
0.15,0.85,0.05 0.00917553
0.15,0.85,0.1 2.32773
0.15,0.85,0.15 15.4183
0.15,0.85,0.2 42.3573
0.15,0.85,0.25 60.23
0.15,0.85,0.3 6.20987
0.15,0.9,0.15 0.00145834
0.15,0.9,0.2 0.133569
0.15,0.9,0.25 0.23905
0.15,0.9,0.3 0.0248221
0.2,0,0.1 1.21643e-14
0.2,0,0.15 3.22306e-12
0.2,0,0.2 8.58693e-12
0.2,0,0.25 6.89561e-12
0.2,0,0.3 2.44805e-12
0.2,0,0.35 9.11257e-15
0.2,0.05,0 2.59192e-12
0.2,0.05,0.05 0.0526829
0.2,0.05,0.1 0.628904
0.2,0.05,0.15 46.7919
0.2,0.05,0.2 125.809
0.2,0.05,0.25 134.899
0.2,0.05,0.3 45.2084
0.2,0.05,0.35 0.125299
0.2,0.1,0 1.75541e-09
0.2,0.1,0.05 35.7689
0.2,0.1,0.1 148.04
0.2,0.1,0.15 263.226
0.2,0.1,0.2 573.574
0.2,0.1,0.25 658.135
0.2,0.1,0.3 214.258
0.2,0.1,0.35 1.28806
0.2,0.1,0.4 0.000240744
0.2,0.15,0 4.92556e-09
0.2,0.15,0.05 106.577
0.2,0.15,0.1 445.014
0.2,0.15,0.15 257.218
0.2,0.15,0.2 480.362
0.2,0.15,0.25 480.8
0.2,0.15,0.3 350.783
0.2,0.15,0.35 69.7572
0.2,0.15,0.4 0.129556
0.2,0.2,0 2.02103e-09
0.2,0.2,0.05 101.847
0.2,0.2,0.1 418.796
0.2,0.2,0.15 366.983
0.2,0.2,0.2 777.224
0.2,0.2,0.25 509.182
0.2,0.2,0.3 811.094
0.2,0.2,0.35 199.72
0.2,0.2,0.4 1.15964
0.2,0.25,0 7.042e-10
0.2,0.25,0.05 146.55
0.2,0.25,0.1 588.881
0.2,0.25,0.15 357.38
0.2,0.25,0.2 495.824
0.2,0.25,0.25 419.022
0.2,0.25,0.3 454.188
0.2,0.25,0.35 91.5675
0.2,0.25,0.4 1.36946
0.2,0.3,0 2.03446e-11
0.2,0.3,0.05 157.336
0.2,0.3,0.1 631.165
0.2,0.3,0.15 268.216
0.2,0.3,0.2 265.805
0.2,0.3,0.25 117.033
0.2,0.3,0.3 53.1609
0.2,0.3,0.35 5.75944
0.2,0.3,0.4 0.112133
0.2,0.35,0 1.47942e-10
0.2,0.35,0.05 58.912
0.2,0.35,0.1 235.794
0.2,0.35,0.15 64.0675
0.2,0.35,0.2 14.7994
0.2,0.35,0.25 3.29305
0.2,0.35,0.3 0.0271245
0.2,0.35,0.35 0.00773599
0.2,0.35,0.4 5.80635e-07
0.2,0.4,0 4.39463e-10
0.2,0.4,0.05 29.0773
0.2,0.4,0.1 158.692
0.2,0.4,0.15 181.061
0.2,0.4,0.2 39.5997
0.2,0.4,0.25 1.02584
0.2,0.4,0.3 0.0520078
0.2,0.45,0 2.49043e-10
0.2,0.45,0.05 41.3646
0.2,0.45,0.1 323.286
0.2,0.45,0.15 764.429
0.2,0.45,0.2 370.255
0.2,0.45,0.25 158.884
0.2,0.45,0.3 26.9393
0.2,0.45,0.35 18.9325
0.2,0.45,0.4 4.31775
0.2,0.45,0.45 0.0675811
0.2,0.5,0 5.02792e-10
0.2,0.5,0.05 96.6451
0.2,0.5,0.1 435.597
0.2,0.5,0.15 587.878
0.2,0.5,0.2 733.577
0.2,0.5,0.25 694.145
0.2,0.5,0.3 337.364
0.2,0.5,0.35 439.098
0.2,0.5,0.4 171.148
0.2,0.5,0.45 7.60346
0.2,0.55,0 7.92319e-10
0.2,0.55,0.05 48.6819
0.2,0.55,0.1 205.193
0.2,0.55,0.15 203.205
0.2,0.55,0.2 371.299
0.2,0.55,0.25 755.964
0.2,0.55,0.3 689.981
0.2,0.55,0.35 839.534
0.2,0.55,0.4 479.634
0.2,0.55,0.45 26.7368
0.2,0.6,0 1.10382e-09
0.2,0.6,0.05 66.1967
0.2,0.6,0.1 404.5
0.2,0.6,0.15 226.369
0.2,0.6,0.2 203.518
0.2,0.6,0.25 450.254
0.2,0.6,0.3 483.745
0.2,0.6,0.35 397.676
0.2,0.6,0.4 163.795
0.2,0.6,0.45 6.53772
0.2,0.65,0 1.05973e-10
0.2,0.65,0.05 127.509
0.2,0.65,0.1 671.559
0.2,0.65,0.15 550.182
0.2,0.65,0.2 494.954
0.2,0.65,0.25 274.51
0.2,0.65,0.3 261.646
0.2,0.65,0.35 98.85
0.2,0.65,0.4 18.3616
0.2,0.65,0.45 0.0471488
0.2,0.7,0 8.49855e-09
0.2,0.7,0.05 68.8897
0.2,0.7,0.1 424.006
0.2,0.7,0.15 735.787
0.2,0.7,0.2 579.527
0.2,0.7,0.25 562.917
0.2,0.7,0.3 688.906
0.2,0.7,0.35 84.524
0.2,0.7,0.4 0.501214
0.2,0.7,0.45 2.35669e-05
0.2,0.75,0 5.177e-08
0.2,0.75,0.05 128.929
0.2,0.75,0.1 585.372
0.2,0.75,0.15 650.472
0.2,0.75,0.2 747.974
0.2,0.75,0.25 347.773
0.2,0.75,0.3 168.657
0.2,0.75,0.35 16.0334
0.2,0.75,0.4 0.0086332
0.2,0.8,0 1.9508e-08
0.2,0.8,0.05 48.6288
0.2,0.8,0.1 274.122
0.2,0.8,0.15 595.906
0.2,0.8,0.2 649.212
0.2,0.8,0.25 415.877
0.2,0.8,0.3 35.9544
0.2,0.8,0.35 0.00101835
0.2,0.85,0 3.56869e-11
0.2,0.85,0.05 0.0952087
0.2,0.85,0.1 13.7353
0.2,0.85,0.15 72.959
0.2,0.85,0.2 111.18
0.2,0.85,0.25 149.646
0.2,0.85,0.3 15.4732
0.2,0.9,0.15 0.0036337
0.2,0.9,0.2 0.33281
0.2,0.9,0.25 0.595635
0.2,0.9,0.3 0.0618484
0.25,0,0.1 4.4342e-13
0.25,0,0.15 1.88157e-11
0.25,0,0.2 3.02791e-11
0.25,0,0.25 9.52765e-11
0.25,0,0.3 8.85446e-11
0.25,0,0.35 3.50153e-12
0.25,0.05,0 1.08787e-12
0.25,0.05,0.05 0.0221119
0.25,0.05,0.1 2.14005
0.25,0.05,0.15 63.8589
0.25,0.05,0.2 95.8058
0.25,0.05,0.25 72.947
0.25,0.05,0.3 29.1302
0.25,0.05,0.35 0.5508
0.25,0.1,0 7.36776e-10
0.25,0.1,0.05 15.9512
0.25,0.1,0.1 97.0736
0.25,0.1,0.15 464.39
0.25,0.1,0.2 582.296
0.25,0.1,0.25 427.133
0.25,0.1,0.3 161.165
0.25,0.1,0.35 3.53245
0.25,0.1,0.4 0.0141211
0.25,0.15,0 2.17013e-09
0.25,0.15,0.05 59.8322
0.25,0.15,0.1 437.758
0.25,0.15,0.15 543.337
0.25,0.15,0.2 491.738
