0.05,0.1,0.05 0.0148885
0.05,0.1,0.1 5.61943
0.05,0.1,0.15 14.0416
0.05,0.1,0.2 2.15746
0.05,0.1,0.25 3.66342e-05
0.05,0.15,0 1.83915e-16
0.05,0.15,0.05 0.0805924
0.05,0.15,0.1 30.3087
0.05,0.15,0.15 77.6854
0.05,0.15,0.2 16.099
0.05,0.15,0.25 0.613569
0.05,0.15,0.3 0.0144442
0.05,0.15,0.35 0.0388284
0.05,0.15,0.4 0.00646444
0.05,0.2,0 6.19752e-15
0.05,0.2,0.05 0.0588034
0.05,0.2,0.1 10.3248
0.05,0.2,0.15 32.4809
0.05,0.2,0.2 20.074
0.05,0.2,0.25 12.5283
0.05,0.2,0.3 15.9145
0.05,0.2,0.35 5.68511
0.05,0.2,0.4 0.775331
0.05,0.25,0 5.6899e-14
0.05,0.25,0.05 0.366621
0.05,0.25,0.1 1.48371
0.05,0.25,0.15 3.12342
0.05,0.25,0.2 7.3748
0.05,0.25,0.25 41.0193
0.05,0.25,0.3 58.3576
0.05,0.25,0.35 13.0097
0.05,0.25,0.4 1.50213
0.05,0.3,0 3.84023e-14
0.05,0.3,0.05 0.250637
0.05,0.3,0.1 1.0058
0.05,0.3,0.15 1.51672
0.05,0.3,0.2 3.3742
0.05,0.3,0.25 10.1976
0.05,0.3,0.3 13.7156
0.05,0.3,0.35 1.99997
0.05,0.3,0.4 0.172073
0.05,0.35,0 2.9298e-10
0.05,0.35,0.05 1.34787
0.05,0.35,0.1 5.38196
0.05,0.35,0.15 1.40448
0.05,0.35,0.2 0.153082
0.05,0.35,0.25 0.0234383
0.05,0.4,0 1.17859e-09
0.05,0.4,0.05 5.4024
0.05,0.4,0.1 21.5718
0.05,0.4,0.15 5.46014
0.05,0.4,0.2 0.263943
0.05,0.4,0.25 0.0727
0.05,0.4,0.3 2.54074e-05
0.05,0.45,0 2.96324e-10
0.05,0.45,0.05 1.39084
0.05,0.45,0.1 5.62843
0.05,0.45,0.15 15.1588
0.05,0.45,0.2 58.1031
0.05,0.45,0.25 16.0403
0.05,0.45,0.3 0.113361
0.05,0.45,0.35 0.0061599
0.05,0.45,0.4 0.000704584
0.05,0.45,0.45 4.72148e-05
0.05,0.5,0 1.9949e-18
0.05,0.5,0.05 0.636328
0.05,0.5,0.1 3.53135
0.05,0.5,0.15 34.5618
0.05,0.5,0.2 141.908
0.05,0.5,0.25 44.2631
0.05,0.5,0.3 5.59916
0.05,0.5,0.35 0.302659
0.05,0.5,0.4 0.00749399
0.05,0.5,0.45 0.000291067
0.05,0.55,0.05 0.579541
0.05,0.55,0.1 3.19447
0.05,0.55,0.15 6.30035
0.05,0.55,0.2 27.7594
0.05,0.55,0.25 69.1691
0.05,0.55,0.3 46.187
0.05,0.55,0.35 3.29535
0.05,0.55,0.4 0.126283
0.05,0.55,0.45 0.000110815
0.05,0.6,0.05 0.0211626
0.05,0.6,0.1 0.116612
0.05,0.6,0.15 0.0783926
0.05,0.6,0.2 6.3249
0.05,0.6,0.25 62.5561
0.05,0.6,0.3 45.9061
0.05,0.6,0.35 10.7027
0.05,0.6,0.4 1.86832
0.05,0.6,0.45 2.16763e-07
0.05,0.65,0.15 0.546606
0.05,0.65,0.2 6.65887
0.05,0.65,0.25 7.0923
0.05,0.65,0.3 5.45748
0.05,0.65,0.35 12.7953
0.05,0.65,0.4 3.03941
0.05,0.7,0.15 6.56925
0.05,0.7,0.2 76.4685
0.05,0.7,0.25 49.3826
0.05,0.7,0.3 1.15286
0.05,0.7,0.35 1.26153
0.05,0.7,0.4 0.303564
0.05,0.75,0.15 4.35657
0.05,0.75,0.2 50.7122
0.05,0.75,0.25 32.7494
0.05,0.75,0.3 0.547256
0.05,0.8,0.15 0.0781168
0.05,0.8,0.2 0.909309
0.05,0.8,0.25 0.587222
0.05,0.8,0.3 0.00981273
0.1,0,0.1 2.01027e-19
0.1,0,0.15 6.84176e-17
0.1,0,0.2 1.67834e-16
0.1,0,0.25 2.52659e-17
0.1,0.05,0.1 2.64753e-06
0.1,0.05,0.15 0.000901064
0.1,0.05,0.2 0.132753
0.1,0.05,0.25 1.64258
0.1,0.05,0.3 1.1219
0.1,0.05,0.35 0.0217117
0.1,0.1,0.05 0.0772193
0.1,0.1,0.1 29.1453
0.1,0.1,0.15 72.8654
0.1,0.1,0.2 12.2538
0.1,0.1,0.25 7.70488
0.1,0.1,0.3 5.0998
0.1,0.1,0.35 0.127433
0.1,0.1,0.4 9.67512e-05
0.1,0.15,0 1.61724e-12
0.1,0.15,0.05 3.20761
0.1,0.15,0.1 168.473
0.1,0.15,0.15 433.397
0.1,0.15,0.2 150.981
0.1,0.15,0.25 18.6904
0.1,0.15,0.3 8.80561
0.1,0.15,0.35 3.97919
0.1,0.15,0.4 0.190873
0.1,0.2,0 1.6235e-11
0.1,0.2,0.05 30.5982
0.1,0.2,0.1 175.127
0.1,0.2,0.15 300.183
0.1,0.2,0.2 345.352
0.1,0.2,0.25 116.224
0.1,0.2,0.3 148.723
0.1,0.2,0.35 142.364
0.1,0.2,0.4 21.8144
0.1,0.25,0 1.52925e-11
0.1,0.25,0.05 57.3631
0.1,0.25,0.1 229.751
0.1,0.25,0.15 153.133
0.1,0.25,0.2 244.281
0.1,0.25,0.25 290.041
0.1,0.25,0.3 434.828
0.1,0.25,0.35 278.521
0.1,0.25,0.4 42.2332
0.1,0.3,0 4.52776e-12
0.1,0.3,0.05 29.4396
0.1,0.3,0.1 117.924
0.1,0.3,0.15 97.7917
0.1,0.3,0.2 172.014
0.1,0.3,0.25 87.2266
0.1,0.3,0.3 92.9786
0.1,0.3,0.35 34.9517
0.1,0.3,0.4 4.83772
0.1,0.35,0 4.53774e-09
0.1,0.35,0.05 21.5211
0.1,0.35,0.1 85.9427
0.1,0.35,0.15 24.7608
0.1,0.35,0.2 8.25771
0.1,0.35,0.25 1.26433
0.1,0.4,0 1.82539e-08
0.1,0.4,0.05 83.6724
0.1,0.4,0.1 334.332
0.1,0.4,0.15 88.8107
0.1,0.4,0.2 6.77865
0.1,0.4,0.25 0.787816
0.1,0.4,0.3 0.00047953
0.1,0.45,0 4.58945e-09
0.1,0.45,0.05 23.812
0.1,0.45,0.1 102.106
0.1,0.45,0.15 199.444
0.1,0.45,0.2 433.564
0.1,0.45,0.25 104.358
0.1,0.45,0.3 4.00718
0.1,0.45,0.35 11.5915
0.1,0.45,0.4 14.8468
0.1,0.45,0.45 0.994902
0.1,0.5,0 3.0897e-17
0.1,0.5,0.05 37.606
0.1,0.5,0.1 203.97
0.1,0.5,0.15 352.804
0.1,0.5,0.2 892.011
0.1,0.5,0.25 354.951
0.1,0.5,0.3 147.743
0.1,0.5,0.35 92.4335
0.1,0.5,0.4 93.3204
0.1,0.5,0.45 6.13405
0.1,0.55,0.05 31.0875
0.1,0.55,0.1 170.487
0.1,0.55,0.15 137.403
0.1,0.55,0.2 295.522
0.1,0.55,0.25 556.149
0.1,0.55,0.3 495.011
0.1,0.55,0.35 241.545
0.1,0.55,0.4 52.503
0.1,0.55,0.45 2.33639
0.1,0.6,0.05 2.24659
0.1,0.6,0.1 19.2969
0.1,0.6,0.15 20.0055
0.1,0.6,0.2 140.463
0.1,0.6,0.25 422.832
0.1,0.6,0.3 392.369
0.1,0.6,0.35 337.018
0.1,0.6,0.4 49.4314
0.1,0.6,0.45 0.00469558
0.1,0.65,0.05 1.19013
0.1,0.65,0.1 15.584
0.1,0.65,0.15 28.9846
0.1,0.65,0.2 53.7854
0.1,0.65,0.25 55.5634
0.1,0.65,0.3 107.231
0.1,0.65,0.35 282.123
0.1,0.65,0.4 65.8858
0.1,0.7,0.05 0.0535396
0.1,0.7,0.1 9.61141
0.1,0.7,0.15 88.6697
0.1,0.7,0.2 350.749
0.1,0.7,0.25 246.63
0.1,0.7,0.3 65.204
0.1,0.7,0.35 30.9162
0.1,0.7,0.4 6.55548
0.1,0.75,0.1 2.39931
0.1,0.75,0.15 32.779
0.1,0.75,0.2 211.788
0.1,0.75,0.25 140.532
0.1,0.75,0.3 12.4797
0.1,0.75,0.35 0.622339
0.1,0.8,0.1 0.000110763
0.1,0.8,0.15 0.581806
0.1,0.8,0.2 4.51299
0.1,0.8,0.25 2.55815
0.1,0.8,0.3 0.0483062
0.1,0.8,0.35 3.51455e-07
0.1,0.85,0.1 2.46863e-06
0.1,0.85,0.15 0.00750096
0.1,0.85,0.2 0.025501
0.1,0.85,0.25 0.0112588
0.1,0.85,0.3 0.00179112
0.1,0.85,0.35 7.01263e-08
0.15,0,0.1 2.5992e-15
0.15,0,0.15 8.84613e-13
0.15,0,0.2 2.17003e-12
0.15,0,0.25 3.26679e-13
0.15,0.05,0 3.77742e-13
0.15,0.05,0.05 0.00767793
0.15,0.05,0.1 0.0649096
0.15,0.05,0.15 11.6581
0.15,0.05,0.2 32.8011
0.15,0.05,0.25 57.3257
0.15,0.05,0.3 36.1827
0.15,0.05,0.35 0.698388
0.15,0.1,0 2.55832e-10
0.15,0.1,0.05 5.22495
0.15,0.1,0.1 30.334
0.15,0.1,0.15 76.5775
0.15,0.1,0.2 154.816
0.15,0.1,0.25 271.644
0.15,0.1,0.3 166.285
0.15,0.1,0.35 3.81174
0.15,0.1,0.4 0.00205492
0.15,0.15,0 7.0896e-10
0.15,0.15,0.05 24.1098
0.15,0.15,0.1 146.823
0.15,0.15,0.15 216.278
0.15,0.15,0.2 342.42
0.15,0.15,0.25 252.475
0.15,0.15,0.3 204.77
0.15,0.15,0.35 66.0333
0.15,0.15,0.4 0.40985
0.15,0.2,0 2.0535e-10
0.15,0.2,0.05 104.17
0.15,0.2,0.1 434.068
0.15,0.2,0.15 343.674
0.15,0.2,0.2 700.938
0.15,0.2,0.25 347.638
0.15,0.2,0.3 424.722
0.15,0.2,0.35 273.906
0.15,0.2,0.4 24.6811
0.15,0.25,0 6.20458e-11
0.15,0.25,0.05 149.866
0.15,0.25,0.1 599.772
0.15,0.25,0.15 316.014
0.15,0.25,0.2 545.325
0.15,0.25,0.25 464.922
0.15,0.25,0.3 405.323
0.15,0.25,0.35 311.13
0.15,0.25,0.4 47.0733
0.15,0.3,0 1.07242e-11
0.15,0.3,0.05 110.088
0.15,0.3,0.1 440.577
0.15,0.3,0.15 213.373
0.15,0.3,0.2 268.026
0.15,0.3,0.25 122.067
0.15,0.3,0.3 73.6369
0.15,0.3,0.35 35.1407
0.15,0.3,0.4 5.38604
0.15,0.35,0 3.57407e-09
0.15,0.35,0.05 35.8558
0.15,0.35,0.1 143.317
0.15,0.35,0.15 40.7743
0.15,0.35,0.2 12.4022
0.15,0.35,0.25 1.90979
0.15,0.35,0.3 1.03749e-06
0.15,0.4,0 1.43753e-08
0.15,0.4,0.05 65.9798
0.15,0.4,0.1 269.961
0.15,0.4,0.15 113.83
0.15,0.4,0.2 27.9987
0.15,0.4,0.25 1.08476
0.15,0.4,0.3 0.0202391
0.15,0.45,0 3.61426e-09
0.15,0.45,0.05 36.8018
0.15,0.45,0.1 190.626
0.15,0.45,0.15 520.21
0.15,0.45,0.2 515.314
0.15,0.45,0.25 131.739
0.15,0.45,0.3 20.8155
0.15,0.45,0.35 50.0029
0.15,0.45,0.4 54.4194
0.15,0.45,0.45 3.65417
0.15,0.5,0 2.43318e-17
0.15,0.5,0.05 129.769
0.15,0.5,0.1 613.242
0.15,0.5,0.15 654.216
0.15,0.5,0.2 832.045
0.15,0.5,0.25 497.706
0.15,0.5,0.3 300.573
0.15,0.5,0.35 408.546
0.15,0.5,0.4 397.937
0.15,0.5,0.45 29.4203
0.15,0.55,0.05 67.6808
0.15,0.55,0.1 346.545
0.15,0.55,0.15 367.518
0.15,0.55,0.2 568.519
0.15,0.55,0.25 702.156
0.15,0.55,0.3 823.859
0.15,0.55,0.35 740.66
0.15,0.55,0.4 286.342
0.15,0.55,0.45 21.0077
0.15,0.6,0.05 24.0239
0.15,0.6,0.1 232.334
0.15,0.6,0.15 175.601
0.15,0.6,0.2 245.939
0.15,0.6,0.25 459.202
0.15,0.6,0.3 535.419
0.15,0.6,0.35 537.037
0.15,0.6,0.4 78.7844
0.15,0.6,0.45 1.24277
0.15,0.65,0.05 40.1559
0.15,0.65,0.1 314.616
0.15,0.65,0.15 331.07
0.15,0.65,0.2 262.838
0.15,0.65,0.25 207.881
0.15,0.65,0.3 335.885
0.15,0.65,0.35 304.328
0.15,0.65,0.4 63.9057
0.15,0.65,0.45 0.000870965
0.15,0.7,0.05 8.03368
0.15,0.7,0.1 119.772
0.15,0.7,0.15 567.272
0.15,0.7,0.2 553.279
0.15,0.7,0.25 483.437
0.15,0.7,0.3 565.548
0.15,0.7,0.35 81.1494
0.15,0.7,0.4 6.32695
0.15,0.75,0.05 2.43709
0.15,0.75,0.1 71.043
0.15,0.75,0.15 236.616
0.15,0.75,0.2 304.966
0.15,0.75,0.25 193.019
0.15,0.75,0.3 98.4851
0.15,0.75,0.35 6.914
0.15,0.8,0.05 1.11176
0.15,0.8,0.1 24.5692
0.15,0.8,0.15 81.7613
0.15,0.8,0.2 168.085
0.15,0.8,0.25 153.385
0.15,0.8,0.3 35.1387
0.15,0.8,0.35 0.00136638
0.15,0.85,0.05 0.00570438
0.15,0.85,0.1 0.251286
0.15,0.85,0.15 2.86536
0.15,0.85,0.2 10.1886
0.15,0.85,0.25 25.7675
0.15,0.85,0.3 6.96346
0.15,0.85,0.35 0.000272635
0.2,0,0.1 1.21643e-14
0.2,0,0.15 3.22306e-12
0.2,0,0.2 7.76518e-12
0.2,0,0.25 1.15536e-12
0.2,0.05,0 2.59192e-12
0.2,0.05,0.05 0.0526829
0.2,0.05,0.1 0.335779
0.2,0.05,0.15 41.9991
0.2,0.05,0.2 110.75
0.2,0.05,0.25 107.626
0.2,0.05,0.3 61.8408
0.2,0.05,0.35 1.15088
0.2,0.1,0 1.75541e-09
0.2,0.1,0.05 35.6885
0.2,0.1,0.1 145.163
0.2,0.1,0.15 226.85
0.2,0.1,0.2 530.654
0.2,0.1,0.25 599.42
0.2,0.1,0.3 342.531
0.2,0.1,0.35 6.85719
0.2,0.1,0.4 0.00201651
0.2,0.15,0 4.92556e-09
0.2,0.15,0.05 105.623
0.2,0.15,0.1 437.927
0.2,0.15,0.15 259.417
0.2,0.15,0.2 517.476
0.2,0.15,0.25 438.193
0.2,0.15,0.3 347.087
0.2,0.15,0.35 96.2085
0.2,0.15,0.4 0.521383
0.2,0.2,0 2.02103e-09
0.2,0.2,0.05 101.227
0.2,0.2,0.1 412.802
0.2,0.2,0.15 345.982
0.2,0.2,0.2 753.383
0.2,0.2,0.25 411.742
0.2,0.2,0.3 774.174
0.2,0.2,0.35 328.926
0.2,0.2,0.4 3.21106
0.2,0.25,0 7.042e-10
0.2,0.25,0.05 146.54
0.2,0.25,0.1 588.438
0.2,0.25,0.15 347.692
0.2,0.25,0.2 575.851
0.2,0.25,0.25 462.49
0.2,0.25,0.3 509.301
0.2,0.25,0.35 179.278
0.2,0.25,0.4 3.49398
0.2,0.3,0 1.92395e-11
0.2,0.3,0.05 157.581
0.2,0.3,0.1 632.082
0.2,0.3,0.15 269.214
0.2,0.3,0.2 278.316
0.2,0.3,0.25 126.385
0.2,0.3,0.3 60.5972
0.2,0.3,0.35 13.7898
0.2,0.3,0.4 0.358869
0.2,0.35,0 1.23462e-10
0.2,0.35,0.05 64.722
0.2,0.35,0.1 259.264
0.2,0.35,0.15 69.7572
0.2,0.35,0.2 12.3062
0.2,0.35,0.25 2.72346
0.2,0.35,0.3 0.0910377
0.2,0.35,0.35 0.0502398
0.2,0.35,0.4 0.000528611
0.2,0.4,0 4.26576e-10
0.2,0.4,0.05 35.8836
0.2,0.4,0.1 182.031
0.2,0.4,0.15 202.403
0.2,0.4,0.2 52.2799
0.2,0.4,0.25 1.64046
0.2,0.4,0.3 0.0808803
0.2,0.45,0 2.11086e-10
0.2,0.45,0.05 42.7042
0.2,0.45,0.1 297.223
0.2,0.45,0.15 731.041
0.2,0.45,0.2 395.698
0.2,0.45,0.25 166.544
0.2,0.45,0.3 57.0029
0.2,0.45,0.35 55.3449
0.2,0.45,0.4 18.1368
0.2,0.45,0.45 1.14569
0.2,0.5,0 2.06548e-10
0.2,0.5,0.05 92.2192
0.2,0.5,0.1 408.818
0.2,0.5,0.15 505.553
0.2,0.5,0.2 672.826
0.2,0.5,0.25 691.063
0.2,0.5,0.3 516.245
0.2,0.5,0.35 570.429
0.2,0.5,0.4 352.536
0.2,0.5,0.45 31.7414
0.2,0.55,0 4.90245e-11
0.2,0.55,0.05 39.225
0.2,0.55,0.1 210.968
0.2,0.55,0.15 226.374
0.2,0.55,0.2 345.506
0.2,0.55,0.25 636.8
0.2,0.55,0.3 734.464
0.2,0.55,0.35 711.858
0.2,0.55,0.4 526.424
0.2,0.55,0.45 48.0116
0.2,0.6,0 2.02437e-12
0.2,0.6,0.05 48.6728
0.2,0.6,0.1 372.205
0.2,0.6,0.15 276.338
0.2,0.6,0.2 251.451
0.2,0.6,0.25 463.521
0.2,0.6,0.3 431.182
0.2,0.6,0.35 324.164
0.2,0.6,0.4 143.582
0.2,0.6,0.45 6.20113
0.2,0.65,0 8.97926e-11
0.2,0.65,0.05 123.862
0.2,0.65,0.1 644.727
0.2,0.65,0.15 570.366
0.2,0.65,0.2 528.122
0.2,0.65,0.25 301.582
0.2,0.65,0.3 396.69
0.2,0.65,0.35 97.992
0.2,0.65,0.4 17.8301
0.2,0.65,0.45 0.241404
0.2,0.7,0 1.61958e-10
0.2,0.7,0.05 48.454
0.2,0.7,0.1 354.584
0.2,0.7,0.15 768.666
0.2,0.7,0.2 595.607
0.2,0.7,0.25 528.911
0.2,0.7,0.3 712.227
0.2,0.7,0.35 102.256
0.2,0.7,0.4 1.11986
0.2,0.7,0.45 0.000690591
0.2,0.75,0 1.7068e-11
0.2,0.75,0.05 37.195
0.2,0.75,0.1 423.062
0.2,0.75,0.15 710.052
0.2,0.75,0.2 708.027
0.2,0.75,0.25 520.191
0.2,0.75,0.3 143.851
0.2,0.75,0.35 10.9092
0.2,0.75,0.4 3.17936e-05
0.2,0.75,0.45 2.54709e-08
0.2,0.8,0 3.08374e-14
0.2,0.8,0.05 14.0937
0.2,0.8,0.1 181.532
0.2,0.8,0.15 460.748
0.2,0.8,0.2 537.711
0.2,0.8,0.25 496.095
0.2,0.8,0.3 116.834
0.2,0.8,0.35 0.00446259
0.2,0.85,0 3.03574e-17
0.2,0.85,0.05 0.0403203
0.2,0.85,0.1 2.20475
0.2,0.85,0.15 21.8682
0.2,0.85,0.2 38.4061
0.2,0.85,0.25 83.5004
0.2,0.85,0.3 22.7426
0.2,0.85,0.35 0.000890426
0.25,0,0.1 4.4342e-13
0.25,0,0.15 1.88157e-11
0.25,0,0.2 3.02295e-11
0.25,0,0.25 9.49296e-11
0.25,0,0.3 8.83967e-11
0.25,0,0.35 3.50098e-12
0.25,0.05,0 1.08787e-12
0.25,0.05,0.05 0.0221119
0.25,0.05,0.1 0.826598
0.25,0.05,0.15 42.5607
0.25,0.05,0.2 78.1348
0.25,0.05,0.25 58.8657
0.25,0.05,0.3 37.138
0.25,0.05,0.35 0.948052
0.25,0.1,0 7.36776e-10
0.25,0.1,0.05 15.052
0.25,0.1,0.1 82.1841
0.25,0.1,0.15 310.743
0.25,0.1,0.2 580.561
0.25,0.1,0.25 409.253
0.25,0.1,0.3 238.366
0.25,0.1,0.35 7.00562
0.25,0.1,0.4 0.00289042
0.25,0.15,0 2.17013e-09
0.25,0.15,0.05 49.2141
0.25,0.15,0.1 343.512
0.25,0.15,0.15 585.091
0.25,0.15,0.2 598.281
0.25,0.15,0.25 292.628
0.25,0.15,0.3 259.984
0.25,0.15,0.35 106.449
0.25,0.15,0.4 9.56489
0.25,0.2,0 1.87484e-09
0.25,0.2,0.05 87.0601
0.25,0.2,0.1 421.472
0.25,0.2,0.15 437.504
0.25,0.2,0.2 422.097
0.25,0.2,0.25 269.091
0.25,0.2,0.3 654.289
0.25,0.2,0.35 407.51
0.25,0.2,0.4 31.4756
0.25,0.25,0 8.86408e-10
0.25,0.25,0.05 89.4004
0.25,0.25,0.1 365.517
0.25,0.25,0.15 392.207
0.25,0.25,0.2 611.538
0.25,0.25,0.25 287.43
0.25,0.25,0.3 510.142
0.25,0.25,0.35 238.169
0.25,0.25,0.4 7.43489
0.25,0.3,0 1.76406e-11
0.25,0.3,0.05 46.0521
0.25,0.3,0.1 204.905
0.25,0.3,0.15 359.458
0.25,0.3,0.2 575.361
0.25,0.3,0.25 196.766
0.25,0.3,0.3 189.441
0.25,0.3,0.35 96.2398
0.25,0.3,0.4 0.95428
0.25,0.35,0 6.83012e-11
0.25,0.35,0.05 80.5935
