0.45,0.25,0 2.02036e-08
0.45,0.25,0.05 40.9532
0.45,0.25,0.1 243.074
0.45,0.25,0.15 316.175
0.45,0.25,0.2 328.416
0.45,0.25,0.25 448.378
0.45,0.25,0.3 587.731
0.45,0.25,0.35 515.986
0.45,0.25,0.4 280.33
0.45,0.25,0.45 9.81541
0.45,0.3,0 1.90102e-08
0.45,0.3,0.05 71.3642
0.45,0.3,0.1 455.29
0.45,0.3,0.15 572.926
0.45,0.3,0.2 806.895
0.45,0.3,0.25 502.979
0.45,0.3,0.3 206.415
0.45,0.3,0.35 546.84
0.45,0.3,0.4 313.631
0.45,0.3,0.45 26.7749
0.45,0.3,0.5 0.0181187
0.45,0.35,0 6.22413e-09
0.45,0.35,0.05 97.422
0.45,0.35,0.1 516.739
0.45,0.35,0.15 788.751
0.45,0.35,0.2 791.354
0.45,0.35,0.25 289.532
0.45,0.35,0.3 480.375
0.45,0.35,0.35 502.226
0.45,0.35,0.4 575.691
0.45,0.35,0.45 154.878
0.45,0.35,0.5 0.11742
0.45,0.4,0 4.62773e-09
0.45,0.4,0.05 71.6936
0.45,0.4,0.1 321.391
0.45,0.4,0.15 295.229
0.45,0.4,0.2 348.797
0.45,0.4,0.25 278.52
0.45,0.4,0.3 791.701
0.45,0.4,0.35 581.008
0.45,0.4,0.4 606.202
0.45,0.4,0.45 146.452
0.45,0.4,0.5 0.139025
0.45,0.45,0 2.84279e-10
0.45,0.45,0.05 71.0714
0.45,0.45,0.1 301.865
0.45,0.45,0.15 311.526
0.45,0.45,0.2 554.376
0.45,0.45,0.25 675.456
0.45,0.45,0.3 509.069
0.45,0.45,0.35 420.976
0.45,0.45,0.4 476.53
0.45,0.45,0.45 149.392
0.45,0.45,0.5 0.925981
0.45,0.5,0 1.49576e-10
0.45,0.5,0.05 75.3397
0.45,0.5,0.1 350.587
0.45,0.5,0.15 496.087
0.45,0.5,0.2 477.128
0.45,0.5,0.25 552.344
0.45,0.5,0.3 543.681
0.45,0.5,0.35 578.853
0.45,0.5,0.4 911.133
0.45,0.5,0.45 204.554
0.45,0.5,0.5 0.534766
0.45,0.55,0 3.44666e-09
0.45,0.55,0.05 18.5896
0.45,0.55,0.1 138.869
0.45,0.55,0.15 569.941
0.45,0.55,0.2 614.98
0.45,0.55,0.25 538.485
0.45,0.55,0.3 413.58
0.45,0.55,0.35 304.838
0.45,0.55,0.4 355.52
0.45,0.55,0.45 66.461
0.45,0.55,0.5 0.00648609
0.45,0.6,0 1.23695e-08
0.45,0.6,0.05 64.9107
0.45,0.6,0.1 430.253
0.45,0.6,0.15 401.29
0.45,0.6,0.2 490.806
0.45,0.6,0.25 576.8
0.45,0.6,0.3 252.713
0.45,0.6,0.35 109.568
0.45,0.6,0.4 25.0588
0.45,0.6,0.45 1.81456
0.45,0.65,0 2.77989e-09
0.45,0.65,0.05 26.3387
0.45,0.65,0.1 245.12
0.45,0.65,0.15 253.255
0.45,0.65,0.2 471.016
0.45,0.65,0.25 489.561
0.45,0.65,0.3 425.657
0.45,0.65,0.35 76.5028
0.45,0.65,0.4 58.9936
0.45,0.65,0.45 8.40685
0.45,0.7,0 7.13216e-11
0.45,0.7,0.05 0.543568
0.45,0.7,0.1 6.91128
0.45,0.7,0.15 30.2973
0.45,0.7,0.2 145.769
0.45,0.7,0.25 456.785
0.45,0.7,0.3 496.143
0.45,0.7,0.35 104.208
0.45,0.7,0.4 22.5786
0.45,0.7,0.45 3.11723
0.45,0.75,0 2.42916e-07
0.45,0.75,0.05 25.0314
0.45,0.75,0.1 99.4857
0.45,0.75,0.15 24.7164
0.45,0.75,0.2 8.10131
0.45,0.75,0.25 103.966
0.45,0.75,0.3 224.03
0.45,0.75,0.35 59.728
0.45,0.75,0.4 0.553678
0.45,0.75,0.45 0.00587377
0.45,0.8,0 7.85732e-07
0.45,0.8,0.05 80.9672
0.45,0.8,0.1 321.799
0.45,0.8,0.15 79.9354
0.45,0.8,0.25 0.854412
0.45,0.8,0.3 4.07248
0.45,0.8,0.35 1.22593
0.45,0.8,0.4 0.00365529
0.45,0.85,0 1.58594e-07
0.45,0.85,0.05 16.3439
0.45,0.85,0.1 64.9577
0.45,0.85,0.15 16.1356
0.45,0.9,0 1.66874e-12
0.45,0.9,0.05 0.000257712
0.45,0.9,0.1 0.00102509
0.45,0.9,0.15 0.00025484
0.5,0.05,0.1 2.03091e-05
0.5,0.05,0.15 0.000126138
0.5,0.05,0.2 4.83561e-05
0.5,0.05,0.25 9.88608e-08
0.5,0.1,0.05 2.94471e-06
0.5,0.1,0.1 0.744922
0.5,0.1,0.15 4.99259
0.5,0.1,0.2 9.38286
0.5,0.1,0.25 9.38865
0.5,0.1,0.3 6.63093
0.5,0.1,0.35 4.47122
0.5,0.1,0.4 3.03008
0.5,0.1,0.45 0.100987
0.5,0.15,0.05 0.00101173
0.5,0.15,0.1 11.7551
0.5,0.15,0.15 81.8474
0.5,0.15,0.2 170.142
0.5,0.15,0.25 195.341
0.5,0.15,0.3 184.308
0.5,0.15,0.35 66.796
0.5,0.15,0.4 19.4456
0.5,0.15,0.45 0.657594
0.5,0.2,0 7.33315e-12
0.5,0.2,0.05 0.0182505
0.5,0.2,0.1 64.4996
0.5,0.2,0.15 449.493
0.5,0.2,0.2 577.167
0.5,0.2,0.25 689.804
0.5,0.2,0.3 545.307
0.5,0.2,0.35 296.752
0.5,0.2,0.4 160.568
0.5,0.2,0.45 8.17067
0.5,0.25,0 1.44757e-10
0.5,0.25,0.05 5.59249
0.5,0.25,0.1 100.23
0.5,0.25,0.15 425.749
0.5,0.25,0.2 545.31
0.5,0.25,0.25 671.375
0.5,0.25,0.3 537.451
0.5,0.25,0.35 571.651
0.5,0.25,0.4 345.021
0.5,0.25,0.45 16.3148
0.5,0.3,0 2.04269e-10
0.5,0.3,0.05 37.7741
0.5,0.3,0.1 373.712
0.5,0.3,0.15 636.298
0.5,0.3,0.2 601.38
0.5,0.3,0.25 394.323
0.5,0.3,0.3 693.38
0.5,0.3,0.35 842.042
0.5,0.3,0.4 198.19
0.5,0.3,0.45 9.90145
0.5,0.3,0.5 0.00605324
0.5,0.35,0 1.22673e-09
0.5,0.35,0.05 36.7721
0.5,0.35,0.1 402.63
0.5,0.35,0.15 617.829
0.5,0.35,0.2 400.195
0.5,0.35,0.25 353.182
0.5,0.35,0.3 292.916
0.5,0.35,0.35 621.225
0.5,0.35,0.4 350.894
0.5,0.35,0.45 52.903
0.5,0.35,0.5 0.0392287
0.5,0.4,0 1.02572e-09
0.5,0.4,0.05 19.1627
0.5,0.4,0.1 250.261
0.5,0.4,0.15 382.252
0.5,0.4,0.2 266.972
0.5,0.4,0.25 423.36
0.5,0.4,0.3 191.359
0.5,0.4,0.35 230.315
0.5,0.4,0.4 252.97
0.5,0.4,0.45 48.8916
0.5,0.4,0.5 0.0180216
0.5,0.45,0 9.23204e-11
0.5,0.45,0.05 31.0438
0.5,0.45,0.1 238.699
0.5,0.45,0.15 362.892
0.5,0.45,0.2 319.022
0.5,0.45,0.25 581.291
0.5,0.45,0.3 373.217
0.5,0.45,0.35 106.163
0.5,0.45,0.4 55.333
0.5,0.45,0.45 12.5268
0.5,0.45,0.5 0.0240071
0.5,0.5,0 6.56722e-11
0.5,0.5,0.05 40.1752
0.5,0.5,0.1 352.025
0.5,0.5,0.15 484.54
0.5,0.5,0.2 533.157
0.5,0.5,0.25 673.605
0.5,0.5,0.3 548.753
0.5,0.5,0.35 171.932
0.5,0.5,0.4 97.6235
0.5,0.5,0.45 17.9843
0.5,0.5,0.5 0.0138471
0.5,0.55,0 2.53551e-11
0.5,0.55,0.05 9.57858
0.5,0.55,0.1 232.245
0.5,0.55,0.15 609.405
0.5,0.55,0.2 917.236
0.5,0.55,0.25 675.568
0.5,0.55,0.3 446.82
0.5,0.55,0.35 369.154
0.5,0.55,0.4 76.7273
0.5,0.55,0.45 8.04121
0.5,0.55,0.5 0.000167976
0.5,0.6,0 7.94165e-11
0.5,0.6,0.05 2.21193
0.5,0.6,0.1 69.7915
0.5,0.6,0.15 339.858
0.5,0.6,0.2 398.355
0.5,0.6,0.25 393.101
0.5,0.6,0.3 343.356
0.5,0.6,0.35 189.992
0.5,0.6,0.4 14.8273
0.5,0.6,0.45 0.0638192
0.5,0.65,0 1.78479e-11
0.5,0.65,0.05 1.43697
0.5,0.65,0.1 23.5993
0.5,0.65,0.15 118.701
0.5,0.65,0.2 312.967
0.5,0.65,0.25 358.958
0.5,0.65,0.3 590.641
0.5,0.65,0.35 144.916
0.5,0.65,0.4 9.94171
0.5,0.65,0.45 0.0328312
0.5,0.7,0 4.11456e-12
0.5,0.7,0.05 0.0475468
0.5,0.7,0.1 0.814151
0.5,0.7,0.15 22.5281
0.5,0.7,0.2 110.002
0.5,0.7,0.25 327.431
0.5,0.7,0.3 549.213
0.5,0.7,0.35 303.78
0.5,0.7,0.4 42.3586
0.5,0.7,0.45 0.0146394
0.5,0.75,0 1.82775e-08
0.5,0.75,0.05 2.12047
0.5,0.75,0.1 13.4989
0.5,0.75,0.15 14.9136
0.5,0.75,0.2 7.42885
0.5,0.75,0.25 71.8631
0.5,0.75,0.3 211.43
0.5,0.75,0.35 159.251
0.5,0.75,0.4 22.6619
0.5,0.75,0.45 6.74485e-05
0.5,0.8,0 1.78866e-07
0.5,0.8,0.05 25.3131
0.5,0.8,0.1 106.067
0.5,0.8,0.15 38.0955
0.5,0.8,0.2 2.01843
0.5,0.8,0.25 0.736729
0.5,0.8,0.3 4.56051
0.5,0.8,0.35 3.24686
0.5,0.8,0.4 0.314609
0.5,0.85,0 1.65992e-07
0.5,0.85,0.05 25.1658
0.5,0.85,0.1 100.365
0.5,0.85,0.15 25.5237
0.5,0.85,0.2 0.0926857
0.5,0.85,0.25 0.00184882
0.5,0.85,0.3 0.0559872
0.5,0.85,0.35 0.0646791
0.5,0.85,0.4 0.00359855
0.5,0.9,0 8.96276e-09
0.5,0.9,0.05 1.38416
0.5,0.9,0.1 5.50572
0.5,0.9,0.15 1.36874
0.55,0.1,0.05 0.000116688
0.55,0.1,0.1 0.235008
0.55,0.1,0.15 0.72983
0.55,0.1,0.2 0.184198
0.55,0.1,0.25 0.94482
0.55,0.1,0.3 2.34326
0.55,0.1,0.35 0.373454
0.55,0.1,0.4 2.0344e-08
0.55,0.15,0.05 0.0183593
0.55,0.15,0.1 38.6561
0.55,0.15,0.15 129.338
0.55,0.15,0.2 33.7579
0.55,0.15,0.25 88.3617
0.55,0.15,0.3 201.368
0.55,0.15,0.35 29.9377
0.55,0.15,0.4 0.296262
0.55,0.15,0.45 0.015524
0.55,0.2,0.05 0.0383724
0.55,0.2,0.1 89.9955
0.55,0.2,0.15 354.077
0.55,0.2,0.2 175.235
0.55,0.2,0.25 312.682
0.55,0.2,0.3 466.018
0.55,0.2,0.35 95.5482
0.55,0.2,0.4 33.7937
0.55,0.2,0.45 1.7709
0.55,0.25,0.05 0.357289
0.55,0.25,0.1 75.8702
0.55,0.25,0.15 325.215
0.55,0.25,0.2 365.761
0.55,0.25,0.25 496.304
0.55,0.25,0.3 356.905
0.55,0.25,0.35 213.9
0.55,0.25,0.4 72.401
0.55,0.25,0.45 3.383
0.55,0.3,0.05 2.10575
0.55,0.3,0.1 172.789
0.55,0.3,0.15 646.609
0.55,0.3,0.2 419.576
0.55,0.3,0.25 689.5
0.55,0.3,0.3 887.61
0.55,0.3,0.35 423.108
0.55,0.3,0.4 38.4205
0.55,0.3,0.45 0.401319
0.55,0.3,0.5 4.25567e-06
0.55,0.35,0.05 1.91922
0.55,0.35,0.1 112.238
0.55,0.35,0.15 530.546
0.55,0.35,0.2 560.445
0.55,0.35,0.25 677.416
0.55,0.35,0.3 457.58
0.55,0.35,0.35 154.675
0.55,0.35,0.4 34.3832
0.55,0.35,0.45 0.202797
0.55,0.35,0.5 2.75793e-05
0.55,0.4,0 9.8318e-15
0.55,0.4,0.05 0.933099
0.55,0.4,0.1 87.0542
0.55,0.4,0.15 307.428
0.55,0.4,0.2 317.204
0.55,0.4,0.25 247.145
0.55,0.4,0.3 99.2114
0.55,0.4,0.35 50.0575
0.55,0.4,0.4 13.2193
0.55,0.4,0.45 0.22821
0.55,0.4,0.5 1.09933e-05
0.55,0.45,0 2.61481e-13
0.55,0.45,0.05 0.442871
0.55,0.45,0.1 117.907
0.55,0.45,0.15 448.741
0.55,0.45,0.2 221.835
0.55,0.45,0.25 254.395
0.55,0.45,0.3 649.331
0.55,0.45,0.35 242.649
0.55,0.45,0.4 6.84585
0.55,0.45,0.45 0.0664452
0.55,0.45,0.5 2.84634e-08
0.55,0.5,0 2.82771e-13
0.55,0.5,0.05 4.20139
0.55,0.5,0.1 143.413
0.55,0.5,0.15 450.665
0.55,0.5,0.2 354.258
0.55,0.5,0.25 577.926
0.55,0.5,0.3 729.458
0.55,0.5,0.35 221.017
0.55,0.5,0.4 41.7765
0.55,0.5,0.45 3.19366
0.55,0.55,0 1.40981e-14
0.55,0.55,0.05 4.12127
0.55,0.55,0.1 128.926
0.55,0.55,0.15 307.785
0.55,0.55,0.2 355.864
0.55,0.55,0.25 562.425
0.55,0.55,0.3 488.439
0.55,0.55,0.35 224.495
0.55,0.55,0.4 81.4313
0.55,0.55,0.45 6.57776
0.55,0.6,0.05 0.184908
0.55,0.6,0.1 65.8289
0.55,0.6,0.15 375.137
0.55,0.6,0.2 235.707
0.55,0.6,0.25 493.946
0.55,0.6,0.3 1035.7
0.55,0.6,0.35 413.843
0.55,0.6,0.4 30.9997
0.55,0.6,0.45 0.954171
0.55,0.65,0.1 11.2124
0.55,0.65,0.15 131.642
0.55,0.65,0.2 149.992
0.55,0.65,0.25 150.722
0.55,0.65,0.3 627.864
0.55,0.65,0.35 489.14
0.55,0.65,0.4 133.66
0.55,0.65,0.45 0.713623
0.55,0.7,0 2.02185e-13
0.55,0.7,0.05 0.0277586
0.55,0.7,0.1 9.24748
0.55,0.7,0.15 117.705
0.55,0.7,0.2 157.947
0.55,0.7,0.25 63.5402
0.55,0.7,0.3 373.56
0.55,0.7,0.35 570.365
0.55,0.7,0.4 124.97
0.55,0.7,0.45 0.318204
0.55,0.75,0 1.42716e-08
0.55,0.75,0.05 5.61964
0.55,0.75,0.1 128.863
0.55,0.75,0.15 428.964
0.55,0.75,0.2 271.346
0.55,0.75,0.25 44.3865
0.55,0.75,0.3 261.18
0.55,0.75,0.35 361.664
0.55,0.75,0.4 44.9237
0.55,0.75,0.45 0.00146607
0.55,0.8,0 4.45828e-07
0.55,0.8,0.05 76.9937
0.55,0.8,0.1 405.816
0.55,0.8,0.15 348.799
0.55,0.8,0.2 79.6661
0.55,0.8,0.25 9.44926
0.55,0.8,0.3 110.202
0.55,0.8,0.35 126.646
0.55,0.8,0.4 7.25984
0.55,0.85,0 5.23549e-07
0.55,0.85,0.05 86.0311
0.55,0.85,0.1 347.054
0.55,0.85,0.15 96.4996
0.55,0.85,0.2 1.64774
0.55,0.85,0.25 0.233906
0.55,0.85,0.3 7.0833
0.55,0.85,0.35 8.18297
0.55,0.85,0.4 0.455276
0.55,0.9,0 2.99179e-08
0.55,0.9,0.05 5.75641
0.55,0.9,0.1 22.9211
0.55,0.9,0.15 5.70429
0.55,0.95,0 9.51499e-18
0.55,0.95,0.05 1.11451e-05
0.55,0.95,0.1 4.45676e-05
0.55,0.95,0.15 1.11387e-05
0.6,0.1,0.05 0.000152874
0.6,0.1,0.1 0.307886
0.6,0.1,0.15 0.953396
0.6,0.1,0.2 0.189611
0.6,0.1,0.25 2.71801
0.6,0.1,0.3 7.07623
0.6,0.1,0.35 1.13695
0.6,0.15,0.05 0.0240527
0.6,0.15,0.1 48.4424
0.6,0.15,0.15 150.01
0.6,0.15,0.2 29.1744
0.6,0.15,0.25 103.112
0.6,0.15,0.3 267.235
0.6,0.15,0.35 43.0128
0.6,0.15,0.4 0.0134701
0.6,0.2,0.05 0.0500723
0.6,0.2,0.1 100.816
0.6,0.2,0.15 317.136
0.6,0.2,0.2 129.011
0.6,0.2,0.25 215.949
0.6,0.2,0.3 412.812
0.6,0.2,0.35 86.4039
0.6,0.2,0.4 0.939346
0.6,0.25,0.05 0.0192419
0.6,0.25,0.1 20.444
0.6,0.25,0.15 90.3708
0.6,0.25,0.2 420.213
0.6,0.25,0.25 572.292
0.6,0.25,0.3 417.735
0.6,0.25,0.35 89.5556
0.6,0.25,0.4 2.00022
0.6,0.3,0.05 0.0342713
0.6,0.3,0.1 22.1363
0.6,0.3,0.15 93.1491
0.6,0.3,0.2 241.768
0.6,0.3,0.25 573.235
0.6,0.3,0.3 465.839
0.6,0.3,0.35 60.7896
0.6,0.3,0.4 3.18375
0.6,0.3,0.45 0.0452507
0.6,0.35,0.05 0.00613962
0.6,0.35,0.1 9.23693
0.6,0.35,0.15 166.527
0.6,0.35,0.2 436.84
0.6,0.35,0.25 521.928
0.6,0.35,0.3 245.763
0.6,0.35,0.35 151.531
0.6,0.35,0.4 97.1935
0.6,0.35,0.45 3.08177
0.6,0.4,0.05 0.00213224
0.6,0.4,0.1 4.76713
0.6,0.4,0.15 237.75
0.6,0.4,0.2 537.104
0.6,0.4,0.25 321.466
0.6,0.4,0.3 157.912
0.6,0.4,0.35 261.755
0.6,0.4,0.4 165.373
0.6,0.4,0.45 5.0011
0.6,0.45,0.05 0.00667087
0.6,0.45,0.1 20.0219
0.6,0.45,0.15 386.467
0.6,0.45,0.2 520.861
0.6,0.45,0.25 225.705
0.6,0.45,0.3 491.107
0.6,0.45,0.35 574.703
0.6,0.45,0.4 119.399
0.6,0.45,0.45 1.63181
0.6,0.5,0.05 0.0375055
0.6,0.5,0.1 28.1679
0.6,0.5,0.15 392.486
0.6,0.5,0.2 451.102
0.6,0.5,0.25 252.951
0.6,0.5,0.3 387.635
0.6,0.5,0.35 592.632
0.6,0.5,0.4 386.845
0.6,0.5,0.45 26.7066
0.6,0.55,0.05 0.0372197
0.6,0.55,0.1 7.28276
0.6,0.55,0.15 62.2261
0.6,0.55,0.2 88.7589
0.6,0.55,0.25 181.256
0.6,0.55,0.3 345.477
0.6,0.55,0.35 455.132
0.6,0.55,0.4 461.278
0.6,0.55,0.45 38.4128
0.6,0.6,0.05 0.00167276
0.6,0.6,0.1 6.69646
0.6,0.6,0.15 53.1608
0.6,0.6,0.2 51.123
0.6,0.6,0.25 172.295
0.6,0.6,0.3 641.341
0.6,0.6,0.35 341.278
0.6,0.6,0.4 67.1307
0.6,0.6,0.45 4.21157
0.6,0.65,0.1 3.45009
0.6,0.65,0.15 187.814
0.6,0.65,0.2 309.851
0.6,0.65,0.25 61.0163
0.6,0.65,0.3 205.092
0.6,0.65,0.35 334.695
0.6,0.65,0.4 123.557
0.6,0.65,0.45 0.691304
0.6,0.7,0 2.48195e-12
0.6,0.7,0.05 0.202985
0.6,0.7,0.1 16.892
0.6,0.7,0.15 274.861
0.6,0.7,0.2 392.632
0.6,0.7,0.25 66.4012
0.6,0.7,0.3 275.894
0.6,0.7,0.35 319.057
0.6,0.7,0.4 64.3956
0.6,0.7,0.45 0.308252
0.6,0.75,0 3.45659e-09
0.6,0.75,0.05 38.8178
0.6,0.75,0.1 271.237
0.6,0.75,0.15 709.497
0.6,0.75,0.2 613.559
0.6,0.75,0.25 100.42
0.6,0.75,0.3 380.367
0.6,0.75,0.35 348.575
0.6,0.75,0.4 16.8896
0.6,0.75,0.45 0.00142022
0.6,0.8,0 9.39846e-08
0.6,0.8,0.05 116.893
0.6,0.8,0.1 557.703
0.6,0.8,0.15 413.687
0.6,0.8,0.2 141.403
0.6,0.8,0.25 21.7264
0.6,0.8,0.3 214.681
0.6,0.8,0.35 244.538
0.6,0.8,0.4 13.4477
0.6,0.85,0 1.09314e-07
0.6,0.85,0.05 107.386
0.6,0.85,0.1 433.123
0.6,0.85,0.15 116.915
0.6,0.85,0.2 1.4167
0.6,0.85,0.25 0.459873
0.6,0.85,0.3 13.9262
0.6,0.85,0.35 16.0882
0.6,0.85,0.4 0.895097
0.6,0.9,0 6.2527e-09
0.6,0.9,0.05 22.1589
0.6,0.9,0.1 88.5901
0.6,0.9,0.15 22.1361
0.6,0.95,0 1.77506e-16
0.6,0.95,0.05 0.000207916
0.6,0.95,0.1 0.000831427
0.6,0.95,0.15 0.000207798
0.65,0.1,0.05 1.03479e-05
0.65,0.1,0.1 0.0208405
0.65,0.1,0.15 0.0645344
0.65,0.1,0.2 0.0135716
0.65,0.1,0.25 0.541078
0.65,0.1,0.3 1.40904
0.65,0.1,0.35 0.22645
0.65,0.15,0.05 0.0016281
0.65,0.15,0.1 3.27897
0.65,0.15,0.15 10.1536
0.65,0.15,0.2 1.99975
0.65,0.15,0.25 19.6594
0.65,0.15,0.3 53.2704
0.65,0.15,0.35 10.2951
0.65,0.15,0.4 0.0721328
0.65,0.2,0.05 0.00338765
0.65,0.2,0.1 6.82267
0.65,0.2,0.15 25.181
0.65,0.2,0.2 46.0647
0.65,0.2,0.25 65.1077
0.65,0.2,0.3 244.773
0.65,0.2,0.35 159.568
0.65,0.2,0.4 5.02872
0.65,0.25,0.05 0.000422676
0.65,0.25,0.1 0.851262
0.65,0.25,0.15 26.2686
0.65,0.25,0.2 247.76
0.65,0.25,0.25 261.874
