0.35,0.55,0.25 387.682
0.35,0.55,0.3 246.702
0.35,0.55,0.35 254.422
0.35,0.55,0.4 695.634
0.35,0.55,0.45 325.998
0.35,0.55,0.5 333.429
0.35,0.55,0.55 255.776
0.35,0.55,0.6 45.4249
0.35,0.55,0.65 0.0025734
0.35,0.6,0.05 4.97171
0.35,0.6,0.1 155.045
0.35,0.6,0.15 423.075
0.35,0.6,0.2 270.356
0.35,0.6,0.25 107.508
0.35,0.6,0.3 431.96
0.35,0.6,0.35 482.974
0.35,0.6,0.4 548.496
0.35,0.6,0.45 255.881
0.35,0.6,0.5 382.439
0.35,0.6,0.55 237.604
0.35,0.6,0.6 17.556
0.35,0.6,0.65 0.000912807
0.35,0.65,0.05 2.14836
0.35,0.65,0.1 135.908
0.35,0.65,0.15 419.858
0.35,0.65,0.2 358.438
0.35,0.65,0.25 276.758
0.35,0.65,0.3 468.284
0.35,0.65,0.35 599.113
0.35,0.65,0.4 356.445
0.35,0.65,0.45 189.168
0.35,0.65,0.5 349.317
0.35,0.65,0.55 132.885
0.35,0.65,0.6 0.641983
0.35,0.65,0.65 1.07895e-06
0.35,0.7,0 1.90395e-12
0.35,0.7,0.05 0.0122149
0.35,0.7,0.1 56.9017
0.35,0.7,0.15 257.924
0.35,0.7,0.2 322.821
0.35,0.7,0.25 289.792
0.35,0.7,0.3 265.469
0.35,0.7,0.35 493.244
0.35,0.7,0.4 498.832
0.35,0.7,0.45 357.894
0.35,0.7,0.5 131.245
0.35,0.7,0.55 12.4076
0.35,0.7,0.6 0.00853011
0.35,0.75,0 6.48471e-09
0.35,0.75,0.05 0.668219
0.35,0.75,0.1 8.81
0.35,0.75,0.15 28.7649
0.35,0.75,0.2 30.7191
0.35,0.75,0.25 31.6119
0.35,0.75,0.3 213.8
0.35,0.75,0.35 353.762
0.35,0.75,0.4 210.295
0.35,0.75,0.45 215.49
0.35,0.75,0.5 65.1873
0.35,0.75,0.55 0.491282
0.35,0.8,0 2.09747e-08
0.35,0.8,0.05 2.16134
0.35,0.8,0.1 8.59011
0.35,0.8,0.15 2.1338
0.35,0.8,0.25 0.342698
0.35,0.8,0.3 18.1965
0.35,0.8,0.35 29.9819
0.35,0.8,0.4 21.17
0.35,0.8,0.45 14.4859
0.35,0.8,0.5 1.41844
0.35,0.8,0.55 0.00903322
0.35,0.85,0 4.23295e-09
0.35,0.85,0.05 0.436185
0.35,0.85,0.1 1.73359
0.35,0.85,0.15 0.430627
0.4,0.05,0.3 4.06385e-08
0.4,0.05,0.35 7.18134e-07
0.4,0.05,0.4 6.15143e-07
0.4,0.05,0.45 1.98855e-08
0.4,0.1,0.1 0.000489102
0.4,0.1,0.15 0.202789
0.4,0.1,0.2 0.849938
0.4,0.1,0.25 3.82521
0.4,0.1,0.3 18.4858
0.4,0.1,0.35 59.9054
0.4,0.1,0.4 25.8091
0.4,0.1,0.45 9.83629
0.4,0.1,0.5 12.6657
0.4,0.1,0.55 2.62947
0.4,0.15,0.1 0.261788
0.4,0.15,0.15 13.8573
0.4,0.15,0.2 40.2553
0.4,0.15,0.25 208.319
0.4,0.15,0.3 243.949
0.4,0.15,0.35 423.876
0.4,0.15,0.4 178.859
0.4,0.15,0.45 141.269
0.4,0.15,0.5 299.847
0.4,0.15,0.55 60.8164
0.4,0.2,0.05 0.0933857
0.4,0.2,0.1 6.12904
0.4,0.2,0.15 116.068
0.4,0.2,0.2 200.347
0.4,0.2,0.25 404.099
0.4,0.2,0.3 478.337
0.4,0.2,0.35 721.833
0.4,0.2,0.4 327.24
0.4,0.2,0.45 182.474
0.4,0.2,0.5 317.315
0.4,0.2,0.55 61.1818
0.4,0.2,0.6 3.07314e-05
0.4,0.25,0 7.35922e-10
0.4,0.25,0.05 2.81167
0.4,0.25,0.1 142.025
0.4,0.25,0.15 464.305
0.4,0.25,0.2 519.299
0.4,0.25,0.25 470.572
0.4,0.25,0.3 496.486
0.4,0.25,0.35 529.976
0.4,0.25,0.4 257.584
0.4,0.25,0.45 388.675
0.4,0.25,0.5 349.2
0.4,0.25,0.55 47.2181
0.4,0.25,0.6 0.0198715
0.4,0.3,0 7.75555e-09
0.4,0.3,0.05 4.6028
0.4,0.3,0.1 219.038
0.4,0.3,0.15 461.859
0.4,0.3,0.2 371.522
0.4,0.3,0.25 365.684
0.4,0.3,0.3 250.931
0.4,0.3,0.35 251.878
0.4,0.3,0.4 355.517
0.4,0.3,0.45 823.4
0.4,0.3,0.5 781.854
0.4,0.3,0.55 113.52
0.4,0.3,0.6 0.0656393
0.4,0.35,0 4.64893e-09
0.4,0.35,0.05 15.0813
0.4,0.35,0.1 172.536
0.4,0.35,0.15 260.818
0.4,0.35,0.2 491.946
0.4,0.35,0.25 719.35
0.4,0.35,0.3 607.628
0.4,0.35,0.35 584.668
0.4,0.35,0.4 395.188
0.4,0.35,0.45 319.763
0.4,0.35,0.5 175.622
0.4,0.35,0.55 21.5391
0.4,0.35,0.6 0.0855268
0.4,0.4,0 4.32546e-07
0.4,0.4,0.05 17.3976
0.4,0.4,0.1 327.748
0.4,0.4,0.15 660.872
0.4,0.4,0.2 691.6
0.4,0.4,0.25 395.599
0.4,0.4,0.3 223.507
0.4,0.4,0.35 146.799
0.4,0.4,0.4 48.1017
0.4,0.4,0.45 156.849
0.4,0.4,0.5 202.908
0.4,0.4,0.55 90.9468
0.4,0.4,0.6 1.7754
0.4,0.45,0 1.58386e-05
0.4,0.45,0.05 47.8913
0.4,0.45,0.1 368.505
0.4,0.45,0.15 643.944
0.4,0.45,0.2 587.603
0.4,0.45,0.25 486.905
0.4,0.45,0.3 466.833
0.4,0.45,0.35 279.893
0.4,0.45,0.4 309.459
0.4,0.45,0.45 558.461
0.4,0.45,0.5 575.006
0.4,0.45,0.55 134.597
0.4,0.45,0.6 1.864
0.4,0.5,0 2.00284e-05
0.4,0.5,0.05 60.9185
0.4,0.5,0.1 388.613
0.4,0.5,0.15 506.592
0.4,0.5,0.2 339.081
0.4,0.5,0.25 440.987
0.4,0.5,0.3 512.605
0.4,0.5,0.35 538.179
0.4,0.5,0.4 745.508
0.4,0.5,0.45 481.387
0.4,0.5,0.5 458.993
0.4,0.5,0.55 62.6977
0.4,0.5,0.6 0.126134
0.4,0.5,0.65 1.23887e-06
0.4,0.55,0 1.28494e-06
0.4,0.55,0.05 11.6611
0.4,0.55,0.1 273.862
0.4,0.55,0.15 737.349
0.4,0.55,0.2 680.776
0.4,0.55,0.25 343.677
0.4,0.55,0.3 258.592
0.4,0.55,0.35 319.924
0.4,0.55,0.4 526.364
0.4,0.55,0.45 437.141
0.4,0.55,0.5 272.086
0.4,0.55,0.55 38.8717
0.4,0.55,0.6 0.47693
0.4,0.55,0.65 7.08097e-06
0.4,0.6,0.05 54.3113
0.4,0.6,0.1 416.475
0.4,0.6,0.15 583.754
0.4,0.6,0.2 669.679
0.4,0.6,0.25 228.01
0.4,0.6,0.3 643.527
0.4,0.6,0.35 703.974
0.4,0.6,0.4 432.903
0.4,0.6,0.45 398.6
0.4,0.6,0.5 570.457
0.4,0.6,0.55 206.984
0.4,0.6,0.6 1.93683
0.4,0.6,0.65 2.51168e-06
0.4,0.65,0.05 37.2672
0.4,0.65,0.1 266.298
0.4,0.65,0.15 425.229
0.4,0.65,0.2 501.395
0.4,0.65,0.25 351.226
0.4,0.65,0.3 723.075
0.4,0.65,0.35 607.915
0.4,0.65,0.4 327.919
0.4,0.65,0.45 370.187
0.4,0.65,0.5 574.433
0.4,0.65,0.55 160.566
0.4,0.65,0.6 0.696631
0.4,0.65,0.65 2.96884e-09
0.4,0.7,0 6.03642e-11
0.4,0.7,0.05 2.20514
0.4,0.7,0.1 78.4223
0.4,0.7,0.15 319.404
0.4,0.7,0.2 232.735
0.4,0.7,0.25 168.832
0.4,0.7,0.3 212.405
0.4,0.7,0.35 490.803
0.4,0.7,0.4 713.608
0.4,0.7,0.45 423.142
0.4,0.7,0.5 139.123
0.4,0.7,0.55 15.3185
0.4,0.7,0.6 0.0102723
0.4,0.75,0 2.05596e-07
0.4,0.75,0.05 21.1856
0.4,0.75,0.1 92.0287
0.4,0.75,0.15 55.841
0.4,0.75,0.2 13.038
0.4,0.75,0.25 5.43979
0.4,0.75,0.3 134.097
0.4,0.75,0.35 479.965
0.4,0.75,0.4 592.585
0.4,0.75,0.45 341.396
0.4,0.75,0.5 47.3511
0.4,0.75,0.55 0.296589
0.4,0.8,0 6.64996e-07
0.4,0.8,0.05 68.5247
0.4,0.8,0.1 272.347
0.4,0.8,0.15 67.6514
0.4,0.8,0.25 0.163655
0.4,0.8,0.3 10.7874
0.4,0.8,0.35 34.3862
0.4,0.8,0.4 63.5806
0.4,0.8,0.45 37.3247
0.4,0.8,0.5 1.3105
0.4,0.8,0.55 0.00398384
0.4,0.85,0 1.34204e-07
0.4,0.85,0.05 13.8291
0.4,0.85,0.1 54.9628
0.4,0.85,0.15 13.6529
0.45,0.1,0.1 0.025686
0.45,0.1,0.15 10.6549
0.45,0.1,0.2 27.3794
0.45,0.1,0.25 5.48652
0.45,0.1,0.3 7.66048
0.45,0.1,0.35 33.5726
0.45,0.1,0.4 70.1288
0.45,0.1,0.45 31.5946
0.45,0.1,0.5 2.50067
0.45,0.1,0.55 0.451654
0.45,0.15,0.1 1.35178
0.45,0.15,0.15 98.2631
0.45,0.15,0.2 281.177
0.45,0.15,0.25 149.797
0.45,0.15,0.3 86.5338
0.45,0.15,0.35 224.652
0.45,0.15,0.4 440.49
0.45,0.15,0.45 333.012
0.45,0.15,0.5 117.912
0.45,0.15,0.55 10.8786
0.45,0.2,0.05 0.144187
0.45,0.2,0.1 21.0636
0.45,0.2,0.15 215.02
0.45,0.2,0.2 352.092
0.45,0.2,0.25 322.806
0.45,0.2,0.3 276.223
0.45,0.2,0.35 371.251
0.45,0.2,0.4 418.053
0.45,0.2,0.45 488.41
0.45,0.2,0.5 224.002
0.45,0.2,0.55 11.6557
0.45,0.2,0.6 1.91558e-06
0.45,0.25,0 9.51493e-08
0.45,0.25,0.05 7.72716
0.45,0.25,0.1 182.434
0.45,0.25,0.15 468.222
0.45,0.25,0.2 538.314
0.45,0.25,0.25 577.997
0.45,0.25,0.3 523.215
0.45,0.25,0.35 389.519
0.45,0.25,0.4 386.76
0.45,0.25,0.45 341.71
0.45,0.25,0.5 158.032
0.45,0.25,0.55 5.99077
0.45,0.25,0.6 0.000809225
0.45,0.3,0 1.00372e-06
0.45,0.3,0.05 50.223
0.45,0.3,0.1 365.643
0.45,0.3,0.15 526.245
0.45,0.3,0.2 510.553
0.45,0.3,0.25 479.826
0.45,0.3,0.3 346.151
0.45,0.3,0.35 245.356
0.45,0.3,0.4 506.152
0.45,0.3,0.45 712.899
0.45,0.3,0.5 322.793
0.45,0.3,0.55 13.5487
0.45,0.3,0.6 0.0020613
0.45,0.35,0 6.23466e-07
0.45,0.35,0.05 100.977
0.45,0.35,0.1 442.319
0.45,0.35,0.15 344.894
0.45,0.35,0.2 379.122
0.45,0.35,0.25 394.052
0.45,0.35,0.3 731.954
0.45,0.35,0.35 469.136
0.45,0.35,0.4 406.693
0.45,0.35,0.45 422.056
0.45,0.35,0.5 117.831
0.45,0.35,0.55 2.27604
0.45,0.35,0.6 0.00127785
0.45,0.4,0 4.28017e-08
0.45,0.4,0.05 76.9462
0.45,0.4,0.1 358.389
0.45,0.4,0.15 285.553
0.45,0.4,0.2 403.153
0.45,0.4,0.25 196.787
0.45,0.4,0.3 222.423
0.45,0.4,0.35 116.643
0.45,0.4,0.4 71.8786
0.45,0.4,0.45 73.0294
0.45,0.4,0.5 26.7239
0.45,0.4,0.55 1.56871
0.45,0.4,0.6 0.0239598
0.45,0.45,0 4.52547e-07
0.45,0.45,0.05 49.9246
0.45,0.45,0.1 253.684
0.45,0.45,0.15 300.326
0.45,0.45,0.2 513.839
0.45,0.45,0.25 441.897
0.45,0.45,0.3 466.666
0.45,0.45,0.35 344.701
0.45,0.45,0.4 246.736
0.45,0.45,0.45 287.325
0.45,0.45,0.5 183.322
0.45,0.45,0.55 12.0642
0.45,0.45,0.6 0.0251314
0.45,0.5,0 5.71677e-07
0.45,0.5,0.05 75.4871
0.45,0.5,0.1 400.217
0.45,0.5,0.15 414.546
0.45,0.5,0.2 344.474
0.45,0.5,0.25 588.164
0.45,0.5,0.3 654.905
0.45,0.5,0.35 696.11
0.45,0.5,0.4 635.543
0.45,0.5,0.45 613.058
0.45,0.5,0.5 334.375
0.45,0.5,0.55 16.3329
0.45,0.5,0.6 0.00118892
0.45,0.55,0 3.78512e-08
0.45,0.55,0.05 11.8152
0.45,0.55,0.1 176.967
0.45,0.55,0.15 473.813
0.45,0.55,0.2 268.816
0.45,0.55,0.25 400.257
0.45,0.55,0.3 532.975
0.45,0.55,0.35 623.662
0.45,0.55,0.4 747.532
0.45,0.55,0.45 763.91
0.45,0.55,0.5 357.657
0.45,0.55,0.55 7.0753
0.45,0.55,0.6 0.0179259
0.45,0.6,0 1.36709e-10
0.45,0.6,0.05 72.5094
0.45,0.6,0.1 394.606
0.45,0.6,0.15 254.832
0.45,0.6,0.2 278.591
0.45,0.6,0.25 287.584
0.45,0.6,0.3 321.937
0.45,0.6,0.35 539.268
0.45,0.6,0.4 493.445
0.45,0.6,0.45 649.184
0.45,0.6,0.5 342.292
0.45,0.6,0.55 15.3146
0.45,0.6,0.6 0.0985884
0.45,0.65,0.05 102.731
0.45,0.65,0.1 460.532
0.45,0.65,0.15 196.916
0.45,0.65,0.2 246.687
0.45,0.65,0.25 315.041
0.45,0.65,0.3 602.817
0.45,0.65,0.35 437.856
0.45,0.65,0.4 233.204
0.45,0.65,0.45 407.79
0.45,0.65,0.5 279.144
0.45,0.65,0.55 15.74
0.45,0.65,0.6 0.036748
0.45,0.7,0 7.13216e-11
0.45,0.7,0.05 10.5983
0.45,0.7,0.1 48.2595
0.45,0.7,0.15 38.7307
0.45,0.7,0.2 35.555
0.45,0.7,0.25 85.8782
0.45,0.7,0.3 347.484
0.45,0.7,0.35 468.511
0.45,0.7,0.4 358.273
0.45,0.7,0.45 480.559
0.45,0.7,0.5 198.394
0.45,0.7,0.55 2.93431
0.45,0.7,0.6 0.000611133
0.45,0.75,0 2.42916e-07
0.45,0.75,0.05 25.0314
0.45,0.75,0.1 99.9937
0.45,0.75,0.15 27.0104
0.45,0.75,0.2 0.845758
0.45,0.75,0.25 1.14468
0.45,0.75,0.3 131.319
0.45,0.75,0.35 425.12
0.45,0.75,0.4 236.39
0.45,0.75,0.45 250.64
0.45,0.75,0.5 96.65
0.45,0.75,0.55 0.661851
0.45,0.8,0 7.85732e-07
0.45,0.8,0.05 80.9672
0.45,0.8,0.1 321.799
0.45,0.8,0.15 79.9354
0.45,0.8,0.25 0.0177799
0.45,0.8,0.3 6.78597
0.45,0.8,0.35 23.1915
0.45,0.8,0.4 17.0488
0.45,0.8,0.45 9.29218
0.45,0.8,0.5 1.40002
0.45,0.8,0.55 0.00878521
0.45,0.85,0 1.58594e-07
0.45,0.85,0.05 16.3439
0.45,0.85,0.1 64.9577
0.45,0.85,0.15 16.1356
0.45,0.9,0 1.66874e-12
0.45,0.9,0.05 0.000257712
0.45,0.9,0.1 0.00102509
0.45,0.9,0.15 0.00025484
0.5,0.1,0.1 0.0378402
0.5,0.1,0.15 15.7066
0.5,0.1,0.2 40.4326
0.5,0.1,0.25 6.93438
0.5,0.1,0.3 0.286141
0.5,0.1,0.35 2.79519
0.5,0.1,0.4 20.4553
0.5,0.1,0.45 9.8697
0.5,0.1,0.5 0.133676
0.5,0.1,0.55 0.000517335
0.5,0.15,0.1 3.43233
0.5,0.15,0.15 156.614
0.5,0.15,0.2 466.235
0.5,0.15,0.25 201.963
0.5,0.15,0.3 55.5138
0.5,0.15,0.35 47.9023
0.5,0.15,0.4 141.001
0.5,0.15,0.45 127.273
0.5,0.15,0.5 32.9637
0.5,0.15,0.55 0.227374
0.5,0.2,0.05 0.0125797
0.5,0.2,0.1 48.01
0.5,0.2,0.15 437.162
0.5,0.2,0.2 648.849
0.5,0.2,0.25 422.796
0.5,0.2,0.3 413.137
0.5,0.2,0.35 335.704
0.5,0.2,0.4 371.623
0.5,0.2,0.45 285.684
0.5,0.2,0.5 83.8606
0.5,0.2,0.55 0.583192
0.5,0.25,0 1.88171e-07
0.5,0.25,0.05 8.75507
0.5,0.25,0.1 86.1992
0.5,0.25,0.15 329.723
0.5,0.25,0.2 301.729
0.5,0.25,0.25 322.96
0.5,0.25,0.3 573.219
0.5,0.25,0.35 455.834
0.5,0.25,0.4 741.441
0.5,0.25,0.45 239.713
0.5,0.25,0.5 15.8662
0.5,0.25,0.55 0.119179
0.5,0.3,0 2.0211e-06
0.5,0.3,0.05 89.9922
0.5,0.3,0.1 406.896
0.5,0.3,0.15 480.152
0.5,0.3,0.2 615.115
0.5,0.3,0.25 422.451
0.5,0.3,0.3 474.004
0.5,0.3,0.35 374.899
0.5,0.3,0.4 683.953
0.5,0.3,0.45 306.983
0.5,0.3,0.5 10.7014
0.5,0.3,0.55 0.0699316
0.5,0.35,0 2.05414e-06
0.5,0.35,0.05 123.736
0.5,0.35,0.1 566.238
0.5,0.35,0.15 767.192
0.5,0.35,0.2 723.405
0.5,0.35,0.25 423.169
0.5,0.35,0.3 907.591
0.5,0.35,0.35 545.04
0.5,0.35,0.4 384.616
0.5,0.35,0.45 169.357
0.5,0.35,0.5 6.70528
0.5,0.35,0.55 0.0164668
0.5,0.4,0 8.76281e-07
0.5,0.4,0.05 73.7851
0.5,0.4,0.1 314.32
0.5,0.4,0.15 311.77
0.5,0.4,0.2 365.971
0.5,0.4,0.25 238.551
0.5,0.4,0.3 324.35
0.5,0.4,0.35 169.68
0.5,0.4,0.4 439.362
0.5,0.4,0.45 205.764
0.5,0.4,0.5 5.00115
0.5,0.4,0.55 0.000602674
0.5,0.45,0 3.73421e-08
0.5,0.45,0.05 38.5036
0.5,0.45,0.1 180.744
0.5,0.45,0.15 408.389
0.5,0.45,0.2 616.543
0.5,0.45,0.25 373.76
0.5,0.45,0.3 215.369
0.5,0.45,0.35 320.69
0.5,0.45,0.4 420.874
0.5,0.45,0.45 215.092
0.5,0.45,0.5 34.8242
0.5,0.45,0.55 0.169558
0.5,0.5,0 4.13417e-08
0.5,0.5,0.05 80.1468
0.5,0.5,0.1 354.745
0.5,0.5,0.15 449.048
0.5,0.5,0.2 581.989
0.5,0.5,0.25 565.397
0.5,0.5,0.3 360.439
0.5,0.5,0.35 440.925
0.5,0.5,0.4 324.165
0.5,0.5,0.45 243.011
0.5,0.5,0.5 98.6421
0.5,0.5,0.55 0.584483
0.5,0.55,0 7.89003e-08
0.5,0.55,0.05 57.0157
0.5,0.55,0.1 254.06
0.5,0.55,0.15 402.042
0.5,0.55,0.2 487.914
0.5,0.55,0.25 502.019
0.5,0.55,0.3 315.378
0.5,0.55,0.35 414.001
0.5,0.55,0.4 531.707
0.5,0.55,0.45 539.789
0.5,0.55,0.5 183.874
0.5,0.55,0.55 0.783171
0.5,0.6,0 8.87391e-09
0.5,0.6,0.05 21.479
0.5,0.6,0.1 108.57
0.5,0.6,0.15 233.601
0.5,0.6,0.2 463.637
0.5,0.6,0.25 577.35
0.5,0.6,0.3 145.021
0.5,0.6,0.35 183.201
0.5,0.6,0.4 461.017
0.5,0.6,0.45 352.462
0.5,0.6,0.5 106.188
0.5,0.6,0.55 0.566491
0.5,0.65,0.05 28.8951
0.5,0.65,0.1 128.907
0.5,0.65,0.15 259.353
0.5,0.65,0.2 502.706
0.5,0.65,0.25 342.163
0.5,0.65,0.3 159.934
0.5,0.65,0.35 92.6702
0.5,0.65,0.4 363.034
0.5,0.65,0.45 381.717
0.5,0.65,0.5 49.78
0.5,0.65,0.55 0.499443
0.5,0.7,0 4.11456e-12
0.5,0.7,0.05 3.25575
0.5,0.7,0.1 16.8211
0.5,0.7,0.15 103.649
0.5,0.7,0.2 131.806
0.5,0.7,0.25 50.8268
0.5,0.7,0.3 120.324
0.5,0.7,0.35 121.336
0.5,0.7,0.4 330.598
0.5,0.7,0.45 561.045
0.5,0.7,0.5 76.4145
0.5,0.7,0.55 0.22451
0.5,0.75,0 1.82775e-08
0.5,0.75,0.05 2.10251
0.5,0.75,0.1 8.38204
0.5,0.75,0.15 2.75548
0.5,0.75,0.2 0.764064
0.5,0.75,0.25 1.6696
0.5,0.75,0.3 51.4599
0.5,0.75,0.35 108.89
0.5,0.75,0.4 69.161
0.5,0.75,0.45 122.689
0.5,0.75,0.5 24.3968
0.5,0.75,0.55 0.0928323
0.5,0.8,0 1.78866e-07
0.5,0.8,0.05 25.2937
0.5,0.8,0.1 100.595
