0.35,0.4,0.25 9.41544e-05
0.35,0.4,0.3 0.00234231
0.35,0.4,0.35 0.00244494
0.35,0.4,0.4 0.000114691
0.35,0.45,0.25 0.0243022
0.35,0.45,0.3 0.604575
0.35,0.45,0.35 0.631063
0.35,0.45,0.4 0.0296029
0.35,0.5,0.25 0.0565267
0.35,0.5,0.3 1.40623
0.35,0.5,0.35 1.46785
0.35,0.5,0.4 0.0688561
0.35,0.55,0.25 0.00801895
0.35,0.55,0.3 0.19949
0.35,0.55,0.35 0.20823
0.35,0.55,0.4 0.00976801
0.4,0.2,0.3 9.88819e-05
0.4,0.2,0.35 0.00323333
0.4,0.2,0.4 0.00387755
0.4,0.2,0.45 0.000229061
0.4,0.25,0.3 0.0424937
0.4,0.25,0.35 1.38949
0.4,0.25,0.4 1.66634
0.4,0.25,0.45 0.098437
0.4,0.3,0.3 0.108551
0.4,0.3,0.35 3.5495
0.4,0.3,0.4 4.25671
0.4,0.3,0.45 0.25146
0.4,0.35,0.25 3.35621e-06
0.4,0.35,0.3 0.219789
0.4,0.35,0.35 1.31724
0.4,0.35,0.4 1.57057
0.4,0.35,0.45 1.45789
0.4,0.35,0.5 0.365125
0.4,0.35,0.55 0.0181883
0.4,0.4,0.25 0.0093723
0.4,0.4,0.3 1.6615
0.4,0.4,0.35 5.59015
0.4,0.4,0.4 6.12843
0.4,0.4,0.45 10.0859
0.4,0.4,0.5 3.59832
0.4,0.4,0.55 0.257389
0.4,0.45,0.25 2.39038
0.4,0.45,0.3 60.0867
0.4,0.45,0.35 64.5824
0.4,0.45,0.4 8.85389
0.4,0.45,0.45 11.663
0.4,0.45,0.5 14.0012
0.4,0.45,0.55 2.15868
0.4,0.45,0.6 0.00625647
0.4,0.45,0.65 0.000296114
0.4,0.5,0.25 5.5587
0.4,0.5,0.3 138.292
0.4,0.5,0.35 144.618
0.4,0.5,0.4 11.3475
0.4,0.5,0.45 14.2171
0.4,0.5,0.5 18.4775
0.4,0.5,0.55 3.27623
0.4,0.5,0.6 0.995391
0.4,0.5,0.65 0.0471111
0.4,0.55,0.25 0.788522
0.4,0.55,0.3 19.6933
0.4,0.55,0.35 21.2914
0.4,0.55,0.4 2.42163
0.4,0.55,0.45 14.4589
0.4,0.55,0.5 14.141
0.4,0.55,0.55 2.62596
0.4,0.55,0.6 2.07687
0.4,0.55,0.65 0.0982969
0.4,0.6,0.3 0.162612
0.4,0.6,0.35 1.9815
0.4,0.6,0.4 5.65581
0.4,0.6,0.45 5.55097
0.4,0.6,0.5 2.01404
0.4,0.6,0.55 0.326049
0.4,0.6,0.6 0.259975
0.4,0.6,0.65 0.0123044
0.4,0.65,0.3 0.0206636
0.4,0.65,0.35 0.701292
0.4,0.65,0.4 7.53378
0.4,0.65,0.45 5.76105
0.4,0.65,0.5 0.151487
0.4,0.7,0.35 0.0446133
0.4,0.7,0.4 0.677641
0.4,0.7,0.45 0.526861
0.4,0.7,0.5 0.0138571
0.45,0.15,0.35 0.00260886
0.45,0.15,0.4 0.031032
0.45,0.15,0.45 0.0203601
0.45,0.15,0.5 0.000354917
0.45,0.2,0.2 0.000227742
0.45,0.2,0.25 0.00379098
0.45,0.2,0.3 0.0075284
0.45,0.2,0.35 0.213074
0.45,0.2,0.4 0.985659
0.45,0.2,0.45 0.541546
0.45,0.2,0.5 0.0100992
0.45,0.2,0.55 0.0231411
0.45,0.2,0.6 0.0250509
0.45,0.2,0.65 0.00125114
0.45,0.25,0.2 0.247508
0.45,0.25,0.25 4.24091
0.45,0.25,0.3 7.72408
0.45,0.25,0.35 64.3334
0.45,0.25,0.4 75.4249
0.45,0.25,0.45 5.0437
0.45,0.25,0.5 0.757768
0.45,0.25,0.55 19.9966
0.45,0.25,0.6 21.7351
0.45,0.25,0.65 1.1001
0.45,0.3,0.15 0.000684705
0.45,0.3,0.2 1.2255
0.45,0.3,0.25 14.0383
0.45,0.3,0.3 28.2933
0.45,0.3,0.35 170.729
0.45,0.3,0.4 190.42
0.45,0.3,0.45 11.3619
0.45,0.3,0.5 2.1491
0.45,0.3,0.55 63.9103
0.45,0.3,0.6 77.8909
0.45,0.3,0.65 5.32945
0.45,0.35,0.15 0.00745885
0.45,0.35,0.2 5.6443
0.45,0.35,0.25 17.664
0.45,0.35,0.3 18.8437
0.45,0.35,0.35 63.2079
0.45,0.35,0.4 59.641
0.45,0.35,0.45 51.2105
0.45,0.35,0.5 21.8305
0.45,0.35,0.55 25.3282
0.45,0.35,0.6 43.5629
0.45,0.35,0.65 5.93402
0.45,0.35,0.7 0.0224965
0.45,0.4,0.15 0.00458455
0.45,0.4,0.2 3.38938
0.45,0.4,0.25 9.6992
0.45,0.4,0.3 76.7688
0.45,0.4,0.35 254.807
0.45,0.4,0.4 204.676
0.45,0.4,0.45 366.482
0.45,0.4,0.5 199.647
0.45,0.4,0.55 19.7786
0.45,0.4,0.6 40.7016
0.45,0.4,0.65 24.8664
0.45,0.4,0.7 0.452503
0.45,0.45,0.15 6.76168e-05
0.45,0.45,0.2 0.0981471
0.45,0.45,0.25 17.1408
0.45,0.45,0.3 237.353
0.45,0.45,0.35 326.762
0.45,0.45,0.4 240.446
0.45,0.45,0.45 365.867
0.45,0.45,0.5 329.843
0.45,0.45,0.55 91.4252
0.45,0.45,0.6 72.7521
0.45,0.45,0.65 23.9136
0.45,0.45,0.7 0.419131
0.45,0.5,0.15 0.000327841
0.45,0.5,0.2 0.606033
0.45,0.5,0.25 49.493
0.45,0.5,0.3 371.567
0.45,0.5,0.35 330.41
0.45,0.5,0.4 202.522
0.45,0.5,0.45 347.16
0.45,0.5,0.5 340.592
0.45,0.5,0.55 177.625
0.45,0.5,0.6 124.451
0.45,0.5,0.65 6.18885
0.45,0.5,0.7 0.0160293
0.45,0.55,0.15 0.0126618
0.45,0.55,0.2 1.4395
0.45,0.55,0.25 13.2463
0.45,0.55,0.3 62.9474
0.45,0.55,0.35 122.949
0.45,0.55,0.4 121.402
0.45,0.55,0.45 365.111
0.45,0.55,0.5 281.7
0.45,0.55,0.55 217.445
0.45,0.55,0.6 166.618
0.45,0.55,0.65 8.49941
0.45,0.55,0.7 0.000984801
0.45,0.6,0.15 1.09595
0.45,0.6,0.2 27.7109
0.45,0.6,0.25 29.4134
0.45,0.6,0.3 19.1279
0.45,0.6,0.35 199.984
0.45,0.6,0.4 264.16
0.45,0.6,0.45 180.182
0.45,0.6,0.5 50.1246
0.45,0.6,0.55 37.8463
0.45,0.6,0.6 22.6224
0.45,0.6,0.65 1.2404
0.45,0.6,0.7 0.000276149
0.45,0.65,0.15 1.96792
0.45,0.65,0.2 49.4558
0.45,0.65,0.25 51.9043
0.45,0.65,0.3 8.73274
0.45,0.65,0.35 106.695
0.45,0.65,0.4 274.676
0.45,0.65,0.45 158.932
0.45,0.65,0.5 8.44205
0.45,0.65,0.55 4.49244
0.45,0.65,0.6 0.211228
0.45,0.65,0.65 1.71891e-05
0.45,0.65,0.7 1.3892e-08
0.45,0.7,0.15 0.205225
0.45,0.7,0.2 5.1575
0.45,0.7,0.25 5.41284
0.45,0.7,0.3 1.21908
0.45,0.7,0.35 17.897
0.45,0.7,0.4 33.1479
0.45,0.7,0.45 15.7529
0.45,0.7,0.5 19.0177
0.45,0.7,0.55 19.446
0.45,0.7,0.6 0.91124
0.45,0.75,0.35 0.0681609
0.45,0.75,0.4 0.318662
0.45,0.75,0.45 0.296286
0.45,0.75,0.5 5.05031
0.45,0.75,0.55 5.26837
0.45,0.75,0.6 0.246876
0.45,0.8,0.35 0.000106179
0.45,0.8,0.4 0.000496401
0.45,0.8,0.45 0.000148566
0.45,0.8,0.5 8.99542e-05
0.45,0.8,0.55 9.38203e-05
0.45,0.8,0.6 4.39642e-06
0.5,0.1,0.5 4.58191e-05
0.5,0.1,0.55 0.000981495
0.5,0.1,0.6 0.00094291
0.5,0.1,0.65 3.80983e-05
0.5,0.15,0.25 8.42571e-05
0.5,0.15,0.3 0.00149252
0.5,0.15,0.35 0.368824
0.5,0.15,0.4 4.37192
0.5,0.15,0.45 2.86839
0.5,0.15,0.5 0.0640318
0.5,0.15,0.55 0.30054
0.5,0.15,0.6 0.288725
0.5,0.15,0.65 0.011666
0.5,0.2,0.2 0.00457502
0.5,0.2,0.25 0.0824747
0.5,0.2,0.3 0.181117
0.5,0.2,0.35 10.2259
0.5,0.2,0.4 115.756
0.5,0.2,0.45 75.1673
0.5,0.2,0.5 1.34132
0.5,0.2,0.55 1.1623
0.5,0.2,0.6 3.64126
0.5,0.2,0.65 6.34897
0.5,0.2,0.7 1.0998
0.5,0.25,0.2 4.97218
0.5,0.25,0.25 85.0577
0.5,0.25,0.3 117.065
0.5,0.25,0.35 160.148
0.5,0.25,0.4 320.603
0.5,0.25,0.45 114.885
0.5,0.25,0.5 5.15614
0.5,0.25,0.55 103.56
0.5,0.25,0.6 134.316
0.5,0.25,0.65 58.4857
0.5,0.25,0.7 9.17906
0.5,0.3,0.1 0.0107327
0.5,0.3,0.15 2.05266
0.5,0.3,0.2 28.0386
0.5,0.3,0.25 279.315
0.5,0.3,0.3 457.028
0.5,0.3,0.35 482.359
0.5,0.3,0.4 416.079
0.5,0.3,0.45 62.2747
0.5,0.3,0.5 11.0743
0.5,0.3,0.55 371.49
0.5,0.3,0.6 516.415
0.5,0.3,0.65 76.3932
0.5,0.3,0.7 5.61106
0.5,0.35,0.1 0.145549
0.5,0.35,0.15 27.8043
0.5,0.35,0.2 162.963
0.5,0.35,0.25 333.573
0.5,0.35,0.3 181.635
0.5,0.35,0.35 167.496
0.5,0.35,0.4 143.969
0.5,0.35,0.45 115.287
0.5,0.35,0.5 38.1768
0.5,0.35,0.55 212.591
0.5,0.35,0.6 431.823
0.5,0.35,0.65 86.7267
0.5,0.35,0.7 3.55167
0.5,0.4,0.05 0.000300904
0.5,0.4,0.1 0.120406
0.5,0.4,0.15 20.032
0.5,0.4,0.2 105.259
0.5,0.4,0.25 178.203
0.5,0.4,0.3 159.464
0.5,0.4,0.35 501.74
0.5,0.4,0.4 496.44
0.5,0.4,0.45 618.48
0.5,0.4,0.5 318.051
0.5,0.4,0.55 65.4
0.5,0.4,0.6 297.29
0.5,0.4,0.65 180.54
0.5,0.4,0.7 3.82337
0.5,0.45,0.05 0.00620168
0.5,0.45,0.1 0.33273
0.5,0.45,0.15 0.97029
0.5,0.45,0.2 2.31913
0.5,0.45,0.25 60.066
0.5,0.45,0.3 424.436
0.5,0.45,0.35 692.669
0.5,0.45,0.4 660.009
0.5,0.45,0.45 627.66
0.5,0.45,0.5 411.626
0.5,0.45,0.55 318.498
0.5,0.45,0.6 434.013
0.5,0.45,0.65 174.943
0.5,0.45,0.7 3.4053
0.5,0.5,0.05 0.00582667
0.5,0.5,0.1 4.82976
0.5,0.5,0.15 29.7577
0.5,0.5,0.2 42.3758
0.5,0.5,0.25 265.508
0.5,0.5,0.3 551.378
0.5,0.5,0.35 290.457
0.5,0.5,0.4 478.47
0.5,0.5,0.45 547.612
0.5,0.5,0.5 428.094
0.5,0.5,0.55 620.64
0.5,0.5,0.6 508.47
0.5,0.5,0.65 102.863
0.5,0.5,0.7 2.82349
0.5,0.55,0.05 0.000225812
0.5,0.55,0.1 11.8548
0.5,0.55,0.15 76.7259
0.5,0.55,0.2 107.357
0.5,0.55,0.25 257.7
0.5,0.55,0.3 149.533
0.5,0.55,0.35 278.506
0.5,0.55,0.4 427.383
0.5,0.55,0.45 616.555
0.5,0.55,0.5 440.771
0.5,0.55,0.55 708.889
0.5,0.55,0.6 576.086
0.5,0.55,0.65 112.572
0.5,0.55,0.7 1.0037
0.5,0.6,0.1 1.91243
0.5,0.6,0.15 18.1361
0.5,0.6,0.2 161.473
0.5,0.6,0.25 185.922
0.5,0.6,0.3 55.9408
0.5,0.6,0.35 585.541
0.5,0.6,0.4 646.116
0.5,0.6,0.45 307.308
0.5,0.6,0.5 107.637
0.5,0.6,0.55 162.949
0.5,0.6,0.6 112.113
0.5,0.6,0.65 22.9532
0.5,0.6,0.7 0.0184828
0.5,0.65,0.15 10.3519
0.5,0.65,0.2 260.257
0.5,0.65,0.25 273.697
0.5,0.65,0.3 38.113
0.5,0.65,0.35 439.878
0.5,0.65,0.4 611.358
0.5,0.65,0.45 263.574
0.5,0.65,0.5 99.2901
0.5,0.65,0.55 59.8493
0.5,0.65,0.6 6.14302
0.5,0.65,0.65 1.98957
0.5,0.65,0.7 0.0278848
0.5,0.7,0.15 1.07955
0.5,0.7,0.2 27.169
0.5,0.7,0.25 28.7239
0.5,0.7,0.3 5.94882
0.5,0.7,0.35 116.909
0.5,0.7,0.4 267.913
0.5,0.7,0.45 147.084
0.5,0.7,0.5 283.108
0.5,0.7,0.55 257.616
0.5,0.7,0.6 28.7923
0.5,0.7,0.65 10.1575
0.5,0.7,0.7 0.142522
0.5,0.75,0.2 7.18918e-05
0.5,0.75,0.25 0.000463123
0.5,0.75,0.3 0.000183597
0.5,0.75,0.35 13.7795
0.5,0.75,0.4 65.1659
0.5,0.75,0.45 24.7424
0.5,0.75,0.5 67.9786
0.5,0.75,0.55 69.7533
0.5,0.75,0.6 8.58222
0.5,0.75,0.65 3.2364
0.5,0.75,0.7 0.0454158
0.5,0.8,0.35 0.221713
0.5,0.8,0.4 1.87785
0.5,0.8,0.45 0.959332
0.5,0.8,0.5 0.00931933
0.5,0.8,0.55 0.00144585
0.5,0.8,0.6 0.00233741
0.5,0.8,0.65 0.00138293
0.5,0.8,0.7 1.94067e-05
0.5,0.85,0.35 0.0229372
0.5,0.85,0.4 0.203524
0.5,0.85,0.45 0.106464
0.5,0.85,0.5 0.000930948
0.55,0.1,0.3 0.0321632
0.55,0.1,0.35 0.13058
0.55,0.1,0.4 0.033134
0.55,0.1,0.45 3.97455e-09
0.55,0.1,0.5 0.00814021
0.55,0.1,0.55 0.174372
0.55,0.1,0.6 0.167517
0.55,0.1,0.65 0.00676855
0.55,0.15,0.15 3.88016e-07
0.55,0.15,0.2 0.0844307
0.55,0.15,0.25 0.367934
0.55,0.15,0.3 5.19826
0.55,0.15,0.35 18.8777
0.55,0.15,0.4 13.2919
0.55,0.15,0.45 6.39348
0.55,0.15,0.5 3.84423
0.55,0.15,0.55 53.5532
0.55,0.15,0.6 51.2949
0.55,0.15,0.65 2.07257
0.55,0.2,0.1 0.000110144
0.55,0.2,0.15 0.00602026
0.55,0.2,0.2 2.37554
0.55,0.2,0.25 12.5584
0.55,0.2,0.3 72.8466
0.55,0.2,0.35 108.263
0.55,0.2,0.4 245.053
0.55,0.2,0.45 161.963
0.55,0.2,0.5 29.218
0.55,0.2,0.55 143.209
0.55,0.2,0.6 161.05
0.55,0.2,0.65 50.8352
0.55,0.2,0.7 7.64023
0.55,0.25,0.1 0.0661829
0.55,0.25,0.15 3.61092
0.55,0.25,0.2 12.6306
0.55,0.25,0.25 100.401
0.55,0.25,0.3 278.917
0.55,0.25,0.35 279.678
0.55,0.25,0.4 525.677
0.55,0.25,0.45 272.404
0.55,0.25,0.5 24.3401
0.55,0.25,0.55 172.946
0.55,0.25,0.6 407.365
0.55,0.25,0.65 390.113
0.55,0.25,0.7 63.7697
0.55,0.25,0.75 6.04971e-06
0.55,0.3,0.1 0.239665
0.55,0.3,0.15 21.4699
0.55,0.3,0.2 64.3783
0.55,0.3,0.25 338.8
0.55,0.3,0.3 771.104
0.55,0.3,0.35 571.623
0.55,0.3,0.4 498.779
0.55,0.3,0.45 201.931
0.55,0.3,0.5 10.1015
0.55,0.3,0.55 314.672
0.55,0.3,0.6 656.643
0.55,0.3,0.65 340.488
0.55,0.3,0.7 43.8839
0.55,0.3,0.75 0.000441156
0.55,0.35,0.1 0.823935
0.55,0.35,0.15 152.933
0.55,0.35,0.2 478.936
0.55,0.35,0.25 554.013
0.55,0.35,0.3 361.768
0.55,0.35,0.35 199.07
0.55,0.35,0.4 354.944
0.55,0.35,0.45 191.112
0.55,0.35,0.5 11.4684
0.55,0.35,0.55 283.216
0.55,0.35,0.6 716.337
0.55,0.35,0.65 399.071
0.55,0.35,0.7 39.1561
0.55,0.35,0.75 0.000732988
0.55,0.4,0.05 0.0696928
0.55,0.4,0.1 4.17469
0.55,0.4,0.15 112.628
0.55,0.4,0.2 343.66
0.55,0.4,0.25 345.899
0.55,0.4,0.3 93.6763
0.55,0.4,0.35 349.023
0.55,0.4,0.4 771.867
0.55,0.4,0.45 411.903
0.55,0.4,0.5 43.85
0.55,0.4,0.55 40.6149
0.55,0.4,0.6 192.522
0.55,0.4,0.65 144.274
0.55,0.4,0.7 9.09682
0.55,0.4,0.75 6.91751e-05
0.55,0.45,0.05 1.43638
0.55,0.45,0.1 74.4851
0.55,0.45,0.15 111.767
0.55,0.45,0.2 38.0101
0.55,0.45,0.25 127.959
0.55,0.45,0.3 183.283
0.55,0.45,0.35 742.44
0.55,0.45,0.4 670.019
0.55,0.45,0.45 233.496
0.55,0.45,0.5 217.031
0.55,0.45,0.55 337.161
0.55,0.45,0.6 295.467
0.55,0.45,0.65 170.786
0.55,0.45,0.7 11.6097
0.55,0.5,0.05 1.34953
0.55,0.5,0.1 93.0374
0.55,0.5,0.15 263.438
0.55,0.5,0.2 230.149
0.55,0.5,0.25 389.761
0.55,0.5,0.3 242.233
0.55,0.5,0.35 465.111
0.55,0.5,0.4 624.557
0.55,0.5,0.45 269.012
0.55,0.5,0.5 478.619
0.55,0.5,0.55 823.207
0.55,0.5,0.6 754.92
0.55,0.5,0.65 508.959
0.55,0.5,0.7 42.3195
0.55,0.5,0.75 0.000101791
0.55,0.55,0.05 0.0523006
0.55,0.55,0.1 63.5292
0.55,0.55,0.15 425.484
0.55,0.55,0.2 483.571
0.55,0.55,0.25 468.452
0.55,0.55,0.3 111.958
0.55,0.55,0.35 401.223
0.55,0.55,0.4 691.161
0.55,0.55,0.45 324.686
0.55,0.55,0.5 346.031
0.55,0.55,0.55 420.027
0.55,0.55,0.6 593.406
0.55,0.55,0.65 277.696
0.55,0.55,0.7 13.4599
0.55,0.55,0.75 0.000714111
0.55,0.6,0.1 16.9941
0.55,0.6,0.15 117.496
0.55,0.6,0.2 162.593
0.55,0.6,0.25 179.039
0.55,0.6,0.3 49.0062
0.55,0.6,0.35 471.255
0.55,0.6,0.4 534.216
0.55,0.6,0.45 107.023
0.55,0.6,0.5 108.698
0.55,0.6,0.55 243.095
0.55,0.6,0.6 200.814
0.55,0.6,0.65 37.9302
0.55,0.6,0.7 0.52518
0.55,0.6,0.75 0.000305712
0.55,0.65,0.1 5.69792
0.55,0.65,0.15 41.2936
0.55,0.65,0.2 132.345
0.55,0.65,0.25 264.011
0.55,0.65,0.3 86.1418
0.55,0.65,0.35 384.555
0.55,0.65,0.4 480.234
0.55,0.65,0.45 339.332
0.55,0.65,0.5 320.641
0.55,0.65,0.55 255.749
0.55,0.65,0.6 181.515
0.55,0.65,0.65 38.6003
0.55,0.65,0.7 0.675635
0.55,0.65,0.75 1.15981e-06
0.55,0.7,0.1 0.153268
0.55,0.7,0.15 1.37278
0.55,0.7,0.2 18.842
0.55,0.7,0.25 70.6537
0.55,0.7,0.3 26.9056
0.55,0.7,0.35 128.777
0.55,0.7,0.4 460.097
0.55,0.7,0.45 398.125
0.55,0.7,0.5 369.96
0.55,0.7,0.55 336.569
0.55,0.7,0.6 368.727
0.55,0.7,0.65 176.584
0.55,0.7,0.7 2.9442
0.55,0.75,0.1 4.50056e-07
0.55,0.75,0.15 0.0152319
0.55,0.75,0.2 1.06761
0.55,0.75,0.25 19.7533
