0.65,0.1,0.45 1.08392
0.65,0.1,0.5 0.579863
0.65,0.1,0.55 0.0134814
0.65,0.1,0.6 6.4164e-05
0.65,0.15,0.05 2.9056
0.65,0.15,0.1 80.7953
0.65,0.15,0.15 92.7287
0.65,0.15,0.2 45.3241
0.65,0.15,0.25 37.2544
0.65,0.15,0.3 25.2263
0.65,0.15,0.35 24.8602
0.65,0.15,0.4 22.6297
0.65,0.15,0.45 164.761
0.65,0.15,0.5 112.902
0.65,0.15,0.55 41.318
0.65,0.15,0.6 5.74243
0.65,0.2,0 9.71916e-14
0.65,0.2,0.05 10.6536
0.65,0.2,0.1 289.562
0.65,0.2,0.15 374.705
0.65,0.2,0.2 446.713
0.65,0.2,0.25 381.738
0.65,0.2,0.3 432.87
0.65,0.2,0.35 375.036
0.65,0.2,0.4 205.461
0.65,0.2,0.45 500.672
0.65,0.2,0.5 423.702
0.65,0.2,0.55 368.815
0.65,0.2,0.6 53.6525
0.65,0.25,0 1.47704e-12
0.65,0.25,0.05 14.4524
0.65,0.25,0.1 135.946
0.65,0.25,0.15 219.352
0.65,0.25,0.2 785.859
0.65,0.25,0.25 725.162
0.65,0.25,0.3 847.76
0.65,0.25,0.35 675.025
0.65,0.25,0.4 412.286
0.65,0.25,0.45 454.594
0.65,0.25,0.5 379.008
0.65,0.25,0.55 273.53
0.65,0.25,0.6 43.6435
0.65,0.25,0.65 6.20096
0.65,0.25,0.7 0.0468426
0.65,0.3,0 3.86253e-10
0.65,0.3,0.05 28.3849
0.65,0.3,0.1 274.569
0.65,0.3,0.15 357.858
0.65,0.3,0.2 388.256
0.65,0.3,0.25 365
0.65,0.3,0.3 618.084
0.65,0.3,0.35 474.361
0.65,0.3,0.4 470.897
0.65,0.3,0.45 632.122
0.65,0.3,0.5 822.738
0.65,0.3,0.55 490.41
0.65,0.3,0.6 209.742
0.65,0.3,0.65 91.116
0.65,0.3,0.7 0.68856
0.65,0.35,0 2.37466e-08
0.65,0.35,0.05 66.3495
0.65,0.35,0.1 456.269
0.65,0.35,0.15 456.684
0.65,0.35,0.2 313.753
0.65,0.35,0.25 181.694
0.65,0.35,0.3 490.233
0.65,0.35,0.35 336.657
0.65,0.35,0.4 292.89
0.65,0.35,0.45 723.712
0.65,0.35,0.5 697.412
0.65,0.35,0.55 423.867
0.65,0.35,0.6 211.38
0.65,0.35,0.65 84.028
0.65,0.35,0.7 0.649285
0.65,0.4,0 7.53287e-07
0.65,0.4,0.05 107.806
0.65,0.4,0.1 527.408
0.65,0.4,0.15 383.562
0.65,0.4,0.2 500.666
0.65,0.4,0.25 471.362
0.65,0.4,0.3 608.266
0.65,0.4,0.35 259.061
0.65,0.4,0.4 305.515
0.65,0.4,0.45 330.838
0.65,0.4,0.5 430.251
0.65,0.4,0.55 318.682
0.65,0.4,0.6 99.7507
0.65,0.4,0.65 24.4457
0.65,0.4,0.7 0.206397
0.65,0.45,0 0.000137846
0.65,0.45,0.05 121.51
0.65,0.45,0.1 486.513
0.65,0.45,0.15 304.053
0.65,0.45,0.2 474.643
0.65,0.45,0.25 736.68
0.65,0.45,0.3 429.356
0.65,0.45,0.35 330.21
0.65,0.45,0.4 326.983
0.65,0.45,0.45 262.813
0.65,0.45,0.5 338.388
0.65,0.45,0.55 473.899
0.65,0.45,0.6 139.764
0.65,0.45,0.65 6.50163
0.65,0.45,0.7 0.0159997
0.65,0.5,0 0.000954458
0.65,0.5,0.05 147.918
0.65,0.5,0.1 586.207
0.65,0.5,0.15 513.319
0.65,0.5,0.2 580.965
0.65,0.5,0.25 708.128
0.65,0.5,0.3 626.307
0.65,0.5,0.35 701.58
0.65,0.5,0.4 451.615
0.65,0.5,0.45 595.596
0.65,0.5,0.5 563.121
0.65,0.5,0.55 192.984
0.65,0.5,0.6 98.6285
0.65,0.5,0.65 20.0496
0.65,0.5,0.7 0.373512
0.65,0.55,0 0.000442199
0.65,0.55,0.05 66.0629
0.65,0.55,0.1 333.837
0.65,0.55,0.15 670.104
0.65,0.55,0.2 792.816
0.65,0.55,0.25 644.391
0.65,0.55,0.3 446.713
0.65,0.55,0.35 458.762
0.65,0.55,0.4 540.147
0.65,0.55,0.45 757.39
0.65,0.55,0.5 583.634
0.65,0.55,0.55 252.452
0.65,0.55,0.6 120.976
0.65,0.55,0.65 50.3021
0.65,0.55,0.7 2.33039
0.65,0.6,0 3.37244e-06
0.65,0.6,0.05 15.7832
0.65,0.6,0.1 126.728
0.65,0.6,0.15 488.484
0.65,0.6,0.2 620.405
0.65,0.6,0.25 433.879
0.65,0.6,0.3 225.44
0.65,0.6,0.35 217.421
0.65,0.6,0.4 405.773
0.65,0.6,0.45 604.527
0.65,0.6,0.5 571.024
0.65,0.6,0.55 528.606
0.65,0.6,0.6 196.461
0.65,0.6,0.65 18.8389
0.65,0.6,0.7 0.897118
0.65,0.65,0 1.42855e-08
0.65,0.65,0.05 7.0013
0.65,0.65,0.1 36.4293
0.65,0.65,0.15 196.016
0.65,0.65,0.2 364.643
0.65,0.65,0.25 616.961
0.65,0.65,0.3 424.567
0.65,0.65,0.35 140.759
0.65,0.65,0.4 243.299
0.65,0.65,0.45 470.55
0.65,0.65,0.5 462.448
0.65,0.65,0.55 330.854
0.65,0.65,0.6 117.417
0.65,0.65,0.65 0.394633
0.65,0.65,0.7 0.00188319
0.65,0.7,0 1.59811e-10
0.65,0.7,0.05 0.0780182
0.65,0.7,0.1 0.529251
0.65,0.7,0.15 5.34358
0.65,0.7,0.2 88.8487
0.65,0.7,0.25 401.735
0.65,0.7,0.3 600.741
0.65,0.7,0.35 386.494
0.65,0.7,0.4 195.973
0.65,0.7,0.45 442.798
0.65,0.7,0.5 463.713
0.65,0.7,0.55 73.8686
0.65,0.7,0.6 10.1618
0.65,0.7,0.65 0.218991
0.65,0.75,0.1 2.34896
0.65,0.75,0.15 54.3802
0.65,0.75,0.2 141.064
0.65,0.75,0.25 496.025
0.65,0.75,0.3 546.608
0.65,0.75,0.35 191.29
0.65,0.75,0.4 140.123
0.65,0.75,0.45 188.029
0.65,0.75,0.5 293.242
0.65,0.75,0.55 46.6067
0.65,0.75,0.6 0.621549
0.65,0.75,0.65 0.0365001
0.65,0.8,0 1.12244e-11
0.65,0.8,0.05 12.5044
0.65,0.8,0.1 63.6813
0.65,0.8,0.15 308.395
0.65,0.8,0.2 473.085
0.65,0.8,0.25 834.646
0.65,0.8,0.3 425.174
0.65,0.8,0.35 21.3602
0.65,0.8,0.4 14.689
0.65,0.8,0.45 9.05858
0.65,0.8,0.5 13.1997
0.65,0.8,0.55 2.92608
0.65,0.8,0.6 7.12653e-05
0.65,0.85,0 4.59376e-11
0.65,0.85,0.05 68.533
0.65,0.85,0.1 283.155
0.65,0.85,0.15 171.139
0.65,0.85,0.2 176.707
0.65,0.85,0.25 272.377
0.65,0.85,0.3 83.7224
0.65,0.85,0.35 0.980828
0.65,0.9,0 1.17504e-11
0.65,0.9,0.05 23.3603
0.65,0.9,0.1 95.0395
0.65,0.9,0.15 24.2465
0.65,0.9,0.2 0.681124
0.65,0.9,0.25 1.64763
0.65,0.9,0.3 0.279171
0.65,0.95,0 5.1074e-18
0.65,0.95,0.05 0.0198157
0.65,0.95,0.1 0.0806171
0.65,0.95,0.15 0.0204986
0.65,0.95,0.2 3.62881e-09
0.7,0.1,0.05 5.66718e-05
0.7,0.1,0.1 0.00157378
0.7,0.1,0.15 0.00174044
0.7,0.1,0.2 9.0111e-05
0.7,0.1,0.4 0.0108908
0.7,0.1,0.45 0.117552
0.7,0.1,0.5 0.0717516
0.7,0.1,0.55 0.0010249
0.7,0.15,0.05 0.790378
0.7,0.15,0.1 21.9488
0.7,0.15,0.15 25.01
0.7,0.15,0.2 5.81495
0.7,0.15,0.25 2.67048
0.7,0.15,0.3 14.2028
0.7,0.15,0.35 17.351
0.7,0.15,0.4 4.50637
0.7,0.15,0.45 20.8354
0.7,0.15,0.5 16.936
0.7,0.15,0.55 11.0004
0.7,0.15,0.6 1.60561
0.7,0.2,0 1.07158e-12
0.7,0.2,0.05 7.59399
0.7,0.2,0.1 96.3806
0.7,0.2,0.15 139.082
0.7,0.2,0.2 268.238
0.7,0.2,0.25 144.363
0.7,0.2,0.3 331.618
0.7,0.2,0.35 378.869
0.7,0.2,0.4 201.145
0.7,0.2,0.45 183.601
0.7,0.2,0.5 123.937
0.7,0.2,0.55 102.171
0.7,0.2,0.6 15.0306
0.7,0.25,0 1.6285e-11
0.7,0.25,0.05 73.8308
0.7,0.25,0.1 325.401
0.7,0.25,0.15 302.743
0.7,0.25,0.2 655.344
0.7,0.25,0.25 570.763
0.7,0.25,0.3 698.206
0.7,0.25,0.35 540.88
0.7,0.25,0.4 413.435
0.7,0.25,0.45 339.492
0.7,0.25,0.5 180.214
0.7,0.25,0.55 72.3275
0.7,0.25,0.6 8.85443
0.7,0.25,0.65 0.120483
0.7,0.25,0.7 0.000910137
0.7,0.3,0 1.48715e-11
0.7,0.3,0.05 60.6851
0.7,0.3,0.1 311.546
0.7,0.3,0.15 570.695
0.7,0.3,0.2 718.966
0.7,0.3,0.25 621.755
0.7,0.3,0.3 634.037
0.7,0.3,0.35 512.166
0.7,0.3,0.4 478.379
0.7,0.3,0.45 322.756
0.7,0.3,0.5 260.972
0.7,0.3,0.55 92.4886
0.7,0.3,0.6 6.30107
0.7,0.3,0.65 1.76509
0.7,0.3,0.7 0.0133336
0.7,0.35,0 8.94944e-09
0.7,0.35,0.05 61.565
0.7,0.35,0.1 442.548
0.7,0.35,0.15 651.756
0.7,0.35,0.2 854.82
0.7,0.35,0.25 803.717
0.7,0.35,0.3 599.784
0.7,0.35,0.35 528.96
0.7,0.35,0.4 349.845
0.7,0.35,0.45 281.791
0.7,0.35,0.5 203.39
0.7,0.35,0.55 46.407
0.7,0.35,0.6 5.07506
0.7,0.35,0.65 1.33975
0.7,0.35,0.7 0.0101206
0.7,0.4,0 5.47848e-07
0.7,0.4,0.05 82.2706
0.7,0.4,0.1 489.652
0.7,0.4,0.15 390.138
0.7,0.4,0.2 392.887
0.7,0.4,0.25 630.565
0.7,0.4,0.3 448.446
0.7,0.4,0.35 305.728
0.7,0.4,0.4 366.702
0.7,0.4,0.45 163.99
0.7,0.4,0.5 84.1256
0.7,0.4,0.55 19.8973
0.7,0.4,0.6 4.19867
0.7,0.4,0.65 0.0344948
0.7,0.4,0.7 0.000252171
0.7,0.45,0 3.61512e-05
0.7,0.45,0.05 143.28
0.7,0.45,0.1 580.246
0.7,0.45,0.15 330.262
0.7,0.45,0.2 440.356
0.7,0.45,0.25 684.501
0.7,0.45,0.3 436.675
0.7,0.45,0.35 518.184
0.7,0.45,0.4 493.142
0.7,0.45,0.45 256.517
0.7,0.45,0.5 61.7227
0.7,0.45,0.55 34.8383
0.7,0.45,0.6 9.32651
0.7,0.45,0.65 0.00270154
0.7,0.5,0 0.00010368
0.7,0.5,0.05 203.349
0.7,0.5,0.1 820.489
0.7,0.5,0.15 624.573
0.7,0.5,0.2 569.084
0.7,0.5,0.25 394.186
0.7,0.5,0.3 517.348
0.7,0.5,0.35 601.204
0.7,0.5,0.4 328.095
0.7,0.5,0.45 341.221
0.7,0.5,0.5 137.791
0.7,0.5,0.55 19.1891
0.7,0.5,0.6 1.44767
0.7,0.5,0.65 0.000441068
0.7,0.55,0 4.866e-05
0.7,0.55,0.05 106.827
0.7,0.55,0.1 465.78
0.7,0.55,0.15 657.762
0.7,0.55,0.2 531.273
0.7,0.55,0.25 555.369
0.7,0.55,0.3 575.292
0.7,0.55,0.35 564.556
0.7,0.55,0.4 715.642
0.7,0.55,0.45 466.328
0.7,0.55,0.5 241.178
0.7,0.55,0.55 32.5786
0.7,0.55,0.6 3.88625
0.7,0.55,0.65 0.00272812
0.7,0.6,0 2.99145e-06
0.7,0.6,0.05 9.23487
0.7,0.6,0.1 63.7708
0.7,0.6,0.15 495.392
0.7,0.6,0.2 757.103
0.7,0.6,0.25 771.037
0.7,0.6,0.3 437.524
0.7,0.6,0.35 498.194
0.7,0.6,0.4 655.952
0.7,0.6,0.45 417.923
0.7,0.6,0.5 264.213
0.7,0.6,0.55 52.6397
0.7,0.6,0.6 12.8569
0.7,0.6,0.65 0.0222646
0.7,0.65,0.05 3.22405e-06
0.7,0.65,0.1 3.66997
0.7,0.65,0.15 128.722
0.7,0.65,0.2 464.83
0.7,0.65,0.25 694.055
0.7,0.65,0.3 363.609
0.7,0.65,0.35 301.992
0.7,0.65,0.4 603.833
0.7,0.65,0.45 587.847
0.7,0.65,0.5 302.049
0.7,0.65,0.55 47.4255
0.7,0.65,0.6 9.49544
0.7,0.65,0.65 0.0237272
0.7,0.7,0.1 0.0289341
0.7,0.7,0.15 2.0176
0.7,0.7,0.2 81.4783
0.7,0.7,0.25 243.51
0.7,0.7,0.3 379.805
0.7,0.7,0.35 509.437
0.7,0.7,0.4 495.385
0.7,0.7,0.45 702.165
0.7,0.7,0.5 269.873
0.7,0.7,0.55 23.4462
0.7,0.7,0.6 0.559995
0.7,0.7,0.65 0.00145368
0.7,0.75,0.1 0.601119
0.7,0.75,0.15 14.5068
0.7,0.75,0.2 188.651
0.7,0.75,0.25 533.961
0.7,0.75,0.3 370.71
0.7,0.75,0.35 231.327
0.7,0.75,0.4 91.7192
0.7,0.75,0.45 162.51
0.7,0.75,0.5 128.273
0.7,0.75,0.55 12.4786
0.7,0.75,0.6 5.77593e-10
0.7,0.8,0 5.1027e-09
0.7,0.8,0.05 10.0434
0.7,0.8,0.1 43.3889
0.7,0.8,0.15 85.7438
0.7,0.8,0.2 149.746
0.7,0.8,0.25 303.806
0.7,0.8,0.3 155.436
0.7,0.8,0.35 10.0457
0.7,0.8,0.4 0.318681
0.7,0.8,0.45 1.22676
0.7,0.8,0.5 2.19725
0.7,0.8,0.55 0.228513
0.7,0.8,0.6 5.69764e-11
0.7,0.85,0 2.08836e-08
0.7,0.85,0.05 41.7157
0.7,0.85,0.1 167.758
0.7,0.85,0.15 67.2581
0.7,0.85,0.2 42.3974
0.7,0.85,0.25 63.7597
0.7,0.85,0.3 21.6044
0.7,0.85,0.35 0.283595
0.7,0.9,0 5.34182e-09
0.7,0.9,0.05 10.8759
0.7,0.9,0.1 43.4628
0.7,0.9,0.15 10.8764
0.7,0.9,0.2 0.148713
0.7,0.9,0.25 0.351498
0.7,0.9,0.3 0.0595314
0.7,0.95,0 2.32186e-15
0.7,0.95,0.05 0.00070242
0.7,0.95,0.1 0.00285734
0.7,0.95,0.15 0.000726454
0.7,0.95,0.2 1.27832e-10
0.75,0.1,0.05 1.16469e-09
0.75,0.1,0.1 3.23434e-08
0.75,0.1,0.15 3.57687e-08
0.75,0.1,0.2 1.85191e-09
0.75,0.15,0.05 1.62434e-05
0.75,0.15,0.1 0.00045108
0.75,0.15,0.15 0.865065
0.75,0.15,0.2 8.21548
0.75,0.15,0.25 4.78238
0.75,0.15,0.3 1.37832
0.75,0.15,0.35 2.26848
0.75,0.15,0.4 0.320486
0.75,0.15,0.45 0.0376486
0.75,0.15,0.5 0.0098726
0.75,0.15,0.55 0.000623859
0.75,0.15,0.6 8.04802e-05
0.75,0.2,0 6.64641e-13
0.75,0.2,0.05 2.9879
0.75,0.2,0.1 11.9524
0.75,0.2,0.15 31.2577
0.75,0.2,0.2 217.895
0.75,0.2,0.25 114.898
0.75,0.2,0.3 83.298
0.75,0.2,0.35 143.806
0.75,0.2,0.4 24.8706
0.75,0.2,0.45 5.26627
0.75,0.2,0.5 1.68396
0.75,0.2,0.55 0.0192508
0.75,0.2,0.6 0.000753398
0.75,0.25,0 1.01007e-11
0.75,0.25,0.05 45.4375
0.75,0.25,0.1 202.742
0.75,0.25,0.15 173.586
0.75,0.25,0.2 315.771
0.75,0.25,0.25 258.111
0.75,0.25,0.3 269.944
0.75,0.25,0.35 249.256
0.75,0.25,0.4 46.104
0.75,0.25,0.45 11.4497
0.75,0.25,0.5 3.66277
0.75,0.25,0.55 0.0436075
0.75,0.25,0.6 0.000411557
0.75,0.3,0 7.85594e-12
0.75,0.3,0.05 39.8691
0.75,0.3,0.1 299.649
0.75,0.3,0.15 576.243
0.75,0.3,0.2 458.936
0.75,0.3,0.25 486.84
0.75,0.3,0.3 503.4
0.75,0.3,0.35 208.471
0.75,0.3,0.4 58.3465
0.75,0.3,0.45 6.40866
0.75,0.3,0.5 1.03559
0.75,0.3,0.55 0.0932
0.75,0.3,0.6 4.17378e-06
0.75,0.35,0 3.77723e-11
0.75,0.35,0.05 63.6076
0.75,0.35,0.1 391.896
0.75,0.35,0.15 621.582
0.75,0.35,0.2 639.799
0.75,0.35,0.25 582.746
0.75,0.35,0.3 534.766
0.75,0.35,0.35 263.958
0.75,0.35,0.4 54.1614
0.75,0.35,0.45 3.48819
0.75,0.35,0.5 0.354687
0.75,0.35,0.55 0.0477026
0.75,0.4,0 3.75654e-08
0.75,0.4,0.05 49.5812
0.75,0.4,0.1 287.707
0.75,0.4,0.15 356.931
0.75,0.4,0.2 297.643
0.75,0.4,0.25 439.21
0.75,0.4,0.3 615.016
0.75,0.4,0.35 212.977
0.75,0.4,0.4 63.8065
0.75,0.4,0.45 6.58328
0.75,0.4,0.5 0.13612
0.75,0.4,0.55 0.00338797
0.75,0.45,0 3.01663e-06
0.75,0.45,0.05 51.7697
0.75,0.45,0.1 334.281
0.75,0.45,0.15 455.633
0.75,0.45,0.2 230.85
0.75,0.45,0.25 331.918
0.75,0.45,0.3 555.548
0.75,0.45,0.35 403.332
0.75,0.45,0.4 244.073
0.75,0.45,0.45 26.3463
0.75,0.45,0.5 2.2164
0.75,0.45,0.55 0.000130781
0.75,0.5,0 9.25494e-06
0.75,0.5,0.05 63.861
0.75,0.5,0.1 302.612
0.75,0.5,0.15 499.969
0.75,0.5,0.2 638.176
0.75,0.5,0.25 319.81
0.75,0.5,0.3 425.101
0.75,0.5,0.35 338.594
0.75,0.5,0.4 110.194
0.75,0.5,0.45 27.5733
0.75,0.5,0.5 3.43919
0.75,0.5,0.55 0.0554552
0.75,0.55,0 7.26252e-06
0.75,0.55,0.05 28.8392
0.75,0.55,0.1 137.697
0.75,0.55,0.15 325.875
0.75,0.55,0.2 483.126
0.75,0.55,0.25 545.783
0.75,0.55,0.3 651.949
0.75,0.55,0.35 374.405
0.75,0.55,0.4 143.21
0.75,0.55,0.45 61.2929
0.75,0.55,0.5 3.26564
0.75,0.55,0.55 0.219641
0.75,0.6,0 6.55006e-07
0.75,0.6,0.05 14.9756
0.75,0.6,0.1 87.7364
0.75,0.6,0.15 301.154
0.75,0.6,0.2 545.819
0.75,0.6,0.25 628.673
0.75,0.6,0.3 387.183
0.75,0.6,0.35 473.459
0.75,0.6,0.4 173.307
0.75,0.6,0.45 42.0484
0.75,0.6,0.5 3.67623
0.75,0.6,0.55 0.278916
0.75,0.65,0.05 9.4452
0.75,0.65,0.1 40.5234
0.75,0.65,0.15 61.9824
0.75,0.65,0.2 379.863
0.75,0.65,0.25 672.149
0.75,0.65,0.3 426.066
0.75,0.65,0.35 349.312
0.75,0.65,0.4 246.478
0.75,0.65,0.45 85.2695
0.75,0.65,0.5 11.7198
0.75,0.65,0.55 0.567827
0.75,0.7,0.05 0.748284
0.75,0.7,0.1 3.00254
0.75,0.7,0.15 1.83505
0.75,0.7,0.2 64.8906
0.75,0.7,0.25 328.716
0.75,0.7,0.3 331.237
0.75,0.7,0.35 372.511
0.75,0.7,0.4 323.495
0.75,0.7,0.45 178.318
0.75,0.7,0.5 19.0441
0.75,0.7,0.55 0.413707
0.75,0.75,0.05 0.0541154
0.75,0.75,0.1 0.545905
0.75,0.75,0.15 0.431174
0.75,0.75,0.2 55.1507
0.75,0.75,0.25 339.883
0.75,0.75,0.3 259.307
0.75,0.75,0.35 69.8214
0.75,0.75,0.4 50.4286
0.75,0.75,0.45 40.309
0.75,0.75,0.5 5.39357
0.75,0.75,0.55 0.217933
0.75,0.8,0 1.31558e-08
0.75,0.8,0.05 26.8624
0.75,0.8,0.1 120.007
0.75,0.8,0.15 36.9543
