0.45,0.75,0.1 99.4859
0.45,0.75,0.15 24.7315
0.45,0.75,0.2 0.0381426
0.45,0.75,0.25 3.58539
0.45,0.75,0.3 21.5486
0.45,0.75,0.35 12.7272
0.45,0.75,0.4 52.5632
0.45,0.75,0.45 41.2923
0.45,0.75,0.5 1.19319
0.45,0.8,0 7.85732e-07
0.45,0.8,0.05 80.9672
0.45,0.8,0.1 321.799
0.45,0.8,0.15 79.9354
0.45,0.8,0.25 0.0974086
0.45,0.8,0.3 0.608104
0.45,0.8,0.35 0.243392
0.45,0.8,0.4 0.00182399
0.45,0.8,0.45 0.000105253
0.45,0.8,0.5 3.20601e-06
0.45,0.85,0 1.58594e-07
0.45,0.85,0.05 16.3439
0.45,0.85,0.1 64.9577
0.45,0.85,0.15 16.1356
0.45,0.9,0 1.66874e-12
0.45,0.9,0.05 0.000257712
0.45,0.9,0.1 0.00102509
0.45,0.9,0.15 0.00025484
0.5,0.1,0.1 1.46955
0.5,0.1,0.15 22.6983
0.5,0.1,0.2 21.3332
0.5,0.1,0.25 6.16797
0.5,0.1,0.3 12.2119
0.5,0.1,0.35 7.97001
0.5,0.1,0.4 4.70928
0.5,0.1,0.45 0.266604
0.5,0.15,0.1 15.7225
0.5,0.15,0.15 155.623
0.5,0.15,0.2 295.744
0.5,0.15,0.25 253.518
0.5,0.15,0.3 345.459
0.5,0.15,0.35 288.322
0.5,0.15,0.4 190.651
0.5,0.15,0.45 10.7596
0.5,0.2,0 7.033e-10
0.5,0.2,0.05 0.02735
0.5,0.2,0.1 85.8446
0.5,0.2,0.15 463.24
0.5,0.2,0.2 613.044
0.5,0.2,0.25 626.572
0.5,0.2,0.3 925.826
0.5,0.2,0.35 623.751
0.5,0.2,0.4 259.97
0.5,0.2,0.45 14.2686
0.5,0.25,0 1.47071e-08
0.5,0.25,0.05 9.55965
0.5,0.25,0.1 98.7073
0.5,0.25,0.15 321.903
0.5,0.25,0.2 386.848
0.5,0.25,0.25 557.887
0.5,0.25,0.3 825.114
0.5,0.25,0.35 394.777
0.5,0.25,0.4 111.158
0.5,0.25,0.45 3.50181
0.5,0.3,0 1.39346e-08
0.5,0.3,0.05 89.3112
0.5,0.3,0.1 436.136
0.5,0.3,0.15 519.067
0.5,0.3,0.2 707.911
0.5,0.3,0.25 362.419
0.5,0.3,0.3 262.521
0.5,0.3,0.35 525.137
0.5,0.3,0.4 279.694
0.5,0.3,0.45 9.78511
0.5,0.35,0 5.48663e-10
0.5,0.35,0.05 101.347
0.5,0.35,0.1 620.136
0.5,0.35,0.15 777.063
0.5,0.35,0.2 641.598
0.5,0.35,0.25 264.56
0.5,0.35,0.3 398.594
0.5,0.35,0.35 402.059
0.5,0.35,0.4 292.651
0.5,0.35,0.45 42.2096
0.5,0.35,0.5 0.00775124
0.5,0.4,0 5.75591e-10
0.5,0.4,0.05 51.7721
0.5,0.4,0.1 359.105
0.5,0.4,0.15 323.005
0.5,0.4,0.2 308.462
0.5,0.4,0.25 334.613
0.5,0.4,0.3 920.048
0.5,0.4,0.35 511.154
0.5,0.4,0.4 379.082
0.5,0.4,0.45 62.3605
0.5,0.4,0.5 0.460375
0.5,0.45,0 4.01778e-08
0.5,0.45,0.05 39.2372
0.5,0.45,0.1 265.058
0.5,0.45,0.15 356.186
0.5,0.45,0.2 663.554
0.5,0.45,0.25 589.996
0.5,0.45,0.3 524.39
0.5,0.45,0.35 485.335
0.5,0.45,0.4 581.618
0.5,0.45,0.45 126.449
0.5,0.45,0.5 0.71932
0.5,0.5,0 6.57567e-08
0.5,0.5,0.05 85.9083
0.5,0.5,0.1 456.171
0.5,0.5,0.15 489.871
0.5,0.5,0.2 634.026
0.5,0.5,0.25 612.059
0.5,0.5,0.3 521.605
0.5,0.5,0.35 707.55
0.5,0.5,0.4 841.654
0.5,0.5,0.45 132.224
0.5,0.5,0.5 0.0680487
0.5,0.55,0 6.10596e-09
0.5,0.55,0.05 46.7631
0.5,0.55,0.1 317.123
0.5,0.55,0.15 721.807
0.5,0.55,0.2 866.789
0.5,0.55,0.25 619.626
0.5,0.55,0.3 367.72
0.5,0.55,0.35 450.92
0.5,0.55,0.4 490.051
0.5,0.55,0.45 69.3196
0.5,0.55,0.5 0.218697
0.5,0.6,0 7.94165e-11
0.5,0.6,0.05 8.02329
0.5,0.6,0.1 108.893
0.5,0.6,0.15 411.066
0.5,0.6,0.2 603.679
0.5,0.6,0.25 541.191
0.5,0.6,0.3 251.99
0.5,0.6,0.35 149.995
0.5,0.6,0.4 241.441
0.5,0.6,0.45 99.4596
0.5,0.6,0.5 1.05025
0.5,0.65,0 1.78479e-11
0.5,0.65,0.05 6.28305
0.5,0.65,0.1 61.5701
0.5,0.65,0.15 245.761
0.5,0.65,0.2 422.231
0.5,0.65,0.25 357.653
0.5,0.65,0.3 413.971
0.5,0.65,0.35 108.601
0.5,0.65,0.4 167.125
0.5,0.65,0.45 67.3832
0.5,0.65,0.5 0.410749
0.5,0.7,0 4.11456e-12
0.5,0.7,0.05 0.408639
0.5,0.7,0.1 3.99099
0.5,0.7,0.15 62.8826
0.5,0.7,0.2 105.815
0.5,0.7,0.25 99.1675
0.5,0.7,0.3 459.727
0.5,0.7,0.35 306.317
0.5,0.7,0.4 82.5613
0.5,0.7,0.45 26.1207
0.5,0.7,0.5 0.122541
0.5,0.75,0 1.82775e-08
0.5,0.75,0.05 2.10251
0.5,0.75,0.1 8.42875
0.5,0.75,0.15 2.87895
0.5,0.75,0.2 0.557376
0.5,0.75,0.25 37.1128
0.5,0.75,0.3 258.245
0.5,0.75,0.35 164.747
0.5,0.75,0.4 10.874
0.5,0.75,0.45 0.95764
0.5,0.75,0.5 0.0194014
0.5,0.8,0 1.78866e-07
0.5,0.8,0.05 25.2937
0.5,0.8,0.1 100.719
0.5,0.8,0.15 26.3164
0.5,0.8,0.2 0.794456
0.5,0.8,0.25 0.871036
0.5,0.8,0.3 5.1947
0.5,0.8,0.35 2.39911
0.5,0.8,0.4 0.0751464
0.5,0.8,0.45 1.66062e-06
0.5,0.8,0.5 5.05824e-08
0.5,0.85,0 1.65992e-07
0.5,0.85,0.05 25.1649
0.5,0.85,0.1 100.107
0.5,0.85,0.15 25.0184
0.5,0.85,0.2 0.0807533
0.5,0.85,0.25 0.00107858
0.5,0.9,0 8.96276e-09
0.5,0.9,0.05 1.38416
0.5,0.9,0.1 5.50572
0.5,0.9,0.15 1.36874
0.55,0.1,0.05 0.0010502
0.55,0.1,0.1 0.0538955
0.55,0.1,0.15 0.125197
0.55,0.1,0.2 1.01371
0.55,0.1,0.25 1.34694
0.55,0.1,0.3 1.74135
0.55,0.1,0.35 1.1367
0.55,0.1,0.4 0.682009
0.55,0.1,0.45 0.0386109
0.55,0.15,0.05 0.398286
0.55,0.15,0.1 23.8877
0.55,0.15,0.15 54.1955
0.55,0.15,0.2 81.2302
0.55,0.15,0.25 104.129
0.55,0.15,0.3 71.7795
0.55,0.15,0.35 44.5859
0.55,0.15,0.4 27.6762
0.55,0.15,0.45 1.55826
0.55,0.2,0.05 0.996173
0.55,0.2,0.1 96.1367
0.55,0.2,0.15 361.552
0.55,0.2,0.2 434.569
0.55,0.2,0.25 583.219
0.55,0.2,0.3 374.696
0.55,0.2,0.35 211.592
0.55,0.2,0.4 85.8138
0.55,0.2,0.45 2.74372
0.55,0.25,0.05 6.22931
0.55,0.25,0.1 146.546
0.55,0.25,0.15 441.986
0.55,0.25,0.2 504.57
0.55,0.25,0.25 717.195
0.55,0.25,0.3 538.72
0.55,0.25,0.35 522.402
0.55,0.25,0.4 250.133
0.55,0.25,0.45 4.52309
0.55,0.3,0.05 29.0393
0.55,0.3,0.1 408.627
0.55,0.3,0.15 743.836
0.55,0.3,0.2 455.376
0.55,0.3,0.25 414.488
0.55,0.3,0.3 699.177
0.55,0.3,0.35 711.485
0.55,0.3,0.4 280.036
0.55,0.3,0.45 9.37403
0.55,0.35,0.05 29.2493
0.55,0.35,0.1 320.578
0.55,0.35,0.15 585.008
0.55,0.35,0.2 466.664
0.55,0.35,0.25 376.755
0.55,0.35,0.3 462.008
0.55,0.35,0.35 707.951
0.55,0.35,0.4 400.368
0.55,0.35,0.45 55.3079
0.55,0.4,0 1.03305e-11
0.55,0.4,0.05 20.7549
0.55,0.4,0.1 238.379
0.55,0.4,0.15 292.349
0.55,0.4,0.2 365.318
0.55,0.4,0.25 388.761
0.55,0.4,0.3 364.473
0.55,0.4,0.35 502.486
0.55,0.4,0.4 472.984
0.55,0.4,0.45 63.5337
0.55,0.4,0.5 0.000111021
0.55,0.45,0 7.21098e-10
0.55,0.45,0.05 15.7634
0.55,0.45,0.1 326.635
0.55,0.45,0.15 357.506
0.55,0.45,0.2 249.82
0.55,0.45,0.25 507.948
0.55,0.45,0.3 414.855
0.55,0.45,0.35 190.722
0.55,0.45,0.4 252.244
0.55,0.45,0.45 34.7305
0.55,0.45,0.5 0.00158442
0.55,0.5,0 1.18018e-09
0.55,0.5,0.05 32.6294
0.55,0.5,0.1 320.194
0.55,0.5,0.15 407.072
0.55,0.5,0.2 499.813
0.55,0.5,0.25 665.261
0.55,0.5,0.3 379.565
0.55,0.5,0.35 125.65
0.55,0.5,0.4 124.399
0.55,0.5,0.45 19.0997
0.55,0.5,0.5 0.00118157
0.55,0.55,0 1.09191e-10
0.55,0.55,0.05 35.4723
0.55,0.55,0.1 275.071
0.55,0.55,0.15 466.99
0.55,0.55,0.2 854.349
0.55,0.55,0.25 594.676
0.55,0.55,0.3 436.568
0.55,0.55,0.35 314.202
0.55,0.55,0.4 76.2231
0.55,0.55,0.45 6.18202
0.55,0.55,0.5 0.00120008
0.55,0.6,0.05 3.93288
0.55,0.6,0.1 211.58
0.55,0.6,0.15 476.647
0.55,0.6,0.2 337.657
0.55,0.6,0.25 396.644
0.55,0.6,0.3 451.133
0.55,0.6,0.35 208.026
0.55,0.6,0.4 15.1434
0.55,0.6,0.45 0.754349
0.55,0.6,0.5 0.00559169
0.55,0.65,0.05 0.52188
0.55,0.65,0.1 61.1987
0.55,0.65,0.15 140.478
0.55,0.65,0.2 83.9596
0.55,0.65,0.25 148.949
0.55,0.65,0.3 472.056
0.55,0.65,0.35 291.388
0.55,0.65,0.4 61.7713
0.55,0.65,0.45 1.58661
0.55,0.65,0.5 0.00167137
0.55,0.7,0.05 0.0145304
0.55,0.7,0.1 0.541894
0.55,0.7,0.15 29.6829
0.55,0.7,0.2 75.9703
0.55,0.7,0.25 89.937
0.55,0.7,0.3 617.384
0.55,0.7,0.35 546.451
0.55,0.7,0.4 71.925
0.55,0.7,0.45 1.11542
0.55,0.7,0.5 3.7447e-06
0.55,0.75,0 1.42316e-08
0.55,0.75,0.05 5.1168
0.55,0.75,0.1 30.0448
0.55,0.75,0.15 180.018
0.55,0.75,0.2 244.015
0.55,0.75,0.25 69.4739
0.55,0.75,0.3 249.67
0.55,0.75,0.35 209.991
0.55,0.75,0.4 16.0294
0.55,0.75,0.45 0.0294844
0.55,0.75,0.5 5.02301e-08
0.55,0.8,0 4.45739e-07
0.55,0.8,0.05 76.2778
0.55,0.8,0.1 318.894
0.55,0.8,0.15 258.817
0.55,0.8,0.2 163.799
0.55,0.8,0.25 19.6743
0.55,0.8,0.3 4.37195
0.55,0.8,0.35 2.55541
0.55,0.8,0.4 0.157904
0.55,0.8,0.45 0.000125347
0.55,0.85,0 5.23536e-07
0.55,0.85,0.05 85.9416
0.55,0.85,0.1 343.517
0.55,0.85,0.15 101.42
0.55,0.85,0.2 10.0926
0.55,0.85,0.25 0.26823
0.55,0.85,0.3 0.000309207
0.55,0.85,0.35 1.61727e-05
0.55,0.85,0.4 6.71514e-06
0.55,0.85,0.45 2.17861e-08
0.55,0.9,0 2.99175e-08
0.55,0.9,0.05 5.75367
0.55,0.9,0.1 22.9104
0.55,0.9,0.15 5.70167
0.55,0.95,0 6.1854e-18
0.55,0.95,0.05 1.37799e-05
0.55,0.95,0.1 5.5107e-05
0.55,0.95,0.15 1.37736e-05
0.6,0.1,0.05 0.00480932
0.6,0.1,0.1 0.245075
0.6,0.1,0.15 0.356792
0.6,0.1,0.2 0.0301578
0.6,0.1,0.25 0.077329
0.6,0.1,0.3 0.111147
0.6,0.1,0.35 0.00868519
0.6,0.15,0.05 1.82392
0.6,0.15,0.1 93.1698
0.6,0.15,0.15 136.72
0.6,0.15,0.2 16.2084
0.6,0.15,0.25 75.5494
0.6,0.15,0.3 74.4031
0.6,0.15,0.35 4.08312
0.6,0.15,0.4 2.31602e-06
0.6,0.15,0.45 3.16233e-08
0.6,0.2,0.05 4.56136
0.6,0.2,0.1 235.386
0.6,0.2,0.15 361.966
0.6,0.2,0.2 97.2851
0.6,0.2,0.25 416.121
0.6,0.2,0.3 325.619
0.6,0.2,0.35 65.3204
0.6,0.2,0.4 31.8451
0.6,0.2,0.45 0.452444
0.6,0.25,0.05 3.34384
0.6,0.25,0.1 85.7175
0.6,0.25,0.15 196.433
0.6,0.25,0.2 400.882
0.6,0.25,0.25 455.592
0.6,0.25,0.3 294.049
0.6,0.25,0.35 252.927
0.6,0.25,0.4 127.236
0.6,0.25,0.45 1.8253
0.6,0.3,0.05 9.67517
0.6,0.3,0.1 174.357
0.6,0.3,0.15 310.516
0.6,0.3,0.2 467.998
0.6,0.3,0.25 779.292
0.6,0.3,0.3 826.077
0.6,0.3,0.35 251.704
0.6,0.3,0.4 40.8765
0.6,0.3,0.45 0.806137
0.6,0.35,0.05 2.62122
0.6,0.35,0.1 90.4244
0.6,0.35,0.15 445.956
0.6,0.35,0.2 679.936
0.6,0.35,0.25 777.834
0.6,0.35,0.3 532.856
0.6,0.35,0.35 229.264
0.6,0.35,0.4 43.0648
0.6,0.35,0.45 3.79924
0.6,0.4,0.05 0.899636
0.6,0.4,0.1 95.5353
0.6,0.4,0.15 489.73
0.6,0.4,0.2 402.08
0.6,0.4,0.25 204.757
0.6,0.4,0.3 101.906
0.6,0.4,0.35 106.998
0.6,0.4,0.4 41.5799
0.6,0.4,0.45 4.17577
0.6,0.45,0.05 2.65749
0.6,0.45,0.1 140.173
0.6,0.45,0.15 484.224
0.6,0.45,0.2 211.703
0.6,0.45,0.25 377.946
0.6,0.45,0.3 456.5
0.6,0.45,0.35 59.8503
0.6,0.45,0.4 13.1349
0.6,0.45,0.45 1.17834
0.6,0.5,0.05 2.0406
0.6,0.5,0.1 199.506
0.6,0.5,0.15 605.955
0.6,0.5,0.2 363.128
0.6,0.5,0.25 641.79
0.6,0.5,0.3 536.283
0.6,0.5,0.35 94.5149
0.6,0.5,0.4 22.1742
0.6,0.5,0.45 0.294183
0.6,0.55,0.05 1.32651
0.6,0.55,0.1 64.716
0.6,0.55,0.15 169.786
0.6,0.55,0.2 273.061
0.6,0.55,0.25 646.833
0.6,0.55,0.3 607.463
0.6,0.55,0.35 181.888
0.6,0.55,0.4 44.8976
0.6,0.55,0.45 0.515951
0.6,0.6,0.05 0.693487
0.6,0.6,0.1 72.8966
0.6,0.6,0.15 143.481
0.6,0.6,0.2 156.475
0.6,0.6,0.25 661.068
0.6,0.6,0.3 1054.02
0.6,0.6,0.35 456.677
0.6,0.6,0.4 79.1338
0.6,0.6,0.45 0.436715
0.6,0.65,0.05 0.197331
0.6,0.65,0.1 22.9676
0.6,0.65,0.15 73.8371
0.6,0.65,0.2 233.811
0.6,0.65,0.25 239.548
0.6,0.65,0.3 537.72
0.6,0.65,0.35 653.574
0.6,0.65,0.4 269.185
0.6,0.65,0.45 5.68016
0.6,0.7,0.05 0.183675
0.6,0.7,0.1 1.81904
0.6,0.7,0.15 101.06
0.6,0.7,0.2 413.638
0.6,0.7,0.25 167.398
0.6,0.7,0.3 206.002
0.6,0.7,0.35 446.646
0.6,0.7,0.4 199.445
0.6,0.7,0.45 4.4412
0.6,0.75,0 2.96582e-09
0.6,0.75,0.05 37.8797
0.6,0.75,0.1 171.669
0.6,0.75,0.15 497.748
0.6,0.75,0.2 840.477
0.6,0.75,0.25 183.708
0.6,0.75,0.3 47.0089
0.6,0.75,0.35 195.674
0.6,0.75,0.4 71.6638
0.6,0.75,0.45 0.315011
0.6,0.8,0 9.28989e-08
0.6,0.8,0.05 115.578
0.6,0.8,0.1 492.258
0.6,0.8,0.15 512.351
0.6,0.8,0.2 470.785
0.6,0.8,0.25 85.8855
0.6,0.8,0.3 6.86396
0.6,0.8,0.35 44.4936
0.6,0.8,0.4 18.4267
0.6,0.8,0.45 0.0597477
0.6,0.85,0 1.09138e-07
0.6,0.85,0.05 107.203
0.6,0.85,0.1 431.412
0.6,0.85,0.15 138.946
0.6,0.85,0.2 20.6683
0.6,0.85,0.25 0.942191
0.6,0.85,0.3 0.00266901
0.6,0.85,0.35 0.00770885
0.6,0.85,0.4 0.00320083
0.6,0.85,0.45 1.03845e-05
0.6,0.9,0 6.24415e-09
0.6,0.9,0.05 22.228
0.6,0.9,0.1 88.871
0.6,0.9,0.15 22.2075
0.6,0.95,0 1.16048e-16
0.6,0.95,0.05 0.000258533
0.6,0.95,0.1 0.00103389
0.6,0.95,0.15 0.000258414
0.65,0.1,0.05 0.00137587
0.65,0.1,0.1 0.0701118
0.65,0.1,0.15 0.102067
0.65,0.1,0.2 0.0124911
0.65,0.1,0.25 0.222614
0.65,0.1,0.3 0.321974
0.65,0.1,0.35 0.0251647
0.65,0.15,0.05 0.521792
0.65,0.15,0.1 26.5896
0.65,0.15,0.15 38.7084
0.65,0.15,0.2 5.2203
0.65,0.15,0.25 95.3251
0.65,0.15,0.3 134.539
0.65,0.15,0.35 10.3439
0.65,0.15,0.4 3.95169e-08
0.65,0.15,0.45 5.61429e-10
0.65,0.2,0.05 1.30491
0.65,0.2,0.1 66.7802
0.65,0.2,0.15 119.172
0.65,0.2,0.2 58.0024
0.65,0.2,0.25 275.776
0.65,0.2,0.3 364.487
0.65,0.2,0.35 28.6204
0.65,0.2,0.4 0.565355
0.65,0.2,0.45 0.00803216
0.65,0.25,0.05 0.222059
0.65,0.25,0.1 13.1231
0.65,0.25,0.15 220.259
0.65,0.25,0.2 474.345
0.65,0.25,0.25 390.549
0.65,0.25,0.3 205.611
0.65,0.25,0.35 17.9
0.65,0.25,0.4 2.23363
0.65,0.25,0.45 0.0317324
0.65,0.3,0.05 0.078187
0.65,0.3,0.1 2.81957
0.65,0.3,0.15 125.388
0.65,0.3,0.2 469.316
0.65,0.3,0.25 618.925
0.65,0.3,0.3 253.884
0.65,0.3,0.35 27.2167
0.65,0.3,0.4 0.932713
0.65,0.3,0.45 0.00783527
0.65,0.35,0.05 0.0178501
0.65,0.35,0.1 9.93713
0.65,0.35,0.15 104.31
0.65,0.35,0.2 447.303
0.65,0.35,0.25 441.639
0.65,0.35,0.3 192.842
0.65,0.35,0.35 133.589
0.65,0.35,0.4 13.553
0.65,0.4,0.1 52.0298
0.65,0.4,0.15 310.036
0.65,0.4,0.2 330.498
0.65,0.4,0.25 290.223
0.65,0.4,0.3 208.608
0.65,0.4,0.35 187.93
0.65,0.4,0.4 18.2131
0.65,0.45,0.05 0.0168093
0.65,0.45,0.1 50.9805
0.65,0.45,0.15 450.913
0.65,0.45,0.2 512.345
0.65,0.45,0.25 379.626
0.65,0.45,0.3 624.838
0.65,0.45,0.35 333.829
0.65,0.45,0.4 20.7428
0.65,0.45,0.45 0.014301
0.65,0.5,0.05 0.0736202
0.65,0.5,0.1 48.1491
0.65,0.5,0.15 398.64
0.65,0.5,0.2 512.342
0.65,0.5,0.25 235.604
0.65,0.5,0.3 556.875
0.65,0.5,0.35 576.816
0.65,0.5,0.4 176.689
0.65,0.5,0.45 1.35209
0.65,0.55,0.05 0.0203785
0.65,0.55,0.1 8.17259
0.65,0.55,0.15 107.6
0.65,0.55,0.2 244.385
0.65,0.55,0.25 231.883
0.65,0.55,0.3 351.165
0.65,0.55,0.35 499.904
0.65,0.55,0.4 240.523
0.65,0.55,0.45 2.61893
0.65,0.6,0.05 0.00116491
0.65,0.6,0.1 0.138794
0.65,0.6,0.15 2.37378
0.65,0.6,0.2 21.2065
0.65,0.6,0.25 180.048
0.65,0.6,0.3 373.865
0.65,0.6,0.35 305.279
0.65,0.6,0.4 79.2067
0.65,0.6,0.45 0.398238
0.65,0.65,0.05 0.000369095
0.65,0.65,0.1 0.0429594
0.65,0.65,0.15 16.556
0.65,0.65,0.2 122.146
0.65,0.65,0.25 79.4829
0.65,0.65,0.3 156.591
0.65,0.65,0.35 369.775
0.65,0.65,0.4 115.741
0.65,0.65,0.45 1.40235
0.65,0.7,0.05 0.127119
0.65,0.7,0.1 0.698905
0.65,0.7,0.15 34.2872
0.65,0.7,0.2 189.2
0.65,0.7,0.25 78.5443
0.65,0.7,0.3 163.309
0.65,0.7,0.35 548.95
0.65,0.7,0.4 147.853
0.65,0.7,0.45 1.19503
0.65,0.75,0 2.74209e-22
0.65,0.75,0.05 25.9101
0.65,0.75,0.1 106.296
0.65,0.75,0.15 108.362
0.65,0.75,0.2 203.448
0.65,0.75,0.25 55.1062
0.65,0.75,0.3 92.591
0.65,0.75,0.35 488.236
0.65,0.75,0.4 179.21
0.65,0.75,0.45 0.548665
0.65,0.8,0 1.13268e-11
0.65,0.8,0.05 73.7338
0.65,0.8,0.1 298.592
0.65,0.8,0.15 129.994
0.65,0.8,0.2 99.2454
0.65,0.8,0.25 25.2696
0.65,0.8,0.3 17.0478
0.65,0.8,0.35 115.224
0.65,0.8,0.4 47.8428
0.65,0.8,0.45 0.155218
0.65,0.85,0 4.74438e-11
0.65,0.85,0.05 78.1876
0.65,0.85,0.1 313.051
0.65,0.85,0.15 81.8869
0.65,0.85,0.2 2.72121
