0.5,0.4,0.4 0.00156093
0.5,0.4,0.45 0.0829305
0.5,0.4,0.5 0.122728
0.5,0.4,0.55 0.0099057
0.5,0.45,0.4 0.42774
0.5,0.45,0.45 22.7254
0.5,0.45,0.5 33.631
0.5,0.45,0.55 2.71446
0.5,0.5,0.4 1.00695
0.5,0.5,0.45 53.4983
0.5,0.5,0.5 79.1713
0.5,0.5,0.55 6.39015
0.5,0.55,0.4 0.144791
0.5,0.55,0.45 7.69262
0.5,0.55,0.5 11.3842
0.5,0.55,0.55 0.918851
0.55,0.25,0.35 0.0127986
0.55,0.25,0.4 1.74004
0.55,0.25,0.45 3.5278
0.55,0.25,0.5 2.03384
0.55,0.25,0.55 7.78385
0.55,0.25,0.6 2.50841
0.55,0.25,0.65 0.00125671
0.55,0.3,0.3 0.000492291
0.55,0.3,0.35 0.106022
0.55,0.3,0.4 13.3634
0.55,0.3,0.45 27.3392
0.55,0.3,0.5 15.8686
0.55,0.3,0.55 55.309
0.55,0.3,0.6 17.7479
0.55,0.3,0.65 0.00889169
0.55,0.35,0.3 0.611366
0.55,0.35,0.35 4.33688
0.55,0.35,0.4 21.2939
0.55,0.35,0.45 31.5714
0.55,0.35,0.5 27.3353
0.55,0.35,0.55 33.5162
0.55,0.35,0.6 13.573
0.55,0.35,0.65 3.58743
0.55,0.35,0.7 0.262335
0.55,0.4,0.25 0.012108
0.55,0.4,0.3 1.95135
0.55,0.4,0.35 12.1539
0.55,0.4,0.4 28.7019
0.55,0.4,0.45 49.3047
0.55,0.4,0.5 105.116
0.55,0.4,0.55 51.3403
0.55,0.4,0.6 41.8212
0.55,0.4,0.65 34.2971
0.55,0.4,0.7 2.66327
0.55,0.45,0.25 0.430863
0.55,0.45,0.3 5.58908
0.55,0.45,0.35 5.97187
0.55,0.45,0.4 13.2935
0.55,0.45,0.45 134.27
0.55,0.45,0.5 209.578
0.55,0.45,0.55 64.3808
0.55,0.45,0.6 54.581
0.55,0.45,0.65 51.2716
0.55,0.45,0.7 6.7498
0.55,0.45,0.75 0.000453459
0.55,0.45,0.8 6.71289e-06
0.55,0.5,0.25 0.537965
0.55,0.5,0.3 8.13695
0.55,0.5,0.35 10.6102
0.55,0.5,0.4 30.4317
0.55,0.5,0.45 267.622
0.55,0.5,0.5 363.937
0.55,0.5,0.55 84.6338
0.55,0.5,0.6 67.291
0.55,0.5,0.65 55.2963
0.55,0.5,0.7 7.3923
0.55,0.5,0.75 0.148674
0.55,0.5,0.8 0.00220093
0.55,0.55,0.25 0.0355554
0.55,0.55,0.3 10.502
0.55,0.55,0.35 34.4518
0.55,0.55,0.4 20.9066
0.55,0.55,0.45 58.1813
0.55,0.55,0.5 105.885
0.55,0.55,0.55 45.9185
0.55,0.55,0.6 57.1638
0.55,0.55,0.65 53.5831
0.55,0.55,0.7 4.4813
0.55,0.55,0.75 0.362223
0.55,0.55,0.8 0.00536226
0.55,0.6,0.25 0.000691122
0.55,0.6,0.3 3.97912
0.55,0.6,0.35 14.0775
0.55,0.6,0.4 15.1508
0.55,0.6,0.45 22.4522
0.55,0.6,0.5 99.7729
0.55,0.6,0.55 93.361
0.55,0.6,0.6 49.0478
0.55,0.6,0.65 10.1611
0.55,0.6,0.7 0.68619
0.55,0.6,0.75 0.0541178
0.55,0.6,0.8 0.000801146
0.55,0.65,0.25 1.68132e-06
0.55,0.65,0.3 0.00968019
0.55,0.65,0.35 1.09407
0.55,0.65,0.4 16.2126
0.55,0.65,0.45 20.8919
0.55,0.65,0.5 86.6082
0.55,0.65,0.55 97.1843
0.55,0.65,0.6 45.6459
0.55,0.65,0.65 1.72986
0.55,0.7,0.35 0.0877244
0.55,0.7,0.4 1.33913
0.55,0.7,0.45 1.8705
0.55,0.7,0.5 8.65681
0.55,0.7,0.55 7.77646
0.55,0.7,0.6 2.66489
0.55,0.7,0.65 0.0999247
0.6,0.15,0.4 1.64325e-05
0.6,0.15,0.45 0.000252449
0.6,0.15,0.5 0.00263391
0.6,0.15,0.55 0.0763275
0.6,0.15,0.6 0.0896549
0.6,0.15,0.65 0.00512437
0.6,0.2,0.35 0.00352472
0.6,0.2,0.4 0.0557361
0.6,0.2,0.45 0.550634
0.6,0.2,0.5 0.639847
0.6,0.2,0.55 6.72288
0.6,0.2,0.6 7.88392
0.6,0.2,0.65 0.450618
0.6,0.25,0.25 0.0144433
0.6,0.25,0.3 0.575109
0.6,0.25,0.35 0.929092
0.6,0.25,0.4 20.8642
0.6,0.25,0.45 46.49
0.6,0.25,0.5 26.9731
0.6,0.25,0.55 67.6944
0.6,0.25,0.6 31.5541
0.6,0.25,0.65 3.01597
0.6,0.25,0.7 2.21358
0.6,0.25,0.75 0.0965292
0.6,0.3,0.25 0.172689
0.6,0.3,0.3 6.89329
0.6,0.3,0.35 10.3911
0.6,0.3,0.4 160.751
0.6,0.3,0.45 375.491
0.6,0.3,0.5 280.141
0.6,0.3,0.55 413.284
0.6,0.3,0.6 127.066
0.6,0.3,0.65 49.9429
0.6,0.3,0.7 50.0506
0.6,0.3,0.75 2.20208
0.6,0.35,0.2 0.0160371
0.6,0.35,0.25 0.192091
0.6,0.35,0.3 20.1636
0.6,0.35,0.35 107.902
0.6,0.35,0.4 247.599
0.6,0.35,0.45 356.516
0.6,0.35,0.5 282.206
0.6,0.35,0.55 268.514
0.6,0.35,0.6 124.379
0.6,0.35,0.65 97.68
0.6,0.35,0.7 75.104
0.6,0.35,0.75 4.6043
0.6,0.35,0.8 0.0951124
0.6,0.4,0.2 0.37021
0.6,0.4,0.25 2.10702
0.6,0.4,0.3 50.4988
0.6,0.4,0.35 294.659
0.6,0.4,0.4 349.501
0.6,0.4,0.45 365.109
0.6,0.4,0.5 523.14
0.6,0.4,0.55 439.078
0.6,0.4,0.6 455.931
0.6,0.4,0.65 331.7
0.6,0.4,0.7 65.3648
0.6,0.4,0.75 17.3898
0.6,0.4,0.8 2.02953
0.6,0.45,0.2 0.370966
0.6,0.45,0.25 14.2663
0.6,0.45,0.3 161.444
0.6,0.45,0.35 158.734
0.6,0.45,0.4 144.897
0.6,0.45,0.45 375.769
0.6,0.45,0.5 536.267
0.6,0.45,0.55 401.919
0.6,0.45,0.6 444.313
0.6,0.45,0.65 437.221
0.6,0.45,0.7 115.677
0.6,0.45,0.75 43.9464
0.6,0.45,0.8 2.32626
0.6,0.5,0.2 0.0161882
0.6,0.5,0.25 15.8192
0.6,0.5,0.3 207.868
0.6,0.5,0.35 195.685
0.6,0.5,0.4 339.105
0.6,0.5,0.45 537.596
0.6,0.5,0.5 338.801
0.6,0.5,0.55 441.894
0.6,0.5,0.6 504.34
0.6,0.5,0.65 432.764
0.6,0.5,0.7 169.603
0.6,0.5,0.75 66.7838
0.6,0.5,0.8 1.00853
0.6,0.55,0.25 1.10194
0.6,0.55,0.3 119.479
0.6,0.55,0.35 373.788
0.6,0.55,0.4 306.868
0.6,0.55,0.45 370.458
0.6,0.55,0.5 405.482
0.6,0.55,0.55 405.54
0.6,0.55,0.6 535.515
0.6,0.55,0.65 401.603
0.6,0.55,0.7 198.088
0.6,0.55,0.75 91.1865
0.6,0.55,0.8 1.33804
0.6,0.6,0.25 0.900825
0.6,0.6,0.3 61.8771
0.6,0.6,0.35 173.001
0.6,0.6,0.4 219.427
0.6,0.6,0.45 236.514
0.6,0.6,0.5 542.889
0.6,0.6,0.55 515.236
0.6,0.6,0.6 315.153
0.6,0.6,0.65 85.5233
0.6,0.6,0.7 37.2192
0.6,0.6,0.75 13.6047
0.6,0.6,0.8 0.19759
0.6,0.65,0.25 0.995479
0.6,0.65,0.3 21.9656
0.6,0.65,0.35 37.3877
0.6,0.65,0.4 237.686
0.6,0.65,0.45 230.591
0.6,0.65,0.5 404.465
0.6,0.65,0.55 463.157
0.6,0.65,0.6 253.742
0.6,0.65,0.65 79.0913
0.6,0.65,0.7 32.5575
0.6,0.65,0.75 0.195841
0.6,0.7,0.25 0.0522294
0.6,0.7,0.3 1.14595
0.6,0.7,0.35 4.25385
0.6,0.7,0.4 41.2817
0.6,0.7,0.45 35.3035
0.6,0.7,0.5 52.2347
0.6,0.7,0.55 75.732
0.6,0.7,0.6 34.1105
0.6,0.7,0.65 51.3177
0.6,0.7,0.7 23.9397
0.6,0.7,0.75 0.143817
0.6,0.75,0.35 1.91568
0.6,0.75,0.4 23.0391
0.6,0.75,0.45 15.2667
0.6,0.75,0.5 3.77409
0.6,0.75,0.55 16.8451
0.6,0.75,0.6 5.2388
0.6,0.75,0.65 1.17158
0.6,0.75,0.7 0.554803
0.6,0.75,0.75 0.00333296
0.6,0.8,0.35 0.0980517
0.6,0.8,0.4 1.17925
0.6,0.8,0.45 0.780887
0.6,0.8,0.5 0.0297806
0.6,0.8,0.55 0.0732792
0.6,0.8,0.6 0.0221393
0.6,0.8,0.65 4.70966e-06
0.65,0.15,0.25 0.000151961
0.65,0.15,0.3 0.0605629
0.65,0.15,0.35 0.152759
0.65,0.15,0.4 0.0382281
0.65,0.15,0.45 1.65681
0.65,0.15,0.5 3.26702
0.65,0.15,0.55 1.62605
0.65,0.15,0.6 1.48191
0.65,0.15,0.65 0.222221
0.65,0.15,0.7 0.0932621
0.65,0.15,0.75 0.00175399
0.65,0.2,0.25 0.00150737
0.65,0.2,0.3 0.600754
0.65,0.2,0.35 5.24648
0.65,0.2,0.4 25.3047
0.65,0.2,0.45 69.832
0.65,0.2,0.5 63.2355
0.65,0.2,0.55 113.376
0.65,0.2,0.6 129.888
0.65,0.2,0.65 12.0556
0.65,0.2,0.7 3.12161
0.65,0.2,0.75 0.0593351
0.65,0.2,0.8 9.26098e-05
0.65,0.25,0.25 0.333929
0.65,0.25,0.3 13.6137
0.65,0.25,0.35 41.7137
0.65,0.25,0.4 162.596
0.65,0.25,0.45 275.232
0.65,0.25,0.5 199.811
0.65,0.25,0.55 267.09
0.65,0.25,0.6 254.652
0.65,0.25,0.65 31.7482
0.65,0.25,0.7 23.1021
0.65,0.25,0.75 15.2211
0.65,0.25,0.8 2.13378
0.65,0.3,0.25 4.0005
0.65,0.3,0.3 160.603
0.65,0.3,0.35 224.147
0.65,0.3,0.4 271.347
0.65,0.3,0.45 633.298
0.65,0.3,0.5 584.814
0.65,0.3,0.55 468.46
0.65,0.3,0.6 180.116
0.65,0.3,0.65 235.66
0.65,0.3,0.7 258.244
0.65,0.3,0.75 62.7975
0.65,0.3,0.8 7.65711
0.65,0.35,0.2 1.38955
0.65,0.35,0.25 9.76687
0.65,0.35,0.3 179.523
0.65,0.35,0.35 379.413
0.65,0.35,0.4 441.581
0.65,0.35,0.45 539.062
0.65,0.35,0.5 423.994
0.65,0.35,0.55 301.092
0.65,0.35,0.6 155.513
0.65,0.35,0.65 411.201
0.65,0.35,0.7 451.628
0.65,0.35,0.75 52.1341
0.65,0.35,0.8 3.57869
0.65,0.4,0.15 0.000162064
0.65,0.4,0.2 32.1035
0.65,0.4,0.25 152.885
0.65,0.4,0.3 167.15
0.65,0.4,0.35 502.328
0.65,0.4,0.4 548.161
0.65,0.4,0.45 305.515
0.65,0.4,0.5 520.212
0.65,0.4,0.55 649.479
0.65,0.4,0.6 517.812
0.65,0.4,0.65 420.785
0.65,0.4,0.7 426.19
0.65,0.4,0.75 265.367
0.65,0.4,0.8 35.0261
0.65,0.45,0.15 0.0512287
0.65,0.45,0.2 39.9481
0.65,0.45,0.25 185.347
0.65,0.45,0.3 252.942
0.65,0.45,0.35 217.901
0.65,0.45,0.4 281.015
0.65,0.45,0.45 440.136
0.65,0.45,0.5 735.895
0.65,0.45,0.55 540.936
0.65,0.45,0.6 432.686
0.65,0.45,0.65 440.652
0.65,0.45,0.7 460.197
0.65,0.45,0.75 405.347
0.65,0.45,0.8 40.3864
0.65,0.5,0.15 0.882445
0.65,0.5,0.2 43.7493
0.65,0.5,0.25 114.331
0.65,0.5,0.3 403.015
0.65,0.5,0.35 315.663
0.65,0.5,0.4 528.797
0.65,0.5,0.45 541.553
0.65,0.5,0.5 419.339
0.65,0.5,0.55 605.846
0.65,0.5,0.6 500.269
0.65,0.5,0.65 485.942
0.65,0.5,0.7 564.995
0.65,0.5,0.75 321.171
0.65,0.5,0.8 19.1528
0.65,0.55,0.15 1.74254
0.65,0.55,0.2 56.523
0.65,0.55,0.25 81.4553
0.65,0.55,0.3 217.864
0.65,0.55,0.35 541.748
0.65,0.55,0.4 531.465
0.65,0.55,0.45 404.841
0.65,0.55,0.5 538.526
0.65,0.55,0.55 635.618
0.65,0.55,0.6 487.123
0.65,0.55,0.65 502.585
0.65,0.55,0.7 635.675
0.65,0.55,0.75 276.183
0.65,0.55,0.8 9.37686
0.65,0.6,0.15 0.235267
0.65,0.6,0.2 7.33916
0.65,0.6,0.25 17.1885
0.65,0.6,0.3 263.955
0.65,0.6,0.35 497.468
0.65,0.6,0.4 353.017
0.65,0.6,0.45 268.525
0.65,0.6,0.5 550.639
0.65,0.6,0.55 444.374
0.65,0.6,0.6 303.29
0.65,0.6,0.65 185.55
0.65,0.6,0.7 162.525
0.65,0.6,0.75 47.9431
0.65,0.6,0.8 1.68767
0.65,0.65,0.25 9.48068
0.65,0.65,0.3 217.895
0.65,0.65,0.35 270.99
0.65,0.65,0.4 402.174
0.65,0.65,0.45 364.856
0.65,0.65,0.5 518.474
0.65,0.65,0.55 425.099
0.65,0.65,0.6 428.507
0.65,0.65,0.65 366.107
0.65,0.65,0.7 177.454
0.65,0.65,0.75 28.3792
0.65,0.65,0.8 1.93749
0.65,0.7,0.25 0.498221
0.65,0.7,0.3 11.595
0.65,0.7,0.35 41.6141
0.65,0.7,0.4 314.096
0.65,0.7,0.45 296.797
0.65,0.7,0.5 229.195
0.65,0.7,0.55 414.72
0.65,0.7,0.6 193.695
0.65,0.7,0.65 246.555
0.65,0.7,0.7 136.969
0.65,0.7,0.75 28.6932
0.65,0.7,0.8 1.98442
0.65,0.75,0.35 19.7918
0.65,0.75,0.4 243.185
0.65,0.75,0.45 229.348
0.65,0.75,0.5 89.8848
0.65,0.75,0.55 165.118
0.65,0.75,0.6 50.5041
0.65,0.75,0.65 7.61209
0.65,0.75,0.7 5.79769
0.65,0.75,0.75 1.38767
0.65,0.75,0.8 0.0900483
0.65,0.8,0.35 1.02064
0.65,0.8,0.4 12.5029
0.65,0.8,0.45 10.5447
0.65,0.8,0.5 2.2814
0.65,0.8,0.55 2.05096
0.65,0.8,0.6 0.650301
0.65,0.8,0.65 0.0328453
0.65,0.8,0.7 0.0349307
0.65,0.8,0.75 0.00172397
0.65,0.85,0.35 1.2396e-06
0.65,0.85,0.4 2.24762e-05
0.65,0.85,0.45 1.95608e-05
0.65,0.85,0.5 6.52993e-07
0.7,0.15,0.25 0.0172891
0.7,0.15,0.3 6.89047
0.7,0.15,0.35 17.5767
0.7,0.15,0.4 5.77799
0.7,0.15,0.45 28.7724
0.7,0.15,0.5 52.2119
0.7,0.15,0.55 7.15058
0.7,0.15,0.6 1.76091
0.7,0.15,0.65 4.58206
0.7,0.15,0.7 3.02444
0.7,0.15,0.75 0.0570371
0.7,0.2,0.2 0.0163956
0.7,0.2,0.25 0.331114
0.7,0.2,0.3 68.44
0.7,0.2,0.35 186.353
0.7,0.2,0.4 142.433
0.7,0.2,0.45 309.671
0.7,0.2,0.5 382.874
0.7,0.2,0.55 148.818
0.7,0.2,0.6 183.753
0.7,0.2,0.65 168.304
0.7,0.2,0.7 101.229
0.7,0.2,0.75 1.91145
0.7,0.2,0.8 0.000710692
0.7,0.25,0.2 1.7511
0.7,0.25,0.25 17.4967
0.7,0.25,0.3 63.8116
0.7,0.25,0.35 189.647
0.7,0.25,0.4 467.853
0.7,0.25,0.45 577.838
0.7,0.25,0.5 447.985
