0.45,0.15,0.2 327.852
0.45,0.15,0.25 315.887
0.45,0.15,0.3 384.556
0.45,0.15,0.35 126.333
0.45,0.15,0.4 0.246981
0.45,0.2,0 6.96901e-11
0.45,0.2,0.05 154.524
0.45,0.2,0.1 657.331
0.45,0.2,0.15 258.7
0.45,0.2,0.2 296.109
0.45,0.2,0.25 357.25
0.45,0.2,0.3 133.074
0.45,0.2,0.35 14.3146
0.45,0.2,0.4 0.0210783
0.45,0.25,0 2.97731e-10
0.45,0.25,0.05 116.422
0.45,0.25,0.1 470.254
0.45,0.25,0.15 199.491
0.45,0.25,0.2 277.527
0.45,0.25,0.25 380.81
0.45,0.25,0.3 93.9041
0.45,0.25,0.35 0.282536
0.45,0.3,0 8.81692e-10
0.45,0.3,0.05 137.784
0.45,0.3,0.1 573.995
0.45,0.3,0.15 549.2
0.45,0.3,0.2 703.95
0.45,0.3,0.25 219.524
0.45,0.3,0.3 29.2756
0.45,0.3,0.35 3.27556
0.45,0.3,0.4 0.618196
0.45,0.3,0.45 0.00110685
0.45,0.35,0 4.29023e-10
0.45,0.35,0.05 143.364
0.45,0.35,0.1 587.137
0.45,0.35,0.15 418.516
0.45,0.35,0.2 550.656
0.45,0.35,0.25 428.64
0.45,0.35,0.3 416.5
0.45,0.35,0.35 146.194
0.45,0.35,0.4 10.8138
0.45,0.35,0.45 0.0135357
0.45,0.4,0 8.27625e-11
0.45,0.4,0.05 76.7309
0.45,0.4,0.1 317.816
0.45,0.4,0.15 258.046
0.45,0.4,0.2 317.391
0.45,0.4,0.25 347.584
0.45,0.4,0.3 770.716
0.45,0.4,0.35 421.467
0.45,0.4,0.4 32.8988
0.45,0.4,0.45 0.759818
0.45,0.45,0 1.20432e-10
0.45,0.45,0.05 73.9862
0.45,0.45,0.1 341.977
0.45,0.45,0.15 497.139
0.45,0.45,0.2 450.699
0.45,0.45,0.25 575.278
0.45,0.45,0.3 562.188
0.45,0.45,0.35 252.226
0.45,0.45,0.4 84.9634
0.45,0.45,0.45 4.24269
0.45,0.5,0 8.52769e-10
0.45,0.5,0.05 115.365
0.45,0.5,0.1 485.375
0.45,0.5,0.15 393.073
0.45,0.5,0.2 688.038
0.45,0.5,0.25 534.112
0.45,0.5,0.3 786.344
0.45,0.5,0.35 770.335
0.45,0.5,0.4 275.966
0.45,0.5,0.45 18.343
0.45,0.55,0 4.45494e-09
0.45,0.55,0.05 109.735
0.45,0.55,0.1 451.904
0.45,0.55,0.15 329.873
0.45,0.55,0.2 585.871
0.45,0.55,0.25 239.699
0.45,0.55,0.3 528.853
0.45,0.55,0.35 682.768
0.45,0.55,0.4 246.037
0.45,0.55,0.45 16.5358
0.45,0.6,0 1.45697e-08
0.45,0.6,0.05 141.347
0.45,0.6,0.1 575.74
0.45,0.6,0.15 365.848
0.45,0.6,0.2 779.062
0.45,0.6,0.25 287.857
0.45,0.6,0.3 48.9117
0.45,0.6,0.35 48.9194
0.45,0.6,0.4 11.8787
0.45,0.6,0.45 0.686277
0.45,0.65,0 4.32448e-09
0.45,0.65,0.05 84.1836
0.45,0.65,0.1 373.258
0.45,0.65,0.15 182.595
0.45,0.65,0.2 289.889
0.45,0.65,0.25 105.643
0.45,0.65,0.3 25.1776
0.45,0.65,0.35 4.48497
0.45,0.65,0.4 1.4295
0.45,0.65,0.45 0.0556663
0.45,0.7,0 1.04913e-10
0.45,0.7,0.05 6.53752
0.45,0.7,0.1 38.7104
0.45,0.7,0.15 25.4418
0.45,0.7,0.2 21.4728
0.45,0.7,0.25 45.615
0.45,0.7,0.3 50.0228
0.45,0.7,0.35 3.65932
0.45,0.7,0.4 0.159295
0.45,0.7,0.45 0.00620311
0.45,0.75,0 2.42916e-07
0.45,0.75,0.05 25.032
0.45,0.75,0.1 103.679
0.45,0.75,0.15 43.8593
0.45,0.75,0.2 9.52106
0.45,0.75,0.25 99.1635
0.45,0.75,0.3 126.692
0.45,0.75,0.35 8.38538
0.45,0.8,0 7.85732e-07
0.45,0.8,0.05 80.9672
0.45,0.8,0.1 322.339
0.45,0.8,0.15 82.3793
0.45,0.8,0.2 1.14608
0.45,0.8,0.25 16.6162
0.45,0.8,0.3 21.4167
0.45,0.8,0.35 1.41769
0.45,0.85,0 1.58594e-07
0.45,0.85,0.05 16.3439
0.45,0.85,0.1 64.9577
0.45,0.85,0.15 16.1356
0.45,0.85,0.2 0.000271601
0.45,0.85,0.25 0.000546186
0.45,0.85,0.3 6.54439e-05
0.45,0.9,0 1.66874e-12
0.45,0.9,0.05 0.000257712
0.45,0.9,0.1 0.00102509
0.45,0.9,0.15 0.00025484
0.5,0.05,0.15 4.69787e-06
0.5,0.05,0.2 0.000954505
0.5,0.05,0.25 0.289614
0.5,0.05,0.3 1.78092
0.5,0.05,0.35 0.680843
0.5,0.05,0.4 0.00136902
0.5,0.1,0 1.10497e-13
0.5,0.1,0.05 5.4528
0.5,0.1,0.1 21.8868
0.5,0.1,0.15 12.6375
0.5,0.1,0.2 28.0716
0.5,0.1,0.25 59.67
0.5,0.1,0.3 145.753
0.5,0.1,0.35 42.9059
0.5,0.1,0.4 0.0808686
0.5,0.15,0 3.05764e-11
0.5,0.15,0.05 37.516
0.5,0.15,0.1 151.48
0.5,0.15,0.15 163.2
0.5,0.15,0.2 512.899
0.5,0.15,0.25 590.96
0.5,0.15,0.3 630.964
0.5,0.15,0.35 100.372
0.5,0.15,0.4 0.124658
0.5,0.2,0 8.15476e-11
0.5,0.2,0.05 113.254
0.5,0.2,0.1 460.331
0.5,0.2,0.15 421.906
0.5,0.2,0.2 831.343
0.5,0.2,0.25 663.616
0.5,0.2,0.3 459.876
0.5,0.2,0.35 46.5704
0.5,0.2,0.4 0.0306896
0.5,0.25,0 1.23696e-10
0.5,0.25,0.05 100.827
0.5,0.25,0.1 412.113
0.5,0.25,0.15 342.027
0.5,0.25,0.2 468.762
0.5,0.25,0.25 436.897
0.5,0.25,0.3 160
0.5,0.25,0.35 10.5076
0.5,0.25,0.4 0.0528439
0.5,0.3,0 7.79229e-10
0.5,0.3,0.05 158.178
0.5,0.3,0.1 673.141
0.5,0.3,0.15 773.561
0.5,0.3,0.2 623.372
0.5,0.3,0.25 208.835
0.5,0.3,0.3 66.6332
0.5,0.3,0.35 24.7628
0.5,0.3,0.4 8.71863
0.5,0.3,0.45 0.0155949
0.5,0.35,0 1.08357e-09
0.5,0.35,0.05 184.309
0.5,0.35,0.1 760.764
0.5,0.35,0.15 580.028
0.5,0.35,0.2 529.309
0.5,0.35,0.25 107.348
0.5,0.35,0.3 145.025
0.5,0.35,0.35 348.662
0.5,0.35,0.4 108.732
0.5,0.35,0.45 0.19071
0.5,0.4,0 8.55786e-10
0.5,0.4,0.05 97.0878
0.5,0.4,0.1 392.249
0.5,0.4,0.15 290.966
0.5,0.4,0.2 390.085
0.5,0.4,0.25 238.24
0.5,0.4,0.3 595.849
0.5,0.4,0.35 531.437
0.5,0.4,0.4 80.618
0.5,0.4,0.45 0.127664
0.5,0.45,0 1.66423e-09
0.5,0.45,0.05 106.812
0.5,0.45,0.1 434.061
0.5,0.45,0.15 337.067
0.5,0.45,0.2 453.907
0.5,0.45,0.25 533.347
0.5,0.45,0.3 371.717
0.5,0.45,0.35 144.764
0.5,0.45,0.4 10.0006
0.5,0.45,0.45 0.445515
0.5,0.5,0 4.99493e-09
0.5,0.5,0.05 145.826
0.5,0.5,0.1 586.825
0.5,0.5,0.15 383.59
0.5,0.5,0.2 546.76
0.5,0.5,0.25 288.523
0.5,0.5,0.3 165.292
0.5,0.5,0.35 200.528
0.5,0.5,0.4 130.056
0.5,0.5,0.45 9.34409
0.5,0.55,0 4.86634e-09
0.5,0.55,0.05 165.094
0.5,0.55,0.1 712.993
0.5,0.55,0.15 672.07
0.5,0.55,0.2 861.057
0.5,0.55,0.25 119.243
0.5,0.55,0.3 145.612
0.5,0.55,0.35 243.462
0.5,0.55,0.4 127.572
0.5,0.55,0.45 8.89553
0.5,0.6,0 5.14495e-10
0.5,0.6,0.05 67.9946
0.5,0.6,0.1 387.069
0.5,0.6,0.15 426.84
0.5,0.6,0.2 547.705
0.5,0.6,0.25 81.9563
0.5,0.6,0.3 14.4193
0.5,0.6,0.35 20.0234
0.5,0.6,0.4 5.71994
0.5,0.6,0.45 0.353389
0.5,0.65,0 1.70789e-10
0.5,0.65,0.05 76.4132
0.5,0.65,0.1 451.953
0.5,0.65,0.15 292.381
0.5,0.65,0.2 210.634
0.5,0.65,0.25 27.4959
0.5,0.65,0.3 0.0466596
0.5,0.65,0.35 1.22999e-05
0.5,0.7,0 7.57392e-12
0.5,0.7,0.05 20.0835
0.5,0.7,0.1 157.759
0.5,0.7,0.15 332.567
0.5,0.7,0.2 220.71
0.5,0.7,0.25 16.2398
0.5,0.7,0.3 0.122071
0.5,0.7,0.35 0.00807973
0.5,0.75,0 1.82802e-08
0.5,0.75,0.05 8.34521
0.5,0.75,0.1 103.801
0.5,0.75,0.15 331.94
0.5,0.75,0.2 101.418
0.5,0.75,0.25 1.24347
0.5,0.75,0.3 0.333159
0.5,0.75,0.35 0.022056
0.5,0.8,0 1.78869e-07
0.5,0.8,0.05 31.8905
0.5,0.8,0.1 135.919
0.5,0.8,0.15 71.6498
0.5,0.8,0.2 11.2675
0.5,0.8,0.25 0.0442983
0.5,0.8,0.3 0.0563261
0.5,0.8,0.35 0.00372894
0.5,0.85,0 1.65992e-07
0.5,0.85,0.05 25.4838
0.5,0.85,0.1 101.369
0.5,0.85,0.15 25.2017
0.5,0.9,0 8.96276e-09
0.5,0.9,0.05 1.38416
0.5,0.9,0.1 5.50572
0.5,0.9,0.15 1.36874
0.55,0.05,0.25 0.00220605
0.55,0.05,0.3 0.013663
0.55,0.05,0.35 0.00522419
0.55,0.05,0.4 1.05047e-05
0.55,0.1,0 3.96451e-12
0.55,0.1,0.05 0.10197
0.55,0.1,0.1 1.12057
0.55,0.1,0.15 21.594
0.55,0.1,0.2 29.1184
0.55,0.1,0.25 28.3624
0.55,0.1,0.3 30.5155
0.55,0.1,0.35 2.24023
0.55,0.1,0.4 0.000620514
0.55,0.15,0 1.05437e-09
0.55,0.15,0.05 29.8672
0.55,0.15,0.1 124.731
0.55,0.15,0.15 197.269
0.55,0.15,0.2 297.821
0.55,0.15,0.25 316.524
0.55,0.15,0.3 310.54
0.55,0.15,0.35 24.8537
0.55,0.15,0.4 0.00163925
0.55,0.2,0 2.47191e-09
0.55,0.2,0.05 101.889
0.55,0.2,0.1 420.036
0.55,0.2,0.15 484.49
0.55,0.2,0.2 676.87
0.55,0.2,0.25 364.102
0.55,0.2,0.3 370.951
0.55,0.2,0.35 76.3545
0.55,0.2,0.4 0.356637
0.55,0.25,0 3.82844e-10
0.55,0.25,0.05 61.0152
0.55,0.25,0.1 263.339
0.55,0.25,0.15 520.54
0.55,0.25,0.2 727.984
0.55,0.25,0.25 785.533
0.55,0.25,0.3 570.512
0.55,0.25,0.35 147.064
0.55,0.25,0.4 0.950797
0.55,0.3,0 3.67589e-10
0.55,0.3,0.05 101.927
0.55,0.3,0.1 425.378
0.55,0.3,0.15 420.2
0.55,0.3,0.2 551.555
0.55,0.3,0.25 781.589
0.55,0.3,0.3 344.563
0.55,0.3,0.35 61.8176
0.55,0.3,0.4 6.6725
0.55,0.3,0.45 0.011529
0.55,0.35,0 1.67404e-09
0.55,0.35,0.05 146.091
0.55,0.35,0.1 601.46
0.55,0.35,0.15 212.151
0.55,0.35,0.2 172.533
0.55,0.35,0.25 180.772
0.55,0.35,0.3 82.0398
0.55,0.35,0.35 222.265
0.55,0.35,0.4 78.8337
0.55,0.35,0.45 0.140987
0.55,0.4,0 1.13906e-09
0.55,0.4,0.05 77.7994
0.55,0.4,0.1 316.006
0.55,0.4,0.15 122.021
0.55,0.4,0.2 117.845
0.55,0.4,0.25 173.554
0.55,0.4,0.3 125.778
0.55,0.4,0.35 169.601
0.55,0.4,0.4 53.0206
0.55,0.4,0.45 0.0943791
0.55,0.45,0 1.94604e-09
0.55,0.45,0.05 112.883
0.55,0.45,0.1 452.164
0.55,0.45,0.15 278.416
0.55,0.45,0.2 488.457
0.55,0.45,0.25 405.916
0.55,0.45,0.3 128.939
0.55,0.45,0.35 17.1777
0.55,0.45,0.4 1.14757
0.55,0.45,0.45 0.00600366
0.55,0.5,0 2.94974e-09
0.55,0.5,0.05 100.472
0.55,0.5,0.1 406.06
0.55,0.5,0.15 457.105
0.55,0.5,0.2 792.455
0.55,0.5,0.25 181.245
0.55,0.5,0.3 21.1276
0.55,0.5,0.35 1.24673
0.55,0.5,0.4 1.21965
0.55,0.5,0.45 0.0900244
0.55,0.55,0 1.91213e-09
0.55,0.55,0.05 64.2932
0.55,0.55,0.1 347.831
0.55,0.55,0.15 594.733
0.55,0.55,0.2 737.248
0.55,0.55,0.25 231.853
0.55,0.55,0.3 50.3374
0.55,0.55,0.35 1.3785
0.55,0.55,0.4 1.17849
0.55,0.55,0.45 0.0857028
0.55,0.6,0 7.97594e-11
0.55,0.6,0.05 52.2436
0.55,0.6,0.1 356.444
0.55,0.6,0.15 409.431
0.55,0.6,0.2 348.721
0.55,0.6,0.25 110.665
0.55,0.6,0.3 22.6131
0.55,0.6,0.35 0.108423
0.55,0.6,0.4 0.0496621
0.55,0.6,0.45 0.00340468
0.55,0.65,0 1.91449e-11
0.55,0.65,0.05 49.0807
0.55,0.65,0.1 288.573
0.55,0.65,0.15 468.001
0.55,0.65,0.2 698.181
0.55,0.65,0.25 135.479
0.55,0.65,0.3 0.391561
0.55,0.65,0.35 3.76617e-05
0.55,0.7,0 1.8518e-11
0.55,0.7,0.05 34.3141
0.55,0.7,0.1 299.964
0.55,0.7,0.15 727.609
0.55,0.7,0.2 745.711
0.55,0.7,0.25 112.503
0.55,0.7,0.3 0.0233916
0.55,0.75,0 1.43007e-08
0.55,0.75,0.05 72.3772
0.55,0.75,0.1 448.31
0.55,0.75,0.15 518.181
0.55,0.75,0.2 124.922
0.55,0.75,0.25 4.73696
0.55,0.75,0.3 5.98548e-06
0.55,0.8,0 4.45858e-07
0.55,0.8,0.05 145.099
0.55,0.8,0.1 593.133
0.55,0.8,0.15 188.441
0.55,0.8,0.2 10.1669
0.55,0.8,0.25 0.000542155
0.55,0.85,0 5.23551e-07
0.55,0.85,0.05 89.3176
0.55,0.85,0.1 355.453
0.55,0.85,0.15 88.4116
0.55,0.9,0 2.99179e-08
0.55,0.9,0.05 5.75641
0.55,0.9,0.1 22.9211
0.55,0.9,0.15 5.70429
0.55,0.95,0 9.51499e-18
0.55,0.95,0.05 1.11451e-05
0.55,0.95,0.1 4.45676e-05
0.55,0.95,0.15 1.11387e-05
0.6,0.1,0 4.9663e-12
0.6,0.1,0.05 0.127525
0.6,0.1,0.1 2.11867
0.6,0.1,0.15 47.5922
0.6,0.1,0.2 54.1528
0.6,0.1,0.25 3.52514
0.6,0.1,0.3 0.700703
0.6,0.1,0.35 0.0440192
0.6,0.15,0 1.32291e-09
0.6,0.15,0.05 35.9925
0.6,0.15,0.1 155.294
0.6,0.15,0.15 375.32
0.6,0.15,0.2 388.703
0.6,0.15,0.25 28.9829
0.6,0.15,0.3 10.7718
0.6,0.15,0.35 0.95018
0.6,0.15,0.4 0.000587291
0.6,0.2,0 3.15683e-09
0.6,0.2,0.05 138.563
0.6,0.2,0.1 566.428
0.6,0.2,0.15 395.277
0.6,0.2,0.2 273.537
0.6,0.2,0.25 133.956
0.6,0.2,0.3 245.149
0.6,0.2,0.35 59.9683
0.6,0.2,0.4 0.30658
0.6,0.25,0 5.17169e-10
0.6,0.25,0.05 79.4401
0.6,0.25,0.1 398.04
0.6,0.25,0.15 606.413
0.6,0.25,0.2 512.457
0.6,0.25,0.25 618.012
0.6,0.25,0.3 589.802
0.6,0.25,0.35 159.351
0.6,0.25,0.4 0.892788
0.6,0.3,0 1.05038e-10
0.6,0.3,0.05 21.984
0.6,0.3,0.1 248.815
0.6,0.3,0.15 571.278
0.6,0.3,0.2 675.431
0.6,0.3,0.25 774.105
0.6,0.3,0.3 551.296
0.6,0.3,0.35 175.526
0.6,0.3,0.4 0.889905
0.6,0.3,0.45 0.000270325
0.6,0.35,0 5.77581e-10
0.6,0.35,0.05 74.5298
0.6,0.35,0.1 612.199
0.6,0.35,0.15 465.298
0.6,0.35,0.2 259.61
0.6,0.35,0.25 247.22
0.6,0.35,0.3 174.87
0.6,0.35,0.35 71.9316
0.6,0.35,0.4 2.11087
0.6,0.35,0.45 0.0033058
0.6,0.4,0 2.65865e-10
0.6,0.4,0.05 45.6263
0.6,0.4,0.1 290.315
0.6,0.4,0.15 201.503
0.6,0.4,0.2 156.131
0.6,0.4,0.25 44.6504
0.6,0.4,0.3 5.02631
0.6,0.4,0.35 3.56722
0.6,0.4,0.4 1.23706
0.6,0.4,0.45 0.00221295
0.6,0.45,0 9.10978e-10
0.6,0.45,0.05 154.971
0.6,0.45,0.1 620.155
0.6,0.45,0.15 350.263
0.6,0.45,0.2 606.309
0.6,0.45,0.25 163.395
0.6,0.45,0.3 8.33131
0.6,0.45,0.35 0.0618286
0.6,0.45,0.4 0.0227081
0.6,0.45,0.45 4.06579e-05
0.6,0.5,0 1.86219e-09
0.6,0.5,0.05 144.193
0.6,0.5,0.1 579.978
0.6,0.5,0.15 349.544
0.6,0.5,0.2 590.284
0.6,0.5,0.25 225.105
0.6,0.5,0.3 19.0391
0.6,0.5,0.35 0.00581786
0.6,0.55,0 3.03679e-10
0.6,0.55,0.05 18.6229
0.6,0.55,0.1 114.901
0.6,0.55,0.15 421.962
0.6,0.55,0.2 463.57
0.6,0.55,0.25 426.727
0.6,0.55,0.3 117.688
0.6,0.55,0.35 0.0416946
0.6,0.6,0 2.95675e-12
0.6,0.6,0.05 8.06977
0.6,0.6,0.1 82.0843
0.6,0.6,0.15 541.773
0.6,0.6,0.2 663.641
0.6,0.6,0.25 311.575
0.6,0.6,0.3 54.7115
0.6,0.6,0.35 0.0187058
0.6,0.65,0 5.2024e-11
0.6,0.65,0.05 78.7794
0.6,0.65,0.1 465.6
0.6,0.65,0.15 662.724
0.6,0.65,0.2 853.987
0.6,0.65,0.25 277.481
0.6,0.65,0.3 3.34183
0.6,0.65,0.35 8.86254e-05
0.6,0.7,0 4.98896e-11
0.6,0.7,0.05 74.442
0.6,0.7,0.1 603.144
0.6,0.7,0.15 849.371
0.6,0.7,0.2 476.335
0.6,0.7,0.25 95.1076
0.6,0.7,0.3 0.264584
0.6,0.75,0 3.47513e-09
0.6,0.75,0.05 81.9481
0.6,0.75,0.1 517.531
0.6,0.75,0.15 470.285
0.6,0.75,0.2 67.4985
0.6,0.75,0.25 2.99761
0.6,0.75,0.3 0.00914694
0.6,0.8,0 9.40025e-08
0.6,0.8,0.05 157.212
0.6,0.8,0.1 650.57
0.6,0.8,0.15 218.359
0.6,0.8,0.2 12.0075
0.6,0.8,0.25 0.00739012
0.6,0.8,0.3 0.00017932
0.6,0.85,0 1.09315e-07
0.6,0.85,0.05 109.325
0.6,0.85,0.1 437.206
0.6,0.85,0.15 110.629
0.6,0.85,0.2 0.371884
0.6,0.9,0 6.2527e-09
0.6,0.9,0.05 22.1589
0.6,0.9,0.1 88.5901
0.6,0.9,0.15 22.1361
0.6,0.95,0 1.77506e-16
0.6,0.95,0.05 0.000207916
0.6,0.95,0.1 0.000831427
0.6,0.95,0.15 0.000207798
0.65,0.1,0 3.14048e-13
0.65,0.1,0.05 0.00806414
0.65,0.1,0.1 0.797469
0.65,0.1,0.15 23.101
0.65,0.1,0.2 26.6335
0.65,0.1,0.25 1.4779
0.65,0.15,0 8.5152e-11
0.65,0.15,0.05 3.70754
0.65,0.15,0.1 28.3785
0.65,0.15,0.15 268.64
0.65,0.15,0.2 297.525
0.65,0.15,0.25 20.5485
0.65,0.15,0.3 6.77498
0.65,0.15,0.35 0.649547
0.65,0.15,0.4 1.91322e-05
0.65,0.2,0 2.42249e-10
0.65,0.2,0.05 47.2198
0.65,0.2,0.1 230.642
0.65,0.2,0.15 286.968
0.65,0.2,0.2 210.939
0.65,0.2,0.25 136.363
0.65,0.2,0.3 210.084
0.65,0.2,0.35 21.248
0.65,0.2,0.4 0.00998749
0.65,0.25,0 8.0381e-11
0.65,0.25,0.05 49.6201
0.65,0.25,0.1 366.118
0.65,0.25,0.15 452.668
0.65,0.25,0.2 222.06
0.65,0.25,0.25 242.456
0.65,0.25,0.3 278.263
0.65,0.25,0.35 36.6903
0.65,0.25,0.4 0.0650995
0.65,0.3,0 2.98876e-12
0.65,0.3,0.05 10.8612
0.65,0.3,0.1 300.513
0.65,0.3,0.15 720.327
0.65,0.3,0.2 656.337
0.65,0.3,0.25 301.784
0.65,0.3,0.3 187.688
0.65,0.3,0.35 72.1679
0.65,0.3,0.4 0.28166
0.65,0.35,0 1.27621e-12
0.65,0.35,0.05 37.423
0.65,0.35,0.1 522.545
0.65,0.35,0.15 563.116
0.65,0.35,0.2 222.931
0.65,0.35,0.25 80.2446
0.65,0.35,0.3 72.5835
0.65,0.35,0.35 30.5858
0.65,0.35,0.4 0.120793
0.65,0.4,0 3.86336e-11
0.65,0.4,0.05 68.9684
