0.65,0.4,0.1 232.977
0.65,0.4,0.15 425.33
0.65,0.4,0.2 128.254
0.65,0.4,0.25 18.0784
0.65,0.4,0.3 1.74284
0.65,0.4,0.35 0.00585297
0.65,0.45,0 7.04498e-10
0.65,0.45,0.05 127.504
0.65,0.45,0.1 605.527
0.65,0.45,0.15 286.367
0.65,0.45,0.2 241.395
0.65,0.45,0.25 267.367
0.65,0.45,0.3 27.8788
0.65,0.45,0.35 0.00598215
0.65,0.5,0 1.44638e-10
0.65,0.5,0.05 41.73
0.65,0.5,0.1 302.146
0.65,0.5,0.15 224.552
0.65,0.5,0.2 259.62
0.65,0.5,0.25 325.467
0.65,0.5,0.3 119.924
0.65,0.5,0.35 8.56354
0.65,0.55,0.05 17.2252
0.65,0.55,0.1 172.11
0.65,0.55,0.15 112.008
0.65,0.55,0.2 155.947
0.65,0.55,0.25 446.648
0.65,0.55,0.3 332.339
0.65,0.55,0.35 25.6501
0.65,0.6,0 1.96043e-10
0.65,0.6,0.05 15.3221
0.65,0.6,0.1 142.055
0.65,0.6,0.15 84.1591
0.65,0.6,0.2 224.838
0.65,0.6,0.25 628.696
0.65,0.6,0.3 185.918
0.65,0.6,0.35 4.79291
0.65,0.65,0 3.69108e-09
0.65,0.65,0.05 13.2884
0.65,0.65,0.1 67.8944
0.65,0.65,0.15 70.6877
0.65,0.65,0.2 208.311
0.65,0.65,0.25 470.715
0.65,0.65,0.3 139.255
0.65,0.65,0.35 0.256712
0.65,0.7,0 3.28852e-09
0.65,0.7,0.05 11.504
0.65,0.7,0.1 64.6981
0.65,0.7,0.15 153.442
0.65,0.7,0.2 478.852
0.65,0.7,0.25 518.227
0.65,0.7,0.3 138.761
0.65,0.7,0.35 0.281967
0.65,0.75,0 4.44503e-10
0.65,0.75,0.05 26.5071
0.65,0.75,0.1 130.899
0.65,0.75,0.15 314.007
0.65,0.75,0.2 405.036
0.65,0.75,0.25 393.065
0.65,0.75,0.3 80.5743
0.65,0.75,0.35 0.0144712
0.65,0.8,0 7.41904e-10
0.65,0.8,0.05 73.1701
0.65,0.8,0.1 308.783
0.65,0.8,0.15 305.515
0.65,0.8,0.2 196.002
0.65,0.8,0.25 72.7856
0.65,0.8,0.3 15.1091
0.65,0.85,0 1.7205e-10
0.65,0.85,0.05 77.8794
0.65,0.85,0.1 312.027
0.65,0.85,0.15 86.8598
0.65,0.85,0.2 6.89989
0.65,0.85,0.25 0.174493
0.65,0.9,0 1.99767e-11
0.65,0.9,0.05 18.789
0.65,0.9,0.1 75.1345
0.65,0.9,0.15 18.7783
0.65,0.95,0 1.57188e-16
0.65,0.95,0.05 0.000184117
0.65,0.95,0.1 0.000736258
0.65,0.95,0.15 0.000184012
0.7,0.1,0.15 0.658548
0.7,0.1,0.2 3.26426
0.7,0.1,0.25 1.00953
0.7,0.1,0.3 0.000297691
0.7,0.15,0.05 0.0038985
0.7,0.15,0.1 0.0422343
0.7,0.15,0.15 11.9378
0.7,0.15,0.2 71.9302
0.7,0.15,0.25 27.4482
0.7,0.15,0.3 0.0730787
0.7,0.2,0.05 0.385057
0.7,0.2,0.1 4.17901
0.7,0.2,0.15 78.0027
0.7,0.2,0.2 440.446
0.7,0.2,0.25 170.757
0.7,0.2,0.3 0.571936
0.7,0.25,0.05 0.705242
0.7,0.25,0.1 9.86522
0.7,0.25,0.15 161.462
0.7,0.25,0.2 538.696
0.7,0.25,0.25 148.763
0.7,0.25,0.3 0.896494
0.7,0.3,0.05 0.081272
0.7,0.3,0.1 11.8237
0.7,0.3,0.15 136.794
0.7,0.3,0.2 179.841
0.7,0.3,0.25 42.3454
0.7,0.3,0.3 2.34336
0.7,0.35,0 1.41557e-14
0.7,0.35,0.05 0.254956
0.7,0.35,0.1 94.0803
0.7,0.35,0.15 282.985
0.7,0.35,0.2 144.025
0.7,0.35,0.25 36.7138
0.7,0.35,0.3 0.612322
0.7,0.4,0 6.09059e-11
0.7,0.4,0.05 9.3296
0.7,0.4,0.1 240.389
0.7,0.4,0.15 636.545
0.7,0.4,0.2 353.932
0.7,0.4,0.25 90.691
0.7,0.4,0.3 0.266689
0.7,0.45,0 2.00339e-10
0.7,0.45,0.05 33.5146
0.7,0.45,0.1 265.863
0.7,0.45,0.15 489.685
0.7,0.45,0.2 448.747
0.7,0.45,0.25 144.556
0.7,0.45,0.3 3.90877
0.7,0.45,0.35 0.000387019
0.7,0.5,0 4.11309e-11
0.7,0.5,0.05 17.8564
0.7,0.5,0.1 312.496
0.7,0.5,0.15 519.757
0.7,0.5,0.2 733.768
0.7,0.5,0.25 381.66
0.7,0.5,0.3 16.1737
0.7,0.5,0.35 0.554024
0.7,0.55,0.05 27.5117
0.7,0.55,0.1 288.37
0.7,0.55,0.15 222.932
0.7,0.55,0.2 484.68
0.7,0.55,0.25 522.724
0.7,0.55,0.3 69.1556
0.7,0.55,0.35 1.6595
0.7,0.6,0.05 24.3865
0.7,0.6,0.1 231.35
0.7,0.6,0.15 130.54
0.7,0.6,0.2 149.232
0.7,0.6,0.25 345.077
0.7,0.6,0.3 61.2828
0.7,0.6,0.35 0.313715
0.7,0.65,0.05 0.95531
0.7,0.65,0.1 9.06283
0.7,0.65,0.15 6.94835
0.7,0.65,0.2 34.7454
0.7,0.65,0.25 143.001
0.7,0.65,0.3 51.1711
0.7,0.65,0.35 0.110998
0.7,0.7,0 3.08274e-14
0.7,0.7,0.05 0.00239233
0.7,0.7,0.1 0.147173
0.7,0.7,0.15 11.5895
0.7,0.7,0.2 69.7117
0.7,0.7,0.25 147.327
0.7,0.7,0.3 51.3396
0.7,0.7,0.35 0.12205
0.7,0.75,0 6.0956e-12
0.7,0.75,0.05 0.473042
0.7,0.75,0.1 4.74966
0.7,0.75,0.15 45.7131
0.7,0.75,0.2 54.3071
0.7,0.75,0.25 35.1707
0.7,0.75,0.3 7.75928
0.7,0.75,0.35 0.00626568
0.7,0.8,0 2.01839e-09
0.7,0.8,0.05 11.2981
0.7,0.8,0.1 47.8185
0.7,0.8,0.15 51.1834
0.7,0.8,0.2 31.8489
0.7,0.8,0.25 5.53454
0.7,0.8,0.3 1.05325
0.7,0.85,0 8.01202e-09
0.7,0.85,0.05 41.2806
0.7,0.85,0.1 164.95
0.7,0.85,0.15 42.7025
0.7,0.85,0.2 1.19235
0.7,0.85,0.25 0.0301536
0.7,0.9,0 2.00013e-09
0.7,0.9,0.05 10.3149
0.7,0.9,0.1 41.1903
0.7,0.9,0.15 10.2803
0.7,0.95,0 5.43256e-18
0.7,0.95,0.05 6.36324e-06
0.7,0.95,0.1 2.54457e-05
0.7,0.95,0.15 6.35962e-06
0.75,0.15,0.15 2.51048
0.75,0.15,0.2 17.5476
0.75,0.15,0.25 7.48764
0.75,0.15,0.3 0.0279483
0.75,0.2,0.1 0.000620486
0.75,0.2,0.15 22.0704
0.75,0.2,0.2 147.555
0.75,0.2,0.25 61.6791
0.75,0.2,0.3 0.226039
0.75,0.25,0.1 0.00318827
0.75,0.25,0.15 18.8811
0.75,0.25,0.2 97.5926
0.75,0.25,0.25 35.0703
0.75,0.25,0.3 0.109472
0.75,0.3,0.05 0.0105427
0.75,0.3,0.1 2.4395
0.75,0.3,0.15 8.52462
0.75,0.3,0.2 10.5956
0.75,0.3,0.25 2.08722
0.75,0.3,0.3 0.000832153
0.75,0.35,0 9.93924e-19
0.75,0.35,0.05 0.422045
0.75,0.35,0.1 102.9
0.75,0.35,0.15 258.329
0.75,0.35,0.2 153.559
0.75,0.35,0.25 45.1869
0.75,0.35,0.3 0.084279
0.75,0.4,0 4.27642e-15
0.75,0.4,0.05 0.563076
0.75,0.4,0.1 149.765
0.75,0.4,0.15 418.752
0.75,0.4,0.2 391.306
0.75,0.4,0.25 125.618
0.75,0.4,0.3 0.23899
0.75,0.45,0 1.40665e-14
0.75,0.45,0.05 0.604758
0.75,0.45,0.1 32.5537
0.75,0.45,0.15 167.201
0.75,0.45,0.2 230.398
0.75,0.45,0.25 72.6299
0.75,0.45,0.3 1.10349
0.75,0.5,0 8.93546e-13
0.75,0.5,0.05 1.90572
0.75,0.5,0.1 43.1474
0.75,0.5,0.15 139.061
0.75,0.5,0.2 308.812
0.75,0.5,0.25 153.199
0.75,0.5,0.3 3.13748
0.75,0.55,0 2.19994e-11
0.75,0.55,0.05 10.988
0.75,0.55,0.1 62.4995
0.75,0.55,0.15 44.9483
0.75,0.55,0.2 167.114
0.75,0.55,0.25 130.44
0.75,0.55,0.3 8.33842
0.75,0.6,0 2.29927e-11
0.75,0.6,0.05 20.9928
0.75,0.6,0.1 96.6166
0.75,0.6,0.15 31.8265
0.75,0.6,0.2 27.6494
0.75,0.6,0.25 48.1937
0.75,0.6,0.3 6.21661
0.75,0.6,0.35 1.6787e-05
0.75,0.65,0 1.19587e-12
0.75,0.65,0.05 11.3651
0.75,0.65,0.1 45.9529
0.75,0.65,0.15 11.7486
0.75,0.65,0.2 0.640523
0.75,0.65,0.25 1.77728
0.75,0.65,0.3 0.371931
0.75,0.65,0.35 0.000461605
0.75,0.7,0 6.07228e-15
0.75,0.7,0.05 0.506462
0.75,0.7,0.1 2.02571
0.75,0.7,0.15 0.506394
0.75,0.7,0.2 0.0816688
0.75,0.7,0.25 0.523979
0.75,0.7,0.3 0.206956
0.75,0.7,0.35 0.00050791
0.75,0.75,0 2.65197e-11
0.75,0.75,0.05 0.114227
0.75,0.75,0.1 0.456068
0.75,0.75,0.15 0.113807
0.75,0.75,0.2 0.00419262
0.75,0.75,0.25 0.0268995
0.75,0.75,0.3 0.0106245
0.75,0.75,0.35 2.60746e-05
0.75,0.8,0 6.47176e-09
0.75,0.8,0.05 30.6451
0.75,0.8,0.1 122.361
0.75,0.8,0.15 30.5357
0.75,0.85,0 2.26947e-08
0.75,0.85,0.05 108.816
0.75,0.85,0.1 434.491
0.75,0.85,0.15 108.43
0.75,0.9,0 5.3693e-09
0.75,0.9,0.05 25.8896
0.75,0.9,0.1 103.375
0.75,0.9,0.15 25.7978
0.8,0.05,0 1.96048e-11
0.8,0.05,0.05 1.15495
0.8,0.05,0.1 4.61623
0.8,0.05,0.15 1.15317
0.8,0.1,0 2.31151e-10
0.8,0.1,0.05 13.6174
0.8,0.1,0.1 54.4276
0.8,0.1,0.15 13.5964
0.8,0.15,0 1.50684e-10
0.8,0.15,0.05 8.87703
0.8,0.15,0.1 35.4807
0.8,0.15,0.15 8.86961
0.8,0.15,0.2 0.0437947
0.8,0.15,0.25 0.0186874
0.8,0.15,0.3 6.97524e-05
0.8,0.2,0 2.58221e-12
0.8,0.2,0.05 0.152121
0.8,0.2,0.1 0.608017
0.8,0.2,0.15 0.202561
0.8,0.2,0.2 0.354201
0.8,0.2,0.25 0.151139
0.8,0.2,0.3 0.000564141
0.8,0.25,0.15 0.0245418
0.8,0.25,0.2 0.171541
0.8,0.25,0.25 0.0731972
0.8,0.25,0.3 0.000273215
0.8,0.3,0.05 0.00109528
0.8,0.3,0.1 0.253322
0.8,0.3,0.15 0.578105
0.8,0.3,0.2 0.0930082
0.8,0.3,0.25 0.00511455
0.8,0.3,0.3 1.04353e-05
0.8,0.35,0.05 0.044977
0.8,0.35,0.1 10.1253
0.8,0.35,0.15 24.4363
0.8,0.35,0.2 12.1806
0.8,0.35,0.25 3.40601
0.8,0.35,0.3 0.00635273
0.8,0.4,0 1.57474e-14
0.8,0.4,0.05 0.185249
0.8,0.4,0.1 18.4941
0.8,0.4,0.15 41.2422
0.8,0.4,0.2 29.6281
0.8,0.4,0.25 9.42958
0.8,0.4,0.3 0.0176067
0.8,0.45,0 1.17854e-12
0.8,0.45,0.05 0.484639
0.8,0.45,0.1 11.1957
0.8,0.45,0.15 15.9418
0.8,0.45,0.2 6.18468
0.8,0.45,0.25 1.83059
0.8,0.45,0.3 0.00740922
0.8,0.5,0 9.62276e-12
0.8,0.5,0.05 3.2036
0.8,0.5,0.1 13.6669
0.8,0.5,0.15 4.87339
0.8,0.5,0.2 1.31091
0.8,0.5,0.25 0.579064
0.8,0.5,0.3 0.0107465
0.8,0.55,0 1.89067e-10
0.8,0.55,0.05 70.5956
0.8,0.55,0.1 282.268
0.8,0.55,0.15 70.5983
0.8,0.55,0.2 0.483819
0.8,0.55,0.25 0.262119
0.8,0.55,0.3 0.00299833
0.8,0.6,0 1.97184e-10
0.8,0.6,0.05 140.991
0.8,0.6,0.1 563.826
0.8,0.6,0.15 140.925
0.8,0.6,0.2 0.0280691
0.8,0.6,0.25 0.0145568
0.8,0.6,0.3 0.000123448
0.8,0.65,0 1.01062e-11
0.8,0.65,0.05 77.1781
0.8,0.65,0.1 308.687
0.8,0.65,0.15 77.1654
0.8,0.7,0 2.27173e-13
0.8,0.7,0.05 4.71673
0.8,0.7,0.1 18.8652
0.8,0.7,0.15 4.71587
0.8,0.75,0 2.78316e-10
0.8,0.75,0.05 1.40664
0.8,0.75,0.1 5.61753
0.8,0.75,0.15 1.40214
0.8,0.8,0 1.35993e-08
0.8,0.8,0.05 59.6748
0.8,0.8,0.1 238.264
0.8,0.8,0.15 59.505
0.8,0.8,0.2 0.0695676
0.8,0.8,0.25 0.0054925
0.8,0.85,0 2.1173e-08
0.8,0.85,0.05 93.7068
0.8,0.85,0.1 374.15
0.8,0.85,0.15 93.6457
0.8,0.85,0.2 0.407707
0.8,0.85,0.25 0.0321892
0.8,0.9,0 2.16719e-09
0.8,0.9,0.05 9.81897
0.8,0.9,0.1 39.2068
0.8,0.9,0.15 9.88511
0.8,0.9,0.2 0.148069
0.8,0.9,0.25 0.0116904
0.8,0.95,0.1 2.81548e-06
0.8,0.95,0.15 0.000143716
0.8,0.95,0.2 0.000209358
0.8,0.95,0.25 1.65292e-05
0.85,0.05,0 1.24806e-10
0.85,0.05,0.05 7.35247
0.85,0.05,0.1 29.3872
0.85,0.05,0.15 7.34114
0.85,0.1,0 1.47152e-09
0.85,0.1,0.05 86.6892
0.85,0.1,0.1 346.489
0.85,0.1,0.15 86.5556
0.85,0.15,0 9.59267e-10
0.85,0.15,0.05 56.5117
0.85,0.15,0.1 225.873
0.85,0.15,0.15 56.4246
0.85,0.2,0 1.64385e-11
0.85,0.2,0.05 0.968414
0.85,0.2,0.1 3.87067
0.85,0.2,0.15 0.966922
0.85,0.35,0.05 0.0274089
0.85,0.35,0.1 1.16086
0.85,0.35,0.15 1.56559
0.85,0.35,0.2 0.110633
0.85,0.4,0 1.61239e-12
0.85,0.4,0.05 2.68882
0.85,0.4,0.1 100.087
0.85,0.4,0.15 133.403
0.85,0.4,0.2 9.40154
0.85,0.45,0 1.20671e-10
0.85,0.45,0.05 30.9855
0.85,0.45,0.1 280.032
0.85,0.45,0.15 259.432
0.85,0.45,0.2 16.4328
0.85,0.5,0 2.06168e-10
0.85,0.5,0.05 46.9209
0.85,0.5,0.1 203.326
0.85,0.5,0.15 69.8972
0.85,0.5,0.2 1.65585
0.85,0.55,0 1.15474e-10
0.85,0.55,0.05 39.9523
0.85,0.55,0.1 159.742
0.85,0.55,0.15 39.9188
0.85,0.6,0 1.00327e-10
0.85,0.6,0.05 65.0686
0.85,0.6,0.1 260.206
0.85,0.6,0.15 65.0344
0.85,0.65,0 8.67211e-12
0.85,0.65,0.05 57.5541
0.85,0.65,0.1 230.19
0.85,0.65,0.15 57.5406
0.85,0.7,0 8.47068e-12
0.85,0.7,0.05 60.7193
0.85,0.7,0.1 242.84
0.85,0.7,0.15 60.7005
0.85,0.75,0 1.79695e-10
0.85,0.75,0.05 10.525
0.85,0.75,0.1 42.0858
0.85,0.75,0.15 10.5179
0.85,0.8,0 7.95205e-09
0.85,0.8,0.05 72.5733
0.85,0.8,0.1 290.264
0.85,0.8,0.15 88.2619
0.85,0.8,0.2 23.1016
0.85,0.8,0.25 1.82392
0.85,0.85,0 1.09868e-08
0.85,0.85,0.05 89.5657
0.85,0.85,0.1 359.639
0.85,0.85,0.15 182.282
0.85,0.85,0.2 135.389
0.85,0.85,0.25 10.6892
0.85,0.9,0 8.06315e-10
0.85,0.9,0.05 5.64828
0.85,0.9,0.1 23.2238
0.85,0.9,0.15 39.3862
0.85,0.9,0.2 49.17
0.85,0.9,0.25 3.88207
0.85,0.95,0.1 0.000934946
0.85,0.95,0.15 0.0477243
0.85,0.95,0.2 0.0695225
0.85,0.95,0.25 0.00548893
0.9,0.05,0 4.89436e-11
0.9,0.05,0.05 2.88334
0.9,0.05,0.1 11.5245
0.9,0.05,0.15 2.87889
0.9,0.1,0 5.77069e-10
0.9,0.1,0.05 33.9959
0.9,0.1,0.1 135.879
0.9,0.1,0.15 33.9435
0.9,0.15,0 3.76185e-10
0.9,0.15,0.05 22.1616
0.9,0.15,0.1 88.578
0.9,0.15,0.15 22.1274
0.9,0.2,0 6.4465e-12
0.9,0.2,0.05 0.379772
0.9,0.2,0.1 1.51792
0.9,0.2,0.15 0.379187
0.9,0.35,0.05 0.0242931
0.9,0.35,0.1 1.02889
0.9,0.35,0.15 1.38762
0.9,0.35,0.2 0.0980562
0.9,0.4,0 2.98509e-12
0.9,0.4,0.05 2.73021
0.9,0.4,0.1 90.097
0.9,0.4,0.15 118.585
0.9,0.4,0.2 8.33279
0.9,0.45,0 2.23404e-10
0.9,0.45,0.05 53.4362
0.9,0.45,0.1 352.039
0.9,0.45,0.15 255.888
0.9,0.45,0.2 14.5647
0.9,0.5,0 3.74512e-10
0.9,0.5,0.05 83.8984
0.9,0.5,0.1 349.373
0.9,0.5,0.15 104.221
0.9,0.5,0.2 1.46761
0.9,0.55,0 3.65142e-11
0.9,0.55,0.05 8.25105
0.9,0.55,0.1 32.988
0.9,0.55,0.15 8.24293
0.9,0.6,0 8.14264e-13
0.9,0.6,0.05 0.51691
0.9,0.6,0.1 2.06705
0.9,0.6,0.15 0.516613
0.9,0.65,0 5.11004e-12
0.9,0.65,0.05 35.6933
0.9,0.65,0.1 142.751
0.9,0.65,0.15 35.6821
0.9,0.7,0 1.17393e-11
0.9,0.7,0.05 82.3675
0.9,0.7,0.1 329.418
0.9,0.7,0.15 82.3416
0.9,0.75,0 2.30819e-11
0.9,0.75,0.05 13.8493
0.9,0.75,0.1 55.3843
0.9,0.75,0.15 13.8429
0.9,0.8,0 6.31785e-10
0.9,0.8,0.05 61.7132
0.9,0.8,0.1 247.457
0.9,0.8,0.15 100.363
0.9,0.8,0.2 56.4161
0.9,0.8,0.25 4.45416
0.9,0.85,0 7.26178e-10
0.9,0.85,0.05 68.1559
0.9,0.85,0.1 276.899
0.9,0.85,0.15 295.035
0.9,0.85,0.2 330.631
0.9,0.85,0.25 26.104
0.9,0.9,0 4.0616e-11
0.9,0.9,0.05 3.52351
0.9,0.9,0.1 15.7
0.9,0.9,0.15 85.9473
0.9,0.9,0.2 120.077
0.9,0.9,0.25 9.48035
0.9,0.95,0.1 0.00228322
0.9,0.95,0.15 0.116547
0.9,0.95,0.2 0.16978
0.9,0.95,0.25 0.0134045
0.95,0.05,0 1.15116e-13
0.95,0.05,0.05 0.00678165
0.95,0.05,0.1 0.0271057
0.95,0.05,0.15 0.0067712
0.95,0.1,0 1.35728e-12
0.95,0.1,0.05 0.079959
0.95,0.1,0.1 0.319589
0.95,0.1,0.15 0.0798357
0.95,0.15,0 8.84793e-13
0.95,0.15,0.05 0.0521244
0.95,0.15,0.1 0.208337
0.95,0.15,0.15 0.052044
0.95,0.2,0 1.51623e-14
0.95,0.2,0.05 0.000893231
0.95,0.2,0.1 0.00357017
0.95,0.2,0.15 0.000891854
0.95,0.35,0.05 0.000841066
0.95,0.35,0.1 0.035622
0.95,0.35,0.15 0.0480416
0.95,0.35,0.2 0.00339487
0.95,0.4,0 3.23381e-13
0.95,0.4,0.05 0.1436
0.95,0.4,0.1 3.31551
0.95,0.4,0.15 4.15462
0.95,0.4,0.2 0.288495
0.95,0.45,0 2.42019e-11
0.95,0.45,0.05 5.52288
0.95,0.45,0.1 26.8722
0.95,0.45,0.15 12.5284
0.95,0.45,0.2 0.504254
0.95,0.5,0 4.05683e-11
0.95,0.5,0.05 9.06089
0.95,0.5,0.1 36.7084
0.95,0.5,0.15 9.75839
0.95,0.5,0.2 0.0508112
0.95,0.55,0 3.87302e-12
0.95,0.55,0.05 0.863833
0.95,0.55,0.1 3.45362
0.95,0.55,0.15 0.862979
0.95,0.6,0 1.48447e-15
0.95,0.6,0.05 0.0104151
0.95,0.6,0.1 0.041654
0.95,0.6,0.15 0.0104119
0.95,0.65,0 3.7401e-13
0.95,0.65,0.05 2.62407
0.95,0.65,0.1 10.4946
0.95,0.65,0.15 2.62325
0.95,0.7,0 8.6566e-13
0.95,0.7,0.05 6.07352
0.95,0.7,0.1 24.2903
0.95,0.7,0.15 6.07161
0.95,0.75,0 1.75853e-12
0.95,0.75,0.05 1.04604
0.95,0.75,0.1 4.18317
0.95,0.75,0.15 1.04554
0.95,0.8,0 4.51572e-11
0.95,0.8,0.05 5.22184
0.95,0.8,0.1 20.9882
0.95,0.8,0.15 11.0165
0.95,0.8,0.2 8.45079
0.95,0.8,0.25 0.667206
0.95,0.85,0 4.97777e-11
0.95,0.85,0.05 5.75614
0.95,0.85,0.1 23.6764
0.95,0.85,0.15 39.747
0.95,0.85,0.2 49.5266
0.95,0.85,0.25 3.91022
0.95,0.9,0 2.56326e-12
0.95,0.9,0.05 0.296408
0.95,0.9,0.1 1.42679
0.95,0.9,0.15 12.6433
0.95,0.9,0.2 17.9869
0.95,0.9,0.25 1.4201
0.95,0.95,0.1 0.000342013
0.95,0.95,0.15 0.017458
0.95,0.95,0.2 0.025432
0.95,0.95,0.25 0.00200791
