0.45,0.15,0.3 208.249
0.45,0.15,0.35 75.426
0.45,0.15,0.4 2.24931
0.45,0.2,0 8.74348e-18
0.45,0.2,0.05 31.9484
0.45,0.2,0.1 447.425
0.45,0.2,0.15 588.781
0.45,0.2,0.2 299.543
0.45,0.2,0.25 467.77
0.45,0.2,0.3 335.155
0.45,0.2,0.35 18.7233
0.45,0.2,0.4 0.603535
0.45,0.25,0 5.93214e-14
0.45,0.25,0.05 66.4371
0.45,0.25,0.1 413.85
0.45,0.25,0.15 333.611
0.45,0.25,0.2 258.639
0.45,0.25,0.25 313.417
0.45,0.25,0.3 196.675
0.45,0.25,0.35 24.046
0.45,0.25,0.4 1.8769
0.45,0.3,0 2.0119e-13
0.45,0.3,0.05 125.675
0.45,0.3,0.1 527.423
0.45,0.3,0.15 678.583
0.45,0.3,0.2 818.188
0.45,0.3,0.25 193.111
0.45,0.3,0.3 94.9048
0.45,0.3,0.35 26.9603
0.45,0.3,0.4 20.3854
0.45,0.3,0.45 3.43986
0.45,0.35,0 9.65943e-14
0.45,0.35,0.05 131.563
0.45,0.35,0.1 546.402
0.45,0.35,0.15 558.583
0.45,0.35,0.2 656.162
0.45,0.35,0.25 304.428
0.45,0.35,0.3 654.909
0.45,0.35,0.35 308.886
0.45,0.35,0.4 192.106
0.45,0.35,0.45 27.3585
0.45,0.4,0 5.88787e-12
0.45,0.4,0.05 78.562
0.45,0.4,0.1 340.371
0.45,0.4,0.15 305.741
0.45,0.4,0.2 364.675
0.45,0.4,0.25 268.159
0.45,0.4,0.3 682.15
0.45,0.4,0.35 577.994
0.45,0.4,0.4 213.907
0.45,0.4,0.45 19.6953
0.45,0.4,0.5 0.00537564
0.45,0.45,0 1.94838e-10
0.45,0.45,0.05 73.9926
0.45,0.45,0.1 360.522
0.45,0.45,0.15 474.15
0.45,0.45,0.2 549.554
0.45,0.45,0.25 577.647
0.45,0.45,0.3 562.523
0.45,0.45,0.35 440.807
0.45,0.45,0.4 400.326
0.45,0.45,0.45 101.215
0.45,0.45,0.5 0.0807127
0.45,0.5,0 1.11953e-09
0.45,0.5,0.05 87.3788
0.45,0.5,0.1 392.982
0.45,0.5,0.15 483.43
0.45,0.5,0.2 600.45
0.45,0.5,0.25 644.327
0.45,0.5,0.3 433.695
0.45,0.5,0.35 917.698
0.45,0.5,0.4 834.463
0.45,0.5,0.45 118.467
0.45,0.5,0.5 0.0765605
0.45,0.55,0 4.57506e-09
0.45,0.55,0.05 35.0293
0.45,0.55,0.1 232.992
0.45,0.55,0.15 624.168
0.45,0.55,0.2 572.133
0.45,0.55,0.25 249.816
0.45,0.55,0.3 89.629
0.45,0.55,0.35 342.65
0.45,0.55,0.4 294.646
0.45,0.55,0.45 15.0588
0.45,0.55,0.5 0.00351661
0.45,0.6,0 1.45695e-08
0.45,0.6,0.05 124.561
0.45,0.6,0.1 532.398
0.45,0.6,0.15 396.39
0.45,0.6,0.2 701.126
0.45,0.6,0.25 433.701
0.45,0.6,0.3 40.9657
0.45,0.6,0.35 10.946
0.45,0.6,0.4 6.27754
0.45,0.6,0.45 0.167406
0.45,0.65,0 4.32448e-09
0.45,0.65,0.05 65.7749
0.45,0.65,0.1 277.002
0.45,0.65,0.15 209.697
0.45,0.65,0.2 253.927
0.45,0.65,0.25 120.424
0.45,0.65,0.3 33.4045
0.45,0.65,0.35 73.0411
0.45,0.65,0.4 16.4553
0.45,0.65,0.45 0.0306742
0.45,0.7,0 1.04913e-10
0.45,0.7,0.05 1.20881
0.45,0.7,0.1 9.4375
0.45,0.7,0.15 45.1331
0.45,0.7,0.2 90.5232
0.45,0.7,0.25 55.2702
0.45,0.7,0.3 39.597
0.45,0.7,0.35 114.153
0.45,0.7,0.4 24.0099
0.45,0.7,0.45 0.00072994
0.45,0.75,0 2.42916e-07
0.45,0.75,0.05 25.0314
0.45,0.75,0.1 99.4885
0.45,0.75,0.15 29.0129
0.45,0.75,0.2 39.7263
0.45,0.75,0.25 22.5698
0.45,0.75,0.3 3.77339
0.45,0.75,0.35 10.6248
0.45,0.75,0.4 2.23325
0.45,0.8,0 7.85732e-07
0.45,0.8,0.05 80.9672
0.45,0.8,0.1 321.799
0.45,0.8,0.15 80.3135
0.45,0.8,0.2 3.24264
0.45,0.8,0.25 1.64928
0.45,0.8,0.3 0.0130349
0.45,0.85,0 1.58594e-07
0.45,0.85,0.05 16.3439
0.45,0.85,0.1 64.9577
0.45,0.85,0.15 16.1356
0.45,0.9,0 1.66874e-12
0.45,0.9,0.05 0.000257712
0.45,0.9,0.1 0.00102509
0.45,0.9,0.15 0.00025484
0.5,0.05,0.25 0.803002
0.5,0.05,0.3 14.4864
0.5,0.05,0.35 12.5682
0.5,0.05,0.4 0.416943
0.5,0.1,0 4.9591e-13
0.5,0.1,0.05 0.3227
0.5,0.1,0.1 5.42214
0.5,0.1,0.15 26.0776
0.5,0.1,0.2 39.2249
0.5,0.1,0.25 45.8532
0.5,0.1,0.3 257.103
0.5,0.1,0.35 211.831
0.5,0.1,0.4 7.01036
0.5,0.15,0 1.46754e-10
0.5,0.15,0.05 5.96387
0.5,0.15,0.1 55.9943
0.5,0.15,0.15 233.488
0.5,0.15,0.2 402.343
0.5,0.15,0.25 597.69
0.5,0.15,0.3 558.461
0.5,0.15,0.35 193.023
0.5,0.15,0.4 5.84472
0.5,0.2,0 3.50705e-10
0.5,0.2,0.05 57.5342
0.5,0.2,0.1 384.277
0.5,0.2,0.15 519.004
0.5,0.2,0.2 754.3
0.5,0.2,0.25 856.152
0.5,0.2,0.3 706.913
0.5,0.2,0.35 131.237
0.5,0.2,0.4 9.27756
0.5,0.25,0 5.12834e-11
0.5,0.25,0.05 72.5835
0.5,0.25,0.1 397.701
0.5,0.25,0.15 436.806
0.5,0.25,0.2 689.005
0.5,0.25,0.25 575.503
0.5,0.25,0.3 428.567
0.5,0.25,0.35 321.594
0.5,0.25,0.4 30.4524
0.5,0.3,0.05 132.871
0.5,0.3,0.1 554.955
0.5,0.3,0.15 625.735
0.5,0.3,0.2 746.716
0.5,0.3,0.25 414.844
0.5,0.3,0.3 217.931
0.5,0.3,0.35 111.034
0.5,0.3,0.4 53.6472
0.5,0.3,0.45 8.10967
0.5,0.35,0.05 150.316
0.5,0.35,0.1 620.092
0.5,0.35,0.15 487.672
0.5,0.35,0.2 487.869
0.5,0.35,0.25 166.482
0.5,0.35,0.3 188.442
0.5,0.35,0.35 295.654
0.5,0.35,0.4 436.655
0.5,0.35,0.45 64.4998
0.5,0.4,0 2.28336e-12
0.5,0.4,0.05 101.78
0.5,0.4,0.1 411.902
0.5,0.4,0.15 193.508
0.5,0.4,0.2 390.925
0.5,0.4,0.25 348.38
0.5,0.4,0.3 213.609
0.5,0.4,0.35 525.822
0.5,0.4,0.4 418.493
0.5,0.4,0.45 35.1645
0.5,0.4,0.5 0.000413291
0.5,0.45,0 2.9753e-10
0.5,0.45,0.05 105.204
0.5,0.45,0.1 427.07
0.5,0.45,0.15 202.217
0.5,0.45,0.2 484.459
0.5,0.45,0.25 433.455
0.5,0.45,0.3 154.667
0.5,0.45,0.35 152.504
0.5,0.45,0.4 118.373
0.5,0.45,0.45 15.9655
0.5,0.45,0.5 0.010437
0.5,0.5,0 5.67498e-09
0.5,0.5,0.05 118.63
0.5,0.5,0.1 496.577
0.5,0.5,0.15 416.933
0.5,0.5,0.2 652.318
0.5,0.5,0.25 569.2
0.5,0.5,0.3 364.58
0.5,0.5,0.35 305.066
0.5,0.5,0.4 246.165
0.5,0.5,0.45 22.2246
0.5,0.5,0.5 0.0109822
0.5,0.55,0 5.7425e-09
0.5,0.55,0.05 77.0976
0.5,0.55,0.1 427.418
0.5,0.55,0.15 780.827
0.5,0.55,0.2 950.122
0.5,0.55,0.25 299.283
0.5,0.55,0.3 310.293
0.5,0.55,0.35 188.393
0.5,0.55,0.4 113.913
0.5,0.55,0.45 4.88078
0.5,0.55,0.5 0.000522423
0.5,0.6,0 5.48123e-10
0.5,0.6,0.05 12.5245
0.5,0.6,0.1 172.681
0.5,0.6,0.15 435.414
0.5,0.6,0.2 392.228
0.5,0.6,0.25 101.886
0.5,0.6,0.3 19.3169
0.5,0.6,0.35 5.0302
0.5,0.6,0.4 1.42782
0.5,0.6,0.45 0.0510354
0.5,0.65,0 1.7077e-10
0.5,0.65,0.05 5.70458
0.5,0.65,0.1 78.6837
0.5,0.65,0.15 416.39
0.5,0.65,0.2 381.725
0.5,0.65,0.25 276.295
0.5,0.65,0.3 42.4012
0.5,0.65,0.35 0.213499
0.5,0.65,0.4 0.00539924
0.5,0.7,0 7.55697e-12
0.5,0.7,0.05 0.414865
0.5,0.7,0.1 19.0027
0.5,0.7,0.15 179.306
0.5,0.7,0.2 677.53
0.5,0.7,0.25 591.312
0.5,0.7,0.3 59.0853
0.5,0.7,0.35 0.256317
0.5,0.7,0.4 0.00888496
0.5,0.75,0 1.82802e-08
0.5,0.75,0.05 8.32481
0.5,0.75,0.1 35.8639
0.5,0.75,0.15 56.8547
0.5,0.75,0.2 393.962
0.5,0.75,0.25 227.902
0.5,0.75,0.3 5.97807
0.5,0.75,0.35 0.0155864
0.5,0.75,0.4 0.000827977
0.5,0.8,0 1.78869e-07
0.5,0.8,0.05 31.8895
0.5,0.8,0.1 127.217
0.5,0.8,0.15 36.1338
0.5,0.8,0.2 34.2112
0.5,0.8,0.25 17.3623
0.5,0.8,0.3 0.137222
0.5,0.85,0 1.65992e-07
0.5,0.85,0.05 25.4838
0.5,0.85,0.1 101.369
0.5,0.85,0.15 25.2017
0.5,0.9,0 8.96276e-09
0.5,0.9,0.05 1.38416
0.5,0.9,0.1 5.50572
0.5,0.9,0.15 1.36874
0.55,0.05,0.25 0.128175
0.55,0.05,0.3 2.31231
0.55,0.05,0.35 2.00613
0.55,0.05,0.4 0.0665522
0.55,0.1,0 2.28102e-11
0.55,0.1,0.05 0.084189
0.55,0.1,0.1 0.36467
0.55,0.1,0.15 3.4163
0.55,0.1,0.2 29.3625
0.55,0.1,0.25 28.1292
0.55,0.1,0.3 43.5072
0.55,0.1,0.35 33.9368
0.55,0.1,0.4 1.11899
0.55,0.15,0 6.75019e-09
0.55,0.15,0.05 26.6136
0.55,0.15,0.1 109.934
0.55,0.15,0.15 67.8402
0.55,0.15,0.2 301.19
0.55,0.15,0.25 342.826
0.55,0.15,0.3 175.679
0.55,0.15,0.35 42.4437
0.55,0.15,0.4 1.39807
0.55,0.2,0 1.61312e-08
0.55,0.2,0.05 84.1821
0.55,0.2,0.1 389.944
0.55,0.2,0.15 312.306
0.55,0.2,0.2 508.794
0.55,0.2,0.25 439.621
0.55,0.2,0.3 467.691
0.55,0.2,0.35 261.113
0.55,0.2,0.4 18.7056
0.55,0.25,0 2.35886e-09
0.55,0.25,0.05 59.1209
0.55,0.25,0.1 288.459
0.55,0.25,0.15 445.615
0.55,0.25,0.2 647.629
0.55,0.25,0.25 650.836
0.55,0.25,0.3 725.192
0.55,0.25,0.35 472.477
0.55,0.25,0.4 36.3893
0.55,0.3,0.05 104.896
0.55,0.3,0.1 433.403
0.55,0.3,0.15 435.273
0.55,0.3,0.2 574.888
0.55,0.3,0.25 726.518
0.55,0.3,0.3 842.122
0.55,0.3,0.35 198.437
0.55,0.3,0.4 12.6093
0.55,0.3,0.45 1.16802
0.55,0.35,0.05 137.552
0.55,0.35,0.1 570.171
0.55,0.35,0.15 268.211
0.55,0.35,0.2 150.611
0.55,0.35,0.25 243.787
0.55,0.35,0.3 467.048
0.55,0.35,0.35 138.099
0.55,0.35,0.4 62.4718
0.55,0.35,0.45 9.28987
0.55,0.4,0 9.8318e-15
0.55,0.4,0.05 86.2835
0.55,0.4,0.1 357.611
0.55,0.4,0.15 127.369
0.55,0.4,0.2 169.017
0.55,0.4,0.25 380.97
0.55,0.4,0.3 113.222
0.55,0.4,0.35 68.5956
0.55,0.4,0.4 58.7095
0.55,0.4,0.45 4.98619
0.55,0.45,0 8.67379e-11
0.55,0.45,0.05 96.0584
0.55,0.45,0.1 452.385
0.55,0.45,0.15 158.612
0.55,0.45,0.2 333.415
0.55,0.45,0.25 437.81
0.55,0.45,0.3 43.865
0.55,0.45,0.35 11.4438
0.55,0.45,0.4 7.6087
0.55,0.45,0.45 0.186694
0.55,0.5,0 2.0487e-09
0.55,0.5,0.05 73.9372
0.55,0.5,0.1 417.164
0.55,0.5,0.15 226.71
0.55,0.5,0.2 652.893
0.55,0.5,0.25 667.975
0.55,0.5,0.3 168.769
0.55,0.5,0.35 29.9586
0.55,0.5,0.4 0.55235
0.55,0.5,0.45 0.0210209
0.55,0.55,0 2.08202e-09
0.55,0.55,0.05 34.0238
0.55,0.55,0.1 258.217
0.55,0.55,0.15 402.493
0.55,0.55,0.2 674.97
0.55,0.55,0.25 355.154
0.55,0.55,0.3 197.113
0.55,0.55,0.35 44.0173
0.55,0.55,0.4 0.309581
0.55,0.55,0.45 0.0115552
0.55,0.6,0 9.35155e-11
0.55,0.6,0.05 4.99928
0.55,0.6,0.1 186.145
0.55,0.6,0.15 362.089
0.55,0.6,0.2 434.559
0.55,0.6,0.25 428.37
0.55,0.6,0.3 62.2634
0.55,0.6,0.35 5.82533
0.55,0.6,0.4 0.00422175
0.55,0.6,0.45 0.00014364
0.55,0.65,0 6.11672e-12
0.55,0.65,0.05 29.0917
0.55,0.65,0.1 171.837
0.55,0.65,0.15 260.917
0.55,0.65,0.2 326.345
0.55,0.65,0.25 666.467
0.55,0.65,0.3 191.985
0.55,0.65,0.35 1.59892
0.55,0.65,0.4 3.25893e-08
0.55,0.7,0 6.79913e-12
0.55,0.7,0.05 28.71
0.55,0.7,0.1 212.533
0.55,0.7,0.15 354.991
0.55,0.7,0.2 451.892
0.55,0.7,0.25 659.717
0.55,0.7,0.3 189.488
0.55,0.7,0.35 1.82049
0.55,0.75,0 1.43003e-08
0.55,0.75,0.05 71.0034
0.55,0.75,0.1 382.614
0.55,0.75,0.15 322.866
0.55,0.75,0.2 265.652
0.55,0.75,0.25 167.07
0.55,0.75,0.3 16.926
0.55,0.75,0.35 0.0993197
0.55,0.8,0 4.45858e-07
0.55,0.8,0.05 145.012
0.55,0.8,0.1 587.561
0.55,0.8,0.15 167.473
0.55,0.8,0.2 24.5328
0.55,0.8,0.25 15.1658
0.55,0.8,0.3 1.41148
0.55,0.8,0.35 6.06892e-05
0.55,0.85,0 5.23551e-07
0.55,0.85,0.05 89.3176
0.55,0.85,0.1 355.454
0.55,0.85,0.15 88.4207
0.55,0.85,0.2 0.00849405
0.55,0.85,0.25 0.000353872
0.55,0.85,0.3 8.71941e-06
0.55,0.85,0.35 3.98085e-10
0.55,0.9,0 2.99179e-08
0.55,0.9,0.05 5.75641
0.55,0.9,0.1 22.9211
0.55,0.9,0.15 5.70429
0.55,0.95,0 9.51499e-18
0.55,0.95,0.05 1.11451e-05
0.55,0.95,0.1 4.45676e-05
0.55,0.95,0.15 1.11387e-05
0.6,0.1,0 3.18535e-11
0.6,0.1,0.05 0.117567
0.6,0.1,0.1 0.469354
0.6,0.1,0.15 3.77345
0.6,0.1,0.2 40.131
0.6,0.1,0.25 25.5036
0.6,0.1,0.3 0.458446
0.6,0.1,0.35 0.000561609
0.6,0.15,0 9.42638e-09
0.6,0.15,0.05 34.827
0.6,0.15,0.1 139.471
0.6,0.15,0.15 72.5059
0.6,0.15,0.2 401.261
0.6,0.15,0.25 252.551
0.6,0.15,0.3 9.98836
0.6,0.15,0.35 6.47599
0.6,0.15,0.4 0.43242
0.6,0.2,0 2.25266e-08
0.6,0.2,0.05 88.0872
0.6,0.2,0.1 431.555
0.6,0.2,0.15 271.423
0.6,0.2,0.2 318.099
0.6,0.2,0.25 161.694
0.6,0.2,0.3 135.37
0.6,0.2,0.35 165.174
0.6,0.2,0.4 11.142
0.6,0.25,0 3.29406e-09
0.6,0.25,0.05 25.2285
0.6,0.25,0.1 280.987
0.6,0.25,0.15 566.737
0.6,0.25,0.2 516.477
0.6,0.25,0.25 371.833
0.6,0.25,0.3 362.613
0.6,0.25,0.35 196.046
0.6,0.25,0.4 12.2107
0.6,0.3,0.05 15.0253
0.6,0.3,0.1 103.037
0.6,0.3,0.15 410.673
0.6,0.3,0.2 806.698
0.6,0.3,0.25 781.247
0.6,0.3,0.3 453.622
0.6,0.3,0.35 55.9883
0.6,0.3,0.4 0.697246
0.6,0.35,0.05 45.9583
0.6,0.35,0.1 273.993
0.6,0.35,0.15 696.81
0.6,0.35,0.2 429.233
0.6,0.35,0.25 181.166
0.6,0.35,0.3 161.599
0.6,0.35,0.35 31.7923
0.6,0.4,0.05 29.9197
0.6,0.4,0.1 201.887
0.6,0.4,0.15 388.871
0.6,0.4,0.2 169.152
0.6,0.4,0.25 79.9716
0.6,0.4,0.3 27.4836
0.6,0.4,0.35 3.53602
0.6,0.45,0 1.27272e-13
0.6,0.45,0.05 76.8678
0.6,0.45,0.1 560.832
0.6,0.45,0.15 277.894
0.6,0.45,0.2 360.808
0.6,0.45,0.25 634.621
0.6,0.45,0.3 105.973
0.6,0.45,0.35 0.0305104
0.6,0.5,0 3.01477e-12
0.6,0.5,0.05 69.1898
0.6,0.5,0.1 527.171
0.6,0.5,0.15 261.155
0.6,0.5,0.2 466.021
0.6,0.5,0.25 690.74
0.6,0.5,0.3 166.535
0.6,0.5,0.35 22.9928
0.6,0.5,0.4 0.0010682
0.6,0.55,0 3.06421e-12
0.6,0.55,0.05 8.79532
0.6,0.55,0.1 77.7272
0.6,0.55,0.15 63.1442
0.6,0.55,0.2 242.546
0.6,0.55,0.25 375.312
0.6,0.55,0.3 422.746
0.6,0.55,0.35 109.105
0.6,0.55,0.4 0.00508862
0.6,0.6,0 9.91489e-13
0.6,0.6,0.05 4.31664
0.6,0.6,0.1 37.7921
0.6,0.6,0.15 59.0409
0.6,0.6,0.2 520.056
0.6,0.6,0.25 900.887
0.6,0.6,0.3 270.149
0.6,0.6,0.35 33.0673
0.6,0.6,0.4 0.00151361
0.6,0.65,0 1.62843e-11
0.6,0.65,0.05 76.9158
0.6,0.65,0.1 374.821
0.6,0.65,0.15 343.659
0.6,0.65,0.2 373.296
0.6,0.65,0.25 742.296
0.6,0.65,0.3 197.601
0.6,0.65,0.35 1.77164
0.6,0.65,0.4 2.51132e-07
0.6,0.7,0 1.77471e-11
0.6,0.7,0.05 71.01
0.6,0.7,0.1 436.742
0.6,0.7,0.15 577.126
0.6,0.7,0.2 363.338
0.6,0.7,0.25 415.005
0.6,0.7,0.3 150.805
0.6,0.7,0.35 1.97647
0.6,0.75,0 3.47398e-09
0.6,0.75,0.05 79.6324
0.6,0.75,0.1 450.479
0.6,0.75,0.15 477.738
0.6,0.75,0.2 275.88
0.6,0.75,0.25 372.934
0.6,0.75,0.3 97.3801
0.6,0.75,0.35 0.129892
0.6,0.8,0 9.40025e-08
0.6,0.8,0.05 157.066
0.6,0.8,0.1 643.37
0.6,0.8,0.15 266.428
0.6,0.8,0.2 100.435
0.6,0.8,0.25 88.0397
0.6,0.8,0.3 23.7236
0.6,0.8,0.35 0.00108304
0.6,0.85,0 1.09315e-07
0.6,0.85,0.05 109.325
0.6,0.85,0.1 436.947
0.6,0.85,0.15 112.041
0.6,0.85,0.2 2.75803
0.6,0.85,0.25 0.105406
0.6,0.85,0.3 0.000155604
0.6,0.85,0.35 7.10413e-09
0.6,0.9,0 6.2527e-09
0.6,0.9,0.05 22.1589
0.6,0.9,0.1 88.5901
0.6,0.9,0.15 22.1361
0.6,0.95,0 1.77506e-16
0.6,0.95,0.05 0.000207916
0.6,0.95,0.1 0.000831427
0.6,0.95,0.15 0.000207798
0.65,0.1,0 2.36804e-12
0.65,0.1,0.05 0.00874009
0.65,0.1,0.1 0.0348925
0.65,0.1,0.15 3.05498
0.65,0.1,0.2 26.9745
0.65,0.1,0.25 14.1252
0.65,0.1,0.3 0.126741
0.65,0.15,0 7.00772e-10
0.65,0.15,0.05 2.61372
0.65,0.15,0.1 10.8668
0.65,0.15,0.15 35.7318
0.65,0.15,0.2 291.216
0.65,0.15,0.25 153.92
0.65,0.15,0.3 1.65863
0.65,0.15,0.35 0.24107
0.65,0.15,0.4 0.016202
0.65,0.2,0 1.67467e-09
0.65,0.2,0.05 11.2195
0.65,0.2,0.1 125.219
0.65,0.2,0.15 138.387
0.65,0.2,0.2 277.59
0.65,0.2,0.25 151.883
0.65,0.2,0.3 7.22669
0.65,0.2,0.35 6.11179
0.65,0.2,0.4 0.410321
0.65,0.25,0 2.44885e-10
0.65,0.25,0.05 11.8004
0.65,0.25,0.1 225.821
0.65,0.25,0.15 357.014
0.65,0.25,0.2 456.099
0.65,0.25,0.25 219.571
0.65,0.25,0.3 24.625
0.65,0.25,0.35 6.87192
0.65,0.25,0.4 0.432412
0.65,0.3,0.05 1.4678
0.65,0.3,0.1 53.2953
0.65,0.3,0.15 437.639
0.65,0.3,0.2 632.608
0.65,0.3,0.25 370.316
0.65,0.3,0.3 53.7831
0.65,0.3,0.35 1.01298
0.65,0.3,0.4 0.0206239
0.65,0.35,0.05 0.312231
0.65,0.35,0.1 63.2108
0.65,0.35,0.15 466.377
0.65,0.35,0.2 299.049
0.65,0.35,0.25 99.3515
