0.45,0.15,0.1 355.866
0.45,0.15,0.15 575.183
0.45,0.15,0.2 307.014
0.45,0.15,0.25 212.637
0.45,0.15,0.3 202.634
0.45,0.15,0.35 71.0117
0.45,0.15,0.4 1.99068
0.45,0.2,0 4.37681e-17
0.45,0.2,0.05 33.3477
0.45,0.2,0.1 453.588
0.45,0.2,0.15 586.961
0.45,0.2,0.2 294.84
0.45,0.2,0.25 468.174
0.45,0.2,0.3 332.693
0.45,0.2,0.35 17.5825
0.45,0.2,0.4 0.516478
0.45,0.25,0 5.17878e-14
0.45,0.25,0.05 67.3752
0.45,0.25,0.1 416.274
0.45,0.25,0.15 332.407
0.45,0.25,0.2 258.173
0.45,0.25,0.25 305.498
0.45,0.25,0.3 190.085
0.45,0.25,0.35 21.715
0.45,0.25,0.4 1.575
0.45,0.3,0 4.04835e-09
0.45,0.3,0.05 126.4
0.45,0.3,0.1 529.072
0.45,0.3,0.15 675.622
0.45,0.3,0.2 816.44
0.45,0.3,0.25 190.484
0.45,0.3,0.3 92.5984
0.45,0.3,0.35 25.9579
0.45,0.3,0.4 19.4259
0.45,0.3,0.45 3.269
0.45,0.35,0 5.79065e-08
0.45,0.35,0.05 132.751
0.45,0.35,0.1 546.608
0.45,0.35,0.15 549.237
0.45,0.35,0.2 651.819
0.45,0.35,0.25 306.522
0.45,0.35,0.3 651.926
0.45,0.35,0.35 307.926
0.45,0.35,0.4 187.352
0.45,0.35,0.45 26.5028
0.45,0.4,0 4.34815e-08
0.45,0.4,0.05 79.5399
0.45,0.4,0.1 341.67
0.45,0.4,0.15 304.339
0.45,0.4,0.2 365.092
0.45,0.4,0.25 267.699
0.45,0.4,0.3 678.467
0.45,0.4,0.35 581.215
0.45,0.4,0.4 210.807
0.45,0.4,0.45 18.9053
0.45,0.4,0.5 0.00421162
0.45,0.45,0 1.31375e-09
0.45,0.45,0.05 74.0447
0.45,0.45,0.1 362.103
0.45,0.45,0.15 476.518
0.45,0.45,0.2 549.939
0.45,0.45,0.25 576.88
0.45,0.45,0.3 560.183
0.45,0.45,0.35 436.784
0.45,0.45,0.4 392.336
0.45,0.45,0.45 97.5422
0.45,0.45,0.5 0.0645692
0.45,0.5,0 1.12861e-09
0.45,0.5,0.05 87.3805
0.45,0.5,0.1 393.674
0.45,0.5,0.15 480.467
0.45,0.5,0.2 606.422
0.45,0.5,0.25 653.074
0.45,0.5,0.3 434.281
0.45,0.5,0.35 922.171
0.45,0.5,0.4 830.013
0.45,0.5,0.45 117.268
0.45,0.5,0.5 0.0631711
0.45,0.55,0 4.57506e-09
0.45,0.55,0.05 35.0302
0.45,0.55,0.1 237.438
0.45,0.55,0.15 623.292
0.45,0.55,0.2 567.284
0.45,0.55,0.25 246.414
0.45,0.55,0.3 85.1948
0.45,0.55,0.35 352.603
0.45,0.55,0.4 297.178
0.45,0.55,0.45 14.8576
0.45,0.55,0.5 0.0030908
0.45,0.6,0 1.45695e-08
0.45,0.6,0.05 124.562
0.45,0.6,0.1 533.594
0.45,0.6,0.15 398.047
0.45,0.6,0.2 705.046
0.45,0.6,0.25 428.426
0.45,0.6,0.3 39.4531
0.45,0.6,0.35 11.0049
0.45,0.6,0.4 6.40881
0.45,0.6,0.45 0.16586
0.45,0.65,0 4.32448e-09
0.45,0.65,0.05 65.775
0.45,0.65,0.1 277.712
0.45,0.65,0.15 210.75
0.45,0.65,0.2 253.554
0.45,0.65,0.25 118.617
0.45,0.65,0.3 33.0715
0.45,0.65,0.35 70.9332
0.45,0.65,0.4 15.5221
0.45,0.65,0.45 0.0292094
0.45,0.7,0 1.04913e-10
0.45,0.7,0.05 1.20881
0.45,0.7,0.1 9.68028
0.45,0.7,0.15 45.2485
0.45,0.7,0.2 85.6139
0.45,0.7,0.25 49.5793
0.45,0.7,0.3 40.1365
0.45,0.7,0.35 114.29
0.45,0.7,0.4 23.2729
0.45,0.7,0.45 0.00074692
0.45,0.75,0 2.42916e-07
0.45,0.75,0.05 25.0314
0.45,0.75,0.1 99.4886
0.45,0.75,0.15 29.2199
0.45,0.75,0.2 37.4871
0.45,0.75,0.25 19.6753
0.45,0.75,0.3 3.90729
0.45,0.75,0.35 11.0825
0.45,0.75,0.4 2.25503
0.45,0.8,0 7.85732e-07
0.45,0.8,0.05 80.9672
0.45,0.8,0.1 321.799
0.45,0.8,0.15 80.3393
0.45,0.8,0.2 3.08367
0.45,0.8,0.25 1.42161
0.45,0.8,0.3 0.00759705
0.45,0.85,0 1.58594e-07
0.45,0.85,0.05 16.3439
0.45,0.85,0.1 64.9577
0.45,0.85,0.15 16.1356
0.45,0.9,0 1.66874e-12
0.45,0.9,0.05 0.000257712
0.45,0.9,0.1 0.00102509
0.45,0.9,0.15 0.00025484
0.5,0.05,0.25 0.939246
0.5,0.05,0.3 16.0971
0.5,0.05,0.35 13.5274
0.5,0.05,0.4 0.420443
0.5,0.1,0 4.9591e-13
0.5,0.1,0.05 0.350068
0.5,0.1,0.1 5.65411
0.5,0.1,0.15 27.0661
0.5,0.1,0.2 40.0631
0.5,0.1,0.25 47.6474
0.5,0.1,0.3 266.041
0.5,0.1,0.35 212.47
0.5,0.1,0.4 6.58726
0.5,0.15,0 1.46754e-10
0.5,0.15,0.05 6.37094
0.5,0.15,0.1 57.6833
0.5,0.15,0.15 238.088
0.5,0.15,0.2 405.565
0.5,0.15,0.25 604.529
0.5,0.15,0.3 556.309
0.5,0.15,0.35 185.342
0.5,0.15,0.4 5.24776
0.5,0.2,0 3.50708e-10
0.5,0.2,0.05 61.3299
0.5,0.2,0.1 388.082
0.5,0.2,0.15 516.312
0.5,0.2,0.2 754.414
0.5,0.2,0.25 860.189
0.5,0.2,0.3 697.237
0.5,0.2,0.35 126.916
0.5,0.2,0.4 8.61323
0.5,0.25,0 5.2934e-11
0.5,0.25,0.05 75.3992
0.5,0.25,0.1 399.935
0.5,0.25,0.15 432.781
0.5,0.25,0.2 686.697
0.5,0.25,0.25 575.577
0.5,0.25,0.3 419.665
0.5,0.25,0.35 308.951
0.5,0.25,0.4 27.7441
0.5,0.3,0 9.17466e-09
0.5,0.3,0.05 133.53
0.5,0.3,0.1 556.408
0.5,0.3,0.15 628.985
0.5,0.3,0.2 743.816
0.5,0.3,0.25 406.65
0.5,0.3,0.3 206.85
0.5,0.3,0.35 105.078
0.5,0.3,0.4 51.8859
0.5,0.3,0.45 7.8879
0.5,0.35,0 1.14714e-07
0.5,0.35,0.05 152.075
0.5,0.35,0.1 621.957
0.5,0.35,0.15 486.957
0.5,0.35,0.2 485.678
0.5,0.35,0.25 159.319
0.5,0.35,0.3 178.227
0.5,0.35,0.35 291.569
0.5,0.35,0.4 433.61
0.5,0.35,0.45 63.9253
0.5,0.4,0 7.86518e-08
0.5,0.4,0.05 102.607
0.5,0.4,0.1 411.855
0.5,0.4,0.15 193.473
0.5,0.4,0.2 389.808
0.5,0.4,0.25 339.882
0.5,0.4,0.3 210.068
0.5,0.4,0.35 530.152
0.5,0.4,0.4 416.656
0.5,0.4,0.45 34.9481
0.5,0.4,0.5 0.000308758
0.5,0.45,0 3.16654e-09
0.5,0.45,0.05 105.326
0.5,0.45,0.1 427.331
0.5,0.45,0.15 204.386
0.5,0.45,0.2 482.094
0.5,0.45,0.25 428.06
0.5,0.45,0.3 154.097
0.5,0.45,0.35 153.625
0.5,0.45,0.4 117.01
0.5,0.45,0.45 15.4594
0.5,0.45,0.5 0.00837614
0.5,0.5,0 5.9216e-09
0.5,0.5,0.05 118.632
0.5,0.5,0.1 497.087
0.5,0.5,0.15 416.692
0.5,0.5,0.2 644.438
0.5,0.5,0.25 559.728
0.5,0.5,0.3 361.896
0.5,0.5,0.35 301.532
0.5,0.5,0.4 241.187
0.5,0.5,0.45 21.799
0.5,0.5,0.5 0.0091522
0.5,0.55,0 5.7425e-09
0.5,0.55,0.05 77.2038
0.5,0.55,0.1 433.634
0.5,0.55,0.15 787.929
0.5,0.55,0.2 950.388
0.5,0.55,0.25 298.713
0.5,0.55,0.3 299.111
0.5,0.55,0.35 186.391
0.5,0.55,0.4 113.294
0.5,0.55,0.45 4.68007
0.5,0.55,0.5 0.000464352
0.5,0.6,0 5.48123e-10
0.5,0.6,0.05 12.6826
0.5,0.6,0.1 176.021
0.5,0.6,0.15 435.613
0.5,0.6,0.2 392.132
0.5,0.6,0.25 100.055
0.5,0.6,0.3 17.7149
0.5,0.6,0.35 4.78715
0.5,0.6,0.4 1.52979
0.5,0.6,0.45 0.0510333
0.5,0.65,0 1.7077e-10
0.5,0.65,0.05 5.71737
0.5,0.65,0.1 81.5526
0.5,0.65,0.15 420.457
0.5,0.65,0.2 379.319
0.5,0.65,0.25 265.855
0.5,0.65,0.3 38.255
0.5,0.65,0.35 0.17692
0.5,0.65,0.4 0.00468953
0.5,0.7,0 7.55697e-12
0.5,0.7,0.05 0.415361
0.5,0.7,0.1 19.9874
0.5,0.7,0.15 184.722
0.5,0.7,0.2 680.097
0.5,0.7,0.25 565.826
0.5,0.7,0.3 53.1101
0.5,0.7,0.35 0.21401
0.5,0.7,0.4 0.00796345
0.5,0.75,0 1.82802e-08
0.5,0.75,0.05 8.3255
0.5,0.75,0.1 35.8964
0.5,0.75,0.15 61.8782
0.5,0.75,0.2 395.814
0.5,0.75,0.25 211.41
0.5,0.75,0.3 5.02536
0.5,0.75,0.35 0.0132715
0.5,0.75,0.4 0.000773189
0.5,0.8,0 1.78869e-07
0.5,0.8,0.05 31.8895
0.5,0.8,0.1 127.217
0.5,0.8,0.15 36.6496
0.5,0.8,0.2 34.4435
0.5,0.8,0.25 15.8449
0.5,0.8,0.3 0.0846749
0.5,0.85,0 1.65992e-07
0.5,0.85,0.05 25.4838
0.5,0.85,0.1 101.369
0.5,0.85,0.15 25.2017
0.5,0.9,0 8.96276e-09
0.5,0.9,0.05 1.38416
0.5,0.9,0.1 5.50572
0.5,0.9,0.15 1.36874
0.55,0.05,0.25 0.152302
0.55,0.05,0.3 2.61019
0.55,0.05,0.35 2.19352
0.55,0.05,0.4 0.0681763
0.55,0.1,0 2.28102e-11
0.55,0.1,0.05 0.084189
0.55,0.1,0.1 0.36817
0.55,0.1,0.15 3.85303
0.55,0.1,0.2 31.383
0.55,0.1,0.25 28.7073
0.55,0.1,0.3 45.7644
0.55,0.1,0.35 34.588
0.55,0.1,0.4 1.06815
0.55,0.15,0 6.75019e-09
0.55,0.15,0.05 26.7239
0.55,0.15,0.1 110.003
0.55,0.15,0.15 70.9749
0.55,0.15,0.2 310.028
0.55,0.15,0.25 343.378
0.55,0.15,0.3 180.99
0.55,0.15,0.35 41.9442
0.55,0.15,0.4 1.29811
0.55,0.2,0 1.61313e-08
0.55,0.2,0.05 85.7787
0.55,0.2,0.1 390.932
0.55,0.2,0.15 315.353
0.55,0.2,0.2 510.852
0.55,0.2,0.25 443.589
0.55,0.2,0.3 475.522
0.55,0.2,0.35 257.921
0.55,0.2,0.4 17.6042
0.55,0.25,0 2.36132e-09
0.55,0.25,0.05 60.2134
0.55,0.25,0.1 289.049
0.55,0.25,0.15 447.813
0.55,0.25,0.2 652.973
0.55,0.25,0.25 659.975
0.55,0.25,0.3 727.864
0.55,0.25,0.35 468.945
0.55,0.25,0.4 34.1414
0.55,0.3,0 3.246e-09
0.55,0.3,0.05 105.201
0.55,0.3,0.1 432.728
0.55,0.3,0.15 430.575
0.55,0.3,0.2 573.754
0.55,0.3,0.25 720.131
0.55,0.3,0.3 831.095
0.55,0.3,0.35 198.874
0.55,0.3,0.4 12.2207
0.55,0.3,0.45 1.16592
0.55,0.35,0 3.91617e-08
0.55,0.35,0.05 139.711
0.55,0.35,0.1 570.281
0.55,0.35,0.15 264.852
0.55,0.35,0.2 144.243
0.55,0.35,0.25 241.91
0.55,0.35,0.3 456.71
0.55,0.35,0.35 128.868
0.55,0.35,0.4 63.454
0.55,0.35,0.45 9.44497
0.55,0.4,0 2.66308e-08
0.55,0.4,0.05 87.2112
0.55,0.4,0.1 356.962
0.55,0.4,0.15 125.349
0.55,0.4,0.2 168.767
0.55,0.4,0.25 385.844
0.55,0.4,0.3 112.637
0.55,0.4,0.35 68.1327
0.55,0.4,0.4 59.2518
0.55,0.4,0.45 5.07827
0.55,0.45,0 2.04917e-09
0.55,0.45,0.05 96.8629
0.55,0.45,0.1 452.957
0.55,0.45,0.15 159.998
0.55,0.45,0.2 352.305
0.55,0.45,0.25 420.532
0.55,0.45,0.3 40.5434
0.55,0.45,0.35 11.9952
0.55,0.45,0.4 7.66285
0.55,0.45,0.45 0.176782
0.55,0.5,0 2.31824e-09
0.55,0.5,0.05 75.1353
0.55,0.5,0.1 417.325
0.55,0.5,0.15 227.405
0.55,0.5,0.2 678.231
0.55,0.5,0.25 639.024
0.55,0.5,0.3 171.849
0.55,0.5,0.35 30.8123
0.55,0.5,0.4 0.499826
0.55,0.5,0.45 0.0180931
0.55,0.55,0 2.08202e-09
0.55,0.55,0.05 34.3865
0.55,0.55,0.1 261.774
0.55,0.55,0.15 401.546
0.55,0.55,0.2 676.849
0.55,0.55,0.25 352.17
0.55,0.55,0.3 193.319
0.55,0.55,0.35 40.2487
0.55,0.55,0.4 0.28615
0.55,0.55,0.45 0.0101249
0.55,0.6,0 9.35155e-11
0.55,0.6,0.05 5.30275
0.55,0.6,0.1 190.518
0.55,0.6,0.15 360.198
0.55,0.6,0.2 435.799
0.55,0.6,0.25 412.064
0.55,0.6,0.3 53.7413
0.55,0.6,0.35 4.13722
0.55,0.6,0.4 0.00400691
0.55,0.6,0.45 0.000133441
0.55,0.65,0 6.11672e-12
0.55,0.65,0.05 29.1168
0.55,0.65,0.1 173.465
0.55,0.65,0.15 262.487
0.55,0.65,0.2 337.023
0.55,0.65,0.25 660.322
0.55,0.65,0.3 182.503
0.55,0.65,0.35 1.36079
0.55,0.7,0 6.79913e-12
0.55,0.7,0.05 28.7266
0.55,0.7,0.1 214.123
0.55,0.7,0.15 358.044
0.55,0.7,0.2 474.863
0.55,0.7,0.25 663.809
0.55,0.7,0.3 181.508
0.55,0.7,0.35 1.54604
0.55,0.75,0 1.43003e-08
0.55,0.75,0.05 71.026
0.55,0.75,0.1 383.186
0.55,0.75,0.15 326.107
0.55,0.75,0.2 276.936
0.55,0.75,0.25 161.572
0.55,0.75,0.3 15.5383
0.55,0.75,0.35 0.0838601
0.55,0.8,0 4.45858e-07
0.55,0.8,0.05 145.014
0.55,0.8,0.1 587.495
0.55,0.8,0.15 167.55
0.55,0.8,0.2 25.3619
0.55,0.8,0.25 14.0428
0.55,0.8,0.3 1.17738
0.55,0.8,0.35 2.44632e-05
0.55,0.85,0 5.23551e-07
0.55,0.85,0.05 89.3176
0.55,0.85,0.1 355.454
0.55,0.85,0.15 88.42
0.55,0.85,0.2 0.00756504
0.55,0.85,0.25 0.000274328
0.55,0.85,0.3 5.55866e-07
0.55,0.85,0.35 1.20935e-11
0.55,0.9,0 2.99179e-08
0.55,0.9,0.05 5.75641
0.55,0.9,0.1 22.9211
0.55,0.9,0.15 5.70429
0.55,0.95,0 9.51499e-18
0.55,0.95,0.05 1.11451e-05
0.55,0.95,0.1 4.45676e-05
0.55,0.95,0.15 1.11387e-05
0.6,0.1,0 3.18535e-11
0.6,0.1,0.05 0.117567
0.6,0.1,0.1 0.469354
0.6,0.1,0.15 4.43698
0.6,0.1,0.2 43.1688
0.6,0.1,0.25 25.5233
0.6,0.1,0.3 0.382516
0.6,0.1,0.35 0.000739977
0.6,0.15,0 9.42638e-09
0.6,0.15,0.05 34.8344
0.6,0.15,0.1 139.547
0.6,0.15,0.15 77.5271
0.6,0.15,0.2 414.319
0.6,0.15,0.25 242.727
0.6,0.15,0.3 9.87533
0.6,0.15,0.35 7.05471
0.6,0.15,0.4 0.444593
0.6,0.2,0 2.25266e-08
0.6,0.2,0.05 88.8729
0.6,0.2,0.1 437.197
0.6,0.2,0.15 274.9
0.6,0.2,0.2 316.041
0.6,0.2,0.25 152.926
0.6,0.2,0.3 145.189
0.6,0.2,0.35 171.262
0.6,0.2,0.4 10.9159
0.6,0.25,0 3.29426e-09
0.6,0.25,0.05 26.6466
0.6,0.25,0.1 289.595
0.6,0.25,0.15 572.468
0.6,0.25,0.2 515.287
0.6,0.25,0.25 384.56
0.6,0.25,0.3 375.243
0.6,0.25,0.35 199.887
0.6,0.25,0.4 11.7011
0.6,0.3,0 7.54887e-11
0.6,0.3,0.05 15.2475
0.6,0.3,0.1 104.516
0.6,0.3,0.15 418.796
0.6,0.3,0.2 805.73
0.6,0.3,0.25 780.694
0.6,0.3,0.3 456.496
0.6,0.3,0.35 58.3045
0.6,0.3,0.4 0.653564
0.6,0.35,0 5.35245e-10
0.6,0.35,0.05 46.854
0.6,0.35,0.1 275.93
0.6,0.35,0.15 700.027
0.6,0.35,0.2 420.628
0.6,0.35,0.25 178.163
0.6,0.35,0.3 165.113
0.6,0.35,0.35 30.6698
0.6,0.4,0 2.62545e-10
0.6,0.4,0.05 31.1607
0.6,0.4,0.1 201.844
0.6,0.4,0.15 380.9
0.6,0.4,0.2 170.089
0.6,0.4,0.25 79.6032
0.6,0.4,0.3 26.1916
0.6,0.4,0.35 3.19904
0.6,0.45,0 7.6622e-11
0.6,0.45,0.05 81.6444
0.6,0.45,0.1 567.658
0.6,0.45,0.15 274.481
0.6,0.45,0.2 399.179
0.6,0.45,0.25 604.257
0.6,0.45,0.3 86.1504
0.6,0.45,0.35 0.00877696
0.6,0.5,0 1.66957e-11
0.6,0.5,0.05 72.697
0.6,0.5,0.1 532.505
0.6,0.5,0.15 260.818
0.6,0.5,0.2 507.911
0.6,0.5,0.25 669.185
0.6,0.5,0.3 156.964
0.6,0.5,0.35 21.3446
0.6,0.55,0 3.06421e-12
0.6,0.55,0.05 9.18832
0.6,0.55,0.1 78.5878
0.6,0.55,0.15 63.4799
0.6,0.55,0.2 255.664
0.6,0.55,0.25 382.351
0.6,0.55,0.3 405.262
0.6,0.55,0.35 91.692
0.6,0.6,0 9.91489e-13
0.6,0.6,0.05 4.37939
0.6,0.6,0.1 38.6575
0.6,0.6,0.15 61.0533
0.6,0.6,0.2 541.109
0.6,0.6,0.25 887.412
0.6,0.6,0.3 242.007
0.6,0.6,0.35 25.1574
0.6,0.65,0 1.62843e-11
0.6,0.65,0.05 76.9202
0.6,0.65,0.1 377.264
0.6,0.65,0.15 347.286
0.6,0.65,0.2 389.077
0.6,0.65,0.25 744.112
0.6,0.65,0.3 187.433
0.6,0.65,0.35 1.39413
0.6,0.7,0 1.77471e-11
0.6,0.7,0.05 71.0302
0.6,0.7,0.1 439.585
0.6,0.7,0.15 578.038
0.6,0.7,0.2 363.319
0.6,0.7,0.25 413.417
0.6,0.7,0.3 143.81
0.6,0.7,0.35 1.56043
0.6,0.75,0 3.47398e-09
0.6,0.75,0.05 79.6593
0.6,0.75,0.1 451.092
0.6,0.75,0.15 475.538
0.6,0.75,0.2 271.328
0.6,0.75,0.25 363.129
0.6,0.75,0.3 92.5863
0.6,0.75,0.35 0.0974442
0.6,0.8,0 9.40025e-08
0.6,0.8,0.05 157.068
0.6,0.8,0.1 643.463
0.6,0.8,0.15 266.068
0.6,0.8,0.2 97.7423
0.6,0.8,0.25 83.2093
0.6,0.8,0.3 21.8842
0.6,0.8,0.35 0.000476093
0.6,0.85,0 1.09315e-07
0.6,0.85,0.05 109.325
0.6,0.85,0.1 436.956
0.6,0.85,0.15 112.087
0.6,0.85,0.2 2.72212
0.6,0.85,0.25 0.0980226
0.6,0.85,0.3 1.0818e-05
0.6,0.85,0.35 2.35358e-10
0.6,0.9,0 6.2527e-09
0.6,0.9,0.05 22.1589
0.6,0.9,0.1 88.5901
0.6,0.9,0.15 22.1361
0.6,0.95,0 1.77506e-16
0.6,0.95,0.05 0.000207916
0.6,0.95,0.1 0.000831427
0.6,0.95,0.15 0.000207798
0.65,0.1,0 2.36804e-12
0.65,0.1,0.05 0.00874009
0.65,0.1,0.1 0.0348925
0.65,0.1,0.15 3.58233
0.65,0.1,0.2 28.9318
0.65,0.1,0.25 14.0638
0.65,0.1,0.3 0.0962318
0.65,0.15,0 7.00772e-10
0.65,0.15,0.05 2.62024
0.65,0.15,0.1 10.9344
0.65,0.15,0.15 39.9958
0.65,0.15,0.2 300.707
0.65,0.15,0.25 147.511
0.65,0.15,0.3 1.32238
0.65,0.15,0.35 0.298311
0.65,0.15,0.4 0.0189316
0.65,0.2,0 1.67467e-09
0.65,0.2,0.05 11.9114
0.65,0.2,0.1 128.538
0.65,0.2,0.15 139.55
0.65,0.2,0.2 279.48
0.65,0.2,0.25 141.46
0.65,0.2,0.3 7.67352
0.65,0.2,0.35 7.18894
0.65,0.2,0.4 0.4558
0.65,0.25,0 2.44885e-10
0.65,0.25,0.05 13.0474
0.65,0.25,0.1 229.158
0.65,0.25,0.15 357.802
0.65,0.25,0.2 456.474
0.65,0.25,0.25 210.852
0.65,0.25,0.3 25.9386
0.65,0.25,0.35 7.76507
0.65,0.25,0.4 0.467413
0.65,0.3,0 4.92145e-13
0.65,0.3,0.05 1.59432
0.65,0.3,0.1 55.4048
0.65,0.3,0.15 448.719
0.65,0.3,0.2 631.718
0.65,0.3,0.25 371.479
0.65,0.3,0.3 54.0932
0.65,0.3,0.35 0.956633
0.65,0.3,0.4 0.0212548
