0.45,0.1,0.25 85.2832
0.45,0.1,0.3 196.38
0.45,0.1,0.35 105.419
0.45,0.1,0.4 1.32957
0.45,0.15,0.05 108.667
0.45,0.15,0.1 596.067
0.45,0.15,0.15 335.043
0.45,0.15,0.2 308.811
0.45,0.15,0.25 280.501
0.45,0.15,0.3 349.701
0.45,0.15,0.35 165.004
0.45,0.15,0.4 2.05293
0.45,0.2,0 8.45513e-12
0.45,0.2,0.05 142.16
0.45,0.2,0.1 662.063
0.45,0.2,0.15 304.061
0.45,0.2,0.2 270.228
0.45,0.2,0.25 411.026
0.45,0.2,0.3 183.414
0.45,0.2,0.35 16.6067
0.45,0.2,0.4 0.175676
0.45,0.25,0 2.82367e-10
0.45,0.25,0.05 114.379
0.45,0.25,0.1 463.36
0.45,0.25,0.15 210.507
0.45,0.25,0.2 243.702
0.45,0.25,0.25 317.531
0.45,0.25,0.3 122.296
0.45,0.25,0.35 0.711198
0.45,0.3,0 4.0382e-10
0.45,0.3,0.05 138.186
0.45,0.3,0.1 574.686
0.45,0.3,0.15 574.108
0.45,0.3,0.2 718.78
0.45,0.3,0.25 187.155
0.45,0.3,0.3 37.1006
0.45,0.3,0.35 6.71169
0.45,0.3,0.4 1.96424
0.45,0.3,0.45 0.0469677
0.45,0.35,0 5.22514e-10
0.45,0.35,0.05 143.368
0.45,0.35,0.1 586.284
0.45,0.35,0.15 440.916
0.45,0.35,0.2 562.447
0.45,0.35,0.25 379.411
0.45,0.35,0.3 475.362
0.45,0.35,0.35 206.08
0.45,0.35,0.4 30.8251
0.45,0.35,0.45 0.585399
0.45,0.4,0 2.67288e-10
0.45,0.4,0.05 77.5086
0.45,0.4,0.1 323.046
0.45,0.4,0.15 284.021
0.45,0.4,0.2 345.159
0.45,0.4,0.25 290.531
0.45,0.4,0.3 707.802
0.45,0.4,0.35 524.364
0.45,0.4,0.4 55.3164
0.45,0.4,0.45 1.62781
0.45,0.45,0 1.219e-10
0.45,0.45,0.05 74.0147
0.45,0.45,0.1 342.833
0.45,0.45,0.15 493.631
0.45,0.45,0.2 493.886
0.45,0.45,0.25 570.427
0.45,0.45,0.3 523.144
0.45,0.45,0.35 281.634
0.45,0.45,0.4 112.127
0.45,0.45,0.45 12.2319
0.45,0.5,0 8.36729e-10
0.45,0.5,0.05 102.876
0.45,0.5,0.1 476.065
0.45,0.5,0.15 398.377
0.45,0.5,0.2 694.288
0.45,0.5,0.25 617.894
0.45,0.5,0.3 629.168
0.45,0.5,0.35 907.574
0.45,0.5,0.4 474.522
0.45,0.5,0.45 55.9247
0.45,0.55,0 4.41203e-09
0.45,0.55,0.05 77.5722
0.45,0.55,0.1 441.245
0.45,0.55,0.15 384.495
0.45,0.55,0.2 535.773
0.45,0.55,0.25 213.568
0.45,0.55,0.3 302.988
0.45,0.55,0.35 710.276
0.45,0.55,0.4 265.339
0.45,0.55,0.45 24.2605
0.45,0.6,0 1.45626e-08
0.45,0.6,0.05 133.302
0.45,0.6,0.1 569.553
0.45,0.6,0.15 351.175
0.45,0.6,0.2 793.343
0.45,0.6,0.25 336.58
0.45,0.6,0.3 32.6597
0.45,0.6,0.35 41.3292
0.45,0.6,0.4 9.1553
0.45,0.6,0.45 0.179404
0.45,0.65,0 4.32448e-09
0.45,0.65,0.05 71.6613
0.45,0.65,0.1 353.612
0.45,0.65,0.15 200.34
0.45,0.65,0.2 285.067
0.45,0.65,0.25 109.823
0.45,0.65,0.3 24.5595
0.45,0.65,0.35 5.64929
0.45,0.65,0.4 1.56764
0.45,0.65,0.45 0.0702667
0.45,0.7,0 1.04913e-10
0.45,0.7,0.05 2.96603
0.45,0.7,0.1 32.5813
0.45,0.7,0.15 31.6598
0.45,0.7,0.2 18.2842
0.45,0.7,0.25 19.26
0.45,0.7,0.3 80.9993
0.45,0.7,0.35 32.2471
0.45,0.7,0.4 0.157551
0.45,0.7,0.45 0.00297142
0.45,0.75,0 2.42916e-07
0.45,0.75,0.05 25.0318
0.45,0.75,0.1 100.711
0.45,0.75,0.15 37.0325
0.45,0.75,0.2 8.08237
0.45,0.75,0.25 14.6048
0.45,0.75,0.3 81.862
0.45,0.75,0.35 33.0728
0.45,0.75,0.4 0.0945152
0.45,0.8,0 7.85732e-07
0.45,0.8,0.05 80.9672
0.45,0.8,0.1 321.942
0.45,0.8,0.15 81.3697
0.45,0.8,0.2 0.923347
0.45,0.8,0.25 0.814623
0.45,0.8,0.3 3.81142
0.45,0.8,0.35 1.53198
0.45,0.8,0.4 0.00437809
0.45,0.85,0 1.58594e-07
0.45,0.85,0.05 16.3439
0.45,0.85,0.1 64.9577
0.45,0.85,0.15 16.1356
0.45,0.9,0 1.66874e-12
0.45,0.9,0.05 0.000257712
0.45,0.9,0.1 0.00102509
0.45,0.9,0.15 0.00025484
0.5,0.05,0.25 0.183994
0.5,0.05,0.3 1.88136
0.5,0.05,0.35 1.10171
0.5,0.05,0.4 0.013925
0.5,0.1,0 5.92022e-15
0.5,0.1,0.05 4.29118
0.5,0.1,0.1 19.9837
0.5,0.1,0.15 17.0199
0.5,0.1,0.2 33.8119
0.5,0.1,0.25 49.2163
0.5,0.1,0.3 149.199
0.5,0.1,0.35 68.3687
0.5,0.1,0.4 0.826907
0.5,0.15,0 1.70802e-12
0.5,0.15,0.05 31.9241
0.5,0.15,0.1 144.041
0.5,0.15,0.15 181.749
0.5,0.15,0.2 498.087
0.5,0.15,0.25 623.747
0.5,0.15,0.3 621.291
0.5,0.15,0.35 131.993
0.5,0.15,0.4 1.27741
0.5,0.2,0 4.2543e-12
0.5,0.2,0.05 111.517
0.5,0.2,0.1 456.988
0.5,0.2,0.15 422.442
0.5,0.2,0.2 834.269
0.5,0.2,0.25 810.483
0.5,0.2,0.3 496.579
0.5,0.2,0.35 43.2958
0.5,0.2,0.4 0.355134
0.5,0.25,0 7.02033e-12
0.5,0.25,0.05 99.0721
0.5,0.25,0.1 403.667
0.5,0.25,0.15 356.04
0.5,0.25,0.2 544.285
0.5,0.25,0.25 515.264
0.5,0.25,0.3 212.514
0.5,0.25,0.35 26.5521
0.5,0.25,0.4 0.620264
0.5,0.3,0 3.28102e-10
0.5,0.3,0.05 153.898
0.5,0.3,0.1 652.046
0.5,0.3,0.15 764.885
0.5,0.3,0.2 667.464
0.5,0.3,0.25 259.887
0.5,0.3,0.3 79.2377
0.5,0.3,0.35 25.6904
0.5,0.3,0.4 16.1581
0.5,0.3,0.45 0.384131
0.5,0.35,0 2.51521e-09
0.5,0.35,0.05 179.412
0.5,0.35,0.1 738.046
0.5,0.35,0.15 562.793
0.5,0.35,0.2 505.032
0.5,0.35,0.25 88.8947
0.5,0.35,0.3 115.397
0.5,0.35,0.35 360.591
0.5,0.35,0.4 205.447
0.5,0.35,0.45 4.78773
0.5,0.4,0 1.6934e-09
0.5,0.4,0.05 96.5986
0.5,0.4,0.1 388.385
0.5,0.4,0.15 265.993
0.5,0.4,0.2 390.134
0.5,0.4,0.25 231.966
0.5,0.4,0.3 468.891
0.5,0.4,0.35 632.984
0.5,0.4,0.4 162.076
0.5,0.4,0.45 3.24907
0.5,0.45,0 1.67001e-09
0.5,0.45,0.05 106.802
0.5,0.45,0.1 431.779
0.5,0.45,0.15 299.697
0.5,0.45,0.2 458.161
0.5,0.45,0.25 464.771
0.5,0.45,0.3 279.039
0.5,0.45,0.35 166.956
0.5,0.45,0.4 28.4888
0.5,0.45,0.45 2.49766
0.5,0.5,0 4.97947e-09
0.5,0.5,0.05 133.546
0.5,0.5,0.1 579.805
0.5,0.5,0.15 399.574
0.5,0.5,0.2 538.082
0.5,0.5,0.25 308.814
0.5,0.5,0.3 127.68
0.5,0.5,0.35 203.515
0.5,0.5,0.4 146.722
0.5,0.5,0.45 17.7479
0.5,0.55,0 4.82499e-09
0.5,0.55,0.05 126.846
0.5,0.55,0.1 689.641
0.5,0.55,0.15 739.215
0.5,0.55,0.2 870.031
0.5,0.55,0.25 142.895
0.5,0.55,0.3 90.806
0.5,0.55,0.35 207.863
0.5,0.55,0.4 88.1225
0.5,0.55,0.45 7.85616
0.5,0.6,0 5.07852e-10
0.5,0.6,0.05 40.4095
0.5,0.6,0.1 343.785
0.5,0.6,0.15 424.663
0.5,0.6,0.2 501.531
0.5,0.6,0.25 94.3335
0.5,0.6,0.3 10.4508
0.5,0.6,0.35 13.2555
0.5,0.6,0.4 2.82821
0.5,0.6,0.45 0.0349949
0.5,0.65,0 1.74518e-10
0.5,0.65,0.05 28.909
0.5,0.65,0.1 374.074
0.5,0.65,0.15 366.949
0.5,0.65,0.2 216.848
0.5,0.65,0.25 41.3448
0.5,0.65,0.3 0.141481
0.5,0.65,0.35 5.3797e-05
0.5,0.65,0.4 1.493e-07
0.5,0.7,0 1.09012e-11
0.5,0.7,0.05 6.89435
0.5,0.7,0.1 118.459
0.5,0.7,0.15 335.119
0.5,0.7,0.2 310.818
0.5,0.7,0.25 36.5645
0.5,0.7,0.3 0.0378441
0.5,0.7,0.35 0.00128239
0.5,0.7,0.4 3.6648e-06
0.5,0.75,0 1.82804e-08
0.5,0.75,0.05 8.35538
0.5,0.75,0.1 61.7424
0.5,0.75,0.15 280.643
0.5,0.75,0.2 169.659
0.5,0.75,0.25 4.4714
0.5,0.75,0.3 0.00434031
0.5,0.75,0.35 0.00132895
0.5,0.75,0.4 3.79786e-06
0.5,0.8,0 1.78869e-07
0.5,0.8,0.05 31.8915
0.5,0.8,0.1 130.163
0.5,0.8,0.15 61.7391
0.5,0.8,0.2 17.2009
0.5,0.8,0.25 0.206957
0.5,0.8,0.3 0.00015177
0.5,0.8,0.35 6.15589e-05
0.5,0.8,0.4 1.75923e-07
0.5,0.85,0 1.65992e-07
0.5,0.85,0.05 25.4838
0.5,0.85,0.1 101.369
0.5,0.85,0.15 25.2017
0.5,0.9,0 8.96276e-09
0.5,0.9,0.05 1.38416
0.5,0.9,0.1 5.50572
0.5,0.9,0.15 1.36874
0.55,0.05,0.25 0.00277211
0.55,0.05,0.3 0.0283451
0.55,0.05,0.35 0.0165986
0.55,0.05,0.4 0.000209799
0.55,0.1,0 2.20047e-13
0.55,0.1,0.05 0.091645
0.55,0.1,0.1 0.691553
0.55,0.1,0.15 20.6021
0.55,0.1,0.2 35.1528
0.55,0.1,0.25 23.6646
0.55,0.1,0.3 27.5851
0.55,0.1,0.35 3.04828
0.55,0.1,0.4 0.0124584
0.55,0.15,0 6.60877e-11
0.55,0.15,0.05 29.2561
0.55,0.15,0.1 119.666
0.55,0.15,0.15 184.784
0.55,0.15,0.2 308.634
0.55,0.15,0.25 309.761
0.55,0.15,0.3 291.302
0.55,0.15,0.35 22.5555
0.55,0.15,0.4 0.0248526
0.55,0.2,0 2.36461e-10
0.55,0.2,0.05 101.102
0.55,0.2,0.1 413.373
0.55,0.2,0.15 436.428
0.55,0.2,0.2 610.385
0.55,0.2,0.25 388.896
0.55,0.2,0.3 387.866
0.55,0.2,0.35 108.305
0.55,0.2,0.4 2.24171
0.55,0.25,0 1.24703e-10
0.55,0.25,0.05 61.125
0.55,0.25,0.1 260.875
0.55,0.25,0.15 488.453
0.55,0.25,0.2 740.326
0.55,0.25,0.25 788.111
0.55,0.25,0.3 566.956
0.55,0.25,0.35 239.009
0.55,0.25,0.4 5.68844
0.55,0.3,0 3.36678e-10
0.55,0.3,0.05 102.18
0.55,0.3,0.1 423.829
0.55,0.3,0.15 399.864
0.55,0.3,0.2 534.597
0.55,0.3,0.25 812.756
0.55,0.3,0.3 367.479
0.55,0.3,0.35 83.9228
0.55,0.3,0.4 8.89948
0.55,0.3,0.45 0.187799
0.55,0.35,0 2.13545e-09
0.55,0.35,0.05 144.808
0.55,0.35,0.1 600.25
0.55,0.35,0.15 215.507
0.55,0.35,0.2 118.15
0.55,0.35,0.25 240.638
0.55,0.35,0.3 94.3515
0.55,0.35,0.35 150.971
0.55,0.35,0.4 98.4263
0.55,0.35,0.45 2.34068
0.55,0.4,0 1.3782e-09
0.55,0.4,0.05 77.8675
0.55,0.4,0.1 317.186
0.55,0.4,0.15 113.439
0.55,0.4,0.2 102.515
0.55,0.4,0.25 232.359
0.55,0.4,0.3 138.402
0.55,0.4,0.35 142.025
0.55,0.4,0.4 69.3766
0.55,0.4,0.45 1.58844
0.55,0.45,0 1.94769e-09
0.55,0.45,0.05 112.896
0.55,0.45,0.1 451.701
0.55,0.45,0.15 253.539
0.55,0.45,0.2 461.37
0.55,0.45,0.25 360.462
0.55,0.45,0.3 126.733
0.55,0.45,0.35 21.128
0.55,0.45,0.4 2.34645
0.55,0.45,0.45 0.0314746
0.55,0.5,0 2.94912e-09
0.55,0.5,0.05 99.8663
0.55,0.5,0.1 403.83
0.55,0.5,0.15 414.501
0.55,0.5,0.2 790.093
0.55,0.5,0.25 222.821
0.55,0.5,0.3 64.5035
0.55,0.5,0.35 2.25482
0.55,0.5,0.4 0.131746
0.55,0.5,0.45 0.00909405
0.55,0.55,0 1.91045e-09
0.55,0.55,0.05 53.5442
0.55,0.55,0.1 323.065
0.55,0.55,0.15 512.228
0.55,0.55,0.2 722.084
0.55,0.55,0.25 359.516
0.55,0.55,0.3 239.352
0.55,0.55,0.35 8.42679
0.55,0.55,0.4 0.12732
0.55,0.55,0.45 0.00402551
0.55,0.6,0 1.90528e-10
0.55,0.6,0.05 32.5795
0.55,0.6,0.1 323.325
0.55,0.6,0.15 403.31
0.55,0.6,0.2 375.797
0.55,0.6,0.25 122.931
0.55,0.6,0.3 63.9451
0.55,0.6,0.35 2.15416
0.55,0.6,0.4 0.00808108
0.55,0.6,0.45 1.79315e-05
0.55,0.65,0 2.11646e-09
0.55,0.65,0.05 37.9123
0.55,0.65,0.1 287.271
0.55,0.65,0.15 416.121
0.55,0.65,0.2 676.171
0.55,0.65,0.25 215.94
0.55,0.65,0.3 1.94896
0.55,0.65,0.35 1.81958e-05
0.55,0.7,0 1.88967e-09
0.55,0.7,0.05 32.2065
0.55,0.7,0.1 301.302
0.55,0.7,0.15 696.972
0.55,0.7,0.2 858.941
0.55,0.7,0.25 204.75
0.55,0.7,0.3 1.38633
0.55,0.75,0 1.43664e-08
0.55,0.75,0.05 72.2139
0.55,0.75,0.1 425.305
0.55,0.75,0.15 534.64
0.55,0.75,0.2 214.684
0.55,0.75,0.25 12.1525
0.55,0.75,0.3 0.0408509
0.55,0.8,0 4.45858e-07
0.55,0.8,0.05 145.091
0.55,0.8,0.1 589.819
0.55,0.8,0.15 186.671
0.55,0.8,0.2 17.5401
0.55,0.8,0.25 0.195254
0.55,0.85,0 5.23551e-07
0.55,0.85,0.05 89.3176
0.55,0.85,0.1 355.453
0.55,0.85,0.15 88.4116
0.55,0.9,0 2.99179e-08
0.55,0.9,0.05 5.75641
0.55,0.9,0.1 22.9211
0.55,0.9,0.15 5.70429
0.55,0.95,0 9.51499e-18
0.55,0.95,0.05 1.11451e-05
0.55,0.95,0.1 4.45676e-05
0.55,0.95,0.15 1.11387e-05
0.6,0.1,0 2.80139e-13
0.6,0.1,0.05 0.11667
0.6,0.1,0.1 1.1619
0.6,0.1,0.15 40.2962
0.6,0.1,0.2 61.5306
0.6,0.1,0.25 5.5725
0.6,0.1,0.3 0.527092
0.6,0.1,0.35 0.0426217
0.6,0.15,0 1.14615e-10
0.6,0.15,0.05 35.4014
0.6,0.15,0.1 146.71
0.6,0.15,0.15 325.22
0.6,0.15,0.2 439.533
0.6,0.15,0.25 43.0594
0.6,0.15,0.3 14.0498
0.6,0.15,0.35 2.37481
0.6,0.15,0.4 0.00300155
0.6,0.2,0 1.30222e-09
0.6,0.2,0.05 137.102
0.6,0.2,0.1 557.287
0.6,0.2,0.15 358.07
0.6,0.2,0.2 275.902
0.6,0.2,0.25 118.164
0.6,0.2,0.3 300.751
0.6,0.2,0.35 96.7767
0.6,0.2,0.4 1.19722
0.6,0.25,0 1.36203e-09
0.6,0.25,0.05 81.493
0.6,0.25,0.1 386.919
0.6,0.25,0.15 584.933
0.6,0.25,0.2 521.484
0.6,0.25,0.25 579.502
0.6,0.25,0.3 595.119
0.6,0.25,0.35 211.612
0.6,0.25,0.4 3.19377
0.6,0.3,0 1.76349e-10
0.6,0.3,0.05 17.0179
0.6,0.3,0.1 202.435
0.6,0.3,0.15 582.314
0.6,0.3,0.2 671.637
0.6,0.3,0.25 778.988
0.6,0.3,0.3 573.959
0.6,0.3,0.35 196.024
0.6,0.3,0.4 1.30819
0.6,0.3,0.45 0.00127744
0.6,0.35,0 5.76815e-10
0.6,0.35,0.05 49.438
0.6,0.35,0.1 515.609
0.6,0.35,0.15 578.231
0.6,0.35,0.2 218.141
0.6,0.35,0.25 288.23
0.6,0.35,0.3 165.005
0.6,0.35,0.35 50.2499
0.6,0.35,0.4 0.888063
0.6,0.35,0.45 0.0159217
0.6,0.4,0 2.96473e-10
0.6,0.4,0.05 37.5434
0.6,0.4,0.1 265.111
0.6,0.4,0.15 247.192
0.6,0.4,0.2 135.854
0.6,0.4,0.25 50.6418
0.6,0.4,0.3 8.962
0.6,0.4,0.35 0.626788
0.6,0.4,0.4 0.4518
0.6,0.4,0.45 0.0108049
0.6,0.45,0 1.00836e-09
0.6,0.45,0.05 155.504
0.6,0.45,0.1 622.555
0.6,0.45,0.15 338.73
0.6,0.45,0.2 632.158
0.6,0.45,0.25 226.288
0.6,0.45,0.3 15.0819
0.6,0.45,0.35 0.0344602
0.6,0.45,0.4 0.00859703
0.6,0.45,0.45 0.000205605
0.6,0.5,0 1.88153e-09
0.6,0.5,0.05 144.319
0.6,0.5,0.1 578.092
0.6,0.5,0.15 338.554
0.6,0.5,0.2 634.991
0.6,0.5,0.25 321.257
0.6,0.5,0.3 50.0768
0.6,0.5,0.35 1.21299
0.6,0.55,0 3.03679e-10
0.6,0.55,0.05 17.9607
0.6,0.55,0.1 85.8052
0.6,0.55,0.15 296.858
0.6,0.55,0.2 490.67
0.6,0.55,0.25 280.164
0.6,0.55,0.3 158.333
0.6,0.55,0.35 5.1597
0.6,0.6,0 2.98885e-10
0.6,0.6,0.05 6.9715
0.6,0.6,0.1 57.3344
0.6,0.6,0.15 441.008
0.6,0.6,0.2 757.348
0.6,0.6,0.25 214.655
0.6,0.6,0.3 43.7745
0.6,0.6,0.35 1.37339
0.6,0.65,0 5.64116e-09
0.6,0.65,0.05 80.3364
0.6,0.65,0.1 478.657
0.6,0.65,0.15 548.006
0.6,0.65,0.2 804.329
0.6,0.65,0.25 366.946
0.6,0.65,0.3 6.01127
0.6,0.65,0.35 1.18024e-05
0.6,0.7,0 5.0363e-09
0.6,0.7,0.05 75.1477
0.6,0.7,0.1 583.605
0.6,0.7,0.15 714.711
0.6,0.7,0.2 453.245
0.6,0.7,0.25 187.52
0.6,0.7,0.3 3.59274
0.6,0.75,0 3.65002e-09
0.6,0.75,0.05 81.2813
0.6,0.75,0.1 491.037
0.6,0.75,0.15 450.54
0.6,0.75,0.2 100.878
0.6,0.75,0.25 28.4393
0.6,0.75,0.3 1.46413
0.6,0.8,0 9.40025e-08
0.6,0.8,0.05 157.17
0.6,0.8,0.1 647.178
0.6,0.8,0.15 229.541
0.6,0.8,0.2 24.1212
0.6,0.8,0.25 1.04193
0.6,0.8,0.3 0.0599937
0.6,0.85,0 1.09315e-07
0.6,0.85,0.05 109.325
0.6,0.85,0.1 437.124
0.6,0.85,0.15 111.156
0.6,0.85,0.2 0.822236
0.6,0.85,0.25 0.00202711
0.6,0.9,0 6.2527e-09
0.6,0.9,0.05 22.1589
0.6,0.9,0.1 88.5901
0.6,0.9,0.15 22.1361
0.6,0.95,0 1.77506e-16
0.6,0.95,0.05 0.000207916
0.6,0.95,0.1 0.000831427
0.6,0.95,0.15 0.000207798
0.65,0.1,0 1.81586e-14
0.65,0.1,0.05 0.00756256
0.65,0.1,0.1 0.478368
0.65,0.1,0.15 22.224
0.65,0.1,0.2 32.0245
0.65,0.1,0.25 2.49427
0.65,0.15,0 2.88475e-11
0.65,0.15,0.05 3.3935
0.65,0.15,0.1 19.5699
0.65,0.15,0.15 232.567
0.65,0.15,0.2 319.283
0.65,0.15,0.25 26.5335
0.65,0.15,0.3 7.07816
0.65,0.15,0.35 1.50361
0.65,0.15,0.4 2.82795e-05
0.65,0.2,0 7.87933e-10
0.65,0.2,0.05 44.9888
0.65,0.2,0.1 197.401
0.65,0.2,0.15 260.88
0.65,0.2,0.2 218.098
0.65,0.2,0.25 70.6495
0.65,0.2,0.3 185.244
0.65,0.2,0.35 39.5867
0.65,0.2,0.4 0.0112798
0.65,0.25,0 9.33812e-10
0.65,0.25,0.05 48.7518
0.65,0.25,0.1 296.94
0.65,0.25,0.15 473.845
0.65,0.25,0.2 267.066
0.65,0.25,0.25 178.268
0.65,0.25,0.3 231.614
0.65,0.25,0.35 54.1453
0.65,0.25,0.4 0.0786607
0.65,0.3,0 5.54589e-11
0.65,0.3,0.05 4.70628
0.65,0.3,0.1 220.194
0.65,0.3,0.15 709.936
0.65,0.3,0.2 657.089
0.65,0.3,0.25 334.85
0.65,0.3,0.3 138.642
0.65,0.3,0.35 52.683
0.65,0.3,0.4 0.23174
0.65,0.35,0 1.32739e-12
0.65,0.35,0.05 12.5818
0.65,0.35,0.1 375.049
0.65,0.35,0.15 607.385
0.65,0.35,0.2 213.382
0.65,0.35,0.25 77.7589
0.65,0.35,0.3 36.6118
0.65,0.35,0.35 14.2737
0.65,0.35,0.4 0.0643075
