0.65,0.35,0.1 0.0545761
0.65,0.35,0.15 11.8427
0.65,0.35,0.2 68.3753
0.65,0.35,0.25 316.608
0.65,0.35,0.3 372.722
0.65,0.35,0.35 428.016
0.65,0.35,0.4 152.441
0.65,0.35,0.45 5.15489
0.65,0.4,0.1 0.322966
0.65,0.4,0.15 45.2338
0.65,0.4,0.2 233.802
0.65,0.4,0.25 468.856
0.65,0.4,0.3 414.798
0.65,0.4,0.35 569.127
0.65,0.4,0.4 239.642
0.65,0.4,0.45 7.94676
0.65,0.45,0.1 1.80058
0.65,0.45,0.15 89.1082
0.65,0.45,0.2 452.11
0.65,0.45,0.25 491.474
0.65,0.45,0.3 369.793
0.65,0.45,0.35 647.62
0.65,0.45,0.4 155.891
0.65,0.45,0.45 2.6587
0.65,0.5,0.1 1.59
0.65,0.5,0.15 51.1669
0.65,0.5,0.2 321.402
0.65,0.5,0.25 395.565
0.65,0.5,0.3 189.181
0.65,0.5,0.35 408.126
0.65,0.5,0.4 345.175
0.65,0.5,0.45 26.5194
0.65,0.55,0.1 0.151928
0.65,0.55,0.15 3.77403
0.65,0.55,0.2 81.9888
0.65,0.55,0.25 241.245
0.65,0.55,0.3 392.556
0.65,0.55,0.35 234.57
0.65,0.55,0.4 255.946
0.65,0.55,0.45 23.9123
0.65,0.6,0.1 0.0142447
0.65,0.6,0.15 2.13635
0.65,0.6,0.2 4.53607
0.65,0.6,0.25 44.8321
0.65,0.6,0.3 144.794
0.65,0.6,0.35 45.0363
0.65,0.6,0.4 15.866
0.65,0.6,0.45 1.52313
0.65,0.65,0.1 0.175201
0.65,0.65,0.15 26.2064
0.65,0.65,0.2 53.859
0.65,0.65,0.25 6.92679
0.65,0.65,0.3 3.99141
0.65,0.65,0.35 10.2738
0.65,0.65,0.4 4.51365
0.65,0.65,0.45 0.0456001
0.65,0.7,0 1.66602e-12
0.65,0.7,0.05 0.129457
0.65,0.7,0.1 2.29333
0.65,0.7,0.15 39.37
0.65,0.7,0.2 64.9136
0.65,0.7,0.25 9.91642
0.65,0.7,0.3 23.4061
0.65,0.7,0.35 23.1598
0.65,0.7,0.4 2.49461
0.65,0.7,0.45 0.0187559
0.65,0.75,0 3.29428e-10
0.65,0.75,0.05 25.5693
0.65,0.75,0.1 109.81
0.65,0.75,0.15 103.264
0.65,0.75,0.2 96.5602
0.65,0.75,0.25 15.1299
0.65,0.75,0.3 34.1993
0.65,0.75,0.35 39.0719
0.65,0.75,0.4 2.40709
0.65,0.75,0.45 5.78596e-05
0.65,0.8,0 7.41671e-10
0.65,0.8,0.05 72.6439
0.65,0.8,0.1 294.04
0.65,0.8,0.15 94.1034
0.65,0.8,0.2 20.6738
0.65,0.8,0.25 3.19777
0.65,0.8,0.3 19.6362
0.65,0.8,0.35 28.9008
0.65,0.8,0.4 2.33104
0.65,0.85,0 1.72038e-10
0.65,0.85,0.05 77.8542
0.65,0.85,0.1 311.441
0.65,0.85,0.15 78.1396
0.65,0.85,0.2 0.0551818
0.65,0.85,0.25 0.0212794
0.65,0.85,0.3 1.14969
0.65,0.85,0.35 1.71255
0.65,0.85,0.4 0.139486
0.65,0.9,0 1.99767e-11
0.65,0.9,0.05 18.789
0.65,0.9,0.1 75.1345
0.65,0.9,0.15 18.7783
0.65,0.95,0 1.57188e-16
0.65,0.95,0.05 0.000184117
0.65,0.95,0.1 0.000736258
0.65,0.95,0.15 0.000184012
0.7,0.15,0.25 0.0261351
0.7,0.15,0.3 0.600432
0.7,0.15,0.35 0.600056
0.7,0.15,0.4 0.02606
0.7,0.2,0.15 0.10077
0.7,0.2,0.2 1.23392
0.7,0.2,0.25 2.96986
0.7,0.2,0.3 48.5588
0.7,0.2,0.35 48.4504
0.7,0.2,0.4 2.10376
0.7,0.25,0.15 0.601245
0.7,0.25,0.2 7.692
0.7,0.25,0.25 12.1937
0.7,0.25,0.3 86.1784
0.7,0.25,0.35 83.4189
0.7,0.25,0.4 3.61644
0.7,0.3,0.15 0.222053
0.7,0.3,0.2 8.32378
0.7,0.3,0.25 57.0602
0.7,0.3,0.3 51.6216
0.7,0.3,0.35 26.5283
0.7,0.3,0.4 1.89802
0.7,0.3,0.45 0.00542713
0.7,0.35,0.15 0.00326673
0.7,0.35,0.2 5.3898
0.7,0.35,0.25 53.9812
0.7,0.35,0.3 139.877
0.7,0.35,0.35 169.953
0.7,0.35,0.4 20.8286
0.7,0.35,0.45 0.320388
0.7,0.4,0.1 1.09539e-05
0.7,0.4,0.15 1.47901
0.7,0.4,0.2 36.048
0.7,0.4,0.25 75.69
0.7,0.4,0.3 117.878
0.7,0.4,0.35 162.249
0.7,0.4,0.4 26.6276
0.7,0.4,0.45 0.49374
0.7,0.45,0.1 9.66349e-05
0.7,0.45,0.15 3.97298
0.7,0.45,0.2 89.3564
0.7,0.45,0.25 104.581
0.7,0.45,0.3 77.2105
0.7,0.45,0.35 129.216
0.7,0.45,0.4 18.4737
0.7,0.45,0.45 0.167708
0.7,0.5,0.1 5.03113e-05
0.7,0.5,0.15 1.15864
0.7,0.5,0.2 40.4829
0.7,0.5,0.25 64.5131
0.7,0.5,0.3 47.4067
0.7,0.5,0.35 34.2476
0.7,0.5,0.4 19.0964
0.7,0.5,0.45 1.42789
0.7,0.55,0.1 4.32634e-07
0.7,0.55,0.15 0.192891
0.7,0.55,0.2 9.92126
0.7,0.55,0.25 81.4033
0.7,0.55,0.3 200.556
0.7,0.55,0.35 43.5794
0.7,0.55,0.4 10.4461
0.7,0.55,0.45 0.912702
0.7,0.6,0.15 0.000284753
0.7,0.6,0.2 0.0318115
0.7,0.6,0.25 23.107
0.7,0.6,0.3 68.6668
0.7,0.6,0.35 12.816
0.7,0.6,0.4 0.169878
0.7,0.6,0.45 0.0148691
0.7,0.65,0.2 1.60291e-05
0.7,0.65,0.25 0.021467
0.7,0.65,0.3 0.0638488
0.7,0.65,0.35 0.0118167
0.7,0.7,0 3.08274e-14
0.7,0.7,0.05 0.00239233
0.7,0.7,0.1 0.00956258
0.7,0.7,0.15 0.00238896
0.7,0.75,0 6.0956e-12
0.7,0.75,0.05 0.473042
0.7,0.75,0.1 1.89084
0.7,0.75,0.15 0.472377
0.7,0.8,0 2.01839e-09
0.7,0.8,0.05 11.2981
0.7,0.8,0.1 45.1201
0.7,0.8,0.15 11.262
0.7,0.85,0 8.01202e-09
0.7,0.85,0.05 41.2806
0.7,0.85,0.1 164.845
0.7,0.85,0.15 41.1419
0.7,0.9,0 2.00013e-09
0.7,0.9,0.05 10.3149
0.7,0.9,0.1 41.1903
0.7,0.9,0.15 10.2803
0.7,0.95,0 5.43256e-18
0.7,0.95,0.05 6.36324e-06
0.7,0.95,0.1 2.54457e-05
0.7,0.95,0.15 6.35962e-06
0.75,0.15,0.25 9.82367e-06
0.75,0.15,0.3 0.00022569
0.75,0.15,0.35 0.000225549
0.75,0.15,0.4 9.79544e-06
0.75,0.2,0.25 0.000793039
0.75,0.2,0.3 0.0182194
0.75,0.2,0.35 0.018208
0.75,0.2,0.4 0.000790761
0.75,0.25,0.25 0.00136326
0.75,0.25,0.3 0.0313198
0.75,0.25,0.35 0.0313002
0.75,0.25,0.4 0.00135935
0.75,0.3,0.25 0.00268983
0.75,0.3,0.3 0.13425
0.75,0.3,0.35 0.194575
0.75,0.3,0.4 0.0152991
0.75,0.35,0.15 1.37796e-07
0.75,0.35,0.2 2.94787e-06
0.75,0.35,0.25 0.0231417
0.75,0.35,0.3 1.18784
0.75,0.35,0.35 1.73433
0.75,0.35,0.4 0.137372
0.75,0.4,0.15 6.99486e-05
0.75,0.4,0.2 0.00149641
0.75,0.4,0.25 0.0140109
0.75,0.4,0.3 0.664963
0.75,0.4,0.35 0.987159
0.75,0.4,0.4 0.0805518
0.75,0.45,0.15 0.000183525
0.75,0.45,0.2 0.00392615
0.75,0.45,0.25 0.0044001
0.75,0.45,0.3 0.0697361
0.75,0.45,0.35 0.132948
0.75,0.45,0.4 0.0150579
0.75,0.5,0 1.58954e-12
0.75,0.5,0.05 0.31858
0.75,0.5,0.1 1.27367
0.75,0.5,0.15 0.318284
0.75,0.5,0.2 0.000726536
0.75,0.5,0.25 0.121764
0.75,0.5,0.3 0.367362
0.75,0.5,0.35 0.080649
0.75,0.5,0.4 0.00161733
0.75,0.55,0 3.93253e-11
0.75,0.55,0.05 8.3063
0.75,0.55,0.1 33.2089
0.75,0.55,0.15 8.29816
0.75,0.55,0.2 0.000501189
0.75,0.55,0.25 0.671216
0.75,0.55,0.3 1.99639
0.75,0.55,0.35 0.369479
0.75,0.6,0 4.10438e-11
0.75,0.6,0.05 18.6898
0.75,0.6,0.1 74.7395
0.75,0.6,0.15 18.68
0.75,0.6,0.2 0.00017267
0.75,0.6,0.25 0.231248
0.75,0.6,0.3 0.687795
0.75,0.6,0.35 0.127293
0.75,0.65,0 2.03987e-12
0.75,0.65,0.05 11.2755
0.75,0.65,0.1 45.0985
0.75,0.65,0.15 11.2737
0.75,0.65,0.2 1.60562e-07
0.75,0.65,0.25 0.000215033
0.75,0.65,0.3 0.000639568
0.75,0.65,0.35 0.000118367
0.75,0.7,0 6.07228e-15
0.75,0.7,0.05 0.506462
0.75,0.7,0.1 2.02571
0.75,0.7,0.15 0.506394
0.75,0.75,0 2.65197e-11
0.75,0.75,0.05 0.114227
0.75,0.75,0.1 0.456068
0.75,0.75,0.15 0.113807
0.75,0.8,0 6.47176e-09
0.75,0.8,0.05 30.6451
0.75,0.8,0.1 122.361
0.75,0.8,0.15 30.5357
0.75,0.85,0 2.26947e-08
0.75,0.85,0.05 108.816
0.75,0.85,0.1 434.491
0.75,0.85,0.15 108.43
0.75,0.9,0 5.3693e-09
0.75,0.9,0.05 25.8896
0.75,0.9,0.1 103.375
0.75,0.9,0.15 25.7978
0.8,0.05,0 1.96048e-11
0.8,0.05,0.05 1.15495
0.8,0.05,0.1 4.61623
0.8,0.05,0.15 1.15317
0.8,0.1,0 2.31151e-10
0.8,0.1,0.05 13.6174
0.8,0.1,0.1 54.4276
0.8,0.1,0.15 13.5964
0.8,0.15,0 1.50684e-10
0.8,0.15,0.05 8.87703
0.8,0.15,0.1 35.4807
0.8,0.15,0.15 8.86335
0.8,0.2,0 2.58221e-12
0.8,0.2,0.05 0.152121
0.8,0.2,0.1 0.608017
0.8,0.2,0.15 0.151887
0.8,0.4,0 8.92776e-15
0.8,0.4,0.05 0.000553276
0.8,0.4,0.1 0.00221143
0.8,0.4,0.15 0.000552438
0.8,0.4,0.2 0.0100546
0.8,0.4,0.25 0.496677
0.8,0.4,0.3 0.714111
0.8,0.4,0.35 0.0553467
0.8,0.45,0 2.73418e-12
0.8,0.45,0.05 0.169444
0.8,0.45,0.1 0.677263
0.8,0.45,0.15 0.169187
0.8,0.45,0.2 0.0773578
0.8,0.45,0.25 3.82134
0.8,0.45,0.3 5.49423
0.8,0.45,0.35 0.425827
0.8,0.5,0 2.02245e-11
0.8,0.5,0.05 3.14287
0.8,0.5,0.1 12.5647
0.8,0.5,0.15 3.13945
0.8,0.5,0.2 0.0359018
0.8,0.5,0.25 1.77348
0.8,0.5,0.3 2.54988
0.8,0.5,0.35 0.197626
0.8,0.55,0 3.38601e-10
0.8,0.55,0.05 70.5878
0.8,0.55,0.1 282.211
0.8,0.55,0.15 70.5179
0.8,0.55,0.2 0.000197438
0.8,0.55,0.25 0.00975307
0.8,0.55,0.3 0.0140227
0.8,0.55,0.35 0.00108682
0.8,0.6,0 3.52163e-10
0.8,0.6,0.05 141.029
0.8,0.6,0.1 563.953
0.8,0.6,0.15 140.947
0.8,0.65,0 1.73524e-11
0.8,0.65,0.05 77.1852
0.8,0.65,0.1 308.714
0.8,0.65,0.15 77.1719
0.8,0.7,0 2.27173e-13
0.8,0.7,0.05 4.71673
0.8,0.7,0.1 18.8652
0.8,0.7,0.15 4.71587
0.8,0.75,0 2.78104e-10
0.8,0.75,0.05 1.3974
0.8,0.75,0.1 5.65728
0.8,0.75,0.15 1.45068
0.8,0.75,0.2 0.000670017
0.8,0.8,0 1.35934e-08
0.8,0.8,0.05 59.3903
0.8,0.8,0.1 239.094
0.8,0.8,0.15 60.7219
0.8,0.8,0.2 0.507811
0.8,0.8,0.25 0.219946
0.8,0.8,0.3 0.00103855
0.8,0.85,0 2.11666e-08
0.8,0.85,0.05 93.3772
0.8,0.85,0.1 374.915
0.8,0.85,0.15 94.9378
0.8,0.85,0.2 2.44254
0.8,0.85,0.25 1.08682
0.8,0.85,0.3 0.00513183
0.8,0.9,0 2.16686e-09
0.8,0.9,0.05 9.80066
0.8,0.9,0.1 39.2324
0.8,0.9,0.15 9.94224
0.8,0.9,0.2 0.748357
0.8,0.9,0.25 0.335097
0.8,0.9,0.3 0.00158228
0.8,0.95,0.15 2.86221e-05
0.8,0.95,0.2 0.00021159
0.8,0.95,0.25 9.48568e-05
0.8,0.95,0.3 4.479e-07
0.85,0.05,0 1.24806e-10
0.85,0.05,0.05 7.35247
0.85,0.05,0.1 29.3872
0.85,0.05,0.15 7.34114
0.85,0.1,0 1.47152e-09
0.85,0.1,0.05 86.6892
0.85,0.1,0.1 346.489
0.85,0.1,0.15 86.5556
0.85,0.15,0 9.59267e-10
0.85,0.15,0.05 56.5117
0.85,0.15,0.1 225.873
0.85,0.15,0.15 56.4246
0.85,0.2,0 1.64385e-11
0.85,0.2,0.05 0.968414
0.85,0.2,0.1 3.87067
0.85,0.2,0.15 0.966922
0.85,0.4,0 1.04381e-12
0.85,0.4,0.05 0.0646877
0.85,0.4,0.1 0.258555
0.85,0.4,0.15 0.0645897
0.85,0.4,0.2 0.377935
0.85,0.4,0.25 18.6693
0.85,0.4,0.3 26.8423
0.85,0.4,0.35 2.0804
0.85,0.45,0 3.19674e-10
0.85,0.45,0.05 19.811
0.85,0.45,0.1 79.1839
0.85,0.45,0.15 19.781
0.85,0.45,0.2 2.90776
0.85,0.45,0.25 143.638
0.85,0.45,0.3 206.52
0.85,0.45,0.35 16.0061
0.85,0.5,0 7.75911e-10
0.85,0.5,0.05 49.0472
0.85,0.5,0.1 196.041
0.85,0.5,0.15 48.9735
0.85,0.5,0.2 1.34949
0.85,0.5,0.25 66.6625
0.85,0.5,0.3 95.8459
0.85,0.5,0.35 7.42846
0.85,0.55,0 2.85165e-10
0.85,0.55,0.05 42.651
0.85,0.55,0.1 170.512
0.85,0.55,0.15 42.6049
0.85,0.55,0.2 0.00742137
0.85,0.55,0.25 0.366602
0.85,0.55,0.3 0.527093
0.85,0.55,0.35 0.0408519
0.85,0.6,0 1.7923e-10
0.85,0.6,0.05 65.0873
0.85,0.6,0.1 260.268
0.85,0.6,0.15 65.0466
0.85,0.65,0 1.23613e-11
0.85,0.65,0.05 57.5577
0.85,0.65,0.1 230.203
0.85,0.65,0.15 57.5439
0.85,0.7,0 8.47068e-12
0.85,0.7,0.05 60.7193
0.85,0.7,0.1 242.84
0.85,0.7,0.15 60.7005
0.85,0.75,0 1.67221e-10
0.85,0.75,0.05 9.7676
0.85,0.75,0.1 42.5025
0.85,0.75,0.15 12.3567
0.85,0.75,0.2 0.0300978
0.85,0.8,0 7.60783e-09
0.85,0.8,0.05 50.3478
0.85,0.8,0.1 289.489
0.85,0.8,0.15 122.309
0.85,0.8,0.2 41.511
0.85,0.8,0.25 18.2634
0.85,0.8,0.3 0.0862369
0.85,0.85,0 1.06073e-08
0.85,0.85,0.05 64.3438
0.85,0.85,0.1 350.787
0.85,0.85,0.15 162.054
0.85,0.85,0.2 202.122
0.85,0.85,0.25 90.245
0.85,0.85,0.3 0.426124
0.85,0.9,0 7.86776e-10
0.85,0.9,0.05 4.28943
0.85,0.9,0.1 21.6584
0.85,0.9,0.15 16.0833
0.85,0.9,0.2 62.1066
0.85,0.9,0.25 27.825
0.85,0.9,0.3 0.131385
0.85,0.95,0.15 0.00237665
0.85,0.95,0.2 0.0175695
0.85,0.95,0.25 0.00787649
0.85,0.95,0.3 3.71916e-05
0.9,0.05,0 4.89436e-11
0.9,0.05,0.05 2.88334
0.9,0.05,0.1 11.5245
0.9,0.05,0.15 2.87889
0.9,0.1,0 5.77069e-10
0.9,0.1,0.05 33.9959
0.9,0.1,0.1 135.879
0.9,0.1,0.15 33.9435
0.9,0.15,0 3.76185e-10
0.9,0.15,0.05 22.1616
0.9,0.15,0.1 88.578
0.9,0.15,0.15 22.1274
0.9,0.2,0 6.4465e-12
0.9,0.2,0.05 0.379772
0.9,0.2,0.1 1.51792
0.9,0.2,0.15 0.379187
0.9,0.4,0 2.00792e-12
0.9,0.4,0.05 0.124436
0.9,0.4,0.1 0.497368
0.9,0.4,0.15 0.124248
0.9,0.4,0.2 0.483596
0.9,0.4,0.25 23.8888
0.9,0.4,0.3 34.3467
0.9,0.4,0.35 2.66202
0.9,0.45,0 6.14939e-10
0.9,0.45,0.05 38.1093
0.9,0.45,0.1 152.322
0.9,0.45,0.15 38.0516
0.9,0.45,0.2 3.72069
0.9,0.45,0.25 183.795
0.9,0.45,0.3 264.257
0.9,0.45,0.35 20.481
0.9,0.5,0 1.47927e-09
0.9,0.5,0.05 91.6815
0.9,0.5,0.1 366.448
0.9,0.5,0.15 91.5426
0.9,0.5,0.2 1.72677
0.9,0.5,0.25 85.2996
0.9,0.5,0.3 122.642
0.9,0.5,0.35 9.50527
0.9,0.55,0 2.19254e-10
0.9,0.55,0.05 13.7802
0.9,0.55,0.1 55.0793
0.9,0.55,0.15 13.7594
0.9,0.55,0.2 0.00949619
0.9,0.55,0.25 0.469095
0.9,0.55,0.3 0.674454
0.9,0.55,0.35 0.0522731
0.9,0.6,0 1.44011e-12
0.9,0.6,0.05 0.517037
0.9,0.6,0.1 2.06745
0.9,0.6,0.15 0.516689
0.9,0.65,0 5.1393e-12
0.9,0.65,0.05 35.6933
0.9,0.65,0.1 142.751
0.9,0.65,0.15 35.6821
0.9,0.7,0 1.17393e-11
0.9,0.7,0.05 82.3675
0.9,0.7,0.1 329.418
0.9,0.7,0.15 82.3416
0.9,0.75,0 3.87989e-12
0.9,0.75,0.05 12.5761
0.9,0.75,0.1 55.0573
0.9,0.75,0.15 16.1597
0.9,0.75,0.2 0.0416177
0.9,0.8,0 1.019e-10
0.9,0.8,0.05 24.7459
0.9,0.8,0.1 221.131
0.9,0.8,0.15 126.356
0.9,0.8,0.2 71.7452
0.9,0.8,0.25 31.6849
0.9,0.8,0.3 0.149612
0.9,0.85,0 1.42075e-10
0.9,0.85,0.05 26.4074
0.9,0.85,0.1 235.256
0.9,0.85,0.15 171.335
0.9,0.85,0.2 350.372
0.9,0.85,0.25 156.565
0.9,0.85,0.3 0.739279
0.9,0.9,0 1.05381e-11
0.9,0.9,0.05 1.29066
0.9,0.9,0.1 11.4202
0.9,0.9,0.15 20.5723
0.9,0.9,0.2 107.734
0.9,0.9,0.25 48.2733
0.9,0.9,0.3 0.22794
0.9,0.95,0.15 0.00412323
0.9,0.95,0.2 0.0304812
0.9,0.95,0.25 0.0136649
0.9,0.95,0.3 6.45235e-05
0.95,0.05,0 1.15116e-13
0.95,0.05,0.05 0.00678165
0.95,0.05,0.1 0.0271057
0.95,0.05,0.15 0.0067712
0.95,0.1,0 1.35728e-12
0.95,0.1,0.05 0.079959
0.95,0.1,0.1 0.319589
0.95,0.1,0.15 0.0798357
0.95,0.15,0 8.84793e-13
0.95,0.15,0.05 0.0521244
0.95,0.15,0.1 0.208337
0.95,0.15,0.15 0.052044
0.95,0.2,0 1.51623e-14
0.95,0.2,0.05 0.000893231
0.95,0.2,0.1 0.00357017
0.95,0.2,0.15 0.000891854
0.95,0.4,0 2.28025e-13
0.95,0.4,0.05 0.0141313
0.95,0.4,0.1 0.0564823
0.95,0.4,0.15 0.0141099
0.95,0.4,0.2 0.0315901
0.95,0.4,0.25 1.5605
0.95,0.4,0.3 2.24365
0.95,0.4,0.35 0.173892
0.95,0.45,0 6.9834e-11
0.95,0.45,0.05 4.32779
0.95,0.45,0.1 17.298
0.95,0.45,0.15 4.32123
0.95,0.45,0.2 0.243048
0.95,0.45,0.25 12.0061
0.95,0.45,0.3 17.2622
0.95,0.45,0.35 1.33789
0.95,0.5,0 1.67983e-10
0.95,0.5,0.05 10.4103
0.95,0.5,0.1 41.6097
0.95,0.5,0.15 10.3946
0.95,0.5,0.2 0.112799
0.95,0.5,0.25 5.57206
0.95,0.5,0.3 8.01138
0.95,0.5,0.35 0.620916
0.95,0.55,0 2.47441e-11
0.95,0.55,0.05 1.53346
0.95,0.55,0.1 6.12918
0.95,0.55,0.15 1.53113
0.95,0.55,0.2 0.000620323
0.95,0.55,0.25 0.0306429
0.95,0.55,0.3 0.0440576
0.95,0.55,0.35 0.00341465
0.95,0.6,0 1.48447e-15
0.95,0.6,0.05 0.0104151
0.95,0.6,0.1 0.041654
0.95,0.6,0.15 0.0104119
0.95,0.65,0 3.7401e-13
0.95,0.65,0.05 2.62407
0.95,0.65,0.1 10.4946
0.95,0.65,0.15 2.62325
0.95,0.7,0 8.6566e-13
0.95,0.7,0.05 6.07352
0.95,0.7,0.1 24.2903
0.95,0.7,0.15 6.07161
0.95,0.75,0 1.22122e-13
0.95,0.75,0.05 0.926236
0.95,0.75,0.1 4.05328
0.95,0.75,0.15 1.18888
0.95,0.75,0.2 0.00305012
0.95,0.8,0.05 1.78144
0.95,0.8,0.1 16.0781
0.95,0.8,0.15 9.48204
0.95,0.8,0.2 7.13245
0.95,0.8,0.25 3.16242
0.95,0.8,0.3 0.0149325
0.95,0.85,0.05 1.89052
0.95,0.85,0.1 17.0626
0.95,0.85,0.15 13.7651
0.95,0.85,0.2 34.94
0.95,0.85,0.25 15.6265
0.95,0.85,0.3 0.0737862
0.95,0.9,0.05 0.0912646
0.95,0.9,0.1 0.823693
0.95,0.9,0.15 1.89069
0.95,0.9,0.2 10.7513
0.95,0.9,0.25 4.81808
0.95,0.9,0.3 0.0227503
0.95,0.95,0.15 0.000411533
0.95,0.95,0.2 0.00304228
0.95,0.95,0.25 0.00136387
0.95,0.95,0.3 6.43998e-06
