0.65,0.3,0.15 226.329
0.65,0.3,0.2 603.974
0.65,0.3,0.25 399.958
0.65,0.3,0.3 48.4921
0.65,0.3,0.35 0.606406
0.65,0.35,0.05 0.083124
0.65,0.35,0.1 18.3459
0.65,0.35,0.15 254.053
0.65,0.35,0.2 402.934
0.65,0.35,0.25 173.448
0.65,0.35,0.3 57.9375
0.65,0.35,0.35 1.74998
0.65,0.4,0.05 0.847754
0.65,0.4,0.1 76.3325
0.65,0.4,0.15 367.978
0.65,0.4,0.2 350.241
0.65,0.4,0.25 215.392
0.65,0.4,0.3 132.085
0.65,0.4,0.35 4.85648
0.65,0.45,0.05 5.87583
0.65,0.45,0.1 298.252
0.65,0.45,0.15 563.259
0.65,0.45,0.2 297.894
0.65,0.45,0.25 412.579
0.65,0.45,0.3 224.526
0.65,0.45,0.35 9.03651
0.65,0.5,0.05 3.35093
0.65,0.5,0.1 149.559
0.65,0.5,0.15 474.32
0.65,0.5,0.2 285.032
0.65,0.5,0.25 413.791
0.65,0.5,0.3 391.218
0.65,0.5,0.35 41.614
0.65,0.5,0.4 0.0264497
0.65,0.55,0.05 0.206913
0.65,0.55,0.1 11.486
0.65,0.55,0.15 184.033
0.65,0.55,0.2 250.566
0.65,0.55,0.25 262.963
0.65,0.55,0.3 551.832
0.65,0.55,0.35 132.942
0.65,0.55,0.4 0.112777
0.65,0.6,0 1.40613e-13
0.65,0.6,0.05 0.663917
0.65,0.6,0.1 3.4131
0.65,0.6,0.15 81.1326
0.65,0.6,0.2 174.363
0.65,0.6,0.25 262.628
0.65,0.6,0.3 376.343
0.65,0.6,0.35 59.1049
0.65,0.6,0.4 0.0301699
0.65,0.65,0 2.68021e-12
0.65,0.65,0.05 12.655
0.65,0.65,0.1 52.615
0.65,0.65,0.15 32.1076
0.65,0.65,0.2 56.3318
0.65,0.65,0.25 214.839
0.65,0.65,0.3 279.319
0.65,0.65,0.35 31.4735
0.65,0.65,0.4 6.2753e-06
0.65,0.7,0 4.07046e-12
0.65,0.7,0.05 11.5163
0.65,0.7,0.1 54.004
0.65,0.7,0.15 62.901
0.65,0.7,0.2 236.631
0.65,0.7,0.25 402.402
0.65,0.7,0.3 296.88
0.65,0.7,0.35 32.7639
0.65,0.75,0 3.29514e-10
0.65,0.75,0.05 26.3735
0.65,0.75,0.1 118.858
0.65,0.75,0.15 215.996
0.65,0.75,0.2 354.101
0.65,0.75,0.25 270.604
0.65,0.75,0.3 122.463
0.65,0.75,0.35 4.16524
0.65,0.8,0 7.41671e-10
0.65,0.8,0.05 73.0093
0.65,0.8,0.1 295.615
0.65,0.8,0.15 211.503
0.65,0.8,0.2 224.355
0.65,0.8,0.25 60.9462
0.65,0.8,0.3 26.8476
0.65,0.8,0.35 0.48066
0.65,0.85,0 1.72038e-10
0.65,0.85,0.05 77.8697
0.65,0.85,0.1 311.457
0.65,0.85,0.15 82.0604
0.65,0.85,0.2 6.90229
0.65,0.85,0.25 0.637019
0.65,0.85,0.3 0.00070659
0.65,0.85,0.35 1.26543e-05
0.65,0.9,0 1.99767e-11
0.65,0.9,0.05 18.789
0.65,0.9,0.1 75.1345
0.65,0.9,0.15 18.7783
0.65,0.95,0 1.57188e-16
0.65,0.95,0.05 0.000184117
0.65,0.95,0.1 0.000736258
0.65,0.95,0.15 0.000184012
0.7,0.1,0.15 0.00297468
0.7,0.1,0.2 0.24218
0.7,0.1,0.25 0.417471
0.7,0.1,0.3 0.0413256
0.7,0.15,0.05 9.35692e-07
0.7,0.15,0.1 0.00149484
0.7,0.15,0.15 0.0606999
0.7,0.15,0.2 7.79221
0.7,0.15,0.25 22.2011
0.7,0.15,0.3 4.76077
0.7,0.15,0.35 0.000159646
0.7,0.2,0.05 0.00135225
0.7,0.2,0.1 2.16032
0.7,0.2,0.15 6.68854
0.7,0.2,0.2 81.3452
0.7,0.2,0.25 323.48
0.7,0.2,0.3 86.1677
0.7,0.2,0.35 0.00337106
0.7,0.25,0.05 0.00405428
0.7,0.25,0.1 6.48969
0.7,0.25,0.15 27.9302
0.7,0.25,0.2 168.515
0.7,0.25,0.25 431.736
0.7,0.25,0.3 94.228
0.7,0.25,0.35 0.00321196
0.7,0.3,0.05 0.000756619
0.7,0.3,0.1 1.30568
0.7,0.3,0.15 60.6793
0.7,0.3,0.2 211.994
0.7,0.3,0.25 128.657
0.7,0.3,0.3 11.9621
0.7,0.3,0.35 0.0101664
0.7,0.35,0.1 0.456683
0.7,0.35,0.15 76.545
0.7,0.35,0.2 373.479
0.7,0.35,0.25 333.834
0.7,0.35,0.3 110.962
0.7,0.35,0.35 3.71203
0.7,0.4,0.05 0.186943
0.7,0.4,0.1 19.091
0.7,0.4,0.15 217.516
0.7,0.4,0.2 584.503
0.7,0.4,0.25 550.31
0.7,0.4,0.3 273.167
0.7,0.4,0.35 9.40443
0.7,0.45,0.05 1.00199
0.7,0.45,0.1 97.8773
0.7,0.45,0.15 271.842
0.7,0.45,0.2 396.583
0.7,0.45,0.25 543.195
0.7,0.45,0.3 226.245
0.7,0.45,0.35 7.15939
0.7,0.5,0.05 0.334474
0.7,0.5,0.1 49.3009
0.7,0.5,0.15 283.55
0.7,0.5,0.2 258.062
0.7,0.5,0.25 489.534
0.7,0.5,0.3 442.165
0.7,0.5,0.35 36.591
0.7,0.5,0.4 0.0182405
0.7,0.55,0.05 0.000241278
0.7,0.55,0.1 6.3781
0.7,0.55,0.15 191.06
0.7,0.55,0.2 290.977
0.7,0.55,0.25 258.559
0.7,0.55,0.3 457.573
0.7,0.55,0.35 94.783
0.7,0.55,0.4 0.0775342
0.7,0.6,0.1 0.953198
0.7,0.6,0.15 105.66
0.7,0.6,0.2 200.551
0.7,0.6,0.25 47.6775
0.7,0.6,0.3 82.9783
0.7,0.6,0.35 23.4182
0.7,0.6,0.4 0.0205973
0.7,0.65,0.1 0.0283401
0.7,0.65,0.15 3.20096
0.7,0.65,0.2 7.84013
0.7,0.65,0.25 10.2511
0.7,0.65,0.3 15.1431
0.7,0.65,0.35 1.81577
0.7,0.65,0.4 1.61171e-07
0.7,0.7,0 3.08274e-14
0.7,0.7,0.05 0.00239233
0.7,0.7,0.1 0.0251464
0.7,0.7,0.15 1.42958
0.7,0.7,0.2 12.8216
0.7,0.7,0.25 21.5486
0.7,0.7,0.3 18.0372
0.7,0.7,0.35 2.13976
0.7,0.75,0 6.0956e-12
0.7,0.75,0.05 0.473042
0.7,0.75,0.1 2.15947
0.7,0.75,0.15 19.1853
0.7,0.75,0.2 34.4619
0.7,0.75,0.25 8.84629
0.7,0.75,0.3 1.96913
0.7,0.75,0.35 0.166677
0.7,0.8,0 2.01839e-09
0.7,0.8,0.05 11.2981
0.7,0.8,0.1 45.3467
0.7,0.8,0.15 26.9357
0.7,0.8,0.2 25.5924
0.7,0.8,0.25 2.53413
0.7,0.8,0.3 0.11315
0.7,0.8,0.35 0.00201814
0.7,0.85,0 8.01202e-09
0.7,0.85,0.05 41.2806
0.7,0.85,0.1 164.852
0.7,0.85,0.15 41.6327
0.7,0.85,0.2 0.800787
0.7,0.85,0.25 0.0737872
0.7,0.85,0.3 2.96675e-06
0.7,0.85,0.35 5.31315e-08
0.7,0.9,0 2.00013e-09
0.7,0.9,0.05 10.3149
0.7,0.9,0.1 41.1903
0.7,0.9,0.15 10.2803
0.7,0.95,0 5.43256e-18
0.7,0.95,0.05 6.36324e-06
0.7,0.95,0.1 2.54457e-05
0.7,0.95,0.15 6.35962e-06
0.75,0.15,0.2 0.598804
0.75,0.15,0.25 2.66412
0.75,0.15,0.3 0.740638
0.75,0.15,0.35 2.97056e-05
0.75,0.2,0.15 0.000432215
0.75,0.2,0.2 12.6809
0.75,0.2,0.25 56.3192
0.75,0.2,0.3 15.6456
0.75,0.2,0.35 0.000627257
0.75,0.25,0.1 3.57604e-05
0.75,0.25,0.15 0.0250677
0.75,0.25,0.2 12.4676
0.75,0.25,0.25 54.2462
0.75,0.25,0.3 14.9652
0.75,0.25,0.35 0.000597653
0.75,0.3,0.1 0.000270585
0.75,0.3,0.15 0.576583
0.75,0.3,0.2 8.80894
0.75,0.3,0.25 9.3837
0.75,0.3,0.3 0.8993
0.75,0.3,0.35 0.00139477
0.75,0.35,0.1 0.0304929
0.75,0.35,0.15 10.591
0.75,0.35,0.2 135.456
0.75,0.35,0.25 128.792
0.75,0.35,0.3 18.0492
0.75,0.35,0.35 0.506958
0.75,0.4,0.05 0.00126512
0.75,0.4,0.1 0.255998
0.75,0.4,0.15 22.394
0.75,0.4,0.2 142.993
0.75,0.4,0.25 141.256
0.75,0.4,0.3 39.3918
0.75,0.4,0.35 1.27861
0.75,0.45,0.05 0.00677093
0.75,0.45,0.1 0.768103
0.75,0.45,0.15 7.749
0.75,0.45,0.2 37.4327
0.75,0.45,0.25 57.7574
0.75,0.45,0.3 24.1552
0.75,0.45,0.35 0.764809
0.75,0.5,0 8.90658e-13
0.75,0.5,0.05 0.321497
0.75,0.5,0.1 1.93118
0.75,0.5,0.15 6.72852
0.75,0.5,0.2 13.6881
0.75,0.5,0.25 44.4651
0.75,0.5,0.3 35.7176
0.75,0.5,0.35 1.87142
0.75,0.5,0.4 0.000363105
0.75,0.55,0 2.19994e-11
0.75,0.55,0.05 8.30911
0.75,0.55,0.1 33.4286
0.75,0.55,0.15 18.6
0.75,0.55,0.2 18.1337
0.75,0.55,0.25 17.4804
0.75,0.55,0.3 21.8276
0.75,0.55,0.35 2.60142
0.75,0.55,0.4 0.00154343
0.75,0.6,0 2.29927e-11
0.75,0.6,0.05 18.6851
0.75,0.6,0.1 74.789
0.75,0.6,0.15 25.8982
0.75,0.6,0.2 13.7061
0.75,0.6,0.25 2.45133
0.75,0.6,0.3 2.09
0.75,0.6,0.35 0.48316
0.75,0.6,0.4 0.00041002
0.75,0.65,0 1.19587e-12
0.75,0.65,0.05 11.2747
0.75,0.65,0.1 45.0972
0.75,0.65,0.15 11.4877
0.75,0.65,0.2 0.407055
0.75,0.65,0.25 0.0453863
0.75,0.65,0.3 9.86182e-06
0.75,0.65,0.35 3.40305e-06
0.75,0.65,0.4 3.20836e-09
0.75,0.7,0 6.07228e-15
0.75,0.7,0.05 0.506462
0.75,0.7,0.1 2.02571
0.75,0.7,0.15 0.506394
0.75,0.75,0 2.65197e-11
0.75,0.75,0.05 0.114227
0.75,0.75,0.1 0.456068
0.75,0.75,0.15 0.113807
0.75,0.8,0 6.47176e-09
0.75,0.8,0.05 30.6451
0.75,0.8,0.1 122.361
0.75,0.8,0.15 30.5357
0.75,0.85,0 2.26947e-08
0.75,0.85,0.05 108.816
0.75,0.85,0.1 434.491
0.75,0.85,0.15 108.43
0.75,0.9,0 5.3693e-09
0.75,0.9,0.05 25.8896
0.75,0.9,0.1 103.375
0.75,0.9,0.15 25.7978
0.8,0.05,0 1.96048e-11
0.8,0.05,0.05 1.15495
0.8,0.05,0.1 4.61623
0.8,0.05,0.15 1.15317
0.8,0.1,0 2.31151e-10
0.8,0.1,0.05 13.6174
0.8,0.1,0.1 54.4276
0.8,0.1,0.15 13.5964
0.8,0.15,0 1.50684e-10
0.8,0.15,0.05 8.87703
0.8,0.15,0.1 35.4807
0.8,0.15,0.15 8.86335
0.8,0.2,0 2.58221e-12
0.8,0.2,0.05 0.152121
0.8,0.2,0.1 0.608017
0.8,0.2,0.15 0.151887
0.8,0.3,0.15 0.00480401
0.8,0.3,0.2 0.0886987
0.8,0.3,0.25 0.0780538
0.8,0.3,0.3 0.00266411
0.8,0.35,0.05 3.5893e-06
0.8,0.35,0.1 0.00263025
0.8,0.35,0.15 0.0868113
0.8,0.35,0.2 1.46972
0.8,0.35,0.25 1.29224
0.8,0.35,0.3 0.0441065
0.8,0.4,0 1.57474e-14
0.8,0.4,0.05 0.00565942
0.8,0.4,0.1 1.58746
0.8,0.4,0.15 4.42215
0.8,0.4,0.2 1.95396
0.8,0.4,0.25 1.06245
0.8,0.4,0.3 0.0362634
0.8,0.45,0 1.17854e-12
0.8,0.45,0.05 0.268634
0.8,0.45,0.1 5.28228
0.8,0.45,0.15 11.9716
0.8,0.45,0.2 2.04368
0.8,0.45,0.25 0.0315436
0.8,0.45,0.3 0.00107664
0.8,0.5,0 9.62276e-12
0.8,0.5,0.05 3.1826
0.8,0.5,0.1 13.4251
0.8,0.5,0.15 5.12676
0.8,0.5,0.2 0.334071
0.8,0.55,0 1.89067e-10
0.8,0.55,0.05 70.5956
0.8,0.55,0.1 282.267
0.8,0.55,0.15 70.538
0.8,0.6,0 1.97184e-10
0.8,0.6,0.05 140.991
0.8,0.6,0.1 563.826
0.8,0.6,0.15 140.922
0.8,0.65,0 1.01062e-11
0.8,0.65,0.05 77.1781
0.8,0.65,0.1 308.687
0.8,0.65,0.15 77.1654
0.8,0.7,0 2.27173e-13
0.8,0.7,0.05 4.71673
0.8,0.7,0.1 18.8652
0.8,0.7,0.15 4.71587
0.8,0.75,0 2.78104e-10
0.8,0.75,0.05 1.40221
0.8,0.75,0.1 5.62934
0.8,0.75,0.15 1.41499
0.8,0.75,0.2 3.09588e-05
0.8,0.8,0 1.35934e-08
0.8,0.8,0.05 59.5406
0.8,0.8,0.1 238.524
0.8,0.8,0.15 59.868
0.8,0.8,0.2 0.194066
0.8,0.8,0.25 0.0292346
0.8,0.85,0 2.11666e-08
0.8,0.85,0.05 93.5522
0.8,0.85,0.1 374.396
0.8,0.85,0.15 94.1427
0.8,0.85,0.2 1.04329
0.8,0.85,0.25 0.157706
0.8,0.9,0 2.16686e-09
0.8,0.9,0.05 9.81044
0.8,0.9,0.1 39.215
0.8,0.9,0.15 9.94262
0.8,0.9,0.2 0.349967
0.8,0.9,0.25 0.0529411
0.8,0.95,0.1 2.99455e-07
0.8,0.95,0.15 0.000104494
0.8,0.95,0.2 0.000257495
0.8,0.95,0.25 3.89575e-05
0.85,0.05,0 1.24806e-10
0.85,0.05,0.05 7.35247
0.85,0.05,0.1 29.3872
0.85,0.05,0.15 7.34114
0.85,0.1,0 1.47152e-09
0.85,0.1,0.05 86.6892
0.85,0.1,0.1 346.489
0.85,0.1,0.15 86.5556
0.85,0.15,0 9.59267e-10
0.85,0.15,0.05 56.5117
0.85,0.15,0.1 225.873
0.85,0.15,0.15 56.4246
0.85,0.2,0 1.64385e-11
0.85,0.2,0.05 0.968414
0.85,0.2,0.1 3.87067
0.85,0.2,0.15 0.966922
0.85,0.35,0.05 8.65316e-05
0.85,0.35,0.1 0.0634105
0.85,0.35,0.15 0.175441
0.85,0.35,0.2 0.0300891
0.85,0.4,0 1.61239e-12
0.85,0.4,0.05 0.411389
0.85,0.4,0.1 39.37
0.85,0.4,0.15 105.308
0.85,0.4,0.2 17.9994
0.85,0.45,0 1.20671e-10
0.85,0.45,0.05 27.0536
0.85,0.45,0.1 209.615
0.85,0.45,0.15 309.125
0.85,0.45,0.2 48.4053
0.85,0.5,0 2.06168e-10
0.85,0.5,0.05 46.5339
0.85,0.5,0.1 202.924
0.85,0.5,0.15 93.4245
0.85,0.5,0.2 8.05385
0.85,0.55,0 1.15474e-10
0.85,0.55,0.05 39.9523
0.85,0.55,0.1 159.742
0.85,0.55,0.15 39.9188
0.85,0.6,0 1.00327e-10
0.85,0.6,0.05 65.0686
0.85,0.6,0.1 260.206
0.85,0.6,0.15 65.0344
0.85,0.65,0 8.67211e-12
0.85,0.65,0.05 57.5541
0.85,0.65,0.1 230.19
0.85,0.65,0.15 57.5406
0.85,0.7,0 8.47068e-12
0.85,0.7,0.05 60.7193
0.85,0.7,0.1 242.84
0.85,0.7,0.15 60.7005
0.85,0.75,0 1.67221e-10
0.85,0.75,0.05 10.1724
0.85,0.75,0.1 42.2796
0.85,0.75,0.15 11.1043
0.85,0.75,0.2 0.00168195
0.85,0.8,0 7.60783e-09
0.85,0.8,0.05 62.1934
0.85,0.8,0.1 291.776
0.85,0.8,0.15 100.554
0.85,0.8,0.2 32.5309
0.85,0.8,0.25 4.91488
0.85,0.85,0 1.06073e-08
0.85,0.85,0.05 77.7585
0.85,0.85,0.1 357.992
0.85,0.85,0.15 176.279
0.85,0.85,0.2 175.293
0.85,0.85,0.25 26.5134
0.85,0.9,0 7.86776e-10
0.85,0.9,0.05 5.0091
0.85,0.9,0.1 22.459
0.85,0.9,0.15 30.2628
0.85,0.9,0.2 58.8308
0.85,0.9,0.25 8.90038
0.85,0.95,0.1 5.0344e-05
0.85,0.95,0.15 0.0175674
0.85,0.95,0.2 0.0432897
0.85,0.95,0.25 0.00654948
0.9,0.05,0 4.89436e-11
0.9,0.05,0.05 2.88334
0.9,0.05,0.1 11.5245
0.9,0.05,0.15 2.87889
0.9,0.1,0 5.77069e-10
0.9,0.1,0.05 33.9959
0.9,0.1,0.1 135.879
0.9,0.1,0.15 33.9435
0.9,0.15,0 3.76185e-10
0.9,0.15,0.05 22.1616
0.9,0.15,0.1 88.578
0.9,0.15,0.15 22.1274
0.9,0.2,0 6.4465e-12
0.9,0.2,0.05 0.379772
0.9,0.2,0.1 1.51792
0.9,0.2,0.15 0.379187
0.9,0.35,0.05 8.88008e-05
0.9,0.35,0.1 0.0650733
0.9,0.35,0.15 0.180041
0.9,0.35,0.2 0.0308782
0.9,0.4,0 2.98509e-12
0.9,0.4,0.05 0.718912
0.9,0.4,0.1 41.5888
0.9,0.4,0.15 108.366
0.9,0.4,0.2 18.4714
0.9,0.45,0 2.23404e-10
0.9,0.45,0.05 49.9707
0.9,0.45,0.1 303.898
0.9,0.45,0.15 339.417
0.9,0.45,0.2 49.6747
0.9,0.5,0 3.74512e-10
0.9,0.5,0.05 83.5586
0.9,0.5,0.1 351.392
0.9,0.5,0.15 131.643
0.9,0.5,0.2 8.26505
0.9,0.55,0 3.65142e-11
0.9,0.55,0.05 8.25105
0.9,0.55,0.1 32.988
0.9,0.55,0.15 8.24293
0.9,0.6,0 8.14264e-13
0.9,0.6,0.05 0.51691
0.9,0.6,0.1 2.06705
0.9,0.6,0.15 0.516613
0.9,0.65,0 5.11004e-12
0.9,0.65,0.05 35.6933
0.9,0.65,0.1 142.751
0.9,0.65,0.15 35.6821
0.9,0.7,0 1.17393e-11
0.9,0.7,0.05 82.3675
0.9,0.7,0.1 329.418
0.9,0.7,0.15 82.3416
0.9,0.75,0 3.87989e-12
0.9,0.75,0.05 13.2558
0.9,0.75,0.1 55.4049
0.9,0.75,0.15 14.651
0.9,0.75,0.2 0.00251078
0.9,0.8,0 1.019e-10
0.9,0.8,0.05 44.3631
0.9,0.8,0.1 242.027
0.9,0.8,0.15 110.007
0.9,0.8,0.2 68.7693
0.9,0.8,0.25 10.3941
0.9,0.85,0 1.42075e-10
0.9,0.85,0.05 48.4854
0.9,0.85,0.1 264.665
0.9,0.85,0.15 240.042
0.9,0.85,0.2 370.685
0.9,0.85,0.25 56.0714
0.9,0.9,0 1.05381e-11
0.9,0.9,0.05 2.46405
0.9,0.9,0.1 13.5521
0.9,0.9,0.15 55.0311
0.9,0.9,0.2 124.416
0.9,0.9,0.25 18.8228
0.9,0.95,0.1 0.000106469
0.9,0.95,0.15 0.0371522
0.9,0.95,0.2 0.0915505
0.9,0.95,0.25 0.0138511
0.95,0.05,0 1.15116e-13
0.95,0.05,0.05 0.00678165
0.95,0.05,0.1 0.0271057
0.95,0.05,0.15 0.0067712
0.95,0.1,0 1.35728e-12
0.95,0.1,0.05 0.079959
0.95,0.1,0.1 0.319589
0.95,0.1,0.15 0.0798357
0.95,0.15,0 8.84793e-13
0.95,0.15,0.05 0.0521244
0.95,0.15,0.1 0.208337
0.95,0.15,0.15 0.052044
0.95,0.2,0 1.51623e-14
0.95,0.2,0.05 0.000893231
0.95,0.2,0.1 0.00357017
0.95,0.2,0.15 0.000891854
0.95,0.35,0.05 4.04324e-06
0.95,0.35,0.1 0.00296289
0.95,0.35,0.15 0.00819757
0.95,0.35,0.2 0.00140593
0.95,0.4,0 3.23381e-13
0.95,0.4,0.05 0.0745452
0.95,0.4,0.1 2.06077
0.95,0.4,0.15 4.97586
0.95,0.4,0.2 0.841031
0.95,0.45,0 2.42019e-11
0.95,0.45,0.05 5.40445
0.95,0.45,0.1 26.3476
0.95,0.45,0.15 18.5803
0.95,0.45,0.2 2.26177
0.95,0.5,0 4.05683e-11
0.95,0.5,0.05 9.04938
0.95,0.5,0.1 36.9684
0.95,0.5,0.15 11.2336
0.95,0.5,0.2 0.376321
0.95,0.55,0 3.87302e-12
0.95,0.55,0.05 0.863833
0.95,0.55,0.1 3.45362
0.95,0.55,0.15 0.862979
0.95,0.6,0 1.48447e-15
0.95,0.6,0.05 0.0104151
0.95,0.6,0.1 0.041654
0.95,0.6,0.15 0.0104119
0.95,0.65,0 3.7401e-13
0.95,0.65,0.05 2.62407
0.95,0.65,0.1 10.4946
0.95,0.65,0.15 2.62325
0.95,0.7,0 8.6566e-13
0.95,0.7,0.05 6.07352
0.95,0.7,0.1 24.2903
0.95,0.7,0.15 6.07161
0.95,0.75,0 1.22122e-13
0.95,0.75,0.05 0.989724
0.95,0.75,0.1 4.15352
0.95,0.75,0.15 1.10373
0.95,0.75,0.2 0.000205112
0.95,0.8,0.05 3.58827
0.95,0.8,0.1 19.6323
0.95,0.8,0.15 10.219
0.95,0.8,0.2 8.74262
0.95,0.8,0.25 1.32187
0.95,0.85,0.05 3.9109
0.95,0.85,0.1 21.4411
0.95,0.85,0.15 26.4002
0.95,0.85,0.2 47.1383
0.95,0.85,0.25 7.13085
0.95,0.9,0.05 0.197586
0.95,0.9,0.1 1.09888
0.95,0.9,0.15 6.78822
0.95,0.9,0.2 15.8224
0.95,0.9,0.25 2.39379
0.95,0.95,0.1 1.35402e-05
0.95,0.95,0.15 0.00472481
0.95,0.95,0.2 0.0116429
0.95,0.95,0.25 0.0017615
