0.6,0.25,0.2 586.229
0.6,0.25,0.25 493.218
0.6,0.25,0.3 796.598
0.6,0.25,0.35 593.839
0.6,0.25,0.4 630.803
0.6,0.25,0.45 398.79
0.6,0.25,0.5 198.198
0.6,0.25,0.55 27.2335
0.6,0.25,0.6 0.631276
0.6,0.3,0 3.59358e-09
0.6,0.3,0.05 105.936
0.6,0.3,0.1 597.848
0.6,0.3,0.15 587.352
0.6,0.3,0.2 435.275
0.6,0.3,0.25 289.848
0.6,0.3,0.3 529.431
0.6,0.3,0.35 319.047
0.6,0.3,0.4 700.005
0.6,0.3,0.45 484.493
0.6,0.3,0.5 310.938
0.6,0.3,0.55 64.505
0.6,0.3,0.6 0.216896
0.6,0.35,0 7.44512e-08
0.6,0.35,0.05 93.7894
0.6,0.35,0.1 601.76
0.6,0.35,0.15 778.628
0.6,0.35,0.2 567.007
0.6,0.35,0.25 243.098
0.6,0.35,0.3 519.146
0.6,0.35,0.35 363.629
0.6,0.35,0.4 336.227
0.6,0.35,0.45 481.854
0.6,0.35,0.5 250.735
0.6,0.35,0.55 24.1493
0.6,0.35,0.6 0.216417
0.6,0.4,0 5.14916e-07
0.6,0.4,0.05 53.9367
0.6,0.4,0.1 305.496
0.6,0.4,0.15 321.507
0.6,0.4,0.2 365.96
0.6,0.4,0.25 535.17
0.6,0.4,0.3 539.704
0.6,0.4,0.35 206.294
0.6,0.4,0.4 357.135
0.6,0.4,0.45 187.316
0.6,0.4,0.5 62.9496
0.6,0.4,0.55 14.9759
0.6,0.4,0.6 2.26678
0.6,0.45,0 6.47126e-05
0.6,0.45,0.05 89.9904
0.6,0.45,0.1 374.245
0.6,0.45,0.15 328.276
0.6,0.45,0.2 520.158
0.6,0.45,0.25 601.044
0.6,0.45,0.3 391.329
0.6,0.45,0.35 334.619
0.6,0.45,0.4 408.488
0.6,0.45,0.45 257.067
0.6,0.45,0.5 151.851
0.6,0.45,0.55 26.3733
0.6,0.45,0.6 2.8248
0.6,0.5,0 0.000470031
0.6,0.5,0.05 142.172
0.6,0.5,0.1 584.084
0.6,0.5,0.15 539.418
0.6,0.5,0.2 627.39
0.6,0.5,0.25 639.764
0.6,0.5,0.3 566.779
0.6,0.5,0.35 589.851
0.6,0.5,0.4 441.44
0.6,0.5,0.45 511.265
0.6,0.5,0.5 329.038
0.6,0.5,0.55 30.44
0.6,0.5,0.6 0.191032
0.6,0.55,0 0.000222081
0.6,0.55,0.05 61.3758
0.6,0.55,0.1 450.304
0.6,0.55,0.15 788.085
0.6,0.55,0.2 749.123
0.6,0.55,0.25 568.764
0.6,0.55,0.3 333.516
0.6,0.55,0.35 435.887
0.6,0.55,0.4 572.194
0.6,0.55,0.45 679.997
0.6,0.55,0.5 373.125
0.6,0.55,0.55 35.3807
0.6,0.55,0.6 0.821231
0.6,0.6,0 1.50971e-06
0.6,0.6,0.05 77.8231
0.6,0.6,0.1 476.272
0.6,0.6,0.15 667.568
0.6,0.6,0.2 754.446
0.6,0.6,0.25 364.059
0.6,0.6,0.3 93.3519
0.6,0.6,0.35 167.255
0.6,0.6,0.4 440.854
0.6,0.6,0.45 567.755
0.6,0.6,0.5 393.789
0.6,0.6,0.55 50.9697
0.6,0.6,0.6 3.60365
0.6,0.65,0.05 39.0497
0.6,0.65,0.1 188.654
0.6,0.65,0.15 233.68
0.6,0.65,0.2 406.162
0.6,0.65,0.25 435.942
0.6,0.65,0.3 257.994
0.6,0.65,0.35 83.0177
0.6,0.65,0.4 354.788
0.6,0.65,0.45 505.175
0.6,0.65,0.5 363.943
0.6,0.65,0.55 54.8034
0.6,0.65,0.6 2.41492
0.6,0.7,0.05 0.346453
0.6,0.7,0.1 3.48949
0.6,0.7,0.15 39.3849
0.6,0.7,0.2 98.1472
0.6,0.7,0.25 237.563
0.6,0.7,0.3 478.158
0.6,0.7,0.35 182.085
0.6,0.7,0.4 247.135
0.6,0.7,0.45 537.025
0.6,0.7,0.5 294.095
0.6,0.7,0.55 21.0629
0.6,0.7,0.6 0.172351
0.6,0.75,0 2.96582e-09
0.6,0.75,0.05 7.63398
0.6,0.75,0.1 94.7988
0.6,0.75,0.15 97.0561
0.6,0.75,0.2 335.753
0.6,0.75,0.25 367.26
0.6,0.75,0.3 169.294
0.6,0.75,0.35 104.842
0.6,0.75,0.4 76.7824
0.6,0.75,0.45 179.238
0.6,0.75,0.5 156.42
0.6,0.75,0.55 9.76288
0.6,0.8,0 9.28906e-08
0.6,0.8,0.05 48.2173
0.6,0.8,0.1 359.238
0.6,0.8,0.15 324.028
0.6,0.8,0.2 615.353
0.6,0.8,0.25 343.265
0.6,0.8,0.3 15.2568
0.6,0.8,0.35 5.01963
0.6,0.8,0.4 3.9298
0.6,0.8,0.45 2.71891
0.6,0.8,0.5 3.18239
0.6,0.8,0.55 0.204505
0.6,0.85,0 1.09103e-07
0.6,0.85,0.05 96.742
0.6,0.85,0.1 413.655
0.6,0.85,0.15 161.518
0.6,0.85,0.2 143.604
0.6,0.85,0.25 45.1672
0.6,0.85,0.3 0.752941
0.6,0.9,0 6.2346e-09
0.6,0.9,0.05 25.1282
0.6,0.9,0.1 100.617
0.6,0.9,0.15 25.2205
0.6,0.9,0.2 0.116107
0.6,0.9,0.25 0.0208351
0.6,0.95,0.05 0.00871601
0.6,0.95,0.1 0.0349093
0.6,0.95,0.15 0.00873864
0.6,0.95,0.2 7.04871e-13
0.65,0.1,0.05 0.0013638
0.65,0.1,0.1 0.0134119
0.65,0.1,0.15 0.00765359
0.65,0.1,0.2 0.000435709
0.65,0.1,0.25 0.000199738
0.65,0.1,0.3 2.3932e-06
0.65,0.1,0.35 2.72283e-07
0.65,0.1,0.4 0.00650896
0.65,0.1,0.45 0.0233769
0.65,0.1,0.5 0.00524614
0.65,0.15,0.05 10.3511
0.65,0.15,0.1 101.824
0.65,0.15,0.15 61.4309
0.65,0.15,0.2 34.9431
0.65,0.15,0.25 24.1488
0.65,0.15,0.3 54.0854
0.65,0.15,0.35 50.4438
0.65,0.15,0.4 8.41662
0.65,0.15,0.45 3.52684
0.65,0.15,0.5 1.96467
0.65,0.15,0.55 0.039712
0.65,0.2,0 2.65208e-14
0.65,0.2,0.05 35.6212
0.65,0.2,0.1 350.441
0.65,0.2,0.15 242.033
0.65,0.2,0.2 394.61
0.65,0.2,0.25 317.367
0.65,0.2,0.3 505.589
0.65,0.2,0.35 491.395
0.65,0.2,0.4 183.829
0.65,0.2,0.45 55.0965
0.65,0.2,0.5 22.8155
0.65,0.2,0.55 0.489792
0.65,0.25,0 1.60203e-11
0.65,0.25,0.05 17.2405
0.65,0.25,0.1 144.85
0.65,0.25,0.15 217.373
0.65,0.25,0.2 750.601
0.65,0.25,0.25 726.714
0.65,0.25,0.3 850.359
0.65,0.25,0.35 469.525
0.65,0.25,0.4 305.657
0.65,0.25,0.45 88.5174
0.65,0.25,0.5 15.5429
0.65,0.25,0.55 0.352085
0.65,0.3,0 4.31441e-11
0.65,0.3,0.05 20.1522
0.65,0.3,0.1 194.731
0.65,0.3,0.15 394.046
0.65,0.3,0.2 489.38
0.65,0.3,0.25 518.423
0.65,0.3,0.3 591.449
0.65,0.3,0.35 438.501
0.65,0.3,0.4 466.79
0.65,0.3,0.45 119.262
0.65,0.3,0.5 2.37323
0.65,0.3,0.55 0.159528
0.65,0.35,0 7.18938e-12
0.65,0.35,0.05 33.6186
0.65,0.35,0.1 360.343
0.65,0.35,0.15 484.624
0.65,0.35,0.2 402.671
0.65,0.35,0.25 447.139
0.65,0.35,0.3 456.159
0.65,0.35,0.35 427.629
0.65,0.35,0.4 241.285
0.65,0.35,0.45 62.8049
0.65,0.35,0.5 3.30482
0.65,0.35,0.55 0.113951
0.65,0.4,0 2.72593e-08
0.65,0.4,0.05 68.9932
0.65,0.4,0.1 500.165
0.65,0.4,0.15 413.366
0.65,0.4,0.2 471.861
0.65,0.4,0.25 627.146
0.65,0.4,0.3 530.815
0.65,0.4,0.35 207.301
0.65,0.4,0.4 407.921
0.65,0.4,0.45 133.272
0.65,0.4,0.5 0.902371
0.65,0.4,0.55 0.018157
0.65,0.45,0 3.94032e-05
0.65,0.45,0.05 84.0361
0.65,0.45,0.1 500.581
0.65,0.45,0.15 319.206
0.65,0.45,0.2 490.274
0.65,0.45,0.25 744.982
0.65,0.45,0.3 556.287
0.65,0.45,0.35 382.506
0.65,0.45,0.4 583.454
0.65,0.45,0.45 190.021
0.65,0.45,0.5 21.185
0.65,0.45,0.55 0.204192
0.65,0.5,0 0.000307656
0.65,0.5,0.05 103.88
0.65,0.5,0.1 542.967
0.65,0.5,0.15 433.265
0.65,0.5,0.2 595.233
0.65,0.5,0.25 454.955
0.65,0.5,0.3 517.856
0.65,0.5,0.35 719.308
0.65,0.5,0.4 303.492
0.65,0.5,0.45 144.211
0.65,0.5,0.5 47.5301
0.65,0.5,0.55 0.585747
0.65,0.55,0 0.000145491
0.65,0.55,0.05 39.3911
0.65,0.55,0.1 246.124
0.65,0.55,0.15 535.773
0.65,0.55,0.2 752.909
0.65,0.55,0.25 485.559
0.65,0.55,0.3 526.693
0.65,0.55,0.35 733.102
0.65,0.55,0.4 511.662
0.65,0.55,0.45 342.378
0.65,0.55,0.5 49.9964
0.65,0.55,0.55 0.797022
0.65,0.6,0 8.68431e-07
0.65,0.6,0.05 10.1118
0.65,0.6,0.1 75.487
0.65,0.6,0.15 326.383
0.65,0.6,0.2 670.164
0.65,0.6,0.25 483.456
0.65,0.6,0.3 252.862
0.65,0.6,0.35 371.085
0.65,0.6,0.4 630.455
0.65,0.6,0.45 267.837
0.65,0.6,0.5 33.8564
0.65,0.6,0.55 1.10859
0.65,0.65,0.05 4.67485
0.65,0.65,0.1 22.469
0.65,0.65,0.15 78.09
0.65,0.65,0.2 320.026
0.65,0.65,0.25 667.134
0.65,0.65,0.3 576.752
0.65,0.65,0.35 256.562
0.65,0.65,0.4 676.015
0.65,0.65,0.45 402.693
0.65,0.65,0.5 39.4008
0.65,0.65,0.55 1.668
0.65,0.7,0.05 0.0552765
0.65,0.7,0.1 0.388559
0.65,0.7,0.15 31.9038
0.65,0.7,0.2 291.148
0.65,0.7,0.25 381.642
0.65,0.7,0.3 715.966
0.65,0.7,0.35 375.023
0.65,0.7,0.4 499.176
0.65,0.7,0.45 542.572
0.65,0.7,0.5 69.4951
0.65,0.7,0.55 0.955914
0.65,0.75,0 2.74209e-22
0.65,0.75,0.05 7.35467
0.65,0.75,0.1 95.2637
0.65,0.75,0.15 121.456
0.65,0.75,0.2 551.278
0.65,0.75,0.25 486.453
0.65,0.75,0.3 299.079
0.65,0.75,0.35 145.157
0.65,0.75,0.4 71.8148
0.65,0.75,0.45 124.783
0.65,0.75,0.5 22.2549
0.65,0.75,0.55 0.491913
0.65,0.8,0 3.96184e-12
0.65,0.8,0.05 33.2803
0.65,0.8,0.1 303.928
0.65,0.8,0.15 291.176
0.65,0.8,0.2 574.827
0.65,0.8,0.25 351.449
0.65,0.8,0.3 18.0154
0.65,0.8,0.35 1.96142
0.65,0.8,0.4 0.050994
0.65,0.8,0.45 0.169946
0.65,0.8,0.5 0.161658
0.65,0.8,0.55 0.0102427
0.65,0.85,0 1.58279e-11
0.65,0.85,0.05 74.634
0.65,0.85,0.1 326.226
0.65,0.85,0.15 131.916
0.65,0.85,0.2 122.085
0.65,0.85,0.25 43.0948
0.65,0.85,0.3 0.819485
0.65,0.9,0 3.95209e-12
0.65,0.9,0.05 22.4851
0.65,0.9,0.1 90.0567
0.65,0.9,0.15 22.5748
0.65,0.9,0.2 0.0910049
0.65,0.9,0.25 0.0163307
0.65,0.95,0.05 0.00810305
0.65,0.95,0.1 0.0324542
0.65,0.95,0.15 0.00812409
0.65,0.95,0.2 6.55301e-13
0.7,0.1,0.05 0.000170483
0.7,0.1,0.1 0.00167655
0.7,0.1,0.15 0.000952372
0.7,0.1,0.2 1.09764e-05
0.7,0.1,0.25 9.90238e-09
0.7,0.1,0.3 1.17438e-10
0.7,0.15,0.05 1.29395
0.7,0.15,0.1 12.7249
0.7,0.15,0.15 8.16344
0.7,0.15,0.2 11.4182
0.7,0.15,0.25 8.75237
0.7,0.15,0.3 4.0345
0.7,0.15,0.35 13.6164
0.7,0.15,0.4 4.76236
0.7,0.15,0.45 0.00920395
0.7,0.15,0.5 2.08342e-08
0.7,0.2,0.05 7.12546
0.7,0.2,0.1 64.3105
0.7,0.2,0.15 61.1982
0.7,0.2,0.2 272.827
0.7,0.2,0.25 187.11
0.7,0.2,0.3 74.4035
0.7,0.2,0.35 212.826
0.7,0.2,0.4 76.6071
0.7,0.2,0.45 0.165143
0.7,0.2,0.5 1.22857e-06
0.7,0.25,0.05 39.8344
0.7,0.25,0.1 318.086
0.7,0.25,0.15 327.765
0.7,0.25,0.2 478.046
0.7,0.25,0.25 378.477
0.7,0.25,0.3 365.737
0.7,0.25,0.35 254.539
0.7,0.25,0.4 67.7288
0.7,0.25,0.45 0.973845
0.7,0.25,0.5 2.48432e-06
0.7,0.3,0.05 30.5861
0.7,0.3,0.1 279.067
0.7,0.3,0.15 567.671
0.7,0.3,0.2 703.558
0.7,0.3,0.25 698.759
0.7,0.3,0.3 603.215
0.7,0.3,0.35 349.44
0.7,0.3,0.4 48.1534
0.7,0.3,0.45 5.61916
0.7,0.3,0.5 1.32532e-06
0.7,0.35,0.05 16.3568
0.7,0.35,0.1 339.399
0.7,0.35,0.15 663.153
0.7,0.35,0.2 934.835
0.7,0.35,0.25 886.076
0.7,0.35,0.3 735.634
0.7,0.35,0.35 492.341
0.7,0.35,0.4 47.721
0.7,0.35,0.45 2.99583
0.7,0.35,0.5 0.000593007
0.7,0.4,0.05 32.1086
0.7,0.4,0.1 348.875
0.7,0.4,0.15 365.076
0.7,0.4,0.2 297.695
0.7,0.4,0.25 351.779
0.7,0.4,0.3 625.851
0.7,0.4,0.35 421.353
0.7,0.4,0.4 85.4591
0.7,0.4,0.45 19.7719
0.7,0.4,0.5 0.00750525
0.7,0.45,0 6.94157e-07
0.7,0.45,0.05 72.364
0.7,0.45,0.1 573.498
0.7,0.45,0.15 383.924
0.7,0.45,0.2 387.466
0.7,0.45,0.25 288.444
0.7,0.45,0.3 532.234
0.7,0.45,0.35 532.776
0.7,0.45,0.4 242.564
0.7,0.45,0.45 53.9768
0.7,0.45,0.5 0.0156838
0.7,0.5,0 5.46375e-06
0.7,0.5,0.05 84.1173
0.7,0.5,0.1 673.869
0.7,0.5,0.15 497.926
0.7,0.5,0.2 747.386
0.7,0.5,0.25 336.569
0.7,0.5,0.3 314.852
0.7,0.5,0.35 554.638
0.7,0.5,0.4 129.529
0.7,0.5,0.45 12.1849
0.7,0.5,0.5 0.192606
0.7,0.55,0 2.58574e-06
0.7,0.55,0.05 41.5033
0.7,0.55,0.1 346.862
0.7,0.55,0.15 436.042
0.7,0.55,0.2 704.488
0.7,0.55,0.25 533.498
0.7,0.55,0.3 552.171
0.7,0.55,0.35 640.325
0.7,0.55,0.4 150.855
0.7,0.55,0.45 16.2721
0.7,0.55,0.5 1.38154
0.7,0.6,0 1.54347e-08
0.7,0.6,0.05 2.91285
0.7,0.6,0.1 25.8135
0.7,0.6,0.15 243.659
0.7,0.6,0.2 746.518
0.7,0.6,0.25 885.357
0.7,0.6,0.3 408.547
0.7,0.6,0.35 396.684
0.7,0.6,0.4 313.549
0.7,0.6,0.45 27.3653
0.7,0.6,0.5 0.656966
0.7,0.65,0.1 0.22781
0.7,0.65,0.15 41.066
0.7,0.65,0.2 287.569
0.7,0.65,0.25 638.815
0.7,0.65,0.3 510.057
0.7,0.65,0.35 264.132
0.7,0.65,0.4 289.799
0.7,0.65,0.45 53.1283
0.7,0.65,0.5 1.5967
0.7,0.7,0.05 0.000710513
0.7,0.7,0.1 0.00926803
0.7,0.7,0.15 19.099
0.7,0.7,0.2 165.971
0.7,0.7,0.25 160.078
0.7,0.7,0.3 255.693
0.7,0.7,0.35 212.582
0.7,0.7,0.4 272.161
0.7,0.7,0.45 78.8586
0.7,0.7,0.5 5.79095
0.7,0.75,0 1.38737e-19
0.7,0.75,0.05 0.334109
0.7,0.75,0.1 4.32737
0.7,0.75,0.15 22.4783
0.7,0.75,0.2 162.523
0.7,0.75,0.25 111.805
0.7,0.75,0.3 128.469
0.7,0.75,0.35 57.5622
0.7,0.75,0.4 23.591
0.7,0.75,0.45 15.7296
0.7,0.75,0.5 1.7332
0.7,0.8,0 2.00451e-09
0.7,0.8,0.05 11.0954
0.7,0.8,0.1 52.0702
0.7,0.8,0.15 21.9428
0.7,0.8,0.2 28.3264
0.7,0.8,0.25 23.6273
0.7,0.8,0.3 21.8044
0.7,0.8,0.35 5.80223
0.7,0.8,0.4 0.00928649
0.7,0.8,0.45 0.00584198
0.7,0.8,0.5 0.000744903
0.7,0.85,0 8.00816e-09
0.7,0.85,0.05 41.5673
0.7,0.85,0.1 167.249
0.7,0.85,0.15 43.4715
0.7,0.85,0.2 4.07654
0.7,0.85,0.25 1.80818
0.7,0.85,0.3 0.049915
0.7,0.85,0.35 0.0022449
0.7,0.85,0.4 7.58269e-09
0.7,0.9,0 1.99958e-09
0.7,0.9,0.05 10.5196
0.7,0.9,0.1 42.0143
0.7,0.9,0.15 10.4884
0.7,0.9,0.2 0.00243683
0.7,0.9,0.25 0.000437284
0.7,0.95,0.05 0.000307811
0.7,0.95,0.1 0.00123284
0.7,0.95,0.15 0.00030861
0.7,0.95,0.2 2.48929e-14
0.75,0.15,0.15 0.723792
0.75,0.15,0.2 21.7246
0.75,0.15,0.25 25.5097
0.75,0.15,0.3 1.53633
0.75,0.15,0.35 0.337006
0.75,0.15,0.4 0.127304
0.75,0.15,0.45 0.0002366
0.75,0.2,0.05 1.29499
0.75,0.2,0.1 9.97212
0.75,0.2,0.15 14.2494
0.75,0.2,0.2 254.491
0.75,0.2,0.25 291.445
0.75,0.2,0.3 23.0659
0.75,0.2,0.35 6.97791
0.75,0.2,0.4 2.05244
0.75,0.2,0.45 0.0038145
0.75,0.25,0.05 18.5429
0.75,0.25,0.1 149.968
0.75,0.25,0.15 172.677
0.75,0.25,0.2 269.385
0.75,0.25,0.25 254.286
0.75,0.25,0.3 216.318
0.75,0.25,0.35 60.7524
0.75,0.25,0.4 1.73465
0.75,0.25,0.45 0.00308332
0.75,0.3,0.05 15.6401
0.75,0.3,0.1 170.816
0.75,0.3,0.15 511.064
0.75,0.3,0.2 429.221
0.75,0.3,0.25 181.436
0.75,0.3,0.3 281.134
0.75,0.3,0.35 82.8003
0.75,0.3,0.4 0.908743
0.75,0.3,0.45 8.82855e-05
0.75,0.35,0.05 15.3142
0.75,0.35,0.1 271.304
0.75,0.35,0.15 435.753
0.75,0.35,0.2 442.705
0.75,0.35,0.25 230.105
0.75,0.35,0.3 178.902
0.75,0.35,0.35 113.539
0.75,0.35,0.4 5.94349
0.75,0.35,0.45 2.59216e-05
0.75,0.35,0.5 7.24515e-09
0.75,0.4,0.05 8.87992
0.75,0.4,0.1 163.183
0.75,0.4,0.15 305.63
0.75,0.4,0.2 287.168
0.75,0.4,0.25 232.191
0.75,0.4,0.3 309.862
0.75,0.4,0.35 247.274
0.75,0.4,0.4 11.8421
0.75,0.4,0.45 0.0733804
0.75,0.4,0.5 2.051e-05
0.75,0.45,0.05 17.5999
0.75,0.45,0.1 229.754
0.75,0.45,0.15 526.493
0.75,0.45,0.2 461.428
0.75,0.45,0.25 305.923
0.75,0.45,0.3 238.477
0.75,0.45,0.35 163.196
0.75,0.45,0.4 13.1773
0.75,0.45,0.45 0.233961
0.75,0.45,0.5 6.53927e-05
0.75,0.5,0.05 21.3314
0.75,0.5,0.1 205.454
0.75,0.5,0.15 237.494
0.75,0.5,0.2 597.371
0.75,0.5,0.25 594.522
0.75,0.5,0.3 239.464
0.75,0.5,0.35 86.7112
0.75,0.5,0.4 12.6812
0.75,0.5,0.45 0.0465405
0.75,0.5,0.5 1.30041e-05
0.75,0.55,0.05 18.0857
0.75,0.55,0.1 137.455
0.75,0.55,0.15 138.654
0.75,0.55,0.2 372.492
