0.65,0.1,0.3 1.82511
0.65,0.1,0.35 0.184333
0.65,0.15,0.05 0.0275352
0.65,0.15,0.1 4.5887
0.65,0.15,0.15 9.68369
0.65,0.15,0.2 1.62696
0.65,0.15,0.25 34.4136
0.65,0.15,0.3 63.2201
0.65,0.15,0.35 8.09411
0.65,0.15,0.4 0.0251145
0.65,0.2,0.05 0.0582728
0.65,0.2,0.1 9.71108
0.65,0.2,0.15 28.5085
0.65,0.2,0.2 53.0946
0.65,0.2,0.25 90.9851
0.65,0.2,0.3 286.425
0.65,0.2,0.35 124.204
0.65,0.2,0.4 1.40686
0.65,0.25,0.05 0.00741685
0.65,0.25,0.1 1.23601
0.65,0.25,0.15 47.5985
0.65,0.25,0.2 287.218
0.65,0.25,0.25 287.508
0.65,0.25,0.3 477.364
0.65,0.25,0.35 186.846
0.65,0.25,0.4 2.125
0.65,0.3,0.1 0.000800227
0.65,0.3,0.15 15.9018
0.65,0.3,0.2 168.492
0.65,0.3,0.25 460.242
0.65,0.3,0.3 267.056
0.65,0.3,0.35 50.0639
0.65,0.3,0.4 2.10491
0.65,0.3,0.45 0.0114545
0.65,0.35,0.1 0.306509
0.65,0.35,0.15 19.7412
0.65,0.35,0.2 109.972
0.65,0.35,0.25 350.958
0.65,0.35,0.3 366.418
0.65,0.35,0.35 382.661
0.65,0.35,0.4 98.6589
0.65,0.35,0.45 1.09743
0.65,0.4,0.1 1.33071
0.65,0.4,0.15 71.746
0.65,0.4,0.2 294.046
0.65,0.4,0.25 486.921
0.65,0.4,0.3 404.576
0.65,0.4,0.35 558.309
0.65,0.4,0.4 180.389
0.65,0.4,0.45 1.9915
0.65,0.45,0.1 5.57934
0.65,0.45,0.15 138.89
0.65,0.45,0.2 533.639
0.65,0.45,0.25 426.101
0.65,0.45,0.3 456.039
0.65,0.45,0.35 630.473
0.65,0.45,0.4 100.516
0.65,0.45,0.45 0.841672
0.65,0.5,0.1 4.40479
0.65,0.5,0.15 81.7812
0.65,0.5,0.2 406.901
0.65,0.5,0.25 345.54
0.65,0.5,0.3 238.838
0.65,0.5,0.35 524.798
0.65,0.5,0.4 298.236
0.65,0.5,0.45 10.7616
0.65,0.55,0.1 0.359134
0.65,0.55,0.15 8.72083
0.65,0.55,0.2 111.422
0.65,0.55,0.25 293.822
0.65,0.55,0.3 336.687
0.65,0.55,0.35 308.138
0.65,0.55,0.4 267.134
0.65,0.55,0.45 11.4493
0.65,0.6,0.1 0.125733
0.65,0.6,0.15 3.18546
0.65,0.6,0.2 4.73382
0.65,0.6,0.25 75.6549
0.65,0.6,0.3 143.308
0.65,0.6,0.35 46.9891
0.65,0.6,0.4 20.3555
0.65,0.6,0.45 0.899133
0.65,0.65,0.1 1.49409
0.65,0.65,0.15 37.8029
0.65,0.65,0.2 39.8646
0.65,0.65,0.25 3.09432
0.65,0.65,0.3 10.6687
0.65,0.65,0.35 24.1378
0.65,0.65,0.4 6.78446
0.65,0.65,0.45 0.00232401
0.65,0.7,0 1.66602e-12
0.65,0.7,0.05 0.130561
0.65,0.7,0.1 3.51587
0.65,0.7,0.15 46.0437
0.65,0.7,0.2 53.4823
0.65,0.7,0.25 11.7104
0.65,0.7,0.3 43.0756
0.65,0.7,0.35 26.3861
0.65,0.7,0.4 3.43939
0.65,0.7,0.45 0.00116958
0.65,0.75,0 3.29428e-10
0.65,0.75,0.05 25.5992
0.65,0.75,0.1 112.11
0.65,0.75,0.15 96.833
0.65,0.75,0.2 70.0027
0.65,0.75,0.25 17.9439
0.65,0.75,0.3 71.0853
0.65,0.75,0.35 33.9066
0.65,0.75,0.4 0.31339
0.65,0.75,0.45 8.88751e-06
0.65,0.8,0 7.41671e-10
0.65,0.8,0.05 72.6765
0.65,0.8,0.1 295.094
0.65,0.8,0.15 91.4504
0.65,0.8,0.2 11.8049
0.65,0.8,0.25 5.78366
0.65,0.8,0.3 48.0338
0.65,0.8,0.35 28.5875
0.65,0.8,0.4 0.386851
0.65,0.85,0 1.72038e-10
0.65,0.85,0.05 77.8558
0.65,0.85,0.1 311.47
0.65,0.85,0.15 78.0719
0.65,0.85,0.2 0.0267365
0.65,0.85,0.25 0.351806
0.65,0.85,0.3 3.73806
0.65,0.85,0.35 2.25452
0.65,0.85,0.4 0.0311073
0.65,0.9,0 1.99767e-11
0.65,0.9,0.05 18.789
0.65,0.9,0.1 75.1345
0.65,0.9,0.15 18.7783
0.65,0.95,0 1.57188e-16
0.65,0.95,0.05 0.000184117
0.65,0.95,0.1 0.000736258
0.65,0.95,0.15 0.000184012
0.7,0.15,0.25 0.150867
0.7,0.15,0.3 1.51591
0.7,0.15,0.35 0.87573
0.7,0.15,0.4 0.0106194
0.7,0.2,0.15 0.295411
0.7,0.2,0.2 1.80907
0.7,0.2,0.25 9.3045
0.7,0.2,0.3 85.1471
0.7,0.2,0.35 49.0722
0.7,0.2,0.4 0.594874
0.7,0.25,0.15 1.65801
0.7,0.25,0.2 11.2223
0.7,0.25,0.25 23.9224
0.7,0.25,0.3 132.615
0.7,0.25,0.35 74.2802
0.7,0.25,0.4 0.898528
0.7,0.3,0.15 0.578049
0.7,0.3,0.2 19.1485
0.7,0.3,0.25 84.4604
0.7,0.3,0.3 57.1703
0.7,0.3,0.35 24.1626
0.7,0.3,0.4 0.808418
0.7,0.3,0.45 0.000911079
0.7,0.35,0.15 0.0056338
0.7,0.35,0.2 13.8377
0.7,0.35,0.25 79.1035
0.7,0.35,0.3 188.22
0.7,0.35,0.35 163.456
0.7,0.35,0.4 12.7944
0.7,0.35,0.45 0.0872886
0.7,0.4,0.1 5.86141e-05
0.7,0.4,0.15 4.32493
0.7,0.4,0.2 53.7996
0.7,0.4,0.25 92.9189
0.7,0.4,0.3 163.684
0.7,0.4,0.35 169.597
0.7,0.4,0.4 20.3057
0.7,0.4,0.45 0.158402
0.7,0.45,0.1 0.000512769
0.7,0.45,0.15 12.6171
0.7,0.45,0.2 129.594
0.7,0.45,0.25 100.766
0.7,0.45,0.3 131.528
0.7,0.45,0.35 161.373
0.7,0.45,0.4 14.3391
0.7,0.45,0.45 0.0793113
0.7,0.5,0.1 0.000265132
0.7,0.5,0.15 4.43013
0.7,0.5,0.2 63.4557
0.7,0.5,0.25 72.384
0.7,0.5,0.3 54.559
0.7,0.5,0.35 52.8748
0.7,0.5,0.4 24.6379
0.7,0.5,0.45 0.861874
0.7,0.55,0.1 2.22453e-06
0.7,0.55,0.15 0.817456
0.7,0.55,0.2 17.5299
0.7,0.55,0.25 144.717
0.7,0.55,0.3 199.712
0.7,0.55,0.35 33.3958
0.7,0.55,0.4 15.959
0.7,0.55,0.45 0.632834
0.7,0.6,0.15 0.00103265
0.7,0.6,0.2 0.851923
0.7,0.6,0.25 46.7094
0.7,0.6,0.3 70.5716
0.7,0.6,0.35 6.26299
0.7,0.6,0.4 0.385434
0.7,0.6,0.45 0.0155458
0.7,0.65,0.2 0.00100422
0.7,0.65,0.25 0.056308
0.7,0.65,0.3 0.0850813
0.7,0.65,0.35 0.00706804
0.7,0.7,0 3.08274e-14
0.7,0.7,0.05 0.00239233
0.7,0.7,0.1 0.00956258
0.7,0.7,0.15 0.00238896
0.7,0.75,0 6.0956e-12
0.7,0.75,0.05 0.473042
0.7,0.75,0.1 1.89084
0.7,0.75,0.15 0.472377
0.7,0.8,0 2.01839e-09
0.7,0.8,0.05 11.2981
0.7,0.8,0.1 45.1201
0.7,0.8,0.15 11.262
0.7,0.85,0 8.01202e-09
0.7,0.85,0.05 41.2806
0.7,0.85,0.1 164.845
0.7,0.85,0.15 41.1419
0.7,0.9,0 2.00013e-09
0.7,0.9,0.05 10.3149
0.7,0.9,0.1 41.1903
0.7,0.9,0.15 10.2803
0.7,0.95,0 5.43256e-18
0.7,0.95,0.05 6.36324e-06
0.7,0.95,0.1 2.54457e-05
0.7,0.95,0.15 6.35962e-06
0.75,0.15,0.25 0.000537872
0.75,0.15,0.3 0.0054045
0.75,0.15,0.35 0.00312215
0.75,0.15,0.4 3.78601e-05
0.75,0.2,0.25 0.0301304
0.75,0.2,0.3 0.302748
0.75,0.2,0.35 0.174896
0.75,0.2,0.4 0.00212084
0.75,0.25,0.25 0.0455105
0.75,0.25,0.3 0.457286
0.75,0.25,0.35 0.264172
0.75,0.25,0.4 0.00320343
0.75,0.3,0.25 0.0215767
0.75,0.3,0.3 0.390881
0.75,0.3,0.35 0.346076
0.75,0.3,0.4 0.0122969
0.75,0.35,0.15 2.45832e-06
0.75,0.35,0.2 2.36298e-05
0.75,0.35,0.25 0.151032
0.75,0.35,0.3 2.99582
0.75,0.35,0.35 2.75253
0.75,0.35,0.4 0.102253
0.75,0.4,0.15 0.00210927
0.75,0.4,0.2 0.0202747
0.75,0.4,0.25 0.100509
0.75,0.4,0.3 1.95304
0.75,0.4,0.35 1.92743
0.75,0.4,0.4 0.0842846
0.75,0.45,0.15 0.00595712
0.75,0.45,0.2 0.0572609
0.75,0.45,0.25 0.0591924
0.75,0.45,0.3 0.914398
0.75,0.45,0.35 1.11084
0.75,0.45,0.4 0.067091
0.75,0.5,0 1.58954e-12
0.75,0.5,0.05 0.31858
0.75,0.5,0.1 1.27367
0.75,0.5,0.15 0.319298
0.75,0.5,0.2 0.0174814
0.75,0.5,0.25 0.426235
0.75,0.5,0.3 0.740056
0.75,0.5,0.35 0.185634
0.75,0.5,0.4 0.00807704
0.75,0.55,0 3.93253e-11
0.75,0.55,0.05 8.3063
0.75,0.55,0.1 33.2089
0.75,0.55,0.15 8.29816
0.75,0.55,0.2 0.0426641
0.75,0.55,0.25 2.39223
0.75,0.55,0.3 3.61465
0.75,0.55,0.35 0.300283
0.75,0.6,0 4.10438e-11
0.75,0.6,0.05 18.6898
0.75,0.6,0.1 74.7395
0.75,0.6,0.15 18.68
0.75,0.6,0.2 0.0151721
0.75,0.6,0.25 0.850715
0.75,0.6,0.3 1.28543
0.75,0.6,0.35 0.106786
0.75,0.65,0 2.03987e-12
0.75,0.65,0.05 11.2755
0.75,0.65,0.1 45.0985
0.75,0.65,0.15 11.2737
0.75,0.65,0.2 1.82965e-05
0.75,0.65,0.25 0.00102591
0.75,0.65,0.3 0.00155014
0.75,0.65,0.35 0.000128776
0.75,0.7,0 6.07228e-15
0.75,0.7,0.05 0.506462
0.75,0.7,0.1 2.02571
0.75,0.7,0.15 0.506394
0.75,0.75,0 2.65197e-11
0.75,0.75,0.05 0.114227
0.75,0.75,0.1 0.456068
0.75,0.75,0.15 0.113807
0.75,0.8,0 6.47176e-09
0.75,0.8,0.05 30.6451
0.75,0.8,0.1 122.361
0.75,0.8,0.15 30.5357
0.75,0.85,0 2.26947e-08
0.75,0.85,0.05 108.816
0.75,0.85,0.1 434.491
0.75,0.85,0.15 108.43
0.75,0.9,0 5.3693e-09
0.75,0.9,0.05 25.8896
0.75,0.9,0.1 103.375
0.75,0.9,0.15 25.7978
0.8,0.05,0 1.96048e-11
0.8,0.05,0.05 1.15495
0.8,0.05,0.1 4.61623
0.8,0.05,0.15 1.15317
0.8,0.1,0 2.31151e-10
0.8,0.1,0.05 13.6174
0.8,0.1,0.1 54.4276
0.8,0.1,0.15 13.5964
0.8,0.15,0 1.50684e-10
0.8,0.15,0.05 8.87703
0.8,0.15,0.1 35.4807
0.8,0.15,0.15 8.86335
0.8,0.2,0 2.58221e-12
0.8,0.2,0.05 0.152121
0.8,0.2,0.1 0.608017
0.8,0.2,0.15 0.151887
0.8,0.4,0.05 0.000562168
0.8,0.4,0.1 0.188504
0.8,0.4,0.15 1.02097
0.8,0.4,0.2 0.347651
0.8,0.4,0.25 0.000293095
0.8,0.45,0.05 0.170455
0.8,0.45,0.1 2.0322
0.8,0.45,0.15 7.56808
0.8,0.45,0.2 2.52035
0.8,0.45,0.25 0.00212484
0.8,0.5,0 1.36475e-11
0.8,0.5,0.05 3.14453
0.8,0.5,0.1 13.1678
0.8,0.5,0.15 6.40199
0.8,0.5,0.2 1.11073
0.8,0.5,0.25 0.000936428
0.8,0.55,0 3.37632e-10
0.8,0.55,0.05 70.5879
0.8,0.55,0.1 282.215
0.8,0.55,0.15 70.5324
0.8,0.55,0.2 0.00484688
0.8,0.55,0.25 4.08627e-06
0.8,0.6,0 3.52163e-10
0.8,0.6,0.05 141.029
0.8,0.6,0.1 563.953
0.8,0.6,0.15 140.947
0.8,0.65,0 1.73524e-11
0.8,0.65,0.05 77.1852
0.8,0.65,0.1 308.714
0.8,0.65,0.15 77.1719
0.8,0.7,0 2.27173e-13
0.8,0.7,0.05 4.71673
0.8,0.7,0.1 18.8652
0.8,0.7,0.15 4.71587
0.8,0.75,0 2.78104e-10
0.8,0.75,0.05 1.39792
0.8,0.75,0.1 5.65142
0.8,0.75,0.15 1.44327
0.8,0.75,0.2 0.00047812
0.8,0.8,0 1.35934e-08
0.8,0.8,0.05 59.408
0.8,0.8,0.1 238.979
0.8,0.8,0.15 60.5616
0.8,0.8,0.2 0.470822
0.8,0.8,0.25 0.166104
0.8,0.8,0.3 0.000230894
0.8,0.85,0 2.11666e-08
0.8,0.85,0.05 93.3984
0.8,0.85,0.1 374.814
0.8,0.85,0.15 94.8284
0.8,0.85,0.2 2.30133
0.8,0.85,0.25 0.829063
0.8,0.85,0.3 0.00115245
0.8,0.9,0 2.16686e-09
0.8,0.9,0.05 9.80189
0.8,0.9,0.1 39.2292
0.8,0.9,0.15 9.9555
0.8,0.9,0.2 0.713089
0.8,0.9,0.25 0.258145
0.8,0.9,0.3 0.000358837
0.8,0.95,0.15 3.92634e-05
0.8,0.95,0.2 0.000229541
0.8,0.95,0.25 8.31712e-05
0.8,0.95,0.3 1.15613e-07
0.85,0.05,0 1.24806e-10
0.85,0.05,0.05 7.35247
0.85,0.05,0.1 29.3872
0.85,0.05,0.15 7.34114
0.85,0.1,0 1.47152e-09
0.85,0.1,0.05 86.6892
0.85,0.1,0.1 346.489
0.85,0.1,0.15 86.5556
0.85,0.15,0 9.59267e-10
0.85,0.15,0.05 56.5117
0.85,0.15,0.1 225.873
0.85,0.15,0.15 56.4246
0.85,0.2,0 1.64385e-11
0.85,0.2,0.05 0.968414
0.85,0.2,0.1 3.87067
0.85,0.2,0.15 0.966922
0.85,0.4,0.05 0.0654429
0.85,0.4,0.1 6.59382
0.85,0.4,0.15 34.7555
0.85,0.4,0.2 11.8189
0.85,0.4,0.25 0.00996417
0.85,0.45,0.05 19.843
0.85,0.45,0.1 125.287
0.85,0.45,0.15 271.34
0.85,0.45,0.2 85.6829
0.85,0.45,0.25 0.0722368
0.85,0.5,0 6.94841e-12
0.85,0.5,0.05 49.0335
0.85,0.5,0.1 216.387
0.85,0.5,0.15 159.878
0.85,0.5,0.2 37.761
0.85,0.5,0.25 0.0318352
0.85,0.55,0 1.71896e-10
0.85,0.55,0.05 42.6341
0.85,0.55,0.1 170.557
0.85,0.55,0.15 43.0841
0.85,0.55,0.2 0.164777
0.85,0.55,0.25 0.000138918
0.85,0.6,0 1.7923e-10
0.85,0.6,0.05 65.0873
0.85,0.6,0.1 260.268
0.85,0.6,0.15 65.0466
0.85,0.65,0 1.23613e-11
0.85,0.65,0.05 57.5577
0.85,0.65,0.1 230.203
0.85,0.65,0.15 57.5439
0.85,0.7,0 8.47068e-12
0.85,0.7,0.05 60.7193
0.85,0.7,0.1 242.84
0.85,0.7,0.15 60.7005
0.85,0.75,0 1.67221e-10
0.85,0.75,0.05 9.81692
0.85,0.75,0.1 42.4557
0.85,0.75,0.15 12.1314
0.85,0.75,0.2 0.0222629
0.85,0.8,0 7.60783e-09
0.85,0.8,0.05 51.8132
0.85,0.8,0.1 289.955
0.85,0.8,0.15 118.857
0.85,0.8,0.2 41.5443
0.85,0.8,0.25 14.8439
0.85,0.8,0.3 0.0206339
0.85,0.85,0 1.06073e-08
0.85,0.85,0.05 66.012
0.85,0.85,0.1 352.227
0.85,0.85,0.15 165.017
0.85,0.85,0.2 205.092
0.85,0.85,0.25 74.0891
0.85,0.85,0.3 0.102988
0.85,0.9,0 7.86776e-10
0.85,0.9,0.05 4.37942
0.85,0.9,0.1 21.807
0.85,0.9,0.15 18.3864
0.85,0.9,0.2 63.6976
0.85,0.9,0.25 23.0691
0.85,0.9,0.3 0.0320675
0.85,0.95,0.15 0.00350877
0.85,0.95,0.2 0.0205129
0.85,0.95,0.25 0.00743259
0.85,0.95,0.3 1.03317e-05
0.9,0.05,0 4.89436e-11
0.9,0.05,0.05 2.88334
0.9,0.05,0.1 11.5245
0.9,0.05,0.15 2.87889
0.9,0.1,0 5.77069e-10
0.9,0.1,0.05 33.9959
0.9,0.1,0.1 135.879
0.9,0.1,0.15 33.9435
0.9,0.15,0 3.76185e-10
0.9,0.15,0.05 22.1616
0.9,0.15,0.1 88.578
0.9,0.15,0.15 22.1274
0.9,0.2,0 6.4465e-12
0.9,0.2,0.05 0.379772
0.9,0.2,0.1 1.51792
0.9,0.2,0.15 0.379187
0.9,0.4,0.05 0.125736
0.9,0.4,0.1 8.23836
0.9,0.4,0.15 42.504
0.9,0.4,0.2 14.4383
0.9,0.4,0.25 0.0121725
0.9,0.45,0.05 38.1244
0.9,0.45,0.1 208.596
0.9,0.45,0.15 345.362
0.9,0.45,0.2 104.672
0.9,0.45,0.25 0.0882463
0.9,0.5,0 5.51194e-14
0.9,0.5,0.05 91.5435
0.9,0.5,0.1 390.937
0.9,0.5,0.15 226.965
0.9,0.5,0.2 46.1297
0.9,0.5,0.25 0.0388907
0.9,0.55,0 1.36352e-12
0.9,0.55,0.05 13.7314
0.9,0.55,0.1 55.0398
0.9,0.55,0.15 14.3255
0.9,0.55,0.2 0.201295
0.9,0.55,0.25 0.000169706
0.9,0.6,0 1.44011e-12
0.9,0.6,0.05 0.517037
0.9,0.6,0.1 2.06745
0.9,0.6,0.15 0.516689
0.9,0.65,0 5.1393e-12
0.9,0.65,0.05 35.6933
0.9,0.65,0.1 142.751
0.9,0.65,0.15 35.6821
0.9,0.7,0 1.17393e-11
0.9,0.7,0.05 82.3675
0.9,0.7,0.1 329.418
0.9,0.7,0.15 82.3416
0.9,0.75,0 3.87989e-12
0.9,0.75,0.05 12.6596
0.9,0.75,0.1 55.1202
0.9,0.75,0.15 15.9118
0.9,0.75,0.2 0.0312472
0.9,0.8,0 1.019e-10
0.9,0.8,0.05 27.1685
0.9,0.8,0.1 225.087
0.9,0.8,0.15 124.046
0.9,0.8,0.2 73.5681
0.9,0.8,0.25 26.3629
0.9,0.8,0.3 0.036646
0.9,0.85,0 1.42075e-10
0.9,0.85,0.05 29.137
0.9,0.85,0.1 240.78
0.9,0.85,0.15 181.357
0.9,0.85,0.2 364.016
0.9,0.85,0.25 131.583
0.9,0.85,0.3 0.182909
0.9,0.9,0 1.05381e-11
0.9,0.9,0.05 1.4357
0.9,0.9,0.1 11.7978
0.9,0.9,0.15 25.1688
0.9,0.9,0.2 113.116
0.9,0.9,0.25 40.971
0.9,0.9,0.3 0.0569522
0.9,0.95,0.15 0.00623162
0.9,0.95,0.2 0.0364311
0.9,0.95,0.25 0.0132004
0.9,0.95,0.3 1.83493e-05
0.95,0.05,0 1.15116e-13
0.95,0.05,0.05 0.00678165
0.95,0.05,0.1 0.0271057
0.95,0.05,0.15 0.0067712
0.95,0.1,0 1.35728e-12
0.95,0.1,0.05 0.079959
0.95,0.1,0.1 0.319589
0.95,0.1,0.15 0.0798357
0.95,0.15,0 8.84793e-13
0.95,0.15,0.05 0.0521244
0.95,0.15,0.1 0.208337
0.95,0.15,0.15 0.052044
0.95,0.2,0 1.51623e-14
0.95,0.2,0.05 0.000893231
0.95,0.2,0.1 0.00357017
0.95,0.2,0.15 0.000891854
0.95,0.4,0.05 0.0142576
0.95,0.4,0.1 0.527491
0.95,0.4,0.15 2.59164
0.95,0.4,0.2 0.878113
0.95,0.4,0.25 0.000740312
0.95,0.45,0.05 4.32306
0.95,0.45,0.1 20.7052
0.95,0.45,0.15 23.0094
0.95,0.45,0.2 6.36602
0.95,0.45,0.25 0.00536701
0.95,0.5,0.05 10.3792
0.95,0.5,0.1 43.0254
0.95,0.5,0.15 18.6166
0.95,0.5,0.2 2.80554
0.95,0.5,0.25 0.00236527
0.95,0.55,0.05 1.52564
0.95,0.55,0.1 6.10993
0.95,0.55,0.15 1.56198
0.95,0.55,0.2 0.0122425
0.95,0.55,0.25 1.03213e-05
0.95,0.6,0 1.48447e-15
0.95,0.6,0.05 0.0104151
0.95,0.6,0.1 0.041654
0.95,0.6,0.15 0.0104119
0.95,0.65,0 3.7401e-13
0.95,0.65,0.05 2.62407
0.95,0.65,0.1 10.4946
0.95,0.65,0.15 2.62325
0.95,0.7,0 8.6566e-13
0.95,0.7,0.05 6.07352
0.95,0.7,0.1 24.2903
0.95,0.7,0.15 6.07161
0.95,0.75,0 1.22122e-13
0.95,0.75,0.05 0.934001
0.95,0.75,0.1 4.07165
0.95,0.75,0.15 1.17755
0.95,0.75,0.2 0.00233997
0.95,0.8,0.05 2.00166
0.95,0.8,0.1 16.7246
0.95,0.8,0.15 9.60429
0.95,0.8,0.2 7.54253
0.95,0.8,0.25 2.71095
0.95,0.8,0.3 0.00376839
0.95,0.85,0.05 2.13612
0.95,0.85,0.1 17.848
0.95,0.85,0.15 15.2714
0.95,0.85,0.2 37.4084
0.95,0.85,0.25 13.531
0.95,0.85,0.3 0.0188089
0.95,0.9,0.05 0.104115
0.95,0.9,0.1 0.869914
0.95,0.9,0.15 2.42193
0.95,0.9,0.2 11.6308
0.95,0.9,0.25 4.21314
0.95,0.9,0.3 0.00585652
0.95,0.95,0.15 0.000640811
0.95,0.95,0.2 0.0037463
0.95,0.95,0.25 0.00135742
0.95,0.95,0.3 1.8869e-06
