0.25,0.15,0.45 0.242696
0.25,0.2,0 3.41926e-10
0.25,0.2,0.05 14.4218
0.25,0.2,0.1 79.0516
0.25,0.2,0.15 372.4
0.25,0.2,0.2 619.167
0.25,0.2,0.25 527.14
0.25,0.2,0.3 332.003
0.25,0.2,0.35 543.458
0.25,0.2,0.4 219.894
0.25,0.2,0.45 8.02807
0.25,0.25,0.05 45.7253
0.25,0.25,0.1 228.369
0.25,0.25,0.15 197.112
0.25,0.25,0.2 341.116
0.25,0.25,0.25 164.664
0.25,0.25,0.3 287.904
0.25,0.25,0.35 734.024
0.25,0.25,0.4 307.555
0.25,0.25,0.45 11.3215
0.25,0.3,0 4.15419e-15
0.25,0.3,0.05 34.1735
0.25,0.3,0.1 167.94
0.25,0.3,0.15 169.938
0.25,0.3,0.2 456.68
0.25,0.3,0.25 343.265
0.25,0.3,0.3 215.783
0.25,0.3,0.35 249.123
0.25,0.3,0.4 223.774
0.25,0.3,0.45 22.1826
0.25,0.35,0 4.03454e-12
0.25,0.35,0.05 68.3474
0.25,0.35,0.1 323.579
0.25,0.35,0.15 478.256
0.25,0.35,0.2 282.915
0.25,0.35,0.25 127.647
0.25,0.35,0.3 84.8368
0.25,0.35,0.35 77.2436
0.25,0.35,0.4 132.716
0.25,0.35,0.45 15.3629
0.25,0.4,0 2.14487e-11
0.25,0.4,0.05 98.2274
0.25,0.4,0.1 439.778
0.25,0.4,0.15 533.014
0.25,0.4,0.2 273.63
0.25,0.4,0.25 99.3236
0.25,0.4,0.3 35.3128
0.25,0.4,0.35 4.16478
0.25,0.4,0.4 11.7178
0.25,0.4,0.45 3.28033
0.25,0.4,0.5 0.00233605
0.25,0.45,0 1.09591e-11
0.25,0.45,0.05 120.37
0.25,0.45,0.1 601.433
0.25,0.45,0.15 530.964
0.25,0.45,0.2 288.107
0.25,0.45,0.25 432.762
0.25,0.45,0.3 377.239
0.25,0.45,0.35 201.595
0.25,0.45,0.4 265.499
0.25,0.45,0.45 90.5089
0.25,0.45,0.5 0.443271
0.25,0.5,0 1.21999e-12
0.25,0.5,0.05 86.8227
0.25,0.5,0.1 718.723
0.25,0.5,0.15 591.046
0.25,0.5,0.2 253.362
0.25,0.5,0.25 234.294
0.25,0.5,0.3 604.254
0.25,0.5,0.35 637.873
0.25,0.5,0.4 515.528
0.25,0.5,0.45 202.644
0.25,0.5,0.5 2.52849
0.25,0.55,0 2.03016e-09
0.25,0.55,0.05 38.8969
0.25,0.55,0.1 334.134
0.25,0.55,0.15 348.95
0.25,0.55,0.2 290.834
0.25,0.55,0.25 143.489
0.25,0.55,0.3 356.465
0.25,0.55,0.35 673.52
0.25,0.55,0.4 622.273
0.25,0.55,0.45 253.661
0.25,0.55,0.5 4.11698
0.25,0.6,0 1.69922e-08
0.25,0.6,0.05 4.05018
0.25,0.6,0.1 28.0076
0.25,0.6,0.15 279.055
0.25,0.6,0.2 598.437
0.25,0.6,0.25 557.397
0.25,0.6,0.3 539.482
0.25,0.6,0.35 431.437
0.25,0.6,0.4 460.155
0.25,0.6,0.45 133.79
0.25,0.6,0.5 2.18096
0.25,0.65,0 8.47026e-09
0.25,0.65,0.05 42.342
0.25,0.65,0.1 214.434
0.25,0.65,0.15 285.423
0.25,0.65,0.2 351.556
0.25,0.65,0.25 342.512
0.25,0.65,0.3 400.839
0.25,0.65,0.35 357.718
0.25,0.65,0.4 251.963
0.25,0.65,0.45 23.8032
0.25,0.65,0.5 0.275687
0.25,0.7,0 6.20937e-11
0.25,0.7,0.05 74.8485
0.25,0.7,0.1 365.627
0.25,0.7,0.15 344.981
0.25,0.7,0.2 469.523
0.25,0.7,0.25 563.894
0.25,0.7,0.3 432.731
0.25,0.7,0.35 339.885
0.25,0.7,0.4 116.888
0.25,0.7,0.45 1.03644
0.25,0.7,0.5 2.5286e-06
0.25,0.75,0 7.84727e-17
0.25,0.75,0.05 7.90541
0.25,0.75,0.1 38.0434
0.25,0.75,0.15 91.326
0.25,0.75,0.2 371.623
0.25,0.75,0.25 573.809
0.25,0.75,0.3 387.872
0.25,0.75,0.35 342.097
0.25,0.75,0.4 83.1072
0.25,0.75,0.45 0.0434794
0.25,0.8,0.1 0.000128888
0.25,0.8,0.15 2.86388
0.25,0.8,0.2 20.0927
0.25,0.8,0.25 56.2575
0.25,0.8,0.3 49.3983
0.25,0.8,0.35 51.2521
0.25,0.8,0.4 12.6981
0.25,0.8,0.45 0.000695181
0.3,0.05,0 3.73392e-15
0.3,0.05,0.05 7.58951e-05
0.3,0.05,0.1 0.000304785
0.3,0.05,0.15 0.271114
0.3,0.05,0.2 13.6516
0.3,0.05,0.25 27.6655
0.3,0.05,0.3 41.5735
0.3,0.05,0.35 13.0331
0.3,0.05,0.4 0.109195
0.3,0.1,0 2.52885e-12
0.3,0.1,0.05 0.0514011
0.3,0.1,0.1 5.3754
0.3,0.1,0.15 75.9164
0.3,0.1,0.2 229.048
0.3,0.1,0.25 330.279
0.3,0.1,0.3 394
0.3,0.1,0.35 132.877
0.3,0.1,0.4 3.39318
0.3,0.15,0 6.92181e-12
0.3,0.15,0.05 7.82711
0.3,0.15,0.1 58.717
0.3,0.15,0.15 342.017
0.3,0.15,0.2 459.615
0.3,0.15,0.25 398.651
0.3,0.15,0.3 389.893
0.3,0.15,0.35 310.487
0.3,0.15,0.4 34.6431
0.3,0.15,0.45 0.254878
0.3,0.2,0 7.69276e-12
0.3,0.2,0.05 66.6237
0.3,0.2,0.1 364.516
0.3,0.2,0.15 374.792
0.3,0.2,0.2 568.805
0.3,0.2,0.25 404.03
0.3,0.2,0.3 506.639
0.3,0.2,0.35 568.966
0.3,0.2,0.4 196.677
0.3,0.2,0.45 8.36857
0.3,0.25,0 1.7309e-08
0.3,0.25,0.05 58.2411
0.3,0.25,0.1 480.218
0.3,0.25,0.15 415.302
0.3,0.25,0.2 437.146
0.3,0.25,0.25 219.484
0.3,0.25,0.3 502.079
0.3,0.25,0.35 591.527
0.3,0.25,0.4 245.562
0.3,0.25,0.45 12.4015
0.3,0.3,0 5.49025e-08
0.3,0.3,0.05 25.4372
0.3,0.3,0.1 187.23
0.3,0.3,0.15 252.696
0.3,0.3,0.2 540.755
0.3,0.3,0.25 494.416
0.3,0.3,0.3 620.593
0.3,0.3,0.35 586.962
0.3,0.3,0.4 315.819
0.3,0.3,0.45 31.8411
0.3,0.35,0 1.13675e-08
0.3,0.35,0.05 29.4385
0.3,0.35,0.1 149.729
0.3,0.35,0.15 507.639
0.3,0.35,0.2 617.287
0.3,0.35,0.25 280.828
0.3,0.35,0.3 262.054
0.3,0.35,0.35 200.438
0.3,0.35,0.4 195.001
0.3,0.35,0.45 22.226
0.3,0.35,0.5 0.00015436
0.3,0.4,0 1.29739e-09
0.3,0.4,0.05 100.331
0.3,0.4,0.1 461.802
0.3,0.4,0.15 711.89
0.3,0.4,0.2 483.823
0.3,0.4,0.25 83.1553
0.3,0.4,0.3 23.5664
0.3,0.4,0.35 7.90345
0.3,0.4,0.4 21.2364
0.3,0.4,0.45 14.1037
0.3,0.4,0.5 0.51681
0.3,0.45,0 2.40133e-10
0.3,0.45,0.05 59.3108
0.3,0.45,0.1 314.246
0.3,0.45,0.15 587.588
0.3,0.45,0.2 492.832
0.3,0.45,0.25 410.514
0.3,0.45,0.3 321.079
0.3,0.45,0.35 235.903
0.3,0.45,0.4 109.565
0.3,0.45,0.45 49.4873
0.3,0.45,0.5 1.67359
0.3,0.5,0 2.73842e-13
0.3,0.5,0.05 41.4547
0.3,0.5,0.1 406.469
0.3,0.5,0.15 363.201
0.3,0.5,0.2 210.821
0.3,0.5,0.25 485.979
0.3,0.5,0.3 684.502
0.3,0.5,0.35 652.957
0.3,0.5,0.4 139.816
0.3,0.5,0.45 25.7958
0.3,0.5,0.5 0.506283
0.3,0.55,0 6.16003e-08
0.3,0.55,0.05 30.1039
0.3,0.55,0.1 286.373
0.3,0.55,0.15 277.236
0.3,0.55,0.2 280.92
0.3,0.55,0.25 211.707
0.3,0.55,0.3 426.851
0.3,0.55,0.35 721.907
0.3,0.55,0.4 344.202
0.3,0.55,0.45 115.109
0.3,0.55,0.5 1.96701
0.3,0.6,0 5.15607e-07
0.3,0.6,0.05 66.5567
0.3,0.6,0.1 281.743
0.3,0.6,0.15 317.95
0.3,0.6,0.2 691.683
0.3,0.6,0.25 529.713
0.3,0.6,0.3 676.436
0.3,0.6,0.35 547.579
0.3,0.6,0.4 575.035
0.3,0.6,0.45 244.425
0.3,0.6,0.5 4.20626
0.3,0.65,0 2.57039e-07
0.3,0.65,0.05 75.9166
0.3,0.65,0.1 334.54
0.3,0.65,0.15 336.65
0.3,0.65,0.2 494.966
0.3,0.65,0.25 474.236
0.3,0.65,0.3 593.457
0.3,0.65,0.35 316.514
0.3,0.65,0.4 161.589
0.3,0.65,0.45 40.8858
0.3,0.65,0.5 0.679767
0.3,0.7,0 1.90464e-09
0.3,0.7,0.05 62.8221
0.3,0.7,0.1 306.075
0.3,0.7,0.15 389.586
0.3,0.7,0.2 339.482
0.3,0.7,0.25 594.388
0.3,0.7,0.3 236.031
0.3,0.7,0.35 370.211
0.3,0.7,0.4 154.838
0.3,0.7,0.45 0.699437
0.3,0.75,0 9.31875e-13
0.3,0.75,0.05 5.3062
0.3,0.75,0.1 27.1928
0.3,0.75,0.15 43.9057
0.3,0.75,0.2 154.645
0.3,0.75,0.25 538.449
0.3,0.75,0.3 181.547
0.3,0.75,0.35 206.068
0.3,0.75,0.4 91.9834
0.3,0.75,0.45 0.48428
0.3,0.8,0.1 5.81956e-06
0.3,0.8,0.15 0.131066
0.3,0.8,0.2 16.4284
0.3,0.8,0.25 77.3681
0.3,0.8,0.3 25.1664
0.3,0.8,0.35 10.2481
0.3,0.8,0.4 4.34459
0.3,0.8,0.45 0.0211543
0.35,0.05,0.1 2.08224e-05
0.35,0.05,0.15 0.0230872
0.35,0.05,0.2 1.15755
0.35,0.05,0.25 3.02854
0.35,0.05,0.3 6.97222
0.35,0.05,0.35 2.15971
0.35,0.05,0.4 0.000826848
0.35,0.1,0.1 4.41566
0.35,0.1,0.15 58.6784
0.35,0.1,0.2 59.337
0.35,0.1,0.25 36.8847
0.35,0.1,0.3 75.8323
0.35,0.1,0.35 25.6368
0.35,0.1,0.4 0.275524
0.35,0.1,0.45 0.00279459
0.35,0.15,0.05 6.06254
0.35,0.15,0.1 47.171
0.35,0.15,0.15 273.157
0.35,0.15,0.2 255.5
0.35,0.15,0.25 93.5891
0.35,0.15,0.3 263.619
0.35,0.15,0.35 131.409
0.35,0.15,0.4 4.97662
0.35,0.15,0.45 0.0255578
0.35,0.2,0 2.87247e-10
0.35,0.2,0.05 52.0574
0.35,0.2,0.1 286.357
0.35,0.2,0.15 310.77
0.35,0.2,0.2 391.832
0.35,0.2,0.25 423.235
0.35,0.2,0.3 438.872
0.35,0.2,0.35 173.34
0.35,0.2,0.4 13.5777
0.35,0.2,0.45 0.406752
0.35,0.25,0 1.1175e-07
0.35,0.25,0.05 76.5393
0.35,0.25,0.1 485.526
0.35,0.25,0.15 609.049
0.35,0.25,0.2 596.057
0.35,0.25,0.25 397.148
0.35,0.25,0.3 387.136
0.35,0.25,0.35 277.677
0.35,0.25,0.4 36.7088
0.35,0.25,0.45 0.667381
0.35,0.3,0 3.43468e-07
0.35,0.3,0.05 113.732
0.35,0.3,0.1 512.974
0.35,0.3,0.15 383.672
0.35,0.3,0.2 465.048
0.35,0.3,0.25 578.246
0.35,0.3,0.3 717.36
0.35,0.3,0.35 407.441
0.35,0.3,0.4 54.2631
0.35,0.3,0.45 2.47106
0.35,0.35,0 7.10893e-08
0.35,0.35,0.05 77.0074
0.35,0.35,0.1 321.212
0.35,0.35,0.15 338.843
0.35,0.35,0.2 470.081
0.35,0.35,0.25 417.665
0.35,0.35,0.3 440.704
0.35,0.35,0.35 114.778
0.35,0.35,0.4 18.1666
0.35,0.35,0.45 1.76279
0.35,0.35,0.5 0.000993585
0.35,0.4,0 8.30773e-09
0.35,0.4,0.05 162.638
0.35,0.4,0.1 740.432
0.35,0.4,0.15 710.147
0.35,0.4,0.2 527.315
0.35,0.4,0.25 108.132
0.35,0.4,0.3 37.8416
0.35,0.4,0.35 40.487
0.35,0.4,0.4 110.162
0.35,0.4,0.45 86.9485
0.35,0.4,0.5 3.32834
0.35,0.45,0 1.11159e-09
0.35,0.45,0.05 95.8299
0.35,0.45,0.1 452.918
0.35,0.45,0.15 595.113
0.35,0.45,0.2 737.281
0.35,0.45,0.25 318.448
0.35,0.45,0.3 223.188
0.35,0.45,0.35 405.441
0.35,0.45,0.4 490.948
0.35,0.45,0.45 286.183
0.35,0.45,0.5 10.7704
0.35,0.5,0 8.22174e-14
0.35,0.5,0.05 78.922
0.35,0.5,0.1 501.912
0.35,0.5,0.15 484.947
0.35,0.5,0.2 520.12
0.35,0.5,0.25 651.08
0.35,0.5,0.3 565.365
0.35,0.5,0.35 419.979
0.35,0.5,0.4 190.493
0.35,0.5,0.45 61.1516
0.35,0.5,0.5 2.18169
0.35,0.55,0 7.21225e-08
0.35,0.55,0.05 23.9272
0.35,0.55,0.1 254.67
0.35,0.55,0.15 522.359
0.35,0.55,0.2 686.306
0.35,0.55,0.25 545.808
0.35,0.55,0.3 372.866
0.35,0.55,0.35 513.609
0.35,0.55,0.4 233.728
0.35,0.55,0.45 29.759
0.35,0.55,0.5 0.236626
0.35,0.6,0 5.99443e-07
0.35,0.6,0.05 90.3364
0.35,0.6,0.1 393.211
0.35,0.6,0.15 560.309
0.35,0.6,0.2 901.526
0.35,0.6,0.25 333.856
0.35,0.6,0.3 269.288
0.35,0.6,0.35 729.014
0.35,0.6,0.4 610.246
0.35,0.6,0.45 94.5033
0.35,0.6,0.5 0.627451
0.35,0.65,0 2.98004e-07
0.35,0.65,0.05 114.268
0.35,0.65,0.1 464.513
0.35,0.65,0.15 261.791
0.35,0.65,0.2 436.919
0.35,0.65,0.25 214.208
0.35,0.65,0.3 203.531
0.35,0.65,0.35 674.132
0.35,0.65,0.4 392.804
0.35,0.65,0.45 30.8013
0.35,0.65,0.5 0.102922
0.35,0.7,0 2.25231e-09
0.35,0.7,0.05 76.3468
0.35,0.7,0.1 309.083
0.35,0.7,0.15 112.131
0.35,0.7,0.2 89.7491
0.35,0.7,0.25 248.809
0.35,0.7,0.3 221.167
0.35,0.7,0.35 842.105
0.35,0.7,0.4 343.82
0.35,0.7,0.45 6.43438
0.35,0.75,0 6.48796e-09
0.35,0.75,0.05 4.14384
0.35,0.75,0.1 16.9686
0.35,0.75,0.15 7.85229
0.35,0.75,0.2 24.5635
0.35,0.75,0.25 100.406
0.35,0.75,0.3 69.4507
0.35,0.75,0.35 274.454
0.35,0.75,0.4 118.32
0.35,0.75,0.45 0.629368
0.35,0.8,0 2.09747e-08
0.35,0.8,0.05 2.16134
0.35,0.8,0.1 8.59011
0.35,0.8,0.15 2.1338
0.35,0.8,0.2 1.99144
0.35,0.8,0.25 9.87428
0.35,0.8,0.3 4.34437
0.35,0.8,0.35 9.96421
0.35,0.8,0.4 4.64061
0.35,0.8,0.45 0.0259133
0.35,0.85,0 4.23295e-09
0.35,0.85,0.05 0.436185
0.35,0.85,0.1 1.73359
0.35,0.85,0.15 0.430627
0.4,0.05,0.1 0.000551309
0.4,0.05,0.15 0.00257691
0.4,0.05,0.2 0.000752385
0.4,0.05,0.25 9.60553e-08
0.4,0.1,0.1 16.8821
0.4,0.1,0.15 89.3802
0.4,0.1,0.2 43.7684
0.4,0.1,0.25 9.17578
0.4,0.1,0.3 22.9453
0.4,0.1,0.35 40.2607
0.4,0.1,0.4 22.5564
0.4,0.1,0.45 0.408314
0.4,0.15,0.05 0.177227
0.4,0.15,0.1 69.7662
0.4,0.15,0.15 472.091
0.4,0.15,0.2 417.225
0.4,0.15,0.25 148.98
0.4,0.15,0.3 359.025
0.4,0.15,0.35 284.437
0.4,0.15,0.4 107.708
0.4,0.15,0.45 1.94174
0.4,0.2,0 2.07053e-09
0.4,0.2,0.05 5.14773
0.4,0.2,0.1 93.064
0.4,0.2,0.15 414.777
0.4,0.2,0.2 486.596
0.4,0.2,0.25 442.029
0.4,0.2,0.3 591.55
0.4,0.2,0.35 206.423
0.4,0.2,0.4 34.5772
0.4,0.2,0.45 0.606498
0.4,0.25,0 8.13185e-08
0.4,0.25,0.05 85.8636
0.4,0.25,0.1 403.567
0.4,0.25,0.15 482.56
0.4,0.25,0.2 508.279
0.4,0.25,0.25 443.612
0.4,0.25,0.3 422.029
0.4,0.25,0.35 119.508
0.4,0.25,0.4 36.978
0.4,0.25,0.45 0.528105
0.4,0.3,0 1.66836e-07
0.4,0.3,0.05 108.594
0.4,0.3,0.1 497.633
0.4,0.3,0.15 564.596
0.4,0.3,0.2 406.503
0.4,0.3,0.25 384.61
0.4,0.3,0.3 362.368
0.4,0.3,0.35 102.511
0.4,0.3,0.4 41.721
0.4,0.3,0.45 3.1489
0.4,0.3,0.5 0.000161296
0.4,0.35,0 3.59188e-08
0.4,0.35,0.05 56.8442
0.4,0.35,0.1 260.175
0.4,0.35,0.15 362.957
0.4,0.35,0.2 318.469
0.4,0.35,0.25 372.471
0.4,0.35,0.3 682.575
0.4,0.35,0.35 151.241
0.4,0.35,0.4 74.2667
0.4,0.35,0.45 18.8222
0.4,0.35,0.5 0.00138465
0.4,0.4,0 9.97355e-09
0.4,0.4,0.05 70.1156
0.4,0.4,0.1 303.638
0.4,0.4,0.15 318.81
0.4,0.4,0.2 416.702
0.4,0.4,0.25 206.856
0.4,0.4,0.3 481.292
0.4,0.4,0.35 219.551
0.4,0.4,0.4 144.435
0.4,0.4,0.45 59.8151
0.4,0.4,0.5 1.37213
0.4,0.45,0 7.19455e-10
0.4,0.45,0.05 54.1689
0.4,0.45,0.1 248.029
0.4,0.45,0.15 447.538
0.4,0.45,0.2 664.599
0.4,0.45,0.25 452.828
0.4,0.45,0.3 307.748
0.4,0.45,0.35 497.618
0.4,0.45,0.4 602.665
0.4,0.45,0.45 238.643
0.4,0.45,0.5 4.80536
0.4,0.5,0 2.09687e-11
0.4,0.5,0.05 52.8931
0.4,0.5,0.1 255.354
0.4,0.5,0.15 391.062
0.4,0.5,0.2 481.41
0.4,0.5,0.25 562.056
0.4,0.5,0.3 318.357
0.4,0.5,0.35 537.577
0.4,0.5,0.4 635.671
0.4,0.5,0.45 145.872
0.4,0.5,0.5 1.17699
0.4,0.55,0 1.11088e-08
0.4,0.55,0.05 31.6779
0.4,0.55,0.1 178.455
0.4,0.55,0.15 417.795
0.4,0.55,0.2 421.754
0.4,0.55,0.25 481.925
0.4,0.55,0.3 138.335
0.4,0.55,0.35 135.623
0.4,0.55,0.4 175.357
0.4,0.55,0.45 28.011
0.4,0.55,0.5 0.00393655
0.4,0.6,0 5.89007e-08
0.4,0.6,0.05 115.999
0.4,0.6,0.1 571.67
0.4,0.6,0.15 363.455
0.4,0.6,0.2 551.588
0.4,0.6,0.25 486.203
0.4,0.6,0.3 192.568
0.4,0.6,0.35 392.775
0.4,0.6,0.4 191.636
0.4,0.6,0.45 17.4545
0.4,0.65,0 2.23479e-08
0.4,0.65,0.05 52.0139
0.4,0.65,0.1 295.265
0.4,0.65,0.15 224.217
0.4,0.65,0.2 431.586
0.4,0.65,0.25 170.829
0.4,0.65,0.3 122.641
0.4,0.65,0.35 496.593
0.4,0.65,0.4 418.614
0.4,0.65,0.45 35.085
0.4,0.7,0 1.97387e-10
0.4,0.7,0.05 16.8943
0.4,0.7,0.1 70.3964
0.4,0.7,0.15 26.2297
0.4,0.7,0.2 36.7742
0.4,0.7,0.25 45.6274
0.4,0.7,0.3 89.1178
0.4,0.7,0.35 356.013
0.4,0.7,0.4 226.34
0.4,0.7,0.45 15.168
0.4,0.75,0 2.05596e-07
0.4,0.75,0.05 21.9332
0.4,0.75,0.1 87.1903
0.4,0.75,0.15 21.6629
0.4,0.75,0.2 1.18877
0.4,0.75,0.25 7.82522
0.4,0.75,0.3 17.6617
0.4,0.75,0.35 42.8534
0.4,0.75,0.4 13.8187
0.4,0.75,0.45 0.125128
0.4,0.8,0 6.64996e-07
0.4,0.8,0.05 68.5247
0.4,0.8,0.1 272.347
0.4,0.8,0.15 67.6514
0.4,0.8,0.2 4.52464e-05
0.4,0.8,0.25 0.0668687
0.4,0.8,0.3 0.279732
0.4,0.8,0.35 0.646287
0.4,0.8,0.4 0.283512
0.4,0.8,0.45 0.00158314
0.4,0.85,0 1.34204e-07
0.4,0.85,0.05 13.8291
0.4,0.85,0.1 54.9628
0.4,0.85,0.15 13.6529
0.45,0.05,0.1 0.000612155
0.45,0.05,0.15 0.00286105
0.45,0.05,0.2 0.000835167
0.45,0.05,0.25 9.9851e-08
0.45,0.1,0.1 18.5507
0.45,0.1,0.15 90.4805
0.45,0.1,0.2 49.6372
0.45,0.1,0.25 30.499
0.45,0.1,0.3 36.7506
0.45,0.1,0.35 72.7193
0.45,0.1,0.4 46.0167
