0.3,0.35,0.3 0.000838376
0.3,0.35,0.35 0.00860373
0.3,0.35,0.4 0.00505248
0.3,0.35,0.45 6.44065e-05
0.3,0.4,0.15 0.000102014
0.3,0.4,0.2 0.000631653
0.3,0.4,0.25 0.000241461
0.3,0.4,0.3 0.00946085
0.3,0.4,0.35 0.121352
0.3,0.4,0.4 0.0892944
0.3,0.4,0.45 0.00247603
0.3,0.45,0.15 0.0441432
0.3,0.45,0.2 0.273327
0.3,0.45,0.25 0.104484
0.3,0.45,0.3 0.0488131
0.3,0.45,0.35 1.05783
0.3,0.45,0.4 1.03914
0.3,0.45,0.45 0.0531804
0.3,0.45,0.5 0.00256808
0.3,0.45,0.55 1.57408e-07
0.3,0.5,0.15 0.112894
0.3,0.5,0.2 0.69902
0.3,0.5,0.25 0.267213
0.3,0.5,0.3 0.0978275
0.3,0.5,0.35 1.2664
0.3,0.5,0.4 1.31649
0.3,0.5,0.45 1.07813
0.3,0.5,0.5 0.292373
0.3,0.5,0.55 1.79208e-05
0.3,0.55,0.15 0.0177902
0.3,0.55,0.2 0.110154
0.3,0.55,0.25 0.0421086
0.3,0.55,0.3 0.125786
0.3,0.55,0.35 0.626312
0.3,0.55,0.4 0.651563
0.3,0.55,0.45 1.97656
0.3,0.55,0.5 0.558214
0.3,0.55,0.55 3.42153e-05
0.3,0.6,0.3 0.0177308
0.3,0.6,0.35 0.0833666
0.3,0.6,0.4 0.0735871
0.3,0.6,0.45 0.222198
0.3,0.6,0.5 0.0628129
0.3,0.6,0.55 3.85007e-06
0.35,0.2,0.2 0.00563763
0.35,0.2,0.25 0.0263189
0.35,0.2,0.3 0.00767415
0.35,0.2,0.35 8.98632e-07
0.35,0.2,0.4 0.0431087
0.35,0.2,0.45 0.334176
0.35,0.2,0.5 0.156098
0.35,0.2,0.55 0.000882349
0.35,0.25,0.2 3.25521
0.35,0.25,0.25 15.1967
0.35,0.25,0.3 4.43111
0.35,0.25,0.35 0.000518877
0.35,0.25,0.4 3.48025
0.35,0.25,0.45 27.5254
0.35,0.25,0.5 13.3653
0.35,0.25,0.55 0.11836
0.35,0.3,0.2 8.7089
0.35,0.3,0.25 40.657
0.35,0.3,0.3 11.8549
0.35,0.3,0.35 0.00138819
0.35,0.3,0.4 6.46259
0.35,0.3,0.45 62.2797
0.35,0.3,0.5 40.4058
0.35,0.3,0.55 1.18236
0.35,0.35,0.15 0.00964032
0.35,0.35,0.2 1.95222
0.35,0.35,0.25 9.01162
0.35,0.35,0.3 16.4536
0.35,0.35,0.35 19.135
0.35,0.35,0.4 8.41946
0.35,0.35,0.45 21.7017
0.35,0.35,0.5 25.2462
0.35,0.35,0.55 2.27355
0.35,0.35,0.6 1.72461e-05
0.35,0.4,0.15 0.110246
0.35,0.4,0.2 4.729
0.35,0.4,0.25 16.7123
0.35,0.4,0.3 95.5584
0.35,0.4,0.35 158.416
0.35,0.4,0.4 70.3414
0.35,0.4,0.45 17.9001
0.35,0.4,0.5 66.0015
0.35,0.4,0.55 17.4919
0.35,0.4,0.6 0.000246793
0.35,0.45,0.15 10.3698
0.35,0.45,0.2 66.3429
0.35,0.45,0.25 40.1257
0.35,0.45,0.3 72.3489
0.35,0.45,0.35 188.024
0.35,0.45,0.4 147.096
0.35,0.45,0.45 59.2542
0.35,0.45,0.5 64.1496
0.35,0.45,0.55 13.0665
0.35,0.45,0.6 0.000288006
0.35,0.5,0.15 26.4041
0.35,0.5,0.2 163.565
0.35,0.5,0.25 72.1073
0.35,0.5,0.3 54.9853
0.35,0.5,0.35 186.295
0.35,0.5,0.4 160.014
0.35,0.5,0.45 161.961
0.35,0.5,0.5 51.0454
0.35,0.5,0.55 0.740582
0.35,0.5,0.6 0.000657264
0.35,0.55,0.15 4.16133
0.35,0.55,0.2 26.8837
0.35,0.55,0.25 14.6907
0.35,0.55,0.3 57.817
0.35,0.55,0.35 191.795
0.35,0.55,0.4 110.101
0.35,0.55,0.45 214.639
0.35,0.55,0.5 64.5197
0.35,0.55,0.55 1.50538
0.35,0.55,0.6 0.000253577
0.35,0.6,0.15 0.000500486
0.35,0.6,0.2 1.09308
0.35,0.6,0.25 18.7922
0.35,0.6,0.3 61.0342
0.35,0.6,0.35 42.5096
0.35,0.6,0.4 16.1343
0.35,0.6,0.45 27.3935
0.35,0.6,0.5 8.63634
0.35,0.6,0.55 0.39477
0.35,0.6,0.6 5.62738e-07
0.35,0.65,0.15 1.93564e-05
0.35,0.65,0.2 0.133046
0.35,0.65,0.25 21.4496
0.35,0.65,0.3 65.8373
0.35,0.65,0.35 13.1241
0.35,0.65,0.4 0.988772
0.35,0.65,0.45 0.258971
0.35,0.65,0.5 4.02777e-05
0.35,0.65,0.55 3.38596e-06
0.35,0.7,0.2 0.0127611
0.35,0.7,0.25 1.5905
0.35,0.7,0.3 4.82209
0.35,0.7,0.35 1.9302
0.35,0.7,0.4 4.14874
0.35,0.7,0.45 1.08735
0.35,0.7,0.5 4.05412e-06
0.35,0.75,0.35 0.259909
0.35,0.75,0.4 1.08995
0.35,0.75,0.45 0.285667
0.35,0.75,0.5 1.06509e-06
0.35,0.8,0.35 1.12047e-06
0.35,0.8,0.4 4.69878e-06
0.35,0.8,0.45 1.23152e-06
0.35,0.8,0.5 4.59162e-12
0.4,0.1,0.4 6.35934e-05
0.4,0.1,0.45 0.000791914
0.4,0.1,0.5 0.000537073
0.4,0.1,0.55 1.02035e-05
0.4,0.15,0.2 2.57551e-05
0.4,0.15,0.25 1.37644
0.4,0.15,0.3 5.07358
0.4,0.15,0.35 1.16871
0.4,0.15,0.4 0.004412
0.4,0.15,0.45 0.0549417
0.4,0.15,0.5 0.0372612
0.4,0.15,0.55 0.0007079
0.4,0.2,0.1 4.42761e-07
0.4,0.2,0.15 2.98799e-06
0.4,0.2,0.2 0.0539763
0.4,0.2,0.25 20.6175
0.4,0.2,0.3 74.3415
0.4,0.2,0.35 16.9821
0.4,0.2,0.4 0.323356
0.4,0.2,0.45 2.8658
0.4,0.2,0.5 10.6362
0.4,0.2,0.55 14.465
0.4,0.2,0.6 1.26971
0.4,0.25,0.1 0.106759
0.4,0.25,0.15 1.44246
0.4,0.25,0.2 35.8438
0.4,0.25,0.25 170.249
0.4,0.25,0.3 128.626
0.4,0.25,0.35 17.3197
0.4,0.25,0.4 25.165
0.4,0.25,0.45 203.217
0.4,0.25,0.5 149.608
0.4,0.25,0.55 76.8701
0.4,0.25,0.6 6.65155
0.4,0.3,0.05 0.000270316
0.4,0.3,0.1 0.487842
0.4,0.3,0.15 6.15048
0.4,0.3,0.2 106.752
0.4,0.3,0.25 397.195
0.4,0.3,0.3 143.756
0.4,0.3,0.35 5.28377
0.4,0.3,0.4 48.7004
0.4,0.3,0.45 517.492
0.4,0.3,0.5 408.023
0.4,0.3,0.55 64.1731
0.4,0.3,0.6 3.79178
0.4,0.35,0.05 0.00350138
0.4,0.35,0.1 1.14874
0.4,0.35,0.15 4.36992
0.4,0.35,0.2 37.1603
0.4,0.35,0.25 97.2603
0.4,0.35,0.3 105.648
0.4,0.35,0.35 86.8138
0.4,0.35,0.4 32.8616
0.4,0.35,0.45 223.3
0.4,0.35,0.5 296.002
0.4,0.35,0.55 71.9864
0.4,0.35,0.6 3.28733
0.4,0.4,0.05 0.00244197
0.4,0.4,0.1 0.733658
0.4,0.4,0.15 4.9294
0.4,0.4,0.2 152.682
0.4,0.4,0.25 274.099
0.4,0.4,0.3 491.412
0.4,0.4,0.35 585.508
0.4,0.4,0.4 209.054
0.4,0.4,0.45 96.2473
0.4,0.4,0.5 354.023
0.4,0.4,0.55 97.7233
0.4,0.4,0.6 0.396706
0.4,0.45,0.05 4.97724e-05
0.4,0.45,0.1 0.140089
0.4,0.45,0.15 33.9308
0.4,0.45,0.2 290.514
0.4,0.45,0.25 325.97
0.4,0.45,0.3 563.979
0.4,0.45,0.35 635.587
0.4,0.45,0.4 368.166
0.4,0.45,0.45 354.821
0.4,0.45,0.5 373.046
0.4,0.45,0.55 85.072
0.4,0.45,0.6 0.992694
0.4,0.5,0.1 0.491921
0.4,0.5,0.15 84.0845
0.4,0.5,0.2 435.303
0.4,0.5,0.25 268.17
0.4,0.5,0.3 448.457
0.4,0.5,0.35 557.702
0.4,0.5,0.4 427.738
0.4,0.5,0.45 669.655
0.4,0.5,0.5 385.196
0.4,0.5,0.55 103.536
0.4,0.5,0.6 3.83924
0.4,0.55,0.05 0.0482315
0.4,0.55,0.1 0.383428
0.4,0.55,0.15 15.5066
0.4,0.55,0.2 124.44
0.4,0.55,0.25 221.167
0.4,0.55,0.3 366.335
0.4,0.55,0.35 681.724
0.4,0.55,0.4 430.298
0.4,0.55,0.45 748.182
0.4,0.55,0.5 442.49
0.4,0.55,0.55 78.6876
0.4,0.55,0.6 0.989602
0.4,0.6,0.05 6.86875
0.4,0.6,0.1 32.2834
0.4,0.6,0.15 9.59624
0.4,0.6,0.2 66.9708
0.4,0.6,0.25 321.743
0.4,0.6,0.3 404.722
0.4,0.6,0.35 215.772
0.4,0.6,0.4 90.4787
0.4,0.6,0.45 141.516
0.4,0.6,0.5 87.869
0.4,0.6,0.55 12.5739
0.4,0.6,0.6 0.000825724
0.4,0.65,0.05 13.9352
0.4,0.65,0.1 65.4826
0.4,0.65,0.15 19.2183
0.4,0.65,0.2 32.1395
0.4,0.65,0.25 272.422
0.4,0.65,0.3 397.299
0.4,0.65,0.35 89.4161
0.4,0.65,0.4 58.179
0.4,0.65,0.45 16.7084
0.4,0.65,0.5 6.68254
0.4,0.65,0.55 1.35816
0.4,0.7,0.05 1.68736
0.4,0.7,0.1 7.92906
0.4,0.7,0.15 2.32696
0.4,0.7,0.2 4.43905
0.4,0.7,0.25 39.5796
0.4,0.7,0.3 50.6797
0.4,0.7,0.35 70.839
0.4,0.7,0.4 237.06
0.4,0.7,0.45 73.0423
0.4,0.7,0.5 37.2939
0.4,0.7,0.55 7.58014
0.4,0.75,0.2 0.0240015
0.4,0.75,0.25 2.20273
0.4,0.75,0.3 4.01999
0.4,0.75,0.35 15.4334
0.4,0.75,0.4 61.8155
0.4,0.75,0.45 20.1523
0.4,0.75,0.5 12.9339
0.4,0.75,0.55 2.62888
0.4,0.8,0.35 6.34683e-05
0.4,0.8,0.4 0.000267202
0.4,0.8,0.45 0.0039771
0.4,0.8,0.5 0.0127266
0.4,0.8,0.55 0.00258676
0.45,0.1,0.4 0.073708
0.45,0.1,0.45 0.917869
0.45,0.1,0.5 0.622495
0.45,0.1,0.55 0.0118264
0.45,0.15,0.15 0.000622321
0.45,0.15,0.2 0.0102033
0.45,0.15,0.25 6.41396
0.45,0.15,0.3 23.6151
0.45,0.15,0.35 5.73722
0.45,0.15,0.4 5.6631
0.45,0.15,0.45 63.7394
0.45,0.15,0.5 43.1876
0.45,0.15,0.55 0.820493
0.45,0.2,0.1 3.38287e-05
0.45,0.2,0.15 0.0392606
0.45,0.2,0.2 0.714608
0.45,0.2,0.25 97.4889
0.45,0.2,0.3 350.939
0.45,0.2,0.35 83.2907
0.45,0.2,0.4 14.0515
0.45,0.2,0.45 126.066
0.45,0.2,0.5 139.002
0.45,0.2,0.55 70.9133
0.45,0.2,0.6 5.97901
0.45,0.25,0.1 8.15685
0.45,0.25,0.15 64.1539
0.45,0.25,0.2 125.39
0.45,0.25,0.25 315.978
0.45,0.25,0.3 562.114
0.45,0.25,0.35 121.351
0.45,0.25,0.4 19.6985
0.45,0.25,0.45 240.576
0.45,0.25,0.5 451.797
0.45,0.25,0.55 368.548
0.45,0.25,0.6 31.4035
0.45,0.25,0.65 0.000632468
0.45,0.25,0.7 1.62035e-07
0.45,0.3,0 6.25439e-09
0.45,0.3,0.05 0.079524
0.45,0.3,0.1 37.0679
0.45,0.3,0.15 263.769
0.45,0.3,0.2 488.303
0.45,0.3,0.25 529.334
0.45,0.3,0.3 365.265
0.45,0.3,0.35 67.345
0.45,0.3,0.4 29.8153
0.45,0.3,0.45 470.47
0.45,0.3,0.5 657.051
0.45,0.3,0.55 293.938
0.45,0.3,0.6 21.3563
0.45,0.3,0.65 0.018398
0.45,0.3,0.7 4.80653e-06
0.45,0.35,0 1.34435e-07
0.45,0.35,0.05 1.5456
0.45,0.35,0.1 87.1912
0.45,0.35,0.15 242.275
0.45,0.35,0.2 169.672
0.45,0.35,0.25 139.055
0.45,0.35,0.3 235.101
0.45,0.35,0.35 169.922
0.45,0.35,0.4 19.5581
0.45,0.35,0.45 315.869
0.45,0.35,0.5 620.797
0.45,0.35,0.55 330.125
0.45,0.35,0.6 20.7164
0.45,0.35,0.65 0.0208336
0.45,0.35,0.7 5.49602e-06
0.45,0.4,0 1.29403e-07
0.45,0.4,0.05 1.42192
0.45,0.4,0.1 57.0455
0.45,0.4,0.15 131.794
0.45,0.4,0.2 233.774
0.45,0.4,0.25 479.868
0.45,0.4,0.3 651.877
0.45,0.4,0.35 435.558
0.45,0.4,0.4 51.6489
0.45,0.4,0.45 46.4138
0.45,0.4,0.5 159.228
0.45,0.4,0.55 67.1001
0.45,0.4,0.6 2.33943
0.45,0.4,0.65 0.001122
0.45,0.4,0.7 3.0071e-07
0.45,0.45,0 6.67689e-09
0.45,0.45,0.05 0.059548
0.45,0.45,0.1 2.54005
0.45,0.45,0.15 80.8689
0.45,0.45,0.2 494.521
0.45,0.45,0.25 669.069
0.45,0.45,0.3 655.892
0.45,0.45,0.35 399.14
0.45,0.45,0.4 226.194
0.45,0.45,0.45 388.687
0.45,0.45,0.5 292.437
0.45,0.45,0.55 151.342
0.45,0.45,0.6 13.6413
0.45,0.45,0.65 2.22535e-05
0.45,0.5,0 1.30833e-07
0.45,0.5,0.05 0.492368
0.45,0.5,0.1 10.4741
0.45,0.5,0.15 293.572
0.45,0.5,0.2 547.148
0.45,0.5,0.25 297.612
0.45,0.5,0.3 485.792
0.45,0.5,0.35 361.921
0.45,0.5,0.4 439.018
0.45,0.5,0.45 848.551
0.45,0.5,0.5 829.438
0.45,0.5,0.55 561.727
0.45,0.5,0.6 53.5229
0.45,0.5,0.65 0.0721853
0.45,0.55,0 2.34108e-07
0.45,0.55,0.05 1.15901
0.45,0.55,0.1 15.0815
0.45,0.55,0.15 192.489
0.45,0.55,0.2 284.013
0.45,0.55,0.25 501.79
0.45,0.55,0.3 555.796
0.45,0.55,0.35 394.394
0.45,0.55,0.4 343.682
0.45,0.55,0.45 501.842
0.45,0.55,0.5 561.715
0.45,0.55,0.55 241.208
0.45,0.55,0.6 28.7977
0.45,0.55,0.65 0.4309
0.45,0.6,0 2.43029e-08
0.45,0.6,0.05 39.6796
0.45,0.6,0.1 187.735
0.45,0.6,0.15 74.8943
0.45,0.6,0.2 147.201
0.45,0.6,0.25 734.961
0.45,0.6,0.3 486.189
0.45,0.6,0.35 132.628
0.45,0.6,0.4 94.417
0.45,0.6,0.45 233.697
0.45,0.6,0.5 153.326
0.45,0.6,0.55 22.4824
0.45,0.6,0.6 4.50301
0.45,0.6,0.65 0.165052
0.45,0.65,0.05 80.3156
0.45,0.65,0.1 377.41
0.45,0.65,0.15 110.761
0.45,0.65,0.2 90.4126
0.45,0.65,0.25 626.841
0.45,0.65,0.3 471.37
0.45,0.65,0.35 279.003
0.45,0.65,0.4 182.675
0.45,0.65,0.45 202.851
0.45,0.65,0.5 163.409
0.45,0.65,0.55 25.7318
0.45,0.65,0.6 1.62999
0.45,0.65,0.65 0.000392103
0.45,0.7,0.05 9.72512
0.45,0.7,0.1 45.6992
0.45,0.7,0.15 13.4114
0.45,0.7,0.2 13.4336
0.45,0.7,0.25 231.71
0.45,0.7,0.3 374.658
0.45,0.7,0.35 320.509
0.45,0.7,0.4 423.898
0.45,0.7,0.45 287.094
0.45,0.7,0.5 419.735
0.45,0.7,0.55 107.98
0.45,0.7,0.6 5.09641
0.45,0.75,0.2 0.478719
0.45,0.75,0.25 48.8373
0.45,0.75,0.3 92.856
0.45,0.75,0.35 39.7291
0.45,0.75,0.4 99.4736
0.45,0.75,0.45 89.811
0.45,0.75,0.5 139.985
0.45,0.75,0.55 32.2856
0.45,0.75,0.6 0.997715
0.45,0.8,0.2 0.12132
0.45,0.8,0.25 21.179
0.45,0.8,0.3 45.1969
0.45,0.8,0.35 5.80903
0.45,0.8,0.4 0.436432
0.45,0.8,0.45 2.89967
0.45,0.8,0.5 1.27814
0.45,0.8,0.55 0.0284937
0.45,0.85,0.2 0.014862
0.45,0.85,0.25 2.59448
0.45,0.85,0.3 5.53673
0.45,0.85,0.35 0.711609
0.5,0.1,0.15 1.60941e-05
0.5,0.1,0.2 0.319556
0.5,0.1,0.25 1.13955
0.5,0.1,0.3 0.253906
0.5,0.1,0.35 3.5211e-06
0.5,0.1,0.4 0.219667
0.5,0.1,0.45 2.69867
0.5,0.1,0.5 1.82849
0.5,0.1,0.55 0.037845
0.5,0.1,0.6 8.84688e-05
0.5,0.15,0.1 0.00445298
0.5,0.15,0.15 0.110057
0.5,0.15,0.2 17.7576
0.5,0.15,0.25 61.4361
0.5,0.15,0.3 20.0584
0.5,0.15,0.35 14.1925
0.5,0.15,0.4 38.4724
0.5,0.15,0.45 189.801
0.5,0.15,0.5 128.128
0.5,0.15,0.55 3.87681
0.5,0.15,0.6 0.280304
0.5,0.15,0.65 0.0103268
0.5,0.2,0.05 1.3697e-05
0.5,0.2,0.1 0.182525
0.5,0.2,0.15 6.2416
0.5,0.2,0.2 108.712
0.5,0.2,0.25 183.409
0.5,0.2,0.3 132.983
0.5,0.2,0.35 145.448
0.5,0.2,0.4 238.357
0.5,0.2,0.45 413.01
0.5,0.2,0.5 315.326
0.5,0.2,0.55 62.7553
0.5,0.2,0.6 32.0643
0.5,0.2,0.65 1.2646
0.5,0.25,0.05 0.00837341
0.5,0.25,0.1 14.0548
0.5,0.25,0.15 111.174
0.5,0.25,0.2 311.669
0.5,0.25,0.25 376.327
0.5,0.25,0.3 420.144
0.5,0.25,0.35 309.931
0.5,0.25,0.4 142.669
0.5,0.25,0.45 466.897
0.5,0.25,0.5 569.402
0.5,0.25,0.55 201.802
0.5,0.25,0.6 73.7283
0.5,0.25,0.65 3.41545
0.5,0.25,0.7 0.000559854
0.5,0.3,0 2.34599e-07
0.5,0.3,0.05 2.31805
0.5,0.3,0.1 71.5193
0.5,0.3,0.15 446.601
0.5,0.3,0.2 734.408
0.5,0.3,0.25 615.534
0.5,0.3,0.3 467.39
0.5,0.3,0.35 270.301
0.5,0.3,0.4 34.6077
0.5,0.3,0.45 375.335
0.5,0.3,0.5 622.902
0.5,0.3,0.55 351.272
0.5,0.3,0.6 175.473
0.5,0.3,0.65 28.489
0.5,0.3,0.7 0.0166073
0.5,0.35,0 5.04257e-06
0.5,0.35,0.05 49.074
0.5,0.35,0.1 342.602
0.5,0.35,0.15 580.192
0.5,0.35,0.2 364.038
0.5,0.35,0.25 190.517
0.5,0.35,0.3 563.528
0.5,0.35,0.35 375.397
0.5,0.35,0.4 122.307
0.5,0.35,0.45 383.148
0.5,0.35,0.5 616.924
0.5,0.35,0.55 391.744
0.5,0.35,0.6 190.623
0.5,0.35,0.65 32.243
0.5,0.35,0.7 0.0189895
0.5,0.4,0 4.8641e-06
0.5,0.4,0.05 47.2544
0.5,0.4,0.1 288.23
0.5,0.4,0.15 384.228
0.5,0.4,0.2 130.929
0.5,0.4,0.25 320.052
0.5,0.4,0.3 801.689
0.5,0.4,0.35 426.547
0.5,0.4,0.4 92.9904
0.5,0.4,0.45 72.786
0.5,0.4,0.5 52.4108
0.5,0.4,0.55 30.7467
0.5,0.4,0.6 11.0474
0.5,0.4,0.65 1.76347
0.5,0.4,0.7 0.001039
0.5,0.45,0 4.13556e-07
0.5,0.45,0.05 3.87132
0.5,0.45,0.1 18.6589
0.5,0.45,0.15 68.8526
0.5,0.45,0.2 235.927
0.5,0.45,0.25 655.998
0.5,0.45,0.3 597.14
0.5,0.45,0.35 147.559
0.5,0.45,0.4 323.794
0.5,0.45,0.45 241.31
0.5,0.45,0.5 245.07
0.5,0.45,0.55 210.242
0.5,0.45,0.6 26.8642
0.5,0.45,0.65 0.0672675
0.5,0.5,0 7.96918e-06
0.5,0.5,0.05 30.7824
0.5,0.5,0.1 133.943
0.5,0.5,0.15 336.358
0.5,0.5,0.2 428.149
