0.45,0.2,0.3 82.2605
0.45,0.2,0.35 7.92449
0.45,0.25,0 2.62481e-10
0.45,0.25,0.05 117.677
0.45,0.25,0.1 474.4
0.45,0.25,0.15 177.659
0.45,0.25,0.2 320.491
0.45,0.25,0.25 395.929
0.45,0.25,0.3 49.8309
0.45,0.25,0.35 0.257635
0.45,0.3,0 3.00738e-10
0.45,0.3,0.05 138.046
0.45,0.3,0.1 575.39
0.45,0.3,0.15 479.181
0.45,0.3,0.2 662.955
0.45,0.3,0.25 286.668
0.45,0.3,0.3 26.4753
0.45,0.3,0.35 4.82719
0.45,0.3,0.4 0.693675
0.45,0.35,0 1.0979e-09
0.45,0.35,0.05 143.103
0.45,0.35,0.1 586.91
0.45,0.35,0.15 381.474
0.45,0.35,0.2 517.384
0.45,0.35,0.25 466.715
0.45,0.35,0.3 349.315
0.45,0.35,0.35 130.599
0.45,0.35,0.4 8.00239
0.45,0.4,0 7.68336e-10
0.45,0.4,0.05 76.6773
0.45,0.4,0.1 319.425
0.45,0.4,0.15 256.247
0.45,0.4,0.2 306.989
0.45,0.4,0.25 430.278
0.45,0.4,0.3 736.657
0.45,0.4,0.35 357.992
0.45,0.4,0.4 23.1529
0.45,0.4,0.45 0.0784548
0.45,0.45,0 1.20135e-10
0.45,0.45,0.05 74.0014
0.45,0.45,0.1 344.877
0.45,0.45,0.15 517.257
0.45,0.45,0.2 440.64
0.45,0.45,0.25 582.331
0.45,0.45,0.3 549.063
0.45,0.45,0.35 260.972
0.45,0.45,0.4 66.5924
0.45,0.45,0.45 0.442
0.45,0.5,0 8.34915e-10
0.45,0.5,0.05 115.406
0.45,0.5,0.1 489.837
0.45,0.5,0.15 422.152
0.45,0.5,0.2 649.816
0.45,0.5,0.25 490.268
0.45,0.5,0.3 968.122
0.45,0.5,0.35 535.463
0.45,0.5,0.4 121.191
0.45,0.5,0.45 3.23243
0.45,0.55,0 4.47663e-09
0.45,0.55,0.05 109.878
0.45,0.55,0.1 456.674
0.45,0.55,0.15 358.719
0.45,0.55,0.2 652.464
0.45,0.55,0.25 336.146
0.45,0.55,0.3 751.105
0.45,0.55,0.35 538.501
0.45,0.55,0.4 216.767
0.45,0.55,0.45 7.10214
0.45,0.6,0 1.47217e-08
0.45,0.6,0.05 143.698
0.45,0.6,0.1 577.198
0.45,0.6,0.15 377.132
0.45,0.6,0.2 734.023
0.45,0.6,0.25 270.695
0.45,0.6,0.3 68.4551
0.45,0.6,0.35 52.7384
0.45,0.6,0.4 30.1149
0.45,0.6,0.45 0.99572
0.45,0.65,0 4.85193e-09
0.45,0.65,0.05 94.0174
0.45,0.65,0.1 376.419
0.45,0.65,0.15 191.301
0.45,0.65,0.2 326.561
0.45,0.65,0.25 107.175
0.45,0.65,0.3 28.2556
0.45,0.65,0.35 2.77634
0.45,0.65,0.4 0.0876099
0.45,0.65,0.45 0.00198565
0.45,0.7,0 2.56568e-10
0.45,0.7,0.05 9.39019
0.45,0.7,0.1 41.8393
0.45,0.7,0.15 24.7327
0.45,0.7,0.2 53.1827
0.45,0.7,0.25 57.6196
0.45,0.7,0.3 10.3504
0.45,0.7,0.35 0.578033
0.45,0.7,0.4 0.0306555
0.45,0.7,0.45 0.000694799
0.45,0.75,0 2.42916e-07
0.45,0.75,0.05 25.0783
0.45,0.75,0.1 108.45
0.45,0.75,0.15 47.2171
0.45,0.75,0.2 140.694
0.45,0.75,0.25 237.167
0.45,0.75,0.3 23.7154
0.45,0.75,0.35 4.45749e-05
0.45,0.75,0.4 3.24808e-05
0.45,0.75,0.45 7.36168e-07
0.45,0.8,0 7.85732e-07
0.45,0.8,0.05 80.9728
0.45,0.8,0.1 322.915
0.45,0.8,0.15 83.6177
0.45,0.8,0.2 48.0222
0.45,0.8,0.25 81.1897
0.45,0.8,0.3 8.07651
0.45,0.85,0 1.58594e-07
0.45,0.85,0.05 16.3439
0.45,0.85,0.1 64.958
0.45,0.85,0.15 16.144
0.45,0.85,0.2 0.057297
0.45,0.85,0.25 0.0842477
0.45,0.85,0.3 0.0083298
0.45,0.9,0 1.66874e-12
0.45,0.9,0.05 0.000257712
0.45,0.9,0.1 0.00102509
0.45,0.9,0.15 0.00025484
0.5,0.05,0.15 0.00107345
0.5,0.05,0.2 0.022242
0.5,0.05,0.25 1.35943
0.5,0.05,0.3 3.63764
0.5,0.05,0.35 0.610386
0.5,0.1,0 2.27931e-14
0.5,0.1,0.05 5.56071
0.5,0.1,0.1 22.3098
0.5,0.1,0.15 13.0124
0.5,0.1,0.2 24.4684
0.5,0.1,0.25 100.382
0.5,0.1,0.3 159.616
0.5,0.1,0.35 22.2547
0.5,0.15,0 6.20001e-12
0.5,0.15,0.05 38.5699
0.5,0.15,0.1 156.451
0.5,0.15,0.15 200.665
0.5,0.15,0.2 505.41
0.5,0.15,0.25 635.464
0.5,0.15,0.3 596.486
0.5,0.15,0.35 71.1234
0.5,0.2,0 4.7181e-11
0.5,0.2,0.05 114.651
0.5,0.2,0.1 469.991
0.5,0.2,0.15 455.987
0.5,0.2,0.2 807.298
0.5,0.2,0.25 590.266
0.5,0.2,0.3 364.79
0.5,0.2,0.35 45.7597
0.5,0.25,0 5.5541e-11
0.5,0.25,0.05 100.385
0.5,0.25,0.1 413.542
0.5,0.25,0.15 321.457
0.5,0.25,0.2 403.147
0.5,0.25,0.25 365.81
0.5,0.25,0.3 86.1481
0.5,0.25,0.35 2.51117
0.5,0.3,0 2.57344e-10
0.5,0.3,0.05 158.681
0.5,0.3,0.1 683.121
0.5,0.3,0.15 796.649
0.5,0.3,0.2 597.079
0.5,0.3,0.25 173.867
0.5,0.3,0.3 52.6267
0.5,0.3,0.35 44.3837
0.5,0.3,0.4 7.16535
0.5,0.35,0 1.13468e-09
0.5,0.35,0.05 184.524
0.5,0.35,0.1 767.324
0.5,0.35,0.15 604.85
0.5,0.35,0.2 557.821
0.5,0.35,0.25 144.548
0.5,0.35,0.3 235.059
0.5,0.35,0.35 401.358
0.5,0.35,0.4 56.7593
0.5,0.4,0 1.06641e-09
0.5,0.4,0.05 97.1098
0.5,0.4,0.1 396.562
0.5,0.4,0.15 311.162
0.5,0.4,0.2 378.293
0.5,0.4,0.25 271.743
0.5,0.4,0.3 649.519
0.5,0.4,0.35 441.167
0.5,0.4,0.4 32.1175
0.5,0.4,0.45 6.04916e-05
0.5,0.45,0 1.66914e-09
0.5,0.45,0.05 106.812
0.5,0.45,0.1 439.748
0.5,0.45,0.15 378.833
0.5,0.45,0.2 441.228
0.5,0.45,0.25 556.207
0.5,0.45,0.3 357.507
0.5,0.45,0.35 101.422
0.5,0.45,0.4 1.97528
0.5,0.45,0.45 0.00993008
0.5,0.5,0 5.01305e-09
0.5,0.5,0.05 145.991
0.5,0.5,0.1 586.709
0.5,0.5,0.15 373.974
0.5,0.5,0.2 545.808
0.5,0.5,0.25 265.122
0.5,0.5,0.3 221.19
0.5,0.5,0.35 150.7
0.5,0.5,0.4 71.3369
0.5,0.5,0.45 2.35163
0.5,0.55,0 6.35302e-09
0.5,0.55,0.05 177.253
0.5,0.55,0.1 718.333
0.5,0.55,0.15 641.568
0.5,0.55,0.2 818.992
0.5,0.55,0.25 152.41
0.5,0.55,0.3 241.791
0.5,0.55,0.35 265.872
0.5,0.55,0.4 163.674
0.5,0.55,0.45 5.41125
0.5,0.6,0 3.50025e-09
0.5,0.6,0.05 96.0384
0.5,0.6,0.1 392.419
0.5,0.6,0.15 436.509
0.5,0.6,0.2 538.855
0.5,0.6,0.25 73.2779
0.5,0.6,0.3 26.4305
0.5,0.6,0.35 33.8583
0.5,0.6,0.4 22.9199
0.5,0.6,0.45 0.7584
0.5,0.65,0 2.35742e-09
0.5,0.65,0.05 114.509
0.5,0.65,0.1 461.998
0.5,0.65,0.15 238.774
0.5,0.65,0.2 175.692
0.5,0.65,0.25 17.6387
0.5,0.65,0.3 0.0326356
0.5,0.7,0 5.67027e-10
0.5,0.7,0.05 30.9351
0.5,0.7,0.1 195.041
0.5,0.7,0.15 302.031
0.5,0.7,0.2 151.993
0.5,0.7,0.25 8.4956
0.5,0.7,0.3 0.114068
0.5,0.75,0 1.82803e-08
0.5,0.75,0.05 9.14632
0.5,0.75,0.1 170.782
0.5,0.75,0.15 316.798
0.5,0.75,0.2 54.8204
0.5,0.75,0.25 7.04535
0.5,0.75,0.3 0.640649
0.5,0.8,0 1.78869e-07
0.5,0.8,0.05 31.9831
0.5,0.8,0.1 143.631
0.5,0.8,0.15 67.8225
0.5,0.8,0.2 6.07189
0.5,0.8,0.25 2.248
0.5,0.8,0.3 0.22355
0.5,0.85,0 1.65992e-07
0.5,0.85,0.05 25.4838
0.5,0.85,0.1 101.369
0.5,0.85,0.15 25.2018
0.5,0.85,0.2 0.00134584
0.5,0.85,0.25 0.00232824
0.5,0.85,0.3 0.000231529
0.5,0.9,0 8.96276e-09
0.5,0.9,0.05 1.38416
0.5,0.9,0.1 5.50572
0.5,0.9,0.15 1.36874
0.55,0.05,0.2 1.21534e-05
0.55,0.05,0.25 0.0076887
0.55,0.05,0.3 0.0208444
0.55,0.05,0.35 0.00349822
0.55,0.1,0 2.34524e-13
0.55,0.1,0.05 0.0990863
0.55,0.1,0.1 1.58871
0.55,0.1,0.15 22.6404
0.55,0.1,0.2 26.2019
0.55,0.1,0.25 44.2808
0.55,0.1,0.3 32.6827
0.55,0.1,0.35 1.63075
0.55,0.15,0 6.52559e-11
0.55,0.15,0.05 30.3984
0.55,0.15,0.1 130.443
0.55,0.15,0.15 212.613
0.55,0.15,0.2 293.625
0.55,0.15,0.25 374.293
0.55,0.15,0.3 296.818
0.55,0.15,0.35 25.855
0.55,0.2,0 1.56024e-10
0.55,0.2,0.05 104.285
0.55,0.2,0.1 439.114
0.55,0.2,0.15 570.389
0.55,0.2,0.2 734.931
0.55,0.2,0.25 373.25
0.55,0.2,0.3 307.664
0.55,0.2,0.35 42.0141
0.55,0.25,0 4.51177e-11
0.55,0.25,0.05 61.5304
0.55,0.25,0.1 274.444
0.55,0.25,0.15 563.03
0.55,0.25,0.2 671.756
0.55,0.25,0.25 792.266
0.55,0.25,0.3 487.17
0.55,0.25,0.35 44.9906
0.55,0.25,0.4 0.00355757
0.55,0.3,0 3.42699e-10
0.55,0.3,0.05 102.27
0.55,0.3,0.1 432.997
0.55,0.3,0.15 481.246
0.55,0.3,0.2 564.555
0.55,0.3,0.25 683.058
0.55,0.3,0.3 299.773
0.55,0.3,0.35 42.2652
0.55,0.3,0.4 4.26117
0.55,0.35,0 1.66454e-09
0.55,0.35,0.05 147.731
0.55,0.35,0.1 601.989
0.55,0.35,0.15 237.404
0.55,0.35,0.2 208.345
0.55,0.35,0.25 93.1853
0.55,0.35,0.3 105.56
0.55,0.35,0.35 207.195
0.55,0.35,0.4 32.4072
0.55,0.4,0 1.13908e-09
0.55,0.4,0.05 78.4215
0.55,0.4,0.1 317.121
0.55,0.4,0.15 128.679
0.55,0.4,0.2 115.227
0.55,0.4,0.25 128.266
0.55,0.4,0.3 121.923
0.55,0.4,0.35 113.561
0.55,0.4,0.4 15.0897
0.55,0.45,0 1.94604e-09
0.55,0.45,0.05 112.884
0.55,0.45,0.1 453.418
0.55,0.45,0.15 286.675
0.55,0.45,0.2 460.701
0.55,0.45,0.25 405.536
0.55,0.45,0.3 110.876
0.55,0.45,0.35 10.4128
0.55,0.45,0.4 0.122276
0.55,0.45,0.45 0.000241259
0.55,0.5,0 2.97876e-09
0.55,0.5,0.05 100.754
0.55,0.5,0.1 410.293
0.55,0.5,0.15 491.318
0.55,0.5,0.2 762.839
0.55,0.5,0.25 174.367
0.55,0.5,0.3 18.6218
0.55,0.5,0.35 2.27517
0.55,0.5,0.4 1.78596
0.55,0.5,0.45 0.0591026
0.55,0.55,0 4.29293e-09
0.55,0.55,0.05 85.3651
0.55,0.55,0.1 388.916
0.55,0.55,0.15 666.316
0.55,0.55,0.2 772.997
0.55,0.55,0.25 150.341
0.55,0.55,0.3 8.9502
0.55,0.55,0.35 5.05705
0.55,0.55,0.4 4.10976
0.55,0.55,0.45 0.136005
0.55,0.6,0 4.28921e-09
0.55,0.6,0.05 89.2121
0.55,0.6,0.1 390.7
0.55,0.6,0.15 417.04
0.55,0.6,0.2 359.25
0.55,0.6,0.25 79.097
0.55,0.6,0.3 4.23337
0.55,0.6,0.35 0.707848
0.55,0.6,0.4 0.575994
0.55,0.6,0.45 0.0190614
0.55,0.65,0 8.54032e-10
0.55,0.65,0.05 60.0731
0.55,0.65,0.1 275.237
0.55,0.65,0.15 484.037
0.55,0.65,0.2 574.222
0.55,0.65,0.25 72.3286
0.55,0.65,0.3 0.28536
0.55,0.7,0 1.304e-10
0.55,0.7,0.05 41.1812
0.55,0.7,0.1 336.292
0.55,0.7,0.15 764.787
0.55,0.7,0.2 682.457
0.55,0.7,0.25 61.8931
0.55,0.7,0.3 0.0155785
0.55,0.75,0 1.43001e-08
0.55,0.75,0.05 79.6121
0.55,0.75,0.1 535.293
0.55,0.75,0.15 461.751
0.55,0.75,0.2 80.8653
0.55,0.75,0.25 3.68117
0.55,0.8,0 4.45858e-07
0.55,0.8,0.05 145.639
0.55,0.8,0.1 601.38
0.55,0.8,0.15 180.789
0.55,0.8,0.2 3.96324
0.55,0.85,0 5.23551e-07
0.55,0.85,0.05 89.3176
0.55,0.85,0.1 355.453
0.55,0.85,0.15 88.4116
0.55,0.9,0 2.99179e-08
0.55,0.9,0.05 5.75641
0.55,0.9,0.1 22.9211
0.55,0.9,0.15 5.70429
0.55,0.95,0 9.51499e-18
0.55,0.95,0.05 1.11451e-05
0.55,0.95,0.1 4.45676e-05
0.55,0.95,0.15 1.11387e-05
0.6,0.1,0 2.82977e-13
0.6,0.1,0.05 0.119174
0.6,0.1,0.1 3.59809
0.6,0.1,0.15 58.0756
0.6,0.1,0.2 51.3126
0.6,0.1,0.25 3.03786
0.6,0.1,0.3 0.878826
0.6,0.1,0.35 0.0235117
0.6,0.15,0 7.96393e-11
0.6,0.15,0.05 35.2184
0.6,0.15,0.1 161.179
0.6,0.15,0.15 418.186
0.6,0.15,0.2 344.657
0.6,0.15,0.25 25.5472
0.6,0.15,0.3 8.99018
0.6,0.15,0.35 0.440621
0.6,0.2,0 2.13803e-10
0.6,0.2,0.05 137.574
0.6,0.2,0.1 567.423
0.6,0.2,0.15 406.751
0.6,0.2,0.2 266.755
0.6,0.2,0.25 186.102
0.6,0.2,0.3 211.734
0.6,0.2,0.35 31.0755
0.6,0.25,0 5.92663e-11
0.6,0.25,0.05 82.2403
0.6,0.25,0.1 439.246
0.6,0.25,0.15 624.201
0.6,0.25,0.2 487.055
0.6,0.25,0.25 700.301
0.6,0.25,0.3 580.91
0.6,0.25,0.35 83.0792
0.6,0.25,0.4 0.049532
0.6,0.3,0 1.02456e-10
0.6,0.3,0.05 32.8869
0.6,0.3,0.1 293.069
0.6,0.3,0.15 555.209
0.6,0.3,0.2 704.056
0.6,0.3,0.25 754.272
0.6,0.3,0.3 526.843
0.6,0.3,0.35 136.923
0.6,0.3,0.4 0.486929
0.6,0.35,0 5.7752e-10
0.6,0.35,0.05 120.446
0.6,0.35,0.1 683.983
0.6,0.35,0.15 366.903
0.6,0.35,0.2 304.623
0.6,0.35,0.25 158.05
0.6,0.35,0.3 167.248
0.6,0.35,0.35 67.917
0.6,0.35,0.4 0.641921
0.6,0.4,0 2.65865e-10
0.6,0.4,0.05 62.9212
0.6,0.4,0.1 320.741
0.6,0.4,0.15 173.878
0.6,0.4,0.2 171.721
0.6,0.4,0.25 35.5948
0.6,0.4,0.3 3.45342
0.6,0.4,0.35 1.73486
0.6,0.4,0.4 0.195278
0.6,0.45,0 9.10935e-10
0.6,0.45,0.05 154.997
0.6,0.45,0.1 620.49
0.6,0.45,0.15 379.186
0.6,0.45,0.2 593.671
0.6,0.45,0.25 125.461
0.6,0.45,0.3 5.74949
0.6,0.45,0.35 0.00640551
0.6,0.45,0.4 0.0010398
0.6,0.5,0 1.86469e-09
0.6,0.5,0.05 144.22
0.6,0.5,0.1 583.581
0.6,0.5,0.15 391.394
0.6,0.5,0.2 582.241
0.6,0.5,0.25 146.593
0.6,0.5,0.3 5.27019
0.6,0.55,0 5.17662e-10
0.6,0.55,0.05 20.6989
0.6,0.55,0.1 150.029
0.6,0.55,0.15 452.182
0.6,0.55,0.2 515.948
0.6,0.55,0.25 376.42
0.6,0.55,0.3 34.0951
0.6,0.6,0 3.70083e-10
0.6,0.6,0.05 11.5942
0.6,0.6,0.1 114.054
0.6,0.6,0.15 569.602
0.6,0.6,0.2 669.991
0.6,0.6,0.25 321.082
0.6,0.6,0.3 18.9499
0.6,0.65,0 3.70421e-11
0.6,0.65,0.05 78.6133
0.6,0.65,0.1 433.445
0.6,0.65,0.15 782.076
0.6,0.65,0.2 869.552
0.6,0.65,0.25 218.732
0.6,0.65,0.3 2.31951
0.6,0.7,0 3.41557e-12
0.6,0.7,0.05 81.296
0.6,0.7,0.1 585.697
0.6,0.7,0.15 850.277
0.6,0.7,0.2 544.93
0.6,0.7,0.25 63.486
0.6,0.7,0.3 0.133178
0.6,0.75,0 3.47347e-09
0.6,0.75,0.05 92.7222
0.6,0.75,0.1 581.237
0.6,0.75,0.15 376.645
0.6,0.75,0.2 45.4042
0.6,0.75,0.25 2.50471
0.6,0.8,0 9.40025e-08
0.6,0.8,0.05 158.076
0.6,0.8,0.1 661.142
0.6,0.8,0.15 206.542
0.6,0.8,0.2 4.92795
0.6,0.8,0.25 4.2861e-07
0.6,0.85,0 1.09315e-07
0.6,0.85,0.05 109.329
0.6,0.85,0.1 437.338
0.6,0.85,0.15 110.191
0.6,0.85,0.2 0.138849
0.6,0.9,0 6.2527e-09
0.6,0.9,0.05 22.1589
0.6,0.9,0.1 88.5901
0.6,0.9,0.15 22.1361
0.6,0.95,0 1.77506e-16
0.6,0.95,0.05 0.000207916
0.6,0.95,0.1 0.000831427
0.6,0.95,0.15 0.000207798
0.65,0.1,0 1.68789e-14
0.65,0.1,0.05 0.00711886
0.65,0.1,0.1 1.43554
0.65,0.1,0.15 28.1328
0.65,0.1,0.2 25.9812
0.65,0.1,0.25 0.976861
0.65,0.15,0 5.38855e-12
0.65,0.15,0.05 4.99915
0.65,0.15,0.1 38.2589
0.65,0.15,0.15 309.609
0.65,0.15,0.2 283.458
0.65,0.15,0.25 23.0302
0.65,0.15,0.3 5.73243
0.65,0.15,0.35 0.0445738
0.65,0.2,0 3.08435e-11
0.65,0.2,0.05 55.2016
0.65,0.2,0.1 258.045
0.65,0.2,0.15 284.823
0.65,0.2,0.2 229.028
0.65,0.2,0.25 288.74
0.65,0.2,0.3 142.092
0.65,0.2,0.35 3.48394
0.65,0.25,0 2.369e-11
0.65,0.25,0.05 67.1593
0.65,0.25,0.1 462.926
0.65,0.25,0.15 416.76
0.65,0.25,0.2 243.202
0.65,0.25,0.25 362.113
0.65,0.25,0.3 191.292
0.65,0.25,0.35 17.4908
0.65,0.25,0.4 0.0363219
0.65,0.3,0 1.37717e-12
0.65,0.3,0.05 29.1237
0.65,0.3,0.1 386.389
0.65,0.3,0.15 716.11
0.65,0.3,0.2 649.949
0.65,0.3,0.25 258.581
0.65,0.3,0.3 242.518
0.65,0.3,0.35 93.6612
0.65,0.3,0.4 0.316886
0.65,0.35,0 1.27621e-12
0.65,0.35,0.05 93.0761
0.65,0.35,0.1 645.448
0.65,0.35,0.15 475.682
0.65,0.35,0.2 224.838
0.65,0.35,0.25 68.4524
0.65,0.35,0.3 115.087
0.65,0.35,0.35 47.8714
0.65,0.35,0.4 0.163481
0.65,0.4,0 3.8623e-11
0.65,0.4,0.05 83.7268
0.65,0.4,0.1 426.754
0.65,0.4,0.15 162.707
0.65,0.4,0.2 41.464
0.65,0.4,0.25 6.60627
0.65,0.4,0.3 0.9511
0.65,0.4,0.35 0.398416
0.65,0.4,0.4 0.00136063
0.65,0.45,0 2.95017e-10
0.65,0.45,0.05 159.155
0.65,0.45,0.1 637.665
0.65,0.45,0.15 230.514
0.65,0.45,0.2 269.465
0.65,0.45,0.25 75.1457
0.65,0.45,0.3 0.0771064
0.65,0.5,0 4.27679e-10
0.65,0.5,0.05 93.5469
0.65,0.5,0.1 375.448
0.65,0.5,0.15 269.993
0.65,0.5,0.2 676.095
0.65,0.5,0.25 196.9
0.65,0.5,0.3 1.30436
