0.65,0.3,0.15 679.403
0.65,0.3,0.2 659.245
0.65,0.3,0.25 363.981
0.65,0.3,0.3 87.5521
0.65,0.3,0.35 23.9153
0.65,0.3,0.4 0.0593944
0.65,0.35,0 1.31341e-14
0.65,0.35,0.05 2.56365
0.65,0.35,0.1 234.591
0.65,0.35,0.15 609.667
0.65,0.35,0.2 217.436
0.65,0.35,0.25 72.6455
0.65,0.35,0.3 18.7723
0.65,0.35,0.35 3.68041
0.65,0.35,0.4 0.00895809
0.65,0.4,0 1.37035e-11
0.65,0.4,0.05 42.6672
0.65,0.4,0.1 327.571
0.65,0.4,0.15 350.659
0.65,0.4,0.2 61.664
0.65,0.4,0.25 8.83169
0.65,0.4,0.3 0.778563
0.65,0.4,0.35 0.00618757
0.65,0.45,0 8.57306e-10
0.65,0.45,0.05 158.255
0.65,0.45,0.1 649.464
0.65,0.45,0.15 224.089
0.65,0.45,0.2 239.071
0.65,0.45,0.25 204.275
0.65,0.45,0.3 17.3446
0.65,0.5,0 2.04699e-09
0.65,0.5,0.05 95.5537
0.65,0.5,0.1 383.172
0.65,0.5,0.15 131.828
0.65,0.5,0.2 266.003
0.65,0.5,0.25 420.12
0.65,0.5,0.3 63.7822
0.65,0.55,0 3.20244e-10
0.65,0.55,0.05 44.8639
0.65,0.55,0.1 179.664
0.65,0.55,0.15 80.9259
0.65,0.55,0.2 366.788
0.65,0.55,0.25 552.978
0.65,0.55,0.3 102.374
0.65,0.6,0 1.96043e-10
0.65,0.6,0.05 36.1075
0.65,0.6,0.1 145.344
0.65,0.6,0.15 111.636
0.65,0.6,0.2 600.36
0.65,0.6,0.25 406.33
0.65,0.6,0.3 22.2469
0.65,0.65,0 3.69108e-09
0.65,0.65,0.05 14.4531
0.65,0.65,0.1 80.0567
0.65,0.65,0.15 144.656
0.65,0.65,0.2 434.268
0.65,0.65,0.25 374.587
0.65,0.65,0.3 21.6798
0.65,0.7,0 3.28852e-09
0.65,0.7,0.05 11.7476
0.65,0.7,0.1 85.9149
0.65,0.7,0.15 366.371
0.65,0.7,0.2 556.388
0.65,0.7,0.25 400.435
0.65,0.7,0.3 35.2389
0.65,0.75,0 4.44503e-10
0.65,0.75,0.05 26.5668
0.65,0.75,0.1 145.843
0.65,0.75,0.15 387.021
0.65,0.75,0.2 409.292
0.65,0.75,0.25 334.273
0.65,0.75,0.3 35.4174
0.65,0.8,0 7.41904e-10
0.65,0.8,0.05 73.1733
0.65,0.8,0.1 321.847
0.65,0.8,0.15 351.349
0.65,0.8,0.2 170.165
0.65,0.8,0.25 29.5434
0.65,0.8,0.3 3.00955
0.65,0.85,0 1.7205e-10
0.65,0.85,0.05 77.8794
0.65,0.85,0.1 312.795
0.65,0.85,0.15 91.1313
0.65,0.85,0.2 7.44338
0.65,0.85,0.25 0.0816399
0.65,0.9,0 1.99767e-11
0.65,0.9,0.05 18.789
0.65,0.9,0.1 75.1345
0.65,0.9,0.15 18.7783
0.65,0.95,0 1.57188e-16
0.65,0.95,0.05 0.000184117
0.65,0.95,0.1 0.000736258
0.65,0.95,0.15 0.000184012
0.7,0.1,0.1 0.0107236
0.7,0.1,0.15 1.93309
0.7,0.1,0.2 4.15675
0.7,0.1,0.25 0.538993
0.7,0.15,0.05 0.0193715
0.7,0.15,0.1 1.79411
0.7,0.15,0.15 65.8082
0.7,0.15,0.2 92.737
0.7,0.15,0.25 7.83827
0.7,0.15,0.3 0.00755263
0.7,0.15,0.35 0.0029292
0.7,0.15,0.4 6.44029e-06
0.7,0.2,0.05 0.738837
0.7,0.2,0.1 16.9067
0.7,0.2,0.15 339.985
0.7,0.2,0.2 369.596
0.7,0.2,0.25 20.1647
0.7,0.2,0.3 0.128321
0.7,0.2,0.35 0.0493895
0.7,0.2,0.4 0.00010859
0.7,0.25,0.05 0.951624
0.7,0.25,0.1 35.0043
0.7,0.25,0.15 432.807
0.7,0.25,0.2 358.664
0.7,0.25,0.25 23.9607
0.7,0.25,0.3 0.880173
0.7,0.25,0.35 0.0410809
0.7,0.25,0.4 9.03225e-05
0.7,0.3,0.05 0.349836
0.7,0.3,0.1 25.2524
0.7,0.3,0.15 163.045
0.7,0.3,0.2 120.491
0.7,0.3,0.25 37.2066
0.7,0.3,0.3 2.16806
0.7,0.3,0.35 0.00124978
0.7,0.3,0.4 2.74784e-06
0.7,0.35,0 3.68996e-16
0.7,0.35,0.05 32.8647
0.7,0.35,0.1 209.955
0.7,0.35,0.15 170.577
0.7,0.35,0.2 41.5342
0.7,0.35,0.25 6.64346
0.7,0.35,0.3 0.375456
0.7,0.4,0 4.43046e-12
0.7,0.4,0.05 82.0841
0.7,0.4,0.1 586.601
0.7,0.4,0.15 405.503
0.7,0.4,0.2 55.9369
0.7,0.4,0.25 0.786308
0.7,0.4,0.3 0.0239998
0.7,0.45,0 1.37301e-09
0.7,0.45,0.05 77.0134
0.7,0.45,0.1 396.077
0.7,0.45,0.15 379.09
0.7,0.45,0.2 202.442
0.7,0.45,0.25 33.0173
0.7,0.45,0.3 1.09467
0.7,0.5,0 3.50046e-09
0.7,0.5,0.05 101.483
0.7,0.5,0.1 432.849
0.7,0.5,0.15 478.381
0.7,0.5,0.2 556.465
0.7,0.5,0.25 151.605
0.7,0.5,0.3 14.0694
0.7,0.55,0 5.51262e-10
0.7,0.55,0.05 83.3595
0.7,0.55,0.1 337.643
0.7,0.55,0.15 269.894
0.7,0.55,0.2 555.644
0.7,0.55,0.25 306.79
0.7,0.55,0.3 32.7185
0.7,0.6,0.05 68.7497
0.7,0.6,0.1 275.366
0.7,0.6,0.15 121.833
0.7,0.6,0.2 452.608
0.7,0.6,0.25 272.182
0.7,0.6,0.3 8.4113
0.7,0.65,0.05 2.98612
0.7,0.65,0.1 12.459
0.7,0.65,0.15 22.5094
0.7,0.65,0.2 196.744
0.7,0.65,0.25 222.013
0.7,0.65,0.3 14.6702
0.7,0.7,0 3.08274e-14
0.7,0.7,0.05 0.00239233
0.7,0.7,0.1 2.49816
0.7,0.7,0.15 59.3626
0.7,0.7,0.2 189.864
0.7,0.7,0.25 196.385
0.7,0.7,0.3 15.6969
0.7,0.75,0 6.0956e-12
0.7,0.75,0.05 0.473042
0.7,0.75,0.1 9.09092
0.7,0.75,0.15 79.3666
0.7,0.75,0.2 93.5544
0.7,0.75,0.25 78.7249
0.7,0.75,0.3 8.26978
0.7,0.8,0 2.01839e-09
0.7,0.8,0.05 11.2981
0.7,0.8,0.1 52.0895
0.7,0.8,0.15 78.5361
0.7,0.8,0.2 41.0671
0.7,0.8,0.25 6.77538
0.7,0.8,0.3 0.687732
0.7,0.85,0 8.01202e-09
0.7,0.85,0.05 41.2806
0.7,0.85,0.1 165.179
0.7,0.85,0.15 44.3713
0.7,0.85,0.2 1.80699
0.7,0.85,0.25 0.0198193
0.7,0.9,0 2.00013e-09
0.7,0.9,0.05 10.3149
0.7,0.9,0.1 41.1903
0.7,0.9,0.15 10.2803
0.7,0.95,0 5.43256e-18
0.7,0.95,0.05 6.36324e-06
0.7,0.95,0.1 2.54457e-05
0.7,0.95,0.15 6.35962e-06
0.75,0.15,0.1 0.829811
0.75,0.15,0.15 25.133
0.75,0.15,0.2 29.0372
0.75,0.15,0.25 1.61575
0.75,0.2,0.1 5.06156
0.75,0.2,0.15 141.107
0.75,0.2,0.2 158.496
0.75,0.2,0.25 8.55258
0.75,0.25,0.1 4.63524
0.75,0.25,0.15 89.4769
0.75,0.25,0.2 84.4611
0.75,0.25,0.25 3.58588
0.75,0.3,0.05 0.508145
0.75,0.3,0.1 3.14468
0.75,0.3,0.15 15.591
0.75,0.3,0.2 10.9798
0.75,0.3,0.25 0.255161
0.75,0.35,0 3.12389e-20
0.75,0.35,0.05 48.7138
0.75,0.35,0.1 231.229
0.75,0.35,0.15 259.455
0.75,0.35,0.2 112.409
0.75,0.35,0.25 1.32639
0.75,0.4,0 3.58957e-13
0.75,0.4,0.05 91.1747
0.75,0.4,0.1 464.7
0.75,0.4,0.15 490.637
0.75,0.4,0.2 194.924
0.75,0.4,0.25 2.26129
0.75,0.45,0 1.54932e-10
0.75,0.45,0.05 14.569
0.75,0.45,0.1 104.607
0.75,0.45,0.15 298.068
0.75,0.45,0.2 212.314
0.75,0.45,0.25 23.4372
0.75,0.45,0.3 1.28717e-05
0.75,0.5,0 3.99361e-10
0.75,0.5,0.05 11.1779
0.75,0.5,0.1 71.8288
0.75,0.5,0.15 403.092
0.75,0.5,0.2 565.741
0.75,0.5,0.25 89.3316
0.75,0.5,0.3 0.0106706
0.75,0.55,0 1.40496e-10
0.75,0.55,0.05 18.6447
0.75,0.55,0.1 79.0827
0.75,0.55,0.15 200.849
0.75,0.55,0.2 331.02
0.75,0.55,0.25 61.2304
0.75,0.55,0.3 0.286865
0.75,0.6,0 7.97505e-11
0.75,0.6,0.05 27.2237
0.75,0.6,0.1 109.109
0.75,0.6,0.15 45.2523
0.75,0.6,0.2 92.3751
0.75,0.6,0.25 43.5121
0.75,0.6,0.3 0.42238
0.75,0.65,0 3.71422e-12
0.75,0.65,0.05 11.6336
0.75,0.65,0.1 46.5316
0.75,0.65,0.15 12.4115
0.75,0.65,0.2 11.5847
0.75,0.65,0.25 10.9629
0.75,0.65,0.3 0.596798
0.75,0.7,0 6.07228e-15
0.75,0.7,0.05 0.506462
0.75,0.7,0.1 2.02571
0.75,0.7,0.15 0.603496
0.75,0.7,0.2 4.24362
0.75,0.7,0.25 5.80027
0.75,0.7,0.3 0.417992
0.75,0.75,0 2.65197e-11
0.75,0.75,0.05 0.114227
0.75,0.75,0.1 0.456068
0.75,0.75,0.15 0.116049
0.75,0.75,0.2 0.0979986
0.75,0.75,0.25 0.133946
0.75,0.75,0.3 0.00965276
0.75,0.8,0 6.47176e-09
0.75,0.8,0.05 30.6451
0.75,0.8,0.1 122.361
0.75,0.8,0.15 30.5357
0.75,0.85,0 2.26947e-08
0.75,0.85,0.05 108.816
0.75,0.85,0.1 434.491
0.75,0.85,0.15 108.43
0.75,0.9,0 5.3693e-09
0.75,0.9,0.05 25.8896
0.75,0.9,0.1 103.375
0.75,0.9,0.15 25.7978
0.8,0.05,0 1.96048e-11
0.8,0.05,0.05 1.15495
0.8,0.05,0.1 4.61623
0.8,0.05,0.15 1.15317
0.8,0.1,0 2.31151e-10
0.8,0.1,0.05 13.6174
0.8,0.1,0.1 54.4276
0.8,0.1,0.15 13.5964
0.8,0.15,0 1.50684e-10
0.8,0.15,0.05 8.87703
0.8,0.15,0.1 35.4875
0.8,0.15,0.15 9.06867
0.8,0.15,0.2 0.237212
0.8,0.15,0.25 0.0131995
0.8,0.2,0 2.58221e-12
0.8,0.2,0.05 0.152121
0.8,0.2,0.1 0.642989
0.8,0.2,0.15 1.21112
0.8,0.2,0.2 1.22378
0.8,0.2,0.25 0.0680961
0.8,0.25,0.1 0.0112453
0.8,0.25,0.15 0.340593
0.8,0.25,0.2 0.3935
0.8,0.25,0.25 0.0218961
0.8,0.3,0.05 0.0525777
0.8,0.3,0.1 0.282124
0.8,0.3,0.15 0.766794
0.8,0.3,0.2 0.409496
0.8,0.3,0.25 0.00485615
0.8,0.35,0.05 4.90198
0.8,0.35,0.1 25.2477
0.8,0.35,0.15 58.8598
0.8,0.35,0.2 30.8303
0.8,0.35,0.25 0.364971
0.8,0.4,0 1.57474e-14
0.8,0.4,0.05 10.2462
0.8,0.4,0.1 58.2498
0.8,0.4,0.15 107.278
0.8,0.4,0.2 52.0848
0.8,0.4,0.25 0.614502
0.8,0.45,0 1.17854e-12
0.8,0.45,0.05 3.06234
0.8,0.45,0.1 24.3364
0.8,0.45,0.15 29.5637
0.8,0.45,0.2 13.781
0.8,0.45,0.25 1.16959
0.8,0.5,0 2.81802e-11
0.8,0.5,0.05 3.46874
0.8,0.5,0.1 15.6711
0.8,0.5,0.15 22.3744
0.8,0.5,0.2 27.5659
0.8,0.5,0.25 4.31499
0.8,0.5,0.3 5.01735e-10
0.8,0.55,0 6.2443e-10
0.8,0.55,0.05 72.2291
0.8,0.55,0.1 288.977
0.8,0.55,0.15 81.4761
0.8,0.55,0.2 14.3406
0.8,0.55,0.25 1.55564
0.8,0.55,0.3 2.22791e-08
0.8,0.6,0 6.37237e-10
0.8,0.6,0.05 141.292
0.8,0.6,0.1 564.984
0.8,0.6,0.15 141.689
0.8,0.6,0.2 0.662455
0.8,0.6,0.25 0.0463231
0.8,0.6,0.3 3.06571e-08
0.8,0.65,0 2.96013e-11
0.8,0.65,0.05 77.0805
0.8,0.65,0.1 308.294
0.8,0.65,0.15 77.0666
0.8,0.65,0.2 4.68736e-07
0.8,0.65,0.25 2.4737e-07
0.8,0.65,0.3 2.23104e-09
0.8,0.7,0 2.27173e-13
0.8,0.7,0.05 4.71673
0.8,0.7,0.1 18.8652
0.8,0.7,0.15 4.71587
0.8,0.75,0 2.78316e-10
0.8,0.75,0.05 1.40664
0.8,0.75,0.1 5.61753
0.8,0.75,0.15 1.40214
0.8,0.8,0 1.35993e-08
0.8,0.8,0.05 59.6748
0.8,0.8,0.1 238.266
0.8,0.8,0.15 59.5069
0.8,0.8,0.2 0.0465882
0.8,0.8,0.25 0.00179729
0.8,0.85,0 2.1173e-08
0.8,0.85,0.05 93.7068
0.8,0.85,0.1 374.161
0.8,0.85,0.15 93.6964
0.8,0.85,0.2 0.309882
0.8,0.85,0.25 0.0119547
0.8,0.9,0 2.16719e-09
0.8,0.9,0.05 9.81897
0.8,0.9,0.1 39.2114
0.8,0.9,0.15 9.91841
0.8,0.9,0.2 0.126474
0.8,0.9,0.25 0.00487914
0.8,0.95,0.1 1.94444e-05
0.8,0.95,0.15 0.000399094
0.8,0.95,0.2 0.000374057
0.8,0.95,0.25 1.44304e-05
0.85,0.05,0 1.24806e-10
0.85,0.05,0.05 7.35247
0.85,0.05,0.1 29.3872
0.85,0.05,0.15 7.34114
0.85,0.1,0 1.47152e-09
0.85,0.1,0.05 86.6892
0.85,0.1,0.1 346.489
0.85,0.1,0.15 86.5556
0.85,0.15,0 9.59267e-10
0.85,0.15,0.05 56.5117
0.85,0.15,0.1 225.873
0.85,0.15,0.15 56.4246
0.85,0.2,0 1.64385e-11
0.85,0.2,0.05 0.968414
0.85,0.2,0.1 3.87067
0.85,0.2,0.15 0.966922
0.85,0.3,0.1 2.14058e-06
0.85,0.3,0.15 2.12961e-05
0.85,0.3,0.2 1.22076e-05
0.85,0.3,0.25 1.44525e-07
0.85,0.35,0.05 0.604258
0.85,0.35,0.1 5.6383
0.85,0.35,0.15 3.07346
0.85,0.35,0.2 0.0318018
0.85,0.35,0.25 1.08852e-05
0.85,0.4,0 1.61239e-12
0.85,0.4,0.05 21.6303
0.85,0.4,0.1 199.908
0.85,0.4,0.15 108.495
0.85,0.4,0.2 1.08865
0.85,0.4,0.25 1.82855e-05
0.85,0.45,0 1.20671e-10
0.85,0.45,0.05 53.326
0.85,0.45,0.1 354.043
0.85,0.45,0.15 161.156
0.85,0.45,0.2 1.34999
0.85,0.45,0.25 1.75059e-06
0.85,0.5,0 2.14839e-10
0.85,0.5,0.05 48.158
0.85,0.5,0.1 201.322
0.85,0.5,0.15 54.8398
0.85,0.5,0.2 0.0842043
0.85,0.55,0 3.18606e-10
0.85,0.55,0.05 38.7262
0.85,0.55,0.1 154.813
0.85,0.55,0.15 38.6803
0.85,0.6,0 3.05486e-10
0.85,0.6,0.05 63.1239
0.85,0.6,0.1 252.403
0.85,0.6,0.15 63.0777
0.85,0.65,0 1.77477e-11
0.85,0.65,0.05 57.41
0.85,0.65,0.1 229.612
0.85,0.65,0.15 57.396
0.85,0.7,0 8.47068e-12
0.85,0.7,0.05 60.7193
0.85,0.7,0.1 242.84
0.85,0.7,0.15 60.7005
0.85,0.75,0 1.79695e-10
0.85,0.75,0.05 10.525
0.85,0.75,0.1 42.0858
0.85,0.75,0.15 10.5179
0.85,0.8,0 7.95205e-09
0.85,0.8,0.05 72.5733
0.85,0.8,0.1 290.805
0.85,0.8,0.15 89.8672
0.85,0.8,0.2 16.368
0.85,0.8,0.25 0.631447
0.85,0.85,0 1.09868e-08
0.85,0.85,0.05 89.5657
0.85,0.85,0.1 363.477
0.85,0.85,0.15 205.502
0.85,0.85,0.2 108.872
0.85,0.85,0.25 4.20007
0.85,0.9,0 8.06315e-10
0.85,0.9,0.05 5.64828
0.85,0.9,0.1 24.8724
0.85,0.9,0.15 53.0418
0.85,0.9,0.2 44.4346
0.85,0.9,0.25 1.7142
0.85,0.95,0.1 0.00683148
0.85,0.95,0.15 0.140215
0.85,0.95,0.2 0.131419
0.85,0.95,0.25 0.00506989
0.9,0.05,0 4.89436e-11
0.9,0.05,0.05 2.88334
0.9,0.05,0.1 11.5245
0.9,0.05,0.15 2.87889
0.9,0.1,0 5.77069e-10
0.9,0.1,0.05 33.9959
0.9,0.1,0.1 135.879
0.9,0.1,0.15 33.9435
0.9,0.15,0 3.76185e-10
0.9,0.15,0.05 22.1616
0.9,0.15,0.1 88.578
0.9,0.15,0.15 22.1274
0.9,0.2,0 6.4465e-12
0.9,0.2,0.05 0.379772
0.9,0.2,0.1 1.51792
0.9,0.2,0.15 0.379187
0.9,0.35,0.05 0.444083
0.9,0.35,0.1 4.14359
0.9,0.35,0.15 2.25758
0.9,0.35,0.2 0.0226962
0.9,0.4,0 2.98509e-12
0.9,0.4,0.05 16.2981
0.9,0.4,0.1 148.522
0.9,0.4,0.15 80.1348
0.9,0.4,0.2 0.798935
0.9,0.45,0 2.23404e-10
0.9,0.45,0.05 69.2384
0.9,0.45,0.1 380.326
0.9,0.45,0.15 148.455
0.9,0.45,0.2 0.992032
0.9,0.5,0 3.7456e-10
0.9,0.5,0.05 84.7433
0.9,0.5,0.1 345.263
0.9,0.5,0.15 89.6054
0.9,0.5,0.2 0.0618837
0.9,0.55,0 3.76354e-11
0.9,0.55,0.05 8.18688
0.9,0.55,0.1 32.7312
0.9,0.55,0.15 8.17873
0.9,0.6,0 1.94203e-12
0.9,0.6,0.05 0.445975
0.9,0.6,0.1 1.78326
0.9,0.6,0.15 0.445653
0.9,0.65,0 5.15954e-12
0.9,0.65,0.05 35.6897
0.9,0.65,0.1 142.736
0.9,0.65,0.15 35.6785
0.9,0.7,0 1.17393e-11
0.9,0.7,0.05 82.3675
0.9,0.7,0.1 329.418
0.9,0.7,0.15 82.3416
0.9,0.75,0 2.30819e-11
0.9,0.75,0.05 13.8493
0.9,0.75,0.1 55.3843
0.9,0.75,0.15 13.8429
0.9,0.8,0 6.31785e-10
0.9,0.8,0.05 61.7132
0.9,0.8,0.1 248.798
0.9,0.8,0.15 104.723
0.9,0.8,0.2 40.3835
0.9,0.8,0.25 1.55792
0.9,0.85,0 7.26178e-10
0.9,0.85,0.05 68.1559
0.9,0.85,0.1 286.416
0.9,0.85,0.15 354.661
0.9,0.85,0.2 268.611
0.9,0.85,0.25 10.3625
0.9,0.9,0 4.0616e-11
0.9,0.9,0.05 3.52351
0.9,0.9,0.1 19.784
0.9,0.9,0.15 120.487
0.9,0.9,0.2 109.63
0.9,0.9,0.25 4.22933
0.9,0.95,0.1 0.0168548
0.9,0.95,0.15 0.345942
0.9,0.95,0.2 0.324239
0.9,0.95,0.25 0.0125086
0.95,0.05,0 1.15116e-13
0.95,0.05,0.05 0.00678165
0.95,0.05,0.1 0.0271057
0.95,0.05,0.15 0.0067712
0.95,0.1,0 1.35728e-12
0.95,0.1,0.05 0.079959
0.95,0.1,0.1 0.319589
0.95,0.1,0.15 0.0798357
0.95,0.15,0 8.84793e-13
0.95,0.15,0.05 0.0521244
0.95,0.15,0.1 0.208337
0.95,0.15,0.15 0.052044
0.95,0.2,0 1.51623e-14
0.95,0.2,0.05 0.000893231
0.95,0.2,0.1 0.00357017
0.95,0.2,0.15 0.000891854
0.95,0.35,0.05 0.0102696
0.95,0.35,0.1 0.0958223
0.95,0.35,0.15 0.0522074
0.95,0.35,0.2 0.000524858
0.95,0.4,0 3.23381e-13
0.95,0.4,0.05 0.43363
0.95,0.4,0.1 3.66144
0.95,0.4,0.15 1.90982
0.95,0.4,0.2 0.0184757
0.95,0.45,0 2.42019e-11
0.95,0.45,0.05 5.84683
0.95,0.45,0.1 25.7694
0.95,0.45,0.15 7.67455
0.95,0.45,0.2 0.0229411
0.95,0.5,0 4.05683e-11
0.95,0.5,0.05 9.0763
0.95,0.5,0.1 36.4366
0.95,0.5,0.15 9.1817
0.95,0.5,0.2 0.00143109
0.95,0.55,0 3.87302e-12
0.95,0.55,0.05 0.863833
0.95,0.55,0.1 3.45362
0.95,0.55,0.15 0.862979
0.95,0.6,0 1.48447e-15
0.95,0.6,0.05 0.0104151
0.95,0.6,0.1 0.041654
0.95,0.6,0.15 0.0104119
0.95,0.65,0 3.7401e-13
0.95,0.65,0.05 2.62407
0.95,0.65,0.1 10.4946
0.95,0.65,0.15 2.62325
0.95,0.7,0 8.6566e-13
0.95,0.7,0.05 6.07352
0.95,0.7,0.1 24.2903
0.95,0.7,0.15 6.07161
0.95,0.75,0 1.75853e-12
0.95,0.75,0.05 1.04604
0.95,0.75,0.1 4.18317
0.95,0.75,0.15 1.04554
0.95,0.8,0 4.51572e-11
0.95,0.8,0.05 5.22184
0.95,0.8,0.1 21.1925
0.95,0.8,0.15 11.743
0.95,0.8,0.2 6.11807
0.95,0.8,0.25 0.236024
0.95,0.85,0 4.97777e-11
0.95,0.85,0.05 5.75614
0.95,0.85,0.1 25.1258
0.95,0.85,0.15 49.1673
0.95,0.85,0.2 40.6944
0.95,0.85,0.25 1.56991
0.95,0.9,0 2.56326e-12
0.95,0.9,0.05 0.296408
0.95,0.9,0.1 2.04827
0.95,0.9,0.15 18.0166
0.95,0.9,0.2 16.6089
0.95,0.9,0.25 0.64074
0.95,0.95,0.1 0.00255349
0.95,0.95,0.15 0.0524099
0.95,0.95,0.2 0.0491219
0.95,0.95,0.25 0.00189503
