0,0.5,0.2 4.93952e-13
0,0.5,0.25 4.81826e-12
0,0.5,0.3 2.71955e-12
0,0.5,0.35 3.06674e-14
0,0.55,0.2 1.50126e-11
0,0.55,0.25 1.46441e-10
0,0.55,0.3 8.26548e-11
0,0.55,0.35 9.32071e-13
0,0.6,0.2 1.73744e-11
0,0.6,0.25 1.69479e-10
0,0.6,0.3 9.56584e-11
0,0.6,0.35 1.07871e-12
0,0.65,0.15 1.98506e-12
0,0.65,0.2 1.52487e-11
0,0.65,0.25 1.57067e-11
0,0.65,0.3 5.36408e-12
0,0.65,0.35 6.01912e-14
0,0.7,0.15 2.64801e-11
0,0.7,0.2 1.9048e-10
0,0.7,0.25 8.33711e-11
0,0.7,0.3 3.52204e-13
0,0.75,0.15 1.88527e-11
0,0.75,0.2 1.35613e-10
0,0.75,0.25 5.93565e-11
0,0.75,0.3 2.50754e-13
0,0.8,0.15 4.04164e-13
0,0.8,0.2 2.90728e-12
0,0.8,0.25 1.27249e-12
0,0.8,0.3 5.37568e-15
0.05,0.1,0.05 0.578903
0.05,0.1,0.1 10.5525
0.05,0.1,0.15 9.21512
0.05,0.1,0.2 0.313076
0.05,0.1,0.25 0.000499927
0.05,0.15,0 1.83915e-16
0.05,0.15,0.05 3.32509
0.05,0.15,0.1 60.6143
0.05,0.15,0.15 55.0847
0.05,0.15,0.2 6.87817
0.05,0.15,0.25 0.742346
0.05,0.15,0.3 0.100954
0.05,0.15,0.35 0.159804
0.05,0.15,0.4 0.015468
0.05,0.2,0 6.19752e-15
0.05,0.2,0.05 1.21656
0.05,0.2,0.1 21.7464
0.05,0.2,0.15 25.4393
0.05,0.2,0.2 17.102
0.05,0.2,0.25 18.5001
0.05,0.2,0.3 17.083
0.05,0.2,0.35 7.71993
0.05,0.2,0.4 0.714997
0.05,0.25,0 5.6899e-14
0.05,0.25,0.05 0.368052
0.05,0.25,0.1 1.50025
0.05,0.25,0.15 2.74873
0.05,0.25,0.2 8.9345
0.05,0.25,0.25 50.8261
0.05,0.25,0.3 45.2394
0.05,0.25,0.35 11.375
0.05,0.25,0.4 1.00051
0.05,0.3,0 3.84023e-14
0.05,0.3,0.05 0.250637
0.05,0.3,0.1 1.00586
0.05,0.3,0.15 1.50376
0.05,0.3,0.2 3.72662
0.05,0.3,0.25 10.04
0.05,0.3,0.3 7.95478
0.05,0.3,0.35 0.971052
0.05,0.3,0.4 0.0745988
0.05,0.35,0 2.9298e-10
0.05,0.35,0.05 1.34787
0.05,0.35,0.1 5.38197
0.05,0.35,0.15 1.40704
0.05,0.35,0.2 0.158632
0.05,0.35,0.25 0.0241501
0.05,0.4,0 1.17859e-09
0.05,0.4,0.05 5.4024
0.05,0.4,0.1 21.5761
0.05,0.4,0.15 5.53868
0.05,0.4,0.2 0.289046
0.05,0.4,0.25 0.0509796
0.05,0.4,0.3 2.45421e-07
0.05,0.45,0 2.96394e-10
0.05,0.45,0.05 1.40132
0.05,0.45,0.1 5.68431
0.05,0.45,0.15 16.3598
0.05,0.45,0.2 56.2278
0.05,0.45,0.25 14.2238
0.05,0.45,0.3 0.00220871
0.05,0.45,0.35 0.00123039
0.05,0.45,0.4 0.000633768
0.05,0.45,0.45 6.16341e-06
0.05,0.5,0 1.42835e-12
0.05,0.5,0.05 0.876939
0.05,0.5,0.1 3.57884
0.05,0.5,0.15 34.6316
0.05,0.5,0.2 136.322
0.05,0.5,0.25 39.0179
0.05,0.5,0.3 2.56953
0.05,0.5,0.35 0.0804878
0.05,0.5,0.4 0.0145403
0.05,0.5,0.45 0.000141404
0.05,0.55,0 1.33311e-12
0.05,0.55,0.05 0.818467
0.05,0.55,0.1 3.27481
0.05,0.55,0.15 6.73441
0.05,0.55,0.2 32.8031
0.05,0.55,0.25 74.4102
0.05,0.55,0.3 39.0577
0.05,0.55,0.35 0.542169
0.05,0.55,0.4 0.0145201
0.05,0.55,0.45 0.000141208
0.05,0.6,0 5.10195e-14
0.05,0.6,0.05 0.0313236
0.05,0.6,0.1 0.12525
0.05,0.6,0.15 1.51897
0.05,0.6,0.2 15.929
0.05,0.6,0.25 76.1938
0.05,0.6,0.3 45.8078
0.05,0.6,0.35 3.73289
0.05,0.6,0.4 0.0754149
0.05,0.6,0.45 6.12413e-06
0.05,0.65,0.15 0.99055
0.05,0.65,0.2 7.34384
0.05,0.65,0.25 8.34146
0.05,0.65,0.3 21.1138
0.05,0.65,0.35 13.8633
0.05,0.65,0.4 0.320169
0.05,0.7,0.15 11.4737
0.05,0.7,0.2 82.5336
0.05,0.7,0.25 36.4844
0.05,0.7,0.3 5.18694
0.05,0.7,0.35 3.70118
0.05,0.7,0.4 0.0856639
0.05,0.75,0.15 8.16873
0.05,0.75,0.2 58.7603
0.05,0.75,0.25 25.7188
0.05,0.75,0.3 0.108705
0.05,0.75,0.35 4.01552e-05
0.05,0.75,0.4 9.29393e-07
0.05,0.8,0.15 0.175122
0.05,0.8,0.2 1.25971
0.05,0.8,0.25 0.551361
0.05,0.8,0.3 0.00232925
0.1,0,0.1 2.01027e-19
0.1,0,0.15 6.84176e-17
0.1,0,0.2 2.02121e-14
0.1,0,0.25 1.40043e-13
0.1,0,0.3 5.97136e-14
0.1,0,0.35 2.22277e-16
0.1,0.05,0.1 2.64753e-06
0.1,0.05,0.15 0.000901064
0.1,0.05,0.2 0.275795
0.1,0.05,0.25 1.91144
0.1,0.05,0.3 0.81503
0.1,0.05,0.35 0.00303385
0.1,0.1,0.05 2.96384
0.1,0.1,0.1 54.026
0.1,0.1,0.15 47.2143
0.1,0.1,0.2 3.01292
0.1,0.1,0.25 7.9507
0.1,0.1,0.3 3.36346
0.1,0.1,0.35 0.0294675
0.1,0.15,0 1.61724e-12
0.1,0.15,0.05 19.8133
0.1,0.15,0.1 321.605
0.1,0.15,0.15 316.666
0.1,0.15,0.2 114.009
0.1,0.15,0.25 22.2982
0.1,0.15,0.3 7.64699
0.1,0.15,0.35 4.33094
0.1,0.15,0.4 0.335929
0.1,0.2,0 1.6235e-11
0.1,0.2,0.05 36.5239
0.1,0.2,0.1 232.891
0.1,0.2,0.15 263.088
0.1,0.2,0.2 331.22
0.1,0.2,0.25 159.483
0.1,0.2,0.3 184.575
0.1,0.2,0.35 163.688
0.1,0.2,0.4 15.5281
0.1,0.25,0 1.52925e-11
0.1,0.25,0.05 57.3704
0.1,0.25,0.1 229.838
0.1,0.25,0.15 148.285
0.1,0.25,0.2 242.159
0.1,0.25,0.25 366.218
0.1,0.25,0.3 390.138
0.1,0.25,0.35 231.125
0.1,0.25,0.4 21.7287
0.1,0.3,0 4.52776e-12
0.1,0.3,0.05 29.4396
0.1,0.3,0.1 117.932
0.1,0.3,0.15 98.6429
0.1,0.3,0.2 175.758
0.1,0.3,0.25 90.1775
0.1,0.3,0.3 59.4131
0.1,0.3,0.35 18.0242
0.1,0.3,0.4 1.62011
0.1,0.35,0 4.53774e-09
0.1,0.35,0.05 21.5211
0.1,0.35,0.1 85.9436
0.1,0.35,0.15 24.9789
0.1,0.35,0.2 8.75541
0.1,0.35,0.25 1.33292
0.1,0.4,0 1.82539e-08
0.1,0.4,0.05 83.6724
0.1,0.4,0.1 334.521
0.1,0.4,0.15 91.9982
0.1,0.4,0.2 8.92239
0.1,0.4,0.25 0.630343
0.1,0.4,0.3 6.24778e-05
0.1,0.45,0 4.59507e-09
0.1,0.45,0.05 24.2494
0.1,0.45,0.1 103.789
0.1,0.45,0.15 237.877
0.1,0.45,0.2 445.178
0.1,0.45,0.25 86.8012
0.1,0.45,0.3 0.508703
0.1,0.45,0.35 3.66751
0.1,0.45,0.4 1.97727
0.1,0.45,0.45 0.019229
0.1,0.5,0 8.08653e-11
0.1,0.5,0.05 48.7366
0.1,0.5,0.1 201.076
0.1,0.5,0.15 373.784
0.1,0.5,0.2 907.511
0.1,0.5,0.25 282.266
0.1,0.5,0.3 72.6571
0.1,0.5,0.35 86.7269
0.1,0.5,0.4 45.457
0.1,0.5,0.45 0.442025
0.1,0.55,0 7.00705e-11
0.1,0.55,0.05 42.8224
0.1,0.55,0.1 172.555
0.1,0.55,0.15 151.552
0.1,0.55,0.2 380.36
0.1,0.55,0.25 556.074
0.1,0.55,0.3 386.938
0.1,0.55,0.35 148.461
0.1,0.55,0.4 49.4933
0.1,0.55,0.45 0.445318
0.1,0.6,0 2.61038e-12
0.1,0.6,0.05 1.97397
0.1,0.6,0.1 10.5939
0.1,0.6,0.15 51.1334
0.1,0.6,0.2 280.099
0.1,0.6,0.25 453.902
0.1,0.6,0.3 439.137
0.1,0.6,0.35 158.399
0.1,0.6,0.4 9.15013
0.1,0.6,0.45 0.0207429
0.1,0.65,0.05 0.641732
0.1,0.65,0.1 15.5352
0.1,0.65,0.15 27.1943
0.1,0.65,0.2 56.0896
0.1,0.65,0.25 67.1806
0.1,0.65,0.3 323.155
0.1,0.65,0.35 217.443
0.1,0.65,0.4 5.21562
0.1,0.65,0.45 1.46975e-06
0.1,0.7,0.05 0.997167
0.1,0.7,0.1 37.3218
0.1,0.7,0.15 104.382
0.1,0.7,0.2 366.916
0.1,0.7,0.25 186.021
0.1,0.7,0.3 97.9045
0.1,0.7,0.35 56.1828
0.1,0.7,0.4 1.26566
0.1,0.75,0.05 0.191
0.1,0.75,0.1 7.42344
0.1,0.75,0.15 51.859
0.1,0.75,0.2 254.107
0.1,0.75,0.25 119.667
0.1,0.75,0.3 8.37033
0.1,0.75,0.35 0.297345
0.1,0.75,0.4 1.37315e-05
0.1,0.8,0.1 0.193076
0.1,0.8,0.15 7.0978
0.1,0.8,0.2 13.0634
0.1,0.8,0.25 3.27391
0.1,0.8,0.3 0.110504
0.1,0.8,0.35 0.000148769
0.1,0.85,0.1 0.00652858
0.1,0.85,0.15 0.218714
0.1,0.85,0.2 0.41707
0.1,0.85,0.25 0.259746
0.1,0.85,0.3 0.0212368
0.1,0.9,0.15 2.4859e-05
0.1,0.9,0.2 0.00152446
0.1,0.9,0.25 0.00238205
0.1,0.9,0.3 0.000207159
0.15,0,0.1 2.5992e-15
0.15,0,0.15 8.84613e-13
0.15,0,0.2 2.8455e-12
0.15,0,0.25 5.0451e-12
0.15,0,0.3 2.01227e-12
0.15,0,0.35 7.49043e-15
0.15,0.05,0 3.77742e-13
0.15,0.05,0.05 0.00767793
0.15,0.05,0.1 0.0649096
0.15,0.05,0.15 11.6584
0.15,0.05,0.2 38.2564
0.15,0.05,0.25 70.0568
0.15,0.05,0.3 27.7143
0.15,0.05,0.35 0.102237
0.15,0.1,0 2.55832e-10
0.15,0.1,0.05 6.14597
0.15,0.1,0.1 38.1577
0.15,0.1,0.15 67.2325
0.15,0.1,0.2 163.358
0.15,0.1,0.25 293.042
0.15,0.1,0.3 114.87
0.15,0.1,0.35 1.00041
0.15,0.15,0 7.0896e-10
0.15,0.15,0.05 29.4082
0.15,0.15,0.1 195.143
0.15,0.15,0.15 183.337
0.15,0.15,0.2 317.248
0.15,0.15,0.25 297.088
0.15,0.15,0.3 201.423
0.15,0.15,0.35 34.7332
0.15,0.15,0.4 0.325266
0.15,0.2,0 2.0535e-10
0.15,0.2,0.05 106.061
0.15,0.2,0.1 453.118
0.15,0.2,0.15 405.001
0.15,0.2,0.2 719.319
0.15,0.2,0.25 406.236
0.15,0.2,0.3 429.212
0.15,0.2,0.35 206.023
0.15,0.2,0.4 15.0351
0.15,0.25,0 6.20458e-11
0.15,0.25,0.05 149.869
0.15,0.25,0.1 600.3
0.15,0.25,0.15 344.296
0.15,0.25,0.2 484.952
0.15,0.25,0.25 472.154
0.15,0.25,0.3 403.23
0.15,0.25,0.35 226.549
0.15,0.25,0.4 21.039
0.15,0.3,0 1.0722e-11
0.15,0.3,0.05 110.086
0.15,0.3,0.1 440.588
0.15,0.3,0.15 215.133
0.15,0.3,0.2 268.278
0.15,0.3,0.25 125.637
0.15,0.3,0.3 62.8191
0.15,0.3,0.35 17.0824
0.15,0.3,0.4 1.56868
0.15,0.35,0 3.57402e-09
0.15,0.35,0.05 35.8021
0.15,0.35,0.1 143.102
0.15,0.35,0.15 41.0787
0.15,0.35,0.2 13.2413
0.15,0.35,0.25 2.0254
0.15,0.35,0.3 4.78656e-07
0.15,0.4,0 1.43752e-08
0.15,0.4,0.05 65.9372
0.15,0.4,0.1 272.28
0.15,0.4,0.15 112.572
0.15,0.4,0.2 23.7976
0.15,0.4,0.25 0.802214
0.15,0.4,0.3 0.0134095
0.15,0.45,0 3.66039e-09
0.15,0.45,0.05 40.1341
0.15,0.45,0.1 213.338
0.15,0.45,0.15 533.504
0.15,0.45,0.2 471.972
0.15,0.45,0.25 102.378
0.15,0.45,0.3 9.39742
0.15,0.45,0.35 13.7873
0.15,0.45,0.4 6.56029
0.15,0.45,0.45 0.0617808
0.15,0.5,0 2.63145e-10
0.15,0.5,0.05 143.243
0.15,0.5,0.1 602.608
0.15,0.5,0.15 676.79
0.15,0.5,0.2 847.19
0.15,0.5,0.25 407.455
0.15,0.5,0.3 173.473
0.15,0.5,0.35 345.839
0.15,0.5,0.4 170.786
0.15,0.5,0.45 2.51044
0.15,0.55,0 1.36924e-10
0.15,0.55,0.05 80.5307
0.15,0.55,0.1 332.814
0.15,0.55,0.15 355.888
0.15,0.55,0.2 626.773
0.15,0.55,0.25 770.431
0.15,0.55,0.3 692.058
0.15,0.55,0.35 664.796
0.15,0.55,0.4 275.471
0.15,0.55,0.45 7.44863
0.15,0.6,0 3.80619e-12
0.15,0.6,0.05 21.5874
0.15,0.6,0.1 195.134
0.15,0.6,0.15 179.159
0.15,0.6,0.2 338.137
0.15,0.6,0.25 509.753
0.15,0.6,0.3 818.964
0.15,0.6,0.35 493.66
0.15,0.6,0.4 70.2806
0.15,0.6,0.45 2.13165
0.15,0.65,0 -4.17814e-19
0.15,0.65,0.05 39.111
0.15,0.65,0.1 323.118
0.15,0.65,0.15 257.906
0.15,0.65,0.2 141.043
0.15,0.65,0.25 153.472
0.15,0.65,0.3 418.478
0.15,0.65,0.35 211.499
0.15,0.65,0.4 5.77228
0.15,0.65,0.45 0.00186482
0.15,0.7,0.05 17.5324
0.15,0.7,0.1 298.284
0.15,0.7,0.15 492.168
0.15,0.7,0.2 531.772
0.15,0.7,0.25 563.806
0.15,0.7,0.3 466.943
0.15,0.7,0.35 74.2691
0.15,0.7,0.4 0.966171
0.15,0.7,0.45 2.20532e-08
0.15,0.75,0.05 12.5442
0.15,0.75,0.1 104.326
0.15,0.75,0.15 315.484
0.15,0.75,0.2 456.207
0.15,0.75,0.25 287.736
0.15,0.75,0.3 127.233
0.15,0.75,0.35 6.67427
0.15,0.75,0.4 1.04817e-05
0.15,0.8,0.05 5.21359
0.15,0.8,0.1 42.0192
0.15,0.8,0.15 226.261
0.15,0.8,0.2 304.259
0.15,0.8,0.25 152.114
0.15,0.8,0.3 12.2224
0.15,0.8,0.35 0.00258943
0.15,0.85,0.05 0.028535
0.15,0.85,0.1 3.68646
0.15,0.85,0.15 20.6439
0.15,0.85,0.2 55.3503
0.15,0.85,0.25 71.3138
0.15,0.85,0.3 6.16852
0.15,0.9,0.15 0.00722065
0.15,0.9,0.2 0.442802
0.15,0.9,0.25 0.691898
0.15,0.9,0.3 0.0601722
0.2,0,0.1 1.21643e-14
0.2,0,0.15 3.22306e-12
0.2,0,0.2 8.58693e-12
0.2,0,0.25 6.89561e-12
0.2,0,0.3 2.44805e-12
0.2,0,0.35 9.11257e-15
0.2,0.05,0 2.59192e-12
0.2,0.05,0.05 0.0526829
0.2,0.05,0.1 1.24831
0.2,0.05,0.15 49.9932
0.2,0.05,0.2 131.535
0.2,0.05,0.25 137.643
0.2,0.05,0.3 41.5362
0.2,0.05,0.35 0.124377
0.2,0.1,0 1.75541e-09
0.2,0.1,0.05 35.8201
0.2,0.1,0.1 153.053
0.2,0.1,0.15 281.417
0.2,0.1,0.2 591.124
0.2,0.1,0.25 648.653
0.2,0.1,0.3 186.149
0.2,0.1,0.35 1.22526
0.2,0.1,0.4 0.000256777
0.2,0.15,0 4.92556e-09
0.2,0.15,0.05 107.379
0.2,0.15,0.1 449.876
0.2,0.15,0.15 254.883
0.2,0.15,0.2 467.875
0.2,0.15,0.25 493.163
0.2,0.15,0.3 351.368
0.2,0.15,0.35 57.9611
0.2,0.15,0.4 0.100593
0.2,0.2,0 2.02103e-09
0.2,0.2,0.05 102.47
0.2,0.2,0.1 422.135
0.2,0.2,0.15 367.064
0.2,0.2,0.2 782.433
0.2,0.2,0.25 566.699
0.2,0.2,0.3 804.391
0.2,0.2,0.35 160.841
0.2,0.2,0.4 0.830374
0.2,0.25,0 7.042e-10
0.2,0.25,0.05 146.566
0.2,0.25,0.1 589.469
0.2,0.25,0.15 361.559
0.2,0.25,0.2 489.538
0.2,0.25,0.25 425.94
0.2,0.25,0.3 422.973
0.2,0.25,0.35 68.6266
0.2,0.25,0.4 0.89472
0.2,0.3,0 1.80979e-11
0.2,0.3,0.05 157.235
0.2,0.3,0.1 630.878
0.2,0.3,0.15 267.12
0.2,0.3,0.2 265.185
0.2,0.3,0.25 116.839
0.2,0.3,0.3 47.8107
0.2,0.3,0.35 3.98928
0.2,0.3,0.4 0.0643099
0.2,0.35,0 9.75665e-11
0.2,0.35,0.05 56.62
0.2,0.35,0.1 226.66
0.2,0.35,0.15 61.7651
0.2,0.35,0.2 15.9382
0.2,0.35,0.25 3.81872
0.2,0.35,0.3 0.0420392
0.2,0.35,0.35 0.00897326
0.2,0.4,0 3.89162e-10
0.2,0.4,0.05 26.3704
0.2,0.4,0.1 154.702
0.2,0.4,0.15 177.74
0.2,0.4,0.2 35.2344
0.2,0.4,0.25 0.868378
0.2,0.4,0.3 0.0410606
0.2,0.45,0 2.08454e-10
0.2,0.45,0.05 40.7812
0.2,0.45,0.1 341.438
0.2,0.45,0.15 771.939
0.2,0.45,0.2 364.349
0.2,0.45,0.25 155.431
0.2,0.45,0.3 22.4737
0.2,0.45,0.35 12.2791
0.2,0.45,0.4 2.2833
0.2,0.45,0.45 0.012383
0.2,0.5,0 3.36157e-10
0.2,0.5,0.05 97.8345
0.2,0.5,0.1 446.279
0.2,0.5,0.15 624.647
0.2,0.5,0.2 758.385
0.2,0.5,0.25 679.256
0.2,0.5,0.3 279.603
0.2,0.5,0.35 391.895
0.2,0.5,0.4 122.109
0.2,0.5,0.45 3.52358
0.2,0.55,0 7.50709e-11
0.2,0.55,0.05 46.8105
0.2,0.55,0.1 198.162
0.2,0.55,0.15 196.577
0.2,0.55,0.2 395.104
0.2,0.55,0.25 806.62
0.2,0.55,0.3 646.478
0.2,0.55,0.35 873.45
0.2,0.55,0.4 436.555
0.2,0.55,0.45 18.1696
0.2,0.6,0 5.91285e-13
0.2,0.6,0.05 64.3525
0.2,0.6,0.1 404.13
0.2,0.6,0.15 223.248
0.2,0.6,0.2 196.784
0.2,0.6,0.25 474.83
0.2,0.6,0.3 497.268
0.2,0.6,0.35 441.291
0.2,0.6,0.4 178.519
0.2,0.6,0.45 6.16749
0.2,0.65,0 3.2239e-12
0.2,0.65,0.05 129.496
0.2,0.65,0.1 688.219
0.2,0.65,0.15 523.538
0.2,0.65,0.2 482.557
0.2,0.65,0.25 257.133
0.2,0.65,0.3 238.011
0.2,0.65,0.35 103.053
0.2,0.65,0.4 18.7315
0.2,0.65,0.45 0.0132108
0.2,0.7,0 5.3473e-12
0.2,0.7,0.05 70.6105
0.2,0.7,0.1 426.304
0.2,0.7,0.15 655.861
0.2,0.7,0.2 591.345
0.2,0.7,0.25 546.432
0.2,0.7,0.3 659.184
0.2,0.7,0.35 85.8436
0.2,0.7,0.4 0.108483
0.2,0.7,0.45 3.08659e-05
0.2,0.75,0 5.02802e-13
0.2,0.75,0.05 127.971
0.2,0.75,0.1 586.026
0.2,0.75,0.15 689.27
0.2,0.75,0.2 749.502
0.2,0.75,0.25 331.41
0.2,0.75,0.3 200.285
0.2,0.75,0.35 21.8144
0.2,0.75,0.4 0.000382889
0.2,0.8,0.05 56.961
0.2,0.8,0.1 323.617
0.2,0.8,0.15 645.431
0.2,0.8,0.2 654.877
0.2,0.8,0.25 368.107
0.2,0.8,0.3 27.848
0.2,0.8,0.35 0.0170121
0.2,0.85,0.05 0.28113
0.2,0.85,0.1 19.67
0.2,0.85,0.15 88.5839
0.2,0.85,0.2 137.313
0.2,0.85,0.25 169.509
0.2,0.85,0.3 14.6882
0.2,0.9,0.15 0.0171935
0.2,0.9,0.2 1.05438
0.2,0.9,0.25 1.64752
0.2,0.9,0.3 0.14328
0.25,0,0.1 4.4342e-13
0.25,0,0.15 1.88157e-11
0.25,0,0.2 3.02791e-11
0.25,0,0.25 9.52765e-11
0.25,0,0.3 8.85446e-11
0.25,0,0.35 3.50153e-12
0.25,0.05,0 1.08787e-12
