0.4,0.4,0.3 0.00597694
0.4,0.4,0.35 0.0848504
0.4,0.4,0.4 0.063051
0.4,0.4,0.45 0.00149618
0.4,0.45,0.3 1.18721
0.4,0.45,0.35 16.854
0.4,0.45,0.4 12.524
0.4,0.45,0.45 0.29719
0.4,0.5,0.3 2.61063
0.4,0.5,0.35 37.0613
0.4,0.5,0.4 27.5396
0.4,0.5,0.45 0.653507
0.4,0.55,0.3 0.347389
0.4,0.55,0.35 4.93164
0.4,0.55,0.4 3.66463
0.4,0.55,0.45 0.0869605
0.45,0.2,0.25 1.89392e-06
0.45,0.2,0.3 1.80306e-05
0.45,0.2,0.35 0.0019137
0.45,0.2,0.4 0.0392581
0.45,0.2,0.45 0.0368962
0.45,0.2,0.5 0.00143079
0.45,0.2,0.55 3.96131e-06
0.45,0.2,0.6 3.00089e-05
0.45,0.2,0.65 1.37421e-05
0.45,0.2,0.7 7.13316e-08
0.45,0.25,0.25 0.00253033
0.45,0.25,0.3 0.0245489
0.45,0.25,0.35 0.786919
0.45,0.25,0.4 15.8473
0.45,0.25,0.45 14.8907
0.45,0.25,0.5 0.577441
0.45,0.25,0.55 0.0565617
0.45,0.25,0.6 0.428484
0.45,0.25,0.65 0.196218
0.45,0.25,0.7 0.00101851
0.45,0.3,0.2 6.61604e-05
0.45,0.3,0.25 0.0154597
0.45,0.3,0.3 0.0896319
0.45,0.3,0.35 2.01366
0.45,0.3,0.4 40.0686
0.45,0.3,0.45 37.6399
0.45,0.3,0.5 1.45962
0.45,0.3,0.55 0.198924
0.45,0.3,0.6 1.50695
0.45,0.3,0.65 0.690085
0.45,0.3,0.7 0.00358204
0.45,0.35,0.2 0.000782912
0.45,0.35,0.25 0.0952998
0.45,0.35,0.3 0.20896
0.45,0.35,0.35 4.0434
0.45,0.35,0.4 15.2455
0.45,0.35,0.45 13.1384
0.45,0.35,0.5 9.27107
0.45,0.35,0.55 2.6301
0.45,0.35,0.6 0.415847
0.45,0.35,0.65 0.152243
0.45,0.35,0.7 0.00101017
0.45,0.35,0.75 3.0716e-07
0.45,0.4,0.2 0.000511734
0.45,0.4,0.25 0.0613881
0.45,0.4,0.3 0.369842
0.45,0.4,0.35 26.8774
0.45,0.4,0.4 61.3086
0.45,0.4,0.45 49.9268
0.45,0.4,0.5 68.4903
0.45,0.4,0.55 25.0863
0.45,0.4,0.6 1.01037
0.45,0.4,0.65 0.0302845
0.45,0.4,0.7 0.00552692
0.45,0.4,0.75 7.38363e-06
0.45,0.45,0.2 8.83175e-06
0.45,0.45,0.25 0.0563662
0.45,0.45,0.3 12.7745
0.45,0.45,0.35 162.983
0.45,0.45,0.4 139.892
0.45,0.45,0.45 58.3327
0.45,0.45,0.5 78.2056
0.45,0.45,0.55 61.5438
0.45,0.45,0.6 6.41477
0.45,0.45,0.65 0.54271
0.45,0.45,0.7 0.0112552
0.45,0.45,0.75 7.5653e-06
0.45,0.5,0.25 0.188425
0.45,0.5,0.3 29.18
0.45,0.5,0.35 316.478
0.45,0.5,0.4 233.182
0.45,0.5,0.45 52.9754
0.45,0.5,0.5 85.5893
0.45,0.5,0.55 74.0055
0.45,0.5,0.6 14.0818
0.45,0.5,0.65 5.39505
0.45,0.5,0.7 0.0960127
0.45,0.5,0.75 3.435e-07
0.45,0.55,0.2 0.00154229
0.45,0.55,0.25 0.0771027
0.45,0.55,0.3 4.47847
0.45,0.55,0.35 45.0202
0.45,0.55,0.4 47.9789
0.45,0.55,0.45 21.9657
0.45,0.55,0.5 82.0085
0.45,0.55,0.55 52.6083
0.45,0.55,0.6 17.2892
0.45,0.55,0.65 10.7357
0.45,0.55,0.7 0.199922
0.45,0.6,0.2 0.127828
0.45,0.6,0.25 3.0676
0.45,0.6,0.3 3.14018
0.45,0.6,0.35 6.63233
0.45,0.6,0.4 44.2187
0.45,0.6,0.45 52.3043
0.45,0.6,0.5 30.718
0.45,0.6,0.55 7.68321
0.45,0.6,0.6 2.3368
0.45,0.6,0.65 1.45111
0.45,0.6,0.7 0.027025
0.45,0.65,0.2 0.221636
0.45,0.65,0.25 5.31877
0.45,0.65,0.3 5.44461
0.45,0.65,0.35 2.05925
0.45,0.65,0.4 19.9878
0.45,0.65,0.45 63.2687
0.45,0.65,0.5 28.7966
0.45,0.65,0.55 0.216211
0.45,0.65,0.6 1.84864e-05
0.45,0.65,0.65 1.23288e-06
0.45,0.7,0.2 0.0221041
0.45,0.7,0.25 0.530451
0.45,0.7,0.3 0.543001
0.45,0.7,0.35 0.249911
0.45,0.7,0.4 2.5094
0.45,0.7,0.45 6.47976
0.45,0.7,0.5 2.80092
0.45,0.7,0.55 0.0209411
0.5,0.15,0.4 0.0800972
0.5,0.15,0.45 0.564338
0.5,0.15,0.5 0.242517
0.5,0.15,0.55 0.000937567
0.5,0.2,0.25 0.00318092
0.5,0.2,0.3 0.0302833
0.5,0.2,0.35 0.0303683
0.5,0.2,0.4 2.58592
0.5,0.2,0.45 16.2427
0.5,0.2,0.5 6.83156
0.5,0.2,0.55 0.0267366
0.5,0.2,0.6 0.00414635
0.5,0.2,0.65 0.013495
0.5,0.2,0.7 0.0124453
0.5,0.2,0.75 0.000592398
0.5,0.25,0.25 4.24979
0.5,0.25,0.3 42.1046
0.5,0.25,0.35 46.7607
0.5,0.25,0.4 131.264
0.5,0.25,0.45 134.478
0.5,0.25,0.5 13.5458
0.5,0.25,0.55 6.96991
0.5,0.25,0.6 52.6381
0.5,0.25,0.65 24.2547
0.5,0.25,0.7 0.248878
0.5,0.25,0.75 0.00578876
0.5,0.3,0.15 0.017193
0.5,0.3,0.2 0.761157
0.5,0.3,0.25 18.7378
0.5,0.3,0.3 139.734
0.5,0.3,0.35 189.586
0.5,0.3,0.4 360.478
0.5,0.3,0.45 286.49
0.5,0.3,0.5 13.7312
0.5,0.3,0.55 26.2921
0.5,0.3,0.6 216.829
0.5,0.3,0.65 111.349
0.5,0.3,0.7 1.31972
0.5,0.3,0.75 0.00327187
0.5,0.35,0.15 0.235112
0.5,0.35,0.2 10.3298
0.5,0.35,0.25 76.3075
0.5,0.35,0.3 144.397
0.5,0.35,0.35 90.1833
0.5,0.35,0.4 129.034
0.5,0.35,0.45 99.618
0.5,0.35,0.5 76.0208
0.5,0.35,0.55 36.765
0.5,0.35,0.6 120.268
0.5,0.35,0.65 87.171
0.5,0.35,0.7 3.36967
0.5,0.35,0.75 0.00181826
0.5,0.4,0.15 0.170292
0.5,0.4,0.2 7.44611
0.5,0.4,0.25 49.2795
0.5,0.4,0.3 80.3308
0.5,0.4,0.35 202.106
0.5,0.4,0.4 443.412
0.5,0.4,0.45 376.956
0.5,0.4,0.5 563.029
0.5,0.4,0.55 254.702
0.5,0.4,0.6 39.5652
0.5,0.4,0.65 97.6128
0.5,0.4,0.7 31.4185
0.5,0.4,0.75 0.0428173
0.5,0.45,0.1 1.50846e-07
0.5,0.45,0.15 0.0051684
0.5,0.45,0.2 0.169726
0.5,0.45,0.25 2.24822
0.5,0.45,0.3 75.3338
0.5,0.45,0.35 448.748
0.5,0.45,0.4 476.414
0.5,0.45,0.45 477.753
0.5,0.45,0.5 567.968
0.5,0.45,0.55 402.255
0.5,0.45,0.6 162.801
0.5,0.45,0.65 152.232
0.5,0.45,0.7 32.6338
0.5,0.45,0.75 0.0444907
0.5,0.5,0.1 0.000262031
0.5,0.5,0.15 2.36873
0.5,0.5,0.2 8.31326
0.5,0.5,0.25 20.8394
0.5,0.5,0.3 225.109
0.5,0.5,0.35 499.965
0.5,0.5,0.4 256.147
0.5,0.5,0.45 404.186
0.5,0.5,0.5 528.968
0.5,0.5,0.55 424.539
0.5,0.5,0.6 314.405
0.5,0.5,0.65 165.828
0.5,0.5,0.7 4.8345
0.5,0.5,0.75 0.00539319
0.5,0.55,0.1 0.000800206
0.5,0.55,0.15 7.23375
0.5,0.55,0.2 25.3607
0.5,0.55,0.25 45.2981
0.5,0.55,0.3 108.253
0.5,0.55,0.35 107.298
0.5,0.55,0.4 212.826
0.5,0.55,0.45 287.726
0.5,0.55,0.5 590.694
0.5,0.55,0.55 375.234
0.5,0.55,0.6 402.129
0.5,0.55,0.65 206.532
0.5,0.55,0.7 6.37223
0.5,0.55,0.75 0.0011605
0.5,0.6,0.1 0.000152217
0.5,0.6,0.15 1.37602
0.5,0.6,0.2 8.9486
0.5,0.6,0.25 106.571
0.5,0.6,0.3 112.558
0.5,0.6,0.35 75.7404
0.5,0.6,0.4 485.785
0.5,0.6,0.45 455.044
0.5,0.6,0.5 243.155
0.5,0.6,0.55 73.4943
0.5,0.6,0.6 75.179
0.5,0.6,0.65 31.1977
0.5,0.6,0.7 1.26471
0.5,0.6,0.75 9.91226e-07
0.5,0.65,0.2 7.1903
0.5,0.65,0.25 172.551
0.5,0.65,0.3 176.634
0.5,0.65,0.35 47.207
0.5,0.65,0.4 348.181
0.5,0.65,0.45 485.171
0.5,0.65,0.5 176.19
0.5,0.65,0.55 22.4318
0.5,0.65,0.6 13.0316
0.5,0.65,0.65 0.233327
0.5,0.65,0.7 6.6463e-05
0.5,0.7,0.2 0.717103
0.5,0.7,0.25 17.2089
0.5,0.7,0.3 17.616
0.5,0.7,0.35 7.79516
0.5,0.7,0.4 71.0259
0.5,0.7,0.45 86.862
0.5,0.7,0.5 31.9502
0.5,0.7,0.55 82.3296
0.5,0.7,0.6 53.5052
0.5,0.7,0.65 0.953798
0.5,0.75,0.35 0.00942468
0.5,0.75,0.4 3.91392
0.5,0.75,0.45 9.98076
0.5,0.75,0.5 3.45804
0.5,0.75,0.55 20.8205
0.5,0.75,0.6 13.7441
0.5,0.75,0.65 0.245006
0.5,0.8,0.35 2.26498e-05
0.5,0.8,0.4 0.00940609
0.5,0.8,0.45 0.0238912
0.5,0.8,0.5 0.00373806
0.5,0.8,0.55 1.49464e-05
0.5,0.8,0.6 9.89e-06
0.5,0.8,0.65 1.76302e-07
0.55,0.1,0.3 6.77282e-06
0.55,0.1,0.35 0.000837436
0.55,0.1,0.4 0.00163616
0.55,0.1,0.45 0.000189349
0.55,0.1,0.55 0.0011631
0.55,0.1,0.6 0.00656769
0.55,0.1,0.65 0.00230298
0.55,0.1,0.7 2.48286e-06
0.55,0.15,0.2 8.65304e-06
0.55,0.15,0.25 0.00119439
0.55,0.15,0.3 0.0254169
0.55,0.15,0.35 0.302703
0.55,0.15,0.4 1.46353
0.55,0.15,0.45 7.96896
0.55,0.15,0.5 3.41161
0.55,0.15,0.55 1.14551
0.55,0.15,0.6 6.3939
0.55,0.15,0.65 2.24204
0.55,0.15,0.7 0.00241716
0.55,0.2,0.15 2.19289e-05
0.55,0.2,0.2 0.000608836
0.55,0.2,0.25 0.0501775
0.55,0.2,0.3 1.95821
0.55,0.2,0.35 14.2447
0.55,0.2,0.4 39.7775
0.55,0.2,0.45 225.419
0.55,0.2,0.5 96.0346
0.55,0.2,0.55 3.79255
0.55,0.2,0.6 21.1204
0.55,0.2,0.65 17.5657
0.55,0.2,0.7 9.9255
0.55,0.2,0.75 0.470565
0.55,0.25,0.15 0.0180905
0.55,0.25,0.2 0.262023
0.55,0.25,0.25 13.2208
0.55,0.25,0.3 135.535
0.55,0.25,0.35 183.825
0.55,0.25,0.4 215.802
0.55,0.25,0.45 474.441
0.55,0.25,0.5 140.161
0.55,0.25,0.55 16.874
0.55,0.25,0.6 141.808
0.55,0.25,0.65 163.465
0.55,0.25,0.7 97.3213
0.55,0.25,0.75 4.59826
0.55,0.3,0.15 0.34008
0.55,0.3,0.2 12.9564
0.55,0.3,0.25 71.3282
0.55,0.3,0.3 464.851
0.55,0.3,0.35 691.594
0.55,0.3,0.4 511.553
0.55,0.3,0.45 419.053
0.55,0.3,0.5 62.2986
0.55,0.3,0.55 60.2004
0.55,0.3,0.6 563.83
0.55,0.3,0.65 397.781
0.55,0.3,0.7 75.3095
0.55,0.3,0.75 2.9825
0.55,0.35,0.15 3.95974
0.55,0.35,0.2 167.098
0.55,0.35,0.25 425.118
0.55,0.35,0.3 488.383
0.55,0.35,0.35 266.883
0.55,0.35,0.4 172.375
0.55,0.35,0.45 194.329
0.55,0.35,0.5 98.1949
0.55,0.35,0.55 51.6338
0.55,0.35,0.6 489.681
0.55,0.35,0.65 449.955
0.55,0.35,0.7 69.6066
0.55,0.35,0.75 1.40763
0.55,0.4,0.1 0.128982
0.55,0.4,0.15 4.89924
0.55,0.4,0.2 122.566
0.55,0.4,0.25 297.926
0.55,0.4,0.3 268.171
0.55,0.4,0.35 158.426
0.55,0.4,0.4 497.986
0.55,0.4,0.45 627.306
0.55,0.4,0.5 458.264
0.55,0.4,0.55 156.521
0.55,0.4,0.6 119.493
0.55,0.4,0.65 354.323
0.55,0.4,0.7 117.975
0.55,0.4,0.75 0.450394
0.55,0.45,0.1 3.07269
0.55,0.45,0.15 48.6474
0.55,0.45,0.2 41.5755
0.55,0.45,0.25 18.9869
0.55,0.45,0.3 97.7227
0.55,0.45,0.35 403.547
0.55,0.45,0.4 804.436
0.55,0.45,0.45 719.034
0.55,0.45,0.5 405.702
0.55,0.45,0.55 289.483
0.55,0.45,0.6 382.882
0.55,0.45,0.65 462.958
0.55,0.45,0.7 125.201
0.55,0.45,0.75 0.381879
0.55,0.5,0.1 3.1364
0.55,0.5,0.15 81.8824
0.55,0.5,0.2 161.759
0.55,0.5,0.25 152.291
0.55,0.5,0.3 376.163
0.55,0.5,0.35 390.782
0.55,0.5,0.4 355.789
0.55,0.5,0.45 564.181
0.55,0.5,0.5 362.351
0.55,0.5,0.55 460.806
0.55,0.5,0.6 732.097
0.55,0.5,0.65 505.813
0.55,0.5,0.7 108.885
0.55,0.5,0.75 1.04346
0.55,0.55,0.1 0.151973
0.55,0.55,0.15 101.275
0.55,0.55,0.2 371.252
0.55,0.55,0.25 352.941
0.55,0.55,0.3 415.751
0.55,0.55,0.35 129.179
0.55,0.55,0.4 421.926
0.55,0.55,0.45 550.481
0.55,0.55,0.5 434.483
0.55,0.55,0.55 425.943
0.55,0.55,0.6 723.061
0.55,0.55,0.65 551.419
0.55,0.55,0.7 86.3661
0.55,0.55,0.75 0.299396
0.55,0.6,0.1 0.00273097
0.55,0.6,0.15 22.8582
0.55,0.6,0.2 88.0528
0.55,0.6,0.25 183.744
0.55,0.6,0.3 189.644
0.55,0.6,0.35 97.3287
0.55,0.6,0.4 714.373
0.55,0.6,0.45 524.324
0.55,0.6,0.5 177.257
0.55,0.6,0.55 109.42
0.55,0.6,0.6 172.708
0.55,0.6,0.65 117.292
0.55,0.6,0.7 15.8051
0.55,0.6,0.75 0.000172344
0.55,0.65,0.1 0.000593422
0.55,0.65,0.15 3.69373
0.55,0.65,0.2 21.0674
0.55,0.65,0.25 224.414
0.55,0.65,0.3 257.878
0.55,0.65,0.35 80.4457
0.55,0.65,0.4 562.452
0.55,0.65,0.45 484.743
0.55,0.65,0.5 276.921
0.55,0.65,0.55 150.181
0.55,0.65,0.6 69.6038
0.55,0.65,0.65 15.4572
0.55,0.65,0.7 3.55913
0.55,0.65,0.75 0.000735744
0.55,0.7,0.1 2.1647e-05
0.55,0.7,0.15 0.134741
0.55,0.7,0.2 1.31385
0.55,0.7,0.25 26.4693
0.55,0.7,0.3 38.9957
0.55,0.7,0.35 14.7126
0.55,0.7,0.4 213.947
0.55,0.7,0.45 421.308
0.55,0.7,0.5 267.503
0.55,0.7,0.55 409.574
0.55,0.7,0.6 254.186
0.55,0.7,0.65 64.7373
0.55,0.7,0.7 17.6806
0.55,0.7,0.75 0.00365832
0.55,0.75,0.2 0.00308113
0.55,0.75,0.25 0.206893
0.55,0.75,0.3 4.02767
0.55,0.75,0.35 4.03641
0.55,0.75,0.4 54.7177
0.55,0.75,0.45 146.324
0.55,0.75,0.5 38.5456
0.55,0.75,0.55 93.3089
0.55,0.75,0.6 64.5545
0.55,0.75,0.65 19.3517
0.55,0.75,0.7 5.48461
0.55,0.75,0.75 0.00113487
0.55,0.8,0.2 0.0169041
0.55,0.8,0.25 0.292797
0.55,0.8,0.3 4.66846
0.55,0.8,0.35 4.55139
0.55,0.8,0.4 6.85183
0.55,0.8,0.45 27.5893
0.55,0.8,0.5 7.16117
0.55,0.8,0.55 0.00341743
0.55,0.8,0.6 0.0133195
0.55,0.8,0.65 0.00833755
0.55,0.8,0.7 0.00168386
0.55,0.8,0.75 3.48422e-07
0.55,0.85,0.2 0.00577893
0.55,0.85,0.25 0.0403841
0.55,0.85,0.3 0.270592
0.55,0.85,0.35 0.256606
0.55,0.85,0.4 0.645808
0.55,0.85,0.45 2.64928
0.55,0.85,0.5 0.690755
0.55,0.85,0.55 1.82387e-06
0.55,0.9,0.2 5.02259e-06
0.55,0.9,0.25 2.48488e-05
0.55,0.9,0.3 7.67076e-06
0.55,0.9,0.35 2.20683e-09
0.6,0.1,0.3 0.00184601
0.6,0.1,0.35 0.228252
0.6,0.1,0.4 0.445952
0.6,0.1,0.45 0.0516092
0.6,0.1,0.55 0.0198911
0.6,0.1,0.6 0.112319
0.6,0.1,0.65 0.0393852
0.6,0.1,0.7 4.24614e-05
0.6,0.15,0.2 0.00906308
0.6,0.15,0.25 1.25099
0.6,0.15,0.3 3.07745
0.6,0.15,0.35 38.1942
0.6,0.15,0.4 71.7348
0.6,0.15,0.45 14.1408
0.6,0.15,0.5 5.42379
0.6,0.15,0.55 21.7146
0.6,0.15,0.6 109.414
0.6,0.15,0.65 38.343
0.6,0.15,0.7 0.0413378
0.6,0.15,0.75 5.71418e-09
0.6,0.15,0.8 2.85571e-16
0.6,0.2,0.15 0.00427829
0.6,0.2,0.2 0.367351
0.6,0.2,0.25 42.2125
0.6,0.2,0.3 107.451
0.6,0.2,0.35 256.128
0.6,0.2,0.4 250.283
0.6,0.2,0.45 187.872
0.6,0.2,0.5 133.939
0.6,0.2,0.55 109.232
0.6,0.2,0.6 342.792
0.6,0.2,0.65 153.04
0.6,0.2,0.7 28.0792
0.6,0.2,0.75 1.31593
0.6,0.2,0.8 1.41207e-12
0.6,0.25,0.15 3.5299
0.6,0.25,0.2 51.5711
0.6,0.25,0.25 92.7803
0.6,0.25,0.3 186.382
0.6,0.25,0.35 465.837
0.6,0.25,0.4 340.66
0.6,0.25,0.45 425.558
0.6,0.25,0.5 212.778
0.6,0.25,0.55 88.792
0.6,0.25,0.6 388.268
0.6,0.25,0.65 490.03
0.6,0.25,0.7 274.496
0.6,0.25,0.75 12.8666
0.6,0.25,0.8 4.68834e-12
0.6,0.3,0.15 10.8316
0.6,0.3,0.2 175.834
0.6,0.3,0.25 177.988
0.6,0.3,0.3 356.441
0.6,0.3,0.35 796.666
0.6,0.3,0.4 563.424
0.6,0.3,0.45 550.637
0.6,0.3,0.5 186.552
0.6,0.3,0.55 45.8154
0.6,0.3,0.6 506.706
0.6,0.3,0.65 583.614
0.6,0.3,0.7 236.724
0.6,0.3,0.75 9.76913
0.6,0.3,0.8 9.71751e-13
0.6,0.35,0.05 0.00738276
0.6,0.35,0.1 0.306777
0.6,0.35,0.15 8.4787
0.6,0.35,0.2 259.17
0.6,0.35,0.25 554.581
0.6,0.35,0.3 636.239
0.6,0.35,0.35 424.291
0.6,0.35,0.4 303.822
0.6,0.35,0.45 535.161
0.6,0.35,0.5 134.619
0.6,0.35,0.55 54.4267
0.6,0.35,0.6 537.445
