0.65,0.4,0.15 132.17
0.65,0.4,0.2 53.3571
0.65,0.4,0.25 7.00144
0.65,0.4,0.3 1.0067
0.65,0.4,0.35 0.337512
0.65,0.4,0.4 0.000245392
0.65,0.45,0 2.30998e-10
0.65,0.45,0.05 156.054
0.65,0.45,0.1 625.024
0.65,0.45,0.15 275.598
0.65,0.45,0.2 308.333
0.65,0.45,0.25 50.234
0.65,0.5,0 2.5443e-10
0.65,0.5,0.05 93.535
0.65,0.5,0.1 375.537
0.65,0.5,0.15 341.4
0.65,0.5,0.2 669.101
0.65,0.5,0.25 120.95
0.65,0.5,0.3 0.551467
0.65,0.55,0 5.51076e-11
0.65,0.55,0.05 44.6297
0.65,0.55,0.1 186.634
0.65,0.55,0.15 295.667
0.65,0.55,0.2 621.638
0.65,0.55,0.25 176.299
0.65,0.55,0.3 5.15411
0.65,0.6,0 4.93358e-11
0.65,0.6,0.05 49.5683
0.65,0.6,0.1 221.438
0.65,0.6,0.15 381.21
0.65,0.6,0.2 617.02
0.65,0.6,0.25 176.927
0.65,0.6,0.3 3.27926
0.65,0.65,0 1.44239e-10
0.65,0.65,0.05 89.6397
0.65,0.65,0.1 433.613
0.65,0.65,0.15 415.358
0.65,0.65,0.2 310.806
0.65,0.65,0.25 80.4304
0.65,0.65,0.3 0.49084
0.65,0.7,0 4.39244e-11
0.65,0.7,0.05 38.4947
0.65,0.7,0.1 378.795
0.65,0.7,0.15 537.256
0.65,0.7,0.2 137.622
0.65,0.7,0.25 8.39908
0.65,0.7,0.3 0.0181013
0.65,0.75,0 3.29656e-10
0.65,0.75,0.05 36.3928
0.65,0.75,0.1 389.174
0.65,0.75,0.15 376.284
0.65,0.75,0.2 27.3185
0.65,0.75,0.25 0.2627
0.65,0.8,0 7.41904e-10
0.65,0.8,0.05 78.4876
0.65,0.8,0.1 450.789
0.65,0.8,0.15 255.273
0.65,0.8,0.2 10.115
0.65,0.8,0.25 1.67745e-08
0.65,0.85,0 1.7205e-10
0.65,0.85,0.05 77.9949
0.65,0.85,0.1 314.917
0.65,0.85,0.15 81.8744
0.65,0.85,0.2 0.2252
0.65,0.9,0 1.99767e-11
0.65,0.9,0.05 18.789
0.65,0.9,0.1 75.1345
0.65,0.9,0.15 18.7783
0.65,0.95,0 1.57188e-16
0.65,0.95,0.05 0.000184117
0.65,0.95,0.1 0.000736258
0.65,0.95,0.15 0.000184012
0.7,0.1,0 -7.72849e-19
0.7,0.1,0.05 0.000580121
0.7,0.1,0.1 0.518136
0.7,0.1,0.15 5.30262
0.7,0.1,0.2 3.11747
0.7,0.1,0.25 0.0398895
0.7,0.15,0 -1.92792e-14
0.7,0.15,0.05 25.3641
0.7,0.15,0.1 108.585
0.7,0.15,0.15 98.7252
0.7,0.15,0.2 46.5151
0.7,0.15,0.25 6.24306
0.7,0.15,0.3 0.541028
0.7,0.2,0 6.29673e-13
0.7,0.2,0.05 117.236
0.7,0.2,0.1 474.609
0.7,0.2,0.15 171.708
0.7,0.2,0.2 76.3996
0.7,0.2,0.25 75.4197
0.7,0.2,0.3 7.13057
0.7,0.25,0 1.95568e-12
0.7,0.25,0.05 129.383
0.7,0.25,0.1 530.899
0.7,0.25,0.15 163.883
0.7,0.25,0.2 101.096
0.7,0.25,0.25 68.0506
0.7,0.25,0.3 7.91457
0.7,0.25,0.35 0.96574
0.7,0.25,0.4 0.000702151
0.7,0.3,0 7.44983e-12
0.7,0.3,0.05 34.0198
0.7,0.3,0.1 159.418
0.7,0.3,0.15 162.956
0.7,0.3,0.2 234.144
0.7,0.3,0.25 51.652
0.7,0.3,0.3 23.4021
0.7,0.3,0.35 7.81051
0.7,0.3,0.4 0.00567871
0.7,0.35,0 4.47777e-11
0.7,0.35,0.05 47.9238
0.7,0.35,0.1 201.318
0.7,0.35,0.15 121.247
0.7,0.35,0.2 69.2349
0.7,0.35,0.25 11.4454
0.7,0.35,0.3 11.2823
0.7,0.35,0.35 3.7826
0.7,0.35,0.4 0.00275018
0.7,0.4,0 2.67248e-11
0.7,0.4,0.05 149.381
0.7,0.4,0.1 608.982
0.7,0.4,0.15 219.256
0.7,0.4,0.2 40.972
0.7,0.4,0.25 0.648023
0.7,0.4,0.3 0.0739386
0.7,0.4,0.35 0.0247892
0.7,0.4,0.4 1.80232e-05
0.7,0.45,0 3.89772e-11
0.7,0.45,0.05 125.613
0.7,0.45,0.1 561.86
0.7,0.45,0.15 198.166
0.7,0.45,0.2 66.968
0.7,0.45,0.25 10.2246
0.7,0.5,0 3.80149e-11
0.7,0.5,0.05 132.619
0.7,0.5,0.1 616.546
0.7,0.5,0.15 337.661
0.7,0.5,0.2 319.611
0.7,0.5,0.25 48.6395
0.7,0.5,0.3 0.000314998
0.7,0.55,0 4.62389e-11
0.7,0.55,0.05 104.31
0.7,0.55,0.1 505.645
0.7,0.55,0.15 419.415
0.7,0.55,0.2 534.034
0.7,0.55,0.25 72.2381
0.7,0.55,0.3 0.00328616
0.7,0.6,0 7.00066e-11
0.7,0.6,0.05 86.5569
0.7,0.6,0.1 357.569
0.7,0.6,0.15 309.564
0.7,0.6,0.2 455.966
0.7,0.6,0.25 59.7546
0.7,0.6,0.3 0.00898071
0.7,0.65,0 1.46026e-10
0.7,0.65,0.05 78.0782
0.7,0.65,0.1 348.374
0.7,0.65,0.15 187.778
0.7,0.65,0.2 51.0907
0.7,0.65,0.25 4.94524
0.7,0.65,0.3 0.00698909
0.7,0.7,0 4.2527e-11
0.7,0.7,0.05 23.4744
0.7,0.7,0.1 252.797
0.7,0.7,0.15 459.663
0.7,0.7,0.2 89.3238
0.7,0.7,0.25 0.0461246
0.7,0.7,0.3 0.000272609
0.7,0.75,0 6.10148e-12
0.7,0.75,0.05 3.98731
0.7,0.75,0.1 142.118
0.7,0.75,0.15 237.519
0.7,0.75,0.2 33.5321
0.7,0.75,0.25 0.00138421
0.7,0.8,0 2.01839e-09
0.7,0.8,0.05 13.6326
0.7,0.8,0.1 115.867
0.7,0.8,0.15 93.0482
0.7,0.8,0.2 4.56205
0.7,0.8,0.25 7.16495e-07
0.7,0.85,0 8.01202e-09
0.7,0.85,0.05 41.3326
0.7,0.85,0.1 166.42
0.7,0.85,0.15 42.9626
0.7,0.85,0.2 0.101349
0.7,0.9,0 2.00013e-09
0.7,0.9,0.05 10.3149
0.7,0.9,0.1 41.1903
0.7,0.9,0.15 10.2803
0.7,0.95,0 5.43256e-18
0.7,0.95,0.05 6.36324e-06
0.7,0.95,0.1 2.54457e-05
0.7,0.95,0.15 6.35962e-06
0.75,0.1,0 -4.45664e-19
0.75,0.1,0.05 0.000334528
0.75,0.1,0.1 0.00133806
0.75,0.1,0.15 0.000334504
0.75,0.15,0 -1.9462e-14
0.75,0.15,0.05 14.6087
0.75,0.15,0.1 58.4327
0.75,0.15,0.15 14.6076
0.75,0.2,0 1.73027e-14
0.75,0.2,0.05 59.5817
0.75,0.2,0.1 238.317
0.75,0.2,0.15 59.5771
0.75,0.2,0.2 0.000301516
0.75,0.2,0.25 6.56251e-05
0.75,0.25,0 3.77631e-13
0.75,0.25,0.05 39.1441
0.75,0.25,0.1 156.567
0.75,0.25,0.15 39.3721
0.75,0.25,0.2 0.81113
0.75,0.25,0.25 0.176543
0.75,0.3,0 1.09435e-13
0.75,0.3,0.05 7.62496
0.75,0.3,0.1 30.5037
0.75,0.3,0.15 8.4089
0.75,0.3,0.2 2.60302
0.75,0.3,0.25 0.560951
0.75,0.35,0 4.92783e-18
0.75,0.35,0.05 51.8152
0.75,0.35,0.1 218.142
0.75,0.35,0.15 165.129
0.75,0.35,0.2 69.806
0.75,0.35,0.25 1.11621
0.75,0.4,0 2.52605e-15
0.75,0.4,0.05 153.402
0.75,0.4,0.1 655.79
0.75,0.4,0.15 515.549
0.75,0.4,0.2 218.819
0.75,0.4,0.25 3.17399
0.75,0.45,0 1.2638e-12
0.75,0.45,0.05 86.1978
0.75,0.45,0.1 461.993
0.75,0.45,0.15 271.32
0.75,0.45,0.2 63.2907
0.75,0.45,0.25 0.711155
0.75,0.5,0 4.0539e-12
0.75,0.5,0.05 65.13
0.75,0.5,0.1 480.079
0.75,0.5,0.15 516.062
0.75,0.5,0.2 134.107
0.75,0.5,0.25 1.42906
0.75,0.55,0 7.17945e-12
0.75,0.55,0.05 55.7825
0.75,0.55,0.1 437.106
0.75,0.55,0.15 391.48
0.75,0.55,0.2 164.326
0.75,0.55,0.25 13.4047
0.75,0.6,0 7.79403e-12
0.75,0.6,0.05 33.2664
0.75,0.6,0.1 156.055
0.75,0.6,0.15 126.472
0.75,0.6,0.2 147.484
0.75,0.6,0.25 16.9729
0.75,0.65,0 6.75071e-12
0.75,0.65,0.05 14.9583
0.75,0.65,0.1 74.4631
0.75,0.65,0.15 85.6989
0.75,0.65,0.2 28.8352
0.75,0.65,0.25 1.20411
0.75,0.7,0 1.87689e-12
0.75,0.7,0.05 1.48908
0.75,0.7,0.1 81.5999
0.75,0.7,0.15 341.108
0.75,0.7,0.2 95.6576
0.75,0.7,0.25 0.00577903
0.75,0.75,0 2.65199e-11
0.75,0.75,0.05 0.132429
0.75,0.75,0.1 25.3755
0.75,0.75,0.15 110.609
0.75,0.75,0.2 31.0258
0.75,0.75,0.25 0.00187344
0.75,0.8,0 6.47176e-09
0.75,0.8,0.05 30.6563
0.75,0.8,0.1 122.714
0.75,0.8,0.15 30.9852
0.75,0.8,0.2 0.0378895
0.75,0.8,0.25 9.69816e-07
0.75,0.85,0 2.26947e-08
0.75,0.85,0.05 108.816
0.75,0.85,0.1 434.498
0.75,0.85,0.15 108.438
0.75,0.85,0.2 0.000487
0.75,0.9,0 5.3693e-09
0.75,0.9,0.05 25.8896
0.75,0.9,0.1 103.375
0.75,0.9,0.15 25.7978
0.8,0.05,0 1.96048e-11
0.8,0.05,0.05 1.15495
0.8,0.05,0.1 4.61623
0.8,0.05,0.15 1.15317
0.8,0.1,0 2.31151e-10
0.8,0.1,0.05 13.6174
0.8,0.1,0.1 54.4276
0.8,0.1,0.15 13.5964
0.8,0.15,0 1.50684e-10
0.8,0.15,0.05 9.05319
0.8,0.15,0.1 36.1854
0.8,0.15,0.15 9.0395
0.8,0.2,0 2.58135e-12
0.8,0.2,0.05 0.797693
0.8,0.2,0.1 3.19021
0.8,0.2,0.15 0.797412
0.8,0.25,0 -1.96471e-16
0.8,0.25,0.05 0.147869
0.8,0.25,0.1 0.591457
0.8,0.25,0.15 0.147859
0.8,0.3,0 1.33341e-19
0.8,0.3,0.05 0.020979
0.8,0.3,0.1 0.0855524
0.8,0.3,0.15 0.0362186
0.8,0.3,0.2 0.00927661
0.8,0.3,0.25 0.000134567
0.8,0.35,0 1.01179e-15
0.8,0.35,0.05 5.79976
0.8,0.35,0.1 26.7605
0.8,0.35,0.15 43.8589
0.8,0.35,0.2 23.3365
0.8,0.35,0.25 0.33852
0.8,0.4,0 3.99204e-14
0.8,0.4,0.05 19.7855
0.8,0.4,0.1 91.1735
0.8,0.4,0.15 140.444
0.8,0.4,0.2 73.6872
0.8,0.4,0.25 1.06889
0.8,0.45,0 1.20322e-12
0.8,0.45,0.05 13.8127
0.8,0.45,0.1 73.9147
0.8,0.45,0.15 80.3497
0.8,0.45,0.2 28.255
0.8,0.45,0.25 0.23539
0.8,0.5,0 2.43591e-12
0.8,0.5,0.05 9.80253
0.8,0.5,0.1 97.2814
0.8,0.5,0.15 254.516
0.8,0.5,0.2 86.7898
0.8,0.5,0.25 0.15949
0.8,0.55,0 1.07162e-11
0.8,0.55,0.05 78.6122
0.8,0.55,0.1 355.402
0.8,0.55,0.15 188.92
0.8,0.55,0.2 34.7629
0.8,0.55,0.25 0.152811
0.8,0.6,0 1.13014e-11
0.8,0.6,0.05 141.869
0.8,0.6,0.1 570.507
0.8,0.6,0.15 144.97
0.8,0.6,0.2 1.18726
0.8,0.6,0.25 0.124227
0.8,0.65,0 1.41127e-12
0.8,0.65,0.05 76.9534
0.8,0.65,0.1 308.813
0.8,0.65,0.15 81.5972
0.8,0.65,0.2 1.38078
0.8,0.65,0.25 0.00890482
0.8,0.7,0 2.27173e-13
0.8,0.7,0.05 4.71673
0.8,0.7,0.1 24.1747
0.8,0.7,0.15 28.7265
0.8,0.7,0.2 6.78398
0.8,0.7,0.25 0.00041056
0.8,0.75,0 2.78316e-10
0.8,0.75,0.05 1.40664
0.8,0.75,0.1 7.33876
0.8,0.75,0.15 9.18586
0.8,0.75,0.2 2.19922
0.8,0.75,0.25 0.000133095
0.8,0.8,0 1.35993e-08
0.8,0.8,0.05 59.6748
0.8,0.8,0.1 238.268
0.8,0.8,0.15 59.4715
0.8,0.8,0.2 0.00304877
0.8,0.8,0.25 6.88987e-08
0.8,0.85,0 2.1173e-08
0.8,0.85,0.05 93.7069
0.8,0.85,0.1 374.2
0.8,0.85,0.15 93.5328
0.8,0.85,0.2 0.0311186
0.8,0.9,0 2.16719e-09
0.8,0.9,0.05 9.819
0.8,0.9,0.1 39.2502
0.8,0.9,0.15 9.91939
0.8,0.9,0.2 0.0253215
0.8,0.95,0.05 9.27773e-07
0.8,0.95,0.1 0.00131897
0.8,0.95,0.15 0.00394775
0.8,0.95,0.2 0.000735431
0.85,0.05,0 1.24806e-10
0.85,0.05,0.05 7.35247
0.85,0.05,0.1 29.3872
0.85,0.05,0.15 7.34114
0.85,0.1,0 1.47152e-09
0.85,0.1,0.05 86.6892
0.85,0.1,0.1 346.489
0.85,0.1,0.15 86.5556
0.85,0.15,0 9.59267e-10
0.85,0.15,0.05 56.5117
0.85,0.15,0.1 225.873
0.85,0.15,0.15 56.4246
0.85,0.2,0 1.64385e-11
0.85,0.2,0.05 0.968414
0.85,0.2,0.1 3.87067
0.85,0.2,0.15 0.966922
0.85,0.3,0.1 1.0543e-06
0.85,0.3,0.15 1.1461e-05
0.85,0.3,0.2 7.03332e-06
0.85,0.3,0.25 1.02026e-07
0.85,0.35,0 1.08841e-14
0.85,0.35,0.05 2.72329
0.85,0.35,0.1 10.8954
0.85,0.35,0.15 2.75194
0.85,0.35,0.2 0.0176932
0.85,0.35,0.25 0.000256658
0.85,0.4,0 1.87242e-12
0.85,0.4,0.05 65.4222
0.85,0.4,0.1 261.688
0.85,0.4,0.15 65.5086
0.85,0.4,0.2 0.0558669
0.85,0.4,0.25 0.000810407
0.85,0.45,0 1.20937e-10
0.85,0.45,0.05 93.3546
0.85,0.45,0.1 373.48
0.85,0.45,0.15 94.0853
0.85,0.45,0.2 0.291013
0.85,0.45,0.25 0.00066821
0.85,0.5,0 2.02494e-10
0.85,0.5,0.05 49.5163
0.85,0.5,0.1 198.745
0.85,0.5,0.15 54.1646
0.85,0.5,0.2 1.76686
0.85,0.5,0.25 0.00320953
0.85,0.55,0 2.40627e-11
0.85,0.55,0.05 37.5301
0.85,0.55,0.1 150.391
0.85,0.55,0.15 39.3412
0.85,0.55,0.2 0.687278
0.85,0.55,0.25 0.00124845
0.85,0.6,0 5.08382e-12
0.85,0.6,0.05 61.1607
0.85,0.6,0.1 244.615
0.85,0.6,0.15 61.1507
0.85,0.6,0.2 0.00153869
0.85,0.6,0.25 2.79506e-06
0.85,0.65,0 4.21913e-12
0.85,0.65,0.05 57.2637
0.85,0.65,0.1 229.03
0.85,0.65,0.15 57.2512
0.85,0.7,0 8.47068e-12
0.85,0.7,0.05 60.7193
0.85,0.7,0.1 242.84
0.85,0.7,0.15 60.7005
0.85,0.75,0 1.79695e-10
0.85,0.75,0.05 10.525
0.85,0.75,0.1 42.0858
0.85,0.75,0.15 10.5179
0.85,0.8,0 7.95205e-09
0.85,0.8,0.05 72.575
0.85,0.8,0.1 292.327
0.85,0.8,0.15 79.5083
0.85,0.8,0.2 1.32353
0.85,0.85,0 1.09868e-08
0.85,0.85,0.05 89.5929
0.85,0.85,0.1 396.485
0.85,0.85,0.15 205.077
0.85,0.85,0.2 21.5601
0.85,0.9,0 8.06315e-10
0.85,0.9,0.05 5.67041
0.85,0.9,0.1 54.0265
0.85,0.9,0.15 99.8064
0.85,0.9,0.2 17.5437
0.85,0.95,0.05 0.000642795
0.85,0.95,0.1 0.913828
0.85,0.95,0.15 2.73514
0.85,0.95,0.2 0.509533
0.9,0.05,0 4.89436e-11
0.9,0.05,0.05 2.88334
0.9,0.05,0.1 11.5245
0.9,0.05,0.15 2.87889
0.9,0.1,0 5.77069e-10
0.9,0.1,0.05 33.9959
0.9,0.1,0.1 135.879
0.9,0.1,0.15 33.9435
0.9,0.15,0 3.76185e-10
0.9,0.15,0.05 22.1616
0.9,0.15,0.1 88.578
0.9,0.15,0.15 22.1274
0.9,0.2,0 6.4465e-12
0.9,0.2,0.05 0.379772
0.9,0.2,0.1 1.51792
0.9,0.2,0.15 0.379187
0.9,0.35,0 6.62637e-15
0.9,0.35,0.05 1.65797
0.9,0.35,0.1 6.63167
0.9,0.35,0.15 1.65786
0.9,0.4,0 3.1434e-12
0.9,0.4,0.05 40.2767
0.9,0.4,0.1 161.1
0.9,0.4,0.15 40.2735
0.9,0.45,0 2.23566e-10
0.9,0.45,0.05 90.2775
0.9,0.45,0.1 361.006
0.9,0.45,0.15 90.2255
0.9,0.5,0 3.74489e-10
0.9,0.5,0.05 85.3563
0.9,0.5,0.1 341.26
0.9,0.5,0.15 85.2735
0.9,0.55,0 3.57745e-11
0.9,0.55,0.05 8.13383
0.9,0.55,0.1 32.5195
0.9,0.55,0.15 8.1259
0.9,0.6,0 4.42352e-14
0.9,0.6,0.05 0.388269
0.9,0.6,0.1 1.55287
0.9,0.6,0.15 0.388163
0.9,0.65,0 5.07409e-12
0.9,0.65,0.05 35.6868
0.9,0.65,0.1 142.725
0.9,0.65,0.15 35.6756
0.9,0.7,0 1.17393e-11
0.9,0.7,0.05 82.3675
0.9,0.7,0.1 329.418
0.9,0.7,0.15 82.3416
0.9,0.75,0 2.30819e-11
0.9,0.75,0.05 13.8493
0.9,0.75,0.1 55.3843
0.9,0.75,0.15 13.8429
0.9,0.8,0 6.31785e-10
0.9,0.8,0.05 61.7178
0.9,0.8,0.1 253.216
0.9,0.8,0.15 81.1436
0.9,0.8,0.2 3.63406
0.9,0.85,0 7.26178e-10
0.9,0.85,0.05 68.2305
0.9,0.85,0.1 378.622
0.9,0.85,0.15 385.843
0.9,0.85,0.2 59.1982
0.9,0.9,0 4.0616e-11
0.9,0.9,0.05 3.58428
0.9,0.9,0.1 100.477
0.9,0.9,0.15 262.094
0.9,0.9,0.2 48.1702
0.9,0.95,0.05 0.00176494
0.9,0.95,0.1 2.50913
0.9,0.95,0.15 7.50997
0.9,0.95,0.2 1.39904
0.95,0.05,0 1.15116e-13
0.95,0.05,0.05 0.00678165
0.95,0.05,0.1 0.0271057
0.95,0.05,0.15 0.0067712
0.95,0.1,0 1.35728e-12
0.95,0.1,0.05 0.079959
0.95,0.1,0.1 0.319589
0.95,0.1,0.15 0.0798357
0.95,0.15,0 8.84793e-13
0.95,0.15,0.05 0.0521244
0.95,0.15,0.1 0.208337
0.95,0.15,0.15 0.052044
0.95,0.2,0 1.51623e-14
0.95,0.2,0.05 0.000893231
0.95,0.2,0.1 0.00357017
0.95,0.2,0.15 0.000891854
0.95,0.35,0 9.39524e-17
0.95,0.35,0.05 0.0235076
0.95,0.35,0.1 0.0940275
0.95,0.35,0.15 0.0235061
0.95,0.4,0 3.25626e-13
0.95,0.4,0.05 0.633752
0.95,0.4,0.1 2.53479
0.95,0.4,0.15 0.633644
0.95,0.45,0 2.42041e-11
0.95,0.45,0.05 5.97147
0.95,0.45,0.1 23.8751
0.95,0.45,0.15 5.96609
0.95,0.5,0 4.05684e-11
0.95,0.5,0.05 9.07418
0.95,0.5,0.1 36.2788
0.95,0.5,0.15 9.06523
0.95,0.55,0 3.87302e-12
0.95,0.55,0.05 0.863833
0.95,0.55,0.1 3.45362
0.95,0.55,0.15 0.862979
0.95,0.6,0 1.48447e-15
0.95,0.6,0.05 0.0104151
0.95,0.6,0.1 0.041654
0.95,0.6,0.15 0.0104119
0.95,0.65,0 3.7401e-13
0.95,0.65,0.05 2.62407
0.95,0.65,0.1 10.4946
0.95,0.65,0.15 2.62325
0.95,0.7,0 8.6566e-13
0.95,0.7,0.05 6.07352
0.95,0.7,0.1 24.2903
0.95,0.7,0.15 6.07161
0.95,0.75,0 1.75853e-12
0.95,0.75,0.05 1.04604
0.95,0.75,0.1 4.18317
0.95,0.75,0.15 1.04554
0.95,0.8,0 4.51572e-11
0.95,0.8,0.05 5.22262
0.95,0.8,0.1 21.9833
0.95,0.8,0.15 8.53401
0.95,0.8,0.2 0.618226
0.95,0.85,0 4.97777e-11
0.95,0.85,0.05 5.76885
0.95,0.85,0.1 41.072
0.95,0.85,0.15 59.8084
0.95,0.85,0.2 10.0708
0.95,0.9,0 2.56326e-12
0.95,0.9,0.05 0.306746
0.95,0.9,0.1 15.8818
0.95,0.9,0.15 44.2847
0.95,0.9,0.2 8.19471
0.95,0.95,0.05 0.000300252
0.95,0.95,0.1 0.426852
0.95,0.95,0.15 1.27759
0.95,0.95,0.2 0.238005
