0.65,0.4,0.2 58.3562
0.65,0.4,0.25 8.68628
0.65,0.4,0.3 0.580805
0.65,0.4,0.35 0.00140805
0.65,0.45,0 1.43714e-10
0.65,0.45,0.05 158.135
0.65,0.45,0.1 648.014
0.65,0.45,0.15 220.047
0.65,0.45,0.2 230.678
0.65,0.45,0.25 193.444
0.65,0.45,0.3 15.9659
0.65,0.45,0.35 1.72858e-08
0.65,0.5,0 2.25074e-10
0.65,0.5,0.05 94.536
0.65,0.5,0.1 379.462
0.65,0.5,0.15 124.716
0.65,0.5,0.2 277.936
0.65,0.5,0.25 425.198
0.65,0.5,0.3 49.2423
0.65,0.5,0.35 3.48882e-06
0.65,0.55,0 8.6313e-11
0.65,0.55,0.05 44.0907
0.65,0.55,0.1 176.567
0.65,0.55,0.15 102.633
0.65,0.55,0.2 450.183
0.65,0.55,0.25 498.789
0.65,0.55,0.3 60.6067
0.65,0.55,0.35 7.69941e-06
0.65,0.6,0 2.4841e-10
0.65,0.6,0.05 34.556
0.65,0.6,0.1 139.223
0.65,0.6,0.15 155.665
0.65,0.6,0.2 653.042
0.65,0.6,0.25 313.628
0.65,0.6,0.3 11.0026
0.65,0.6,0.35 1.02879e-06
0.65,0.65,0 3.69327e-09
0.65,0.65,0.05 14.4536
0.65,0.65,0.1 84.6883
0.65,0.65,0.15 169.477
0.65,0.65,0.2 474.059
0.65,0.65,0.25 329.429
0.65,0.65,0.3 11.913
0.65,0.7,0 3.28852e-09
0.65,0.7,0.05 11.8827
0.65,0.7,0.1 101.296
0.65,0.7,0.15 419.783
0.65,0.7,0.2 539.692
0.65,0.7,0.25 363.426
0.65,0.7,0.3 25.2898
0.65,0.75,0 4.44503e-10
0.65,0.75,0.05 26.5876
0.65,0.75,0.1 154.193
0.65,0.75,0.15 413.38
0.65,0.75,0.2 396.414
0.65,0.75,0.25 296.616
0.65,0.75,0.3 25.982
0.65,0.8,0 7.41904e-10
0.65,0.8,0.05 73.1743
0.65,0.8,0.1 325.417
0.65,0.8,0.15 353.204
0.65,0.8,0.2 155.188
0.65,0.8,0.25 20.7656
0.65,0.8,0.3 1.74045
0.65,0.85,0 1.7205e-10
0.65,0.85,0.05 77.8794
0.65,0.85,0.1 312.88
0.65,0.85,0.15 90.4801
0.65,0.85,0.2 6.47633
0.65,0.85,0.25 0.0524043
0.65,0.9,0 1.99767e-11
0.65,0.9,0.05 18.789
0.65,0.9,0.1 75.1345
0.65,0.9,0.15 18.7783
0.65,0.95,0 1.57188e-16
0.65,0.95,0.05 0.000184117
0.65,0.95,0.1 0.000736258
0.65,0.95,0.15 0.000184012
0.7,0.1,0.1 0.0211026
0.7,0.1,0.15 2.16844
0.7,0.1,0.2 4.0188
0.7,0.1,0.25 0.435938
0.7,0.15,0 3.25536e-13
0.7,0.15,0.05 0.0221914
0.7,0.15,0.1 4.00242
0.7,0.15,0.15 81.6843
0.7,0.15,0.2 87.6083
0.7,0.15,0.25 5.49219
0.7,0.15,0.3 0.0444302
0.7,0.15,0.35 0.0144819
0.7,0.15,0.4 7.94449e-06
0.7,0.2,0 1.17448e-11
0.7,0.2,0.05 0.800627
0.7,0.2,0.1 29.7008
0.7,0.2,0.15 396.342
0.7,0.2,0.2 316.381
0.7,0.2,0.25 10.2833
0.7,0.2,0.3 0.845291
0.7,0.2,0.35 0.275306
0.7,0.2,0.4 0.000151028
0.7,0.25,0 1.47501e-11
0.7,0.25,0.05 1.00621
0.7,0.25,0.1 51.1934
0.7,0.25,0.15 474.242
0.7,0.25,0.2 302.827
0.7,0.25,0.25 17.4796
0.7,0.25,0.3 1.38648
0.7,0.25,0.35 0.246585
0.7,0.25,0.4 0.000135272
0.7,0.3,0 1.00536e-12
0.7,0.3,0.05 0.355053
0.7,0.3,0.1 29.4096
0.7,0.3,0.15 165.659
0.7,0.3,0.2 112.354
0.7,0.3,0.25 36.8355
0.7,0.3,0.3 1.83049
0.7,0.3,0.35 0.00871578
0.7,0.3,0.4 4.78131e-06
0.7,0.35,0 6.37531e-12
0.7,0.35,0.05 36.0634
0.7,0.35,0.1 216.294
0.7,0.35,0.15 160.22
0.7,0.35,0.2 40.9941
0.7,0.35,0.25 6.87399
0.7,0.35,0.3 0.320787
0.7,0.4,0 1.27022e-11
0.7,0.4,0.05 96.1955
0.7,0.4,0.1 618.602
0.7,0.4,0.15 369.694
0.7,0.4,0.2 51.912
0.7,0.4,0.25 0.624881
0.7,0.4,0.3 0.0185726
0.7,0.45,0 5.28415e-12
0.7,0.45,0.05 80.0178
0.7,0.45,0.1 410.399
0.7,0.45,0.15 379.107
0.7,0.45,0.2 173.418
0.7,0.45,0.25 25.8302
0.7,0.45,0.3 1.02034
0.7,0.5,0 5.7334e-12
0.7,0.5,0.05 102.574
0.7,0.5,0.1 442.117
0.7,0.5,0.15 472.509
0.7,0.5,0.2 490.569
0.7,0.5,0.25 137.96
0.7,0.5,0.3 10.2685
0.7,0.55,0 1.08694e-10
0.7,0.55,0.05 85.5538
0.7,0.55,0.1 349.292
0.7,0.55,0.15 300.339
0.7,0.55,0.2 573.61
0.7,0.55,0.25 273.369
0.7,0.55,0.3 20.351
0.7,0.6,0 1.06518e-10
0.7,0.6,0.05 68.8888
0.7,0.6,0.1 275.81
0.7,0.6,0.15 149.404
0.7,0.6,0.2 487.917
0.7,0.6,0.25 212.535
0.7,0.6,0.3 3.81275
0.7,0.65,0 4.46435e-12
0.7,0.65,0.05 2.88726
0.7,0.65,0.1 12.5764
0.7,0.65,0.15 32.7225
0.7,0.65,0.2 251.563
0.7,0.65,0.25 209.346
0.7,0.65,0.3 7.82856
0.7,0.7,0 3.08274e-14
0.7,0.7,0.05 0.00239233
0.7,0.7,0.1 4.97035
0.7,0.7,0.15 73.9779
0.7,0.7,0.2 221.448
0.7,0.7,0.25 191.981
0.7,0.7,0.3 10.8014
0.7,0.75,0 6.0956e-12
0.7,0.75,0.05 0.473042
0.7,0.75,0.1 11.5821
0.7,0.75,0.15 91.9434
0.7,0.75,0.2 106.637
0.7,0.75,0.25 88.5795
0.7,0.75,0.3 7.70349
0.7,0.8,0 2.01839e-09
0.7,0.8,0.05 11.2981
0.7,0.8,0.1 53.7275
0.7,0.8,0.15 85.708
0.7,0.8,0.2 41.719
0.7,0.8,0.25 6.08027
0.7,0.8,0.3 0.512274
0.7,0.85,0 8.01202e-09
0.7,0.85,0.05 41.2806
0.7,0.85,0.1 165.235
0.7,0.85,0.15 44.5177
0.7,0.85,0.2 1.72808
0.7,0.85,0.25 0.0139831
0.7,0.9,0 2.00013e-09
0.7,0.9,0.05 10.3149
0.7,0.9,0.1 41.1903
0.7,0.9,0.15 10.2803
0.7,0.95,0 5.43256e-18
0.7,0.95,0.05 6.36324e-06
0.7,0.95,0.1 2.54457e-05
0.7,0.95,0.15 6.35962e-06
0.75,0.15,0.1 1.9651
0.75,0.15,0.15 32.7332
0.75,0.15,0.2 27.0175
0.75,0.15,0.25 0.808744
0.75,0.2,0.1 10.78
0.75,0.2,0.15 170.911
0.75,0.2,0.2 137.757
0.75,0.2,0.25 3.98317
0.75,0.25,0.1 8.3645
0.75,0.25,0.15 103.956
0.75,0.25,0.2 72.2728
0.75,0.25,0.25 1.58929
0.75,0.3,0 1.24138e-13
0.75,0.3,0.05 0.509263
0.75,0.3,0.1 3.75623
0.75,0.3,0.15 17.8821
0.75,0.3,0.2 10.0876
0.75,0.3,0.25 0.124731
0.75,0.35,0 1.14763e-11
0.75,0.35,0.05 49.7439
0.75,0.35,0.1 234.998
0.75,0.35,0.15 261.785
0.75,0.35,0.2 109.227
0.75,0.35,0.25 1.08313
0.75,0.4,0 2.05988e-11
0.75,0.4,0.05 95.3298
0.75,0.4,0.1 478.062
0.75,0.4,0.15 488.79
0.75,0.4,0.2 187.409
0.75,0.4,0.25 1.80672
0.75,0.45,0 2.14705e-12
0.75,0.45,0.05 15.7108
0.75,0.45,0.1 118.151
0.75,0.45,0.15 332.132
0.75,0.45,0.2 207.36
0.75,0.45,0.25 19.6753
0.75,0.45,0.3 3.31763e-05
0.75,0.5,0 4.24982e-12
0.75,0.5,0.05 11.7668
0.75,0.5,0.1 82.3332
0.75,0.5,0.15 455.899
0.75,0.5,0.2 573.845
0.75,0.5,0.25 82.2448
0.75,0.5,0.3 0.00909608
0.75,0.55,0 9.82351e-11
0.75,0.55,0.05 19.972
0.75,0.55,0.1 89.1152
0.75,0.55,0.15 247.429
0.75,0.55,0.2 337.987
0.75,0.55,0.25 53.0913
0.75,0.55,0.3 0.076653
0.75,0.6,0 9.86346e-11
0.75,0.6,0.05 28.129
0.75,0.6,0.1 112.943
0.75,0.6,0.15 52.6163
0.75,0.6,0.2 100.531
0.75,0.6,0.25 36.094
0.75,0.6,0.3 0.114377
0.75,0.65,0 4.43612e-12
0.75,0.65,0.05 11.6514
0.75,0.65,0.1 46.6011
0.75,0.65,0.15 13.1106
0.75,0.65,0.2 16.9231
0.75,0.65,0.25 12.7723
0.75,0.65,0.3 0.420768
0.75,0.7,0 6.07228e-15
0.75,0.7,0.05 0.506462
0.75,0.7,0.1 2.02571
0.75,0.7,0.15 0.847055
0.75,0.7,0.2 7.17477
0.75,0.7,0.25 6.82784
0.75,0.7,0.3 0.271238
0.75,0.75,0 2.65197e-11
0.75,0.75,0.05 0.114227
0.75,0.75,0.1 0.456149
0.75,0.75,0.15 0.120427
0.75,0.75,0.2 0.130044
0.75,0.75,0.25 0.128123
0.75,0.75,0.3 0.00566605
0.75,0.8,0 6.47176e-09
0.75,0.8,0.05 30.6451
0.75,0.8,0.1 122.361
0.75,0.8,0.15 30.5365
0.75,0.8,0.2 0.000871307
0.75,0.8,0.25 0.000804009
0.75,0.8,0.3 7.10924e-05
0.75,0.85,0 2.26947e-08
0.75,0.85,0.05 108.816
0.75,0.85,0.1 434.491
0.75,0.85,0.15 108.43
0.75,0.85,0.2 1.66238e-05
0.75,0.85,0.25 1.34514e-07
0.75,0.9,0 5.3693e-09
0.75,0.9,0.05 25.8896
0.75,0.9,0.1 103.375
0.75,0.9,0.15 25.7978
0.8,0.05,0 1.96048e-11
0.8,0.05,0.05 1.15495
0.8,0.05,0.1 4.61623
0.8,0.05,0.15 1.15317
0.8,0.1,0 2.31151e-10
0.8,0.1,0.05 13.6174
0.8,0.1,0.1 54.4276
0.8,0.1,0.15 13.5964
0.8,0.15,0 1.50684e-10
0.8,0.15,0.05 8.87703
0.8,0.15,0.1 35.4985
0.8,0.15,0.15 9.1589
0.8,0.15,0.2 0.243945
0.8,0.15,0.25 0.00730226
0.8,0.2,0 2.58221e-12
0.8,0.2,0.05 0.152121
0.8,0.2,0.1 0.693106
0.8,0.2,0.15 1.56925
0.8,0.2,0.2 1.16987
0.8,0.2,0.25 0.035019
0.8,0.25,0.1 0.0254767
0.8,0.25,0.15 0.424373
0.8,0.25,0.2 0.350271
0.8,0.25,0.25 0.010485
0.8,0.3,0 1.29854e-14
0.8,0.3,0.05 0.0532713
0.8,0.3,0.1 0.295744
0.8,0.3,0.15 0.821353
0.8,0.3,0.2 0.416956
0.8,0.3,0.25 0.00414134
0.8,0.35,0 1.20047e-12
0.8,0.35,0.05 4.99286
0.8,0.35,0.1 26.0937
0.8,0.35,0.15 59.972
0.8,0.35,0.2 29.7637
0.8,0.35,0.25 0.29552
0.8,0.4,0 2.17047e-12
0.8,0.4,0.05 10.9995
0.8,0.4,0.1 60.8984
0.8,0.4,0.15 107.042
0.8,0.4,0.2 49.466
0.8,0.4,0.25 0.48845
0.8,0.45,0 1.40309e-12
0.8,0.45,0.05 3.73221
0.8,0.45,0.1 26.007
0.8,0.45,0.15 31.9275
0.8,0.45,0.2 15.5774
0.8,0.45,0.25 1.32711
0.8,0.5,0 2.98794e-11
0.8,0.5,0.05 3.61144
0.8,0.5,0.1 16.8129
0.8,0.5,0.15 30.7202
0.8,0.5,0.2 36.986
0.8,0.5,0.25 5.38695
0.8,0.5,0.3 4.77636e-08
0.8,0.55,0 6.49431e-10
0.8,0.55,0.05 73.2584
0.8,0.55,0.1 293.481
0.8,0.55,0.15 87.9403
0.8,0.55,0.2 18.2193
0.8,0.55,0.25 1.73415
0.8,0.55,0.3 1.81326e-06
0.8,0.6,0 6.54202e-10
0.8,0.6,0.05 141.418
0.8,0.6,0.1 565.505
0.8,0.6,0.15 142.025
0.8,0.6,0.2 0.690618
0.8,0.6,0.25 0.0296556
0.8,0.6,0.3 2.33061e-06
0.8,0.65,0 2.96932e-11
0.8,0.65,0.05 77.0134
0.8,0.65,0.1 308.026
0.8,0.65,0.15 76.9995
0.8,0.65,0.2 0.000179198
0.8,0.65,0.25 6.95299e-05
0.8,0.65,0.3 1.5328e-07
0.8,0.7,0 2.27173e-13
0.8,0.7,0.05 4.71673
0.8,0.7,0.1 18.8652
0.8,0.7,0.15 4.71587
0.8,0.75,0 2.78316e-10
0.8,0.75,0.05 1.40664
0.8,0.75,0.1 5.61753
0.8,0.75,0.15 1.40214
0.8,0.8,0 1.35993e-08
0.8,0.8,0.05 59.6748
0.8,0.8,0.1 238.266
0.8,0.8,0.15 59.5055
0.8,0.8,0.2 0.0412087
0.8,0.8,0.25 0.00131922
0.8,0.85,0 2.1173e-08
0.8,0.85,0.05 93.7068
0.8,0.85,0.1 374.164
0.8,0.85,0.15 93.7004
0.8,0.85,0.2 0.285276
0.8,0.85,0.25 0.00913254
0.8,0.9,0 2.16719e-09
0.8,0.9,0.05 9.81897
0.8,0.9,0.1 39.2129
0.8,0.9,0.15 9.92504
0.8,0.9,0.2 0.120688
0.8,0.9,0.25 0.00386358
0.8,0.95,0.1 2.88573e-05
0.8,0.95,0.15 0.000506043
0.8,0.95,0.2 0.000431406
0.8,0.95,0.25 1.38106e-05
0.85,0.05,0 1.24806e-10
0.85,0.05,0.05 7.35247
0.85,0.05,0.1 29.3872
0.85,0.05,0.15 7.34114
0.85,0.1,0 1.47152e-09
0.85,0.1,0.05 86.6892
0.85,0.1,0.1 346.489
0.85,0.1,0.15 86.5556
0.85,0.15,0 9.59267e-10
0.85,0.15,0.05 56.5117
0.85,0.15,0.1 225.873
0.85,0.15,0.15 56.4246
0.85,0.2,0 1.64385e-11
0.85,0.2,0.05 0.968414
0.85,0.2,0.1 3.87067
0.85,0.2,0.15 0.966922
0.85,0.3,0.1 1.88285e-06
0.85,0.3,0.15 1.7487e-05
0.85,0.3,0.2 9.49212e-06
0.85,0.3,0.25 9.42492e-08
0.85,0.35,0.05 0.933275
0.85,0.35,0.1 6.7807
0.85,0.35,0.15 2.99516
0.85,0.35,0.2 0.0138587
0.85,0.35,0.25 6.72863e-06
0.85,0.4,0 1.61239e-12
0.85,0.4,0.05 29.9584
0.85,0.4,0.1 216.483
0.85,0.4,0.15 95.3131
0.85,0.4,0.2 0.419155
0.85,0.4,0.25 1.10986e-05
0.85,0.45,0 1.20671e-10
0.85,0.45,0.05 61.8915
0.85,0.45,0.1 361.725
0.85,0.45,0.15 139.093
0.85,0.45,0.2 0.494102
0.85,0.45,0.25 1.03746e-06
0.85,0.5,0 2.1514e-10
0.85,0.5,0.05 48.5276
0.85,0.5,0.1 200.608
0.85,0.5,0.15 52.9377
0.85,0.5,0.2 0.028506
0.85,0.55,0 3.18645e-10
0.85,0.55,0.05 37.925
0.85,0.55,0.1 151.609
0.85,0.55,0.15 37.8797
0.85,0.6,0 3.01596e-10
0.85,0.6,0.05 61.8811
0.85,0.6,0.1 247.434
0.85,0.6,0.15 61.8361
0.85,0.65,0 1.72629e-11
0.85,0.65,0.05 57.3205
0.85,0.65,0.1 229.254
0.85,0.65,0.15 57.3067
0.85,0.7,0 8.47068e-12
0.85,0.7,0.05 60.7193
0.85,0.7,0.1 242.84
0.85,0.7,0.15 60.7005
0.85,0.75,0 1.79695e-10
0.85,0.75,0.05 10.525
0.85,0.75,0.1 42.0858
0.85,0.75,0.15 10.5179
0.85,0.8,0 7.95205e-09
0.85,0.8,0.05 72.5733
0.85,0.8,0.1 290.944
0.85,0.8,0.15 89.7609
0.85,0.8,0.2 14.7972
0.85,0.8,0.25 0.473702
0.85,0.85,0 1.09868e-08
0.85,0.85,0.05 89.5657
0.85,0.85,0.1 364.67
0.85,0.85,0.15 209.502
0.85,0.85,0.2 102.436
0.85,0.85,0.25 3.2793
0.85,0.9,0 8.06315e-10
0.85,0.9,0.05 5.64828
0.85,0.9,0.1 25.4614
0.85,0.9,0.15 56.4669
0.85,0.9,0.2 43.3363
0.85,0.9,0.25 1.38733
0.85,0.95,0.1 0.010362
0.85,0.95,0.15 0.181709
0.85,0.95,0.2 0.154908
0.85,0.95,0.25 0.00495908
0.9,0.05,0 4.89436e-11
0.9,0.05,0.05 2.88334
0.9,0.05,0.1 11.5245
0.9,0.05,0.15 2.87889
0.9,0.1,0 5.77069e-10
0.9,0.1,0.05 33.9959
0.9,0.1,0.1 135.879
0.9,0.1,0.15 33.9435
0.9,0.15,0 3.76185e-10
0.9,0.15,0.05 22.1616
0.9,0.15,0.1 88.578
0.9,0.15,0.15 22.1274
0.9,0.2,0 6.4465e-12
0.9,0.2,0.05 0.379772
0.9,0.2,0.1 1.51792
0.9,0.2,0.15 0.379187
0.9,0.35,0.05 0.67774
0.9,0.35,0.1 4.92402
0.9,0.35,0.15 2.17417
0.9,0.35,0.2 0.00957204
0.9,0.4,0 2.98509e-12
0.9,0.4,0.05 22.1603
0.9,0.4,0.1 158.827
0.9,0.4,0.15 69.6187
0.9,0.4,0.2 0.303577
0.9,0.45,0 2.23404e-10
0.9,0.45,0.05 75.228
0.9,0.45,0.1 383.754
0.9,0.45,0.15 131.261
0.9,0.45,0.2 0.358739
0.9,0.5,0 3.7455e-10
0.9,0.5,0.05 84.9969
0.9,0.5,0.1 344.608
0.9,0.5,0.15 88.1505
0.9,0.5,0.2 0.020701
0.9,0.55,0 3.73516e-11
0.9,0.55,0.05 8.15105
0.9,0.55,0.1 32.588
0.9,0.55,0.15 8.14294
0.9,0.6,0 1.63163e-12
0.9,0.6,0.05 0.407169
0.9,0.6,0.1 1.62812
0.9,0.6,0.15 0.406893
0.9,0.65,0 5.14392e-12
0.9,0.65,0.05 35.6877
0.9,0.65,0.1 142.729
0.9,0.65,0.15 35.6765
0.9,0.7,0 1.17393e-11
0.9,0.7,0.05 82.3675
0.9,0.7,0.1 329.418
0.9,0.7,0.15 82.3416
0.9,0.75,0 2.30819e-11
0.9,0.75,0.05 13.8493
0.9,0.75,0.1 55.3843
0.9,0.75,0.15 13.8429
0.9,0.8,0 6.31785e-10
0.9,0.8,0.05 61.7132
0.9,0.8,0.1 249.15
0.9,0.8,0.15 104.628
0.9,0.8,0.2 36.6506
0.9,0.8,0.25 1.1733
0.9,0.85,0 7.26178e-10
0.9,0.85,0.05 68.1559
0.9,0.85,0.1 289.424
0.9,0.85,0.15 365.688
0.9,0.85,0.2 253.721
0.9,0.85,0.25 8.12238
0.9,0.9,0 4.0616e-11
0.9,0.9,0.05 3.52351
0.9,0.9,0.1 21.2651
0.9,0.9,0.15 129.428
0.9,0.9,0.2 107.338
0.9,0.9,0.25 3.43622
0.9,0.95,0.1 0.0256653
0.9,0.95,0.15 0.450069
0.9,0.95,0.2 0.383687
0.9,0.95,0.25 0.012283
0.95,0.05,0 1.15116e-13
0.95,0.05,0.05 0.00678165
0.95,0.05,0.1 0.0271057
0.95,0.05,0.15 0.0067712
0.95,0.1,0 1.35728e-12
0.95,0.1,0.05 0.079959
0.95,0.1,0.1 0.319589
0.95,0.1,0.15 0.0798357
0.95,0.15,0 8.84793e-13
0.95,0.15,0.05 0.0521244
0.95,0.15,0.1 0.208337
0.95,0.15,0.15 0.052044
0.95,0.2,0 1.51623e-14
0.95,0.2,0.05 0.000893231
0.95,0.2,0.1 0.00357017
0.95,0.2,0.15 0.000891854
0.95,0.35,0.05 0.0152369
0.95,0.35,0.1 0.110701
0.95,0.35,0.15 0.0488793
0.95,0.35,0.2 0.000215197
0.95,0.4,0 3.23381e-13
0.95,0.4,0.05 0.555362
0.95,0.4,0.1 3.79924
0.95,0.4,0.15 1.62226
0.95,0.4,0.2 0.00682496
0.95,0.45,0 2.42019e-11
0.95,0.45,0.05 5.96899
0.95,0.45,0.1 25.7299
0.95,0.45,0.15 7.2245
0.95,0.45,0.2 0.00806511
0.95,0.5,0 4.05683e-11
0.95,0.5,0.05 9.08125
0.95,0.5,0.1 36.4147
0.95,0.5,0.15 9.14506
0.95,0.5,0.2 0.000465396
0.95,0.55,0 3.87302e-12
0.95,0.55,0.05 0.863833
0.95,0.55,0.1 3.45362
0.95,0.55,0.15 0.862979
0.95,0.6,0 1.48447e-15
0.95,0.6,0.05 0.0104151
0.95,0.6,0.1 0.041654
0.95,0.6,0.15 0.0104119
0.95,0.65,0 3.7401e-13
0.95,0.65,0.05 2.62407
0.95,0.65,0.1 10.4946
0.95,0.65,0.15 2.62325
0.95,0.7,0 8.6566e-13
0.95,0.7,0.05 6.07352
0.95,0.7,0.1 24.2903
0.95,0.7,0.15 6.07161
0.95,0.75,0 1.75853e-12
0.95,0.75,0.05 1.04604
0.95,0.75,0.1 4.18317
0.95,0.75,0.15 1.04554
0.95,0.8,0 4.51572e-11
0.95,0.8,0.05 5.22184
0.95,0.8,0.1 21.2475
0.95,0.8,0.15 11.7566
0.95,0.8,0.2 5.57645
0.95,0.8,0.25 0.178519
0.95,0.85,0 4.97777e-11
0.95,0.85,0.05 5.75614
0.95,0.85,0.1 25.5927
0.95,0.85,0.15 51.0321
0.95,0.85,0.2 38.6041
0.95,0.85,0.25 1.23583
0.95,0.9,0 2.56326e-12
0.95,0.9,0.05 0.296408
0.95,0.9,0.1 2.27735
0.95,0.9,0.15 19.4533
0.95,0.9,0.2 16.3317
0.95,0.9,0.25 0.522827
0.95,0.95,0.1 0.00390503
0.95,0.95,0.15 0.0684788
0.95,0.95,0.2 0.0583787
0.95,0.95,0.25 0.00186888
