0.65,0.45,0.05 156.01
0.65,0.45,0.1 624.855
0.65,0.45,0.15 276.218
0.65,0.45,0.2 308.48
0.65,0.45,0.25 49.936
0.65,0.5,0 2.3982e-10
0.65,0.5,0.05 93.5246
0.65,0.5,0.1 375.524
0.65,0.5,0.15 342.325
0.65,0.5,0.2 668.632
0.65,0.5,0.25 120.23
0.65,0.5,0.3 0.547258
0.65,0.55,0 5.23922e-11
0.65,0.55,0.05 44.6436
0.65,0.55,0.1 186.708
0.65,0.55,0.15 295.857
0.65,0.55,0.2 621.307
0.65,0.55,0.25 175.934
0.65,0.55,0.3 5.11398
0.65,0.6,0 4.93358e-11
0.65,0.6,0.05 49.5685
0.65,0.6,0.1 221.59
0.65,0.6,0.15 381.656
0.65,0.6,0.2 616.751
0.65,0.6,0.25 176.62
0.65,0.6,0.3 3.25051
0.65,0.65,0 1.44239e-10
0.65,0.65,0.05 89.6681
0.65,0.65,0.1 434.091
0.65,0.65,0.15 415.652
0.65,0.65,0.2 311.06
0.65,0.65,0.25 80.2304
0.65,0.65,0.3 0.48307
0.65,0.7,0 4.39244e-11
0.65,0.7,0.05 38.6208
0.65,0.7,0.1 380.346
0.65,0.7,0.15 536.304
0.65,0.7,0.2 137.543
0.65,0.7,0.25 8.39073
0.65,0.7,0.3 0.0177194
0.65,0.75,0 3.29656e-10
0.65,0.75,0.05 36.5467
0.65,0.75,0.1 390.235
0.65,0.75,0.15 375.159
0.65,0.75,0.2 26.9969
0.65,0.75,0.25 0.26349
0.65,0.8,0 7.41904e-10
0.65,0.8,0.05 78.5658
0.65,0.8,0.1 451.182
0.65,0.8,0.15 254.616
0.65,0.8,0.2 9.97883
0.65,0.8,0.25 9.65823e-09
0.65,0.85,0 1.7205e-10
0.65,0.85,0.05 77.9963
0.65,0.85,0.1 314.915
0.65,0.85,0.15 81.8477
0.65,0.85,0.2 0.2215
0.65,0.9,0 1.99767e-11
0.65,0.9,0.05 18.789
0.65,0.9,0.1 75.1345
0.65,0.9,0.15 18.7783
0.65,0.95,0 1.57188e-16
0.65,0.95,0.05 0.000184117
0.65,0.95,0.1 0.000736258
0.65,0.95,0.15 0.000184012
0.7,0.1,0 -7.72849e-19
0.7,0.1,0.05 0.000580121
0.7,0.1,0.1 0.523384
0.7,0.1,0.15 5.30081
0.7,0.1,0.2 3.09126
0.7,0.1,0.25 0.0385961
0.7,0.15,0 -1.92792e-14
0.7,0.15,0.05 25.3641
0.7,0.15,0.1 108.685
0.7,0.15,0.15 98.9746
0.7,0.15,0.2 46.3759
0.7,0.15,0.25 6.24979
0.7,0.15,0.3 0.53268
0.7,0.2,0 2.86482e-13
0.7,0.2,0.05 117.149
0.7,0.2,0.1 474.419
0.7,0.2,0.15 172.008
0.7,0.2,0.2 77.0084
0.7,0.2,0.25 75.4141
0.7,0.2,0.3 6.99314
0.7,0.25,0 4.30041e-13
0.7,0.25,0.05 129.343
0.7,0.25,0.1 530.969
0.7,0.25,0.15 164.17
0.7,0.25,0.2 101.872
0.7,0.25,0.25 67.8836
0.7,0.25,0.3 7.84351
0.7,0.25,0.35 0.977003
0.7,0.25,0.4 0.000696888
0.7,0.3,0 1.27168e-12
0.7,0.3,0.05 34.1366
0.7,0.3,0.1 159.848
0.7,0.3,0.15 163.395
0.7,0.3,0.2 234.227
0.7,0.3,0.25 51.3678
0.7,0.3,0.3 23.7384
0.7,0.3,0.35 7.90837
0.7,0.3,0.4 0.00564097
0.7,0.35,0 7.01435e-12
0.7,0.35,0.05 47.9332
0.7,0.35,0.1 201.155
0.7,0.35,0.15 121.048
0.7,0.35,0.2 68.9751
0.7,0.35,0.25 11.3658
0.7,0.35,0.3 11.455
0.7,0.35,0.35 3.83276
0.7,0.35,0.4 0.00273387
0.7,0.4,0 1.16501e-11
0.7,0.4,0.05 149.413
0.7,0.4,0.1 608.561
0.7,0.4,0.15 218.715
0.7,0.4,0.2 40.8944
0.7,0.4,0.25 0.651253
0.7,0.4,0.3 0.0752857
0.7,0.4,0.35 0.0251901
0.7,0.4,0.4 1.79679e-05
0.7,0.45,0 2.88814e-11
0.7,0.45,0.05 125.963
0.7,0.45,0.1 561.925
0.7,0.45,0.15 197.577
0.7,0.45,0.2 67.0301
0.7,0.45,0.25 10.169
0.7,0.5,0 7.91567e-12
0.7,0.5,0.05 133.088
0.7,0.5,0.1 617.236
0.7,0.5,0.15 337.147
0.7,0.5,0.2 319.994
0.7,0.5,0.25 48.5711
0.7,0.5,0.3 0.000315396
0.7,0.55,0 4.06451e-11
0.7,0.55,0.05 104.693
0.7,0.55,0.1 506.471
0.7,0.55,0.15 419.045
0.7,0.55,0.2 534.102
0.7,0.55,0.25 72.1282
0.7,0.55,0.3 0.00328843
0.7,0.6,0 7.00066e-11
0.7,0.6,0.05 86.5995
0.7,0.6,0.1 357.684
0.7,0.6,0.15 309.824
0.7,0.6,0.2 455.606
0.7,0.6,0.25 59.5475
0.7,0.6,0.3 0.0089288
0.7,0.65,0 1.46026e-10
0.7,0.65,0.05 78.0936
0.7,0.65,0.1 348.881
0.7,0.65,0.15 187.645
0.7,0.65,0.2 50.663
0.7,0.65,0.25 4.93038
0.7,0.65,0.3 0.0069206
0.7,0.7,0 4.2527e-11
0.7,0.7,0.05 23.5353
0.7,0.7,0.1 254.922
0.7,0.7,0.15 458.891
0.7,0.7,0.2 87.4503
0.7,0.7,0.25 0.0442611
0.7,0.7,0.3 0.000268609
0.7,0.75,0 6.10148e-12
0.7,0.75,0.05 4.05412
0.7,0.75,0.1 143.096
0.7,0.75,0.15 237.107
0.7,0.75,0.2 32.8995
0.7,0.75,0.25 0.000792838
0.7,0.8,0 2.01839e-09
0.7,0.8,0.05 13.6686
0.7,0.8,0.1 116.076
0.7,0.8,0.15 92.7892
0.7,0.8,0.2 4.5026
0.7,0.8,0.25 4.16296e-07
0.7,0.85,0 8.01202e-09
0.7,0.85,0.05 41.3333
0.7,0.85,0.1 166.42
0.7,0.85,0.15 42.9513
0.7,0.85,0.2 0.0997247
0.7,0.9,0 2.00013e-09
0.7,0.9,0.05 10.3149
0.7,0.9,0.1 41.1903
0.7,0.9,0.15 10.2803
0.7,0.95,0 5.43256e-18
0.7,0.95,0.05 6.36324e-06
0.7,0.95,0.1 2.54457e-05
0.7,0.95,0.15 6.35962e-06
0.75,0.1,0 -4.45664e-19
0.75,0.1,0.05 0.000334528
0.75,0.1,0.1 0.00133806
0.75,0.1,0.15 0.000334504
0.75,0.15,0 -1.9462e-14
0.75,0.15,0.05 14.6087
0.75,0.15,0.1 58.4327
0.75,0.15,0.15 14.6076
0.75,0.2,0 -7.13191e-14
0.75,0.2,0.05 59.5386
0.75,0.2,0.1 238.165
0.75,0.2,0.15 59.5439
0.75,0.2,0.2 0.000324845
0.75,0.2,0.25 7.01273e-05
0.75,0.25,0 -1.63324e-14
0.75,0.25,0.05 39.0305
0.75,0.25,0.1 156.201
0.75,0.25,0.15 39.3075
0.75,0.25,0.2 0.820885
0.75,0.25,0.25 0.177212
0.75,0.3,0 6.24956e-16
0.75,0.3,0.05 7.61441
0.75,0.3,0.1 30.4843
0.75,0.3,0.15 8.42014
0.75,0.3,0.2 2.62016
0.75,0.3,0.25 0.560163
0.75,0.35,0 1.61279e-13
0.75,0.35,0.05 51.92
0.75,0.35,0.1 218.039
0.75,0.35,0.15 164.765
0.75,0.35,0.2 69.8376
0.75,0.35,0.25 1.12323
0.75,0.4,0 3.76751e-13
0.75,0.4,0.05 153.883
0.75,0.4,0.1 656.315
0.75,0.4,0.15 514.985
0.75,0.4,0.2 219.151
0.75,0.4,0.25 3.20196
0.75,0.45,0 7.41225e-14
0.75,0.45,0.05 86.9626
0.75,0.45,0.1 462.543
0.75,0.45,0.15 269.973
0.75,0.45,0.2 63.0778
0.75,0.45,0.25 0.714642
0.75,0.5,0 3.30549e-13
0.75,0.5,0.05 65.9844
0.75,0.5,0.1 481.605
0.75,0.5,0.15 513.881
0.75,0.5,0.2 132.409
0.75,0.5,0.25 1.4176
0.75,0.55,0 6.21408e-12
0.75,0.55,0.05 56.5838
0.75,0.55,0.1 438.879
0.75,0.55,0.15 389.947
0.75,0.55,0.2 163.826
0.75,0.55,0.25 13.3831
0.75,0.6,0 7.51692e-12
0.75,0.6,0.05 33.368
0.75,0.6,0.1 156.301
0.75,0.6,0.15 126.554
0.75,0.6,0.2 147.642
0.75,0.6,0.25 16.9456
0.75,0.65,0 6.73854e-12
0.75,0.65,0.05 14.9572
0.75,0.65,0.1 74.7754
0.75,0.65,0.15 85.7669
0.75,0.65,0.2 28.4859
0.75,0.65,0.25 1.20181
0.75,0.7,0 1.87689e-12
0.75,0.7,0.05 1.48969
0.75,0.7,0.1 83.3472
0.75,0.7,0.15 341.83
0.75,0.7,0.2 93.9017
0.75,0.7,0.25 0.00331825
0.75,0.75,0 2.65199e-11
0.75,0.75,0.05 0.132852
0.75,0.75,0.1 25.9761
0.75,0.75,0.15 110.988
0.75,0.75,0.2 30.4969
0.75,0.75,0.25 0.00107714
0.75,0.8,0 6.47176e-09
0.75,0.8,0.05 30.6565
0.75,0.8,0.1 122.716
0.75,0.8,0.15 30.9857
0.75,0.8,0.2 0.0375983
0.75,0.8,0.25 5.65668e-07
0.75,0.85,0 2.26947e-08
0.75,0.85,0.05 108.816
0.75,0.85,0.1 434.498
0.75,0.85,0.15 108.438
0.75,0.85,0.2 0.000480074
0.75,0.9,0 5.3693e-09
0.75,0.9,0.05 25.8896
0.75,0.9,0.1 103.375
0.75,0.9,0.15 25.7978
0.8,0.05,0 1.96048e-11
0.8,0.05,0.05 1.15495
0.8,0.05,0.1 4.61623
0.8,0.05,0.15 1.15317
0.8,0.1,0 2.31151e-10
0.8,0.1,0.05 13.6174
0.8,0.1,0.1 54.4276
0.8,0.1,0.15 13.5964
0.8,0.15,0 1.50684e-10
0.8,0.15,0.05 9.05319
0.8,0.15,0.1 36.1854
0.8,0.15,0.15 9.0395
0.8,0.2,0 2.58135e-12
0.8,0.2,0.05 0.797691
0.8,0.2,0.1 3.1902
0.8,0.2,0.15 0.79741
0.8,0.2,0.2 8.42404e-17
0.8,0.25,0 -1.96951e-16
0.8,0.25,0.05 0.14786
0.8,0.25,0.1 0.59142
0.8,0.25,0.15 0.14785
0.8,0.25,0.2 3.75582e-16
0.8,0.3,0 8.34124e-17
0.8,0.3,0.05 0.0208773
0.8,0.3,0.1 0.0848754
0.8,0.3,0.15 0.0358176
0.8,0.3,0.2 0.00919296
0.8,0.3,0.25 0.000134324
0.8,0.35,0 9.94781e-13
0.8,0.35,0.05 5.80902
0.8,0.35,0.1 26.7258
0.8,0.35,0.15 43.8826
0.8,0.35,0.2 23.4245
0.8,0.35,0.25 0.342271
0.8,0.4,0 2.33024e-11
0.8,0.4,0.05 19.8435
0.8,0.4,0.1 91.2129
0.8,0.4,0.15 140.683
0.8,0.4,0.2 74.0447
0.8,0.4,0.25 1.08189
0.8,0.45,0 2.49055e-11
0.8,0.45,0.05 13.8936
0.8,0.45,0.1 74.0447
0.8,0.45,0.15 80.4332
0.8,0.45,0.2 28.2215
0.8,0.45,0.25 0.235978
0.8,0.5,0 3.41568e-12
0.8,0.5,0.05 9.9118
0.8,0.5,0.1 98.1483
0.8,0.5,0.15 255.709
0.8,0.5,0.2 86.2359
0.8,0.5,0.25 0.145903
0.8,0.55,0 8.64817e-12
0.8,0.55,0.05 78.8122
0.8,0.55,0.1 356.275
0.8,0.55,0.15 189.497
0.8,0.55,0.2 34.6151
0.8,0.55,0.25 0.14822
0.8,0.6,0 9.22233e-12
0.8,0.6,0.05 141.821
0.8,0.6,0.1 570.296
0.8,0.6,0.15 144.894
0.8,0.6,0.2 1.19617
0.8,0.6,0.25 0.125014
0.8,0.65,0 1.32001e-12
0.8,0.65,0.05 76.9385
0.8,0.65,0.1 308.782
0.8,0.65,0.15 81.6125
0.8,0.65,0.2 1.36307
0.8,0.65,0.25 0.00892937
0.8,0.7,0 2.27173e-13
0.8,0.7,0.05 4.71673
0.8,0.7,0.1 24.3286
0.8,0.7,0.15 28.9143
0.8,0.7,0.2 6.6973
0.8,0.7,0.25 0.000237082
0.8,0.75,0 2.78316e-10
0.8,0.75,0.05 1.40664
0.8,0.75,0.1 7.39103
0.8,0.75,0.15 9.25722
0.8,0.75,0.2 2.17402
0.8,0.75,0.25 7.69597e-05
0.8,0.8,0 1.35993e-08
0.8,0.8,0.05 59.6748
0.8,0.8,0.1 238.268
0.8,0.8,0.15 59.4715
0.8,0.8,0.2 0.00301449
0.8,0.8,0.25 4.04158e-08
0.8,0.85,0 2.1173e-08
0.8,0.85,0.05 93.7069
0.8,0.85,0.1 374.201
0.8,0.85,0.15 93.5317
0.8,0.85,0.2 0.0306502
0.8,0.9,0 2.16719e-09
0.8,0.9,0.05 9.819
0.8,0.9,0.1 39.2504
0.8,0.9,0.15 9.91888
0.8,0.9,0.2 0.0250151
0.8,0.95,0.05 1.01194e-06
0.8,0.95,0.1 0.00133309
0.8,0.95,0.15 0.003958
0.8,0.95,0.2 0.000731178
0.85,0.05,0 1.24806e-10
0.85,0.05,0.05 7.35247
0.85,0.05,0.1 29.3872
0.85,0.05,0.15 7.34114
0.85,0.1,0 1.47152e-09
0.85,0.1,0.05 86.6892
0.85,0.1,0.1 346.489
0.85,0.1,0.15 86.5556
0.85,0.15,0 9.59267e-10
0.85,0.15,0.05 56.5117
0.85,0.15,0.1 225.873
0.85,0.15,0.15 56.4246
0.85,0.2,0 1.64385e-11
0.85,0.2,0.05 0.968414
0.85,0.2,0.1 3.87067
0.85,0.2,0.15 0.966922
0.85,0.3,0.1 1.07111e-06
0.85,0.3,0.15 1.1683e-05
0.85,0.3,0.2 7.18781e-06
0.85,0.3,0.25 1.05026e-07
0.85,0.35,0 1.0457e-11
0.85,0.35,0.05 2.72758
0.85,0.35,0.1 10.9079
0.85,0.35,0.15 2.75479
0.85,0.35,0.2 0.0183152
0.85,0.35,0.25 0.000267616
0.85,0.4,0 2.51274e-10
0.85,0.4,0.05 65.4808
0.85,0.4,0.1 261.809
0.85,0.4,0.15 65.5134
0.85,0.4,0.2 0.0578932
0.85,0.4,0.25 0.000845914
0.85,0.45,0 3.75525e-10
0.85,0.45,0.05 93.3899
0.85,0.45,0.1 373.51
0.85,0.45,0.15 94.08
0.85,0.45,0.2 0.294183
0.85,0.45,0.25 0.000638972
0.85,0.5,0 2.13937e-10
0.85,0.5,0.05 49.5215
0.85,0.5,0.1 198.791
0.85,0.5,0.15 54.284
0.85,0.5,0.2 1.78845
0.85,0.5,0.25 0.00298676
0.85,0.55,0 2.31235e-11
0.85,0.55,0.05 37.5281
0.85,0.55,0.1 150.397
0.85,0.55,0.15 39.3895
0.85,0.55,0.2 0.697176
0.85,0.55,0.25 0.0011643
0.85,0.6,0 4.13969e-12
0.85,0.6,0.05 61.0875
0.85,0.6,0.1 244.324
0.85,0.6,0.15 61.0785
0.85,0.6,0.2 0.00158151
0.85,0.6,0.25 2.64117e-06
0.85,0.65,0 4.1777e-12
0.85,0.65,0.05 57.255
0.85,0.65,0.1 228.995
0.85,0.65,0.15 57.2425
0.85,0.7,0 8.47068e-12
0.85,0.7,0.05 60.7193
0.85,0.7,0.1 242.84
0.85,0.7,0.15 60.7005
0.85,0.75,0 1.79695e-10
0.85,0.75,0.05 10.525
0.85,0.75,0.1 42.0858
0.85,0.75,0.15 10.5179
0.85,0.8,0 7.95205e-09
0.85,0.8,0.05 72.5751
0.85,0.8,0.1 292.329
0.85,0.8,0.15 79.4573
0.85,0.8,0.2 1.30306
0.85,0.85,0 1.09868e-08
0.85,0.85,0.05 89.5952
0.85,0.85,0.1 396.7
0.85,0.85,0.15 204.784
0.85,0.85,0.2 21.3259
0.85,0.9,0 8.06315e-10
0.85,0.9,0.05 5.67236
0.85,0.9,0.1 54.2957
0.85,0.9,0.15 99.85
0.85,0.9,0.2 17.4051
0.85,0.95,0.05 0.000704087
0.85,0.95,0.1 0.92754
0.85,0.95,0.15 2.75391
0.85,0.95,0.2 0.508741
0.9,0.05,0 4.89436e-11
0.9,0.05,0.05 2.88334
0.9,0.05,0.1 11.5245
0.9,0.05,0.15 2.87889
0.9,0.1,0 5.77069e-10
0.9,0.1,0.05 33.9959
0.9,0.1,0.1 135.879
0.9,0.1,0.15 33.9435
0.9,0.15,0 3.76185e-10
0.9,0.15,0.05 22.1616
0.9,0.15,0.1 88.578
0.9,0.15,0.15 22.1274
0.9,0.2,0 6.4465e-12
0.9,0.2,0.05 0.379772
0.9,0.2,0.1 1.51792
0.9,0.2,0.15 0.379187
0.9,0.35,0 6.36057e-12
0.9,0.35,0.05 1.65908
0.9,0.35,0.1 6.63319
0.9,0.35,0.15 1.65752
0.9,0.4,0 1.54844e-10
0.9,0.4,0.05 40.2764
0.9,0.4,0.1 161.03
0.9,0.4,0.15 40.2386
0.9,0.45,0 3.78422e-10
0.9,0.45,0.05 90.2622
0.9,0.45,0.1 360.874
0.9,0.45,0.15 90.175
0.9,0.5,0 3.81474e-10
0.9,0.5,0.05 85.3544
0.9,0.5,0.1 341.249
0.9,0.5,0.15 85.2701
0.9,0.55,0 3.57698e-11
0.9,0.55,0.05 8.13282
0.9,0.55,0.1 32.5154
0.9,0.55,0.15 8.12488
0.9,0.6,0 3.95141e-14
0.9,0.6,0.05 0.38691
0.9,0.6,0.1 1.54744
0.9,0.6,0.15 0.386808
0.9,0.65,0 5.07388e-12
0.9,0.65,0.05 35.6867
0.9,0.65,0.1 142.724
0.9,0.65,0.15 35.6755
0.9,0.7,0 1.17393e-11
0.9,0.7,0.05 82.3675
0.9,0.7,0.1 329.418
0.9,0.7,0.15 82.3416
0.9,0.75,0 2.30819e-11
0.9,0.75,0.05 13.8493
0.9,0.75,0.1 55.3843
0.9,0.75,0.15 13.8429
0.9,0.8,0 6.31785e-10
0.9,0.8,0.05 61.7181
0.9,0.8,0.1 253.226
0.9,0.8,0.15 81.015
0.9,0.8,0.2 3.57994
0.9,0.85,0 7.26178e-10
0.9,0.85,0.05 68.2369
0.9,0.85,0.1 379.273
0.9,0.85,0.15 385.225
0.9,0.85,0.2 58.5893
0.9,0.9,0 4.0616e-11
0.9,0.9,0.05 3.58969
0.9,0.9,0.1 101.267
0.9,0.9,0.15 262.365
0.9,0.9,0.2 47.8176
0.9,0.95,0.05 0.00193436
0.9,0.95,0.1 2.54826
0.9,0.95,0.15 7.5659
0.9,0.95,0.2 1.39768
0.95,0.05,0 1.15116e-13
0.95,0.05,0.05 0.00678165
0.95,0.05,0.1 0.0271057
0.95,0.05,0.15 0.0067712
0.95,0.1,0 1.35728e-12
0.95,0.1,0.05 0.079959
0.95,0.1,0.1 0.319589
0.95,0.1,0.15 0.0798357
0.95,0.15,0 8.84793e-13
0.95,0.15,0.05 0.0521244
0.95,0.15,0.1 0.208337
0.95,0.15,0.15 0.052044
0.95,0.2,0 1.51623e-14
0.95,0.2,0.05 0.000893231
0.95,0.2,0.1 0.00357017
0.95,0.2,0.15 0.000891854
0.95,0.35,0 8.99474e-14
0.95,0.35,0.05 0.0234617
0.95,0.35,0.1 0.0938027
0.95,0.35,0.15 0.0234397
0.95,0.4,0 2.47088e-12
0.95,0.4,0.05 0.632277
0.95,0.4,0.1 2.52791
0.95,0.4,0.15 0.631679
0.95,0.45,0 2.6394e-11
0.95,0.45,0.05 5.96975
0.95,0.45,0.1 23.8672
0.95,0.45,0.15 5.96387
0.95,0.5,0 4.06672e-11
0.95,0.5,0.05 9.07409
0.95,0.5,0.1 36.2784
0.95,0.5,0.15 9.06512
0.95,0.55,0 3.87302e-12
0.95,0.55,0.05 0.863833
0.95,0.55,0.1 3.45362
0.95,0.55,0.15 0.862979
0.95,0.6,0 1.48447e-15
0.95,0.6,0.05 0.0104151
0.95,0.6,0.1 0.041654
0.95,0.6,0.15 0.0104119
0.95,0.65,0 3.7401e-13
0.95,0.65,0.05 2.62407
0.95,0.65,0.1 10.4946
0.95,0.65,0.15 2.62325
0.95,0.7,0 8.6566e-13
0.95,0.7,0.05 6.07352
0.95,0.7,0.1 24.2903
0.95,0.7,0.15 6.07161
0.95,0.75,0 1.75853e-12
0.95,0.75,0.05 1.04604
0.95,0.75,0.1 4.18317
0.95,0.75,0.15 1.04554
0.95,0.8,0 4.51572e-11
0.95,0.8,0.05 5.22269
0.95,0.8,0.1 21.9856
0.95,0.8,0.15 8.51419
0.95,0.8,0.2 0.609396
0.95,0.85,0 4.97777e-11
0.95,0.85,0.05 5.76995
0.95,0.85,0.1 41.194
0.95,0.85,0.15 59.7369
0.95,0.85,0.2 9.97339
0.95,0.9,0 2.56326e-12
0.95,0.9,0.05 0.307673
0.95,0.9,0.1 16.0254
0.95,0.9,0.15 44.3581
0.95,0.9,0.2 8.13977
0.95,0.95,0.05 0.000329277
0.95,0.95,0.1 0.433779
0.95,0.95,0.15 1.28791
0.95,0.95,0.2 0.237921
