0.45,0.2,0.35 153.773
0.45,0.2,0.4 17.0401
0.45,0.2,0.45 4.99914e-05
0.45,0.25,0 1.22814e-10
0.45,0.25,0.05 50.5655
0.45,0.25,0.1 337.003
0.45,0.25,0.15 338.743
0.45,0.25,0.2 316.156
0.45,0.25,0.25 365.191
0.45,0.25,0.3 423.689
0.45,0.25,0.35 248.747
0.45,0.25,0.4 53.6629
0.45,0.25,0.45 8.64258e-05
0.45,0.3,0 3.2233e-10
0.45,0.3,0.05 113.358
0.45,0.3,0.1 496.497
0.45,0.3,0.15 653.118
0.45,0.3,0.2 898.566
0.45,0.3,0.25 352.392
0.45,0.3,0.3 155.818
0.45,0.3,0.35 145.059
0.45,0.3,0.4 68.8444
0.45,0.3,0.45 7.71113
0.45,0.35,0 8.19196e-11
0.45,0.35,0.05 119.499
0.45,0.35,0.1 559.439
0.45,0.35,0.15 745.31
0.45,0.35,0.2 688.44
0.45,0.35,0.25 308.763
0.45,0.35,0.3 659.233
0.45,0.35,0.35 330.397
0.45,0.35,0.4 322.915
0.45,0.35,0.45 49.0726
0.45,0.35,0.5 1.40571e-05
0.45,0.4,0 4.17556e-11
0.45,0.4,0.05 74.7526
0.45,0.4,0.1 339.844
0.45,0.4,0.15 338.571
0.45,0.4,0.2 414.022
0.45,0.4,0.25 267.355
0.45,0.4,0.3 818.842
0.45,0.4,0.35 528.744
0.45,0.4,0.4 301.972
0.45,0.4,0.45 38.456
0.45,0.4,0.5 0.0804325
0.45,0.45,0 1.99328e-10
0.45,0.45,0.05 72.1329
0.45,0.45,0.1 329.993
0.45,0.45,0.15 427.129
0.45,0.45,0.2 571.11
0.45,0.45,0.25 520.034
0.45,0.45,0.3 593.852
0.45,0.45,0.35 518.828
0.45,0.45,0.4 494.66
0.45,0.45,0.45 118.995
0.45,0.45,0.5 0.296453
0.45,0.5,0 1.11953e-09
0.45,0.5,0.05 87.0196
0.45,0.5,0.1 394.525
0.45,0.5,0.15 524.685
0.45,0.5,0.2 475.909
0.45,0.5,0.25 548.244
0.45,0.5,0.3 452.931
0.45,0.5,0.35 838.323
0.45,0.5,0.4 923.534
0.45,0.5,0.45 125.89
0.45,0.5,0.5 0.0816859
0.45,0.55,0 4.41476e-09
0.45,0.55,0.05 33.5985
0.45,0.55,0.1 203.246
0.45,0.55,0.15 620.963
0.45,0.55,0.2 595.55
0.45,0.55,0.25 449.647
0.45,0.55,0.3 247.21
0.45,0.55,0.35 233.439
0.45,0.55,0.4 278.341
0.45,0.55,0.45 23.1805
0.45,0.55,0.5 0.000695961
0.45,0.6,0 1.24128e-08
0.45,0.6,0.05 106.709
0.45,0.6,0.1 515.002
0.45,0.6,0.15 395.963
0.45,0.6,0.2 601.267
0.45,0.6,0.25 502.011
0.45,0.6,0.3 83.9706
0.45,0.6,0.35 21.7249
0.45,0.6,0.4 6.35032
0.45,0.6,0.45 0.246933
0.45,0.65,0 2.77989e-09
0.45,0.65,0.05 53.664
0.45,0.65,0.1 264.342
0.45,0.65,0.15 232.126
0.45,0.65,0.2 374.709
0.45,0.65,0.25 267.897
0.45,0.65,0.3 91.3527
0.45,0.65,0.35 91.1389
0.45,0.65,0.4 51.2601
0.45,0.65,0.45 0.737031
0.45,0.7,0 7.13216e-11
0.45,0.7,0.05 0.981204
0.45,0.7,0.1 5.87829
0.45,0.7,0.15 46.88
0.45,0.7,0.2 220.331
0.45,0.7,0.25 349.814
0.45,0.7,0.3 96.7988
0.45,0.7,0.35 74.3371
0.45,0.7,0.4 42.4917
0.45,0.7,0.45 0.586569
0.45,0.75,0 2.42916e-07
0.45,0.75,0.05 25.0314
0.45,0.75,0.1 99.4863
0.45,0.75,0.15 25.1596
0.45,0.75,0.2 36.3832
0.45,0.75,0.25 123.436
0.45,0.75,0.3 39.1925
0.45,0.75,0.35 2.58703
0.45,0.75,0.4 1.33052
0.45,0.75,0.45 0.0182848
0.45,0.8,0 7.85732e-07
0.45,0.8,0.05 80.9672
0.45,0.8,0.1 321.799
0.45,0.8,0.15 79.9354
0.45,0.8,0.2 0.870193
0.45,0.8,0.25 5.60121
0.45,0.8,0.3 2.21887
0.45,0.8,0.35 0.00554136
0.45,0.85,0 1.58594e-07
0.45,0.85,0.05 16.3439
0.45,0.85,0.1 64.9577
0.45,0.85,0.15 16.1356
0.45,0.9,0 1.66874e-12
0.45,0.9,0.05 0.000257712
0.45,0.9,0.1 0.00102509
0.45,0.9,0.15 0.00025484
0.5,0.05,0.25 3.51068e-05
0.5,0.05,0.3 0.096111
0.5,0.05,0.35 0.305605
0.5,0.05,0.4 0.0606046
0.5,0.1,0.05 0.0298904
0.5,0.1,0.1 2.49606
0.5,0.1,0.15 10.326
0.5,0.1,0.2 23.4162
0.5,0.1,0.25 21.3886
0.5,0.1,0.3 41.6572
0.5,0.1,0.35 97.3114
0.5,0.1,0.4 19.2257
0.5,0.15,0.05 0.712607
0.5,0.15,0.1 33.0558
0.5,0.15,0.15 130.515
0.5,0.15,0.2 317.357
0.5,0.15,0.25 370.233
0.5,0.15,0.3 398.988
0.5,0.15,0.35 270.835
0.5,0.15,0.4 46.9667
0.5,0.15,0.45 4.24959e-05
0.5,0.2,0 1.35562e-14
0.5,0.2,0.05 4.68486
0.5,0.2,0.1 240.253
0.5,0.2,0.15 524.507
0.5,0.2,0.2 762.046
0.5,0.2,0.25 739.631
0.5,0.2,0.3 801.658
0.5,0.2,0.35 290.128
0.5,0.2,0.4 51.4313
0.5,0.2,0.45 0.00344372
0.5,0.25,0 4.94065e-12
0.5,0.25,0.05 20.1675
0.5,0.25,0.1 266.293
0.5,0.25,0.15 468.032
0.5,0.25,0.2 693.406
0.5,0.25,0.25 536.447
0.5,0.25,0.3 601.286
0.5,0.25,0.35 621.521
0.5,0.25,0.4 143.853
0.5,0.25,0.45 0.00592785
0.5,0.3,0 3.07438e-11
0.5,0.3,0.05 91.8212
0.5,0.3,0.1 530.595
0.5,0.3,0.15 594.255
0.5,0.3,0.2 738.068
0.5,0.3,0.25 404.638
0.5,0.3,0.3 658.267
0.5,0.3,0.35 449.523
0.5,0.3,0.4 106.166
0.5,0.3,0.45 9.87811
0.5,0.35,0 1.22556e-11
0.5,0.35,0.05 82.9393
0.5,0.35,0.1 565.191
0.5,0.35,0.15 520.376
0.5,0.35,0.2 447.798
0.5,0.35,0.25 290.954
0.5,0.35,0.3 457.183
0.5,0.35,0.35 535.54
0.5,0.35,0.4 447.7
0.5,0.35,0.45 64.4469
0.5,0.4,0 2.31649e-12
0.5,0.4,0.05 47.4593
0.5,0.4,0.1 381.683
0.5,0.4,0.15 288.931
0.5,0.4,0.2 361.095
0.5,0.4,0.25 330.314
0.5,0.4,0.3 281.354
0.5,0.4,0.35 425.295
0.5,0.4,0.4 410.784
0.5,0.4,0.45 40.7969
0.5,0.4,0.5 0.000275995
0.5,0.45,0 2.9753e-10
0.5,0.45,0.05 51.4907
0.5,0.45,0.1 373.665
0.5,0.45,0.15 277.719
0.5,0.45,0.2 468.182
0.5,0.45,0.25 508.207
0.5,0.45,0.3 229.248
0.5,0.45,0.35 139.512
0.5,0.45,0.4 129.657
0.5,0.45,0.45 17.91
0.5,0.45,0.5 0.00411999
0.5,0.5,0 5.67498e-09
0.5,0.5,0.05 108.744
0.5,0.5,0.1 489.138
0.5,0.5,0.15 424.61
0.5,0.5,0.2 659.607
0.5,0.5,0.25 724.831
0.5,0.5,0.3 350.201
0.5,0.5,0.35 288.553
0.5,0.5,0.4 341.629
0.5,0.5,0.45 32.9612
0.5,0.5,0.5 0.00316662
0.5,0.55,0 5.72663e-09
0.5,0.55,0.05 76.2419
0.5,0.55,0.1 378.004
0.5,0.55,0.15 648.499
0.5,0.55,0.2 892.922
0.5,0.55,0.25 470.524
0.5,0.55,0.3 541.076
0.5,0.55,0.35 253.295
0.5,0.55,0.4 135.663
0.5,0.55,0.45 10.7857
0.5,0.55,0.5 8.11704e-05
0.5,0.6,0 3.34617e-10
0.5,0.6,0.05 9.66099
0.5,0.6,0.1 148.668
0.5,0.6,0.15 413.388
0.5,0.6,0.2 418.709
0.5,0.6,0.25 236.137
0.5,0.6,0.3 178.818
0.5,0.6,0.35 63.152
0.5,0.6,0.4 1.19242
0.5,0.6,0.45 0.0482865
0.5,0.65,0 1.78479e-11
0.5,0.65,0.05 4.25276
0.5,0.65,0.1 38.9593
0.5,0.65,0.15 261.005
0.5,0.65,0.2 431.977
0.5,0.65,0.25 568.912
0.5,0.65,0.3 326.19
0.5,0.65,0.35 9.26209
0.5,0.65,0.4 0.00904736
0.5,0.65,0.45 9.04447e-05
0.5,0.7,0 4.11456e-12
0.5,0.7,0.05 0.221518
0.5,0.7,0.1 3.82462
0.5,0.7,0.15 83.5385
0.5,0.7,0.2 358.96
0.5,0.7,0.25 813.042
0.5,0.7,0.3 326.328
0.5,0.7,0.35 6.43678
0.5,0.7,0.4 0.00550141
0.5,0.7,0.45 7.61192e-05
0.5,0.75,0 1.82775e-08
0.5,0.75,0.05 4.57934
0.5,0.75,0.1 32.9811
0.5,0.75,0.15 19.7956
0.5,0.75,0.2 82.6634
0.5,0.75,0.25 370.682
0.5,0.75,0.3 136.078
0.5,0.75,0.35 0.870073
0.5,0.75,0.4 0.000171513
0.5,0.75,0.45 2.3731e-06
0.5,0.8,0 1.78866e-07
0.5,0.8,0.05 27.667
0.5,0.8,0.1 123.19
0.5,0.8,0.15 37.8986
0.5,0.8,0.2 3.35298
0.5,0.8,0.25 20.2105
0.5,0.8,0.3 8.26904
0.5,0.8,0.35 0.081416
0.5,0.85,0 1.65992e-07
0.5,0.85,0.05 25.2605
0.5,0.85,0.1 100.995
0.5,0.85,0.15 25.3778
0.5,0.85,0.2 0.00511031
0.5,0.9,0 8.96276e-09
0.5,0.9,0.05 1.38416
0.5,0.9,0.1 5.50572
0.5,0.9,0.15 1.36874
0.55,0.05,0.25 7.45878e-07
0.55,0.05,0.3 0.00204197
0.55,0.05,0.35 0.00649287
0.55,0.05,0.4 0.0012876
0.55,0.1,0.05 0.0327198
0.55,0.1,0.1 0.250289
0.55,0.1,0.15 0.352784
0.55,0.1,0.2 2.0442
0.55,0.1,0.25 7.0477
0.55,0.1,0.3 3.25316
0.55,0.1,0.35 2.08472
0.55,0.1,0.4 0.408469
0.55,0.15,0.05 11.6001
0.55,0.15,0.1 95.0967
0.55,0.15,0.15 57.0271
0.55,0.15,0.2 67.6921
0.55,0.15,0.25 277.948
0.55,0.15,0.3 114.744
0.55,0.15,0.35 10.3866
0.55,0.15,0.4 1.6608
0.55,0.15,0.45 6.92605e-05
0.55,0.2,0.05 29.671
0.55,0.2,0.1 299.54
0.55,0.2,0.15 275.059
0.55,0.2,0.2 313.74
0.55,0.2,0.25 502.719
0.55,0.2,0.3 245.046
0.55,0.2,0.35 203.043
0.55,0.2,0.4 55.6033
0.55,0.2,0.45 0.00561247
0.55,0.25,0 1.84503e-13
0.55,0.25,0.05 16.3243
0.55,0.25,0.1 213.067
0.55,0.25,0.15 382.051
0.55,0.25,0.2 539.026
0.55,0.25,0.25 427.776
0.55,0.25,0.3 516.914
0.55,0.25,0.35 436.638
0.55,0.25,0.4 101.732
0.55,0.25,0.45 0.00966009
0.55,0.3,0 1.20582e-12
0.55,0.3,0.05 33.7254
0.55,0.3,0.1 400.636
0.55,0.3,0.15 586.866
0.55,0.3,0.2 511.98
0.55,0.3,0.25 674.304
0.55,0.3,0.3 999.802
0.55,0.3,0.35 332.383
0.55,0.3,0.4 19.6829
0.55,0.3,0.45 0.647323
0.55,0.35,0 4.84349e-13
0.55,0.35,0.05 21.9412
0.55,0.35,0.1 391.775
0.55,0.35,0.15 529.429
0.55,0.35,0.2 381.968
0.55,0.35,0.25 401.264
0.55,0.35,0.3 377.709
0.55,0.35,0.35 261.382
0.55,0.35,0.4 41.6498
0.55,0.35,0.45 4.41379
0.55,0.4,0 1.11423e-14
0.55,0.4,0.05 16.6884
0.55,0.4,0.1 244.357
0.55,0.4,0.15 287.378
0.55,0.4,0.2 212.395
0.55,0.4,0.25 244.278
0.55,0.4,0.3 92.9167
0.55,0.4,0.35 73.2383
0.55,0.4,0.4 36.3881
0.55,0.4,0.45 3.13415
0.55,0.45,0 8.67379e-11
0.55,0.45,0.05 22.5559
0.55,0.45,0.1 349.416
0.55,0.45,0.15 330.629
0.55,0.45,0.2 143.071
0.55,0.45,0.25 493.585
0.55,0.45,0.3 359.736
0.55,0.45,0.35 23.9297
0.55,0.45,0.4 4.55942
0.55,0.45,0.45 0.316337
0.55,0.5,0 2.0487e-09
0.55,0.5,0.05 33.8713
0.55,0.5,0.1 327.851
0.55,0.5,0.15 374.172
0.55,0.5,0.2 437.739
0.55,0.5,0.25 832.63
0.55,0.5,0.3 430.393
0.55,0.5,0.35 37.0737
0.55,0.5,0.4 2.57801
0.55,0.5,0.45 0.182126
0.55,0.55,0 2.08202e-09
0.55,0.55,0.05 27.9032
0.55,0.55,0.1 201.87
0.55,0.55,0.15 355.511
0.55,0.55,0.2 644.119
0.55,0.55,0.25 492.232
0.55,0.55,0.3 383.995
0.55,0.55,0.35 154.273
0.55,0.55,0.4 2.52084
0.55,0.55,0.45 0.0776412
0.55,0.6,0 9.31946e-11
0.55,0.6,0.05 2.39438
0.55,0.6,0.1 151.311
0.55,0.6,0.15 366.823
0.55,0.6,0.2 345.296
0.55,0.6,0.25 669.47
0.55,0.6,0.3 461.413
0.55,0.6,0.35 82.0867
0.55,0.6,0.4 0.680041
0.55,0.6,0.45 0.000325052
0.55,0.65,0.05 10.747
0.55,0.65,0.1 121.845
0.55,0.65,0.15 161.634
0.55,0.65,0.2 138.839
0.55,0.65,0.25 559.819
0.55,0.65,0.3 504.627
0.55,0.65,0.35 38.9515
0.55,0.65,0.4 0.283089
0.55,0.7,0 2.02185e-13
0.55,0.7,0.05 10.4949
0.55,0.7,0.1 130.736
0.55,0.7,0.15 287.852
0.55,0.7,0.2 276.404
0.55,0.7,0.25 358.915
0.55,0.7,0.3 353.906
0.55,0.7,0.35 45.6442
0.55,0.7,0.4 0.269757
0.55,0.75,0 1.42716e-08
0.55,0.75,0.05 31.6344
0.55,0.75,0.1 350.653
0.55,0.75,0.15 395.74
0.55,0.75,0.2 109.802
0.55,0.75,0.25 163.533
0.55,0.75,0.3 236.435
0.55,0.75,0.35 41.7118
0.55,0.75,0.4 0.0109305
0.55,0.8,0 4.45828e-07
0.55,0.8,0.05 101.501
0.55,0.8,0.1 553.672
0.55,0.8,0.15 243.474
0.55,0.8,0.2 12.5837
0.55,0.8,0.25 18.8385
0.55,0.8,0.3 29.934
0.55,0.8,0.35 5.70262
0.55,0.85,0 5.23549e-07
0.55,0.85,0.05 87.0139
0.55,0.85,0.1 351.667
0.55,0.85,0.15 90.2927
0.55,0.85,0.2 0.346178
0.55,0.85,0.25 0.413978
0.55,0.85,0.3 0.0313411
0.55,0.9,0 2.99179e-08
0.55,0.9,0.05 5.75641
0.55,0.9,0.1 22.9211
0.55,0.9,0.15 5.70429
0.55,0.95,0 9.51499e-18
0.55,0.95,0.05 1.11451e-05
0.55,0.95,0.1 4.45676e-05
0.55,0.95,0.15 1.11387e-05
0.6,0.1,0.05 0.0483429
0.6,0.1,0.1 0.369785
0.6,0.1,0.15 0.17076
0.6,0.1,0.2 2.84156
0.6,0.1,0.25 12.4957
0.6,0.1,0.3 3.48235
0.6,0.1,0.35 0.0010529
0.6,0.15,0.05 16.9667
0.6,0.15,0.1 129.808
0.6,0.15,0.15 59.9787
0.6,0.15,0.2 75.7462
0.6,0.15,0.25 341.649
0.6,0.15,0.3 98.6361
0.6,0.15,0.35 0.259989
0.6,0.15,0.4 0.061804
0.6,0.15,0.45 6.37275e-06
0.6,0.2,0.05 41.8585
0.6,0.2,0.1 326.607
0.6,0.2,0.15 229.885
0.6,0.2,0.2 201.44
0.6,0.2,0.25 413.428
0.6,0.2,0.3 120.21
0.6,0.2,0.35 17.4601
0.6,0.2,0.4 5.00824
0.6,0.2,0.45 0.000516411
0.6,0.25,0.05 7.34963
0.6,0.25,0.1 83.4125
0.6,0.25,0.15 366.515
0.6,0.25,0.2 580.592
0.6,0.25,0.25 321.022
0.6,0.25,0.3 132.312
0.6,0.25,0.35 47.0869
0.6,0.25,0.4 8.62312
0.6,0.25,0.45 0.000888831
0.6,0.3,0.05 3.14893
0.6,0.3,0.1 57.631
0.6,0.3,0.15 191.752
0.6,0.3,0.2 573.271
0.6,0.3,0.25 794.987
0.6,0.3,0.3 337.482
0.6,0.3,0.35 53.8696
0.6,0.3,0.4 0.929759
0.6,0.3,0.45 8.7813e-05
0.6,0.35,0.05 2.50427
0.6,0.35,0.1 128.752
0.6,0.35,0.15 462.893
0.6,0.35,0.2 675.836
0.6,0.35,0.25 423.482
0.6,0.35,0.3 111.216
0.6,0.35,0.35 16.5381
0.6,0.35,0.4 0.266896
0.6,0.4,0.05 1.11076
0.6,0.4,0.1 97.9327
0.6,0.4,0.15 493.452
0.6,0.4,0.2 352.936
0.6,0.4,0.25 81.1255
0.6,0.4,0.3 63.1165
0.6,0.4,0.35 10.1109
0.6,0.4,0.4 0.0671246
0.6,0.45,0 1.27272e-13
0.6,0.45,0.05 3.40486
0.6,0.45,0.1 251.126
0.6,0.45,0.15 532.029
0.6,0.45,0.2 135.106
0.6,0.45,0.25 429.519
0.6,0.45,0.3 513.161
0.6,0.45,0.35 39.586
0.6,0.45,0.4 0.00935029
0.6,0.5,0 3.01477e-12
0.6,0.5,0.05 4.78018
0.6,0.5,0.1 286.452
0.6,0.5,0.15 515.949
0.6,0.5,0.2 169.722
0.6,0.5,0.25 515.021
0.6,0.5,0.3 512.489
0.6,0.5,0.35 69.864
0.6,0.5,0.4 3.17645
0.6,0.55,0 3.06421e-12
0.6,0.55,0.05 0.86883
0.6,0.55,0.1 45.6498
0.6,0.55,0.15 89.0367
0.6,0.55,0.2 142.511
0.6,0.55,0.25 308.9
0.6,0.55,0.3 302.459
0.6,0.55,0.35 136.143
0.6,0.55,0.4 8.82497
0.6,0.6,0 1.3716e-13
0.6,0.6,0.05 1.71809
0.6,0.6,0.1 27.6287
0.6,0.6,0.15 38.4947
0.6,0.6,0.2 149.19
0.6,0.6,0.25 794.914
0.6,0.6,0.3 772.197
0.6,0.6,0.35 108.592
0.6,0.6,0.4 1.66222
0.6,0.65,0.05 29.8794
0.6,0.65,0.1 286.424
0.6,0.65,0.15 211.696
0.6,0.65,0.2 111.537
0.6,0.65,0.25 410.228
0.6,0.65,0.3 569.406
0.6,0.65,0.35 174.558
0.6,0.65,0.4 2.27321
0.6,0.7,0 2.48195e-12
0.6,0.7,0.05 26.8081
0.6,0.7,0.1 302.048
0.6,0.7,0.15 459.958
0.6,0.7,0.2 385.883
0.6,0.7,0.25 458.907
0.6,0.7,0.3 517.226
0.6,0.7,0.35 180.885
0.6,0.7,0.4 2.18706
0.6,0.75,0 3.45659e-09
0.6,0.75,0.05 55.0522
0.6,0.75,0.1 438.544
0.6,0.75,0.15 520.238
0.6,0.75,0.2 264.457
0.6,0.75,0.25 425.969
0.6,0.75,0.3 424.039
0.6,0.75,0.35 79.1219
0.6,0.75,0.4 0.0886192
0.6,0.8,0 9.39846e-08
0.6,0.8,0.05 131.435
0.6,0.8,0.1 628.507
0.6,0.8,0.15 257.591
0.6,0.8,0.2 143.706
0.6,0.8,0.25 203.764
0.6,0.8,0.3 64.2763
0.6,0.8,0.35 10.2341
0.6,0.85,0 1.09314e-07
0.6,0.85,0.05 107.967
0.6,0.85,0.1 434.603
0.6,0.85,0.15 110.407
0.6,0.85,0.2 9.48245
0.6,0.85,0.25 13.3657
0.6,0.85,0.3 1.01188
0.6,0.9,0 6.2527e-09
0.6,0.9,0.05 22.1589
0.6,0.9,0.1 88.5901
0.6,0.9,0.15 22.1361
0.6,0.95,0 1.77506e-16
0.6,0.95,0.05 0.000207916
0.6,0.95,0.1 0.000831427
0.6,0.95,0.15 0.000207798
0.65,0.1,0.05 0.00389304
0.65,0.1,0.1 0.0297787
0.65,0.1,0.15 0.0137513
0.65,0.1,0.2 1.68952
0.65,0.1,0.25 7.07951
0.65,0.1,0.3 1.85421
0.65,0.1,0.35 8.57987e-06
0.65,0.15,0.05 1.36629
0.65,0.15,0.1 10.4511
0.65,0.15,0.15 4.8267
0.65,0.15,0.2 40.9493
0.65,0.15,0.25 174.276
0.65,0.15,0.3 47.8007
0.65,0.15,0.35 0.0994232
0.65,0.2,0.05 3.37029
0.65,0.2,0.1 33.4481
0.65,0.2,0.15 92.0552
0.65,0.2,0.2 109.087
0.65,0.2,0.25 320.326
0.65,0.2,0.3 148.594
0.65,0.2,0.35 3.01119
0.65,0.2,0.4 1.91619e-09
0.65,0.25,0.05 0.510487
0.65,0.25,0.1 32.7678
0.65,0.25,0.15 310.321
0.65,0.25,0.2 340.652
0.65,0.25,0.25 531.508
0.65,0.25,0.3 209.196
0.65,0.25,0.35 3.51627
0.65,0.25,0.4 3.93485e-06
0.65,0.3,0.05 0.0020872
0.65,0.3,0.1 6.94635
0.65,0.3,0.15 125.8
0.65,0.3,0.2 487.787
0.65,0.3,0.25 460.877
0.65,0.3,0.3 86.4929
