0.45,0.05,0.35 1.25011
0.45,0.1,0 7.61627e-12
0.45,0.1,0.05 23.2169
0.45,0.1,0.1 92.8883
0.45,0.1,0.15 34.299
0.45,0.1,0.2 115.801
0.45,0.1,0.25 195.206
0.45,0.1,0.3 257.594
0.45,0.1,0.35 37.984
0.45,0.15,0 7.58328e-11
0.45,0.15,0.05 152.711
0.45,0.15,0.1 611.588
0.45,0.15,0.15 246.964
0.45,0.15,0.2 334.686
0.45,0.15,0.25 344.847
0.45,0.15,0.3 343.768
0.45,0.15,0.35 49.0839
0.45,0.2,0 2.37158e-10
0.45,0.2,0.05 164.077
0.45,0.2,0.1 657.967
0.45,0.2,0.15 262.021
0.45,0.2,0.2 297.081
0.45,0.2,0.25 282.581
0.45,0.2,0.3 78.2975
0.45,0.2,0.35 7.54633
0.45,0.25,0 1.51693e-10
0.45,0.25,0.05 117.886
0.45,0.25,0.1 475.182
0.45,0.25,0.15 176.633
0.45,0.25,0.2 327.005
0.45,0.25,0.25 392.851
0.45,0.25,0.3 46.221
0.45,0.25,0.35 0.252453
0.45,0.3,0 2.12015e-10
0.45,0.3,0.05 138.07
0.45,0.3,0.1 575.356
0.45,0.3,0.15 472.995
0.45,0.3,0.2 659.217
0.45,0.3,0.25 290.853
0.45,0.3,0.3 26.9506
0.45,0.3,0.35 5.22453
0.45,0.3,0.4 0.695069
0.45,0.35,0 1.11207e-09
0.45,0.35,0.05 143.042
0.45,0.35,0.1 586.692
0.45,0.35,0.15 378.035
0.45,0.35,0.2 514.334
0.45,0.35,0.25 468.55
0.45,0.35,0.3 344.882
0.45,0.35,0.35 131.682
0.45,0.35,0.4 7.7536
0.45,0.4,0 7.68422e-10
0.45,0.4,0.05 76.6746
0.45,0.4,0.1 319.677
0.45,0.4,0.15 256.66
0.45,0.4,0.2 308.563
0.45,0.4,0.25 437.541
0.45,0.4,0.3 730.713
0.45,0.4,0.35 352.274
0.45,0.4,0.4 21.802
0.45,0.4,0.45 0.0486885
0.45,0.45,0 1.19874e-10
0.45,0.45,0.05 74.0045
0.45,0.45,0.1 345.333
0.45,0.45,0.15 520.043
0.45,0.45,0.2 443.728
0.45,0.45,0.25 582.045
0.45,0.45,0.3 546.505
0.45,0.45,0.35 258.598
0.45,0.45,0.4 61.2289
0.45,0.45,0.45 0.274616
0.45,0.5,0 8.34616e-10
0.45,0.5,0.05 115.412
0.45,0.5,0.1 490.508
0.45,0.5,0.15 425.295
0.45,0.5,0.2 645.571
0.45,0.5,0.25 488.614
0.45,0.5,0.3 978.871
0.45,0.5,0.35 521.363
0.45,0.5,0.4 116.699
0.45,0.5,0.45 3.1737
0.45,0.55,0 4.47662e-09
0.45,0.55,0.05 109.878
0.45,0.55,0.1 457.447
0.45,0.55,0.15 363.244
0.45,0.55,0.2 658.78
0.45,0.55,0.25 345.765
0.45,0.55,0.3 755.383
0.45,0.55,0.35 527.614
0.45,0.55,0.4 221.799
0.45,0.55,0.45 7.44332
0.45,0.6,0 1.47217e-08
0.45,0.6,0.05 143.698
0.45,0.6,0.1 577.308
0.45,0.6,0.15 376.771
0.45,0.6,0.2 731.156
0.45,0.6,0.25 269.727
0.45,0.6,0.3 67.6151
0.45,0.6,0.35 53.4394
0.45,0.6,0.4 32.5349
0.45,0.6,0.45 1.10053
0.45,0.65,0 4.85193e-09
0.45,0.65,0.05 94.0175
0.45,0.65,0.1 376.474
0.45,0.65,0.15 193.581
0.45,0.65,0.2 332.614
0.45,0.65,0.25 107.018
0.45,0.65,0.3 27.758
0.45,0.65,0.35 2.63191
0.45,0.65,0.4 0.0376909
0.45,0.65,0.45 0.000757465
0.45,0.7,0 2.50272e-10
0.45,0.7,0.05 9.40252
0.45,0.7,0.1 42.1983
0.45,0.7,0.15 25.7643
0.45,0.7,0.2 60.3099
0.45,0.7,0.25 50.086
0.45,0.7,0.3 7.99524
0.45,0.7,0.35 0.550603
0.45,0.7,0.4 0.0151359
0.45,0.7,0.45 0.000304183
0.45,0.75,0 2.20645e-07
0.45,0.75,0.05 25.1024
0.45,0.75,0.1 109.17
0.45,0.75,0.15 51.0236
0.45,0.75,0.2 188.021
0.45,0.75,0.25 213.672
0.45,0.75,0.3 12.0185
0.45,0.75,0.35 5.8972e-05
0.45,0.75,0.4 4.08962e-05
0.45,0.75,0.45 8.21883e-07
0.45,0.8,0 7.13495e-07
0.45,0.8,0.05 80.9503
0.45,0.8,0.1 322.957
0.45,0.8,0.15 85.0466
0.45,0.8,0.2 71.7685
0.45,0.8,0.25 81.282
0.45,0.8,0.3 4.44283
0.45,0.85,0 1.43975e-07
0.45,0.85,0.05 16.334
0.45,0.85,0.1 64.9318
0.45,0.85,0.15 16.1393
0.45,0.85,0.2 0.172273
0.45,0.85,0.25 0.195081
0.45,0.85,0.3 0.0105785
0.45,0.9,0 1.66874e-12
0.45,0.9,0.05 0.000257712
0.45,0.9,0.1 0.00102509
0.45,0.9,0.15 0.00025484
0.5,0.05,0.15 0.00160297
0.5,0.05,0.2 0.0295422
0.5,0.05,0.25 1.60068
0.5,0.05,0.3 3.86538
0.5,0.05,0.35 0.579516
0.5,0.1,0 1.42292e-12
0.5,0.1,0.05 5.56671
0.5,0.1,0.1 22.3307
0.5,0.1,0.15 13.1096
0.5,0.1,0.2 24.4024
0.5,0.1,0.25 106.372
0.5,0.1,0.3 159.6
0.5,0.1,0.35 20.241
0.5,0.15,0 1.48564e-11
0.5,0.15,0.05 38.6546
0.5,0.15,0.1 156.962
0.5,0.15,0.15 205.018
0.5,0.15,0.2 503.069
0.5,0.15,0.25 641.582
0.5,0.15,0.3 591.856
0.5,0.15,0.35 69.3974
0.5,0.2,0 5.26509e-11
0.5,0.2,0.05 114.753
0.5,0.2,0.1 470.954
0.5,0.2,0.15 459.83
0.5,0.2,0.2 804.473
0.5,0.2,0.25 587.043
0.5,0.2,0.3 355.365
0.5,0.2,0.35 45.3968
0.5,0.25,0 5.93058e-11
0.5,0.25,0.05 100.351
0.5,0.25,0.1 413.692
0.5,0.25,0.15 319.316
0.5,0.25,0.2 398.842
0.5,0.25,0.25 359.558
0.5,0.25,0.3 79.9035
0.5,0.25,0.35 2.20225
0.5,0.3,0 3.00181e-10
0.5,0.3,0.05 158.789
0.5,0.3,0.1 684.409
0.5,0.3,0.15 798.737
0.5,0.3,0.2 591.869
0.5,0.3,0.25 169.023
0.5,0.3,0.3 52.5709
0.5,0.3,0.35 46.7507
0.5,0.3,0.4 6.88828
0.5,0.35,0 1.15485e-09
0.5,0.35,0.05 184.549
0.5,0.35,0.1 768.218
0.5,0.35,0.15 608.375
0.5,0.35,0.2 558.959
0.5,0.35,0.25 148.088
0.5,0.35,0.3 249.509
0.5,0.35,0.35 403.975
0.5,0.35,0.4 52.1658
0.5,0.4,0 1.0665e-09
0.5,0.4,0.05 97.1096
0.5,0.4,0.1 396.888
0.5,0.4,0.15 311.277
0.5,0.4,0.2 377.197
0.5,0.4,0.25 277.345
0.5,0.4,0.3 654.738
0.5,0.4,0.35 430.711
0.5,0.4,0.4 28.8854
0.5,0.4,0.45 3.34514e-05
0.5,0.45,0 1.66914e-09
0.5,0.45,0.05 106.812
0.5,0.45,0.1 440.275
0.5,0.45,0.15 381.797
0.5,0.45,0.2 441.257
0.5,0.45,0.25 553.911
0.5,0.45,0.3 351.473
0.5,0.45,0.35 96.9249
0.5,0.45,0.4 1.77758
0.5,0.45,0.45 0.00753071
0.5,0.5,0 5.01305e-09
0.5,0.5,0.05 145.991
0.5,0.5,0.1 586.765
0.5,0.5,0.15 373.058
0.5,0.5,0.2 545.868
0.5,0.5,0.25 263.64
0.5,0.5,0.3 224.831
0.5,0.5,0.35 144.73
0.5,0.5,0.4 67.8991
0.5,0.5,0.45 2.29014
0.5,0.55,0 6.35302e-09
0.5,0.55,0.05 177.253
0.5,0.55,0.1 718.926
0.5,0.55,0.15 640.612
0.5,0.55,0.2 813.649
0.5,0.55,0.25 156.981
0.5,0.55,0.3 244.862
0.5,0.55,0.35 259.17
0.5,0.55,0.4 163.423
0.5,0.55,0.45 5.52681
0.5,0.6,0 3.50025e-09
0.5,0.6,0.05 96.0384
0.5,0.6,0.1 393.075
0.5,0.6,0.15 439.817
0.5,0.6,0.2 535.009
0.5,0.6,0.25 72.6611
0.5,0.6,0.3 26.3405
0.5,0.6,0.35 34.2442
0.5,0.6,0.4 24.1428
0.5,0.6,0.45 0.81709
0.5,0.65,0 2.35742e-09
0.5,0.65,0.05 114.511
0.5,0.65,0.1 461.912
0.5,0.65,0.15 235.262
0.5,0.65,0.2 171.158
0.5,0.65,0.25 17.2205
0.5,0.65,0.3 0.0313634
0.5,0.7,0 5.66663e-10
0.5,0.7,0.05 31.1303
0.5,0.7,0.1 199.877
0.5,0.7,0.15 293.918
0.5,0.7,0.2 142.95
0.5,0.7,0.25 7.80554
0.5,0.7,0.3 0.0562538
0.5,0.75,0 1.69911e-08
0.5,0.75,0.05 9.53254
0.5,0.75,0.1 180.564
0.5,0.75,0.15 311.013
0.5,0.75,0.2 51.8805
0.5,0.75,0.25 7.20307
0.5,0.75,0.3 0.359909
0.5,0.8,0 1.74687e-07
0.5,0.8,0.05 32.0259
0.5,0.8,0.1 144.734
0.5,0.8,0.15 67.0551
0.5,0.8,0.2 6.504
0.5,0.8,0.25 2.61548
0.5,0.8,0.3 0.141842
0.5,0.85,0 1.65146e-07
0.5,0.85,0.05 25.4829
0.5,0.85,0.1 101.367
0.5,0.85,0.15 25.2014
0.5,0.85,0.2 0.00557124
0.5,0.85,0.25 0.00633605
0.5,0.85,0.3 0.000343614
0.5,0.9,0 8.96276e-09
0.5,0.9,0.05 1.38416
0.5,0.9,0.1 5.50572
0.5,0.9,0.15 1.36874
0.55,0.05,0.2 2.59291e-05
0.55,0.05,0.25 0.00865325
0.55,0.05,0.3 0.0211513
0.55,0.05,0.35 0.00317153
0.55,0.1,0 3.89815e-13
0.55,0.1,0.05 0.0985743
0.55,0.1,0.1 1.63934
0.55,0.1,0.15 22.8888
0.55,0.1,0.2 26.2878
0.55,0.1,0.25 45.9405
0.55,0.1,0.3 32.8163
0.55,0.1,0.35 1.65328
0.55,0.15,0 1.09063e-10
0.55,0.15,0.05 30.438
0.55,0.15,0.1 130.975
0.55,0.15,0.15 214.853
0.55,0.15,0.2 295.177
0.55,0.15,0.25 379.499
0.55,0.15,0.3 293.22
0.55,0.15,0.35 25.9753
0.55,0.2,0 2.5975e-10
0.55,0.2,0.05 104.52
0.55,0.2,0.1 441.46
0.55,0.2,0.15 580.33
0.55,0.2,0.2 739.23
0.55,0.2,0.25 374.922
0.55,0.2,0.3 298.076
0.55,0.2,0.35 39.33
0.55,0.25,0 6.03692e-11
0.55,0.25,0.05 61.592
0.55,0.25,0.1 275.619
0.55,0.25,0.15 565.958
0.55,0.25,0.2 664.489
0.55,0.25,0.25 790.812
0.55,0.25,0.3 472.96
0.55,0.25,0.35 38.9933
0.55,0.25,0.4 0.00306106
0.55,0.3,0 3.44417e-10
0.55,0.3,0.05 102.31
0.55,0.3,0.1 433.503
0.55,0.3,0.15 486.633
0.55,0.3,0.2 564.433
0.55,0.3,0.25 673.867
0.55,0.3,0.3 292.551
0.55,0.3,0.35 40.8027
0.55,0.3,0.4 3.96472
0.55,0.35,0 1.66529e-09
0.55,0.35,0.05 147.885
0.55,0.35,0.1 602.037
0.55,0.35,0.15 240.695
0.55,0.35,0.2 207.456
0.55,0.35,0.25 87.7038
0.55,0.35,0.3 108.65
0.55,0.35,0.35 201.256
0.55,0.35,0.4 28.7524
0.55,0.4,0 1.13908e-09
0.55,0.4,0.05 78.4846
0.55,0.4,0.1 317.175
0.55,0.4,0.15 128.604
0.55,0.4,0.2 114.052
0.55,0.4,0.25 125.954
0.55,0.4,0.3 121.468
0.55,0.4,0.35 106.658
0.55,0.4,0.4 12.8558
0.55,0.45,0 1.94604e-09
0.55,0.45,0.05 112.884
0.55,0.45,0.1 453.545
0.55,0.45,0.15 286.116
0.55,0.45,0.2 456.036
0.55,0.45,0.25 403.647
0.55,0.45,0.3 108.526
0.55,0.45,0.35 9.72426
0.55,0.45,0.4 0.0946634
0.55,0.45,0.45 0.000174082
0.55,0.5,0 2.97876e-09
0.55,0.5,0.05 100.754
0.55,0.5,0.1 410.839
0.55,0.5,0.15 495.5
0.55,0.5,0.2 757.73
0.55,0.5,0.25 173.54
0.55,0.5,0.3 18.5322
0.55,0.5,0.35 2.02881
0.55,0.5,0.4 1.60278
0.55,0.5,0.45 0.0542482
0.55,0.55,0 4.29293e-09
0.55,0.55,0.05 85.3651
0.55,0.55,0.1 391.145
0.55,0.55,0.15 675.271
0.55,0.55,0.2 772.993
0.55,0.55,0.25 146.439
0.55,0.55,0.3 8.23152
0.55,0.55,0.35 4.71261
0.55,0.55,0.4 3.86809
0.55,0.55,0.45 0.130921
0.55,0.6,0 4.28921e-09
0.55,0.6,0.05 89.2118
0.55,0.6,0.1 392.313
0.55,0.6,0.15 422.967
0.55,0.6,0.2 358.92
0.55,0.6,0.25 77.1593
0.55,0.6,0.3 3.88499
0.55,0.6,0.35 0.692972
0.55,0.6,0.4 0.571863
0.55,0.6,0.45 0.0193556
0.55,0.65,0 8.54032e-10
0.55,0.65,0.05 60.0808
0.55,0.65,0.1 274.213
0.55,0.65,0.15 484.112
0.55,0.65,0.2 559.405
0.55,0.65,0.25 67.6039
0.55,0.65,0.3 0.261228
0.55,0.7,0 1.304e-10
0.55,0.7,0.05 41.8992
0.55,0.7,0.1 341.166
0.55,0.7,0.15 766.332
0.55,0.7,0.2 675.575
0.55,0.7,0.25 58.6331
0.55,0.7,0.3 0.0136973
0.55,0.75,0 1.43001e-08
0.55,0.75,0.05 80.6544
0.55,0.75,0.1 545.528
0.55,0.75,0.15 455.324
0.55,0.75,0.2 77.6791
0.55,0.75,0.25 3.61755
0.55,0.8,0 4.45858e-07
0.55,0.8,0.05 145.723
0.55,0.8,0.1 602.36
0.55,0.8,0.15 179.85
0.55,0.8,0.2 3.48467
0.55,0.85,0 5.23551e-07
0.55,0.85,0.05 89.3176
0.55,0.85,0.1 355.453
0.55,0.85,0.15 88.4116
0.55,0.9,0 2.99179e-08
0.55,0.9,0.05 5.75641
0.55,0.9,0.1 22.9211
0.55,0.9,0.15 5.70429
0.55,0.95,0 9.51499e-18
0.55,0.95,0.05 1.11451e-05
0.55,0.95,0.1 4.45676e-05
0.55,0.95,0.15 1.11387e-05
0.6,0.1,0 4.68793e-13
0.6,0.1,0.05 0.118175
0.6,0.1,0.1 3.77123
0.6,0.1,0.15 59.3319
0.6,0.1,0.2 51.3644
0.6,0.1,0.25 3.04531
0.6,0.1,0.3 0.883418
0.6,0.1,0.35 0.0217083
0.6,0.15,0 1.32088e-10
0.6,0.15,0.05 35.144
0.6,0.15,0.1 161.802
0.6,0.15,0.15 421.946
0.6,0.15,0.2 341.34
0.6,0.15,0.25 25.6438
0.6,0.15,0.3 8.78917
0.6,0.15,0.35 0.421094
0.6,0.2,0 3.37996e-10
0.6,0.2,0.05 137.517
0.6,0.2,0.1 567.677
0.6,0.2,0.15 406.624
0.6,0.2,0.2 267.278
0.6,0.2,0.25 192.974
0.6,0.2,0.3 209.951
0.6,0.2,0.35 29.0633
0.6,0.25,0 7.72412e-11
0.6,0.25,0.05 82.8616
0.6,0.25,0.1 444.153
0.6,0.25,0.15 623.483
0.6,0.25,0.2 487.214
0.6,0.25,0.25 711.823
0.6,0.25,0.3 576.819
0.6,0.25,0.35 76.8731
0.6,0.25,0.4 0.0466616
0.6,0.3,0 1.02456e-10
0.6,0.3,0.05 34.3587
0.6,0.3,0.1 296.688
0.6,0.3,0.15 556.712
0.6,0.3,0.2 707.793
0.6,0.3,0.25 755.35
0.6,0.3,0.3 521.911
0.6,0.3,0.35 132.32
0.6,0.3,0.4 0.449103
0.6,0.35,0 5.7752e-10
0.6,0.35,0.05 125.952
0.6,0.35,0.1 688.194
0.6,0.35,0.15 360.546
0.6,0.35,0.2 304.847
0.6,0.35,0.25 151.251
0.6,0.35,0.3 162.959
0.6,0.35,0.35 65.2483
0.6,0.35,0.4 0.543029
0.6,0.4,0 2.65865e-10
0.6,0.4,0.05 65.1302
0.6,0.4,0.1 323.284
0.6,0.4,0.15 172.44
0.6,0.4,0.2 173.065
0.6,0.4,0.25 34.8101
0.6,0.4,0.3 3.25118
0.6,0.4,0.35 1.51543
0.6,0.4,0.4 0.15082
0.6,0.45,0 9.10642e-10
0.6,0.45,0.05 155.001
0.6,0.45,0.1 620.565
0.6,0.45,0.15 382.696
0.6,0.45,0.2 593.74
0.6,0.45,0.25 123.148
0.6,0.45,0.3 5.58912
0.6,0.45,0.35 0.0044882
0.6,0.45,0.4 0.000664201
0.6,0.5,0 1.8639e-09
0.6,0.5,0.05 144.219
0.6,0.5,0.1 583.828
0.6,0.5,0.15 395.107
0.6,0.5,0.2 581.197
0.6,0.5,0.25 142.044
0.6,0.5,0.3 4.89764
0.6,0.55,0 5.1753e-10
0.6,0.55,0.05 20.6991
0.6,0.55,0.1 151.598
0.6,0.55,0.15 452.342
0.6,0.55,0.2 517.181
0.6,0.55,0.25 369.617
0.6,0.55,0.3 31.5569
0.6,0.6,0 3.70083e-10
0.6,0.6,0.05 11.6329
0.6,0.6,0.1 116.281
0.6,0.6,0.15 572.855
0.6,0.6,0.2 670.781
0.6,0.6,0.25 319.026
0.6,0.6,0.3 17.7605
0.6,0.65,0 3.70421e-11
0.6,0.65,0.05 78.8056
0.6,0.65,0.1 431.207
0.6,0.65,0.15 794.157
0.6,0.65,0.2 870.18
0.6,0.65,0.25 212.626
0.6,0.65,0.3 2.15718
0.6,0.7,0 3.41557e-12
0.6,0.7,0.05 82.1596
0.6,0.7,0.1 582.908
0.6,0.7,0.15 851.235
0.6,0.7,0.2 554.056
0.6,0.7,0.25 62.0133
0.6,0.7,0.3 0.119138
0.6,0.75,0 3.47347e-09
0.6,0.75,0.05 93.8338
0.6,0.75,0.1 584.588
0.6,0.75,0.15 367.964
0.6,0.75,0.2 44.1197
0.6,0.75,0.25 2.55417
0.6,0.8,0 9.40025e-08
0.6,0.8,0.05 158.177
0.6,0.8,0.1 661.732
0.6,0.8,0.15 204.996
0.6,0.8,0.2 4.4531
0.6,0.8,0.25 4.36693e-08
0.6,0.85,0 1.09315e-07
0.6,0.85,0.05 109.329
0.6,0.85,0.1 437.335
0.6,0.85,0.15 110.125
0.6,0.85,0.2 0.121951
0.6,0.9,0 6.2527e-09
0.6,0.9,0.05 22.1589
0.6,0.9,0.1 88.5901
0.6,0.9,0.15 22.1361
0.6,0.95,0 1.77506e-16
0.6,0.95,0.05 0.000207916
0.6,0.95,0.1 0.000831427
0.6,0.95,0.15 0.000207798
0.65,0.1,0 2.78256e-14
0.65,0.1,0.05 0.00702944
0.65,0.1,0.1 1.52792
0.65,0.1,0.15 28.7701
0.65,0.1,0.2 25.9198
0.65,0.1,0.25 0.928723
0.65,0.15,0 8.47875e-12
0.65,0.15,0.05 5.17218
0.65,0.15,0.1 39.2396
0.65,0.15,0.15 314.176
0.65,0.15,0.2 281.347
0.65,0.15,0.25 23.8001
0.65,0.15,0.3 5.46179
0.65,0.15,0.35 0.029089
0.65,0.2,0 3.81609e-11
0.65,0.2,0.05 56.2206
0.65,0.2,0.1 259.509
0.65,0.2,0.15 285.218
0.65,0.2,0.2 235.548
0.65,0.2,0.25 303.215
0.65,0.2,0.3 130.513
0.65,0.2,0.35 3.11559
0.65,0.25,0 2.47491e-11
0.65,0.25,0.05 69.7693
0.65,0.25,0.1 472.037
0.65,0.25,0.15 414.046
0.65,0.25,0.2 251.041
0.65,0.25,0.25 367.102
0.65,0.25,0.3 178.634
0.65,0.25,0.35 17.4679
0.65,0.25,0.4 0.0363647
0.65,0.3,0 1.37717e-12
0.65,0.3,0.05 31.7278
0.65,0.3,0.1 393.909
0.65,0.3,0.15 714.016
0.65,0.3,0.2 646.57
0.65,0.3,0.25 253.597
0.65,0.3,0.3 251.2
0.65,0.3,0.35 96.6878
0.65,0.3,0.4 0.313952
0.65,0.35,0 1.27621e-12
0.65,0.35,0.05 100.349
0.65,0.35,0.1 653.233
0.65,0.35,0.15 467.256
0.65,0.35,0.2 222.713
0.65,0.35,0.25 66.7798
0.65,0.35,0.3 118.838
0.65,0.35,0.35 49.035
0.65,0.35,0.4 0.160575
0.65,0.4,0 3.85562e-11
0.65,0.4,0.05 86.0809
0.65,0.4,0.1 427.794
0.65,0.4,0.15 158.089
0.65,0.4,0.2 42.4074
0.65,0.4,0.25 6.62779
0.65,0.4,0.3 0.951383
0.65,0.4,0.35 0.395527
0.65,0.4,0.4 0.00129526
0.65,0.45,0 2.54121e-10
0.65,0.45,0.05 158.906
0.65,0.45,0.1 636.685
