0.65,0.45,0.25 68.0162
0.65,0.45,0.3 0.0106016
0.65,0.5,0 2.44176e-10
0.65,0.5,0.05 93.5731
0.65,0.5,0.1 375.771
0.65,0.5,0.15 291.692
0.65,0.5,0.2 682.004
0.65,0.5,0.25 172.278
0.65,0.5,0.3 0.938198
0.65,0.55,0 5.31382e-11
0.65,0.55,0.05 43.9544
0.65,0.55,0.1 183.205
0.65,0.55,0.15 290.843
0.65,0.55,0.2 650.251
0.65,0.55,0.25 199.866
0.65,0.55,0.3 8.11893
0.65,0.6,0 1.89026e-11
0.65,0.6,0.05 40.9369
0.65,0.6,0.1 201.93
0.65,0.6,0.15 363.869
0.65,0.6,0.2 630.104
0.65,0.6,0.25 188.156
0.65,0.6,0.3 5.03727
0.65,0.65,0 8.30426e-13
0.65,0.65,0.05 51.5334
0.65,0.65,0.1 371.98
0.65,0.65,0.15 420.843
0.65,0.65,0.2 296.706
0.65,0.65,0.25 89.9573
0.65,0.65,0.3 0.963491
0.65,0.7,0 1.72209e-12
0.65,0.7,0.05 25.0802
0.65,0.7,0.1 291.499
0.65,0.7,0.15 598.526
0.65,0.7,0.2 168.836
0.65,0.7,0.25 8.97082
0.65,0.7,0.3 0.0502719
0.65,0.75,0 3.2965e-10
0.65,0.75,0.05 29.7881
0.65,0.75,0.1 318.654
0.65,0.75,0.15 444.24
0.65,0.75,0.2 60.8508
0.65,0.75,0.25 0.333026
0.65,0.8,0 7.41904e-10
0.65,0.8,0.05 74.7775
0.65,0.8,0.1 423.617
0.65,0.8,0.15 301.514
0.65,0.8,0.2 23.0236
0.65,0.8,0.25 0.000129937
0.65,0.85,0 1.7205e-10
0.65,0.85,0.05 77.9226
0.65,0.85,0.1 315.124
0.65,0.85,0.15 84.3277
0.65,0.85,0.2 0.657228
0.65,0.9,0 1.99767e-11
0.65,0.9,0.05 18.789
0.65,0.9,0.1 75.1345
0.65,0.9,0.15 18.7783
0.65,0.95,0 1.57188e-16
0.65,0.95,0.05 0.000184117
0.65,0.95,0.1 0.000736258
0.65,0.95,0.15 0.000184012
0.7,0.1,0.05 0.000297636
0.7,0.1,0.1 0.258076
0.7,0.1,0.15 4.61179
0.7,0.1,0.2 3.99061
0.7,0.1,0.25 0.131707
0.7,0.15,0 1.44708e-14
0.7,0.15,0.05 21.2109
0.7,0.15,0.1 102.922
0.7,0.15,0.15 86.9305
0.7,0.15,0.2 50.5752
0.7,0.15,0.25 4.76814
0.7,0.15,0.3 0.897791
0.7,0.15,0.35 8.04394e-05
0.7,0.2,0 4.1016e-13
0.7,0.2,0.05 96.2758
0.7,0.2,0.1 473.017
0.7,0.2,0.15 184.047
0.7,0.2,0.2 46.94
0.7,0.2,0.25 60.6308
0.7,0.2,0.3 17.1165
0.7,0.2,0.35 0.00153359
0.7,0.25,0 4.58364e-13
0.7,0.25,0.05 90.573
0.7,0.25,0.1 516.992
0.7,0.25,0.15 203.205
0.7,0.25,0.2 54.2569
0.7,0.25,0.25 65.9343
0.7,0.25,0.3 16.38
0.7,0.25,0.35 0.413323
0.7,0.25,0.4 0.00116702
0.7,0.3,0 2.41489e-14
0.7,0.3,0.05 21.0863
0.7,0.3,0.1 145.079
0.7,0.3,0.15 149.688
0.7,0.3,0.2 181.499
0.7,0.3,0.25 52.4717
0.7,0.3,0.3 9.16092
0.7,0.3,0.35 3.48068
0.7,0.3,0.4 0.00986041
0.7,0.35,0 3.55798e-15
0.7,0.35,0.05 47.5143
0.7,0.35,0.1 211.231
0.7,0.35,0.15 125.568
0.7,0.35,0.2 70.361
0.7,0.35,0.25 13.1833
0.7,0.35,0.3 4.32336
0.7,0.35,0.35 1.74867
0.7,0.35,0.4 0.00495388
0.7,0.4,0 9.08615e-12
0.7,0.4,0.05 151.774
0.7,0.4,0.1 628.09
0.7,0.4,0.15 235.449
0.7,0.4,0.2 44.2112
0.7,0.4,0.25 0.666933
0.7,0.4,0.3 0.0326126
0.7,0.4,0.35 0.0132032
0.7,0.4,0.4 3.74039e-05
0.7,0.45,0 3.20468e-11
0.7,0.45,0.05 109.152
0.7,0.45,0.1 540.582
0.7,0.45,0.15 236.881
0.7,0.45,0.2 62.4115
0.7,0.45,0.25 13.1392
0.7,0.45,0.3 0.00244052
0.7,0.5,0 1.67352e-11
0.7,0.5,0.05 111.58
0.7,0.5,0.1 564.3
0.7,0.5,0.15 379.709
0.7,0.5,0.2 299.581
0.7,0.5,0.25 52.9063
0.7,0.5,0.3 0.00580917
0.7,0.55,0 4.21552e-11
0.7,0.55,0.05 89.357
0.7,0.55,0.1 442.486
0.7,0.55,0.15 445.475
0.7,0.55,0.2 537.697
0.7,0.55,0.25 78.1136
0.7,0.55,0.3 0.00249757
0.7,0.6,0 3.93614e-11
0.7,0.6,0.05 77.5783
0.7,0.6,0.1 344.963
0.7,0.6,0.15 304.119
0.7,0.6,0.2 465.511
0.7,0.6,0.25 68.9916
0.7,0.6,0.3 0.00842509
0.7,0.65,0 1.6194e-12
0.7,0.65,0.05 46.586
0.7,0.65,0.1 328.901
0.7,0.65,0.15 221.868
0.7,0.65,0.2 82.1377
0.7,0.65,0.25 7.27283
0.7,0.65,0.3 0.00873421
0.7,0.7,0 3.08274e-14
0.7,0.7,0.05 14.0989
0.7,0.7,0.1 152.785
0.7,0.7,0.15 419.333
0.7,0.7,0.2 258.236
0.7,0.7,0.25 9.9705
0.7,0.7,0.3 0.000473399
0.7,0.75,0 6.0956e-12
0.7,0.75,0.05 1.28827
0.7,0.75,0.1 85.6909
0.7,0.75,0.15 237.714
0.7,0.75,0.2 97.0108
0.7,0.75,0.25 3.35061
0.7,0.8,0 2.01839e-09
0.7,0.8,0.05 11.9511
0.7,0.8,0.1 101.099
0.7,0.8,0.15 109.435
0.7,0.8,0.2 9.98025
0.7,0.8,0.25 0.00258675
0.7,0.85,0 8.01202e-09
0.7,0.85,0.05 41.2993
0.7,0.85,0.1 166.445
0.7,0.85,0.15 43.9461
0.7,0.85,0.2 0.283581
0.7,0.9,0 2.00013e-09
0.7,0.9,0.05 10.3149
0.7,0.9,0.1 41.1903
0.7,0.9,0.15 10.2803
0.7,0.95,0 5.43256e-18
0.7,0.95,0.05 6.36324e-06
0.7,0.95,0.1 2.54457e-05
0.7,0.95,0.15 6.35962e-06
0.75,0.1,0.05 0.000171618
0.75,0.1,0.1 0.000806956
0.75,0.1,0.15 0.000236965
0.75,0.1,0.2 3.15663e-08
0.75,0.15,0.05 12.2128
0.75,0.15,0.1 57.4249
0.75,0.15,0.15 16.863
0.75,0.15,0.2 0.00224633
0.75,0.2,0.05 49.827
0.75,0.2,0.1 239.187
0.75,0.2,0.15 71.9452
0.75,0.2,0.2 0.0205688
0.75,0.2,0.25 1.34438e-10
0.75,0.2,0.3 5.8777e-14
0.75,0.25,0.05 29.3266
0.75,0.25,0.1 158.51
0.75,0.25,0.15 53.748
0.75,0.25,0.2 0.133051
0.75,0.25,0.25 0.0254349
0.75,0.25,0.3 1.11203e-05
0.75,0.3,0.05 5.22866
0.75,0.3,0.1 29.8323
0.75,0.3,0.15 10.8977
0.75,0.3,0.2 0.477128
0.75,0.3,0.25 0.103271
0.75,0.3,0.3 4.4249e-05
0.75,0.35,0 6.35392e-19
0.75,0.35,0.05 53.647
0.75,0.35,0.1 227.265
0.75,0.35,0.15 186.986
0.75,0.35,0.2 80.9568
0.75,0.35,0.25 1.16314
0.75,0.35,0.3 1.10045e-05
0.75,0.4,0 2.16127e-15
0.75,0.4,0.05 139.05
0.75,0.4,0.1 605.548
0.75,0.4,0.15 508.106
0.75,0.4,0.2 215.31
0.75,0.4,0.25 3.02387
0.75,0.45,0 4.06439e-13
0.75,0.45,0.05 47.6716
0.75,0.45,0.1 391.309
0.75,0.45,0.15 340.02
0.75,0.45,0.2 83.2987
0.75,0.45,0.25 1.79209
0.75,0.5,0 1.42005e-12
0.75,0.5,0.05 27.0964
0.75,0.5,0.1 365.399
0.75,0.5,0.15 625.882
0.75,0.5,0.2 275.968
0.75,0.5,0.25 8.30883
0.75,0.55,0 6.9677e-12
0.75,0.55,0.05 25.6061
0.75,0.55,0.1 305.404
0.75,0.55,0.15 481.635
0.75,0.55,0.2 220.937
0.75,0.55,0.25 16.3116
0.75,0.6,0 6.74582e-12
0.75,0.6,0.05 29.5262
0.75,0.6,0.1 139.363
0.75,0.6,0.15 120.497
0.75,0.6,0.2 131.338
0.75,0.6,0.25 16.5368
0.75,0.65,0 4.06947e-13
0.75,0.65,0.05 14.1949
0.75,0.65,0.1 66.0189
0.75,0.65,0.15 60.4031
0.75,0.65,0.2 45.9852
0.75,0.65,0.25 2.7308
0.75,0.7,0 6.07228e-15
0.75,0.7,0.05 1.32082
0.75,0.7,0.1 16.3772
0.75,0.7,0.15 205.312
0.75,0.7,0.2 205.053
0.75,0.7,0.25 9.14196
0.75,0.75,0 2.65197e-11
0.75,0.75,0.05 0.117795
0.75,0.75,0.1 3.63988
0.75,0.75,0.15 68.852
0.75,0.75,0.2 69.2302
0.75,0.75,0.25 3.08469
0.75,0.8,0 6.47176e-09
0.75,0.8,0.05 30.6476
0.75,0.8,0.1 122.584
0.75,0.8,0.15 30.9753
0.75,0.8,0.2 0.0925257
0.75,0.8,0.25 0.00238145
0.75,0.85,0 2.26947e-08
0.75,0.85,0.05 108.816
0.75,0.85,0.1 434.497
0.75,0.85,0.15 108.441
0.75,0.85,0.2 0.00111831
0.75,0.9,0 5.3693e-09
0.75,0.9,0.05 25.8896
0.75,0.9,0.1 103.375
0.75,0.9,0.15 25.7978
0.8,0.05,0 1.96048e-11
0.8,0.05,0.05 1.15495
0.8,0.05,0.1 4.61623
0.8,0.05,0.15 1.15317
0.8,0.1,0 2.31151e-10
0.8,0.1,0.05 13.6174
0.8,0.1,0.1 54.4276
0.8,0.1,0.15 13.5964
0.8,0.1,0.2 3.80563e-10
0.8,0.15,0 1.50684e-10
0.8,0.15,0.05 9.02427
0.8,0.15,0.1 36.1731
0.8,0.15,0.15 9.06665
0.8,0.15,0.2 2.70817e-05
0.8,0.2,0 2.58221e-12
0.8,0.2,0.05 0.699035
0.8,0.2,0.1 3.17967
0.8,0.2,0.15 0.907081
0.8,0.2,0.2 0.000100712
0.8,0.25,0.05 0.127131
0.8,0.25,0.1 0.597987
0.8,0.25,0.15 0.175675
0.8,0.25,0.2 2.38755e-05
0.8,0.3,0.05 0.0382638
0.8,0.3,0.1 0.16023
0.8,0.3,0.15 0.112615
0.8,0.3,0.2 0.0450639
0.8,0.3,0.25 0.000634059
0.8,0.35,0 9.9805e-13
0.8,0.35,0.05 6.20596
0.8,0.35,0.1 28.6679
0.8,0.35,0.15 47.1583
0.8,0.35,0.2 24.8587
0.8,0.35,0.25 0.349768
0.8,0.4,0 2.53508e-11
0.8,0.4,0.05 17.9346
0.8,0.4,0.1 83.6503
0.8,0.4,0.15 128.369
0.8,0.4,0.2 66.0993
0.8,0.4,0.25 0.929419
0.8,0.45,0 2.79108e-11
0.8,0.45,0.05 9.3281
0.8,0.45,0.1 61.3773
0.8,0.45,0.15 67.7356
0.8,0.45,0.2 28.2502
0.8,0.45,0.25 0.655782
0.8,0.5,0 3.80682e-12
0.8,0.5,0.05 5.50314
0.8,0.5,0.1 59.3604
0.8,0.5,0.15 164.321
0.8,0.5,0.2 102.362
0.8,0.5,0.25 2.99369
0.8,0.55,0 1.29552e-11
0.8,0.55,0.05 74.406
0.8,0.55,0.1 328.451
0.8,0.55,0.15 161.487
0.8,0.55,0.2 40.4493
0.8,0.55,0.25 1.15299
0.8,0.6,0 1.35796e-11
0.8,0.6,0.05 141.49
0.8,0.6,0.1 568.702
0.8,0.6,0.15 145.973
0.8,0.6,0.2 0.875648
0.8,0.6,0.25 0.0657384
0.8,0.65,0 1.51337e-12
0.8,0.65,0.05 76.9784
0.8,0.65,0.1 307.95
0.8,0.65,0.15 78.3716
0.8,0.65,0.2 1.44081
0.8,0.65,0.25 0.0668846
0.8,0.7,0 2.27173e-13
0.8,0.7,0.05 4.71673
0.8,0.7,0.1 19.1845
0.8,0.7,0.15 12.2507
0.8,0.7,0.2 7.64261
0.8,0.7,0.25 0.340847
0.8,0.75,0 2.78316e-10
0.8,0.75,0.05 1.40664
0.8,0.75,0.1 5.72527
0.8,0.75,0.15 3.94454
0.8,0.75,0.2 2.57878
0.8,0.75,0.25 0.115009
0.8,0.8,0 1.35993e-08
0.8,0.8,0.05 59.6748
0.8,0.8,0.1 238.268
0.8,0.8,0.15 59.4778
0.8,0.8,0.2 0.00747594
0.8,0.8,0.25 8.95888e-05
0.8,0.85,0 2.1173e-08
0.8,0.85,0.05 93.7068
0.8,0.85,0.1 374.194
0.8,0.85,0.15 93.5987
0.8,0.85,0.2 0.0687424
0.8,0.85,0.25 1.00144e-05
0.8,0.9,0 2.16719e-09
0.8,0.9,0.05 9.81897
0.8,0.9,0.1 39.2384
0.8,0.9,0.15 9.94215
0.8,0.9,0.2 0.0468344
0.8,0.9,0.25 6.82281e-06
0.8,0.95,0.1 0.000645272
0.8,0.95,0.15 0.00304986
0.8,0.95,0.2 0.000900189
0.8,0.95,0.25 1.31139e-07
0.85,0.05,0 1.24806e-10
0.85,0.05,0.05 7.35247
0.85,0.05,0.1 29.3872
0.85,0.05,0.15 7.34114
0.85,0.1,0 1.47152e-09
0.85,0.1,0.05 86.6892
0.85,0.1,0.1 346.489
0.85,0.1,0.15 86.5556
0.85,0.15,0 9.59267e-10
0.85,0.15,0.05 56.5117
0.85,0.15,0.1 225.873
0.85,0.15,0.15 56.4246
0.85,0.2,0 1.64385e-11
0.85,0.2,0.05 0.968414
0.85,0.2,0.1 3.87067
0.85,0.2,0.15 0.966922
0.85,0.3,0.1 1.87781e-06
0.85,0.3,0.15 2.01296e-05
0.85,0.3,0.2 1.22227e-05
0.85,0.3,0.25 1.71976e-07
0.85,0.35,0 1.20558e-11
0.85,0.35,0.05 2.45292
0.85,0.35,0.1 9.80771
0.85,0.35,0.15 2.46152
0.85,0.35,0.2 0.00674244
0.85,0.35,0.25 9.48679e-05
0.85,0.4,0 3.07644e-10
0.85,0.4,0.05 62.6259
0.85,0.4,0.1 250.379
0.85,0.4,0.15 62.5915
0.85,0.4,0.2 0.0179163
0.85,0.4,0.25 0.000252087
0.85,0.45,0 4.43581e-10
0.85,0.45,0.05 92.6146
0.85,0.45,0.1 370.275
0.85,0.45,0.15 92.5742
0.85,0.45,0.2 0.0428056
0.85,0.45,0.25 0.001232
0.85,0.5,0 2.1796e-10
0.85,0.5,0.05 49.6486
0.85,0.5,0.1 198.515
0.85,0.5,0.15 49.8879
0.85,0.5,0.2 0.237079
0.85,0.5,0.25 0.0070809
0.85,0.55,0 2.50876e-11
0.85,0.55,0.05 37.5337
0.85,0.55,0.1 150.111
0.85,0.55,0.15 37.6243
0.85,0.55,0.2 0.0872963
0.85,0.55,0.25 0.0026073
0.85,0.6,0 6.1264e-12
0.85,0.6,0.05 61.2836
0.85,0.6,0.1 245.105
0.85,0.6,0.15 61.269
0.85,0.6,0.2 0.000136293
0.85,0.6,0.25 4.0707e-06
0.85,0.65,0 4.26584e-12
0.85,0.65,0.05 57.2783
0.85,0.65,0.1 229.088
0.85,0.65,0.15 57.2658
0.85,0.7,0 8.47068e-12
0.85,0.7,0.05 60.7193
0.85,0.7,0.1 242.84
0.85,0.7,0.15 60.7005
0.85,0.75,0 1.79695e-10
0.85,0.75,0.05 10.525
0.85,0.75,0.1 42.0858
0.85,0.75,0.15 10.5179
0.85,0.8,0 7.95205e-09
0.85,0.8,0.05 72.5733
0.85,0.8,0.1 292.125
0.85,0.8,0.15 82.6652
0.85,0.8,0.2 3.02877
0.85,0.8,0.25 0.000441229
0.85,0.85,0 1.09868e-08
0.85,0.85,0.05 89.5657
0.85,0.85,0.1 385.027
0.85,0.85,0.15 217.948
0.85,0.85,0.2 37.9585
0.85,0.85,0.25 0.00552977
0.85,0.9,0 8.06315e-10
0.85,0.9,0.05 5.64828
0.85,0.9,0.1 41.1004
0.85,0.9,0.15 93.2514
0.85,0.9,0.2 25.8613
0.85,0.9,0.25 0.00376745
0.85,0.95,0.1 0.356309
0.85,0.95,0.15 1.68408
0.85,0.95,0.2 0.497071
0.85,0.95,0.25 7.2413e-05
0.9,0.05,0 4.89436e-11
0.9,0.05,0.05 2.88334
0.9,0.05,0.1 11.5245
0.9,0.05,0.15 2.87889
0.9,0.1,0 5.77069e-10
0.9,0.1,0.05 33.9959
0.9,0.1,0.1 135.879
0.9,0.1,0.15 33.9435
0.9,0.15,0 3.76185e-10
0.9,0.15,0.05 22.1616
0.9,0.15,0.1 88.578
0.9,0.15,0.15 22.1274
0.9,0.2,0 6.4465e-12
0.9,0.2,0.05 0.379772
0.9,0.2,0.1 1.51792
0.9,0.2,0.15 0.379187
0.9,0.35,0 7.99886e-12
0.9,0.35,0.05 1.62747
0.9,0.35,0.1 6.50658
0.9,0.35,0.15 1.62581
0.9,0.4,0 2.06033e-10
0.9,0.4,0.05 41.9785
0.9,0.4,0.1 167.828
0.9,0.4,0.15 41.9357
0.9,0.45,0 4.3765e-10
0.9,0.45,0.05 93.4189
0.9,0.45,0.1 373.488
0.9,0.45,0.15 93.3252
0.9,0.5,0 3.84723e-10
0.9,0.5,0.05 85.6141
0.9,0.5,0.1 342.287
0.9,0.5,0.15 85.5294
0.9,0.55,0 3.57798e-11
0.9,0.55,0.05 8.13557
0.9,0.55,0.1 32.5264
0.9,0.55,0.15 8.12763
0.9,0.6,0 4.9626e-14
0.9,0.6,0.05 0.390584
0.9,0.6,0.1 1.56212
0.9,0.6,0.15 0.390474
0.9,0.65,0 5.07433e-12
0.9,0.65,0.05 35.6869
0.9,0.65,0.1 142.725
0.9,0.65,0.15 35.6757
0.9,0.7,0 1.17393e-11
0.9,0.7,0.05 82.3675
0.9,0.7,0.1 329.418
0.9,0.7,0.15 82.3416
0.9,0.75,0 2.30819e-11
0.9,0.75,0.05 13.8493
0.9,0.75,0.1 55.3843
0.9,0.75,0.15 13.8429
0.9,0.8,0 6.31785e-10
0.9,0.8,0.05 61.7132
0.9,0.8,0.1 252.469
0.9,0.8,0.15 88.9076
0.9,0.8,0.2 8.04939
0.9,0.8,0.25 0.00117263
0.9,0.85,0 7.26178e-10
0.9,0.85,0.05 68.1559
0.9,0.85,0.1 344.765
0.9,0.85,0.15 409.854
0.9,0.85,0.2 100.88
0.9,0.85,0.25 0.0146962
0.9,0.9,0 4.0616e-11
0.9,0.9,0.05 3.52351
0.9,0.9,0.1 63.352
0.9,0.9,0.15 236.377
0.9,0.9,0.2 68.73
0.9,0.9,0.25 0.0100125
0.9,0.95,0.1 0.946943
0.9,0.95,0.15 4.47569
0.9,0.95,0.2 1.32104
0.9,0.95,0.25 0.000192448
0.95,0.05,0 1.15116e-13
0.95,0.05,0.05 0.00678165
0.95,0.05,0.1 0.0271057
0.95,0.05,0.15 0.0067712
0.95,0.1,0 1.35728e-12
0.95,0.1,0.05 0.079959
0.95,0.1,0.1 0.319589
0.95,0.1,0.15 0.0798357
0.95,0.15,0 8.84793e-13
0.95,0.15,0.05 0.0521244
0.95,0.15,0.1 0.208337
0.95,0.15,0.15 0.052044
0.95,0.2,0 1.51623e-14
0.95,0.2,0.05 0.000893231
0.95,0.2,0.1 0.00357017
0.95,0.2,0.15 0.000891854
0.95,0.35,0 1.436e-13
0.95,0.35,0.05 0.0292173
0.95,0.35,0.1 0.116809
0.95,0.35,0.15 0.0291875
0.95,0.4,0 3.9686e-12
0.95,0.4,0.05 0.813794
0.95,0.4,0.1 3.25352
0.95,0.4,0.15 0.812966
0.95,0.45,0 2.80481e-11
0.95,0.45,0.05 6.18052
0.95,0.45,0.1 24.7098
0.95,0.45,0.15 6.17438
0.95,0.5,0 4.07521e-11
0.95,0.5,0.05 9.0857
0.95,0.5,0.1 36.3248
0.95,0.5,0.15 9.07671
0.95,0.55,0 3.87302e-12
0.95,0.55,0.05 0.863833
0.95,0.55,0.1 3.45362
0.95,0.55,0.15 0.862979
0.95,0.6,0 1.48447e-15
0.95,0.6,0.05 0.0104151
0.95,0.6,0.1 0.041654
0.95,0.6,0.15 0.0104119
0.95,0.65,0 3.7401e-13
0.95,0.65,0.05 2.62407
0.95,0.65,0.1 10.4946
0.95,0.65,0.15 2.62325
0.95,0.7,0 8.6566e-13
0.95,0.7,0.05 6.07352
0.95,0.7,0.1 24.2903
0.95,0.7,0.15 6.07161
0.95,0.75,0 1.75853e-12
0.95,0.75,0.05 1.04604
0.95,0.75,0.1 4.18317
0.95,0.75,0.15 1.04554
0.95,0.8,0 4.51572e-11
0.95,0.8,0.05 5.22184
0.95,0.8,0.1 21.8224
0.95,0.8,0.15 9.6956
0.95,0.8,0.2 1.32236
0.95,0.8,0.25 0.000192641
0.95,0.85,0 4.97777e-11
0.95,0.85,0.05 5.75614
0.95,0.85,0.1 34.89
0.95,0.85,0.15 61.8977
0.95,0.85,0.2 16.5727
0.95,0.85,0.25 0.0024143
0.95,0.9,0 2.56326e-12
0.95,0.9,0.05 0.296408
0.95,0.9,0.1 9.27853
0.95,0.9,0.15 38.5503
0.95,0.9,0.2 11.2911
0.95,0.9,0.25 0.00164487
0.95,0.95,0.1 0.155565
0.95,0.95,0.15 0.735273
0.95,0.95,0.2 0.217022
0.95,0.95,0.25 3.16156e-05
