0.25,0.15,0.25 608.579
0.25,0.15,0.3 387.335
0.25,0.15,0.35 196.583
0.25,0.15,0.4 16.9316
0.25,0.15,0.45 0.0275253
0.25,0.2,0 3.42001e-10
0.25,0.2,0.05 14.0972
0.25,0.2,0.1 209.846
0.25,0.2,0.15 545.394
0.25,0.2,0.2 589.17
0.25,0.2,0.25 377.474
0.25,0.2,0.3 497.393
0.25,0.2,0.35 519.464
0.25,0.2,0.4 113.464
0.25,0.2,0.45 0.191365
0.25,0.25,0 1.00595e-12
0.25,0.25,0.05 47.5545
0.25,0.25,0.1 264.504
0.25,0.25,0.15 317.575
0.25,0.25,0.2 543.078
0.25,0.25,0.25 263.846
0.25,0.25,0.3 527.705
0.25,0.25,0.35 622.896
0.25,0.25,0.4 111.943
0.25,0.25,0.45 0.31926
0.25,0.3,0 7.51761e-13
0.25,0.3,0.05 37.3732
0.25,0.3,0.1 180.24
0.25,0.3,0.15 241.997
0.25,0.3,0.2 637.674
0.25,0.3,0.25 328.423
0.25,0.3,0.3 175.16
0.25,0.3,0.35 281.735
0.25,0.3,0.4 105.512
0.25,0.3,0.45 0.871802
0.25,0.35,0 6.66487e-13
0.25,0.35,0.05 71.2765
0.25,0.35,0.1 375.169
0.25,0.35,0.15 403.588
0.25,0.35,0.2 170.723
0.25,0.35,0.25 51.9036
0.25,0.35,0.3 24.1313
0.25,0.35,0.35 41.1829
0.25,0.35,0.4 21.6721
0.25,0.35,0.45 0.19943
0.25,0.4,0 9.1569e-11
0.25,0.4,0.05 99.4396
0.25,0.4,0.1 458.465
0.25,0.4,0.15 419.763
0.25,0.4,0.2 184.77
0.25,0.4,0.25 81.2999
0.25,0.4,0.3 11.6913
0.25,0.4,0.35 0.540998
0.25,0.4,0.4 0.126023
0.25,0.4,0.45 0.0107357
0.25,0.4,0.5 4.20469e-05
0.25,0.45,0 8.79371e-10
0.25,0.45,0.05 148.393
0.25,0.45,0.1 639.159
0.25,0.45,0.15 447.684
0.25,0.45,0.2 288.498
0.25,0.45,0.25 426.586
0.25,0.45,0.3 242.466
0.25,0.45,0.35 143.461
0.25,0.45,0.4 141.97
0.25,0.45,0.45 24.0546
0.25,0.45,0.5 0.023005
0.25,0.5,0 1.46034e-09
0.25,0.5,0.05 168.157
0.25,0.5,0.1 734.291
0.25,0.5,0.15 365.377
0.25,0.5,0.2 300.804
0.25,0.5,0.25 414.408
0.25,0.5,0.3 785.303
0.25,0.5,0.35 563.889
0.25,0.5,0.4 548.273
0.25,0.5,0.45 110.987
0.25,0.5,0.5 0.212874
0.25,0.55,0 2.23998e-09
0.25,0.55,0.05 67.7361
0.25,0.55,0.1 344.263
0.25,0.55,0.15 362.506
0.25,0.55,0.2 359.651
0.25,0.55,0.25 282.921
0.25,0.55,0.3 631.756
0.25,0.55,0.35 659.62
0.25,0.55,0.4 562.202
0.25,0.55,0.45 103.82
0.25,0.55,0.5 0.119917
0.25,0.6,0 1.73335e-08
0.25,0.6,0.05 10.71
0.25,0.6,0.1 66.043
0.25,0.6,0.15 356.409
0.25,0.6,0.2 630.559
0.25,0.6,0.25 533.657
0.25,0.6,0.3 480.29
0.25,0.6,0.35 490.665
0.25,0.6,0.4 322.207
0.25,0.6,0.45 45.3879
0.25,0.6,0.5 0.00137807
0.25,0.65,0 1.10698e-08
0.25,0.65,0.05 77.8858
0.25,0.65,0.1 330.997
0.25,0.65,0.15 423.644
0.25,0.65,0.2 446.317
0.25,0.65,0.25 212.345
0.25,0.65,0.3 404.986
0.25,0.65,0.35 370.649
0.25,0.65,0.4 73.7288
0.25,0.65,0.45 5.10872
0.25,0.7,0 2.14309e-09
0.25,0.7,0.05 95.1179
0.25,0.7,0.1 427.567
0.25,0.7,0.15 487.69
0.25,0.7,0.2 469.306
0.25,0.7,0.25 279.539
0.25,0.7,0.3 246.323
0.25,0.7,0.35 133.549
0.25,0.7,0.4 4.93931
0.25,0.7,0.45 0.0602166
0.25,0.75,0 1.56936e-10
0.25,0.75,0.05 8.95134
0.25,0.75,0.1 53.9781
0.25,0.75,0.15 338.945
0.25,0.75,0.2 773.515
0.25,0.75,0.25 462.3
0.25,0.75,0.3 256.722
0.25,0.75,0.35 120.398
0.25,0.75,0.4 2.09938
0.25,0.75,0.45 4.51486e-14
0.25,0.8,0.1 0.348232
0.25,0.8,0.15 78.7744
0.25,0.8,0.2 205.574
0.25,0.8,0.25 77.5028
0.25,0.8,0.3 68.1153
0.25,0.8,0.35 37.642
0.25,0.8,0.4 0.678393
0.25,0.85,0.1 0.000988718
0.25,0.85,0.15 0.169677
0.25,0.85,0.2 0.369079
0.25,0.85,0.25 0.100381
0.25,0.85,0.3 0.070505
0.25,0.85,0.35 0.0347432
0.25,0.85,0.4 0.000625836
0.3,0.05,0 3.73392e-15
0.3,0.05,0.05 0.000633971
0.3,0.05,0.1 0.133403
0.3,0.05,0.15 17.8915
0.3,0.05,0.2 64.4517
0.3,0.05,0.25 71.1534
0.3,0.05,0.3 68.2381
0.3,0.05,0.35 4.93879
0.3,0.05,0.4 0.0261528
0.3,0.1,0 2.52885e-12
0.3,0.1,0.05 0.165309
0.3,0.1,0.1 27.2411
0.3,0.1,0.15 166.474
0.3,0.1,0.2 400.625
0.3,0.1,0.25 376.996
0.3,0.1,0.3 367.593
0.3,0.1,0.35 52.0349
0.3,0.1,0.4 0.805109
0.3,0.15,0 6.92181e-12
0.3,0.15,0.05 6.47625
0.3,0.15,0.1 90.4429
0.3,0.15,0.15 303.865
0.3,0.15,0.2 496.209
0.3,0.15,0.25 345.196
0.3,0.15,0.3 459.424
0.3,0.15,0.35 295.448
0.3,0.15,0.4 26.4103
0.3,0.15,0.45 0.0567596
0.3,0.2,0 1.17576e-12
0.3,0.2,0.05 67.0209
0.3,0.2,0.1 329.631
0.3,0.2,0.15 396.618
0.3,0.2,0.2 629.489
0.3,0.2,0.25 305.861
0.3,0.2,0.3 574.018
0.3,0.2,0.35 587.494
0.3,0.2,0.4 150.975
0.3,0.2,0.45 0.39461
0.3,0.25,0 2.22803e-11
0.3,0.25,0.05 68.9549
0.3,0.25,0.1 417.284
0.3,0.25,0.15 294.175
0.3,0.25,0.2 342.807
0.3,0.25,0.25 249.489
0.3,0.25,0.3 519.14
0.3,0.25,0.35 567.493
0.3,0.25,0.4 140.982
0.3,0.25,0.45 0.633453
0.3,0.3,0 7.91161e-11
0.3,0.3,0.05 26.9424
0.3,0.3,0.1 159.639
0.3,0.3,0.15 318.415
0.3,0.3,0.2 501.326
0.3,0.3,0.25 474.681
0.3,0.3,0.3 499.592
0.3,0.3,0.35 515.66
0.3,0.3,0.4 199.867
0.3,0.3,0.45 1.70659
0.3,0.35,0 2.97931e-11
0.3,0.35,0.05 33.0921
0.3,0.35,0.1 238.021
0.3,0.35,0.15 687.273
0.3,0.35,0.2 529.565
0.3,0.35,0.25 137.109
0.3,0.35,0.3 98.6554
0.3,0.35,0.35 89.0851
0.3,0.35,0.4 42.5253
0.3,0.35,0.45 0.390385
0.3,0.4,0 5.42554e-11
0.3,0.4,0.05 104.587
0.3,0.4,0.1 503.709
0.3,0.4,0.15 749.324
0.3,0.4,0.2 502.022
0.3,0.4,0.25 84.4019
0.3,0.4,0.3 8.84439
0.3,0.4,0.35 0.634505
0.3,0.4,0.4 2.55721
0.3,0.4,0.45 0.820316
0.3,0.4,0.5 0.000531064
0.3,0.45,0 5.2578e-10
0.3,0.45,0.05 76.9632
0.3,0.45,0.1 361.447
0.3,0.45,0.15 566.468
0.3,0.45,0.2 538.071
0.3,0.45,0.25 335.312
0.3,0.45,0.3 170.789
0.3,0.45,0.35 108.359
0.3,0.45,0.4 38.3458
0.3,0.45,0.45 6.79338
0.3,0.45,0.5 0.00228085
0.3,0.5,0 8.73028e-10
0.3,0.5,0.05 99.7204
0.3,0.5,0.1 493.542
0.3,0.5,0.15 252.681
0.3,0.5,0.2 204.494
0.3,0.5,0.25 283.657
0.3,0.5,0.3 725.684
0.3,0.5,0.35 520.705
0.3,0.5,0.4 100.645
0.3,0.5,0.45 12.3837
0.3,0.5,0.5 0.000613867
0.3,0.55,0 6.17099e-08
0.3,0.55,0.05 58.4914
0.3,0.55,0.1 322.939
0.3,0.55,0.15 241.481
0.3,0.55,0.2 329.003
0.3,0.55,0.25 227.853
0.3,0.55,0.3 675.608
0.3,0.55,0.35 379.209
0.3,0.55,0.4 153.767
0.3,0.55,0.45 18.6507
0.3,0.55,0.5 1.00684e-06
0.3,0.6,0 5.15612e-07
0.3,0.6,0.05 67.7181
0.3,0.6,0.1 279.756
0.3,0.6,0.15 273.309
0.3,0.6,0.2 660.948
0.3,0.6,0.25 440.374
0.3,0.6,0.3 586.332
0.3,0.6,0.35 489.908
0.3,0.6,0.4 473.837
0.3,0.6,0.45 48.0233
0.3,0.6,0.5 1.14958e-08
0.3,0.65,0 2.57486e-07
0.3,0.65,0.05 78.9181
0.3,0.65,0.1 320.648
0.3,0.65,0.15 267.345
0.3,0.65,0.2 399.85
0.3,0.65,0.25 429.13
0.3,0.65,0.3 646.861
0.3,0.65,0.35 340.925
0.3,0.65,0.4 227.245
0.3,0.65,0.45 23.1249
0.3,0.7,0 2.71045e-09
0.3,0.7,0.05 67.9695
0.3,0.7,0.1 275.458
0.3,0.7,0.15 270.947
0.3,0.7,0.2 466.535
0.3,0.7,0.25 335.419
0.3,0.7,0.3 255.659
0.3,0.7,0.35 142.484
0.3,0.7,0.4 8.37085
0.3,0.7,0.45 0.290624
0.3,0.75,0 8.54123e-11
0.3,0.75,0.05 5.81105
0.3,0.75,0.1 24.4873
0.3,0.75,0.15 166.861
0.3,0.75,0.2 517.092
0.3,0.75,0.25 369.058
0.3,0.75,0.3 159.564
0.3,0.75,0.35 53.0176
0.3,0.75,0.4 1.30005
0.3,0.8,0.1 0.320796
0.3,0.8,0.15 57.4351
0.3,0.8,0.2 135.721
0.3,0.8,0.25 39.0489
0.3,0.8,0.3 16.0898
0.3,0.8,0.35 3.53175
0.3,0.8,0.4 0.00546561
0.3,0.85,0.1 0.00106347
0.3,0.85,0.15 0.182506
0.3,0.85,0.2 0.387887
0.3,0.85,0.25 0.0496509
0.3,0.85,0.3 0.000420887
0.3,0.85,0.35 0.000279697
0.3,0.85,0.4 5.04218e-06
0.35,0.05,0.05 0.00149289
0.35,0.05,0.1 0.353613
0.35,0.05,0.15 2.56235
0.35,0.05,0.2 6.92721
0.35,0.05,0.25 19.118
0.35,0.05,0.3 20.6748
0.35,0.05,0.35 1.16768
0.35,0.1,0.05 0.343596
0.35,0.1,0.1 72.8865
0.35,0.1,0.15 176.509
0.35,0.1,0.2 64.2632
0.35,0.1,0.25 138.716
0.35,0.1,0.3 161.805
0.35,0.1,0.35 15.3911
0.35,0.1,0.4 0.159632
0.35,0.15,0.05 8.05361
0.35,0.15,0.1 196.419
0.35,0.15,0.15 415.912
0.35,0.15,0.2 129.743
0.35,0.15,0.25 221.806
0.35,0.15,0.3 313.198
0.35,0.15,0.35 86.3834
0.35,0.15,0.4 4.13262
0.35,0.15,0.45 0.00700699
0.35,0.2,0 7.07407e-15
0.35,0.2,0.05 79.7236
0.35,0.2,0.1 397.701
0.35,0.2,0.15 390.775
0.35,0.2,0.2 503.468
0.35,0.2,0.25 414.831
0.35,0.2,0.3 497.385
0.35,0.2,0.35 164.224
0.35,0.2,0.4 22.4532
0.35,0.2,0.45 0.0487147
0.35,0.25,0 1.24498e-10
0.35,0.25,0.05 110.478
0.35,0.25,0.1 643.047
0.35,0.25,0.15 597.429
0.35,0.25,0.2 424.886
0.35,0.25,0.25 270.064
0.35,0.25,0.3 571.653
0.35,0.25,0.35 382.938
0.35,0.25,0.4 46.2407
0.35,0.25,0.45 0.0747271
0.35,0.3,0 4.42436e-10
0.35,0.3,0.05 118.526
0.35,0.3,0.1 539.74
0.35,0.3,0.15 468.46
0.35,0.3,0.2 382.217
0.35,0.3,0.25 498.878
0.35,0.3,0.3 884.046
0.35,0.3,0.35 327.993
0.35,0.3,0.4 38.3776
0.35,0.3,0.45 0.197962
0.35,0.35,0 1.9234e-10
0.35,0.35,0.05 81.8626
0.35,0.35,0.1 359.631
0.35,0.35,0.15 512.03
0.35,0.35,0.2 442.138
0.35,0.35,0.25 264.462
0.35,0.35,0.3 269.877
0.35,0.35,0.35 49.4196
0.35,0.35,0.4 5.05792
0.35,0.35,0.45 0.0452831
0.35,0.4,0 2.60912e-10
0.35,0.4,0.05 163.649
0.35,0.4,0.1 755.609
0.35,0.4,0.15 807.008
0.35,0.4,0.2 504.369
0.35,0.4,0.25 52.8753
0.35,0.4,0.3 8.29565
0.35,0.4,0.35 20.2
0.35,0.4,0.4 69.3216
0.35,0.4,0.45 21.9113
0.35,0.4,0.5 0.0142047
0.35,0.45,0 1.93594e-09
0.35,0.45,0.05 96.4381
0.35,0.45,0.1 463.177
0.35,0.45,0.15 628.333
0.35,0.45,0.2 702.505
0.35,0.45,0.25 295.761
0.35,0.45,0.3 143.411
0.35,0.45,0.35 264.709
0.35,0.45,0.4 367.364
0.35,0.45,0.45 94.6483
0.35,0.45,0.5 0.061012
0.35,0.5,0 2.142e-09
0.35,0.5,0.05 104.083
0.35,0.5,0.1 581.032
0.35,0.5,0.15 428.064
0.35,0.5,0.2 564.06
0.35,0.5,0.25 743.126
0.35,0.5,0.3 575.649
0.35,0.5,0.35 406.649
0.35,0.5,0.4 167.955
0.35,0.5,0.45 25.9425
0.35,0.5,0.5 0.0163866
0.35,0.55,0 7.22371e-08
0.35,0.55,0.05 47.4308
0.35,0.55,0.1 341.317
0.35,0.55,0.15 434.948
0.35,0.55,0.2 615.595
0.35,0.55,0.25 454.886
0.35,0.55,0.3 487.179
0.35,0.55,0.35 274.373
0.35,0.55,0.4 126.913
0.35,0.55,0.45 5.32871
0.35,0.55,0.5 1.27788e-06
0.35,0.6,0 5.99459e-07
0.35,0.6,0.05 91.5871
0.35,0.6,0.1 408.105
0.35,0.6,0.15 596.32
0.35,0.6,0.2 971.726
0.35,0.6,0.25 517.647
0.35,0.6,0.3 582.754
0.35,0.6,0.35 699.351
0.35,0.6,0.4 525.58
0.35,0.6,0.45 24.2395
0.35,0.65,0 2.98019e-07
0.35,0.65,0.05 114.475
0.35,0.65,0.1 477.681
0.35,0.65,0.15 350.176
0.35,0.65,0.2 399.16
0.35,0.65,0.25 424.067
0.35,0.65,0.3 553.109
0.35,0.65,0.35 467.94
0.35,0.65,0.4 244.239
0.35,0.65,0.45 10.1502
0.35,0.7,0 2.2604e-09
0.35,0.7,0.05 76.3808
0.35,0.7,0.1 305.89
0.35,0.7,0.15 95.3714
0.35,0.7,0.2 81.3544
0.35,0.7,0.25 339.741
0.35,0.7,0.3 726.252
0.35,0.7,0.35 432.45
0.35,0.7,0.4 31.5223
0.35,0.7,0.45 0.143694
0.35,0.75,0 6.48878e-09
0.35,0.75,0.05 4.14685
0.35,0.75,0.1 16.6268
0.35,0.75,0.15 12.7986
0.35,0.75,0.2 71.4328
0.35,0.75,0.25 211.871
0.35,0.75,0.3 490.049
0.35,0.75,0.35 173.809
0.35,0.75,0.4 4.82043
0.35,0.8,0 2.09747e-08
0.35,0.8,0.05 2.16134
0.35,0.8,0.1 8.60588
0.35,0.8,0.15 4.89213
0.35,0.8,0.2 9.25097
0.35,0.8,0.25 20.7696
0.35,0.8,0.3 54.2461
0.35,0.8,0.35 12.5261
0.35,0.85,0 4.23295e-09
0.35,0.85,0.05 0.436185
0.35,0.85,0.1 1.73364
0.35,0.85,0.15 0.439643
0.35,0.85,0.2 0.019162
0.35,0.85,0.25 0.00245109
0.4,0.05,0.05 0.000246984
0.4,0.05,0.1 0.0584861
0.4,0.05,0.15 0.133635
0.4,0.05,0.2 0.02225
0.4,0.05,0.25 0.123357
0.4,0.05,0.3 0.167092
0.4,0.05,0.35 0.0235467
0.4,0.05,0.4 0.000356598
0.4,0.1,0.05 3.25094
0.4,0.1,0.1 53.7873
0.4,0.1,0.15 67.4575
0.4,0.1,0.2 11.1559
0.4,0.1,0.25 87.6476
0.4,0.1,0.3 106.282
0.4,0.1,0.35 6.54863
0.4,0.1,0.4 0.00464371
0.4,0.15,0.05 16.4494
0.4,0.15,0.1 285.278
0.4,0.15,0.15 466.781
0.4,0.15,0.2 127.673
0.4,0.15,0.25 333.87
0.4,0.15,0.3 333.576
0.4,0.15,0.35 18.5451
0.4,0.15,0.4 0.00334487
0.4,0.2,0 2.45723e-15
0.4,0.2,0.05 18.4719
0.4,0.2,0.1 244.562
0.4,0.2,0.15 509.462
0.4,0.2,0.2 397.55
0.4,0.2,0.25 520.557
0.4,0.2,0.3 281.311
0.4,0.2,0.35 12.8694
0.4,0.2,0.4 0.239116
0.4,0.25,0 4.32454e-11
0.4,0.25,0.05 83.7383
0.4,0.25,0.1 430.734
0.4,0.25,0.15 514.144
0.4,0.25,0.2 328.407
0.4,0.25,0.25 209.824
0.4,0.25,0.3 161.659
0.4,0.25,0.35 32.8687
0.4,0.25,0.4 2.07343
0.4,0.3,0 1.53758e-10
0.4,0.3,0.05 110.452
0.4,0.3,0.1 465.888
0.4,0.3,0.15 323.199
0.4,0.3,0.2 274.229
0.4,0.3,0.25 433.012
0.4,0.3,0.3 426.509
0.4,0.3,0.35 69.4287
0.4,0.3,0.4 1.08893
0.4,0.3,0.45 0.00381058
0.4,0.35,0 7.80248e-11
0.4,0.35,0.05 57.9336
0.4,0.35,0.1 238.247
0.4,0.35,0.15 161.796
0.4,0.35,0.2 201.755
0.4,0.35,0.25 446.416
0.4,0.35,0.3 598.892
0.4,0.35,0.35 122.914
0.4,0.35,0.4 2.14024
0.4,0.35,0.45 0.0349554
0.4,0.4,0 1.31921e-10
0.4,0.4,0.05 65.2145
0.4,0.4,0.1 306.255
0.4,0.4,0.15 421.413
0.4,0.4,0.2 395.169
0.4,0.4,0.25 163.124
0.4,0.4,0.3 306.718
0.4,0.4,0.35 136.629
0.4,0.4,0.4 84.6221
0.4,0.4,0.45 24.3846
0.4,0.4,0.5 0.0155186
0.4,0.45,0 1.19296e-09
0.4,0.45,0.05 53.9712
0.4,0.45,0.1 283.051
0.4,0.45,0.15 465.588
0.4,0.45,0.2 493.975
0.4,0.45,0.25 305.193
0.4,0.45,0.3 250.422
0.4,0.45,0.35 450.698
0.4,0.45,0.4 527.755
0.4,0.45,0.45 130.33
0.4,0.45,0.5 0.0713351
0.4,0.5,0 1.32218e-09
0.4,0.5,0.05 57.7071
0.4,0.5,0.1 312.198
0.4,0.5,0.15 463.058
0.4,0.5,0.2 570.729
0.4,0.5,0.25 599.661
0.4,0.5,0.3 332.236
0.4,0.5,0.35 613.127
0.4,0.5,0.4 417.91
0.4,0.5,0.45 68.3599
0.4,0.5,0.5 0.0249947
0.4,0.55,0 1.12705e-08
0.4,0.55,0.05 38.3526
0.4,0.55,0.1 224.275
0.4,0.55,0.15 380.79
0.4,0.55,0.2 387.178
0.4,0.55,0.25 364.879
0.4,0.55,0.3 117.146
0.4,0.55,0.35 146.547
0.4,0.55,0.4 90.3632
0.4,0.55,0.45 4.93979
0.4,0.55,0.5 0.000540042
0.4,0.6,0 6.01517e-08
0.4,0.6,0.05 146.99
0.4,0.6,0.1 606.902
0.4,0.6,0.15 373.808
0.4,0.6,0.2 605.106
0.4,0.6,0.25 454.015
0.4,0.6,0.3 305.494
0.4,0.6,0.35 260.599
0.4,0.6,0.4 151.267
0.4,0.6,0.45 3.52642
0.4,0.65,0 2.32439e-08
0.4,0.65,0.05 72.067
0.4,0.65,0.1 296.368
0.4,0.65,0.15 203.172
0.4,0.65,0.2 409.982
0.4,0.65,0.25 321.532
0.4,0.65,0.3 343.266
0.4,0.65,0.35 371.029
0.4,0.65,0.4 123.114
0.4,0.65,0.45 1.45201
0.4,0.7,0 2.16872e-10
0.4,0.7,0.05 17.1986
0.4,0.7,0.1 68.8558
0.4,0.7,0.15 21.0884
0.4,0.7,0.2 24.598
0.4,0.7,0.25 151.185
0.4,0.7,0.3 369.629
0.4,0.7,0.35 443.4
0.4,0.7,0.4 67.9145
0.4,0.7,0.45 0.037746
0.4,0.75,0 2.05596e-07
0.4,0.75,0.05 21.9332
0.4,0.75,0.1 87.1903
0.4,0.75,0.15 21.663
0.4,0.75,0.2 0.32316
0.4,0.75,0.25 34.5322
0.4,0.75,0.3 132.64
0.4,0.75,0.35 79.5773
0.4,0.75,0.4 8.15384
0.4,0.8,0 6.64996e-07
0.4,0.8,0.05 68.5247
0.4,0.8,0.1 272.347
0.4,0.8,0.15 67.6514
0.4,0.8,0.2 0.0010128
0.4,0.8,0.25 3.49523
0.4,0.8,0.3 13.0308
0.4,0.8,0.35 3.03738
0.4,0.85,0 1.34204e-07
0.4,0.85,0.05 13.8291
0.4,0.85,0.1 54.9628
0.4,0.85,0.15 13.6529
0.45,0.05,0.2 0.000401891
0.45,0.05,0.25 0.593302
0.45,0.05,0.3 8.35524
0.45,0.05,0.35 6.25177
0.45,0.05,0.4 0.151348
0.45,0.1,0.05 5.53677
0.45,0.1,0.1 69.2511
0.45,0.1,0.15 74.3429
0.45,0.1,0.2 32.1076
0.45,0.1,0.25 27.1421
0.45,0.1,0.3 123.263
0.45,0.1,0.35 82.0182
