0.45,0.2,0.25 587.11
0.45,0.2,0.3 1000.92
0.45,0.2,0.35 537.132
0.45,0.2,0.4 137.166
0.45,0.2,0.45 5.10274
0.45,0.25,0 2.02036e-08
0.45,0.25,0.05 41.0045
0.45,0.25,0.1 243.627
0.45,0.25,0.15 316.325
0.45,0.25,0.2 328.625
0.45,0.25,0.25 447.59
0.45,0.25,0.3 586.887
0.45,0.25,0.35 515.941
0.45,0.25,0.4 279.146
0.45,0.25,0.45 9.62951
0.45,0.3,0 1.90102e-08
0.45,0.3,0.05 71.6976
0.45,0.3,0.1 456.154
0.45,0.3,0.15 573.457
0.45,0.3,0.2 808.022
0.45,0.3,0.25 501.549
0.45,0.3,0.3 206.362
0.45,0.3,0.35 545.882
0.45,0.3,0.4 311.958
0.45,0.3,0.45 26.5032
0.45,0.3,0.5 0.0167598
0.45,0.35,0 6.22413e-09
0.45,0.35,0.05 97.57
0.45,0.35,0.1 517.364
0.45,0.35,0.15 789.676
0.45,0.35,0.2 791.615
0.45,0.35,0.25 289.355
0.45,0.35,0.3 480.791
0.45,0.35,0.35 501.655
0.45,0.35,0.4 575.369
0.45,0.35,0.45 153.799
0.45,0.35,0.5 0.108562
0.45,0.4,0 4.62773e-09
0.45,0.4,0.05 71.7035
0.45,0.4,0.1 321.569
0.45,0.4,0.15 295.617
0.45,0.4,0.2 348.837
0.45,0.4,0.25 277.96
0.45,0.4,0.3 791.757
0.45,0.4,0.35 581.32
0.45,0.4,0.4 605.611
0.45,0.4,0.45 145.347
0.45,0.4,0.5 0.132775
0.45,0.45,0 2.84279e-10
0.45,0.45,0.05 71.0745
0.45,0.45,0.1 301.975
0.45,0.45,0.15 312.084
0.45,0.45,0.2 555.439
0.45,0.45,0.25 674.948
0.45,0.45,0.3 509.138
0.45,0.45,0.35 422.367
0.45,0.45,0.4 477.735
0.45,0.45,0.45 148.847
0.45,0.45,0.5 0.90084
0.45,0.5,0 1.49576e-10
0.45,0.5,0.05 75.3572
0.45,0.5,0.1 350.9
0.45,0.5,0.15 496.664
0.45,0.5,0.2 476.949
0.45,0.5,0.25 552.895
0.45,0.5,0.3 543.374
0.45,0.5,0.35 581.071
0.45,0.5,0.4 913.734
0.45,0.5,0.45 203.92
0.45,0.5,0.5 0.521197
0.45,0.55,0 3.44666e-09
0.45,0.55,0.05 18.6102
0.45,0.55,0.1 139.27
0.45,0.55,0.15 570.711
0.45,0.55,0.2 614.137
0.45,0.55,0.25 537.993
0.45,0.55,0.3 412.616
0.45,0.55,0.35 303.717
0.45,0.55,0.4 354.47
0.45,0.55,0.45 65.9018
0.45,0.55,0.5 0.00635808
0.45,0.6,0 1.23695e-08
0.45,0.6,0.05 64.9962
0.45,0.6,0.1 430.569
0.45,0.6,0.15 401.471
0.45,0.6,0.2 491.151
0.45,0.6,0.25 575.541
0.45,0.6,0.3 251.314
0.45,0.6,0.35 109.081
0.45,0.6,0.4 24.7839
0.45,0.6,0.45 1.77626
0.45,0.65,0 2.77989e-09
0.45,0.65,0.05 26.4084
0.45,0.65,0.1 245.251
0.45,0.65,0.15 253.314
0.45,0.65,0.2 471.159
0.45,0.65,0.25 489.65
0.45,0.65,0.3 424.063
0.45,0.65,0.35 76.4118
0.45,0.65,0.4 59.126
0.45,0.65,0.45 8.32889
0.45,0.7,0 7.13216e-11
0.45,0.7,0.05 0.54562
0.45,0.7,0.1 6.91166
0.45,0.7,0.15 30.3267
0.45,0.7,0.2 146.39
0.45,0.7,0.25 458.12
0.45,0.7,0.3 493.439
0.45,0.7,0.35 102.775
0.45,0.7,0.4 22.7747
0.45,0.7,0.45 3.11705
0.45,0.75,0 2.42916e-07
0.45,0.75,0.05 25.0314
0.45,0.75,0.1 99.4857
0.45,0.75,0.15 24.7163
0.45,0.75,0.2 8.2179
0.45,0.75,0.25 104.472
0.45,0.75,0.3 223.677
0.45,0.75,0.35 58.8877
0.45,0.75,0.4 0.538201
0.45,0.75,0.45 0.00612219
0.45,0.8,0 7.85732e-07
0.45,0.8,0.05 80.9672
0.45,0.8,0.1 321.799
0.45,0.8,0.15 79.9354
0.45,0.8,0.25 0.875536
0.45,0.8,0.3 4.11236
0.45,0.8,0.35 1.22013
0.45,0.8,0.4 0.00353882
0.45,0.85,0 1.58594e-07
0.45,0.85,0.05 16.3439
0.45,0.85,0.1 64.9577
0.45,0.85,0.15 16.1356
0.45,0.9,0 1.66874e-12
0.45,0.9,0.05 0.000257712
0.45,0.9,0.1 0.00102509
0.45,0.9,0.15 0.00025484
0.5,0.05,0.1 2.09685e-05
0.5,0.05,0.15 0.000129181
0.5,0.05,0.2 4.91523e-05
0.5,0.05,0.25 9.57711e-08
0.5,0.1,0.05 3.36629e-06
0.5,0.1,0.1 0.750354
0.5,0.1,0.15 4.99792
0.5,0.1,0.2 9.44548
0.5,0.1,0.25 9.44541
0.5,0.1,0.3 6.68288
0.5,0.1,0.35 4.55256
0.5,0.1,0.4 3.08873
0.5,0.1,0.45 0.101937
0.5,0.15,0.05 0.0011457
0.5,0.15,0.1 11.8637
0.5,0.15,0.15 82.0121
0.5,0.15,0.2 170.765
0.5,0.15,0.25 195.798
0.5,0.15,0.3 184.943
0.5,0.15,0.35 67.0909
0.5,0.15,0.4 19.6404
0.5,0.15,0.45 0.657478
0.5,0.2,0 7.33315e-12
0.5,0.2,0.05 0.018902
0.5,0.2,0.1 65.1678
0.5,0.2,0.15 450.312
0.5,0.2,0.2 577.706
0.5,0.2,0.25 689.735
0.5,0.2,0.3 545.957
0.5,0.2,0.35 297.333
0.5,0.2,0.4 160.074
0.5,0.2,0.45 8.04154
0.5,0.25,0 1.44757e-10
0.5,0.25,0.05 5.6344
0.5,0.25,0.1 100.78
0.5,0.25,0.15 426.247
0.5,0.25,0.2 545.847
0.5,0.25,0.25 670.936
0.5,0.25,0.3 537.657
0.5,0.25,0.35 572.687
0.5,0.25,0.4 344.199
0.5,0.25,0.45 16.0633
0.5,0.3,0 2.04269e-10
0.5,0.3,0.05 38.0436
0.5,0.3,0.1 374.344
0.5,0.3,0.15 636.143
0.5,0.3,0.2 601.828
0.5,0.3,0.25 394.571
0.5,0.3,0.3 694.661
0.5,0.3,0.35 841.617
0.5,0.3,0.4 197.696
0.5,0.3,0.45 9.84072
0.5,0.3,0.5 0.0056256
0.5,0.35,0 1.22673e-09
0.5,0.35,0.05 36.9378
0.5,0.35,0.1 403.475
0.5,0.35,0.15 617.543
0.5,0.35,0.2 400.824
0.5,0.35,0.25 353.082
0.5,0.35,0.3 293.04
0.5,0.35,0.35 621.834
0.5,0.35,0.4 350.881
0.5,0.35,0.45 52.7576
0.5,0.35,0.5 0.03644
0.5,0.4,0 1.02572e-09
0.5,0.4,0.05 19.2115
0.5,0.4,0.1 250.97
0.5,0.4,0.15 381.822
0.5,0.4,0.2 267.515
0.5,0.4,0.25 421.979
0.5,0.4,0.3 190.852
0.5,0.4,0.35 230.22
0.5,0.4,0.4 252.937
0.5,0.4,0.45 48.6818
0.5,0.4,0.5 0.0168578
0.5,0.45,0 9.23204e-11
0.5,0.45,0.05 31.0593
0.5,0.45,0.1 239.447
0.5,0.45,0.15 362.636
0.5,0.45,0.2 319.78
0.5,0.45,0.25 580.854
0.5,0.45,0.3 371.193
0.5,0.45,0.35 105.682
0.5,0.45,0.4 55.4922
0.5,0.45,0.45 12.4957
0.5,0.45,0.5 0.0235991
0.5,0.5,0 6.56722e-11
0.5,0.5,0.05 40.3059
0.5,0.5,0.1 353.03
0.5,0.5,0.15 484.663
0.5,0.5,0.2 533.862
0.5,0.5,0.25 673.651
0.5,0.5,0.3 547.35
0.5,0.5,0.35 171.61
0.5,0.5,0.4 98.3796
0.5,0.5,0.45 18.0481
0.5,0.5,0.5 0.0136388
0.5,0.55,0 2.53551e-11
0.5,0.55,0.05 9.70689
0.5,0.55,0.1 233.223
0.5,0.55,0.15 609.834
0.5,0.55,0.2 917.663
0.5,0.55,0.25 674.285
0.5,0.55,0.3 447.529
0.5,0.55,0.35 369.233
0.5,0.55,0.4 76.6662
0.5,0.55,0.45 8.02386
0.5,0.55,0.5 0.000166412
0.5,0.6,0 7.94165e-11
0.5,0.6,0.05 2.2238
0.5,0.6,0.1 70.2599
0.5,0.6,0.15 340.368
0.5,0.6,0.2 398.474
0.5,0.6,0.25 392.918
0.5,0.6,0.3 343.017
0.5,0.6,0.35 189.599
0.5,0.6,0.4 14.7377
0.5,0.6,0.45 0.0620928
0.5,0.65,0 1.78479e-11
0.5,0.65,0.05 1.44219
0.5,0.65,0.1 23.6658
0.5,0.65,0.15 119.063
0.5,0.65,0.2 313.564
0.5,0.65,0.25 360.933
0.5,0.65,0.3 590.229
0.5,0.65,0.35 143.163
0.5,0.65,0.4 9.63176
0.5,0.65,0.45 0.0296902
0.5,0.7,0 4.11456e-12
0.5,0.7,0.05 0.0477353
0.5,0.7,0.1 0.816143
0.5,0.7,0.15 22.6146
0.5,0.7,0.2 110.629
0.5,0.7,0.25 329.71
0.5,0.7,0.3 549.311
0.5,0.7,0.35 300.896
0.5,0.7,0.4 41.3595
0.5,0.7,0.45 0.0132768
0.5,0.75,0 1.82775e-08
0.5,0.75,0.05 2.12152
0.5,0.75,0.1 13.5531
0.5,0.75,0.15 14.942
0.5,0.75,0.2 7.51391
0.5,0.75,0.25 72.6307
0.5,0.75,0.3 212.673
0.5,0.75,0.35 158.608
0.5,0.75,0.4 22.2711
0.5,0.75,0.45 6.1978e-05
0.5,0.8,0 1.78866e-07
0.5,0.8,0.05 25.3142
0.5,0.8,0.1 106.127
0.5,0.8,0.15 38.1205
0.5,0.8,0.2 2.00475
0.5,0.8,0.25 0.759376
0.5,0.8,0.3 4.61939
0.5,0.8,0.35 3.24417
0.5,0.8,0.4 0.312071
0.5,0.85,0 1.65992e-07
0.5,0.85,0.05 25.1659
0.5,0.85,0.1 100.368
0.5,0.85,0.15 25.5253
0.5,0.85,0.2 0.0919755
0.5,0.85,0.25 0.00192379
0.5,0.85,0.3 0.0560057
0.5,0.85,0.35 0.0634404
0.5,0.85,0.4 0.00341797
0.5,0.9,0 8.96276e-09
0.5,0.9,0.05 1.38416
0.5,0.9,0.1 5.50572
0.5,0.9,0.15 1.36874
0.55,0.1,0.05 0.000133427
0.55,0.1,0.1 0.237647
0.55,0.1,0.15 0.729663
0.55,0.1,0.2 0.18339
0.55,0.1,0.25 0.957408
0.55,0.1,0.3 2.34644
0.55,0.1,0.35 0.369076
0.55,0.1,0.4 2.37691e-08
0.55,0.15,0.05 0.0209802
0.55,0.15,0.1 39.0718
0.55,0.15,0.15 129.278
0.55,0.15,0.2 33.4833
0.55,0.15,0.25 89.1855
0.55,0.15,0.3 201.263
0.55,0.15,0.35 29.5828
0.55,0.15,0.4 0.296807
0.55,0.15,0.45 0.0153539
0.55,0.2,0.05 0.0438305
0.55,0.2,0.1 90.9813
0.55,0.2,0.15 354.199
0.55,0.2,0.2 174.742
0.55,0.2,0.25 313.981
0.55,0.2,0.3 464.988
0.55,0.2,0.35 95.028
0.55,0.2,0.4 33.883
0.55,0.2,0.45 1.75296
0.55,0.25,0.05 0.364123
0.55,0.25,0.1 76.4563
0.55,0.25,0.15 325.499
0.55,0.25,0.2 366.243
0.55,0.25,0.25 496.186
0.55,0.25,0.3 357.449
0.55,0.25,0.35 214.127
0.55,0.25,0.4 72.4672
0.55,0.25,0.45 3.34951
0.55,0.3,0.05 2.12565
0.55,0.3,0.1 173.801
0.55,0.3,0.15 646.787
0.55,0.3,0.2 419.497
0.55,0.3,0.25 691.94
0.55,0.3,0.3 889.259
0.55,0.3,0.35 422.541
0.55,0.3,0.4 38.1144
0.55,0.3,0.45 0.397457
0.55,0.3,0.5 4.13583e-06
0.55,0.35,0.05 1.94132
0.55,0.35,0.1 112.805
0.55,0.35,0.15 531.332
0.55,0.35,0.2 560.419
0.55,0.35,0.25 677.994
0.55,0.35,0.3 455.67
0.55,0.35,0.35 154.662
0.55,0.35,0.4 34.3022
0.55,0.35,0.45 0.199526
0.55,0.35,0.5 2.679e-05
0.55,0.4,0 9.8318e-15
0.55,0.4,0.05 0.949757
0.55,0.4,0.1 87.4871
0.55,0.4,0.15 307.599
0.55,0.4,0.2 316.956
0.55,0.4,0.25 247.039
0.55,0.4,0.3 98.9919
0.55,0.4,0.35 49.9346
0.55,0.4,0.4 13.118
0.55,0.4,0.45 0.224926
0.55,0.4,0.5 1.0674e-05
0.55,0.45,0 2.61481e-13
0.55,0.45,0.05 0.454796
0.55,0.45,0.1 118.87
0.55,0.45,0.15 449.272
0.55,0.45,0.2 221.119
0.55,0.45,0.25 254.878
0.55,0.45,0.3 648.336
0.55,0.45,0.35 240.755
0.55,0.45,0.4 6.65283
0.55,0.45,0.45 0.0644366
0.55,0.45,0.5 2.75676e-08
0.55,0.5,0 2.82771e-13
0.55,0.5,0.05 4.26689
0.55,0.5,0.1 144.144
0.55,0.5,0.15 450.843
0.55,0.5,0.2 354.326
0.55,0.5,0.25 579.802
0.55,0.5,0.3 727.82
0.55,0.5,0.35 219.226
0.55,0.5,0.4 41.1324
0.55,0.5,0.45 3.09931
0.55,0.55,0 1.40981e-14
0.55,0.55,0.05 4.1844
0.55,0.55,0.1 129.459
0.55,0.55,0.15 307.688
0.55,0.55,0.2 356.847
0.55,0.55,0.25 563.312
0.55,0.55,0.3 487.37
0.55,0.55,0.35 223.267
0.55,0.55,0.4 80.7107
0.55,0.55,0.45 6.41539
0.55,0.6,0.05 0.187593
0.55,0.6,0.1 66.4844
0.55,0.6,0.15 375.539
0.55,0.6,0.2 235.244
0.55,0.6,0.25 496.297
0.55,0.6,0.3 1036.68
0.55,0.6,0.35 410.672
0.55,0.6,0.4 30.5408
0.55,0.6,0.45 0.929208
0.55,0.65,0.1 11.3692
0.55,0.65,0.15 132.57
0.55,0.65,0.2 149.716
0.55,0.65,0.25 152.275
0.55,0.65,0.3 630.21
0.55,0.65,0.35 486.969
0.55,0.65,0.4 131.302
0.55,0.65,0.45 0.654701
0.55,0.7,0 2.02185e-13
0.55,0.7,0.05 0.0284174
0.55,0.7,0.1 9.34063
0.55,0.7,0.15 118.465
0.55,0.7,0.2 158.196
0.55,0.7,0.25 64.2171
0.55,0.7,0.3 375.872
0.55,0.7,0.35 568.673
0.55,0.7,0.4 123.018
0.55,0.7,0.45 0.292769
0.55,0.75,0 1.42716e-08
0.55,0.75,0.05 5.63741
0.55,0.75,0.1 129.754
0.55,0.75,0.15 429.515
0.55,0.75,0.2 271.234
0.55,0.75,0.25 44.7965
0.55,0.75,0.3 263.332
0.55,0.75,0.35 360.324
0.55,0.75,0.4 44.2449
0.55,0.75,0.45 0.00136668
0.55,0.8,0 4.45828e-07
0.55,0.8,0.05 77.013
0.55,0.8,0.1 406.687
0.55,0.8,0.15 348.808
0.55,0.8,0.2 79.1362
0.55,0.8,0.25 9.58414
0.55,0.8,0.3 111.29
0.55,0.8,0.35 125.457
0.55,0.8,0.4 6.9812
0.55,0.85,0 5.23549e-07
0.55,0.85,0.05 86.032
0.55,0.85,0.1 347.099
0.55,0.85,0.15 96.5019
0.55,0.85,0.2 1.63123
0.55,0.85,0.25 0.247646
0.55,0.85,0.3 7.20951
0.55,0.85,0.35 8.16657
0.55,0.85,0.4 0.439989
0.55,0.9,0 2.99179e-08
0.55,0.9,0.05 5.75641
0.55,0.9,0.1 22.9211
0.55,0.9,0.15 5.70429
0.55,0.95,0 9.51499e-18
0.55,0.95,0.05 1.11451e-05
0.55,0.95,0.1 4.45676e-05
0.55,0.95,0.15 1.11387e-05
0.6,0.1,0.05 0.000174823
0.6,0.1,0.1 0.311378
0.6,0.1,0.15 0.953194
0.6,0.1,0.2 0.187942
0.6,0.1,0.25 2.76438
0.6,0.1,0.3 7.11061
0.6,0.1,0.35 1.12761
0.6,0.15,0.05 0.0274894
0.6,0.15,0.1 48.9623
0.6,0.15,0.15 149.888
0.6,0.15,0.2 28.8291
0.6,0.15,0.25 104.389
0.6,0.15,0.3 267.332
0.6,0.15,0.35 42.4754
0.6,0.15,0.4 0.013169
0.6,0.2,0.05 0.0572162
0.6,0.2,0.1 101.883
0.6,0.2,0.15 316.938
0.6,0.2,0.2 128.609
0.6,0.2,0.25 217.235
0.6,0.2,0.3 412.161
0.6,0.2,0.35 85.2557
0.6,0.2,0.4 0.908682
0.6,0.25,0.05 0.0209072
0.6,0.25,0.1 20.6216
0.6,0.25,0.15 90.8475
0.6,0.25,0.2 421.899
0.6,0.25,0.25 572.292
0.6,0.25,0.3 416.463
0.6,0.25,0.35 88.3278
0.6,0.25,0.4 1.93947
0.6,0.3,0.05 0.036296
0.6,0.3,0.1 22.2723
0.6,0.3,0.15 93.3724
0.6,0.3,0.2 242.816
0.6,0.3,0.25 575.132
0.6,0.3,0.3 465.046
0.6,0.3,0.35 60.2738
0.6,0.3,0.4 3.13527
0.6,0.3,0.45 0.043735
0.6,0.35,0.05 0.00646839
0.6,0.35,0.1 9.35672
0.6,0.35,0.15 167.537
0.6,0.35,0.2 437.749
0.6,0.35,0.25 521.95
0.6,0.35,0.3 244.729
0.6,0.35,0.35 151.304
0.6,0.35,0.4 96.4104
0.6,0.35,0.45 3.00258
0.6,0.4,0.05 0.00225989
0.6,0.4,0.1 4.86249
0.6,0.4,0.15 239.057
0.6,0.4,0.2 536.823
0.6,0.4,0.25 320.49
0.6,0.4,0.3 156.916
0.6,0.4,0.35 261.608
0.6,0.4,0.4 164.375
0.6,0.4,0.45 4.88624
0.6,0.45,0.05 0.00707564
0.6,0.45,0.1 20.3853
0.6,0.45,0.15 388.549
0.6,0.45,0.2 519.861
0.6,0.45,0.25 225.246
0.6,0.45,0.3 492.356
0.6,0.45,0.35 571.571
0.6,0.45,0.4 117.729
0.6,0.45,0.45 1.58997
0.6,0.5,0.05 0.0380191
0.6,0.5,0.1 28.5803
0.6,0.5,0.15 394.105
0.6,0.5,0.2 450.579
0.6,0.5,0.25 252.771
0.6,0.5,0.3 389.441
0.6,0.5,0.35 591.745
0.6,0.5,0.4 383.374
0.6,0.5,0.45 26.107
0.6,0.55,0.05 0.0376511
0.6,0.55,0.1 7.34845
0.6,0.55,0.15 62.2835
0.6,0.55,0.2 88.8334
0.6,0.55,0.25 181.904
0.6,0.55,0.3 345.263
0.6,0.55,0.35 455.706
0.6,0.55,0.4 459.474
0.6,0.55,0.45 37.6875
0.6,0.6,0.05 0.00169078
0.6,0.6,0.1 6.76616
0.6,0.6,0.15 53.3276
0.6,0.6,0.2 51.0838
0.6,0.6,0.25 174.317
0.6,0.6,0.3 644.679
0.6,0.6,0.35 340.635
0.6,0.6,0.4 66.9341
0.6,0.6,0.45 4.14676
0.6,0.65,0.1 3.58565
0.6,0.65,0.15 189.669
0.6,0.65,0.2 308.647
0.6,0.65,0.25 60.947
0.6,0.65,0.3 207.18
0.6,0.65,0.35 336.185
0.6,0.65,0.4 122.411
0.6,0.65,0.45 0.639421
0.6,0.7,0 2.48195e-12
0.6,0.7,0.05 0.203536
0.6,0.7,0.1 17.0443
0.6,0.7,0.15 276.11
0.6,0.7,0.2 392.038
0.6,0.7,0.25 66.6305
0.6,0.7,0.3 277.85
0.6,0.7,0.35 318.447
0.6,0.7,0.4 63.8334
0.6,0.7,0.45 0.285936
0.6,0.75,0 3.45659e-09
0.6,0.75,0.05 38.8326
0.6,0.75,0.1 272.03
0.6,0.75,0.15 709.475
0.6,0.75,0.2 611.717
0.6,0.75,0.25 100.88
0.6,0.75,0.3 384.03
0.6,0.75,0.35 345.799
0.6,0.75,0.4 16.3242
0.6,0.75,0.45 0.00133479
0.6,0.8,0 9.39846e-08
0.6,0.8,0.05 116.909
0.6,0.8,0.1 558.371
0.6,0.8,0.15 413.339
0.6,0.8,0.2 140.212
0.6,0.8,0.25 21.9353
0.6,0.8,0.3 217.779
0.6,0.8,0.35 243.24
0.6,0.8,0.4 12.9527
0.6,0.85,0 1.09314e-07
0.6,0.85,0.05 107.386
0.6,0.85,0.1 433.156
0.6,0.85,0.15 116.903
0.6,0.85,0.2 1.40043
0.6,0.85,0.25 0.489176
0.6,0.85,0.3 14.241
0.6,0.85,0.35 16.1315
0.6,0.85,0.4 0.869113
0.6,0.9,0 6.2527e-09
0.6,0.9,0.05 22.1589
0.6,0.9,0.1 88.5901
0.6,0.9,0.15 22.1361
0.6,0.95,0 1.77506e-16
0.6,0.95,0.05 0.000207916
0.6,0.95,0.1 0.000831427
0.6,0.95,0.15 0.000207798
0.65,0.1,0.05 1.18355e-05
0.65,0.1,0.1 0.0210803
0.65,0.1,0.15 0.0645311
0.65,0.1,0.2 0.0135381
0.65,0.1,0.25 0.553128
0.65,0.1,0.3 1.42314
0.65,0.1,0.35 0.22574
0.65,0.15,0.05 0.00186103
0.65,0.15,0.1 3.3147
0.65,0.15,0.15 10.147
0.65,0.15,0.2 1.97926
0.65,0.15,0.25 20.0029
0.65,0.15,0.3 53.5746
0.65,0.15,0.35 10.2438
0.65,0.15,0.4 0.0709965
0.65,0.2,0.05 0.00387174
0.65,0.2,0.1 6.89598
0.65,0.2,0.15 25.2515
0.65,0.2,0.2 46.2736
0.65,0.2,0.25 65.6278
0.65,0.2,0.3 246.091
0.65,0.2,0.35 158.823
0.65,0.2,0.4 4.89738
0.65,0.25,0.05 0.00048299
