0,0.4,0.15 1.71373e-14
0,0.4,0.2 7.33012e-14
0,0.4,0.25 1.95945e-14
0,0.4,0.3 2.04337e-19
0,0.45,0.15 1.61833e-11
0,0.45,0.2 6.92205e-11
0,0.45,0.25 1.85037e-11
0,0.45,0.3 1.92962e-16
0,0.5,0.15 4.6253e-11
0,0.5,0.2 1.97838e-10
0,0.5,0.25 5.2885e-11
0,0.5,0.3 5.515e-16
0,0.55,0.15 8.21008e-12
0,0.55,0.2 3.51169e-11
0,0.55,0.25 9.38728e-12
0,0.55,0.3 9.78933e-17
0,0.65,0.15 4.31381e-14
0,0.65,0.2 5.93819e-13
0,0.65,0.25 4.32066e-13
0,0.65,0.3 9.75849e-15
0,0.7,0.15 5.30933e-13
0,0.7,0.2 7.30859e-12
0,0.7,0.25 5.31777e-12
0,0.7,0.3 1.20105e-13
0,0.75,0.15 3.57062e-13
0,0.75,0.2 4.91516e-12
0,0.75,0.25 3.5763e-12
0,0.75,0.3 8.07729e-14
0,0.8,0.15 6.639e-15
0,0.8,0.2 9.13895e-14
0,0.8,0.25 6.64955e-14
0,0.8,0.3 1.50184e-15
0.05,0.1,0.1 0.332304
0.05,0.1,0.15 9.96756
0.05,0.1,0.2 11.4607
0.05,0.1,0.25 0.632755
0.05,0.15,0.05 0.000325099
0.05,0.15,0.1 1.67336
0.05,0.15,0.15 50.3655
0.05,0.15,0.2 60.7959
0.05,0.15,0.25 5.57568
0.05,0.15,0.3 0.0613182
0.05,0.15,0.35 0.00566302
0.05,0.15,0.4 0.00253688
0.05,0.15,0.45 1.19384e-05
0.05,0.2,0.05 0.0334298
0.05,0.2,0.1 0.658683
0.05,0.2,0.15 17.0382
0.05,0.2,0.2 36.4136
0.05,0.2,0.25 18.1042
0.05,0.2,0.3 8.19373
0.05,0.2,0.35 7.30863
0.05,0.2,0.4 2.86038
0.05,0.2,0.45 0.0134608
0.05,0.25,0.05 0.376402
0.05,0.25,0.1 1.50853
0.05,0.25,0.15 1.89227
0.05,0.25,0.2 10.3227
0.05,0.25,0.25 26.5717
0.05,0.25,0.3 48.1364
0.05,0.25,0.35 24.6546
0.05,0.25,0.4 8.34776
0.05,0.25,0.45 0.0392842
0.05,0.3,0.05 0.252545
0.05,0.3,0.1 1.01207
0.05,0.3,0.15 1.45073
0.05,0.3,0.2 4.1642
0.05,0.3,0.25 9.21841
0.05,0.3,0.3 18.6869
0.05,0.3,0.35 5.79364
0.05,0.3,0.4 1.51464
0.05,0.3,0.45 0.00712781
0.05,0.35,0 2.9298e-10
0.05,0.35,0.05 1.34768
0.05,0.35,0.1 5.38105
0.05,0.35,0.15 1.40628
0.05,0.35,0.2 0.218086
0.05,0.35,0.25 0.0690294
0.05,0.35,0.3 0.0486775
0.05,0.35,0.35 0.0064423
0.05,0.4,0 1.17859e-09
0.05,0.4,0.05 5.4024
0.05,0.4,0.1 21.5716
0.05,0.4,0.15 5.49743
0.05,0.4,0.2 0.646935
0.05,0.4,0.25 0.284024
0.05,0.4,0.3 0.0017056
0.05,0.45,0 2.96324e-10
0.05,0.45,0.05 1.36829
0.05,0.45,0.1 5.65227
0.05,0.45,0.15 13.4474
0.05,0.45,0.2 60.3371
0.05,0.45,0.25 22.0439
0.05,0.45,0.3 1.87111
0.05,0.45,0.35 0.187906
0.05,0.5,0 1.9949e-18
0.05,0.5,0.05 0.171727
0.05,0.5,0.1 3.68401
0.05,0.5,0.15 31.888
0.05,0.5,0.2 135.28
0.05,0.5,0.25 54.553
0.05,0.5,0.3 20.9497
0.05,0.5,0.35 4.62455
0.05,0.5,0.4 0.583475
0.05,0.55,0.05 0.144493
0.05,0.55,0.1 3.0902
0.05,0.55,0.15 7.50784
0.05,0.55,0.2 21.6179
0.05,0.55,0.25 48.4401
0.05,0.55,0.3 62.1857
0.05,0.55,0.35 17.0682
0.05,0.55,0.4 4.01142
0.05,0.55,0.45 0.0781503
0.05,0.6,0.05 0.00450255
0.05,0.6,0.1 0.0962838
0.05,0.6,0.15 0.0924076
0.05,0.6,0.2 0.806311
0.05,0.6,0.25 31.2857
0.05,0.6,0.3 43.0779
0.05,0.6,0.35 17.4815
0.05,0.6,0.4 13.3933
0.05,0.6,0.45 0.656577
0.05,0.65,0.15 0.431787
0.05,0.65,0.2 5.9675
0.05,0.65,0.25 5.30132
0.05,0.65,0.3 1.61939
0.05,0.65,0.35 5.85859
0.05,0.65,0.4 6.36321
0.05,0.65,0.45 0.32831
0.05,0.7,0.15 5.31433
0.05,0.7,0.2 73.1546
0.05,0.7,0.25 53.2277
0.05,0.7,0.3 1.20373
0.05,0.7,0.35 0.0427678
0.05,0.7,0.4 0.0471989
0.05,0.7,0.45 0.00243523
0.05,0.75,0.15 3.57398
0.05,0.75,0.2 49.1978
0.05,0.75,0.25 35.7966
0.05,0.75,0.3 0.808489
0.05,0.8,0.15 0.0664524
0.05,0.8,0.2 0.914754
0.05,0.8,0.25 0.66558
0.05,0.8,0.3 0.0150325
0.1,0,0.1 2.01027e-19
0.1,0,0.15 6.84176e-17
0.1,0,0.2 1.67834e-16
0.1,0,0.25 2.52659e-17
0.1,0.05,0.1 2.64753e-06
0.1,0.05,0.15 0.000901064
0.1,0.05,0.2 0.00414035
0.1,0.05,0.25 0.679428
0.1,0.05,0.3 1.67594
0.1,0.05,0.35 0.25398
0.1,0.1,0.1 1.80369
0.1,0.1,0.15 54.1438
0.1,0.1,0.2 62.5695
0.1,0.1,0.25 7.13218
0.1,0.1,0.3 8.6816
0.1,0.1,0.35 1.32328
0.1,0.1,0.4 0.000694171
0.1,0.15,0.05 2.88565
0.1,0.15,0.1 20.6223
0.1,0.15,0.15 278.561
0.1,0.15,0.2 362.337
0.1,0.15,0.25 55.8357
0.1,0.15,0.3 6.96767
0.1,0.15,0.35 5.14059
0.1,0.15,0.4 0.407075
0.1,0.15,0.45 0.000196147
0.1,0.2,0.05 30.713
0.1,0.2,0.1 125.763
0.1,0.2,0.15 136.183
0.1,0.2,0.2 378.313
0.1,0.2,0.25 248.759
0.1,0.2,0.3 84.2438
0.1,0.2,0.35 124.332
0.1,0.2,0.4 47.9598
0.1,0.2,0.45 0.22116
0.1,0.25,0.05 57.4414
0.1,0.25,0.1 230.2
0.1,0.25,0.15 113.011
0.1,0.25,0.2 269.324
0.1,0.25,0.25 283.875
0.1,0.25,0.3 402.76
0.1,0.25,0.35 355.226
0.1,0.25,0.4 137.31
0.1,0.25,0.45 0.645435
0.1,0.3,0.05 29.0085
0.1,0.3,0.1 116.906
0.1,0.3,0.15 84.2381
0.1,0.3,0.2 188.644
0.1,0.3,0.25 106.233
0.1,0.3,0.3 150.27
0.1,0.3,0.35 74.4094
0.1,0.3,0.4 24.8853
0.1,0.3,0.45 0.117109
0.1,0.35,0 4.53765e-09
0.1,0.35,0.05 21.4435
0.1,0.35,0.1 85.8751
0.1,0.35,0.15 24.4246
0.1,0.35,0.2 9.96512
0.1,0.35,0.25 2.31248
0.1,0.35,0.3 0.380279
0.1,0.35,0.35 0.0503286
0.1,0.4,0 1.82539e-08
0.1,0.4,0.05 83.6723
0.1,0.4,0.1 334.339
0.1,0.4,0.15 91.6936
0.1,0.4,0.2 14.2731
0.1,0.4,0.25 3.08285
0.1,0.4,0.3 0.0263261
0.1,0.4,0.35 0.0644772
0.1,0.4,0.4 0.285995
0.1,0.4,0.45 0.0792685
0.1,0.4,0.5 2.92391e-06
0.1,0.45,0 4.58965e-09
0.1,0.45,0.05 22.6209
0.1,0.45,0.1 100.399
0.1,0.45,0.15 193.184
0.1,0.45,0.2 485.519
0.1,0.45,0.25 169.495
0.1,0.45,0.3 29.5629
0.1,0.45,0.35 12.7479
0.1,0.45,0.4 43.5072
0.1,0.45,0.45 12.0587
0.1,0.45,0.5 0.000444803
0.1,0.5,0 1.00188e-12
0.1,0.5,0.05 12.9923
0.1,0.5,0.1 173.81
0.1,0.5,0.15 370
0.1,0.5,0.2 840.926
0.1,0.5,0.25 445.453
0.1,0.5,0.3 319.949
0.1,0.5,0.35 141.257
0.1,0.5,0.4 110.152
0.1,0.5,0.45 24.8833
0.1,0.5,0.5 0.000917906
0.1,0.55,0 3.22651e-13
0.1,0.55,0.05 7.75614
0.1,0.55,0.1 131.776
0.1,0.55,0.15 168.59
0.1,0.55,0.2 196.652
0.1,0.55,0.25 479.094
0.1,0.55,0.3 582.529
0.1,0.55,0.35 437.554
0.1,0.55,0.4 121.345
0.1,0.55,0.45 4.45595
0.1,0.55,0.5 0.000113512
0.1,0.6,0 1.55456e-16
0.1,0.6,0.05 0.30568
0.1,0.6,0.1 11.3733
0.1,0.6,0.15 19.741
0.1,0.6,0.2 30.1124
0.1,0.6,0.25 256.133
0.1,0.6,0.3 301.268
0.1,0.6,0.35 322.391
0.1,0.6,0.4 246.269
0.1,0.6,0.45 11.5924
0.1,0.6,0.5 3.48909e-09
0.1,0.65,0.05 0.720302
0.1,0.65,0.1 43.4772
0.1,0.65,0.15 83.1974
0.1,0.65,0.2 57.5589
0.1,0.65,0.25 35.2274
0.1,0.65,0.3 93.2025
0.1,0.65,0.35 149.464
0.1,0.65,0.4 112.953
0.1,0.65,0.45 5.79657
0.1,0.7,0.05 0.258628
0.1,0.7,0.1 15.6252
0.1,0.7,0.15 59.5563
0.1,0.7,0.2 334.436
0.1,0.7,0.25 226.571
0.1,0.7,0.3 58.4725
0.1,0.7,0.35 29.4029
0.1,0.7,0.4 1.13241
0.1,0.7,0.45 0.0429959
0.1,0.75,0.05 0.000335842
0.1,0.75,0.1 0.020707
0.1,0.75,0.15 16.8019
0.1,0.75,0.2 205.782
0.1,0.75,0.25 146.315
0.1,0.75,0.3 5.40557
0.1,0.75,0.35 0.942223
0.1,0.75,0.4 0.00560859
0.1,0.8,0.1 1.1663e-08
0.1,0.8,0.15 0.266293
0.1,0.8,0.2 3.87506
0.1,0.8,0.25 3.24291
0.1,0.8,0.3 0.156754
0.1,0.85,0.15 4.44359e-06
0.1,0.85,0.2 0.00265646
0.1,0.85,0.25 0.00714331
0.1,0.85,0.3 0.00118841
0.15,0,0.1 2.5992e-15
0.15,0,0.15 8.84613e-13
0.15,0,0.2 2.17003e-12
0.15,0,0.25 3.26679e-13
0.15,0.05,0 3.77742e-13
0.15,0.05,0.05 0.00767793
0.15,0.05,0.1 0.0649096
0.15,0.05,0.15 11.6581
0.15,0.05,0.2 28.6383
0.15,0.05,0.25 25.2645
0.15,0.05,0.3 52.3058
0.15,0.05,0.35 8.09397
0.15,0.05,0.4 2.82761e-05
0.15,0.1,0 2.55832e-10
0.15,0.1,0.05 5.19999
0.15,0.1,0.1 21.5231
0.15,0.1,0.15 72.563
0.15,0.1,0.2 158.108
0.15,0.1,0.25 139.363
0.15,0.1,0.3 273.712
0.15,0.1,0.35 42.8625
0.15,0.1,0.4 0.01461
0.15,0.15,0 7.00245e-10
0.15,0.15,0.05 24.2478
0.15,0.15,0.1 100.275
0.15,0.15,0.15 155.094
0.15,0.15,0.2 372.06
0.15,0.15,0.25 185.756
0.15,0.15,0.3 161.814
0.15,0.15,0.35 116.327
0.15,0.15,0.4 8.26749
0.15,0.15,0.45 0.000160485
0.15,0.2,0 1.1873e-10
0.15,0.2,0.05 104.26
0.15,0.2,0.1 420.444
0.15,0.2,0.15 187.583
0.15,0.2,0.2 486.054
0.15,0.2,0.25 488.657
0.15,0.2,0.3 308.554
0.15,0.2,0.35 387.539
0.15,0.2,0.4 62.9977
0.15,0.2,0.45 0.18095
0.15,0.25,0 3.21377e-14
0.15,0.25,0.05 146.098
0.15,0.25,0.1 597.881
0.15,0.25,0.15 240.213
0.15,0.25,0.2 428.234
0.15,0.25,0.25 543.909
0.15,0.25,0.3 413.61
0.15,0.25,0.35 339.963
0.15,0.25,0.4 117.506
0.15,0.25,0.45 0.528086
0.15,0.3,0 2.34359e-14
0.15,0.3,0.05 91.6651
0.15,0.3,0.1 436.424
0.15,0.3,0.15 212.57
0.15,0.3,0.2 272.578
0.15,0.3,0.25 132.93
0.15,0.3,0.3 109.187
0.15,0.3,0.35 56.1781
0.15,0.3,0.4 20.3903
0.15,0.3,0.45 0.0958171
0.15,0.35,0 3.57347e-09
0.15,0.35,0.05 29.3283
0.15,0.35,0.1 142.963
0.15,0.35,0.15 49.5987
0.15,0.35,0.2 14.2815
0.15,0.35,0.25 3.16513
0.15,0.35,0.3 0.178896
0.15,0.35,0.35 0.0236658
0.15,0.4,0 1.43752e-08
0.15,0.4,0.05 66.2596
0.15,0.4,0.1 269.899
0.15,0.4,0.15 132.722
0.15,0.4,0.2 58.9629
0.15,0.4,0.25 5.55375
0.15,0.4,0.3 0.421495
0.15,0.4,0.35 0.38762
0.15,0.4,0.4 1.24385
0.15,0.4,0.45 0.342068
0.15,0.4,0.5 1.26176e-05
0.15,0.45,0 3.61696e-09
0.15,0.45,0.05 33.5631
0.15,0.45,0.1 166.271
0.15,0.45,0.15 514.068
0.15,0.45,0.2 657.107
0.15,0.45,0.25 247.825
0.15,0.45,0.3 79.4544
0.15,0.45,0.35 80.6028
0.15,0.45,0.4 197.564
0.15,0.45,0.45 53.9739
0.15,0.45,0.5 0.00202278
0.15,0.5,0 1.39311e-11
0.15,0.5,0.05 94.0804
0.15,0.5,0.1 543.133
0.15,0.5,0.15 638.491
0.15,0.5,0.2 827.355
0.15,0.5,0.25 591.058
0.15,0.5,0.3 487.104
0.15,0.5,0.35 413.512
0.15,0.5,0.4 535.374
0.15,0.5,0.45 135.258
0.15,0.5,0.5 0.00544995
0.15,0.55,0 4.48659e-12
0.15,0.55,0.05 35.0015
0.15,0.55,0.1 274.901
0.15,0.55,0.15 352.425
0.15,0.55,0.2 476.031
0.15,0.55,0.25 707.104
0.15,0.55,0.3 829.382
0.15,0.55,0.35 837.151
0.15,0.55,0.4 307.219
0.15,0.55,0.45 35.4074
0.15,0.55,0.5 0.00160751
0.15,0.6,0 2.51649e-10
0.15,0.6,0.05 5.0893
0.15,0.6,0.1 63.9311
0.15,0.6,0.15 117.687
0.15,0.6,0.2 124.39
0.15,0.6,0.25 335.896
0.15,0.6,0.3 373.788
0.15,0.6,0.35 407.356
0.15,0.6,0.4 234.105
0.15,0.6,0.45 10.4634
0.15,0.6,0.5 2.71674e-05
0.15,0.65,0 1.34118e-09
0.15,0.65,0.05 26.0781
0.15,0.65,0.1 320.095
0.15,0.65,0.15 579.921
0.15,0.65,0.2 411.467
0.15,0.65,0.25 124.679
0.15,0.65,0.3 591.862
0.15,0.65,0.35 414.325
0.15,0.65,0.4 100.27
0.15,0.65,0.45 4.96364
0.15,0.7,0 4.45021e-10
0.15,0.7,0.05 8.75668
0.15,0.7,0.1 125.728
0.15,0.7,0.15 365.968
0.15,0.7,0.2 590.679
0.15,0.7,0.25 233.869
0.15,0.7,0.3 459.888
0.15,0.7,0.35 224.468
0.15,0.7,0.4 2.81177
0.15,0.7,0.45 0.0368096
0.15,0.75,0 2.92762e-13
0.15,0.75,0.05 0.00714043
0.15,0.75,0.1 3.86361
0.15,0.75,0.15 54.0145
0.15,0.75,0.2 232.887
0.15,0.75,0.25 248.271
0.15,0.75,0.3 105.361
0.15,0.75,0.35 23.013
0.15,0.75,0.4 0.0511359
0.15,0.8,0.1 0.196905
0.15,0.8,0.15 5.19045
0.15,0.8,0.2 43.6487
0.15,0.8,0.25 102.715
0.15,0.8,0.3 40.4924
0.15,0.8,0.35 6.54954
0.15,0.8,0.4 3.54514e-05
0.15,0.85,0.1 0.00192821
0.15,0.85,0.15 0.0486283
0.15,0.85,0.2 0.478403
0.15,0.85,0.25 1.18894
0.15,0.85,0.3 0.338298
0.15,0.85,0.35 0.0386896
0.15,0.85,0.4 2.0942e-07
0.2,0,0.1 9.10015e-15
0.2,0,0.15 3.09715e-12
0.2,0,0.2 7.59759e-12
0.2,0,0.25 1.14375e-12
0.2,0.05,0 2.59192e-12
0.2,0.05,0.05 0.0526829
0.2,0.05,0.1 0.333464
0.2,0.05,0.15 41.0276
0.2,0.05,0.2 100.435
0.2,0.05,0.25 46.9549
0.2,0.05,0.3 95.0892
0.2,0.05,0.35 19.2376
0.2,0.05,0.4 0.00081612
0.2,0.1,0 1.75541e-09
0.2,0.1,0.05 35.6802
0.2,0.1,0.1 143.058
0.2,0.1,0.15 204.842
0.2,0.1,0.2 461.945
0.2,0.1,0.25 309.726
0.2,0.1,0.3 578.886
0.2,0.1,0.35 122.521
0.2,0.1,0.4 0.0196159
0.2,0.15,0 4.8048e-09
0.2,0.15,0.05 103.488
0.2,0.15,0.1 421.94
0.2,0.15,0.15 216.035
0.2,0.15,0.2 545.841
0.2,0.15,0.25 403.168
0.2,0.15,0.3 330.991
0.2,0.15,0.35 188.894
0.2,0.15,0.4 12.349
0.2,0.15,0.45 4.89435e-06
0.2,0.2,0 8.14683e-10
0.2,0.2,0.05 79.7315
0.2,0.2,0.1 400.08
0.2,0.2,0.15 324.557
0.2,0.2,0.2 634.034
0.2,0.2,0.25 447.77
0.2,0.2,0.3 522.697
0.2,0.2,0.35 645.654
0.2,0.2,0.4 59.0174
0.2,0.2,0.45 0.00531786
0.2,0.25,0 3.09239e-13
0.2,0.25,0.05 128.09
0.2,0.25,0.1 580.248
0.2,0.25,0.15 321.699
0.2,0.25,0.2 546.34
0.2,0.25,0.25 588.93
0.2,0.25,0.3 562.296
0.2,0.25,0.35 369.273
0.2,0.25,0.4 30.8398
0.2,0.25,0.45 0.0155178
0.2,0.3,0 2.25507e-13
0.2,0.3,0.05 121.935
0.2,0.3,0.1 617.588
0.2,0.3,0.15 284.215
0.2,0.3,0.2 333.605
0.2,0.3,0.25 169.722
0.2,0.3,0.3 94.6097
0.2,0.3,0.35 34.4621
0.2,0.3,0.4 2.57364
0.2,0.3,0.45 0.00281555
0.2,0.35,0 9.66941e-11
0.2,0.35,0.05 60.2836
0.2,0.35,0.1 290.89
0.2,0.35,0.15 99.3061
0.2,0.35,0.2 18.7887
0.2,0.35,0.25 5.21139
0.2,0.35,0.3 0.102261
0.2,0.35,0.35 0.313261
0.2,0.35,0.4 0.0673704
0.2,0.4,0 4.11699e-10
0.2,0.4,0.05 45.4141
0.2,0.4,0.1 217.402
0.2,0.4,0.15 253.702
0.2,0.4,0.2 93.3627
0.2,0.4,0.25 7.18405
0.2,0.4,0.3 1.00268
0.2,0.4,0.35 0.558975
0.2,0.4,0.4 0.375718
0.2,0.4,0.45 0.0922504
0.2,0.4,0.5 3.40276e-06
0.2,0.45,0 2.51684e-10
0.2,0.45,0.05 45.3826
0.2,0.45,0.1 261.855
0.2,0.45,0.15 650.376
0.2,0.45,0.2 445.347
0.2,0.45,0.25 241.024
0.2,0.45,0.3 191.822
0.2,0.45,0.35 184.498
0.2,0.45,0.4 108.586
0.2,0.45,0.45 22.5773
0.2,0.45,0.5 0.000870378
0.2,0.5,0 2.25835e-10
0.2,0.5,0.05 86.2382
0.2,0.5,0.1 370.471
0.2,0.5,0.15 402.494
0.2,0.5,0.2 544.939
0.2,0.5,0.25 588.864
0.2,0.5,0.3 775.974
0.2,0.5,0.35 647.549
0.2,0.5,0.4 620.861
0.2,0.5,0.45 136.413
0.2,0.5,0.5 0.00615143
0.2,0.55,0 5.23116e-11
0.2,0.55,0.05 28.3329
0.2,0.55,0.1 172.302
0.2,0.55,0.15 327.755
0.2,0.55,0.2 397.091
0.2,0.55,0.25 444.077
0.2,0.55,0.3 674.741
0.2,0.55,0.35 553.405
0.2,0.55,0.4 474.932
0.2,0.55,0.45 88.7061
0.2,0.55,0.5 0.00394792
0.2,0.6,0 1.15922e-09
0.2,0.6,0.05 19.8939
0.2,0.6,0.1 172.629
0.2,0.6,0.15 366
0.2,0.6,0.2 328.923
0.2,0.6,0.25 478.53
0.2,0.6,0.3 413.831
0.2,0.6,0.35 290.977
0.2,0.6,0.4 128.734
0.2,0.6,0.45 10.3316
0.2,0.6,0.5 9.27041e-05
0.2,0.65,0 6.25721e-09
0.2,0.65,0.05 109.102
0.2,0.65,0.1 547.388
0.2,0.65,0.15 637.429
0.2,0.65,0.2 519.981
0.2,0.65,0.25 236.702
0.2,0.65,0.3 597.859
0.2,0.65,0.35 348.677
0.2,0.65,0.4 14.0885
0.2,0.65,0.45 0.459573
0.2,0.7,0 2.20837e-09
0.2,0.7,0.05 43.8006
0.2,0.7,0.1 317.829
0.2,0.7,0.15 657.514
0.2,0.7,0.2 555.614
0.2,0.7,0.25 424.599
0.2,0.7,0.3 589.294
0.2,0.7,0.35 176.538
0.2,0.7,0.4 2.18207
0.2,0.7,0.45 0.00142081
0.2,0.75,0 1.83253e-11
0.2,0.75,0.05 1.00443
0.2,0.75,0.1 49.27
0.2,0.75,0.15 351.994
0.2,0.75,0.2 657.758
0.2,0.75,0.25 706.131
0.2,0.75,0.3 514.56
0.2,0.75,0.35 106.626
0.2,0.75,0.4 0.0281066
0.2,0.8,0.05 0.0037894
0.2,0.8,0.1 9.92196
0.2,0.8,0.15 126.592
0.2,0.8,0.2 251.61
0.2,0.8,0.25 296.161
0.2,0.8,0.3 209.775
0.2,0.8,0.35 46.3203
0.2,0.8,0.4 0.000250723
0.2,0.85,0.05 3.46412e-05
0.2,0.85,0.1 0.0934627
0.2,0.85,0.15 1.1895
0.2,0.85,0.2 2.00471
0.2,0.85,0.25 2.70959
0.2,0.85,0.3 1.43856
0.2,0.85,0.35 0.273624
0.2,0.85,0.4 1.48108e-06
0.25,0,0.1 1.99043e-15
0.25,0,0.15 6.77425e-13
0.25,0,0.2 6.08537e-12
0.25,0,0.25 9.32561e-11
0.25,0,0.3 8.83967e-11
0.25,0,0.35 3.50098e-12
0.25,0.05,0 1.08787e-12
0.25,0.05,0.05 0.0221119
0.25,0.05,0.1 0.544627
0.25,0.05,0.15 34.5324
0.25,0.05,0.2 62.1695
0.25,0.05,0.25 31.4074
