0.45,0.1,0.05 23.1959
0.45,0.1,0.1 92.8369
0.45,0.1,0.15 36.0861
0.45,0.1,0.2 123.218
0.45,0.1,0.25 203.325
0.45,0.1,0.3 257.551
0.45,0.1,0.35 33.8
0.45,0.15,0 4.99322e-11
0.45,0.15,0.05 152.663
0.45,0.15,0.1 611.648
0.45,0.15,0.15 249.384
0.45,0.15,0.2 337.237
0.45,0.15,0.25 347.985
0.45,0.15,0.3 335.389
0.45,0.15,0.35 43.338
0.45,0.2,0 2.28637e-10
0.45,0.2,0.05 164.052
0.45,0.2,0.1 658
0.45,0.2,0.15 262.989
0.45,0.2,0.2 295.901
0.45,0.2,0.25 274.745
0.45,0.2,0.3 74.6039
0.45,0.2,0.35 7.22726
0.45,0.25,0 1.35468e-10
0.45,0.25,0.05 117.855
0.45,0.25,0.1 475.002
0.45,0.25,0.15 175.645
0.45,0.25,0.2 333.944
0.45,0.25,0.25 388.925
0.45,0.25,0.3 42.8092
0.45,0.25,0.35 0.246784
0.45,0.3,0 1.07836e-10
0.45,0.3,0.05 137.975
0.45,0.3,0.1 574.824
0.45,0.3,0.15 467.213
0.45,0.3,0.2 656.025
0.45,0.3,0.25 293.743
0.45,0.3,0.3 27.4399
0.45,0.3,0.35 5.6405
0.45,0.3,0.4 0.691098
0.45,0.35,0 1.06898e-09
0.45,0.35,0.05 142.974
0.45,0.35,0.1 586.444
0.45,0.35,0.15 374.743
0.45,0.35,0.2 511.627
0.45,0.35,0.25 469.832
0.45,0.35,0.3 341.104
0.45,0.35,0.35 132.93
0.45,0.35,0.4 7.48782
0.45,0.4,0 7.71381e-10
0.45,0.4,0.05 76.672
0.45,0.4,0.1 319.899
0.45,0.4,0.15 256.914
0.45,0.4,0.2 310.464
0.45,0.4,0.25 444.523
0.45,0.4,0.3 724.982
0.45,0.4,0.35 346.371
0.45,0.4,0.4 20.406
0.45,0.4,0.45 0.0272835
0.45,0.45,0 1.20256e-10
0.45,0.45,0.05 74.0069
0.45,0.45,0.1 345.788
0.45,0.45,0.15 522.88
0.45,0.45,0.2 446.986
0.45,0.45,0.25 581.424
0.45,0.45,0.3 544.185
0.45,0.45,0.35 255.095
0.45,0.45,0.4 55.6148
0.45,0.45,0.45 0.155437
0.45,0.5,0 8.3463e-10
0.45,0.5,0.05 115.416
0.45,0.5,0.1 491.27
0.45,0.5,0.15 428.809
0.45,0.5,0.2 641.07
0.45,0.5,0.25 486.489
0.45,0.5,0.3 988.841
0.45,0.5,0.35 509.224
0.45,0.5,0.4 113.423
0.45,0.5,0.45 3.21352
0.45,0.55,0 4.47662e-09
0.45,0.55,0.05 109.879
0.45,0.55,0.1 458.316
0.45,0.55,0.15 368.131
0.45,0.55,0.2 665.022
0.45,0.55,0.25 354.683
0.45,0.55,0.3 757.648
0.45,0.55,0.35 517.88
0.45,0.55,0.4 227.694
0.45,0.55,0.45 7.92552
0.45,0.6,0 1.47217e-08
0.45,0.6,0.05 143.698
0.45,0.6,0.1 577.416
0.45,0.6,0.15 376.099
0.45,0.6,0.2 728.183
0.45,0.6,0.25 268.724
0.45,0.6,0.3 66.455
0.45,0.6,0.35 53.9634
0.45,0.6,0.4 34.8355
0.45,0.6,0.45 1.22087
0.45,0.65,0 4.85193e-09
0.45,0.65,0.05 94.0176
0.45,0.65,0.1 376.539
0.45,0.65,0.15 196.193
0.45,0.65,0.2 338.736
0.45,0.65,0.25 106.552
0.45,0.65,0.3 27.3983
0.45,0.65,0.35 2.51859
0.45,0.65,0.4 0.0123007
0.45,0.65,0.45 0.000216131
0.45,0.7,0 1.8551e-10
0.45,0.7,0.05 9.42023
0.45,0.7,0.1 42.5888
0.45,0.7,0.15 27.532
0.45,0.7,0.2 67.8337
0.45,0.7,0.25 43.7118
0.45,0.7,0.3 6.86676
0.45,0.7,0.35 0.537181
0.45,0.7,0.4 0.0056182
0.45,0.7,0.45 9.87155e-05
0.45,0.75,0 8.68819e-10
0.45,0.75,0.05 25.0533
0.45,0.75,0.1 110.092
0.45,0.75,0.15 59.9849
0.45,0.75,0.2 236.295
0.45,0.75,0.25 182.419
0.45,0.75,0.3 5.16303
0.45,0.75,0.35 4.38104e-05
0.45,0.75,0.4 2.88304e-05
0.45,0.75,0.45 5.0657e-07
0.45,0.8,0 2.82511e-09
0.45,0.8,0.05 80.4942
0.45,0.8,0.1 322.881
0.45,0.8,0.15 89.3663
0.45,0.8,0.2 96.6741
0.45,0.8,0.25 73.174
0.45,0.8,0.3 1.86518
0.45,0.85,0 5.92817e-10
0.45,0.85,0.05 16.2025
0.45,0.85,0.1 64.7465
0.45,0.85,0.15 16.1949
0.45,0.85,0.2 0.348659
0.45,0.85,0.25 0.261993
0.45,0.85,0.3 0.00638005
0.45,0.9,0 1.66874e-12
0.45,0.9,0.05 0.000257712
0.45,0.9,0.1 0.00102509
0.45,0.9,0.15 0.00025484
0.5,0.05,0.15 0.00230907
0.5,0.05,0.2 0.0393986
0.5,0.05,0.25 1.88054
0.5,0.05,0.3 4.08644
0.5,0.05,0.35 0.543239
0.5,0.1,0 1.57121e-14
0.5,0.1,0.05 5.56997
0.5,0.1,0.1 22.3616
0.5,0.1,0.15 13.2244
0.5,0.1,0.2 24.4518
0.5,0.1,0.25 112.685
0.5,0.1,0.3 159.188
0.5,0.1,0.35 18.3172
0.5,0.15,0 4.23203e-12
0.5,0.15,0.05 38.716
0.5,0.15,0.1 157.509
0.5,0.15,0.15 209.255
0.5,0.15,0.2 500.732
0.5,0.15,0.25 647.614
0.5,0.15,0.3 587.327
0.5,0.15,0.35 67.9384
0.5,0.2,0 4.24336e-11
0.5,0.2,0.05 114.811
0.5,0.2,0.1 471.915
0.5,0.2,0.15 463.423
0.5,0.2,0.2 801.648
0.5,0.2,0.25 583.992
0.5,0.2,0.3 345.99
0.5,0.2,0.35 44.9165
0.5,0.25,0 4.5209e-11
0.5,0.25,0.05 100.274
0.5,0.25,0.1 413.758
0.5,0.25,0.15 317.297
0.5,0.25,0.2 395.345
0.5,0.25,0.25 353.32
0.5,0.25,0.3 73.9663
0.5,0.25,0.35 1.93312
0.5,0.3,0 2.0725e-10
0.5,0.3,0.05 158.878
0.5,0.3,0.1 685.623
0.5,0.3,0.15 800.628
0.5,0.3,0.2 586.604
0.5,0.3,0.25 164.032
0.5,0.3,0.3 52.9133
0.5,0.3,0.35 49.008
0.5,0.3,0.4 6.57849
0.5,0.35,0 1.11419e-09
0.5,0.35,0.05 184.57
0.5,0.35,0.1 769.106
0.5,0.35,0.15 611.887
0.5,0.35,0.2 559.8
0.5,0.35,0.25 151.516
0.5,0.35,0.3 264.581
0.5,0.35,0.35 405.579
0.5,0.35,0.4 47.7387
0.5,0.4,0 1.06633e-09
0.5,0.4,0.05 97.1093
0.5,0.4,0.1 397.166
0.5,0.4,0.15 311.007
0.5,0.4,0.2 376.167
0.5,0.4,0.25 283.2
0.5,0.4,0.3 659.666
0.5,0.4,0.35 420.263
0.5,0.4,0.4 25.9608
0.5,0.4,0.45 1.50633e-05
0.5,0.45,0 1.66914e-09
0.5,0.45,0.05 106.812
0.5,0.45,0.1 440.763
0.5,0.45,0.15 384.561
0.5,0.45,0.2 441.688
0.5,0.45,0.25 551.468
0.5,0.45,0.3 345.264
0.5,0.45,0.35 92.6095
0.5,0.45,0.4 1.61847
0.5,0.45,0.45 0.00602919
0.5,0.5,0 5.01305e-09
0.5,0.5,0.05 145.991
0.5,0.5,0.1 586.844
0.5,0.5,0.15 372.411
0.5,0.5,0.2 545.714
0.5,0.5,0.25 262.135
0.5,0.5,0.3 228.021
0.5,0.5,0.35 139.541
0.5,0.5,0.4 65.1333
0.5,0.5,0.45 2.27646
0.5,0.55,0 6.35302e-09
0.5,0.55,0.05 177.253
0.5,0.55,0.1 719.545
0.5,0.55,0.15 639.732
0.5,0.55,0.2 808.317
0.5,0.55,0.25 161.13
0.5,0.55,0.3 246.806
0.5,0.55,0.35 251.669
0.5,0.55,0.4 162.743
0.5,0.55,0.45 5.702
0.5,0.6,0 3.50025e-09
0.5,0.6,0.05 96.0384
0.5,0.6,0.1 393.749
0.5,0.6,0.15 442.744
0.5,0.6,0.2 531.245
0.5,0.6,0.25 72.1578
0.5,0.6,0.3 26.0613
0.5,0.6,0.35 34.1867
0.5,0.6,0.4 25.0525
0.5,0.6,0.45 0.878333
0.5,0.65,0 2.35742e-09
0.5,0.65,0.05 114.513
0.5,0.65,0.1 461.795
0.5,0.65,0.15 231.634
0.5,0.65,0.2 167.2
0.5,0.65,0.25 16.9406
0.5,0.65,0.3 0.0302411
0.5,0.7,0 5.62928e-10
0.5,0.7,0.05 31.4036
0.5,0.7,0.1 205.098
0.5,0.7,0.15 285.031
0.5,0.7,0.2 134.514
0.5,0.7,0.25 7.19714
0.5,0.7,0.3 0.0220148
0.5,0.75,0 4.31643e-09
0.5,0.75,0.05 10.0669
0.5,0.75,0.1 191.173
0.5,0.75,0.15 304.281
0.5,0.75,0.2 49.4392
0.5,0.75,0.25 6.82339
0.5,0.75,0.3 0.153109
0.5,0.8,0 1.33702e-07
0.5,0.8,0.05 32.058
0.5,0.8,0.1 145.904
0.5,0.8,0.15 66.2797
0.5,0.8,0.2 7.20552
0.5,0.8,0.25 2.67259
0.5,0.8,0.3 0.0650828
0.5,0.85,0 1.56877e-07
0.5,0.85,0.05 25.4742
0.5,0.85,0.1 101.352
0.5,0.85,0.15 25.2032
0.5,0.85,0.2 0.0130228
0.5,0.85,0.25 0.00978609
0.5,0.85,0.3 0.00023831
0.5,0.9,0 8.96276e-09
0.5,0.9,0.05 1.38416
0.5,0.9,0.1 5.50572
0.5,0.9,0.15 1.36874
0.55,0.05,0.2 4.88898e-05
0.55,0.05,0.25 0.00967856
0.55,0.05,0.3 0.0212666
0.55,0.05,0.35 0.00282741
0.55,0.1,0.05 0.0978754
0.55,0.1,0.1 1.69231
0.55,0.1,0.15 23.1625
0.55,0.1,0.2 26.4135
0.55,0.1,0.25 47.5635
0.55,0.1,0.3 32.9816
0.55,0.1,0.35 1.6913
0.55,0.15,0 7.58735e-14
0.55,0.15,0.05 30.4533
0.55,0.15,0.1 131.486
0.55,0.15,0.15 217.221
0.55,0.15,0.2 297.049
0.55,0.15,0.25 384.434
0.55,0.15,0.3 289.474
0.55,0.15,0.35 26.0354
0.55,0.2,0 2.15318e-12
0.55,0.2,0.05 104.708
0.55,0.2,0.1 443.873
0.55,0.2,0.15 590.145
0.55,0.2,0.2 743.132
0.55,0.2,0.25 376.352
0.55,0.2,0.3 288.049
0.55,0.2,0.35 36.7693
0.55,0.25,0 2.26889e-11
0.55,0.25,0.05 61.6467
0.55,0.25,0.1 276.853
0.55,0.25,0.15 568.862
0.55,0.25,0.2 657.169
0.55,0.25,0.25 788.438
0.55,0.25,0.3 458.646
0.55,0.25,0.35 33.8572
0.55,0.25,0.4 0.00256674
0.55,0.3,0 3.41014e-10
0.55,0.3,0.05 102.353
0.55,0.3,0.1 433.976
0.55,0.3,0.15 491.645
0.55,0.3,0.2 564.049
0.55,0.3,0.25 665.528
0.55,0.3,0.3 285.487
0.55,0.3,0.35 39.438
0.55,0.3,0.4 3.6662
0.55,0.35,0 1.6638e-09
0.55,0.35,0.05 148.037
0.55,0.35,0.1 602.079
0.55,0.35,0.15 243.848
0.55,0.35,0.2 206.022
0.55,0.35,0.25 83.0991
0.55,0.35,0.3 111.774
0.55,0.35,0.35 194.941
0.55,0.35,0.4 25.3978
0.55,0.4,0 1.13908e-09
0.55,0.4,0.05 78.5476
0.55,0.4,0.1 317.213
0.55,0.4,0.15 128.409
0.55,0.4,0.2 112.869
0.55,0.4,0.25 123.879
0.55,0.4,0.3 120.793
0.55,0.4,0.35 100.001
0.55,0.4,0.4 10.9178
0.55,0.45,0 1.94604e-09
0.55,0.45,0.05 112.884
0.55,0.45,0.1 453.668
0.55,0.45,0.15 285.357
0.55,0.45,0.2 451.507
0.55,0.45,0.25 401.709
0.55,0.45,0.3 105.991
0.55,0.45,0.35 9.07135
0.55,0.45,0.4 0.074788
0.55,0.45,0.45 0.000130774
0.55,0.5,0 2.97876e-09
0.55,0.5,0.05 100.754
0.55,0.5,0.1 411.413
0.55,0.5,0.15 499.669
0.55,0.5,0.2 752.533
0.55,0.5,0.25 172.772
0.55,0.5,0.3 18.3946
0.55,0.5,0.35 1.78709
0.55,0.5,0.4 1.4275
0.55,0.5,0.45 0.0500506
0.55,0.55,0 4.29293e-09
0.55,0.55,0.05 85.3651
0.55,0.55,0.1 393.329
0.55,0.55,0.15 683.939
0.55,0.55,0.2 772.616
0.55,0.55,0.25 142.868
0.55,0.55,0.3 7.60302
0.55,0.55,0.35 4.2924
0.55,0.55,0.4 3.57559
0.55,0.55,0.45 0.125367
0.55,0.6,0 4.28921e-09
0.55,0.6,0.05 89.2117
0.55,0.6,0.1 393.949
0.55,0.6,0.15 428.908
0.55,0.6,0.2 358.348
0.55,0.6,0.25 75.3127
0.55,0.6,0.3 3.582
0.55,0.6,0.35 0.655284
0.55,0.6,0.4 0.550783
0.55,0.6,0.45 0.0193114
0.55,0.65,0 8.54032e-10
0.55,0.65,0.05 60.0941
0.55,0.65,0.1 273.242
0.55,0.65,0.15 483.449
0.55,0.65,0.2 544.952
0.55,0.65,0.25 63.1343
0.55,0.65,0.3 0.238212
0.55,0.7,0 1.304e-10
0.55,0.7,0.05 42.7167
0.55,0.7,0.1 346.5
0.55,0.7,0.15 765.962
0.55,0.7,0.2 668.423
0.55,0.7,0.25 55.5905
0.55,0.7,0.3 0.0119506
0.55,0.75,0 1.43001e-08
0.55,0.75,0.05 81.8448
0.55,0.75,0.1 556.338
0.55,0.75,0.15 447.989
0.55,0.75,0.2 74.5125
0.55,0.75,0.25 3.55678
0.55,0.8,0 4.45858e-07
0.55,0.8,0.05 145.822
0.55,0.8,0.1 603.384
0.55,0.8,0.15 178.816
0.55,0.8,0.2 3.02241
0.55,0.85,0 5.23551e-07
0.55,0.85,0.05 89.3176
0.55,0.85,0.1 355.453
0.55,0.85,0.15 88.4116
0.55,0.9,0 2.99179e-08
0.55,0.9,0.05 5.75641
0.55,0.9,0.1 22.9211
0.55,0.9,0.15 5.70429
0.55,0.95,0 9.51499e-18
0.55,0.95,0.05 1.11451e-05
0.55,0.95,0.1 4.45676e-05
0.55,0.95,0.15 1.11387e-05
0.6,0.1,0.05 0.116985
0.6,0.1,0.1 3.95241
0.6,0.1,0.15 60.6154
0.6,0.1,0.2 51.416
0.6,0.1,0.25 3.05558
0.6,0.1,0.3 0.887664
0.6,0.1,0.35 0.0199948
0.6,0.15,0 9.92891e-13
0.6,0.15,0.05 35.0496
0.6,0.15,0.1 162.451
0.6,0.15,0.15 425.72
0.6,0.15,0.2 338.051
0.6,0.15,0.25 25.7644
0.6,0.15,0.3 8.59747
0.6,0.15,0.35 0.401923
0.6,0.2,0 2.81426e-11
0.6,0.2,0.05 137.433
0.6,0.2,0.1 568.023
0.6,0.2,0.15 406.614
0.6,0.2,0.2 268.081
0.6,0.2,0.25 199.575
0.6,0.2,0.3 208.281
0.6,0.2,0.35 27.1779
0.6,0.25,0 3.24861e-11
0.6,0.25,0.05 83.5614
0.6,0.25,0.1 449.07
0.6,0.25,0.15 622.339
0.6,0.25,0.2 487.694
0.6,0.25,0.25 723.209
0.6,0.25,0.3 572.317
0.6,0.25,0.35 71.1489
0.6,0.25,0.4 0.0430245
0.6,0.3,0 1.02456e-10
0.6,0.3,0.05 35.908
0.6,0.3,0.1 300.11
0.6,0.3,0.15 558.784
0.6,0.3,0.2 711.594
0.6,0.3,0.25 757.155
0.6,0.3,0.3 516.364
0.6,0.3,0.35 127.422
0.6,0.3,0.4 0.40607
0.6,0.35,0 5.7752e-10
0.6,0.35,0.05 131.614
0.6,0.35,0.1 691.797
0.6,0.35,0.15 354.715
0.6,0.35,0.2 304.379
0.6,0.35,0.25 145.355
0.6,0.35,0.3 158.582
0.6,0.35,0.35 62.3993
0.6,0.35,0.4 0.455319
0.6,0.4,0 2.65864e-10
0.6,0.4,0.05 67.4307
0.6,0.4,0.1 325.672
0.6,0.4,0.15 171.149
0.6,0.4,0.2 174.393
0.6,0.4,0.25 34.0853
0.6,0.4,0.3 3.05557
0.6,0.4,0.35 1.31922
0.6,0.4,0.4 0.115758
0.6,0.45,0 9.10442e-10
0.6,0.45,0.05 155.005
0.6,0.45,0.1 620.642
0.6,0.45,0.15 386.062
0.6,0.45,0.2 593.756
0.6,0.45,0.25 121.006
0.6,0.45,0.3 5.42624
0.6,0.45,0.35 0.00309357
0.6,0.45,0.4 0.000416753
0.6,0.5,0 1.86335e-09
0.6,0.5,0.05 144.217
0.6,0.5,0.1 584.059
0.6,0.5,0.15 398.426
0.6,0.5,0.2 580.019
0.6,0.5,0.25 137.937
0.6,0.5,0.3 4.56521
0.6,0.55,0 5.17438e-10
0.6,0.55,0.05 20.6993
0.6,0.55,0.1 153.062
0.6,0.55,0.15 452.369
0.6,0.55,0.2 518.312
0.6,0.55,0.25 363.008
0.6,0.55,0.3 29.2718
0.6,0.6,0 3.70083e-10
0.6,0.6,0.05 11.6814
0.6,0.6,0.1 118.532
0.6,0.6,0.15 576.382
0.6,0.6,0.2 671.652
0.6,0.6,0.25 316.972
0.6,0.6,0.3 16.6833
0.6,0.65,0 3.70421e-11
0.6,0.65,0.05 79.0568
0.6,0.65,0.1 429.125
0.6,0.65,0.15 806.008
0.6,0.65,0.2 870.585
0.6,0.65,0.25 206.465
0.6,0.65,0.3 2.00483
0.6,0.7,0 3.41557e-12
0.6,0.7,0.05 83.0854
0.6,0.7,0.1 580.544
0.6,0.7,0.15 853.437
0.6,0.7,0.2 564.147
0.6,0.7,0.25 60.5375
0.6,0.7,0.3 0.106212
0.6,0.75,0 3.47347e-09
0.6,0.75,0.05 94.9714
0.6,0.75,0.1 587.68
0.6,0.75,0.15 359.778
0.6,0.75,0.2 43.2862
0.6,0.75,0.25 2.60208
0.6,0.8,0 9.40025e-08
0.6,0.8,0.05 158.281
0.6,0.8,0.1 662.235
0.6,0.8,0.15 203.423
0.6,0.8,0.2 4.01716
0.6,0.8,0.25 1.55621e-10
0.6,0.85,0 1.09315e-07
0.6,0.85,0.05 109.33
0.6,0.85,0.1 437.331
0.6,0.85,0.15 110.059
0.6,0.85,0.2 0.106844
0.6,0.9,0 6.2527e-09
0.6,0.9,0.05 22.1589
0.6,0.9,0.1 88.5901
0.6,0.9,0.15 22.1361
0.6,0.95,0 1.77506e-16
0.6,0.95,0.05 0.000207916
0.6,0.95,0.1 0.000831427
0.6,0.95,0.15 0.000207798
0.65,0.1,0.05 0.00693386
0.65,0.1,0.1 1.62617
0.65,0.1,0.15 29.3937
0.65,0.1,0.2 25.8093
0.65,0.1,0.25 0.878684
0.65,0.15,0 6.97476e-13
0.65,0.15,0.05 5.34115
0.65,0.15,0.1 40.2697
0.65,0.15,0.15 318.789
0.65,0.15,0.2 278.989
0.65,0.15,0.25 24.551
0.65,0.15,0.3 5.16037
0.65,0.15,0.35 0.0218156
0.65,0.2,0 1.97693e-11
0.65,0.2,0.05 57.2124
0.65,0.2,0.1 260.892
0.65,0.2,0.15 285.929
0.65,0.2,0.2 243.133
0.65,0.2,0.25 315.443
0.65,0.2,0.3 119.395
0.65,0.2,0.35 2.93318
0.65,0.25,0 2.20926e-11
0.65,0.25,0.05 72.4577
0.65,0.25,0.1 480.888
0.65,0.25,0.15 411.227
0.65,0.25,0.2 259.504
0.65,0.25,0.25 369.403
0.65,0.25,0.3 167.215
0.65,0.25,0.35 17.6079
0.65,0.25,0.4 0.0356537
0.65,0.3,0 1.99919e-12
0.65,0.3,0.05 34.4582
0.65,0.3,0.1 401.047
0.65,0.3,0.15 711.659
0.65,0.3,0.2 642.733
0.65,0.3,0.25 248.552
0.65,0.3,0.3 260.204
0.65,0.3,0.35 99.454
0.65,0.3,0.4 0.304428
0.65,0.35,0 9.30427e-11
0.65,0.35,0.05 107.9
0.65,0.35,0.1 660.1
0.65,0.35,0.15 459.083
0.65,0.35,0.2 220.269
0.65,0.35,0.25 65.1777
0.65,0.35,0.3 122.584
0.65,0.35,0.35 50.0133
0.65,0.35,0.4 0.154285
0.65,0.4,0 2.26385e-10
0.65,0.4,0.05 88.5723
0.65,0.4,0.1 428.625
0.65,0.4,0.15 153.762
0.65,0.4,0.2 43.4661
0.65,0.4,0.25 6.66012
0.65,0.4,0.3 0.948607
0.65,0.4,0.35 0.390082
0.65,0.4,0.4 0.00120339
0.65,0.45,0 2.49007e-10
0.65,0.45,0.05 158.591
0.65,0.45,0.1 635.463
0.65,0.45,0.15 237.562
0.65,0.45,0.2 278.652
0.65,0.45,0.25 70.3487
