0.25,0.2,0.3 377.681
0.25,0.2,0.35 539.066
0.25,0.2,0.4 155.973
0.25,0.2,0.45 2.04
0.25,0.25,0 2.02258e-10
0.25,0.25,0.05 48.7869
0.25,0.25,0.1 226.431
0.25,0.25,0.15 241.121
0.25,0.25,0.2 354.008
0.25,0.25,0.25 164.33
0.25,0.25,0.3 427.59
0.25,0.25,0.35 741.619
0.25,0.25,0.4 195.044
0.25,0.25,0.45 2.74878
0.25,0.3,0 1.44099e-10
0.25,0.3,0.05 37.3956
0.25,0.3,0.1 173.185
0.25,0.3,0.15 195.443
0.25,0.3,0.2 488.691
0.25,0.3,0.25 292.722
0.25,0.3,0.3 186.046
0.25,0.3,0.35 269.508
0.25,0.3,0.4 156.364
0.25,0.3,0.45 7.03875
0.25,0.35,0 3.18511e-12
0.25,0.35,0.05 69.9993
0.25,0.35,0.1 338.924
0.25,0.35,0.15 447.063
0.25,0.35,0.2 232.62
0.25,0.35,0.25 73.389
0.25,0.35,0.3 39.2662
0.25,0.35,0.35 56.2504
0.25,0.35,0.4 60.856
0.25,0.35,0.45 3.22162
0.25,0.4,0 1.93634e-12
0.25,0.4,0.05 98.3462
0.25,0.4,0.1 438.801
0.25,0.4,0.15 457.797
0.25,0.4,0.2 224.105
0.25,0.4,0.25 90.968
0.25,0.4,0.3 22.1207
0.25,0.4,0.35 1.57196
0.25,0.4,0.4 3.07982
0.25,0.4,0.45 0.705667
0.25,0.4,0.5 0.000270843
0.25,0.45,0 6.56267e-12
0.25,0.45,0.05 129.861
0.25,0.45,0.1 623.025
0.25,0.45,0.15 475.585
0.25,0.45,0.2 275.647
0.25,0.45,0.25 407.039
0.25,0.45,0.3 330.294
0.25,0.45,0.35 178.565
0.25,0.45,0.4 230.993
0.25,0.45,0.45 63.9422
0.25,0.45,0.5 0.266853
0.25,0.5,0 1.66712e-12
0.25,0.5,0.05 105.55
0.25,0.5,0.1 718.159
0.25,0.5,0.15 511.663
0.25,0.5,0.2 285.163
0.25,0.5,0.25 248.679
0.25,0.5,0.3 705.595
0.25,0.5,0.35 584.637
0.25,0.5,0.4 572.377
0.25,0.5,0.45 186.355
0.25,0.5,0.5 1.44038
0.25,0.55,0 2.03016e-09
0.25,0.55,0.05 41.2816
0.25,0.55,0.1 330.392
0.25,0.55,0.15 389.746
0.25,0.55,0.2 334.366
0.25,0.55,0.25 181.746
0.25,0.55,0.3 528.484
0.25,0.55,0.35 691.156
0.25,0.55,0.4 624.714
0.25,0.55,0.45 187.664
0.25,0.55,0.5 0.780106
0.25,0.6,0 1.7001e-08
0.25,0.6,0.05 5.03909
0.25,0.6,0.1 46.6625
0.25,0.6,0.15 366.277
0.25,0.6,0.2 614.391
0.25,0.6,0.25 557.662
0.25,0.6,0.3 505.117
0.25,0.6,0.35 451.096
0.25,0.6,0.4 335.802
0.25,0.6,0.45 62.7683
0.25,0.6,0.5 0.0923579
0.25,0.65,0 9.29816e-09
0.25,0.65,0.05 53.1897
0.25,0.65,0.1 271.04
0.25,0.65,0.15 356.896
0.25,0.65,0.2 379.865
0.25,0.65,0.25 306.095
0.25,0.65,0.3 315.941
0.25,0.65,0.35 380.934
0.25,0.65,0.4 153.88
0.25,0.65,0.45 7.27816
0.25,0.65,0.5 0.000312545
0.25,0.7,0 1.55522e-09
0.25,0.7,0.05 87.2493
0.25,0.7,0.1 385.304
0.25,0.7,0.15 429.951
0.25,0.7,0.2 535.908
0.25,0.7,0.25 422.46
0.25,0.7,0.3 322.941
0.25,0.7,0.35 262.088
0.25,0.7,0.4 39.0722
0.25,0.7,0.45 0.0651745
0.25,0.7,0.5 8.13095e-08
0.25,0.75,0 1.56549e-10
0.25,0.75,0.05 8.94994
0.25,0.75,0.1 43.8052
0.25,0.75,0.15 175.938
0.25,0.75,0.2 567.728
0.25,0.75,0.25 573.264
0.25,0.75,0.3 349.36
0.25,0.75,0.35 251.877
0.25,0.75,0.4 18.9485
0.25,0.75,0.45 0.000243857
0.25,0.8,0.1 0.203833
0.25,0.8,0.15 6.3424
0.25,0.8,0.2 68.9199
0.25,0.8,0.25 90.9961
0.25,0.8,0.3 62.6989
0.25,0.8,0.35 57.8897
0.25,0.8,0.4 4.11485
0.25,0.85,0.15 0.000302707
0.25,0.85,0.2 0.0108956
0.25,0.85,0.25 0.0136751
0.25,0.85,0.3 0.000872609
0.25,0.85,0.35 7.2133e-07
0.25,0.85,0.4 3.67796e-08
0.3,0.05,0 3.73392e-15
0.3,0.05,0.05 7.58951e-05
0.3,0.05,0.1 0.00038384
0.3,0.05,0.15 2.93458
0.3,0.05,0.2 33.0635
0.3,0.05,0.25 41.8084
0.3,0.05,0.3 52.9646
0.3,0.05,0.35 8.82381
0.3,0.05,0.4 0.0837605
0.3,0.1,0 2.52885e-12
0.3,0.1,0.05 0.0514011
0.3,0.1,0.1 11.3909
0.3,0.1,0.15 93.5038
0.3,0.1,0.2 317.627
0.3,0.1,0.25 344.68
0.3,0.1,0.3 403.763
0.3,0.1,0.35 87.0605
0.3,0.1,0.4 2.57582
0.3,0.15,0 6.92181e-12
0.3,0.15,0.05 6.95892
0.3,0.15,0.1 77.1819
0.3,0.15,0.15 342.955
0.3,0.15,0.2 448.18
0.3,0.15,0.25 412.486
0.3,0.15,0.3 402.77
0.3,0.15,0.35 317.717
0.3,0.15,0.4 31.6992
0.3,0.15,0.45 0.183642
0.3,0.2,0 7.8961e-12
0.3,0.2,0.05 60.6396
0.3,0.2,0.1 338.774
0.3,0.2,0.15 387.522
0.3,0.2,0.2 582.89
0.3,0.2,0.25 393.052
0.3,0.2,0.3 504.973
0.3,0.2,0.35 599.667
0.3,0.2,0.4 191.854
0.3,0.2,0.45 3.51316
0.3,0.25,0 1.73117e-08
0.3,0.25,0.05 58.2735
0.3,0.25,0.1 447.49
0.3,0.25,0.15 361.449
0.3,0.25,0.2 393.194
0.3,0.25,0.25 213.041
0.3,0.25,0.3 480.975
0.3,0.25,0.35 603.482
0.3,0.25,0.4 215.846
0.3,0.25,0.45 5.09544
0.3,0.3,0 5.49044e-08
0.3,0.3,0.05 25.6252
0.3,0.3,0.1 174.527
0.3,0.3,0.15 261.05
0.3,0.3,0.2 455.42
0.3,0.3,0.25 466.154
0.3,0.3,0.3 518.003
0.3,0.3,0.35 496.979
0.3,0.3,0.4 301.888
0.3,0.3,0.45 14.9378
0.3,0.35,0 1.12888e-08
0.3,0.35,0.05 29.993
0.3,0.35,0.1 174.678
0.3,0.35,0.15 615.544
0.3,0.35,0.2 557.574
0.3,0.35,0.25 199.934
0.3,0.35,0.3 161.293
0.3,0.35,0.35 146.312
0.3,0.35,0.4 129.556
0.3,0.35,0.45 6.85012
0.3,0.35,0.5 2.22799e-06
0.3,0.4,0 9.03852e-10
0.3,0.4,0.05 101.981
0.3,0.4,0.1 468.185
0.3,0.4,0.15 721.256
0.3,0.4,0.2 508.944
0.3,0.4,0.25 94.7274
0.3,0.4,0.3 17.638
0.3,0.4,0.35 1.43046
0.3,0.4,0.4 2.98405
0.3,0.4,0.45 1.17239
0.3,0.4,0.5 0.0142074
0.3,0.45,0 2.91717e-10
0.3,0.45,0.05 66.743
0.3,0.45,0.1 344.758
0.3,0.45,0.15 593.554
0.3,0.45,0.2 549.165
0.3,0.45,0.25 376.412
0.3,0.45,0.3 258.911
0.3,0.45,0.35 192.623
0.3,0.45,0.4 49.7221
0.3,0.45,0.45 9.95014
0.3,0.45,0.5 0.0479275
0.3,0.5,0 1.99206e-10
0.3,0.5,0.05 59.1769
0.3,0.5,0.1 459.156
0.3,0.5,0.15 322.639
0.3,0.5,0.2 208.957
0.3,0.5,0.25 278.061
0.3,0.5,0.3 699.305
0.3,0.5,0.35 649.928
0.3,0.5,0.4 113.016
0.3,0.5,0.45 18.0745
0.3,0.5,0.5 0.0247026
0.3,0.55,0 6.16108e-08
0.3,0.55,0.05 38.1853
0.3,0.55,0.1 307.967
0.3,0.55,0.15 239.493
0.3,0.55,0.2 308.307
0.3,0.55,0.25 171.326
0.3,0.55,0.3 542.232
0.3,0.55,0.35 540.056
0.3,0.55,0.4 257.481
0.3,0.55,0.45 54.072
0.3,0.55,0.5 0.0630067
0.3,0.6,0 5.15612e-07
0.3,0.6,0.05 66.9292
0.3,0.6,0.1 278.067
0.3,0.6,0.15 271.856
0.3,0.6,0.2 688.816
0.3,0.6,0.25 472.095
0.3,0.6,0.3 683.457
0.3,0.6,0.35 480.896
0.3,0.6,0.4 578.825
0.3,0.6,0.45 125.589
0.3,0.6,0.5 0.0219218
0.3,0.65,0 2.57486e-07
0.3,0.65,0.05 78.9156
0.3,0.65,0.1 326.972
0.3,0.65,0.15 306.493
0.3,0.65,0.2 429.394
0.3,0.65,0.25 402.942
0.3,0.65,0.3 659.383
0.3,0.65,0.35 272.081
0.3,0.65,0.4 166.712
0.3,0.65,0.45 35.6663
0.3,0.65,0.5 0.00169708
0.3,0.7,0 2.7104e-09
0.3,0.7,0.05 67.9686
0.3,0.7,0.1 290.023
0.3,0.7,0.15 355.192
0.3,0.7,0.2 519.458
0.3,0.7,0.25 431.168
0.3,0.7,0.3 205.065
0.3,0.7,0.35 234.202
0.3,0.7,0.4 30.3678
0.3,0.7,0.45 0.01293
0.3,0.7,0.5 4.42329e-07
0.3,0.75,0 8.54123e-11
0.3,0.75,0.05 5.81105
0.3,0.75,0.1 25.2754
0.3,0.75,0.15 49.6383
0.3,0.75,0.2 398.628
0.3,0.75,0.25 463.014
0.3,0.75,0.3 138.825
0.3,0.75,0.35 133.603
0.3,0.75,0.4 9.34108
0.3,0.8,0.1 0.00524919
0.3,0.8,0.15 2.29765
0.3,0.8,0.2 72.9206
0.3,0.8,0.25 89.5743
0.3,0.8,0.3 14.3734
0.3,0.8,0.35 10.5651
0.3,0.8,0.4 0.627521
0.3,0.85,0.15 0.000453475
0.3,0.85,0.2 0.0163219
0.3,0.85,0.25 0.0204762
0.3,0.85,0.3 0.00129776
0.3,0.85,0.35 1.65907e-08
0.3,0.85,0.4 1.19188e-09
0.35,0.05,0.1 0.000103683
0.35,0.05,0.15 0.255717
0.35,0.05,0.2 2.88352
0.35,0.05,0.25 6.76143
0.35,0.05,0.3 12.31
0.35,0.05,0.35 1.87037
0.35,0.1,0.05 0.0237903
0.35,0.1,0.1 15.6605
0.35,0.1,0.15 92.3434
0.35,0.1,0.2 58.9318
0.35,0.1,0.25 58.461
0.35,0.1,0.3 115.237
0.35,0.1,0.35 21.8324
0.35,0.1,0.4 0.19166
0.35,0.15,0.05 7.29536
0.35,0.15,0.1 96.3893
0.35,0.15,0.15 381.286
0.35,0.15,0.2 181.527
0.35,0.15,0.25 118.221
0.35,0.15,0.3 248.921
0.35,0.15,0.35 91.4889
0.35,0.15,0.4 4.55801
0.35,0.15,0.45 0.0190639
0.35,0.2,0 4.09217e-11
0.35,0.2,0.05 62.9183
0.35,0.2,0.1 349.456
0.35,0.2,0.15 362.338
0.35,0.2,0.2 448.531
0.35,0.2,0.25 410.829
0.35,0.2,0.3 430.915
0.35,0.2,0.35 148.054
0.35,0.2,0.4 23.1954
0.35,0.2,0.45 0.364692
0.35,0.25,0 1.06888e-07
0.35,0.25,0.05 87.9606
0.35,0.25,0.1 556.372
0.35,0.25,0.15 615.742
0.35,0.25,0.2 547.769
0.35,0.25,0.25 296.902
0.35,0.25,0.3 494.574
0.35,0.25,0.35 387.354
0.35,0.25,0.4 53.9406
0.35,0.25,0.45 0.575754
0.35,0.3,0 3.39015e-07
0.35,0.3,0.05 115.546
0.35,0.3,0.1 528.144
0.35,0.3,0.15 441.387
0.35,0.3,0.2 495.892
0.35,0.3,0.25 556.469
0.35,0.3,0.3 828.428
0.35,0.3,0.35 439.143
0.35,0.3,0.4 61.0709
0.35,0.3,0.45 1.90897
0.35,0.35,0 7.08532e-08
0.35,0.35,0.05 76.7228
0.35,0.35,0.1 326.39
0.35,0.35,0.15 435.355
0.35,0.35,0.2 476.233
0.35,0.35,0.25 349.057
0.35,0.35,0.3 346.041
0.35,0.35,0.35 89.8644
0.35,0.35,0.4 17.4448
0.35,0.35,0.45 0.882989
0.35,0.35,0.5 8.61254e-05
0.35,0.4,0 8.00701e-09
0.35,0.4,0.05 161.612
0.35,0.4,0.1 737.53
0.35,0.4,0.15 757.143
0.35,0.4,0.2 506.723
0.35,0.4,0.25 66.1176
0.35,0.4,0.3 9.99268
0.35,0.4,0.35 22.2241
0.35,0.4,0.4 77.3253
0.35,0.4,0.45 40.6973
0.35,0.4,0.5 0.549215
0.35,0.45,0 2.9054e-09
0.35,0.45,0.05 97.0689
0.35,0.45,0.1 461.622
0.35,0.45,0.15 595.813
0.35,0.45,0.2 664.969
0.35,0.45,0.25 333.399
0.35,0.45,0.3 188.556
0.35,0.45,0.35 269.587
0.35,0.45,0.4 347.388
0.35,0.45,0.45 138.949
0.35,0.45,0.5 1.85287
0.35,0.5,0 2.13811e-09
0.35,0.5,0.05 92.0326
0.35,0.5,0.1 554.457
0.35,0.5,0.15 418.59
0.35,0.5,0.2 498.605
0.35,0.5,0.25 768.974
0.35,0.5,0.3 596.254
0.35,0.5,0.35 375.324
0.35,0.5,0.4 135.688
0.35,0.5,0.45 30.3905
0.35,0.5,0.5 0.39043
0.35,0.55,0 7.22354e-08
0.35,0.55,0.05 33.9949
0.35,0.55,0.1 293.114
0.35,0.55,0.15 413.661
0.35,0.55,0.2 597.097
0.35,0.55,0.25 449.313
0.35,0.55,0.3 494.328
0.35,0.55,0.35 435.82
0.35,0.55,0.4 184.822
0.35,0.55,0.45 12.3872
0.35,0.55,0.5 0.000386912
0.35,0.6,0 5.99443e-07
0.35,0.6,0.05 90.9264
0.35,0.6,0.1 393.704
0.35,0.6,0.15 579.65
0.35,0.6,0.2 995.179
0.35,0.6,0.25 361.758
0.35,0.6,0.3 525.829
0.35,0.6,0.35 801.652
0.35,0.6,0.4 585.493
0.35,0.6,0.45 52.9556
0.35,0.6,0.5 0.00187379
0.35,0.65,0 2.98008e-07
0.35,0.65,0.05 114.469
0.35,0.65,0.1 465.815
0.35,0.65,0.15 292.154
0.35,0.65,0.2 464.171
0.35,0.65,0.25 238.07
0.35,0.65,0.3 489.709
0.35,0.65,0.35 594.214
0.35,0.65,0.4 231.933
0.35,0.65,0.45 16.293
0.35,0.65,0.5 0.000574273
0.35,0.7,0 2.26016e-09
0.35,0.7,0.05 76.3807
0.35,0.7,0.1 307.409
0.35,0.7,0.15 109.937
0.35,0.7,0.2 146.171
0.35,0.7,0.25 210.567
0.35,0.7,0.3 565.32
0.35,0.7,0.35 728.384
0.35,0.7,0.4 101.641
0.35,0.7,0.45 0.131483
0.35,0.7,0.5 1.49689e-07
0.35,0.75,0 6.48878e-09
0.35,0.75,0.05 4.14685
0.35,0.75,0.1 16.7708
0.35,0.75,0.15 8.63869
0.35,0.75,0.2 67.8683
0.35,0.75,0.25 102.13
0.35,0.75,0.3 260.298
0.35,0.75,0.35 305.387
0.35,0.75,0.4 22.0703
0.35,0.75,0.45 0.00472476
0.35,0.8,0 2.09747e-08
0.35,0.8,0.05 2.16134
0.35,0.8,0.1 8.59011
0.35,0.8,0.15 2.29271
0.35,0.8,0.2 5.77292
0.35,0.8,0.25 7.83187
0.35,0.8,0.3 17.6161
0.35,0.8,0.35 20.058
0.35,0.8,0.4 1.13836
0.35,0.85,0 4.23295e-09
0.35,0.85,0.05 0.436185
0.35,0.85,0.1 1.73359
0.35,0.85,0.15 0.430664
0.35,0.85,0.2 0.00133992
0.35,0.85,0.25 0.00168096
0.35,0.85,0.3 0.000106537
0.4,0.05,0.1 6.82847e-06
0.4,0.05,0.15 4.11956e-05
0.4,0.05,0.2 1.53723e-05
0.4,0.05,0.25 6.08307e-05
0.4,0.05,0.3 0.016025
0.4,0.05,0.35 0.0374317
0.4,0.05,0.4 0.00533541
0.4,0.1,0.05 0.802871
0.4,0.1,0.1 40.3359
0.4,0.1,0.15 74.748
0.4,0.1,0.2 16.7022
0.4,0.1,0.25 16.5473
0.4,0.1,0.3 64.4011
0.4,0.1,0.35 21.0917
0.4,0.1,0.4 0.837938
0.4,0.15,0.05 3.93993
0.4,0.15,0.1 194.281
0.4,0.15,0.15 520.688
0.4,0.15,0.2 218.813
0.4,0.15,0.25 164.372
0.4,0.15,0.3 424.478
0.4,0.15,0.35 109.51
0.4,0.15,0.4 1.74274
0.4,0.2,0 2.10206e-11
0.4,0.2,0.05 9.71273
0.4,0.2,0.1 173.459
0.4,0.2,0.15 491.159
0.4,0.2,0.2 445.177
0.4,0.2,0.25 506.041
0.4,0.2,0.3 406.682
0.4,0.2,0.35 50.2893
0.4,0.2,0.4 0.434215
0.4,0.25,0 4.08694e-08
0.4,0.25,0.05 87.1813
0.4,0.25,0.1 432.843
0.4,0.25,0.15 511.959
0.4,0.25,0.2 408.445
0.4,0.25,0.25 335.012
0.4,0.25,0.3 252.813
0.4,0.25,0.35 40.0842
0.4,0.25,0.4 2.77419
0.4,0.3,0 1.29753e-07
0.4,0.3,0.05 111.363
0.4,0.3,0.1 470.126
0.4,0.3,0.15 414.402
0.4,0.3,0.2 325.464
0.4,0.3,0.25 411.462
0.4,0.3,0.3 436.692
0.4,0.3,0.35 76.1385
0.4,0.3,0.4 2.7132
0.4,0.3,0.45 0.108991
0.4,0.35,0 3.34101e-08
0.4,0.35,0.05 59.736
0.4,0.35,0.1 248.644
0.4,0.35,0.15 235.369
0.4,0.35,0.2 247.014
0.4,0.35,0.25 400.129
0.4,0.35,0.3 614.284
0.4,0.35,0.35 109.076
0.4,0.35,0.4 4.73042
0.4,0.35,0.45 0.656897
0.4,0.35,0.5 0.000111599
0.4,0.4,0 8.87916e-09
0.4,0.4,0.05 70.9603
0.4,0.4,0.1 320.21
0.4,0.4,0.15 403.376
0.4,0.4,0.2 442.247
0.4,0.4,0.25 153.864
0.4,0.4,0.3 279.928
0.4,0.4,0.35 123.738
0.4,0.4,0.4 114.851
0.4,0.4,0.45 55.8546
0.4,0.4,0.5 0.713695
0.4,0.45,0 1.83338e-09
0.4,0.45,0.05 54.5974
0.4,0.45,0.1 270.322
0.4,0.45,0.15 473.867
0.4,0.45,0.2 586.74
0.4,0.45,0.25 397.243
0.4,0.45,0.3 219.022
0.4,0.45,0.35 490.158
0.4,0.45,0.4 641.881
0.4,0.45,0.45 228.617
0.4,0.45,0.5 2.43542
0.4,0.5,0 1.32218e-09
0.4,0.5,0.05 55.0458
0.4,0.5,0.1 282.872
0.4,0.5,0.15 433.358
0.4,0.5,0.2 559.095
0.4,0.5,0.25 648.545
0.4,0.5,0.3 254.197
0.4,0.5,0.35 487.185
0.4,0.5,0.4 401.951
0.4,0.5,0.45 84.1371
0.4,0.5,0.5 0.534711
0.4,0.55,0 1.11775e-08
0.4,0.55,0.05 35.5407
0.4,0.55,0.1 204.922
0.4,0.55,0.15 438.015
0.4,0.55,0.2 400.183
0.4,0.55,0.25 394.498
0.4,0.55,0.3 139.186
0.4,0.55,0.35 123.871
0.4,0.55,0.4 73.3576
0.4,0.55,0.45 4.51274
0.4,0.55,0.5 0.000888837
0.4,0.6,0 5.89007e-08
0.4,0.6,0.05 145.817
0.4,0.6,0.1 600.292
0.4,0.6,0.15 366.659
0.4,0.6,0.2 602.758
0.4,0.6,0.25 425.059
0.4,0.6,0.3 316.728
0.4,0.6,0.35 366.448
0.4,0.6,0.4 182.121
0.4,0.6,0.45 6.23129
0.4,0.6,0.5 1.48617e-06
0.4,0.65,0 2.23479e-08
0.4,0.65,0.05 71.3414
0.4,0.65,0.1 290.727
0.4,0.65,0.15 178
0.4,0.65,0.2 408.062
0.4,0.65,0.25 175.312
0.4,0.65,0.3 286.494
0.4,0.65,0.35 521.033
0.4,0.65,0.4 203.571
0.4,0.65,0.45 3.11077
0.4,0.65,0.5 4.55477e-07
0.4,0.7,0 1.97387e-10
0.4,0.7,0.05 17.1843
0.4,0.7,0.1 68.7926
0.4,0.7,0.15 21.5416
0.4,0.7,0.2 22.3776
0.4,0.7,0.25 31.3651
0.4,0.7,0.3 273.314
0.4,0.7,0.35 463.969
0.4,0.7,0.4 137.243
0.4,0.7,0.45 0.570033
0.4,0.7,0.5 1.18724e-10
0.4,0.75,0 2.05596e-07
0.4,0.75,0.05 21.9332
0.4,0.75,0.1 87.1903
0.4,0.75,0.15 21.6771
0.4,0.75,0.2 0.615012
0.4,0.75,0.25 3.56512
0.4,0.75,0.3 49.7577
0.4,0.75,0.35 61.5469
0.4,0.75,0.4 8.39483
0.4,0.75,0.45 0.0236831
0.4,0.8,0 6.64996e-07
0.4,0.8,0.05 68.5247
0.4,0.8,0.1 272.347
0.4,0.8,0.15 67.6514
0.4,0.8,0.2 0.00158338
0.4,0.8,0.25 0.079838
0.4,0.8,0.3 2.40635
0.4,0.8,0.35 2.81408
0.4,0.8,0.4 0.159708
0.4,0.85,0 1.34204e-07
0.4,0.85,0.05 13.8291
0.4,0.85,0.1 54.9628
0.4,0.85,0.15 13.6529
0.45,0.05,0.25 0.00134208
0.45,0.05,0.3 0.353706
0.45,0.05,0.35 0.826196
