0.65,0.35,0.2 252.723
0.65,0.35,0.25 79.5222
0.65,0.35,0.3 10.6473
0.65,0.35,0.35 0.495397
0.65,0.35,0.4 0.000859528
0.65,0.4,0 2.04252e-11
0.65,0.4,0.05 35.8585
0.65,0.4,0.1 250.362
0.65,0.4,0.15 411.642
0.65,0.4,0.2 105.729
0.65,0.4,0.25 13.6831
0.65,0.4,0.3 1.25622
0.65,0.4,0.35 0.00941229
0.65,0.45,0 6.01239e-11
0.65,0.45,0.05 138.833
0.65,0.45,0.1 621.261
0.65,0.45,0.15 262.098
0.65,0.45,0.2 249.659
0.65,0.45,0.25 251.277
0.65,0.45,0.3 22.1611
0.65,0.45,0.35 0.00609546
0.65,0.5,0 1.2176e-11
0.65,0.5,0.05 52.9582
0.65,0.5,0.1 332.212
0.65,0.5,0.15 200.619
0.65,0.5,0.2 266.177
0.65,0.5,0.25 348.958
0.65,0.5,0.3 118.943
0.65,0.5,0.35 4.28283
0.65,0.55,0.05 24.6092
0.65,0.55,0.1 178.166
0.65,0.55,0.15 92.7912
0.65,0.55,0.2 177.074
0.65,0.55,0.25 507.663
0.65,0.55,0.3 300.43
0.65,0.55,0.35 11.7821
0.65,0.6,0 1.96043e-10
0.65,0.6,0.05 21.8709
0.65,0.6,0.1 148.227
0.65,0.6,0.15 73.2348
0.65,0.6,0.2 307.978
0.65,0.6,0.25 632.597
0.65,0.6,0.3 133.282
0.65,0.6,0.35 2.00857
0.65,0.65,0 3.69108e-09
0.65,0.65,0.05 13.6066
0.65,0.65,0.1 70.1684
0.65,0.65,0.15 82.1817
0.65,0.65,0.2 264.384
0.65,0.65,0.25 476.071
0.65,0.65,0.3 98.5593
0.65,0.65,0.35 0.00192883
0.65,0.7,0 3.28852e-09
0.65,0.7,0.05 11.5207
0.65,0.7,0.1 66.3666
0.65,0.7,0.15 189.253
0.65,0.7,0.2 520.364
0.65,0.7,0.25 498.727
0.65,0.7,0.3 101.358
0.65,0.7,0.35 0.00193252
0.65,0.75,0 4.44503e-10
0.65,0.75,0.05 26.5148
0.65,0.75,0.1 133.598
0.65,0.75,0.15 327.323
0.65,0.75,0.2 409.43
0.65,0.75,0.25 398.143
0.65,0.75,0.3 72.6424
0.65,0.75,0.35 8.43464e-05
0.65,0.8,0 7.41904e-10
0.65,0.8,0.05 73.1705
0.65,0.8,0.1 312.15
0.65,0.8,0.15 321.316
0.65,0.8,0.2 192.353
0.65,0.8,0.25 64.6071
0.65,0.8,0.3 11.8345
0.65,0.85,0 1.7205e-10
0.65,0.85,0.05 77.8794
0.65,0.85,0.1 312.229
0.65,0.85,0.15 88.3827
0.65,0.85,0.2 7.37522
0.65,0.85,0.25 0.151054
0.65,0.9,0 1.99767e-11
0.65,0.9,0.05 18.789
0.65,0.9,0.1 75.1345
0.65,0.9,0.15 18.7783
0.65,0.95,0 1.57188e-16
0.65,0.95,0.05 0.000184117
0.65,0.95,0.1 0.000736258
0.65,0.95,0.15 0.000184012
0.7,0.1,0.1 2.58196e-07
0.7,0.1,0.15 0.959273
0.7,0.1,0.2 3.76301
0.7,0.1,0.25 0.92259
0.7,0.15,0.05 0.0063083
0.7,0.15,0.1 0.0530781
0.7,0.15,0.15 19.8623
0.7,0.15,0.2 83.7218
0.7,0.15,0.25 22.1543
0.7,0.15,0.3 0.000469913
0.7,0.2,0.05 0.461803
0.7,0.2,0.1 4.07999
0.7,0.2,0.15 125.489
0.7,0.2,0.2 465.96
0.7,0.2,0.25 117.374
0.7,0.2,0.3 0.00342309
0.7,0.25,0.05 0.76831
0.7,0.25,0.1 10.2194
0.7,0.25,0.15 225.773
0.7,0.25,0.2 525.991
0.7,0.25,0.25 97.1402
0.7,0.25,0.3 0.795506
0.7,0.3,0.05 0.182329
0.7,0.3,0.1 13.5321
0.7,0.3,0.15 141.305
0.7,0.3,0.2 162.468
0.7,0.3,0.25 38.7561
0.7,0.3,0.3 2.75505
0.7,0.35,0 1.48568e-15
0.7,0.35,0.05 7.95333
0.7,0.35,0.1 146.16
0.7,0.35,0.15 239.898
0.7,0.35,0.2 104.317
0.7,0.35,0.25 14.8612
0.7,0.35,0.3 0.597115
0.7,0.4,0 5.30251e-12
0.7,0.4,0.05 22.5246
0.7,0.4,0.1 360.177
0.7,0.4,0.15 598.728
0.7,0.4,0.2 225.582
0.7,0.4,0.25 21.8195
0.7,0.4,0.3 0.0739382
0.7,0.45,0 1.72107e-11
0.7,0.45,0.05 40.3975
0.7,0.45,0.1 308.711
0.7,0.45,0.15 470.389
0.7,0.45,0.2 369.255
0.7,0.45,0.25 99.5615
0.7,0.45,0.3 2.18167
0.7,0.45,0.35 0.000730593
0.7,0.5,0 3.48572e-12
0.7,0.5,0.05 32.0156
0.7,0.5,0.1 366.306
0.7,0.5,0.15 519.615
0.7,0.5,0.2 746.139
0.7,0.5,0.25 292.147
0.7,0.5,0.3 15.8574
0.7,0.5,0.35 0.513335
0.7,0.55,0.05 41.7628
0.7,0.55,0.1 310.072
0.7,0.55,0.15 219.757
0.7,0.55,0.2 521.898
0.7,0.55,0.25 425.569
0.7,0.55,0.3 59.1603
0.7,0.55,0.35 1.41219
0.7,0.6,0.05 37.0163
0.7,0.6,0.1 253.299
0.7,0.6,0.15 112.637
0.7,0.6,0.2 218.466
0.7,0.6,0.25 365.865
0.7,0.6,0.3 45.509
0.7,0.6,0.35 0.240775
0.7,0.65,0.05 1.53961
0.7,0.65,0.1 10.5358
0.7,0.65,0.15 7.99957
0.7,0.65,0.2 59.4859
0.7,0.65,0.25 179.139
0.7,0.65,0.3 44.1935
0.7,0.65,0.35 0.000932707
0.7,0.7,0 3.08274e-14
0.7,0.7,0.05 0.00239233
0.7,0.7,0.1 0.170953
0.7,0.7,0.15 18.2334
0.7,0.7,0.2 94.0798
0.7,0.7,0.25 169.724
0.7,0.7,0.3 42.1025
0.7,0.7,0.35 0.000930037
0.7,0.75,0 6.0956e-12
0.7,0.75,0.05 0.473042
0.7,0.75,0.1 5.4972
0.7,0.75,0.15 52.0342
0.7,0.75,0.2 61.5751
0.7,0.75,0.25 45.3668
0.7,0.75,0.3 8.48949
0.7,0.75,0.35 4.0228e-05
0.7,0.8,0 2.01839e-09
0.7,0.8,0.05 11.2981
0.7,0.8,0.1 48.6921
0.7,0.8,0.15 57.6602
0.7,0.8,0.2 34.3421
0.7,0.8,0.25 6.62777
0.7,0.8,0.3 1.1556
0.7,0.85,0 8.01202e-09
0.7,0.85,0.05 41.2806
0.7,0.85,0.1 164.997
0.7,0.85,0.15 43.1251
0.7,0.85,0.2 1.38588
0.7,0.85,0.25 0.0283847
0.7,0.9,0 2.00013e-09
0.7,0.9,0.05 10.3149
0.7,0.9,0.1 41.1903
0.7,0.9,0.15 10.2803
0.7,0.95,0 5.43256e-18
0.7,0.95,0.05 6.36324e-06
0.7,0.95,0.1 2.54457e-05
0.7,0.95,0.15 6.35962e-06
0.75,0.15,0.15 5.13435
0.75,0.15,0.2 22.6636
0.75,0.15,0.25 6.25134
0.75,0.15,0.3 0.000200559
0.75,0.2,0.1 0.0192766
0.75,0.2,0.15 39.9607
0.75,0.2,0.2 168.709
0.75,0.2,0.25 45.4758
0.75,0.2,0.3 0.0014293
0.75,0.25,0.1 0.0919578
0.75,0.25,0.15 31.9619
0.75,0.25,0.2 104.437
0.75,0.25,0.25 23.753
0.75,0.25,0.3 0.000620466
0.75,0.3,0.05 0.199314
0.75,0.3,0.1 2.43792
0.75,0.3,0.15 6.82048
0.75,0.3,0.2 11.3585
0.75,0.3,0.25 1.50436
0.75,0.3,0.3 2.51995e-06
0.75,0.35,0 1.20709e-19
0.75,0.35,0.05 14.1987
0.75,0.35,0.1 180.522
0.75,0.35,0.15 207.596
0.75,0.35,0.2 167.056
0.75,0.35,0.25 21.9288
0.75,0.4,0 4.3082e-16
0.75,0.4,0.05 23.447
0.75,0.4,0.1 315.329
0.75,0.4,0.15 430.296
0.75,0.4,0.2 375.772
0.75,0.4,0.25 48.42
0.75,0.4,0.3 0.0013943
0.75,0.45,0 1.39834e-15
0.75,0.45,0.05 3.4379
0.75,0.45,0.1 58.0797
0.75,0.45,0.15 204.637
0.75,0.45,0.2 227.904
0.75,0.45,0.25 50.0777
0.75,0.45,0.3 0.41381
0.75,0.5,0 8.90941e-13
0.75,0.5,0.05 3.65248
0.75,0.5,0.1 51.0359
0.75,0.5,0.15 188.754
0.75,0.5,0.2 398.084
0.75,0.5,0.25 139.837
0.75,0.5,0.3 1.16797
0.75,0.55,0 2.19994e-11
0.75,0.55,0.05 12.6255
0.75,0.55,0.1 66.1053
0.75,0.55,0.15 65.3853
0.75,0.55,0.2 225.279
0.75,0.55,0.25 111.857
0.75,0.55,0.3 4.30737
0.75,0.6,0 2.29927e-11
0.75,0.6,0.05 22.4112
0.75,0.6,0.1 100.221
0.75,0.6,0.15 32.0079
0.75,0.6,0.2 42.2718
0.75,0.6,0.25 52.7661
0.75,0.6,0.3 4.28508
0.75,0.6,0.35 3.81371e-07
0.75,0.65,0 1.19587e-12
0.75,0.65,0.05 11.4297
0.75,0.65,0.1 46.1557
0.75,0.65,0.15 11.7414
0.75,0.65,0.2 1.77688
0.75,0.65,0.25 3.62892
0.75,0.65,0.3 0.566736
0.75,0.65,0.35 8.72645e-06
0.75,0.7,0 6.07228e-15
0.75,0.7,0.05 0.506462
0.75,0.7,0.1 2.02571
0.75,0.7,0.15 0.506394
0.75,0.7,0.2 0.310789
0.75,0.7,0.25 1.35813
0.75,0.7,0.3 0.370885
0.75,0.7,0.35 8.70147e-06
0.75,0.75,0 2.65197e-11
0.75,0.75,0.05 0.114227
0.75,0.75,0.1 0.456068
0.75,0.75,0.15 0.113807
0.75,0.75,0.2 0.0134429
0.75,0.75,0.25 0.0587449
0.75,0.75,0.3 0.0160424
0.75,0.75,0.35 3.76375e-07
0.75,0.8,0 6.47176e-09
0.75,0.8,0.05 30.6451
0.75,0.8,0.1 122.361
0.75,0.8,0.15 30.5357
0.75,0.85,0 2.26947e-08
0.75,0.85,0.05 108.816
0.75,0.85,0.1 434.491
0.75,0.85,0.15 108.43
0.75,0.9,0 5.3693e-09
0.75,0.9,0.05 25.8896
0.75,0.9,0.1 103.375
0.75,0.9,0.15 25.7978
0.8,0.05,0 1.96048e-11
0.8,0.05,0.05 1.15495
0.8,0.05,0.1 4.61623
0.8,0.05,0.15 1.15317
0.8,0.1,0 2.31151e-10
0.8,0.1,0.05 13.6174
0.8,0.1,0.1 54.4276
0.8,0.1,0.15 13.5964
0.8,0.15,0 1.50684e-10
0.8,0.15,0.05 8.87703
0.8,0.15,0.1 35.4807
0.8,0.15,0.15 8.88253
0.8,0.15,0.2 0.0846883
0.8,0.15,0.25 0.0233598
0.8,0.15,0.3 7.4944e-07
0.8,0.2,0 2.58221e-12
0.8,0.2,0.05 0.152121
0.8,0.2,0.1 0.608017
0.8,0.2,0.15 0.288617
0.8,0.2,0.2 0.603539
0.8,0.2,0.25 0.166475
0.8,0.2,0.3 5.34095e-06
0.8,0.25,0.15 0.059355
0.8,0.25,0.2 0.261999
0.8,0.25,0.25 0.0722678
0.8,0.25,0.3 2.31854e-06
0.8,0.3,0.05 0.0210949
0.8,0.3,0.1 0.255145
0.8,0.3,0.15 0.221909
0.8,0.3,0.2 0.121382
0.8,0.3,0.25 0.0161826
0.8,0.3,0.3 9.41645e-09
0.8,0.35,0.05 1.50376
0.8,0.35,0.1 18.2844
0.8,0.35,0.15 22.5018
0.8,0.35,0.2 23.3379
0.8,0.35,0.25 3.13169
0.8,0.4,0 1.57474e-14
0.8,0.4,0.05 2.73691
0.8,0.4,0.1 37.2849
0.8,0.4,0.15 50.692
0.8,0.4,0.2 51.5784
0.8,0.4,0.25 6.8772
0.8,0.4,0.3 1.22675e-05
0.8,0.45,0 1.17854e-12
0.8,0.45,0.05 0.910061
0.8,0.45,0.1 15.5109
0.8,0.45,0.15 19.4172
0.8,0.45,0.2 9.23081
0.8,0.45,0.25 1.30619
0.8,0.45,0.3 0.00364134
0.8,0.5,0 9.62276e-12
0.8,0.5,0.05 3.21849
0.8,0.5,0.1 13.8241
0.8,0.5,0.15 6.02623
0.8,0.5,0.2 4.07017
0.8,0.5,0.25 1.31666
0.8,0.5,0.3 0.00878152
0.8,0.55,0 1.89067e-10
0.8,0.55,0.05 70.5956
0.8,0.55,0.1 282.27
0.8,0.55,0.15 70.9922
0.8,0.55,0.2 2.11792
0.8,0.55,0.25 0.680071
0.8,0.55,0.3 0.00137267
0.8,0.6,0 1.97184e-10
0.8,0.6,0.05 140.991
0.8,0.6,0.1 563.826
0.8,0.6,0.15 140.946
0.8,0.6,0.2 0.1141
0.8,0.6,0.25 0.034101
0.8,0.6,0.3 6.11196e-06
0.8,0.65,0 1.01062e-11
0.8,0.65,0.05 77.1781
0.8,0.65,0.1 308.687
0.8,0.65,0.15 77.1654
0.8,0.7,0 2.27173e-13
0.8,0.7,0.05 4.71673
0.8,0.7,0.1 18.8652
0.8,0.7,0.15 4.71587
0.8,0.75,0 2.78316e-10
0.8,0.75,0.05 1.40664
0.8,0.75,0.1 5.61753
0.8,0.75,0.15 1.40214
0.8,0.8,0 1.35993e-08
0.8,0.8,0.05 59.6748
0.8,0.8,0.1 238.265
0.8,0.8,0.15 59.5065
0.8,0.8,0.2 0.0640761
0.8,0.8,0.25 0.00429343
0.8,0.85,0 2.1173e-08
0.8,0.85,0.05 93.7068
0.8,0.85,0.1 374.152
0.8,0.85,0.15 93.6615
0.8,0.85,0.2 0.384837
0.8,0.85,0.25 0.0257861
0.8,0.9,0 2.16719e-09
0.8,0.9,0.05 9.81897
0.8,0.9,0.1 39.2076
0.8,0.9,0.15 9.89337
0.8,0.9,0.2 0.143005
0.8,0.9,0.25 0.00958209
0.8,0.95,0.1 4.68597e-06
0.8,0.95,0.15 0.000182874
0.8,0.95,0.2 0.00023797
0.8,0.95,0.25 1.59452e-05
0.85,0.05,0 1.24806e-10
0.85,0.05,0.05 7.35247
0.85,0.05,0.1 29.3872
0.85,0.05,0.15 7.34114
0.85,0.1,0 1.47152e-09
0.85,0.1,0.05 86.6892
0.85,0.1,0.1 346.489
0.85,0.1,0.15 86.5556
0.85,0.15,0 9.59267e-10
0.85,0.15,0.05 56.5117
0.85,0.15,0.1 225.873
0.85,0.15,0.15 56.4246
0.85,0.2,0 1.64385e-11
0.85,0.2,0.05 0.968414
0.85,0.2,0.1 3.87067
0.85,0.2,0.15 0.966922
0.85,0.35,0.05 0.0694952
0.85,0.35,0.1 1.92917
0.85,0.35,0.15 2.13307
0.85,0.35,0.2 0.110404
0.85,0.4,0 1.61239e-12
0.85,0.4,0.05 4.76672
0.85,0.4,0.1 123.777
0.85,0.4,0.15 135.629
0.85,0.4,0.2 7.00135
0.85,0.45,0 1.20671e-10
0.85,0.45,0.05 33.8855
0.85,0.45,0.1 301.12
0.85,0.45,0.15 240.857
0.85,0.45,0.2 11.0747
0.85,0.5,0 2.06168e-10
0.85,0.5,0.05 47.127
0.85,0.5,0.1 203.061
0.85,0.5,0.15 65.3828
0.85,0.5,0.2 0.979158
0.85,0.55,0 1.15474e-10
0.85,0.55,0.05 39.9523
0.85,0.55,0.1 159.742
0.85,0.55,0.15 39.9188
0.85,0.6,0 1.00327e-10
0.85,0.6,0.05 65.0686
0.85,0.6,0.1 260.206
0.85,0.6,0.15 65.0344
0.85,0.65,0 8.67211e-12
0.85,0.65,0.05 57.5541
0.85,0.65,0.1 230.19
0.85,0.65,0.15 57.5406
0.85,0.7,0 8.47068e-12
0.85,0.7,0.05 60.7193
0.85,0.7,0.1 242.84
0.85,0.7,0.15 60.7005
0.85,0.75,0 1.79695e-10
0.85,0.75,0.05 10.525
0.85,0.75,0.1 42.0858
0.85,0.75,0.15 10.5179
0.85,0.8,0 7.95205e-09
0.85,0.8,0.05 72.5733
0.85,0.8,0.1 290.377
0.85,0.8,0.15 88.9386
0.85,0.8,0.2 21.5165
0.85,0.8,0.25 1.44172
0.85,0.85,0 1.09868e-08
0.85,0.85,0.05 89.5657
0.85,0.85,0.1 360.363
0.85,0.85,0.15 188.651
0.85,0.85,0.2 129.227
0.85,0.85,0.25 8.65885
0.85,0.9,0 8.06315e-10
0.85,0.9,0.05 5.64828
0.85,0.9,0.1 23.5082
0.85,0.9,0.15 42.5357
0.85,0.9,0.2 48.0206
0.85,0.9,0.25 3.21763
0.85,0.95,0.1 0.00157353
0.85,0.95,0.15 0.0614084
0.85,0.95,0.2 0.0799092
0.85,0.95,0.25 0.00535433
0.9,0.05,0 4.89436e-11
0.9,0.05,0.05 2.88334
0.9,0.05,0.1 11.5245
0.9,0.05,0.15 2.87889
0.9,0.1,0 5.77069e-10
0.9,0.1,0.05 33.9959
0.9,0.1,0.1 135.879
0.9,0.1,0.15 33.9435
0.9,0.15,0 3.76185e-10
0.9,0.15,0.05 22.1616
0.9,0.15,0.1 88.578
0.9,0.15,0.15 22.1274
0.9,0.2,0 6.4465e-12
0.9,0.2,0.05 0.379772
0.9,0.2,0.1 1.51792
0.9,0.2,0.15 0.379187
0.9,0.35,0.05 0.0575119
0.9,0.35,0.1 1.59651
0.9,0.35,0.15 1.76525
0.9,0.35,0.2 0.0913664
0.9,0.4,0 2.98509e-12
0.9,0.4,0.05 4.31295
0.9,0.4,0.1 103.906
0.9,0.4,0.15 112.61
0.9,0.4,0.2 5.79408
0.9,0.45,0 2.23404e-10
0.9,0.45,0.05 55.5969
0.9,0.45,0.1 359.36
0.9,0.45,0.15 226.852
0.9,0.45,0.2 9.16502
0.9,0.5,0 3.74512e-10
0.9,0.5,0.05 84.0449
0.9,0.5,0.1 348.133
0.9,0.5,0.15 99.108
0.9,0.5,0.2 0.810318
0.9,0.55,0 3.65142e-11
0.9,0.55,0.05 8.25105
0.9,0.55,0.1 32.988
0.9,0.55,0.15 8.24293
0.9,0.6,0 8.14264e-13
0.9,0.6,0.05 0.51691
0.9,0.6,0.1 2.06705
0.9,0.6,0.15 0.516613
0.9,0.65,0 5.11004e-12
0.9,0.65,0.05 35.6933
0.9,0.65,0.1 142.751
0.9,0.65,0.15 35.6821
0.9,0.7,0 1.17393e-11
0.9,0.7,0.05 82.3675
0.9,0.7,0.1 329.418
0.9,0.7,0.15 82.3416
0.9,0.75,0 2.30819e-11
0.9,0.75,0.05 13.8493
0.9,0.75,0.1 55.3843
0.9,0.75,0.15 13.8429
0.9,0.8,0 6.31785e-10
0.9,0.8,0.05 61.7132
0.9,0.8,0.1 247.735
0.9,0.8,0.15 102.098
0.9,0.8,0.2 52.6526
0.9,0.8,0.25 3.528
0.9,0.85,0 7.26178e-10
0.9,0.85,0.05 68.1559
0.9,0.85,0.1 278.68
0.9,0.85,0.15 311.084
0.9,0.85,0.2 316.228
0.9,0.85,0.25 21.1889
0.9,0.9,0 4.0616e-11
0.9,0.9,0.05 3.52351
0.9,0.9,0.1 16.3991
0.9,0.9,0.15 93.8229
0.9,0.9,0.2 117.51
0.9,0.9,0.25 7.87379
0.9,0.95,0.1 0.00385056
0.9,0.95,0.15 0.150271
0.9,0.95,0.2 0.195544
0.9,0.95,0.25 0.0131025
0.95,0.05,0 1.15116e-13
0.95,0.05,0.05 0.00678165
0.95,0.05,0.1 0.0271057
0.95,0.05,0.15 0.0067712
0.95,0.1,0 1.35728e-12
0.95,0.1,0.05 0.079959
0.95,0.1,0.1 0.319589
0.95,0.1,0.15 0.0798357
0.95,0.15,0 8.84793e-13
0.95,0.15,0.05 0.0521244
0.95,0.15,0.1 0.208337
0.95,0.15,0.15 0.052044
0.95,0.2,0 1.51623e-14
0.95,0.2,0.05 0.000893231
0.95,0.2,0.1 0.00357017
0.95,0.2,0.15 0.000891854
0.95,0.35,0.05 0.00173115
0.95,0.35,0.1 0.0480562
0.95,0.35,0.15 0.0531354
0.95,0.35,0.2 0.0027502
0.95,0.4,0 3.23381e-13
0.95,0.4,0.05 0.181909
0.95,0.4,0.1 3.33589
0.95,0.4,0.15 3.44168
0.95,0.4,0.2 0.174406
0.95,0.45,0 2.42019e-11
0.95,0.45,0.05 5.5716
0.95,0.45,0.1 26.4017
0.95,0.45,0.15 10.7226
0.95,0.45,0.2 0.275874
0.95,0.5,0 4.05683e-11
0.95,0.5,0.05 9.06365
0.95,0.5,0.1 36.6015
0.95,0.5,0.15 9.5106
0.95,0.5,0.2 0.0243912
0.95,0.55,0 3.87302e-12
0.95,0.55,0.05 0.863833
0.95,0.55,0.1 3.45362
0.95,0.55,0.15 0.862979
0.95,0.6,0 1.48447e-15
0.95,0.6,0.05 0.0104151
0.95,0.6,0.1 0.041654
0.95,0.6,0.15 0.0104119
0.95,0.65,0 3.7401e-13
0.95,0.65,0.05 2.62407
0.95,0.65,0.1 10.4946
0.95,0.65,0.15 2.62325
0.95,0.7,0 8.6566e-13
0.95,0.7,0.05 6.07352
0.95,0.7,0.1 24.2903
0.95,0.7,0.15 6.07161
0.95,0.75,0 1.75853e-12
0.95,0.75,0.05 1.04604
0.95,0.75,0.1 4.18317
0.95,0.75,0.15 1.04554
0.95,0.8,0 4.51572e-11
0.95,0.8,0.05 5.22184
0.95,0.8,0.1 21.0302
0.95,0.8,0.15 11.2901
0.95,0.8,0.2 7.90489
0.95,0.8,0.25 0.529669
0.95,0.85,0 4.97777e-11
0.95,0.85,0.05 5.75614
0.95,0.85,0.1 23.9453
0.95,0.85,0.15 42.2335
0.95,0.85,0.2 47.4763
0.95,0.85,0.25 3.18116
0.95,0.9,0 2.56326e-12
0.95,0.9,0.05 0.296408
0.95,0.9,0.1 1.5323
0.95,0.9,0.15 13.8536
0.95,0.9,0.2 17.6422
0.95,0.9,0.25 1.18212
0.95,0.95,0.1 0.000578096
0.95,0.95,0.15 0.0225607
0.95,0.95,0.2 0.0293577
0.95,0.95,0.25 0.00196712
