0.65,0.35,0.35 11.0253
0.65,0.35,0.4 0.0477923
0.65,0.4,0 8.81021e-12
0.65,0.4,0.05 53.7502
0.65,0.4,0.1 373.828
0.65,0.4,0.15 307.985
0.65,0.4,0.2 53.0587
0.65,0.4,0.25 8.29463
0.65,0.4,0.3 0.331323
0.65,0.4,0.35 4.82314e-06
0.65,0.45,0 2.06611e-10
0.65,0.45,0.05 159.249
0.65,0.45,0.1 648.355
0.65,0.45,0.15 212.348
0.65,0.45,0.2 223.958
0.65,0.45,0.25 178.837
0.65,0.45,0.3 12.6312
0.65,0.45,0.35 1.19487e-06
0.65,0.5,0 4.24642e-10
0.65,0.5,0.05 93.8044
0.65,0.5,0.1 375.997
0.65,0.5,0.15 120.264
0.65,0.5,0.2 334.653
0.65,0.5,0.25 424.293
0.65,0.5,0.3 32.5919
0.65,0.5,0.35 0.00940346
0.65,0.55,0 8.64303e-11
0.65,0.55,0.05 43.737
0.65,0.55,0.1 175.456
0.65,0.55,0.15 154.111
0.65,0.55,0.2 547.942
0.65,0.55,0.25 394.006
0.65,0.55,0.3 25.155
0.65,0.55,0.35 0.0321066
0.65,0.6,0 2.14942e-10
0.65,0.6,0.05 33.7685
0.65,0.6,0.1 136.904
0.65,0.6,0.15 239.522
0.65,0.6,0.2 675.541
0.65,0.6,0.25 214.241
0.65,0.6,0.3 4.46459
0.65,0.6,0.35 0.00684647
0.65,0.65,0 3.69185e-09
0.65,0.65,0.05 14.5164
0.65,0.65,0.1 91.7012
0.65,0.65,0.15 207.953
0.65,0.65,0.2 511.638
0.65,0.65,0.25 263.822
0.65,0.65,0.3 4.92832
0.65,0.7,0 3.28852e-09
0.65,0.7,0.05 12.0362
0.65,0.7,0.1 129.205
0.65,0.7,0.15 476.542
0.65,0.7,0.2 504.043
0.65,0.7,0.25 308.76
0.65,0.7,0.3 16.2542
0.65,0.75,0 4.44503e-10
0.65,0.75,0.05 26.6155
0.65,0.75,0.1 170.336
0.65,0.75,0.15 446.254
0.65,0.75,0.2 364.395
0.65,0.75,0.25 239.782
0.65,0.75,0.3 15.9815
0.65,0.8,0 7.41904e-10
0.65,0.8,0.05 73.176
0.65,0.8,0.1 331.67
0.65,0.8,0.15 353.077
0.65,0.8,0.2 131.595
0.65,0.8,0.25 11.9923
0.65,0.8,0.3 0.768855
0.65,0.85,0 1.7205e-10
0.65,0.85,0.05 77.8794
0.65,0.85,0.1 312.999
0.65,0.85,0.15 89.2958
0.65,0.85,0.2 5.0502
0.65,0.85,0.25 0.021967
0.65,0.9,0 1.99767e-11
0.65,0.9,0.05 18.789
0.65,0.9,0.1 75.1345
0.65,0.9,0.15 18.7783
0.65,0.95,0 1.57188e-16
0.65,0.95,0.05 0.000184117
0.65,0.95,0.1 0.000736258
0.65,0.95,0.15 0.000184012
0.7,0.1,0.1 0.0406015
0.7,0.1,0.15 2.40634
0.7,0.1,0.2 3.71281
0.7,0.1,0.25 0.317402
0.7,0.15,0 5.60418e-13
0.7,0.15,0.05 0.0234796
0.7,0.15,0.1 10.0254
0.7,0.15,0.15 103.422
0.7,0.15,0.2 76.3253
0.7,0.15,0.25 3.46203
0.7,0.15,0.3 0.138407
0.7,0.15,0.35 0.034162
0.7,0.2,0 1.92511e-11
0.7,0.2,0.05 0.806601
0.7,0.2,0.1 60.8982
0.7,0.2,0.15 463.16
0.7,0.2,0.2 233.791
0.7,0.2,0.25 3.97686
0.7,0.2,0.3 3.25273
0.7,0.2,0.35 0.802804
0.7,0.2,0.4 4.05639e-16
0.7,0.25,0 2.36327e-11
0.7,0.25,0.05 1.00018
0.7,0.25,0.1 85.8211
0.7,0.25,0.15 518.825
0.7,0.25,0.2 223.15
0.7,0.25,0.25 13.9063
0.7,0.25,0.3 3.75381
0.7,0.25,0.35 0.81241
0.7,0.25,0.4 1.60093e-08
0.7,0.3,0 1.44831e-12
0.7,0.3,0.05 0.393095
0.7,0.3,0.1 37.3904
0.7,0.3,0.15 167.483
0.7,0.3,0.2 104.242
0.7,0.3,0.25 39.3217
0.7,0.3,0.3 1.59605
0.7,0.3,0.35 0.0360974
0.7,0.3,0.4 6.34738e-08
0.7,0.35,0 5.47512e-17
0.7,0.35,0.05 40.5657
0.7,0.35,0.1 217.628
0.7,0.35,0.15 146.677
0.7,0.35,0.2 42.7077
0.7,0.35,0.25 8.09218
0.7,0.35,0.3 0.283437
0.7,0.35,0.35 3.62848e-06
0.7,0.35,0.4 1.57288e-08
0.7,0.4,0 4.09684e-13
0.7,0.4,0.05 120.008
0.7,0.4,0.1 643.86
0.7,0.4,0.15 323.142
0.7,0.4,0.2 50.4271
0.7,0.4,0.25 0.553434
0.7,0.4,0.3 0.0124732
0.7,0.45,0 1.52541e-10
0.7,0.45,0.05 87.2382
0.7,0.45,0.1 432.356
0.7,0.45,0.15 363.181
0.7,0.45,0.2 132.507
0.7,0.45,0.25 20.4589
0.7,0.45,0.3 0.954491
0.7,0.5,0 4.12984e-10
0.7,0.5,0.05 103.52
0.7,0.5,0.1 453.118
0.7,0.5,0.15 456.112
0.7,0.5,0.2 418.038
0.7,0.5,0.25 124.462
0.7,0.5,0.3 5.84391
0.7,0.55,0 1.09361e-10
0.7,0.55,0.05 86.7903
0.7,0.55,0.1 361.194
0.7,0.55,0.15 358.35
0.7,0.55,0.2 602.33
0.7,0.55,0.25 216.082
0.7,0.55,0.3 8.56924
0.7,0.6,0 3.93614e-11
0.7,0.6,0.05 68.8859
0.7,0.6,0.1 276.195
0.7,0.6,0.15 202.805
0.7,0.6,0.2 500.442
0.7,0.6,0.25 136.863
0.7,0.6,0.3 1.16358
0.7,0.65,0 1.6194e-12
0.7,0.65,0.05 2.83408
0.7,0.65,0.1 13.2735
0.7,0.65,0.15 57.491
0.7,0.65,0.2 329.605
0.7,0.65,0.25 169.172
0.7,0.65,0.3 1.89789
0.7,0.7,0 3.08274e-14
0.7,0.7,0.05 0.00239233
0.7,0.7,0.1 9.47961
0.7,0.7,0.15 93.0118
0.7,0.7,0.2 269.16
0.7,0.7,0.25 184.477
0.7,0.7,0.3 7.37032
0.7,0.75,0 6.0956e-12
0.7,0.75,0.05 0.473042
0.7,0.75,0.1 16.53
0.7,0.75,0.15 110.284
0.7,0.75,0.2 128.223
0.7,0.75,0.25 103.322
0.7,0.75,0.3 6.86258
0.7,0.8,0 2.01839e-09
0.7,0.8,0.05 11.2981
0.7,0.8,0.1 56.8409
0.7,0.8,0.15 96.2646
0.7,0.8,0.2 41.1689
0.7,0.8,0.25 5.08047
0.7,0.8,0.3 0.329978
0.7,0.85,0 8.01202e-09
0.7,0.85,0.05 41.2806
0.7,0.85,0.1 165.327
0.7,0.85,0.15 44.637
0.7,0.85,0.2 1.53926
0.7,0.85,0.25 0.00669536
0.7,0.9,0 2.00013e-09
0.7,0.9,0.05 10.3149
0.7,0.9,0.1 41.1903
0.7,0.9,0.15 10.2803
0.7,0.95,0 5.43256e-18
0.7,0.95,0.05 6.36324e-06
0.7,0.95,0.1 2.54457e-05
0.7,0.95,0.15 6.35962e-06
0.75,0.15,0.1 5.2066
0.75,0.15,0.15 43.4903
0.75,0.15,0.2 21.6416
0.75,0.15,0.25 0.157609
0.75,0.2,0.1 25.6106
0.75,0.2,0.15 208.402
0.75,0.2,0.2 101.835
0.75,0.2,0.25 0.707189
0.75,0.25,0.1 17.365
0.75,0.25,0.15 123.142
0.75,0.25,0.2 53.8602
0.75,0.25,0.25 0.255614
0.75,0.3,0.05 0.537742
0.75,0.3,0.1 5.19389
0.75,0.3,0.15 20.723
0.75,0.3,0.2 8.30146
0.75,0.3,0.25 0.0295866
0.75,0.35,0 5.49508e-21
0.75,0.35,0.05 51.9823
0.75,0.35,0.1 238.615
0.75,0.35,0.15 255.809
0.75,0.35,0.2 106.116
0.75,0.35,0.25 1.00382
0.75,0.4,0 2.94649e-14
0.75,0.4,0.05 102.693
0.75,0.4,0.1 491.171
0.75,0.4,0.15 488.162
0.75,0.4,0.2 188.007
0.75,0.4,0.25 1.70227
0.75,0.45,0 1.82971e-11
0.75,0.45,0.05 17.7438
0.75,0.45,0.1 141.206
0.75,0.45,0.15 377.126
0.75,0.45,0.2 187.798
0.75,0.45,0.25 13.9991
0.75,0.45,0.3 6.30654e-05
0.75,0.5,0 4.9783e-11
0.75,0.5,0.05 12.1716
0.75,0.5,0.1 102.646
0.75,0.5,0.15 523.341
0.75,0.5,0.2 551.637
0.75,0.5,0.25 71.2826
0.75,0.5,0.3 0.00780667
0.75,0.55,0 1.50571e-11
0.75,0.55,0.05 20.6684
0.75,0.55,0.1 104.596
0.75,0.55,0.15 317.568
0.75,0.55,0.2 343.61
0.75,0.55,0.25 44.4901
0.75,0.55,0.3 0.0152572
0.75,0.6,0 6.74582e-12
0.75,0.6,0.05 28.567
0.75,0.6,0.1 115.358
0.75,0.6,0.15 65.6973
0.75,0.6,0.2 107.018
0.75,0.6,0.25 25.3068
0.75,0.6,0.3 0.0148006
0.75,0.65,0 4.06947e-13
0.75,0.65,0.05 11.6588
0.75,0.65,0.1 46.6317
0.75,0.65,0.15 15.4118
0.75,0.65,0.2 27.8431
0.75,0.65,0.25 13.6446
0.75,0.65,0.3 0.127129
0.75,0.7,0 6.07228e-15
0.75,0.7,0.05 0.506462
0.75,0.7,0.1 2.02585
0.75,0.7,0.15 1.85494
0.75,0.7,0.2 12.8825
0.75,0.7,0.25 7.27433
0.75,0.7,0.3 0.0956124
0.75,0.75,0 2.65197e-11
0.75,0.75,0.05 0.114227
0.75,0.75,0.1 0.45898
0.75,0.75,0.15 0.157428
0.75,0.75,0.2 0.449808
0.75,0.75,0.25 0.468704
0.75,0.75,0.3 0.0271064
0.75,0.8,0 6.47176e-09
0.75,0.8,0.05 30.6451
0.75,0.8,0.1 122.364
0.75,0.8,0.15 30.5566
0.75,0.8,0.2 0.0235207
0.75,0.8,0.25 0.0189306
0.75,0.8,0.3 0.00126758
0.75,0.85,0 2.26947e-08
0.75,0.85,0.05 108.816
0.75,0.85,0.1 434.491
0.75,0.85,0.15 108.43
0.75,0.85,0.2 0.000371168
0.75,0.85,0.25 1.61448e-06
0.75,0.9,0 5.3693e-09
0.75,0.9,0.05 25.8896
0.75,0.9,0.1 103.375
0.75,0.9,0.15 25.7978
0.8,0.05,0 1.96048e-11
0.8,0.05,0.05 1.15495
0.8,0.05,0.1 4.61623
0.8,0.05,0.15 1.15317
0.8,0.1,0 2.31151e-10
0.8,0.1,0.05 13.6174
0.8,0.1,0.1 54.4276
0.8,0.1,0.15 13.5964
0.8,0.15,0 1.50684e-10
0.8,0.15,0.05 8.87703
0.8,0.15,0.1 35.5336
0.8,0.15,0.15 9.30457
0.8,0.15,0.2 0.219561
0.8,0.15,0.25 0.00159899
0.8,0.2,0 2.58221e-12
0.8,0.2,0.05 0.152121
0.8,0.2,0.1 0.839402
0.8,0.2,0.15 2.08463
0.8,0.2,0.2 0.961772
0.8,0.2,0.25 0.00700427
0.8,0.25,0.1 0.0633391
0.8,0.25,0.15 0.529066
0.8,0.25,0.2 0.263274
0.8,0.25,0.25 0.00191733
0.8,0.3,0.05 0.0596222
0.8,0.3,0.1 0.314737
0.8,0.3,0.15 0.753072
0.8,0.3,0.2 0.371005
0.8,0.3,0.25 0.0035102
0.8,0.35,0.05 5.43067
0.8,0.35,0.1 27.7457
0.8,0.35,0.15 58.8177
0.8,0.35,0.2 28.5121
0.8,0.35,0.25 0.269761
0.8,0.4,0 1.57474e-14
0.8,0.4,0.05 12.6163
0.8,0.4,0.1 65.2953
0.8,0.4,0.15 107.154
0.8,0.4,0.2 48.7873
0.8,0.4,0.25 0.456538
0.8,0.45,0 1.17854e-12
0.8,0.45,0.05 4.79266
0.8,0.45,0.1 29.005
0.8,0.45,0.15 38.4346
0.8,0.45,0.2 17.7972
0.8,0.45,0.25 1.2982
0.8,0.5,0 2.52906e-12
0.8,0.5,0.05 3.70793
0.8,0.5,0.1 19.0749
0.8,0.5,0.15 44.9169
0.8,0.5,0.2 47.8414
0.8,0.5,0.25 6.38903
0.8,0.55,0 1.29552e-11
0.8,0.55,0.05 73.7105
0.8,0.55,0.1 296.688
0.8,0.55,0.15 97.7002
0.8,0.55,0.2 22.9449
0.8,0.55,0.25 2.13193
0.8,0.6,0 1.35796e-11
0.8,0.6,0.05 141.422
0.8,0.6,0.1 565.719
0.8,0.6,0.15 142.459
0.8,0.6,0.2 0.686766
0.8,0.6,0.25 0.0161002
0.8,0.65,0 1.51337e-12
0.8,0.65,0.05 76.9784
0.8,0.65,0.1 307.891
0.8,0.65,0.15 76.9677
0.8,0.65,0.2 0.00124013
0.8,0.65,0.25 0.000305461
0.8,0.7,0 2.27173e-13
0.8,0.7,0.05 4.71673
0.8,0.7,0.1 18.8652
0.8,0.7,0.15 4.71587
0.8,0.75,0 2.78316e-10
0.8,0.75,0.05 1.40664
0.8,0.75,0.1 5.61753
0.8,0.75,0.15 1.40214
0.8,0.8,0 1.35993e-08
0.8,0.8,0.05 59.6748
0.8,0.8,0.1 238.267
0.8,0.8,0.15 59.5026
0.8,0.8,0.2 0.0339312
0.8,0.8,0.25 0.000815713
0.8,0.85,0 2.1173e-08
0.8,0.85,0.05 93.7068
0.8,0.85,0.1 374.168
0.8,0.85,0.15 93.7005
0.8,0.85,0.2 0.250118
0.8,0.85,0.25 0.0060129
0.8,0.9,0 2.16719e-09
0.8,0.9,0.05 9.81897
0.8,0.9,0.1 39.2153
0.8,0.9,0.15 9.93315
0.8,0.9,0.2 0.111848
0.8,0.9,0.25 0.00268885
0.8,0.95,0.1 4.88127e-05
0.8,0.95,0.15 0.000698721
0.8,0.95,0.2 0.00052213
0.8,0.95,0.25 1.25521e-05
0.85,0.05,0 1.24806e-10
0.85,0.05,0.05 7.35247
0.85,0.05,0.1 29.3872
0.85,0.05,0.15 7.34114
0.85,0.1,0 1.47152e-09
0.85,0.1,0.05 86.6892
0.85,0.1,0.1 346.489
0.85,0.1,0.15 86.5556
0.85,0.15,0 9.59267e-10
0.85,0.15,0.05 56.5117
0.85,0.15,0.1 225.873
0.85,0.15,0.15 56.4246
0.85,0.2,0 1.64385e-11
0.85,0.2,0.05 0.968414
0.85,0.2,0.1 3.87067
0.85,0.2,0.15 0.966922
0.85,0.3,0.1 9.90604e-07
0.85,0.3,0.15 9.03872e-06
0.85,0.3,0.2 4.83676e-06
0.85,0.3,0.25 4.57623e-08
0.85,0.35,0.05 1.48278
0.85,0.35,0.1 8.07474
0.85,0.35,0.15 2.73593
0.85,0.35,0.2 0.00256065
0.85,0.35,0.25 3.51692e-06
0.85,0.4,0 1.61239e-12
0.85,0.4,0.05 42.8069
0.85,0.4,0.1 232.59
0.85,0.4,0.15 78.6614
0.85,0.4,0.2 0.0632908
0.85,0.4,0.25 5.94805e-06
0.85,0.45,0 1.20671e-10
0.85,0.45,0.05 74.5899
0.85,0.45,0.1 367.228
0.85,0.45,0.15 114.833
0.85,0.45,0.2 0.0704412
0.85,0.45,0.25 5.74483e-07
0.85,0.5,0 2.02525e-10
0.85,0.5,0.05 49.0412
0.85,0.5,0.1 199.736
0.85,0.5,0.15 51.1355
0.85,0.5,0.2 0.00373912
0.85,0.55,0 2.50876e-11
0.85,0.55,0.05 37.5337
0.85,0.55,0.1 150.104
0.85,0.55,0.15 37.5184
0.85,0.6,0 6.1264e-12
0.85,0.6,0.05 61.2836
0.85,0.6,0.1 245.105
0.85,0.6,0.15 61.2689
0.85,0.65,0 4.26584e-12
0.85,0.65,0.05 57.2783
0.85,0.65,0.1 229.088
0.85,0.65,0.15 57.2658
0.85,0.7,0 8.47068e-12
0.85,0.7,0.05 60.7193
0.85,0.7,0.1 242.84
0.85,0.7,0.15 60.7005
0.85,0.75,0 1.79695e-10
0.85,0.75,0.05 10.525
0.85,0.75,0.1 42.0858
0.85,0.75,0.15 10.5179
0.85,0.8,0 7.95205e-09
0.85,0.8,0.05 72.5733
0.85,0.8,0.1 291.137
0.85,0.8,0.15 89.3392
0.85,0.8,0.2 12.6554
0.85,0.8,0.25 0.304238
0.85,0.85,0 1.09868e-08
0.85,0.85,0.05 89.5657
0.85,0.85,0.1 366.539
0.85,0.85,0.15 214.181
0.85,0.85,0.2 93.287
0.85,0.85,0.25 2.24264
0.85,0.9,0 8.06315e-10
0.85,0.9,0.05 5.64828
0.85,0.9,0.1 26.4625
0.85,0.9,0.15 61.4581
0.85,0.9,0.2 41.7162
0.85,0.9,0.25 1.00287
0.85,0.95,0.1 0.0182057
0.85,0.95,0.15 0.260603
0.85,0.95,0.2 0.19474
0.85,0.95,0.25 0.00468159
0.9,0.05,0 4.89436e-11
0.9,0.05,0.05 2.88334
0.9,0.05,0.1 11.5245
0.9,0.05,0.15 2.87889
0.9,0.1,0 5.77069e-10
0.9,0.1,0.05 33.9959
0.9,0.1,0.1 135.879
0.9,0.1,0.15 33.9435
0.9,0.15,0 3.76185e-10
0.9,0.15,0.05 22.1616
0.9,0.15,0.1 88.578
0.9,0.15,0.15 22.1274
0.9,0.2,0 6.4465e-12
0.9,0.2,0.05 0.379772
0.9,0.2,0.1 1.51792
0.9,0.2,0.15 0.379187
0.9,0.35,0.05 1.05871
0.9,0.35,0.1 5.76536
0.9,0.35,0.15 1.95297
0.9,0.35,0.2 0.00156291
0.9,0.4,0 2.98509e-12
0.9,0.4,0.05 30.9734
0.9,0.4,0.1 167.706
0.9,0.4,0.15 56.5725
0.9,0.4,0.2 0.0447412
0.9,0.45,0 2.23404e-10
0.9,0.45,0.05 83.8685
0.9,0.45,0.1 384.585
0.9,0.45,0.15 112.572
0.9,0.45,0.2 0.0502521
0.9,0.5,0 3.74482e-10
0.9,0.5,0.05 85.3391
0.9,0.5,0.1 343.805
0.9,0.5,0.15 86.784
0.9,0.5,0.2 0.00266975
0.9,0.55,0 3.57798e-11
0.9,0.55,0.05 8.13557
0.9,0.55,0.1 32.5264
0.9,0.55,0.15 8.12763
0.9,0.6,0 4.9626e-14
0.9,0.6,0.05 0.390584
0.9,0.6,0.1 1.56212
0.9,0.6,0.15 0.390474
0.9,0.65,0 5.07433e-12
0.9,0.65,0.05 35.6869
0.9,0.65,0.1 142.725
0.9,0.65,0.15 35.6757
0.9,0.7,0 1.17393e-11
0.9,0.7,0.05 82.3675
0.9,0.7,0.1 329.418
0.9,0.7,0.15 82.3416
0.9,0.75,0 2.30819e-11
0.9,0.75,0.05 13.8493
0.9,0.75,0.1 55.3843
0.9,0.75,0.15 13.8429
0.9,0.8,0 6.31785e-10
0.9,0.8,0.05 61.7132
0.9,0.8,0.1 249.649
0.9,0.8,0.15 103.866
0.9,0.8,0.2 31.5567
0.9,0.8,0.25 0.758629
0.9,0.85,0 7.26178e-10
0.9,0.85,0.05 68.1559
0.9,0.85,0.1 294.199
0.9,0.85,0.15 379.358
0.9,0.85,0.2 232.615
0.9,0.85,0.25 5.59211
0.9,0.9,0 4.0616e-11
0.9,0.9,0.05 3.52351
0.9,0.9,0.1 23.8098
0.9,0.9,0.15 142.721
0.9,0.9,0.2 104.021
0.9,0.9,0.25 2.50068
0.9,0.95,0.1 0.0453967
0.9,0.95,0.15 0.649824
0.9,0.95,0.2 0.485591
0.9,0.95,0.25 0.0116737
0.95,0.05,0 1.15116e-13
0.95,0.05,0.05 0.00678165
0.95,0.05,0.1 0.0271057
0.95,0.05,0.15 0.0067712
0.95,0.1,0 1.35728e-12
0.95,0.1,0.05 0.079959
0.95,0.1,0.1 0.319589
0.95,0.1,0.15 0.0798357
0.95,0.15,0 8.84793e-13
0.95,0.15,0.05 0.0521244
0.95,0.15,0.1 0.208337
0.95,0.15,0.15 0.052044
0.95,0.2,0 1.51623e-14
0.95,0.2,0.05 0.000893231
0.95,0.2,0.1 0.00357017
0.95,0.2,0.15 0.000891854
0.95,0.35,0.05 0.0228554
0.95,0.35,0.1 0.124462
0.95,0.35,0.15 0.0421605
0.95,0.35,0.2 3.37399e-05
0.95,0.4,0 3.23381e-13
0.95,0.4,0.05 0.726402
0.95,0.4,0.1 3.85131
0.95,0.4,0.15 1.27898
0.95,0.4,0.2 0.000965866
0.95,0.45,0 2.42019e-11
0.95,0.45,0.05 6.13282
0.95,0.45,0.1 25.5829
0.95,0.45,0.15 6.74819
0.95,0.45,0.2 0.00108483
0.95,0.5,0 4.05683e-11
0.95,0.5,0.05 9.08734
0.95,0.5,0.1 36.3879
0.95,0.5,0.15 9.11137
0.95,0.5,0.2 5.76343e-05
0.95,0.55,0 3.87302e-12
0.95,0.55,0.05 0.863833
0.95,0.55,0.1 3.45362
0.95,0.55,0.15 0.862979
0.95,0.6,0 1.48447e-15
0.95,0.6,0.05 0.0104151
0.95,0.6,0.1 0.041654
0.95,0.6,0.15 0.0104119
0.95,0.65,0 3.7401e-13
0.95,0.65,0.05 2.62407
0.95,0.65,0.1 10.4946
0.95,0.65,0.15 2.62325
0.95,0.7,0 8.6566e-13
0.95,0.7,0.05 6.07352
0.95,0.7,0.1 24.2903
0.95,0.7,0.15 6.07161
0.95,0.75,0 1.75853e-12
0.95,0.75,0.05 1.04604
0.95,0.75,0.1 4.18317
0.95,0.75,0.15 1.04554
0.95,0.8,0 4.51572e-11
0.95,0.8,0.05 5.22184
0.95,0.8,0.1 21.3267
0.95,0.8,0.15 11.6883
0.95,0.8,0.2 4.83699
0.95,0.8,0.25 0.116282
0.95,0.85,0 4.97777e-11
0.95,0.85,0.05 5.75614
0.95,0.85,0.1 26.3437
0.95,0.85,0.15 53.4631
0.95,0.85,0.2 35.655
0.95,0.85,0.25 0.857155
0.95,0.9,0 2.56326e-12
0.95,0.9,0.05 0.296408
0.95,0.9,0.1 2.67549
0.95,0.9,0.15 21.6328
0.95,0.9,0.2 15.9443
0.95,0.9,0.25 0.383303
0.95,0.95,0.1 0.00695838
0.95,0.95,0.15 0.0996046
0.95,0.95,0.2 0.0744311
0.95,0.95,0.25 0.00178934
