0.25,0.1,0.4 0.0841182
0.25,0.15,0 2.01665e-09
0.25,0.15,0.05 44.7093
0.25,0.15,0.1 199.469
0.25,0.15,0.15 278.245
0.25,0.15,0.2 662.203
0.25,0.15,0.25 574.57
0.25,0.15,0.3 345.403
0.25,0.15,0.35 148.421
0.25,0.15,0.4 14.8939
0.25,0.15,0.45 0.000411619
0.25,0.2,0 3.41939e-10
0.25,0.2,0.05 46.9892
0.25,0.2,0.1 338.801
0.25,0.2,0.15 430.45
0.25,0.2,0.2 529.641
0.25,0.2,0.25 305.885
0.25,0.2,0.3 528.892
0.25,0.2,0.35 503.819
0.25,0.2,0.4 76.6969
0.25,0.2,0.45 0.00174759
0.25,0.25,0 1.73454e-13
0.25,0.25,0.05 65.8117
0.25,0.25,0.1 347.129
0.25,0.25,0.15 313.573
0.25,0.25,0.2 610.403
0.25,0.25,0.25 315.265
0.25,0.25,0.3 527.325
0.25,0.25,0.35 500.793
0.25,0.25,0.4 56.1211
0.25,0.25,0.45 0.000465302
0.25,0.3,0 1.64251e-13
0.25,0.3,0.05 40.1955
0.25,0.3,0.1 191.365
0.25,0.3,0.15 262.859
0.25,0.3,0.2 631.052
0.25,0.3,0.25 289.238
0.25,0.3,0.3 165.349
0.25,0.3,0.35 248.398
0.25,0.3,0.4 52.4892
0.25,0.3,0.45 5.05968e-06
0.25,0.35,0 8.44227e-13
0.25,0.35,0.05 72.898
0.25,0.35,0.1 390.887
0.25,0.35,0.15 359.385
0.25,0.35,0.2 145.005
0.25,0.35,0.25 32.7673
0.25,0.35,0.3 18.3303
0.25,0.35,0.35 38.2968
0.25,0.35,0.4 9.69241
0.25,0.35,0.45 9.99491e-07
0.25,0.4,0 9.17876e-11
0.25,0.4,0.05 100.935
0.25,0.4,0.1 472.142
0.25,0.4,0.15 395.808
0.25,0.4,0.2 162.857
0.25,0.4,0.25 54.7262
0.25,0.4,0.3 4.66555
0.25,0.4,0.35 0.203492
0.25,0.4,0.4 0.0191843
0.25,0.4,0.45 8.39655e-06
0.25,0.4,0.5 4.58068e-09
0.25,0.45,0 8.88755e-10
0.25,0.45,0.05 149.002
0.25,0.45,0.1 645.935
0.25,0.45,0.15 456.263
0.25,0.45,0.2 328.958
0.25,0.45,0.25 378.587
0.25,0.45,0.3 158.75
0.25,0.45,0.35 119.271
0.25,0.45,0.4 75.3372
0.25,0.45,0.45 7.93792
0.25,0.45,0.5 0.000250707
0.25,0.5,0 1.69862e-09
0.25,0.5,0.05 181.477
0.25,0.5,0.1 733.079
0.25,0.5,0.15 345.04
0.25,0.5,0.2 342.82
0.25,0.5,0.25 553.495
0.25,0.5,0.3 722.208
0.25,0.5,0.35 568.369
0.25,0.5,0.4 464.724
0.25,0.5,0.45 58.5718
0.25,0.5,0.5 0.00348727
0.25,0.55,0 2.49169e-09
0.25,0.55,0.05 81.7188
0.25,0.55,0.1 370.838
0.25,0.55,0.15 348.085
0.25,0.55,0.2 381.402
0.25,0.55,0.25 429.913
0.25,0.55,0.3 678.401
0.25,0.55,0.35 652.516
0.25,0.55,0.4 487.992
0.25,0.55,0.45 54.7498
0.25,0.55,0.5 0.00255816
0.25,0.6,0 1.73455e-08
0.25,0.6,0.05 11.3724
0.25,0.6,0.1 114.446
0.25,0.6,0.15 389.081
0.25,0.6,0.2 559.321
0.25,0.6,0.25 504.555
0.25,0.6,0.3 454.412
0.25,0.6,0.35 516.084
0.25,0.6,0.4 344.701
0.25,0.6,0.45 28.9546
0.25,0.6,0.5 5.89349e-05
0.25,0.65,0 1.10698e-08
0.25,0.65,0.05 77.8871
0.25,0.65,0.1 338.334
0.25,0.65,0.15 435.742
0.25,0.65,0.2 479.512
0.25,0.65,0.25 223.583
0.25,0.65,0.3 440.531
0.25,0.65,0.35 327.525
0.25,0.65,0.4 88.015
0.25,0.65,0.45 5.97115
0.25,0.7,0 2.14309e-09
0.25,0.7,0.05 95.1222
0.25,0.7,0.1 443.898
0.25,0.7,0.15 464.014
0.25,0.7,0.2 410.482
0.25,0.7,0.25 263.221
0.25,0.7,0.3 270.238
0.25,0.7,0.35 66.6094
0.25,0.7,0.4 3.46747
0.25,0.7,0.45 0.147216
0.25,0.75,0 1.56936e-10
0.25,0.75,0.05 8.95236
0.25,0.75,0.1 125.877
0.25,0.75,0.15 586.31
0.25,0.75,0.2 627.467
0.25,0.75,0.25 385.268
0.25,0.75,0.3 224.786
0.25,0.75,0.35 54.548
0.25,0.75,0.4 0.0201109
0.25,0.8,0.1 39.806
0.25,0.8,0.15 265.008
0.25,0.8,0.2 228.481
0.25,0.8,0.25 105.507
0.25,0.8,0.3 78.8791
0.25,0.8,0.35 22.593
0.25,0.8,0.4 0.0085598
0.25,0.85,0.1 0.327306
0.25,0.85,0.15 2.09356
0.25,0.85,0.2 1.30839
0.25,0.85,0.25 0.362105
0.25,0.85,0.3 0.358861
0.25,0.85,0.35 0.0979881
0.25,0.85,0.4 3.71162e-05
0.3,0,0.2 2.33328e-11
0.3,0,0.25 4.90572e-10
0.3,0,0.3 4.6626e-10
0.3,0,0.35 1.84664e-11
0.3,0.05,0 3.73392e-15
0.3,0.05,0.05 0.0584311
0.3,0.05,0.1 1.42843
0.3,0.05,0.15 45.9034
0.3,0.05,0.2 82.4647
0.3,0.05,0.25 84.3052
0.3,0.05,0.3 74.3669
0.3,0.05,0.35 3.58053
0.3,0.05,0.4 0.000519268
0.3,0.1,0 2.52885e-12
0.3,0.1,0.05 3.20953
0.3,0.1,0.1 50.9309
0.3,0.1,0.15 243.074
0.3,0.1,0.2 395.95
0.3,0.1,0.25 377.857
0.3,0.1,0.3 365.044
0.3,0.1,0.35 39.5886
0.3,0.1,0.4 0.0659087
0.3,0.15,0 6.92181e-12
0.3,0.15,0.05 9.67403
0.3,0.15,0.1 104.688
0.3,0.15,0.15 327.453
0.3,0.15,0.2 508.59
0.3,0.15,0.25 299.93
0.3,0.15,0.3 528.262
0.3,0.15,0.35 255.889
0.3,0.15,0.4 25.9745
0.3,0.15,0.45 0.000895437
0.3,0.2,0 1.17374e-12
0.3,0.2,0.05 67.8545
0.3,0.2,0.1 337.589
0.3,0.2,0.15 478.214
0.3,0.2,0.2 670.483
0.3,0.2,0.25 316.485
0.3,0.2,0.3 642.775
0.3,0.2,0.35 550.546
0.3,0.2,0.4 112.118
0.3,0.2,0.45 0.0038017
0.3,0.25,0 1.91838e-15
0.3,0.25,0.05 84.5956
0.3,0.25,0.1 405.588
0.3,0.25,0.15 241.706
0.3,0.25,0.2 305.155
0.3,0.25,0.25 336.581
0.3,0.25,0.3 564.707
0.3,0.25,0.35 499.773
0.3,0.25,0.4 77.2201
0.3,0.25,0.45 0.00101189
0.3,0.3,0 5.6052e-15
0.3,0.3,0.05 30.5134
0.3,0.3,0.1 157.298
0.3,0.3,0.15 367.522
0.3,0.3,0.2 486.698
0.3,0.3,0.25 463.253
0.3,0.3,0.3 445.646
0.3,0.3,0.35 477.081
0.3,0.3,0.4 102.731
0.3,0.3,0.45 9.96829e-06
0.3,0.35,0 2.12226e-13
0.3,0.35,0.05 36.1729
0.3,0.35,0.1 290.597
0.3,0.35,0.15 734.835
0.3,0.35,0.2 548.232
0.3,0.35,0.25 96.8354
0.3,0.35,0.3 63.565
0.3,0.35,0.35 78.0156
0.3,0.35,0.4 19.1014
0.3,0.35,0.45 1.98718e-06
0.3,0.4,0 2.97733e-11
0.3,0.4,0.05 106.043
0.3,0.4,0.1 538.09
0.3,0.4,0.15 759.767
0.3,0.4,0.2 478.862
0.3,0.4,0.25 62.3032
0.3,0.4,0.3 3.25962
0.3,0.4,0.35 0.534467
0.3,0.4,0.4 1.42108
0.3,0.4,0.45 0.279797
0.3,0.45,0 5.28773e-10
0.3,0.45,0.05 76.6112
0.3,0.45,0.1 365.801
0.3,0.45,0.15 552.208
0.3,0.45,0.2 527.62
0.3,0.45,0.25 282.794
0.3,0.45,0.3 126.207
0.3,0.45,0.35 82.9792
0.3,0.45,0.4 20.8461
0.3,0.45,0.45 2.13171
0.3,0.5,0 1.02343e-09
0.3,0.5,0.05 116.373
0.3,0.5,0.1 489.267
0.3,0.5,0.15 213.966
0.3,0.5,0.2 211.36
0.3,0.5,0.25 325.51
0.3,0.5,0.3 655.345
0.3,0.5,0.35 424.218
0.3,0.5,0.4 78.4415
0.3,0.5,0.45 6.13488
0.3,0.55,0 6.18688e-08
0.3,0.55,0.05 76.37
0.3,0.55,0.1 328.683
0.3,0.55,0.15 228.898
0.3,0.55,0.2 296.831
0.3,0.55,0.25 337.275
0.3,0.55,0.3 692.907
0.3,0.55,0.35 279.038
0.3,0.55,0.4 93.1983
0.3,0.55,0.45 7.44913
0.3,0.6,0 5.1562e-07
0.3,0.6,0.05 68.5857
0.3,0.6,0.1 283.564
0.3,0.6,0.15 280.369
0.3,0.6,0.2 602.108
0.3,0.6,0.25 434.207
0.3,0.6,0.3 607.587
0.3,0.6,0.35 493.007
0.3,0.6,0.4 372.4
0.3,0.6,0.45 25.5347
0.3,0.65,0 2.57486e-07
0.3,0.65,0.05 78.9182
0.3,0.65,0.1 320.014
0.3,0.65,0.15 242.43
0.3,0.65,0.2 433.309
0.3,0.65,0.25 432.696
0.3,0.65,0.3 615.454
0.3,0.65,0.35 443.597
0.3,0.65,0.4 259.534
0.3,0.65,0.45 16.9548
0.3,0.7,0 2.71045e-09
0.3,0.7,0.05 67.9695
0.3,0.7,0.1 277.907
0.3,0.7,0.15 220.334
0.3,0.7,0.2 453.36
0.3,0.7,0.25 243.737
0.3,0.7,0.3 206.595
0.3,0.7,0.35 69.2497
0.3,0.7,0.4 7.67698
0.3,0.7,0.45 0.445183
0.3,0.75,0 8.54123e-11
0.3,0.75,0.05 5.81106
0.3,0.75,0.1 71.3723
0.3,0.75,0.15 266.705
0.3,0.75,0.2 442.826
0.3,0.75,0.25 323.278
0.3,0.75,0.3 148.565
0.3,0.75,0.35 37.8476
0.3,0.75,0.4 0.0387324
0.3,0.8,0.1 24.7552
0.3,0.8,0.15 120.796
0.3,0.8,0.2 95.8194
0.3,0.8,0.25 52.2636
0.3,0.8,0.3 11.4049
0.3,0.8,0.35 1.5578
0.3,0.8,0.4 0.00141278
0.3,0.85,0.1 0.204986
0.3,0.85,0.15 0.962726
0.3,0.85,0.2 0.304908
0.3,0.85,0.25 0.00263134
0.3,0.85,0.3 0.00128547
0.3,0.85,0.35 0.00040548
0.3,0.85,0.4 1.53589e-07
0.35,0,0.2 7.66514e-12
0.35,0,0.25 1.6116e-10
0.35,0,0.3 1.53173e-10
0.35,0,0.35 6.06646e-12
0.35,0.05,0.05 0.230998
0.35,0.05,0.1 3.59492
0.35,0.05,0.15 8.06528
0.35,0.05,0.2 10.5826
0.35,0.05,0.25 26.4042
0.35,0.05,0.3 23.9595
0.35,0.05,0.35 0.94082
0.35,0.1,0.05 12.5078
0.35,0.1,0.1 192.003
0.35,0.1,0.15 173.677
0.35,0.1,0.2 58.3587
0.35,0.1,0.25 171.604
0.35,0.1,0.3 142.758
0.35,0.1,0.35 11.2421
0.35,0.1,0.4 0.0199826
0.35,0.15,0.05 24.3124
0.35,0.15,0.1 320.268
0.35,0.15,0.15 290.036
0.35,0.15,0.2 121.185
0.35,0.15,0.25 262.547
0.35,0.15,0.3 261.486
0.35,0.15,0.35 67.7056
0.35,0.15,0.4 3.49104
0.35,0.15,0.45 0.000117681
0.35,0.2,0 3.74425e-13
0.35,0.2,0.05 86.0992
0.35,0.2,0.1 428.068
0.35,0.2,0.15 399.1
0.35,0.2,0.2 511.657
0.35,0.2,0.25 392.511
0.35,0.2,0.3 488.721
0.35,0.2,0.35 164.537
0.35,0.2,0.4 17.8843
0.35,0.2,0.45 0.000499631
0.35,0.25,0 1.07788e-11
0.35,0.25,0.05 143.689
0.35,0.25,0.1 706.165
0.35,0.25,0.15 554.575
0.35,0.25,0.2 336.578
0.35,0.25,0.25 303.92
0.35,0.25,0.3 650.661
0.35,0.25,0.35 354.547
0.35,0.25,0.4 28.1286
0.35,0.25,0.45 0.00013294
0.35,0.3,0 1.21413e-11
0.35,0.3,0.05 125.664
0.35,0.3,0.1 545.84
0.35,0.3,0.15 477.052
0.35,0.3,0.2 354.504
0.35,0.3,0.25 552.405
0.35,0.3,0.3 837.894
0.35,0.3,0.35 231.358
0.35,0.3,0.4 18.7768
0.35,0.3,0.45 1.16532e-06
0.35,0.35,0 8.1182e-13
0.35,0.35,0.05 87.9311
0.35,0.35,0.1 386.062
0.35,0.35,0.15 516.056
0.35,0.35,0.2 447.423
0.35,0.35,0.25 219.888
0.35,0.35,0.3 189.115
0.35,0.35,0.35 31.9378
0.35,0.35,0.4 2.24214
0.35,0.35,0.45 1.0533e-06
0.35,0.4,0 6.78241e-11
0.35,0.4,0.05 164.785
0.35,0.4,0.1 778.965
0.35,0.4,0.15 787.549
0.35,0.4,0.2 447.917
0.35,0.4,0.25 45.1411
0.35,0.4,0.3 11.8279
0.35,0.4,0.35 23.7049
0.35,0.4,0.4 63.4537
0.35,0.4,0.45 12.6664
0.35,0.45,0 1.91241e-09
0.35,0.45,0.05 96.2945
0.35,0.45,0.1 487.552
0.35,0.45,0.15 675.874
0.35,0.45,0.2 697.323
0.35,0.45,0.25 235.231
0.35,0.45,0.3 131.402
0.35,0.45,0.35 276.258
0.35,0.45,0.4 305.076
0.35,0.45,0.45 50.1208
0.35,0.5,0 2.14436e-09
0.35,0.5,0.05 129.683
0.35,0.5,0.1 602.662
0.35,0.5,0.15 408.922
0.35,0.5,0.2 594.381
0.35,0.5,0.25 676.439
0.35,0.5,0.3 590.816
0.35,0.5,0.35 471.525
0.35,0.5,0.4 155.932
0.35,0.5,0.45 12.4757
0.35,0.55,0 7.22396e-08
0.35,0.55,0.05 74.5305
0.35,0.55,0.1 379.76
0.35,0.55,0.15 448.699
0.35,0.55,0.2 617.709
0.35,0.55,0.25 446.546
0.35,0.55,0.3 446.316
0.35,0.55,0.35 174.296
0.35,0.55,0.4 56.4167
0.35,0.55,0.45 2.32434
0.35,0.6,0 5.99459e-07
0.35,0.6,0.05 92.8644
0.35,0.6,0.1 418.735
0.35,0.6,0.15 612.09
0.35,0.6,0.2 942.35
0.35,0.6,0.25 535.12
0.35,0.6,0.3 580.248
0.35,0.6,0.35 640.269
0.35,0.6,0.4 431.971
0.35,0.6,0.45 18.2804
0.35,0.65,0 2.98019e-07
0.35,0.65,0.05 114.475
0.35,0.65,0.1 486.83
0.35,0.65,0.15 388.534
0.35,0.65,0.2 452.482
0.35,0.65,0.25 590.711
0.35,0.65,0.3 551.133
0.35,0.65,0.35 543.805
0.35,0.65,0.4 282.907
0.35,0.65,0.45 9.27399
0.35,0.7,0 2.2604e-09
0.35,0.7,0.05 76.3808
0.35,0.7,0.1 306.074
0.35,0.7,0.15 94.9827
0.35,0.7,0.2 116.461
0.35,0.7,0.25 449.92
0.35,0.7,0.3 570.332
0.35,0.7,0.35 203.552
0.35,0.7,0.4 14.127
0.35,0.7,0.45 0.117474
0.35,0.75,0 6.48878e-09
0.35,0.75,0.05 4.14685
0.35,0.75,0.1 17.4425
0.35,0.75,0.15 17.17
0.35,0.75,0.2 138.867
0.35,0.75,0.25 457.858
0.35,0.75,0.3 533.722
0.35,0.75,0.35 121.875
0.35,0.75,0.4 1.5112
0.35,0.8,0 2.09747e-08
0.35,0.8,0.05 2.16134
0.35,0.8,0.1 9.04103
0.35,0.8,0.15 5.55666
0.35,0.8,0.2 23.3247
0.35,0.8,0.25 71.6397
0.35,0.8,0.3 52.4119
0.35,0.8,0.35 4.41902
0.35,0.8,0.4 0.0039706
0.35,0.85,0 4.23295e-09
0.35,0.85,0.05 0.436185
0.35,0.85,0.1 1.73732
0.35,0.85,0.15 0.447629
0.35,0.85,0.2 0.00483384
0.35,0.85,0.25 3.37734e-07
0.4,0,0.2 4.56167e-15
0.4,0,0.25 9.59092e-14
0.4,0,0.3 9.1156e-14
0.4,0,0.35 3.61026e-15
0.4,0.05,0.05 0.0571502
0.4,0.05,0.1 0.873838
0.4,0.05,0.15 0.682378
0.4,0.05,0.2 0.208252
0.4,0.05,0.25 1.46524
0.4,0.05,0.3 0.82822
0.4,0.05,0.35 0.116588
0.4,0.05,0.4 0.00260218
0.4,0.1,0.05 6.02309
0.4,0.1,0.1 78.0468
0.4,0.1,0.15 62.9053
0.4,0.1,0.2 27.2128
0.4,0.1,0.25 181.988
0.4,0.1,0.3 86.9143
0.4,0.1,0.35 3.13965
0.4,0.1,0.4 0.0623955
0.4,0.15,0.05 22.5949
0.4,0.15,0.1 332.719
0.4,0.15,0.15 382.475
0.4,0.15,0.2 156.997
0.4,0.15,0.25 544.386
0.4,0.15,0.3 220.774
0.4,0.15,0.35 4.41423
0.4,0.15,0.4 0.0638933
0.4,0.2,0 4.36734e-12
0.4,0.2,0.05 31.0934
0.4,0.2,0.1 308.329
0.4,0.2,0.15 481.633
0.4,0.2,0.2 409.304
0.4,0.2,0.25 504.658
0.4,0.2,0.3 193.717
0.4,0.2,0.35 10.676
0.4,0.2,0.4 0.238025
0.4,0.25,0 2.07642e-10
0.4,0.25,0.05 89.0369
0.4,0.25,0.1 441.717
0.4,0.25,0.15 503.728
0.4,0.25,0.2 298.162
0.4,0.25,0.25 162.746
0.4,0.25,0.3 162.706
0.4,0.25,0.35 33.5294
0.4,0.25,0.4 1.36566
0.4,0.3,0 7.30697e-10
0.4,0.3,0.05 110.208
0.4,0.3,0.1 462.871
0.4,0.3,0.15 292.584
0.4,0.3,0.2 288.179
0.4,0.3,0.25 474.241
0.4,0.3,0.3 401.36
0.4,0.3,0.35 56.0526
0.4,0.3,0.4 0.492611
0.4,0.35,0 6.49309e-10
0.4,0.35,0.05 56.4053
0.4,0.35,0.1 230.942
0.4,0.35,0.15 155.558
0.4,0.35,0.2 233.478
0.4,0.35,0.25 504.767
0.4,0.35,0.3 554.85
0.4,0.35,0.35 113.165
0.4,0.35,0.4 1.61068
0.4,0.35,0.45 1.14193e-06
0.4,0.4,0 3.55652e-10
0.4,0.4,0.05 60.7026
0.4,0.4,0.1 289.331
0.4,0.4,0.15 428.931
0.4,0.4,0.2 380.789
0.4,0.4,0.25 205.89
0.4,0.4,0.3 349.074
0.4,0.4,0.35 148.992
0.4,0.4,0.4 93.8594
0.4,0.4,0.45 17.5736
0.4,0.45,0 1.17225e-09
0.4,0.45,0.05 53.6088
0.4,0.45,0.1 282.244
0.4,0.45,0.15 500.784
0.4,0.45,0.2 517.721
0.4,0.45,0.25 282.971
0.4,0.45,0.3 256.796
0.4,0.45,0.35 413.986
0.4,0.45,0.4 447.082
0.4,0.45,0.45 77.7172
0.4,0.5,0 1.30294e-09
0.4,0.5,0.05 63.6948
0.4,0.5,0.1 329.63
0.4,0.5,0.15 472.948
0.4,0.5,0.2 642.118
0.4,0.5,0.25 587.195
0.4,0.5,0.3 411.553
0.4,0.5,0.35 677.925
0.4,0.5,0.4 352.902
0.4,0.5,0.45 44.2471
0.4,0.55,0 1.12696e-08
0.4,0.55,0.05 44.8262
0.4,0.55,0.1 246.419
0.4,0.55,0.15 376.895
0.4,0.55,0.2 434.403
0.4,0.55,0.25 341.554
0.4,0.55,0.3 124.372
0.4,0.55,0.35 205.787
0.4,0.55,0.4 91.1164
0.4,0.55,0.45 6.39085
0.4,0.6,0 6.01517e-08
0.4,0.6,0.05 147.367
0.4,0.6,0.1 612.115
0.4,0.6,0.15 378.767
0.4,0.6,0.2 599.506
0.4,0.6,0.25 409.964
0.4,0.6,0.3 278.594
0.4,0.6,0.35 238.075
0.4,0.6,0.4 145.834
0.4,0.6,0.45 5.41751
0.4,0.65,0 2.32439e-08
0.4,0.65,0.05 72.067
0.4,0.65,0.1 300.982
0.4,0.65,0.15 231.147
0.4,0.65,0.2 463.153
0.4,0.65,0.25 420.635
0.4,0.65,0.3 361.019
0.4,0.65,0.35 266.334
0.4,0.65,0.4 97.473
0.4,0.65,0.45 2.35459
0.4,0.7,0 2.16872e-10
0.4,0.7,0.05 17.1986
0.4,0.7,0.1 69.0062
0.4,0.7,0.15 23.4344
0.4,0.7,0.2 49.8689
0.4,0.7,0.25 217.369
0.4,0.7,0.3 413.535
0.4,0.7,0.35 358.84
0.4,0.7,0.4 25.1045
0.4,0.7,0.45 0.0137075
0.4,0.75,0 2.05596e-07
0.4,0.75,0.05 21.9332
0.4,0.75,0.1 87.1903
0.4,0.75,0.15 21.6694
0.4,0.75,0.2 9.73649
0.4,0.75,0.25 145.754
0.4,0.75,0.3 224.15
0.4,0.75,0.35 120.128
0.4,0.75,0.4 6.76136
0.4,0.8,0 6.64996e-07
0.4,0.8,0.05 68.5247
0.4,0.8,0.1 272.347
0.4,0.8,0.15 67.6525
0.4,0.8,0.2 1.59896
0.4,0.8,0.25 23.3473
0.4,0.8,0.3 18.9871
0.4,0.8,0.35 0.995075
0.4,0.8,0.4 0.00260466
0.4,0.85,0 1.34204e-07
0.4,0.85,0.05 13.8291
0.4,0.85,0.1 54.9628
0.4,0.85,0.15 13.6529
0.45,0.05,0.2 0.032917
0.45,0.05,0.25 0.697416
0.45,0.05,0.3 6.3613
0.45,0.05,0.35 4.59068
0.45,0.05,0.4 0.106116
0.45,0.1,0.05 9.33814
0.45,0.1,0.1 80.3581
0.45,0.1,0.15 62.4489
0.45,0.1,0.2 30.7685
