0,0.5,0.2 3.94177e-14
0,0.5,0.25 4.16466e-13
0,0.5,0.3 2.501e-13
0,0.5,0.35 3.40752e-15
0,0.55,0.2 1.13432e-12
0,0.55,0.25 1.19846e-11
0,0.55,0.3 7.19711e-12
0,0.55,0.35 9.80581e-14
0,0.6,0.2 1.27742e-12
0,0.6,0.25 1.34965e-11
0,0.6,0.3 8.10503e-12
0,0.6,0.35 1.10428e-13
0,0.65,0.2 6.81634e-14
0,0.65,0.25 7.20177e-13
0,0.65,0.3 4.32487e-13
0,0.65,0.35 5.89248e-15
0.05,0.1,0.05 0.184155
0.05,0.1,0.1 8.54184
0.05,0.1,0.15 11.9708
0.05,0.1,0.2 0.896369
0.05,0.1,0.25 0.000269387
0.05,0.15,0 1.83915e-16
0.05,0.15,0.05 1.01067
0.05,0.15,0.1 46.8771
0.05,0.15,0.15 67.8738
0.05,0.15,0.2 9.68836
0.05,0.15,0.25 0.629515
0.05,0.15,0.3 0.0440617
0.05,0.15,0.35 0.0880347
0.05,0.15,0.4 0.0111016
0.05,0.2,0 6.19752e-15
0.05,0.2,0.05 0.37657
0.05,0.2,0.1 16.1529
0.05,0.2,0.15 29.3869
0.05,0.2,0.2 17.2873
0.05,0.2,0.25 14.8075
0.05,0.2,0.3 16.2173
0.05,0.2,0.35 6.40529
0.05,0.2,0.4 0.7278
0.05,0.25,0 5.6899e-14
0.05,0.25,0.05 0.366896
0.05,0.25,0.1 1.48993
0.05,0.25,0.15 2.8285
0.05,0.25,0.2 7.36373
0.05,0.25,0.25 43.896
0.05,0.25,0.3 49.7021
0.05,0.25,0.35 11.3828
0.05,0.25,0.4 1.16508
0.05,0.3,0 3.84023e-14
0.05,0.3,0.05 0.250637
0.05,0.3,0.1 1.00548
0.05,0.3,0.15 1.40369
0.05,0.3,0.2 3.2335
0.05,0.3,0.25 9.486
0.05,0.3,0.3 9.9086
0.05,0.3,0.35 1.28154
0.05,0.3,0.4 0.104673
0.05,0.35,0 2.9298e-10
0.05,0.35,0.05 1.34787
0.05,0.35,0.1 5.38194
0.05,0.35,0.15 1.3982
0.05,0.35,0.2 0.137579
0.05,0.35,0.25 0.0210877
0.05,0.4,0 1.17859e-09
0.05,0.4,0.05 5.4024
0.05,0.4,0.1 21.5728
0.05,0.4,0.15 5.47985
0.05,0.4,0.2 0.240973
0.05,0.4,0.25 0.0522684
0.05,0.4,0.3 6.72752e-07
0.05,0.45,0 2.96394e-10
0.05,0.45,0.05 1.40132
0.05,0.45,0.1 5.63805
0.05,0.45,0.15 15.8036
0.05,0.45,0.2 57.3879
0.05,0.45,0.25 14.8869
0.05,0.45,0.3 0.0104884
0.05,0.45,0.35 0.00064044
0.05,0.45,0.4 0.000187505
0.05,0.45,0.45 5.2288e-06
0.05,0.5,0 1.42835e-12
0.05,0.5,0.05 0.876939
0.05,0.5,0.1 3.54485
0.05,0.5,0.15 34.798
0.05,0.5,0.2 139.838
0.05,0.5,0.25 40.3563
0.05,0.5,0.3 2.94497
0.05,0.5,0.35 0.0858229
0.05,0.5,0.4 0.00239353
0.05,0.5,0.45 6.66335e-05
0.05,0.55,0 1.33311e-12
0.05,0.55,0.05 0.818467
0.05,0.55,0.1 3.27408
0.05,0.55,0.15 6.20566
0.05,0.55,0.2 30.7141
0.05,0.55,0.25 73.47
0.05,0.55,0.3 41.0144
0.05,0.55,0.35 0.778363
0.05,0.55,0.4 0.00253597
0.05,0.55,0.45 4.59401e-05
0.05,0.6,0 5.10195e-14
0.05,0.6,0.05 0.0313236
0.05,0.6,0.1 0.12525
0.05,0.6,0.15 0.498232
0.05,0.6,0.2 11.9082
0.05,0.6,0.25 73.7942
0.05,0.6,0.3 45.8748
0.05,0.6,0.35 4.98574
0.05,0.6,0.4 0.326365
0.05,0.6,0.45 9.0986e-07
0.05,0.65,0.15 0.835223
0.05,0.65,0.2 7.3079
0.05,0.65,0.25 7.38714
0.05,0.65,0.3 11.7806
0.05,0.65,0.35 13.8303
0.05,0.65,0.4 1.08878
0.05,0.7,0.15 10.0024
0.05,0.7,0.2 81.8546
0.05,0.7,0.25 40.0767
0.05,0.7,0.3 2.24859
0.05,0.7,0.35 2.88216
0.05,0.7,0.4 0.228001
0.05,0.75,0.15 6.82367
0.05,0.75,0.2 55.8415
0.05,0.75,0.25 27.3141
0.05,0.75,0.3 0.186159
0.05,0.8,0.15 0.131595
0.05,0.8,0.2 1.07691
0.05,0.8,0.25 0.526756
0.05,0.8,0.3 0.00359011
0.1,0,0.1 2.01027e-19
0.1,0,0.15 6.84176e-17
0.1,0,0.2 1.67834e-16
0.1,0,0.25 2.52659e-17
0.1,0.05,0.1 2.64753e-06
0.1,0.05,0.15 0.000901064
0.1,0.05,0.2 0.252209
0.1,0.05,0.25 1.86912
0.1,0.05,0.3 0.845941
0.1,0.05,0.35 0.00417241
0.1,0.1,0.05 0.948204
0.1,0.1,0.1 43.9815
0.1,0.1,0.15 61.6701
0.1,0.1,0.2 5.99682
0.1,0.1,0.25 7.90768
0.1,0.1,0.3 3.52598
0.1,0.1,0.35 0.0407834
0.1,0.1,0.4 1.0086e-06
0.1,0.15,0 1.61724e-12
0.1,0.15,0.05 7.99351
0.1,0.15,0.1 252.693
0.1,0.15,0.15 384.661
0.1,0.15,0.2 124.954
0.1,0.15,0.25 20.0694
0.1,0.15,0.3 7.50714
0.1,0.15,0.35 3.75804
0.1,0.15,0.4 0.284715
0.1,0.2,0 1.6235e-11
0.1,0.2,0.05 32.2334
0.1,0.2,0.1 204.869
0.1,0.2,0.15 289.401
0.1,0.2,0.2 329.991
0.1,0.2,0.25 133.394
0.1,0.2,0.3 168.207
0.1,0.2,0.35 154.358
0.1,0.2,0.4 18.6613
0.1,0.25,0 1.52925e-11
0.1,0.25,0.05 57.3645
0.1,0.25,0.1 229.8
0.1,0.25,0.15 150.957
0.1,0.25,0.2 236.817
0.1,0.25,0.25 324.391
0.1,0.25,0.3 414.182
0.1,0.25,0.35 250.923
0.1,0.25,0.4 29.8732
0.1,0.3,0 4.52776e-12
0.1,0.3,0.05 29.4396
0.1,0.3,0.1 117.919
0.1,0.3,0.15 96.2582
0.1,0.3,0.2 169.194
0.1,0.3,0.25 86.8187
0.1,0.3,0.3 73.4401
0.1,0.3,0.35 24.2215
0.1,0.3,0.4 2.68386
0.1,0.35,0 4.53774e-09
0.1,0.35,0.05 21.5211
0.1,0.35,0.1 85.9424
0.1,0.35,0.15 24.6405
0.1,0.35,0.2 7.96579
0.1,0.35,0.25 1.22097
0.1,0.4,0 1.82539e-08
0.1,0.4,0.05 83.6724
0.1,0.4,0.1 334.364
0.1,0.4,0.15 89.7013
0.1,0.4,0.2 7.31619
0.1,0.4,0.25 0.626382
0.1,0.4,0.3 0.000149278
0.1,0.45,0 4.59304e-09
0.1,0.45,0.05 24.3042
0.1,0.45,0.1 102.042
0.1,0.45,0.15 212.665
0.1,0.45,0.2 436.154
0.1,0.45,0.25 91.8978
0.1,0.45,0.3 0.932928
0.1,0.45,0.35 6.10147
0.1,0.45,0.4 4.85671
0.1,0.45,0.45 0.135435
0.1,0.5,0 7.30804e-11
0.1,0.5,0.05 49.2897
0.1,0.5,0.1 202.119
0.1,0.5,0.15 356.904
0.1,0.5,0.2 905.906
0.1,0.5,0.25 302.051
0.1,0.5,0.3 89.8581
0.1,0.5,0.35 84.2184
0.1,0.5,0.4 62.2921
0.1,0.5,0.45 1.72634
0.1,0.55,0 6.82076e-11
0.1,0.55,0.05 43.0579
0.1,0.55,0.1 173.921
0.1,0.55,0.15 141.484
0.1,0.55,0.2 352.646
0.1,0.55,0.25 552.285
0.1,0.55,0.3 423.473
0.1,0.55,0.35 161.354
0.1,0.55,0.4 50.5206
0.1,0.55,0.45 1.19134
0.1,0.6,0 2.61038e-12
0.1,0.6,0.05 2.19665
0.1,0.6,0.1 13.1639
0.1,0.6,0.15 29.7912
0.1,0.6,0.2 231.893
0.1,0.6,0.25 451.551
0.1,0.6,0.3 431.974
0.1,0.6,0.35 216.118
0.1,0.6,0.4 14.4431
0.1,0.6,0.45 0.0238655
0.1,0.65,0.05 0.513448
0.1,0.65,0.1 11.4898
0.1,0.65,0.15 27.4269
0.1,0.65,0.2 56.4708
0.1,0.65,0.25 52.6814
0.1,0.65,0.3 218.307
0.1,0.65,0.35 276.915
0.1,0.65,0.4 21.2361
0.1,0.7,0.05 0.0541248
0.1,0.7,0.1 18.9651
0.1,0.7,0.15 101.389
0.1,0.7,0.2 368.915
0.1,0.7,0.25 200.235
0.1,0.7,0.3 65.2231
0.1,0.7,0.35 56.3893
0.1,0.7,0.4 4.38314
0.1,0.75,0.05 0.00759166
0.1,0.75,0.1 3.78558
0.1,0.75,0.15 43.0382
0.1,0.75,0.2 237.302
0.1,0.75,0.25 121.874
0.1,0.75,0.3 8.53052
0.1,0.75,0.35 0.212761
0.1,0.8,0.1 0.0605636
0.1,0.8,0.15 3.6621
0.1,0.8,0.2 9.11133
0.1,0.8,0.25 2.87714
0.1,0.8,0.3 0.0634211
0.1,0.8,0.35 9.69054e-05
0.1,0.85,0.1 0.00188768
0.1,0.85,0.15 0.0985039
0.1,0.85,0.2 0.230884
0.1,0.85,0.25 0.175132
0.1,0.85,0.3 0.0178911
0.1,0.9,0.15 2.70005e-06
0.1,0.9,0.2 0.000282945
0.1,0.9,0.25 0.000527429
0.1,0.9,0.3 5.76247e-05
0.15,0,0.1 2.5992e-15
0.15,0,0.15 8.84613e-13
0.15,0,0.2 2.17003e-12
0.15,0,0.25 3.26679e-13
0.15,0.05,0 3.77742e-13
0.15,0.05,0.05 0.00767793
0.15,0.05,0.1 0.0649096
0.15,0.05,0.15 11.6581
0.15,0.05,0.2 37.2521
0.15,0.05,0.25 68.5665
0.15,0.05,0.3 28.9213
0.15,0.05,0.35 0.14068
0.15,0.1,0 2.55832e-10
0.15,0.1,0.05 5.50431
0.15,0.1,0.1 35.0294
0.15,0.1,0.15 72.1304
0.15,0.1,0.2 162.862
0.15,0.1,0.25 292.407
0.15,0.1,0.3 121.315
0.15,0.1,0.35 1.25687
0.15,0.1,0.4 2.89791e-05
0.15,0.15,0 7.0896e-10
0.15,0.15,0.05 25.6448
0.15,0.15,0.1 173.547
0.15,0.15,0.15 204.533
0.15,0.15,0.2 327.383
0.15,0.15,0.25 277.688
0.15,0.15,0.3 199.966
0.15,0.15,0.35 47.6475
0.15,0.15,0.4 0.303783
0.15,0.2,0 2.0535e-10
0.15,0.2,0.05 104.695
0.15,0.2,0.1 443.8
0.15,0.2,0.15 397.071
0.15,0.2,0.2 718
0.15,0.2,0.25 362.49
0.15,0.2,0.3 429.465
0.15,0.2,0.35 235.211
0.15,0.2,0.4 19.7988
0.15,0.25,0 6.20458e-11
0.15,0.25,0.05 149.867
0.15,0.25,0.1 599.96
0.15,0.25,0.15 343.461
0.15,0.25,0.2 507.117
0.15,0.25,0.25 450.98
0.15,0.25,0.3 419.336
0.15,0.25,0.35 267.185
0.15,0.25,0.4 31.6899
0.15,0.3,0 1.0722e-11
0.15,0.3,0.05 110.086
0.15,0.3,0.1 440.57
0.15,0.3,0.15 213.676
0.15,0.3,0.2 265.562
0.15,0.3,0.25 124.179
0.15,0.3,0.3 71.3685
0.15,0.3,0.35 24.2503
0.15,0.3,0.4 2.84706
0.15,0.35,0 3.57402e-09
0.15,0.35,0.05 35.8082
0.15,0.35,0.1 143.123
0.15,0.35,0.15 40.6637
0.15,0.35,0.2 12.2745
0.15,0.35,0.25 1.88958
0.15,0.35,0.3 1.06569e-08
0.15,0.4,0 1.43752e-08
0.15,0.4,0.05 65.9333
0.15,0.4,0.1 270.384
0.15,0.4,0.15 109.777
0.15,0.4,0.2 23.7631
0.15,0.4,0.25 0.882604
0.15,0.4,0.3 0.0168956
0.15,0.45,0 3.61949e-09
0.15,0.45,0.05 39.0659
0.15,0.45,0.1 201.923
0.15,0.45,0.15 515.452
0.15,0.45,0.2 484.508
0.15,0.45,0.25 115.218
0.15,0.45,0.3 12.0227
0.15,0.45,0.35 25.1903
0.15,0.45,0.4 17.7642
0.15,0.45,0.45 0.488224
0.15,0.5,0 1.06559e-10
0.15,0.5,0.05 145.475
0.15,0.5,0.1 609.153
0.15,0.5,0.15 657.322
0.15,0.5,0.2 838.265
0.15,0.5,0.25 448.507
0.15,0.5,0.3 213.844
0.15,0.5,0.35 371.964
0.15,0.5,0.4 259.914
0.15,0.5,0.45 8.77173
0.15,0.55,0 9.94536e-11
0.15,0.55,0.05 82.8308
0.15,0.55,0.1 344.447
0.15,0.55,0.15 364.388
0.15,0.55,0.2 599.8
0.15,0.55,0.25 739.973
0.15,0.55,0.3 778.347
0.15,0.55,0.35 682.104
0.15,0.55,0.4 295.555
0.15,0.55,0.45 12.9319
0.15,0.6,0 3.8062e-12
0.15,0.6,0.05 23.5219
0.15,0.6,0.1 216.699
0.15,0.6,0.15 175.66
0.15,0.6,0.2 310.123
0.15,0.6,0.25 473.349
0.15,0.6,0.3 728.753
0.15,0.6,0.35 525.134
0.15,0.6,0.4 61.9142
0.15,0.6,0.45 1.91215
0.15,0.65,0.05 36.9475
0.15,0.65,0.1 297.187
0.15,0.65,0.15 296.829
0.15,0.65,0.2 177.464
0.15,0.65,0.25 162.802
0.15,0.65,0.3 353.31
0.15,0.65,0.35 281.471
0.15,0.65,0.4 20.1016
0.15,0.65,0.45 6.65926e-05
0.15,0.7,0 1.16068e-09
0.15,0.7,0.05 10.7101
0.15,0.7,0.1 195.21
0.15,0.7,0.15 573.089
0.15,0.7,0.2 547.74
0.15,0.7,0.25 545.711
0.15,0.7,0.3 478.462
0.15,0.7,0.35 79.4116
0.15,0.7,0.4 3.95231
0.15,0.7,0.45 2.88452e-09
0.15,0.75,0 7.07272e-09
0.15,0.75,0.05 13.4201
0.15,0.75,0.1 90.5582
0.15,0.75,0.15 283.142
0.15,0.75,0.2 396.148
0.15,0.75,0.25 224.316
0.15,0.75,0.3 110.023
0.15,0.75,0.35 5.31777
0.15,0.8,0 2.66392e-09
0.15,0.8,0.05 5.02969
0.15,0.8,0.1 33.6442
0.15,0.8,0.15 174.103
0.15,0.8,0.2 268.827
0.15,0.8,0.25 163.238
0.15,0.8,0.3 15.5681
0.15,0.8,0.35 0.000979549
0.15,0.85,0 4.85623e-12
0.15,0.85,0.05 0.00916918
0.15,0.85,0.1 1.93858
0.15,0.85,0.15 13.4882
0.15,0.85,0.2 39.5754
0.15,0.85,0.25 59.0701
0.15,0.85,0.3 6.41042
0.15,0.9,0.15 0.000967417
0.15,0.9,0.2 0.101378
0.15,0.9,0.25 0.188976
0.15,0.9,0.3 0.0206467
0.2,0,0.1 1.21643e-14
0.2,0,0.15 3.22306e-12
0.2,0,0.2 7.76518e-12
0.2,0,0.25 1.15536e-12
0.2,0.05,0 2.59192e-12
0.2,0.05,0.05 0.0526829
0.2,0.05,0.1 0.500411
0.2,0.05,0.15 45.6957
0.2,0.05,0.2 123.192
0.2,0.05,0.25 131.373
0.2,0.05,0.3 47.686
0.2,0.05,0.35 0.178963
0.2,0.1,0 1.75541e-09
0.2,0.1,0.05 35.7527
0.2,0.1,0.1 146.859
0.2,0.1,0.15 256.371
0.2,0.1,0.2 567.251
0.2,0.1,0.25 654.163
0.2,0.1,0.3 231.922
0.2,0.1,0.35 1.52178
0.2,0.1,0.4 0.000241488
0.2,0.15,0 4.92556e-09
0.2,0.15,0.05 106.34
0.2,0.15,0.1 443.396
0.2,0.15,0.15 257.986
0.2,0.15,0.2 487.359
0.2,0.15,0.25 472.615
0.2,0.15,0.3 349.307
0.2,0.15,0.35 74.8021
0.2,0.15,0.4 0.14265
0.2,0.2,0 2.02103e-09
0.2,0.2,0.05 101.673
0.2,0.2,0.1 417.505
0.2,0.2,0.15 366.29
0.2,0.2,0.2 773.96
0.2,0.2,0.25 483.568
0.2,0.2,0.3 809.625
0.2,0.2,0.35 219.172
0.2,0.2,0.4 1.31184
0.2,0.25,0 7.042e-10
0.2,0.25,0.05 146.546
0.2,0.25,0.1 588.736
0.2,0.25,0.15 357.113
0.2,0.25,0.2 504.034
0.2,0.25,0.25 419.594
0.2,0.25,0.3 467.001
0.2,0.25,0.35 103.218
0.2,0.25,0.4 1.60866
0.2,0.3,0 1.80979e-11
0.2,0.3,0.05 157.382
0.2,0.3,0.1 631.338
0.2,0.3,0.15 268.139
0.2,0.3,0.2 265.148
0.2,0.3,0.25 117.333
0.2,0.3,0.3 55.0348
0.2,0.3,0.35 6.71524
0.2,0.3,0.4 0.139358
0.2,0.35,0 9.75733e-11
0.2,0.35,0.05 59.9319
0.2,0.35,0.1 239.938
0.2,0.35,0.15 65.0178
0.2,0.35,0.2 14.1242
0.2,0.35,0.25 3.09756
0.2,0.35,0.3 0.0226666
0.2,0.35,0.35 0.00726889
0.2,0.35,0.4 3.34187e-06
0.2,0.4,0 4.07537e-10
0.2,0.4,0.05 30.236
0.2,0.4,0.1 161.588
0.2,0.4,0.15 183.05
0.2,0.4,0.2 41.4443
0.2,0.4,0.25 1.05726
0.2,0.4,0.3 0.0526601
0.2,0.45,0 2.29095e-10
0.2,0.45,0.05 41.5429
0.2,0.45,0.1 317.147
0.2,0.45,0.15 761.224
0.2,0.45,0.2 373.463
0.2,0.45,0.25 158.227
0.2,0.45,0.3 29.6596
0.2,0.45,0.35 22.3843
0.2,0.45,0.4 5.36481
0.2,0.45,0.45 0.111082
0.2,0.5,0 2.08043e-10
0.2,0.5,0.05 96.1085
0.2,0.5,0.1 431.336
0.2,0.5,0.15 575.714
0.2,0.5,0.2 720.841
0.2,0.5,0.25 695.849
0.2,0.5,0.3 365.096
0.2,0.5,0.35 458.058
0.2,0.5,0.4 194.607
0.2,0.5,0.45 10.0559
0.2,0.55,0 4.6074e-11
0.2,0.55,0.05 47.4606
0.2,0.55,0.1 208.861
0.2,0.55,0.15 207.241
0.2,0.55,0.2 362.181
0.2,0.55,0.25 736.121
0.2,0.55,0.3 705.041
0.2,0.55,0.35 821.703
0.2,0.55,0.4 493.163
0.2,0.55,0.45 30.3481
0.2,0.6,0 2.17234e-12
0.2,0.6,0.05 63.6468
0.2,0.6,0.1 407.766
0.2,0.6,0.15 234.284
0.2,0.6,0.2 201.735
0.2,0.6,0.25 445.902
0.2,0.6,0.3 478.188
0.2,0.6,0.35 384.112
0.2,0.6,0.4 159.186
0.2,0.6,0.45 6.50129
0.2,0.65,0 1.03295e-10
0.2,0.65,0.05 126.449
0.2,0.65,0.1 664.522
0.2,0.65,0.15 558.325
0.2,0.65,0.2 492.646
0.2,0.65,0.25 278.773
0.2,0.65,0.3 272.801
0.2,0.65,0.35 96.7943
0.2,0.65,0.4 18.5664
0.2,0.65,0.45 0.0779905
0.2,0.7,0 8.60669e-09
0.2,0.7,0.05 66.5143
0.2,0.7,0.1 407.828
0.2,0.7,0.15 753.94
0.2,0.7,0.2 587.847
0.2,0.7,0.25 554.628
0.2,0.7,0.3 707.897
0.2,0.7,0.35 86.8271
0.2,0.7,0.4 0.823201
0.2,0.7,0.45 3.37823e-06
0.2,0.75,0 5.13939e-08
0.2,0.75,0.05 127.27
0.2,0.75,0.1 575.046
0.2,0.75,0.15 637.789
0.2,0.75,0.2 745.37
0.2,0.75,0.25 357.624
0.2,0.75,0.3 161.87
0.2,0.75,0.35 15.4487
0.2,0.75,0.4 0.0116413
0.2,0.8,0 1.93518e-08
0.2,0.8,0.05 47.6849
0.2,0.8,0.1 264.232
0.2,0.8,0.15 579.093
0.2,0.8,0.2 642.071
0.2,0.8,0.25 429.534
0.2,0.8,0.3 38.6305
0.2,0.8,0.35 0.000568524
0.2,0.85,0 3.52886e-11
0.2,0.85,0.05 0.0885662
0.2,0.85,0.1 11.7778
0.2,0.85,0.15 66.2162
0.2,0.85,0.2 104.635
0.2,0.85,0.25 145.887
0.2,0.85,0.3 15.8721
0.2,0.9,0.15 0.00239523
0.2,0.9,0.2 0.251002
0.2,0.9,0.25 0.467886
0.2,0.9,0.3 0.0511192
0.25,0,0.1 4.4342e-13
0.25,0,0.15 1.88157e-11
0.25,0,0.2 3.02295e-11
0.25,0,0.25 9.49296e-11
0.25,0,0.3 8.83967e-11
0.25,0,0.35 3.50098e-12
0.25,0.05,0 1.08787e-12
0.25,0.05,0.05 0.0221119
0.25,0.05,0.1 1.56705
0.25,0.05,0.15 59.0257
0.25,0.05,0.2 93.6753
0.25,0.05,0.25 70.6415
0.25,0.05,0.3 30.4624
0.25,0.05,0.35 0.561844
0.25,0.1,0 7.36776e-10
0.25,0.1,0.05 15.7743
0.25,0.1,0.1 92.0514
0.25,0.1,0.15 435.538
0.25,0.1,0.2 590.944
0.25,0.1,0.25 424.816
0.25,0.1,0.3 173.326
0.25,0.1,0.35 3.6595
0.25,0.1,0.4 0.0121721
