0,0.5,0.2 2.72158e-16
0,0.5,0.25 2.85802e-15
0,0.5,0.3 1.70834e-15
0,0.5,0.35 2.29587e-17
0,0.55,0.2 7.87081e-15
0,0.55,0.25 8.26538e-14
0,0.55,0.3 4.94052e-14
0,0.55,0.35 6.63964e-16
0,0.6,0.2 8.88593e-15
0,0.6,0.25 9.33139e-14
0,0.6,0.3 5.57772e-14
0,0.6,0.35 7.49598e-16
0,0.65,0.15 7.93502e-12
0,0.65,0.2 6.33689e-11
0,0.65,0.25 3.03667e-11
0,0.65,0.3 1.93592e-13
0,0.65,0.35 4.01645e-17
0,0.7,0.15 1.0004e-10
0,0.7,0.2 7.98913e-10
0,0.7,0.25 3.82783e-10
0,0.7,0.3 2.40303e-12
0,0.75,0.15 6.84477e-11
0,0.75,0.2 5.46617e-10
0,0.75,0.25 2.619e-10
0,0.75,0.3 1.64415e-12
0,0.8,0.15 1.32983e-12
0,0.8,0.2 1.06199e-11
0,0.8,0.25 5.08831e-12
0,0.8,0.3 3.19433e-14
0.05,0.1,0.05 0.224603
0.05,0.1,0.1 8.8578
0.05,0.1,0.15 11.5813
0.05,0.1,0.2 0.783711
0.05,0.1,0.25 0.000309834
0.05,0.15,0 1.83915e-16
0.05,0.15,0.05 1.24026
0.05,0.15,0.1 48.9128
0.05,0.15,0.15 66.1352
0.05,0.15,0.2 9.15216
0.05,0.15,0.25 0.645295
0.05,0.15,0.3 0.0507443
0.05,0.15,0.35 0.0977034
0.05,0.15,0.4 0.0118542
0.05,0.2,0 6.19752e-15
0.05,0.2,0.05 0.457415
0.05,0.2,0.1 16.9449
0.05,0.2,0.15 28.8611
0.05,0.2,0.2 17.1772
0.05,0.2,0.25 15.2944
0.05,0.2,0.3 16.312
0.05,0.2,0.35 6.58625
0.05,0.2,0.4 0.728559
0.05,0.25,0 5.6899e-14
0.05,0.25,0.05 0.366984
0.05,0.25,0.1 1.49086
0.05,0.25,0.15 2.79633
0.05,0.25,0.2 7.508
0.05,0.25,0.25 44.7945
0.05,0.25,0.3 48.9015
0.05,0.25,0.35 11.3306
0.05,0.25,0.4 1.13933
0.05,0.3,0 3.84023e-14
0.05,0.3,0.05 0.250637
0.05,0.3,0.1 1.00541
0.05,0.3,0.15 1.40008
0.05,0.3,0.2 3.26505
0.05,0.3,0.25 9.53975
0.05,0.3,0.3 9.56492
0.05,0.3,0.35 1.22036
0.05,0.3,0.4 0.0991926
0.05,0.35,0 2.9298e-10
0.05,0.35,0.05 1.34787
0.05,0.35,0.1 5.38194
0.05,0.35,0.15 1.39833
0.05,0.35,0.2 0.138305
0.05,0.35,0.25 0.021269
0.05,0.4,0 1.17859e-09
0.05,0.4,0.05 5.4024
0.05,0.4,0.1 21.5732
0.05,0.4,0.15 5.48688
0.05,0.4,0.2 0.245121
0.05,0.4,0.25 0.0513563
0.05,0.4,0.3 3.17539e-07
0.05,0.45,0 2.96394e-10
0.05,0.45,0.05 1.40132
0.05,0.45,0.1 5.6436
0.05,0.45,0.15 15.8882
0.05,0.45,0.2 57.1781
0.05,0.45,0.25 14.7453
0.05,0.45,0.3 0.00864745
0.05,0.45,0.35 0.000557686
0.05,0.45,0.4 0.000181142
0.05,0.45,0.45 4.47811e-06
0.05,0.5,0 1.42835e-12
0.05,0.5,0.05 0.876939
0.05,0.5,0.1 3.54908
0.05,0.5,0.15 34.8248
0.05,0.5,0.2 139.313
0.05,0.5,0.25 40.0955
0.05,0.5,0.3 2.90561
0.05,0.5,0.35 0.0811278
0.05,0.5,0.4 0.00250922
0.05,0.5,0.45 6.19973e-05
0.05,0.55,0 1.33311e-12
0.05,0.55,0.05 0.818467
0.05,0.55,0.1 3.27418
0.05,0.55,0.15 6.27052
0.05,0.55,0.2 31.0538
0.05,0.55,0.25 73.6514
0.05,0.55,0.3 40.839
0.05,0.55,0.35 0.718959
0.05,0.55,0.4 0.00220557
0.05,0.55,0.45 4.52872e-05
0.05,0.6,0 5.10195e-14
0.05,0.6,0.05 0.0313236
0.05,0.6,0.1 0.12525
0.05,0.6,0.15 0.612089
0.05,0.6,0.2 12.5614
0.05,0.6,0.25 74.0916
0.05,0.6,0.3 45.8368
0.05,0.6,0.35 4.68713
0.05,0.6,0.4 0.262679
0.05,0.6,0.45 1.0324e-06
0.05,0.65,0.15 0.86541
0.05,0.65,0.2 7.37135
0.05,0.65,0.25 7.44387
0.05,0.65,0.3 12.9353
0.05,0.65,0.35 13.8615
0.05,0.65,0.4 0.925498
0.05,0.7,0.15 10.2972
0.05,0.7,0.2 82.2322
0.05,0.7,0.25 39.4598
0.05,0.7,0.3 2.58885
0.05,0.7,0.35 3.0481
0.05,0.7,0.4 0.204356
0.05,0.75,0.15 7.04532
0.05,0.75,0.2 56.2633
0.05,0.75,0.25 26.9574
0.05,0.75,0.3 0.169233
0.05,0.8,0.15 0.136879
0.05,0.8,0.2 1.09311
0.05,0.8,0.25 0.52374
0.05,0.8,0.3 0.00328792
0.1,0,0.1 2.01027e-19
0.1,0,0.15 6.84176e-17
0.1,0,0.2 1.67834e-16
0.1,0,0.25 2.52659e-17
0.1,0.05,0.1 2.64753e-06
0.1,0.05,0.15 0.000901064
0.1,0.05,0.2 0.273445
0.1,0.05,0.25 1.90734
0.1,0.05,0.3 0.817981
0.1,0.05,0.35 0.00313326
0.1,0.1,0.05 1.15645
0.1,0.1,0.1 45.6075
0.1,0.1,0.15 59.6636
0.1,0.1,0.2 5.47488
0.1,0.1,0.25 7.9637
0.1,0.1,0.3 3.37493
0.1,0.1,0.35 0.0355387
0.1,0.1,0.4 1.17943e-07
0.1,0.15,0 1.61724e-12
0.1,0.15,0.05 9.17554
0.1,0.15,0.1 263.163
0.1,0.15,0.15 375.768
0.1,0.15,0.2 122.928
0.1,0.15,0.25 20.4101
0.1,0.15,0.3 7.46598
0.1,0.15,0.35 3.82861
0.1,0.15,0.4 0.296716
0.1,0.2,0 1.6235e-11
0.1,0.2,0.05 32.6496
0.1,0.2,0.1 208.923
0.1,0.2,0.15 286.021
0.1,0.2,0.2 329.666
0.1,0.2,0.25 137.079
0.1,0.2,0.3 170.722
0.1,0.2,0.35 156.114
0.1,0.2,0.4 18.2357
0.1,0.25,0 1.52925e-11
0.1,0.25,0.05 57.365
0.1,0.25,0.1 229.798
0.1,0.25,0.15 150.207
0.1,0.25,0.2 236.932
0.1,0.25,0.25 330.719
0.1,0.25,0.3 410.66
0.1,0.25,0.35 247.727
0.1,0.25,0.4 28.5172
0.1,0.3,0 4.52776e-12
0.1,0.3,0.05 29.4396
0.1,0.3,0.1 117.916
0.1,0.3,0.15 96.1559
0.1,0.3,0.2 169.649
0.1,0.3,0.25 87.3863
0.1,0.3,0.3 71.1653
0.1,0.3,0.35 23.0873
0.1,0.3,0.4 2.48277
0.1,0.35,0 4.53774e-09
0.1,0.35,0.05 21.5211
0.1,0.35,0.1 85.9423
0.1,0.35,0.15 24.653
0.1,0.35,0.2 8.02113
0.1,0.35,0.25 1.23352
0.1,0.4,0 1.82539e-08
0.1,0.4,0.05 83.6724
0.1,0.4,0.1 334.384
0.1,0.4,0.15 90.035
0.1,0.4,0.2 7.56074
0.1,0.4,0.25 0.623041
0.1,0.4,0.3 0.000141217
0.1,0.45,0 4.60368e-09
0.1,0.45,0.05 24.2976
0.1,0.45,0.1 102.271
0.1,0.45,0.15 216.441
0.1,0.45,0.2 437.356
0.1,0.45,0.25 90.8248
0.1,0.45,0.3 0.835417
0.1,0.45,0.35 5.63621
0.1,0.45,0.4 4.25231
0.1,0.45,0.45 0.105123
0.1,0.5,0 1.16706e-10
0.1,0.5,0.05 49.2062
0.1,0.5,0.1 201.935
0.1,0.5,0.15 359.769
0.1,0.5,0.2 906.371
0.1,0.5,0.25 299.086
0.1,0.5,0.3 86.8043
0.1,0.5,0.35 83.6708
0.1,0.5,0.4 59.199
0.1,0.5,0.45 1.45582
0.1,0.55,0 7.9381e-11
0.1,0.55,0.05 43.0202
0.1,0.55,0.1 173.714
0.1,0.55,0.15 142.633
0.1,0.55,0.2 357.637
0.1,0.55,0.25 553.849
0.1,0.55,0.3 418.144
0.1,0.55,0.35 156.9
0.1,0.55,0.4 50.2257
0.1,0.55,0.45 1.06471
0.1,0.6,0 2.61038e-12
0.1,0.6,0.05 2.17748
0.1,0.6,0.1 12.8188
0.1,0.6,0.15 32.1305
0.1,0.6,0.2 241.003
0.1,0.6,0.25 451.693
0.1,0.6,0.3 433.327
0.1,0.6,0.35 204.573
0.1,0.6,0.4 13.036
0.1,0.6,0.45 0.0246022
0.1,0.65,0.05 0.514051
0.1,0.65,0.1 11.7593
0.1,0.65,0.15 27.1602
0.1,0.65,0.2 56.9864
0.1,0.65,0.25 53.6595
0.1,0.65,0.3 234.643
0.1,0.65,0.35 268.846
0.1,0.65,0.4 17.5266
0.1,0.7,0.05 0.091584
0.1,0.7,0.1 20.5188
0.1,0.7,0.15 101.725
0.1,0.7,0.2 370.257
0.1,0.7,0.25 197.014
0.1,0.7,0.3 68.6719
0.1,0.7,0.35 57.5924
0.1,0.7,0.4 3.79852
0.1,0.75,0.05 0.0149823
0.1,0.75,0.1 4.10152
0.1,0.75,0.15 44.2869
0.1,0.75,0.2 239.696
0.1,0.75,0.25 120.729
0.1,0.75,0.3 8.07706
0.1,0.75,0.35 0.191222
0.1,0.8,0.1 0.0732747
0.1,0.8,0.15 4.13347
0.1,0.8,0.2 9.71205
0.1,0.8,0.25 2.88519
0.1,0.8,0.3 0.0629845
0.1,0.8,0.35 0.000115206
0.1,0.85,0.1 0.00238159
0.1,0.85,0.15 0.117398
0.1,0.85,0.2 0.255211
0.1,0.85,0.25 0.17422
0.1,0.85,0.3 0.0171797
0.1,0.9,0.15 3.30521e-06
0.1,0.9,0.2 0.000323032
0.1,0.9,0.25 0.000589761
0.1,0.9,0.3 6.27895e-05
0.15,0,0.1 2.5992e-15
0.15,0,0.15 8.84613e-13
0.15,0,0.2 2.17003e-12
0.15,0,0.25 3.26679e-13
0.15,0.05,0 3.77742e-13
0.15,0.05,0.05 0.00767793
0.15,0.05,0.1 0.0649096
0.15,0.05,0.15 11.6581
0.15,0.05,0.2 38.0059
0.15,0.05,0.25 69.9657
0.15,0.05,0.3 27.9919
0.15,0.05,0.35 0.105685
0.15,0.1,0 2.55832e-10
0.15,0.1,0.05 5.57113
0.15,0.1,0.1 35.551
0.15,0.1,0.15 71.4322
0.15,0.1,0.2 164.714
0.15,0.1,0.25 294.622
0.15,0.1,0.3 116.212
0.15,0.1,0.35 1.10379
0.15,0.1,0.4 3.48977e-06
0.15,0.15,0 7.0896e-10
0.15,0.15,0.05 26.0241
0.15,0.15,0.1 176.909
0.15,0.15,0.15 201.877
0.15,0.15,0.2 325.193
0.15,0.15,0.25 280.964
0.15,0.15,0.3 199.615
0.15,0.15,0.35 45.5713
0.15,0.15,0.4 0.310938
0.15,0.2,0 2.0535e-10
0.15,0.2,0.05 104.828
0.15,0.2,0.1 445.17
0.15,0.2,0.15 399.552
0.15,0.2,0.2 718.257
0.15,0.2,0.25 369.171
0.15,0.2,0.3 430.152
0.15,0.2,0.35 230.756
0.15,0.2,0.4 19.0976
0.15,0.25,0 6.20458e-11
0.15,0.25,0.05 149.867
0.15,0.25,0.1 600.003
0.15,0.25,0.15 343.68
0.15,0.25,0.2 502.412
0.15,0.25,0.25 453.624
0.15,0.25,0.3 418.146
0.15,0.25,0.35 260.796
0.15,0.25,0.4 29.8646
0.15,0.3,0 1.07221e-11
0.15,0.3,0.05 110.086
0.15,0.3,0.1 440.565
0.15,0.3,0.15 213.52
0.15,0.3,0.2 265.936
0.15,0.3,0.25 124.825
0.15,0.3,0.3 70.4271
0.15,0.3,0.35 22.9672
0.15,0.3,0.4 2.60008
0.15,0.35,0 3.57402e-09
0.15,0.35,0.05 35.806
0.15,0.35,0.1 143.115
0.15,0.35,0.15 40.6841
0.15,0.35,0.2 12.3682
0.15,0.35,0.25 1.91033
0.15,0.35,0.3 1.21676e-08
0.15,0.4,0 1.43752e-08
0.15,0.4,0.05 65.9317
0.15,0.4,0.1 270.584
0.15,0.4,0.15 110.053
0.15,0.4,0.2 23.7122
0.15,0.4,0.25 0.879254
0.15,0.4,0.3 0.0174559
0.15,0.45,0 3.81529e-09
0.15,0.45,0.05 39.2526
0.15,0.45,0.1 203.703
0.15,0.45,0.15 518.105
0.15,0.45,0.2 482.503
0.15,0.45,0.25 113.858
0.15,0.45,0.3 11.534
0.15,0.45,0.35 23.1707
0.15,0.45,0.4 15.516
0.15,0.45,0.45 0.37734
0.15,0.5,0 9.08926e-10
0.15,0.5,0.05 145.212
0.15,0.5,0.1 608.388
0.15,0.5,0.15 660.931
0.15,0.5,0.2 840.122
0.15,0.5,0.25 442.854
0.15,0.5,0.3 205.854
0.15,0.5,0.35 367.933
0.15,0.5,0.4 245.639
0.15,0.5,0.45 7.44949
0.15,0.55,0 3.04954e-10
0.15,0.55,0.05 82.4889
0.15,0.55,0.1 342.621
0.15,0.55,0.15 363.377
0.15,0.55,0.2 603.103
0.15,0.55,0.25 745.013
0.15,0.55,0.3 767.553
0.15,0.55,0.35 677.599
0.15,0.55,0.4 293.933
0.15,0.55,0.45 12.003
0.15,0.6,0 3.8063e-12
0.15,0.6,0.05 23.5933
0.15,0.6,0.1 214.306
0.15,0.6,0.15 174.324
0.15,0.6,0.2 314.63
0.15,0.6,0.25 476.05
0.15,0.6,0.3 746.036
0.15,0.6,0.35 519.909
0.15,0.6,0.4 62.6268
0.15,0.6,0.45 1.96902
0.15,0.65,0.05 37.6331
0.15,0.65,0.1 302.76
0.15,0.65,0.15 292.134
0.15,0.65,0.2 172.238
0.15,0.65,0.25 161.287
0.15,0.65,0.3 363.777
0.15,0.65,0.35 270.963
0.15,0.65,0.4 16.5461
0.15,0.65,0.45 4.38031e-05
0.15,0.7,0 1.16068e-09
0.15,0.7,0.05 11.3768
0.15,0.7,0.1 209.704
0.15,0.7,0.15 566.806
0.15,0.7,0.2 546.658
0.15,0.7,0.25 553.002
0.15,0.7,0.3 470.222
0.15,0.7,0.35 78.5289
0.15,0.7,0.4 3.35633
0.15,0.7,0.45 9.72632e-09
0.15,0.75,0 7.07276e-09
0.15,0.75,0.05 13.4838
0.15,0.75,0.1 93.3943
0.15,0.75,0.15 287.838
0.15,0.75,0.2 404.831
0.15,0.75,0.25 232.388
0.15,0.75,0.3 110.025
0.15,0.75,0.35 5.1271
0.15,0.8,0 2.66393e-09
0.15,0.8,0.05 5.03092
0.15,0.8,0.1 34.5683
0.15,0.8,0.15 181.531
0.15,0.8,0.2 275.231
0.15,0.8,0.25 161.234
0.15,0.8,0.3 14.9947
0.15,0.8,0.35 0.00123457
0.15,0.85,0 4.85626e-12
0.15,0.85,0.05 0.00917218
0.15,0.85,0.1 2.15084
0.15,0.85,0.15 14.5523
0.15,0.85,0.2 41.0674
0.15,0.85,0.25 59.7383
0.15,0.85,0.3 6.31608
0.15,0.9,0.15 0.00121514
0.15,0.9,0.2 0.118761
0.15,0.9,0.25 0.216823
0.15,0.9,0.3 0.0230842
0.2,0,0.1 1.21643e-14
0.2,0,0.15 3.22306e-12
0.2,0,0.2 7.76518e-12
0.2,0,0.25 1.15536e-12
0.2,0.05,0 2.59192e-12
0.2,0.05,0.05 0.0526829
0.2,0.05,0.1 0.566282
0.2,0.05,0.15 46.2902
0.2,0.05,0.2 124.949
0.2,0.05,0.25 134.086
0.2,0.05,0.3 45.9424
0.2,0.05,0.35 0.13155
0.2,0.1,0 1.75541e-09
0.2,0.1,0.05 35.7616
0.2,0.1,0.1 147.474
0.2,0.1,0.15 260.082
0.2,0.1,0.2 571.497
0.2,0.1,0.25 658.055
0.2,0.1,0.3 219.965
0.2,0.1,0.35 1.31441
0.2,0.1,0.4 0.000233274
0.2,0.15,0 4.92556e-09
0.2,0.15,0.05 106.469
0.2,0.15,0.1 444.286
0.2,0.15,0.15 257.487
0.2,0.15,0.2 483.293
0.2,0.15,0.25 477.191
0.2,0.15,0.3 349.353
0.2,0.15,0.35 72.0348
0.2,0.15,0.4 0.134691
0.2,0.2,0 2.02103e-09
0.2,0.2,0.05 101.767
0.2,0.2,0.1 418.229
0.2,0.2,0.15 366.793
0.2,0.2,0.2 775.794
0.2,0.2,0.25 497.714
0.2,0.2,0.3 810.829
0.2,0.2,0.35 208.304
0.2,0.2,0.4 1.2241
0.2,0.25,0 7.042e-10
0.2,0.25,0.05 146.548
0.2,0.25,0.1 588.811
0.2,0.25,0.15 357.228
0.2,0.25,0.2 499.024
0.2,0.25,0.25 418.986
0.2,0.25,0.3 459.961
0.2,0.25,0.35 96.5546
0.2,0.25,0.4 1.47165
0.2,0.3,0 1.87745e-11
0.2,0.3,0.05 157.357
0.2,0.3,0.1 631.238
0.2,0.3,0.15 268.195
0.2,0.3,0.2 265.549
0.2,0.3,0.25 117.16
0.2,0.3,0.3 54.0294
0.2,0.3,0.35 6.16088
0.2,0.3,0.4 0.123628
0.2,0.35,0 1.12736e-10
0.2,0.35,0.05 59.365
0.2,0.35,0.1 237.629
0.2,0.35,0.15 64.4913
0.2,0.35,0.2 14.5071
0.2,0.35,0.25 3.20394
0.2,0.35,0.3 0.0248579
0.2,0.35,0.35 0.00747467
0.2,0.35,0.4 1.47558e-06
0.2,0.4,0 4.14901e-10
0.2,0.4,0.05 29.5963
0.2,0.4,0.1 159.963
0.2,0.4,0.15 181.957
0.2,0.4,0.2 40.4157
0.2,0.4,0.25 1.04136
0.2,0.4,0.3 0.0524983
0.2,0.45,0 3.7723e-10
0.2,0.45,0.05 41.4697
0.2,0.45,0.1 320.615
0.2,0.45,0.15 763.18
0.2,0.45,0.2 371.648
0.2,0.45,0.25 158.702
0.2,0.45,0.3 28.0838
0.2,0.45,0.35 20.411
0.2,0.45,0.4 4.76616
0.2,0.45,0.45 0.0847629
0.2,0.5,0 9.04671e-10
0.2,0.5,0.05 96.4448
0.2,0.5,0.1 433.738
0.2,0.5,0.15 582.407
0.2,0.5,0.2 728.002
0.2,0.5,0.25 695.184
0.2,0.5,0.3 349.47
0.2,0.5,0.35 447.554
0.2,0.5,0.4 181.259
0.2,0.5,0.45 8.62127
0.2,0.55,0 2.23392e-10
0.2,0.55,0.05 48.1955
0.2,0.55,0.1 206.855
0.2,0.55,0.15 204.891
0.2,0.55,0.2 367.138
0.2,0.55,0.25 747.067
0.2,0.55,0.3 696.952
0.2,0.55,0.35 831.918
0.2,0.55,0.4 485.797
0.2,0.55,0.45 28.3152
0.2,0.6,0 7.07305e-13
0.2,0.6,0.05 65.0442
0.2,0.6,0.1 405.645
0.2,0.6,0.15 229.524
0.2,0.6,0.2 203.009
0.2,0.6,0.25 447.784
0.2,0.6,0.3 481.258
0.2,0.6,0.35 391.429
0.2,0.6,0.4 161.554
0.2,0.6,0.45 6.52295
0.2,0.65,0.05 126.808
0.2,0.65,0.1 668.805
0.2,0.65,0.15 554.817
0.2,0.65,0.2 494.376
0.2,0.65,0.25 276.753
0.2,0.65,0.3 266.412
0.2,0.65,0.35 98.0131
0.2,0.65,0.4 18.4329
0.2,0.65,0.45 0.0595325
0.2,0.7,0 8.43983e-09
0.2,0.7,0.05 67.7887
0.2,0.7,0.1 417.734
0.2,0.7,0.15 745.738
0.2,0.7,0.2 582.511
0.2,0.7,0.25 560.337
0.2,0.7,0.3 697.135
0.2,0.7,0.35 85.3809
0.2,0.7,0.4 0.641431
0.2,0.7,0.45 1.3219e-05
0.2,0.75,0 5.14369e-08
0.2,0.75,0.05 128.218
0.2,0.75,0.1 581.023
0.2,0.75,0.15 644.204
0.2,0.75,0.2 746.301
0.2,0.75,0.25 351.869
0.2,0.75,0.3 165.395
0.2,0.75,0.35 15.6849
0.2,0.75,0.4 0.0103003
0.2,0.8,0 1.93764e-08
0.2,0.8,0.05 48.2215
0.2,0.8,0.1 269.826
0.2,0.8,0.15 588.323
0.2,0.8,0.2 645.536
0.2,0.8,0.25 422.141
0.2,0.8,0.3 37.2115
0.2,0.8,0.35 0.000759554
0.2,0.85,0 3.53589e-11
0.2,0.85,0.05 0.0921934
0.2,0.85,0.1 12.8794
0.2,0.85,0.15 70.0868
0.2,0.85,0.2 108.242
0.2,0.85,0.25 148.18
0.2,0.85,0.3 15.7099
0.2,0.9,0.15 0.00302234
0.2,0.9,0.2 0.295387
0.2,0.9,0.25 0.539289
0.2,0.9,0.3 0.0574159
0.25,0,0.1 4.4342e-13
0.25,0,0.15 1.88157e-11
0.25,0,0.2 3.02295e-11
0.25,0,0.25 9.49296e-11
0.25,0,0.3 8.83967e-11
0.25,0,0.35 3.50098e-12
0.25,0.05,0 1.08787e-12
0.25,0.05,0.05 0.0221119
0.25,0.05,0.1 1.86505
0.25,0.05,0.15 61.7385
0.25,0.05,0.2 94.8825
0.25,0.05,0.25 71.9492
0.25,0.05,0.3 29.7244
0.25,0.05,0.35 0.553511
0.25,0.1,0 7.36776e-10
