0.5,0.7,0.4 21.4049
0.5,0.7,0.45 249.164
0.5,0.7,0.5 576.118
0.5,0.7,0.55 350.535
0.5,0.7,0.6 405.851
0.5,0.7,0.65 241.51
0.5,0.7,0.7 83.4648
0.5,0.7,0.75 43.8279
0.5,0.7,0.8 1.21982
0.5,0.7,0.85 0.0155114
0.5,0.75,0.35 0.14732
0.5,0.75,0.4 2.79777
0.5,0.75,0.45 79.5225
0.5,0.75,0.5 192.927
0.5,0.75,0.55 92.2776
0.5,0.75,0.6 70.1755
0.5,0.75,0.65 36.8197
0.5,0.75,0.7 0.54482
0.5,0.75,0.75 0.0452118
0.5,0.75,0.8 0.000474491
0.5,0.8,0.35 0.00118872
0.5,0.8,0.4 0.0196254
0.5,0.8,0.45 0.38715
0.5,0.8,0.5 0.867089
0.5,0.8,0.55 0.133997
0.5,0.8,0.6 0.0708455
0.5,0.8,0.65 0.036035
0.5,0.8,0.7 0.000286417
0.55,0.1,0.5 7.41454e-05
0.55,0.1,0.55 0.0011812
0.55,0.1,0.6 0.000947458
0.55,0.1,0.65 2.66823e-05
0.55,0.15,0.35 0.100192
0.55,0.15,0.4 0.892945
0.55,0.15,0.45 0.468785
0.55,0.15,0.5 0.236246
0.55,0.15,0.55 1.22688
0.55,0.15,0.6 0.421028
0.55,0.15,0.65 0.00160091
0.55,0.15,0.7 1.71316e-09
0.55,0.2,0.35 16.3905
0.55,0.2,0.4 146.798
0.55,0.2,0.45 104.338
0.55,0.2,0.5 92.4513
0.55,0.2,0.55 196.526
0.55,0.2,0.6 85.4568
0.55,0.2,0.65 71.7819
0.55,0.2,0.7 20.6871
0.55,0.2,0.75 3.16832
0.55,0.2,0.8 5.6388e-05
0.55,0.25,0.25 0.098117
0.55,0.25,0.3 7.3946
0.55,0.25,0.35 48.2904
0.55,0.25,0.4 322.483
0.55,0.25,0.45 414.101
0.55,0.25,0.5 515.436
0.55,0.25,0.55 606.381
0.55,0.25,0.6 332.362
0.55,0.25,0.65 439.833
0.55,0.25,0.7 159.125
0.55,0.25,0.75 40.5713
0.55,0.25,0.8 11.6036
0.55,0.25,0.85 0.53362
0.55,0.3,0.25 0.854271
0.55,0.3,0.3 64.385
0.55,0.3,0.35 158.914
0.55,0.3,0.4 231.558
0.55,0.3,0.45 264.118
0.55,0.3,0.5 366.621
0.55,0.3,0.55 304.841
0.55,0.3,0.6 377.505
0.55,0.3,0.65 386.405
0.55,0.3,0.7 248.175
0.55,0.3,0.75 280.182
0.55,0.3,0.8 192.935
0.55,0.3,0.85 8.83789
0.55,0.35,0.25 0.612544
0.55,0.35,0.3 55.5455
0.55,0.35,0.35 211.244
0.55,0.35,0.4 509.704
0.55,0.35,0.45 345.509
0.55,0.35,0.5 344.286
0.55,0.35,0.55 199.131
0.55,0.35,0.6 302.554
0.55,0.35,0.65 244.793
0.55,0.35,0.7 389.07
0.55,0.35,0.75 392.326
0.55,0.35,0.8 190.348
0.55,0.35,0.85 8.17653
0.55,0.4,0.25 2.84774
0.55,0.4,0.3 176.208
0.55,0.4,0.35 437.519
0.55,0.4,0.4 619.246
0.55,0.4,0.45 545.201
0.55,0.4,0.5 297.368
0.55,0.4,0.55 346.766
0.55,0.4,0.6 565.303
0.55,0.4,0.65 476.817
0.55,0.4,0.7 595.36
0.55,0.4,0.75 564.309
0.55,0.4,0.8 306.018
0.55,0.4,0.85 17.0002
0.55,0.4,0.9 0.00564449
0.55,0.4,0.95 0.00018642
0.55,0.45,0.25 23.3517
0.55,0.45,0.3 380.153
0.55,0.45,0.35 415.988
0.55,0.45,0.4 242.066
0.55,0.45,0.45 289.419
0.55,0.45,0.5 258.63
0.55,0.45,0.55 378.006
0.55,0.45,0.6 411.217
0.55,0.45,0.65 324.218
0.55,0.45,0.7 339.413
0.55,0.45,0.75 439.054
0.55,0.45,0.8 335.208
0.55,0.45,0.85 19.2834
0.55,0.45,0.9 0.168578
0.55,0.45,0.95 0.00556759
0.55,0.5,0.25 47.7847
0.55,0.5,0.3 572.473
0.55,0.5,0.35 538.327
0.55,0.5,0.4 540.643
0.55,0.5,0.45 432.352
0.55,0.5,0.5 311.65
0.55,0.5,0.55 505.242
0.55,0.5,0.6 497.687
0.55,0.5,0.65 424.899
0.55,0.5,0.7 404.006
0.55,0.5,0.75 456.547
0.55,0.5,0.8 236.541
0.55,0.5,0.85 8.62395
0.55,0.5,0.9 0.193414
0.55,0.5,0.95 0.00638786
0.55,0.55,0.25 28.2968
0.55,0.55,0.3 315.415
0.55,0.55,0.35 446.524
0.55,0.55,0.4 550.116
0.55,0.55,0.45 528.526
0.55,0.55,0.5 286.091
0.55,0.55,0.55 445.252
0.55,0.55,0.6 479.216
0.55,0.55,0.65 602.963
0.55,0.55,0.7 603.975
0.55,0.55,0.75 585.045
0.55,0.55,0.8 255.88
0.55,0.55,0.85 8.98514
0.55,0.55,0.9 0.0106412
0.55,0.55,0.95 0.000351446
0.55,0.6,0.25 14.2717
0.55,0.6,0.3 186.026
0.55,0.6,0.35 284.791
0.55,0.6,0.4 392.857
0.55,0.6,0.45 427.281
0.55,0.6,0.5 282.875
0.55,0.6,0.55 518.881
0.55,0.6,0.6 346.959
0.55,0.6,0.65 360.969
0.55,0.6,0.7 353.071
0.55,0.6,0.75 297.618
0.55,0.6,0.8 108.448
0.55,0.6,0.85 2.78603
0.55,0.65,0.25 10.1322
0.55,0.65,0.3 103.144
0.55,0.65,0.35 98.8223
0.55,0.65,0.4 251.114
0.55,0.65,0.45 389.048
0.55,0.65,0.5 404.346
0.55,0.65,0.55 486.484
0.55,0.65,0.6 285.547
0.55,0.65,0.65 260.483
0.55,0.65,0.7 361.69
0.55,0.65,0.75 392.511
0.55,0.65,0.8 157.836
0.55,0.65,0.85 3.09051
0.55,0.7,0.25 0.377276
0.55,0.7,0.3 3.80927
0.55,0.7,0.35 16.1647
0.55,0.7,0.4 198.463
0.55,0.7,0.45 318.857
0.55,0.7,0.5 598.162
0.55,0.7,0.55 567.65
0.55,0.7,0.6 416.697
0.55,0.7,0.65 218.506
0.55,0.7,0.7 198.855
0.55,0.7,0.75 140.061
0.55,0.7,0.8 24.3966
0.55,0.7,0.85 0.462917
0.55,0.75,0.35 6.36605
0.55,0.75,0.4 96.0092
0.55,0.75,0.45 171.712
0.55,0.75,0.5 319.42
0.55,0.75,0.55 195.491
0.55,0.75,0.6 174.059
0.55,0.75,0.65 84.2138
0.55,0.75,0.7 22.5544
0.55,0.75,0.75 12.0613
0.55,0.75,0.8 0.126581
0.55,0.8,0.35 0.0513726
0.55,0.8,0.4 0.779312
0.55,0.8,0.45 3.81438
0.55,0.8,0.5 8.42794
0.55,0.8,0.55 1.61399
0.55,0.8,0.6 1.66675
0.55,0.8,0.65 0.844192
0.55,0.8,0.7 0.00670989
0.6,0.1,0.5 0.0746085
0.6,0.1,0.55 1.18858
0.6,0.1,0.6 0.953376
0.6,0.1,0.65 0.0268489
0.6,0.15,0.35 0.0646235
0.6,0.15,0.4 0.575946
0.6,0.15,0.45 0.302364
0.6,0.15,0.5 4.22038
0.6,0.15,0.55 65.3446
0.6,0.15,0.6 51.9926
0.6,0.15,0.65 1.45655
0.6,0.15,0.7 2.0156e-11
0.6,0.2,0.35 11.7645
0.6,0.2,0.4 106.486
0.6,0.2,0.45 109.786
0.6,0.2,0.5 127.254
0.6,0.2,0.55 229.205
0.6,0.2,0.6 128.461
0.6,0.2,0.65 40.4854
0.6,0.2,0.7 56.4145
0.6,0.2,0.75 17.5342
0.6,0.2,0.8 0.0761748
0.6,0.25,0.25 0.306884
0.6,0.25,0.3 23.8714
0.6,0.25,0.35 78.9317
0.6,0.25,0.4 351.814
0.6,0.25,0.45 487.687
0.6,0.25,0.5 522.271
0.6,0.25,0.55 346.659
0.6,0.25,0.6 249.05
0.6,0.25,0.65 409.422
0.6,0.25,0.7 506.601
0.6,0.25,0.75 159.886
0.6,0.25,0.8 11.2707
0.6,0.25,0.85 0.432478
0.6,0.3,0.25 2.72384
0.6,0.3,0.3 223.004
0.6,0.3,0.35 456.574
0.6,0.3,0.4 370.581
0.6,0.3,0.45 311.894
0.6,0.3,0.5 332.027
0.6,0.3,0.55 385.302
0.6,0.3,0.6 452.806
0.6,0.3,0.65 567.681
0.6,0.3,0.7 675.264
0.6,0.3,0.75 362.567
0.6,0.3,0.8 167.808
0.6,0.3,0.85 7.08058
0.6,0.35,0.25 1.53689
0.6,0.35,0.3 149.874
0.6,0.35,0.35 397.407
0.6,0.35,0.4 565.652
0.6,0.35,0.45 425.508
0.6,0.35,0.5 502.59
0.6,0.35,0.55 522.268
0.6,0.35,0.6 451.984
0.6,0.35,0.65 389.648
0.6,0.35,0.7 533.987
0.6,0.35,0.75 369.181
0.6,0.35,0.8 185.468
0.6,0.35,0.85 6.55484
0.6,0.4,0.2 0.00860743
0.6,0.4,0.25 0.620346
0.6,0.4,0.3 125.47
0.6,0.4,0.35 362.935
0.6,0.4,0.4 416.071
0.6,0.4,0.45 608.865
0.6,0.4,0.5 457.926
0.6,0.4,0.55 424.005
0.6,0.4,0.6 563.332
0.6,0.4,0.65 372.785
0.6,0.4,0.7 448.807
0.6,0.4,0.75 461.799
0.6,0.4,0.8 229.464
0.6,0.4,0.85 6.43239
0.6,0.4,0.9 2.36493
0.6,0.4,0.95 0.0781062
0.6,0.45,0.2 5.47483
0.6,0.45,0.25 36.6084
0.6,0.45,0.3 179.01
0.6,0.45,0.35 265.418
0.6,0.45,0.4 262.27
0.6,0.45,0.45 480.656
0.6,0.45,0.5 360.508
0.6,0.45,0.55 288.189
0.6,0.45,0.6 360.183
0.6,0.45,0.65 252.209
0.6,0.45,0.7 302.776
0.6,0.45,0.75 404.339
0.6,0.45,0.8 231.614
0.6,0.45,0.85 90.2915
0.6,0.45,0.9 70.6307
0.6,0.45,0.95 2.33271
0.6,0.5,0.2 14.8539
0.6,0.5,0.25 89.8754
0.6,0.5,0.3 247.584
0.6,0.5,0.35 312.974
0.6,0.5,0.4 576.878
0.6,0.5,0.45 689.187
0.6,0.5,0.5 437.486
0.6,0.5,0.55 473.968
0.6,0.5,0.6 451.219
0.6,0.5,0.65 407.049
0.6,0.5,0.7 434.351
0.6,0.5,0.75 656.34
0.6,0.5,0.8 389.175
0.6,0.5,0.85 109.964
0.6,0.5,0.9 81.0367
0.6,0.5,0.95 2.67639
0.6,0.55,0.2 2.4949
0.6,0.55,0.25 17.2333
0.6,0.55,0.3 192.217
0.6,0.55,0.35 479.337
0.6,0.55,0.4 546.003
0.6,0.55,0.45 593.769
0.6,0.55,0.5 439.299
0.6,0.55,0.55 453.213
0.6,0.55,0.6 251.673
0.6,0.55,0.65 390.763
0.6,0.55,0.7 445.662
0.6,0.55,0.75 515.523
0.6,0.55,0.8 280.762
0.6,0.55,0.85 15.3678
0.6,0.55,0.9 4.45846
0.6,0.55,0.95 0.147249
0.6,0.6,0.25 28.0547
0.6,0.6,0.3 341.152
0.6,0.6,0.35 396.709
0.6,0.6,0.4 409.603
0.6,0.6,0.45 592.208
0.6,0.6,0.5 378.357
0.6,0.6,0.55 436.751
0.6,0.6,0.6 384.895
0.6,0.6,0.65 575.599
0.6,0.6,0.7 610.316
0.6,0.6,0.75 415.114
0.6,0.6,0.8 164.015
0.6,0.6,0.85 7.67341
0.6,0.65,0.25 25.7781
0.6,0.65,0.3 258.611
0.6,0.65,0.35 184.461
0.6,0.65,0.4 310.733
0.6,0.65,0.45 403.673
0.6,0.65,0.5 266.943
0.6,0.65,0.55 419.286
0.6,0.65,0.6 308.073
0.6,0.65,0.65 343.106
0.6,0.65,0.7 506.83
0.6,0.65,0.75 543.52
0.6,0.65,0.8 326.414
0.6,0.65,0.85 18.8846
0.6,0.7,0.25 0.977856
0.6,0.7,0.3 9.74864
0.6,0.7,0.35 33.733
0.6,0.7,0.4 346.828
0.6,0.7,0.45 361.929
0.6,0.7,0.5 448.183
0.6,0.7,0.55 475.687
0.6,0.7,0.6 317.728
0.6,0.7,0.65 203.393
0.6,0.7,0.7 397.033
0.6,0.7,0.75 252.753
0.6,0.7,0.8 59.2027
0.6,0.7,0.85 3.7275
0.6,0.75,0.35 17.523
0.6,0.75,0.4 202.467
0.6,0.75,0.45 237.289
0.6,0.75,0.5 302.263
0.6,0.75,0.55 204.366
0.6,0.75,0.6 164.555
0.6,0.75,0.65 84.4781
0.6,0.75,0.7 57.9252
0.6,0.75,0.75 28.8442
0.6,0.75,0.8 0.296395
0.6,0.8,0.35 0.377578
0.6,0.8,0.4 3.56029
0.6,0.8,0.45 5.80193
0.6,0.8,0.5 12.1228
0.6,0.8,0.55 10.9813
0.6,0.8,0.6 3.22868
0.6,0.8,0.65 0.852829
0.6,0.8,0.7 0.00677854
0.6,0.85,0.45 0.000649719
0.6,0.85,0.5 0.366352
0.6,0.85,0.55 0.976685
0.6,0.85,0.6 0.160992
0.65,0.1,0.5 0.214874
0.65,0.1,0.55 3.42314
0.65,0.1,0.6 2.74574
0.65,0.1,0.65 0.0773254
0.65,0.15,0.35 0.00107631
0.65,0.15,0.4 0.00959245
0.65,0.15,0.45 0.00503592
0.65,0.15,0.5 11.6601
0.65,0.15,0.55 185.71
0.65,0.15,0.6 148.95
0.65,0.15,0.65 4.19455
0.65,0.2,0.3 3.64675e-08
0.65,0.2,0.35 3.00365
0.65,0.2,0.4 29.9459
0.65,0.2,0.45 43.2884
0.65,0.2,0.5 61.6669
0.65,0.2,0.55 316.462
0.65,0.2,0.6 241.175
0.65,0.2,0.65 34.2095
0.65,0.2,0.7 62.9353
0.65,0.2,0.75 32.864
0.65,0.2,0.8 0.392851
0.65,0.25,0.25 0.0940853
0.65,0.25,0.3 9.57683
0.65,0.25,0.35 59.1814
0.65,0.25,0.4 366.313
0.65,0.25,0.45 521.346
0.65,0.25,0.5 410.659
0.65,0.25,0.55 384.496
0.65,0.25,0.6 240.18
0.65,0.25,0.65 332.018
0.65,0.25,0.7 496.443
0.65,0.25,0.75 266.947
0.65,0.25,0.8 18.8819
0.65,0.25,0.85 0.173542
0.65,0.3,0.25 1.21916
0.65,0.3,0.3 160.09
0.65,0.3,0.35 469.867
0.65,0.3,0.4 628.738
0.65,0.3,0.45 623.179
0.65,0.3,0.5 471.025
0.65,0.3,0.55 420.496
0.65,0.3,0.6 348.818
0.65,0.3,0.65 534.07
0.65,0.3,0.7 635.273
0.65,0.3,0.75 488.821
0.65,0.3,0.8 178.154
0.65,0.3,0.85 2.85788
0.65,0.35,0.25 1.92393
0.65,0.35,0.3 198.764
0.65,0.35,0.35 499.062
0.65,0.35,0.4 481.347
0.65,0.35,0.45 416.785
0.65,0.35,0.5 439.284
0.65,0.35,0.55 636.26
0.65,0.35,0.6 491.261
0.65,0.35,0.65 518.3
0.65,0.35,0.7 480.771
0.65,0.35,0.75 398.669
0.65,0.35,0.8 220.352
0.65,0.35,0.85 5.88609
0.65,0.4,0.2 0.0439411
0.65,0.4,0.25 4.54549
0.65,0.4,0.3 220.876
0.65,0.4,0.35 363.494
0.65,0.4,0.4 354.517
0.65,0.4,0.45 615.743
0.65,0.4,0.5 406.805
0.65,0.4,0.55 450.522
0.65,0.4,0.6 621.786
0.65,0.4,0.65 470.198
0.65,0.4,0.7 451.972
0.65,0.4,0.75 397.294
0.65,0.4,0.8 271.214
0.65,0.4,0.85 15.3997
0.65,0.4,0.9 6.01579
0.65,0.4,0.95 0.198683
0.65,0.45,0.2 27.9491
0.65,0.45,0.25 156.264
0.65,0.45,0.3 289.995
0.65,0.45,0.35 396.444
0.65,0.45,0.4 348.607
0.65,0.45,0.45 458.588
0.65,0.45,0.5 398.803
0.65,0.45,0.55 357.144
0.65,0.45,0.6 361.146
0.65,0.45,0.65 472.719
0.65,0.45,0.7 388.048
0.65,0.45,0.75 437.332
0.65,0.45,0.8 288.102
0.65,0.45,0.85 225.438
0.65,0.45,0.9 179.667
0.65,0.45,0.95 5.93384
0.65,0.5,0.2 75.8292
0.65,0.5,0.25 406.037
0.65,0.5,0.3 356.842
0.65,0.5,0.35 442.233
0.65,0.5,0.4 431.253
0.65,0.5,0.45 507.907
0.65,0.5,0.5 442.391
0.65,0.5,0.55 414.66
0.65,0.5,0.6 246.515
0.65,0.5,0.65 315.294
0.65,0.5,0.7 363.664
0.65,0.5,0.75 579.293
