0.65,0.45,0.3 0.000291668
0.65,0.5,0 2.59269e-10
0.65,0.5,0.05 93.5853
0.65,0.5,0.1 375.86
0.65,0.5,0.15 305.972
0.65,0.5,0.2 682.571
0.65,0.5,0.25 156.259
0.65,0.5,0.3 0.784417
0.65,0.55,0 5.5799e-11
0.65,0.55,0.05 44.1379
0.65,0.55,0.1 184.13
0.65,0.55,0.15 292.126
0.65,0.55,0.2 641.373
0.65,0.55,0.25 192.902
0.65,0.55,0.3 7.15332
0.65,0.6,0 1.89026e-11
0.65,0.6,0.05 44.4717
0.65,0.6,0.1 209.954
0.65,0.6,0.15 366.591
0.65,0.6,0.2 626.042
0.65,0.6,0.25 186.39
0.65,0.6,0.3 4.54644
0.65,0.65,0 8.30426e-13
0.65,0.65,0.05 67.6324
0.65,0.65,0.1 400.146
0.65,0.65,0.15 414.856
0.65,0.65,0.2 299.734
0.65,0.65,0.25 87.8579
0.65,0.65,0.3 0.83694
0.65,0.7,0 1.72209e-12
0.65,0.7,0.05 29.9487
0.65,0.7,0.1 317.758
0.65,0.7,0.15 581.482
0.65,0.7,0.2 152.225
0.65,0.7,0.25 8.67144
0.65,0.7,0.3 0.0395699
0.65,0.75,0 3.2965e-10
0.65,0.75,0.05 31.1004
0.65,0.75,0.1 339.616
0.65,0.75,0.15 425.781
0.65,0.75,0.2 47.6781
0.65,0.75,0.25 0.243712
0.65,0.8,0 7.41904e-10
0.65,0.8,0.05 75.5857
0.65,0.8,0.1 431.891
0.65,0.8,0.15 287.631
0.65,0.8,0.2 18.3554
0.65,0.8,0.25 2.30659e-05
0.65,0.85,0 1.7205e-10
0.65,0.85,0.05 77.9403
0.65,0.85,0.1 315.056
0.65,0.85,0.15 83.4616
0.65,0.85,0.2 0.48347
0.65,0.9,0 1.99767e-11
0.65,0.9,0.05 18.789
0.65,0.9,0.1 75.1345
0.65,0.9,0.15 18.7783
0.65,0.95,0 1.57188e-16
0.65,0.95,0.05 0.000184117
0.65,0.95,0.1 0.000736258
0.65,0.95,0.15 0.000184012
0.7,0.1,0.05 0.000563131
0.7,0.1,0.1 0.311076
0.7,0.1,0.15 4.92702
0.7,0.1,0.2 3.95513
0.7,0.1,0.25 0.111602
0.7,0.15,0 1.44708e-14
0.7,0.15,0.05 25.1665
0.7,0.15,0.1 105.261
0.7,0.15,0.15 87.3503
0.7,0.15,0.2 50.8152
0.7,0.15,0.25 5.3074
0.7,0.15,0.3 0.806198
0.7,0.2,0 4.1016e-13
0.7,0.2,0.05 112.769
0.7,0.2,0.1 476.477
0.7,0.2,0.15 167.712
0.7,0.2,0.2 54.0595
0.7,0.2,0.25 67.6773
0.7,0.2,0.3 13.7683
0.7,0.25,0 4.58364e-13
0.7,0.25,0.05 106.21
0.7,0.25,0.1 523.562
0.7,0.25,0.15 183.341
0.7,0.25,0.2 65.9506
0.7,0.25,0.25 68.9835
0.7,0.25,0.3 13.0041
0.7,0.25,0.35 0.564686
0.7,0.25,0.4 0.00122751
0.7,0.3,0 9.74154e-11
0.7,0.3,0.05 24.892
0.7,0.3,0.1 148.19
0.7,0.3,0.15 153.168
0.7,0.3,0.2 199.202
0.7,0.3,0.25 52.2225
0.7,0.3,0.3 12.5209
0.7,0.3,0.35 4.70794
0.7,0.3,0.4 0.0102341
0.7,0.35,0 1.82824e-08
0.7,0.35,0.05 48.4197
0.7,0.35,0.1 209.091
0.7,0.35,0.15 124.531
0.7,0.35,0.2 71.9132
0.7,0.35,0.25 12.7269
0.7,0.35,0.3 6.04278
0.7,0.35,0.35 2.33909
0.7,0.35,0.4 0.00508472
0.7,0.4,0 4.23919e-08
0.7,0.4,0.05 151.876
0.7,0.4,0.1 623.617
0.7,0.4,0.15 230.166
0.7,0.4,0.2 43.54
0.7,0.4,0.25 0.675943
0.7,0.4,0.3 0.0437418
0.7,0.4,0.35 0.0169335
0.7,0.4,0.4 3.68099e-05
0.7,0.45,0 6.53325e-09
0.7,0.45,0.05 112.556
0.7,0.45,0.1 547.888
0.7,0.45,0.15 224.351
0.7,0.45,0.2 63.0978
0.7,0.45,0.25 12.39
0.7,0.45,0.3 6.95807e-05
0.7,0.5,0 4.77638e-11
0.7,0.5,0.05 115.88
0.7,0.5,0.1 581.497
0.7,0.5,0.15 368.425
0.7,0.5,0.2 302.549
0.7,0.5,0.25 51.2015
0.7,0.5,0.3 0.000394095
0.7,0.55,0 4.75726e-11
0.7,0.55,0.05 91.8315
0.7,0.55,0.1 460.919
0.7,0.55,0.15 441.123
0.7,0.55,0.2 535.304
0.7,0.55,0.25 76.2248
0.7,0.55,0.3 0.00248435
0.7,0.6,0 3.93614e-11
0.7,0.6,0.05 80.9672
0.7,0.6,0.1 349.682
0.7,0.6,0.15 303.702
0.7,0.6,0.2 464.021
0.7,0.6,0.25 66.6994
0.7,0.6,0.3 0.00931197
0.7,0.65,0 1.6194e-12
0.7,0.65,0.05 60.5801
0.7,0.65,0.1 335.014
0.7,0.65,0.15 204.414
0.7,0.65,0.2 72.671
0.7,0.65,0.25 5.98078
0.7,0.65,0.3 0.00878934
0.7,0.7,0 3.08274e-14
0.7,0.7,0.05 17.9725
0.7,0.7,0.1 175.865
0.7,0.7,0.15 449.132
0.7,0.7,0.2 200.861
0.7,0.7,0.25 3.56449
0.7,0.7,0.3 0.000433483
0.7,0.75,0 6.0956e-12
0.7,0.75,0.05 1.79132
0.7,0.75,0.1 100.811
0.7,0.75,0.15 243.471
0.7,0.75,0.2 73.3461
0.7,0.75,0.25 1.14219
0.7,0.8,0 2.01839e-09
0.7,0.8,0.05 12.3101
0.7,0.8,0.1 105.574
0.7,0.8,0.15 104.848
0.7,0.8,0.2 8.05744
0.7,0.8,0.25 0.000592746
0.7,0.85,0 8.01202e-09
0.7,0.85,0.05 41.3073
0.7,0.85,0.1 166.439
0.7,0.85,0.15 43.6082
0.7,0.85,0.2 0.211685
0.7,0.9,0 2.00013e-09
0.7,0.9,0.05 10.3149
0.7,0.9,0.1 41.1903
0.7,0.9,0.15 10.2803
0.7,0.95,0 5.43256e-18
0.7,0.95,0.05 6.36324e-06
0.7,0.95,0.1 2.54457e-05
0.7,0.95,0.15 6.35962e-06
0.75,0.1,0.05 0.000324752
0.75,0.1,0.1 0.0013083
0.75,0.1,0.15 0.000329416
0.75,0.1,0.2 4.3907e-12
0.75,0.15,0.05 14.4957
0.75,0.15,0.1 58.3979
0.75,0.15,0.15 14.7039
0.75,0.15,0.2 1.95985e-07
0.75,0.2,0.05 58.4525
0.75,0.2,0.1 240.612
0.75,0.2,0.15 62.1692
0.75,0.2,0.2 0.00269658
0.75,0.2,0.25 2.80699e-07
0.75,0.2,0.3 1.41415e-11
0.75,0.25,0.05 34.4443
0.75,0.25,0.1 160.316
0.75,0.25,0.15 47.0731
0.75,0.25,0.2 0.202285
0.75,0.25,0.25 0.0535504
0.75,0.25,0.3 2.69785e-06
0.75,0.3,0 2.16221e-10
0.75,0.3,0.05 6.09562
0.75,0.3,0.1 30.2229
0.75,0.3,0.15 9.67832
0.75,0.3,0.2 0.827034
0.75,0.3,0.25 0.204576
0.75,0.3,0.3 1.02342e-05
0.75,0.35,0 3.84794e-08
0.75,0.35,0.05 53.4176
0.75,0.35,0.1 224.861
0.75,0.35,0.15 180.299
0.75,0.35,0.2 77.9662
0.75,0.35,0.25 1.16785
0.75,0.35,0.3 2.42638e-06
0.75,0.4,0 8.38664e-08
0.75,0.4,0.05 143.282
0.75,0.4,0.1 618.844
0.75,0.4,0.15 509.078
0.75,0.4,0.2 217.253
0.75,0.4,0.25 3.12399
0.75,0.45,0 1.13159e-08
0.75,0.45,0.05 56.5011
0.75,0.45,0.1 414.472
0.75,0.45,0.15 319.41
0.75,0.45,0.2 75.9263
0.75,0.45,0.25 1.20516
0.75,0.5,0 5.34451e-12
0.75,0.5,0.05 34.903
0.75,0.5,0.1 402.365
0.75,0.5,0.15 604.149
0.75,0.5,0.2 230.901
0.75,0.5,0.25 4.69206
0.75,0.55,0 7.62646e-12
0.75,0.55,0.05 30.3912
0.75,0.55,0.1 344.936
0.75,0.55,0.15 465.092
0.75,0.55,0.2 202.163
0.75,0.55,0.25 14.972
0.75,0.6,0 6.74582e-12
0.75,0.6,0.05 30.139
0.75,0.6,0.1 144.099
0.75,0.6,0.15 123.165
0.75,0.6,0.2 136.48
0.75,0.6,0.25 16.8493
0.75,0.65,0 4.06947e-13
0.75,0.65,0.05 14.5741
0.75,0.65,0.1 65.9269
0.75,0.65,0.15 70.2631
0.75,0.65,0.2 43.4268
0.75,0.65,0.25 1.82723
0.75,0.7,0 6.07228e-15
0.75,0.7,0.05 1.40763
0.75,0.7,0.1 26.5301
0.75,0.7,0.15 258.142
0.75,0.7,0.2 179.77
0.75,0.7,0.25 3.74112
0.75,0.75,0 2.65197e-11
0.75,0.75,0.05 0.120043
0.75,0.75,0.1 7.16098
0.75,0.75,0.15 83.5981
0.75,0.75,0.2 58.326
0.75,0.75,0.25 1.21307
0.75,0.8,0 6.47176e-09
0.75,0.8,0.05 30.6494
0.75,0.8,0.1 122.62
0.75,0.8,0.15 30.9745
0.75,0.8,0.2 0.0642043
0.75,0.8,0.25 0.000629529
0.75,0.85,0 2.26947e-08
0.75,0.85,0.05 108.816
0.75,0.85,0.1 434.498
0.75,0.85,0.15 108.44
0.75,0.85,0.2 0.000895768
0.75,0.9,0 5.3693e-09
0.75,0.9,0.05 25.8896
0.75,0.9,0.1 103.375
0.75,0.9,0.15 25.7978
0.8,0.05,0 1.96048e-11
0.8,0.05,0.05 1.15495
0.8,0.05,0.1 4.61623
0.8,0.05,0.15 1.15317
0.8,0.1,0 2.31151e-10
0.8,0.1,0.05 13.6174
0.8,0.1,0.1 54.4276
0.8,0.1,0.15 13.5964
0.8,0.1,0.2 5.29582e-14
0.8,0.15,0 1.50684e-10
0.8,0.15,0.05 9.05187
0.8,0.15,0.1 36.1851
0.8,0.15,0.15 9.0407
0.8,0.15,0.2 2.36386e-09
0.8,0.2,0 2.58221e-12
0.8,0.2,0.05 0.793319
0.8,0.2,0.1 3.19123
0.8,0.2,0.15 0.802333
0.8,0.2,0.2 4.56888e-08
0.8,0.25,0.05 0.147223
0.8,0.25,0.1 0.5934
0.8,0.25,0.15 0.149503
0.8,0.25,0.2 1.57568e-07
0.8,0.3,0 2.90909e-11
0.8,0.3,0.05 0.0334442
0.8,0.3,0.1 0.138205
0.8,0.3,0.15 0.0845356
0.8,0.3,0.2 0.0313573
0.8,0.3,0.25 0.00045132
0.8,0.35,0 5.0989e-09
0.8,0.35,0.05 6.13459
0.8,0.35,0.1 28.1632
0.8,0.35,0.15 46.0967
0.8,0.35,0.2 24.4774
0.8,0.35,0.25 0.3523
0.8,0.4,0 1.09234e-08
0.8,0.4,0.05 18.4631
0.8,0.4,0.1 85.5469
0.8,0.4,0.15 131.255
0.8,0.4,0.2 68.3153
0.8,0.4,0.25 0.982938
0.8,0.45,0 1.4318e-09
0.8,0.45,0.05 10.4174
0.8,0.45,0.1 64.9085
0.8,0.45,0.15 70.913
0.8,0.45,0.2 28.7857
0.8,0.45,0.25 0.471207
0.8,0.5,0 3.68373e-12
0.8,0.5,0.05 6.40427
0.8,0.5,0.1 67.7171
0.8,0.5,0.15 189.596
0.8,0.5,0.2 102.365
0.8,0.5,0.25 1.82641
0.8,0.55,0 1.29552e-11
0.8,0.55,0.05 75.0681
0.8,0.55,0.1 335.235
0.8,0.55,0.15 169.493
0.8,0.55,0.2 40.3189
0.8,0.55,0.25 0.746778
0.8,0.6,0 1.35796e-11
0.8,0.6,0.05 141.563
0.8,0.6,0.1 569.383
0.8,0.6,0.15 145.871
0.8,0.6,0.2 0.921929
0.8,0.6,0.25 0.0822057
0.8,0.65,0 1.51337e-12
0.8,0.65,0.05 76.9784
0.8,0.65,0.1 308.072
0.8,0.65,0.15 79.3599
0.8,0.65,0.2 1.71155
0.8,0.65,0.25 0.0400789
0.8,0.7,0 2.27173e-13
0.8,0.7,0.05 4.71673
0.8,0.7,0.1 19.8063
0.8,0.7,0.15 17.0586
0.8,0.7,0.2 8.6837
0.8,0.7,0.25 0.180842
0.8,0.75,0 2.78316e-10
0.8,0.75,0.05 1.40664
0.8,0.75,0.1 5.9227
0.8,0.75,0.15 5.40432
0.8,0.75,0.2 2.81572
0.8,0.75,0.25 0.0586387
0.8,0.8,0 1.35993e-08
0.8,0.8,0.05 59.6748
0.8,0.8,0.1 238.268
0.8,0.8,0.15 59.4753
0.8,0.8,0.2 0.00565603
0.8,0.8,0.25 3.04448e-05
0.8,0.85,0 2.1173e-08
0.8,0.85,0.05 93.7068
0.8,0.85,0.1 374.196
0.8,0.85,0.15 93.5812
0.8,0.85,0.2 0.0563408
0.8,0.85,0.25 1.87508e-07
0.8,0.9,0 2.16719e-09
0.8,0.9,0.05 9.81897
0.8,0.9,0.1 39.2416
0.8,0.9,0.15 9.93752
0.8,0.9,0.2 0.0403032
0.8,0.9,0.25 1.34133e-07
0.8,0.95,0.1 0.000798041
0.8,0.95,0.15 0.00334068
0.8,0.95,0.2 0.00087401
0.8,0.95,0.25 2.9088e-09
0.85,0.05,0 1.24806e-10
0.85,0.05,0.05 7.35247
0.85,0.05,0.1 29.3872
0.85,0.05,0.15 7.34114
0.85,0.1,0 1.47152e-09
0.85,0.1,0.05 86.6892
0.85,0.1,0.1 346.489
0.85,0.1,0.15 86.5556
0.85,0.15,0 9.59267e-10
0.85,0.15,0.05 56.5117
0.85,0.15,0.1 225.873
0.85,0.15,0.15 56.4246
0.85,0.2,0 1.64385e-11
0.85,0.2,0.05 0.968414
0.85,0.2,0.1 3.87067
0.85,0.2,0.15 0.966922
0.85,0.3,0.1 1.73785e-06
0.85,0.3,0.15 1.88235e-05
0.85,0.3,0.2 1.15199e-05
0.85,0.3,0.25 1.65805e-07
0.85,0.35,0 1.09534e-11
0.85,0.35,0.05 2.52089
0.85,0.35,0.1 10.08
0.85,0.35,0.15 2.53312
0.85,0.35,0.2 0.00899245
0.85,0.35,0.25 0.000129427
0.85,0.4,0 2.75395e-10
0.85,0.4,0.05 63.3697
0.85,0.4,0.1 253.358
0.85,0.4,0.15 63.3487
0.85,0.4,0.2 0.0250895
0.85,0.4,0.25 0.00036111
0.85,0.45,0 4.07175e-10
0.85,0.45,0.05 92.8521
0.85,0.45,0.1 371.239
0.85,0.45,0.15 92.9113
0.85,0.45,0.2 0.0995624
0.85,0.45,0.25 0.00178091
0.85,0.5,0 2.16025e-10
0.85,0.5,0.05 49.6151
0.85,0.5,0.1 198.436
0.85,0.5,0.15 50.4349
0.85,0.5,0.2 0.577033
0.85,0.5,0.25 0.0104136
0.85,0.55,0 2.50876e-11
0.85,0.55,0.05 37.5337
0.85,0.55,0.1 150.131
0.85,0.55,0.15 37.8437
0.85,0.55,0.2 0.216221
0.85,0.55,0.25 0.00390208
0.85,0.6,0 6.1264e-12
0.85,0.6,0.05 61.2836
0.85,0.6,0.1 245.105
0.85,0.6,0.15 61.2694
0.85,0.6,0.2 0.000380817
0.85,0.6,0.25 6.8725e-06
0.85,0.65,0 4.26584e-12
0.85,0.65,0.05 57.2783
0.85,0.65,0.1 229.088
0.85,0.65,0.15 57.2658
0.85,0.7,0 8.47068e-12
0.85,0.7,0.05 60.7193
0.85,0.7,0.1 242.84
0.85,0.7,0.15 60.7005
0.85,0.75,0 1.79695e-10
0.85,0.75,0.05 10.525
0.85,0.75,0.1 42.0858
0.85,0.75,0.15 10.5179
0.85,0.8,0 7.95205e-09
0.85,0.8,0.05 72.5733
0.85,0.8,0.1 292.194
0.85,0.8,0.15 81.7829
0.85,0.8,0.2 2.45385
0.85,0.8,0.25 8.16669e-06
0.85,0.85,0 1.09868e-08
0.85,0.85,0.05 89.5657
0.85,0.85,0.1 387.911
0.85,0.85,0.15 215.317
0.85,0.85,0.2 32.958
0.85,0.85,0.25 0.000109688
0.85,0.9,0 8.06315e-10
0.85,0.9,0.05 5.64828
0.85,0.9,0.1 44.0897
0.85,0.9,0.15 95.7478
0.85,0.9,0.2 23.5764
0.85,0.9,0.25 7.84648e-05
0.85,0.95,0.1 0.466834
0.85,0.95,0.15 1.95422
0.85,0.95,0.2 0.511275
0.85,0.95,0.25 1.70158e-06
0.9,0.05,0 4.89436e-11
0.9,0.05,0.05 2.88334
0.9,0.05,0.1 11.5245
0.9,0.05,0.15 2.87889
0.9,0.1,0 5.77069e-10
0.9,0.1,0.05 33.9959
0.9,0.1,0.1 135.879
0.9,0.1,0.15 33.9435
0.9,0.15,0 3.76185e-10
0.9,0.15,0.05 22.1616
0.9,0.15,0.1 88.578
0.9,0.15,0.15 22.1274
0.9,0.2,0 6.4465e-12
0.9,0.2,0.05 0.379772
0.9,0.2,0.1 1.51792
0.9,0.2,0.15 0.379187
0.9,0.35,0 7.10326e-12
0.9,0.35,0.05 1.63479
0.9,0.35,0.1 6.53596
0.9,0.35,0.15 1.63319
0.9,0.4,0 1.80532e-10
0.9,0.4,0.05 41.5276
0.9,0.4,0.1 166.029
0.9,0.4,0.15 41.4869
0.9,0.45,0 4.09201e-10
0.9,0.45,0.05 92.5882
0.9,0.45,0.1 370.17
0.9,0.45,0.15 92.4971
0.9,0.5,0 3.83236e-10
0.9,0.5,0.05 85.5453
0.9,0.5,0.1 342.012
0.9,0.5,0.15 85.4607
0.9,0.55,0 3.57798e-11
0.9,0.55,0.05 8.13557
0.9,0.55,0.1 32.5264
0.9,0.55,0.15 8.12763
0.9,0.6,0 4.9626e-14
0.9,0.6,0.05 0.390584
0.9,0.6,0.1 1.56212
0.9,0.6,0.15 0.390474
0.9,0.65,0 5.07433e-12
0.9,0.65,0.05 35.6869
0.9,0.65,0.1 142.725
0.9,0.65,0.15 35.6757
0.9,0.7,0 1.17393e-11
0.9,0.7,0.05 82.3675
0.9,0.7,0.1 329.418
0.9,0.7,0.15 82.3416
0.9,0.75,0 2.30819e-11
0.9,0.75,0.05 13.8493
0.9,0.75,0.1 55.3843
0.9,0.75,0.15 13.8429
0.9,0.8,0 6.31785e-10
0.9,0.8,0.05 61.7132
0.9,0.8,0.1 252.704
0.9,0.8,0.15 86.7772
0.9,0.8,0.2 6.57757
0.9,0.8,0.25 2.18909e-05
0.9,0.85,0 7.26178e-10
0.9,0.85,0.05 68.1559
0.9,0.85,0.1 353.118
0.9,0.85,0.15 405.743
0.9,0.85,0.2 88.3442
0.9,0.85,0.25 0.000294019
0.9,0.9,0 4.0616e-11
0.9,0.9,0.05 3.52351
0.9,0.9,0.1 71.7888
0.9,0.9,0.15 245.072
0.9,0.9,0.2 63.1967
0.9,0.9,0.25 0.000210325
0.9,0.95,0.1 1.25135
0.9,0.95,0.15 5.23829
0.9,0.95,0.2 1.37048
0.9,0.95,0.25 4.56109e-06
0.95,0.05,0 1.15116e-13
0.95,0.05,0.05 0.00678165
0.95,0.05,0.1 0.0271057
0.95,0.05,0.15 0.0067712
0.95,0.1,0 1.35728e-12
0.95,0.1,0.05 0.079959
0.95,0.1,0.1 0.319589
0.95,0.1,0.15 0.0798357
0.95,0.15,0 8.84793e-13
0.95,0.15,0.05 0.0521244
0.95,0.15,0.1 0.208337
0.95,0.15,0.15 0.052044
0.95,0.2,0 1.51623e-14
0.95,0.2,0.05 0.000893231
0.95,0.2,0.1 0.00357017
0.95,0.2,0.15 0.000891854
0.95,0.35,0 1.2004e-13
0.95,0.35,0.05 0.0276267
0.95,0.35,0.1 0.110453
0.95,0.35,0.15 0.0275997
0.95,0.4,0 3.32379e-12
0.95,0.4,0.05 0.76266
0.95,0.4,0.1 3.04915
0.95,0.4,0.15 0.761913
0.95,0.45,0 2.73417e-11
0.95,0.45,0.05 6.12057
0.95,0.45,0.1 24.4702
0.95,0.45,0.15 6.11452
0.95,0.5,0 4.07162e-11
0.95,0.5,0.05 9.08235
0.95,0.5,0.1 36.3114
0.95,0.5,0.15 9.07336
0.95,0.55,0 3.87302e-12
0.95,0.55,0.05 0.863833
0.95,0.55,0.1 3.45362
0.95,0.55,0.15 0.862979
0.95,0.6,0 1.48447e-15
0.95,0.6,0.05 0.0104151
0.95,0.6,0.1 0.041654
0.95,0.6,0.15 0.0104119
0.95,0.65,0 3.7401e-13
0.95,0.65,0.05 2.62407
0.95,0.65,0.1 10.4946
0.95,0.65,0.15 2.62325
0.95,0.7,0 8.6566e-13
0.95,0.7,0.05 6.07352
0.95,0.7,0.1 24.2903
0.95,0.7,0.15 6.07161
0.95,0.75,0 1.75853e-12
0.95,0.75,0.05 1.04604
0.95,0.75,0.1 4.18317
0.95,0.75,0.15 1.04554
0.95,0.8,0 4.51572e-11
0.95,0.8,0.05 5.22184
0.95,0.8,0.1 21.8703
0.95,0.8,0.15 9.38383
0.95,0.8,0.2 1.09057
0.95,0.8,0.25 3.62953e-06
0.95,0.85,0 4.97777e-11
0.95,0.85,0.05 5.75614
0.95,0.85,0.1 36.3848
0.95,0.85,0.15 61.7356
0.95,0.85,0.2 14.6476
0.95,0.85,0.25 4.87486e-05
0.95,0.9,0 2.56326e-12
0.95,0.9,0.05 0.296408
0.95,0.9,0.1 10.7522
0.95,0.9,0.15 40.3458
0.95,0.9,0.2 10.4781
0.95,0.9,0.25 3.48722e-05
0.95,0.95,0.1 0.207476
0.95,0.95,0.15 0.868513
0.95,0.95,0.2 0.227226
0.95,0.95,0.25 7.56233e-07
