0.85,0.6,0.75 256.078
0.85,0.6,0.8 128.101
0.85,0.6,0.85 3.83151
0.85,0.65,0.1 16.0685
0.85,0.65,0.15 202.623
0.85,0.65,0.2 162.236
0.85,0.65,0.25 111.366
0.85,0.65,0.3 257.111
0.85,0.65,0.35 796.257
0.85,0.65,0.4 470.428
0.85,0.65,0.45 310.014
0.85,0.65,0.5 502.265
0.85,0.65,0.55 646.685
0.85,0.65,0.6 728.732
0.85,0.65,0.65 270.034
0.85,0.65,0.7 347.955
0.85,0.65,0.75 140.232
0.85,0.65,0.8 18.8712
0.85,0.65,0.85 0.034618
0.85,0.7,0.1 18.1109
0.85,0.7,0.15 202.823
0.85,0.7,0.2 127.812
0.85,0.7,0.25 4.87944
0.85,0.7,0.3 38.7916
0.85,0.7,0.35 201.328
0.85,0.7,0.4 222.739
0.85,0.7,0.45 452.021
0.85,0.7,0.5 729.143
0.85,0.7,0.55 592.621
0.85,0.7,0.6 632.918
0.85,0.7,0.65 354.241
0.85,0.7,0.7 126.254
0.85,0.7,0.75 133.153
0.85,0.7,0.8 27.8051
0.85,0.75,0.1 1.53413
0.85,0.75,0.15 17.01
0.85,0.75,0.2 10.595
0.85,0.75,0.25 32.8901
0.85,0.75,0.3 192.091
0.85,0.75,0.35 230.345
0.85,0.75,0.4 421.036
0.85,0.75,0.45 352.338
0.85,0.75,0.5 382.581
0.85,0.75,0.55 159.139
0.85,0.75,0.6 256.645
0.85,0.75,0.65 281.929
0.85,0.75,0.7 76.4174
0.85,0.75,0.75 11.5261
0.85,0.75,0.8 2.43207
0.85,0.8,0.25 57.0419
0.85,0.8,0.3 315.799
0.85,0.8,0.35 152.21
0.85,0.8,0.4 183.999
0.85,0.8,0.45 125.229
0.85,0.8,0.5 39.7901
0.85,0.8,0.55 114.283
0.85,0.8,0.6 61.7455
0.85,0.8,0.65 18.0037
0.85,0.8,0.7 5.95886
0.85,0.8,0.75 0.0116253
0.85,0.85,0.25 5.73931
0.85,0.85,0.3 31.622
0.85,0.85,0.35 11.3745
0.85,0.85,0.4 29.1837
0.85,0.85,0.45 110.894
0.85,0.85,0.5 55.5995
0.85,0.85,0.55 216.706
0.85,0.85,0.6 104.991
0.85,0.85,0.65 0.689122
0.85,0.9,0.4 3.53123
0.85,0.9,0.45 14.8453
0.85,0.9,0.5 6.99838
0.85,0.9,0.55 25.0659
0.85,0.9,0.6 12.144
0.85,0.9,0.65 0.0797093
0.9,0.05,0.4 0.236988
0.9,0.05,0.45 2.39332
0.9,0.05,0.5 1.38806
0.9,0.05,0.55 0.0170368
0.9,0.1,0.4 6.28502
0.9,0.1,0.45 63.4717
0.9,0.1,0.5 36.8119
0.9,0.1,0.55 0.451824
0.9,0.15,0.25 0.0665498
0.9,0.15,0.3 3.38662
0.9,0.15,0.35 4.92746
0.9,0.15,0.4 7.18296
0.9,0.15,0.45 68.6717
0.9,0.15,0.5 40.3816
0.9,0.15,0.55 1.57828
0.9,0.15,0.6 3.8608
0.9,0.15,0.65 5.58682
0.9,0.15,0.7 4.02794
0.9,0.15,0.75 0.158446
0.9,0.2,0.25 2.8158
0.9,0.2,0.3 143.286
0.9,0.2,0.35 208.519
0.9,0.2,0.4 49.1369
0.9,0.2,0.45 102.887
0.9,0.2,0.5 102.528
0.9,0.2,0.55 90.3176
0.9,0.2,0.6 53.9934
0.9,0.2,0.65 103.551
0.9,0.2,0.7 89.4128
0.9,0.2,0.75 3.51864
0.9,0.25,0.15 0.000353618
0.9,0.25,0.2 2.75859
0.9,0.25,0.25 29.3824
0.9,0.25,0.3 214.028
0.9,0.25,0.35 314.355
0.9,0.25,0.4 164.085
0.9,0.25,0.45 337.715
0.9,0.25,0.5 229.084
0.9,0.25,0.55 242.005
0.9,0.25,0.6 194.472
0.9,0.25,0.65 150.667
0.9,0.25,0.7 97.3942
0.9,0.25,0.75 9.3882
0.9,0.25,0.8 1.63372
0.9,0.25,0.85 4.85856e-05
0.9,0.3,0.15 0.00270087
0.9,0.3,0.2 31.0159
0.9,0.3,0.25 321.697
0.9,0.3,0.3 296.21
0.9,0.3,0.35 343.689
0.9,0.3,0.4 318.979
0.9,0.3,0.45 287.241
0.9,0.3,0.5 147.055
0.9,0.3,0.55 183.563
0.9,0.3,0.6 268.086
0.9,0.3,0.65 281.778
0.9,0.3,0.7 75.4813
0.9,0.3,0.75 63.7944
0.9,0.3,0.8 17.3575
0.9,0.3,0.85 0.000584151
0.9,0.35,0.15 0.395508
0.9,0.35,0.2 67.6628
0.9,0.35,0.25 330.094
0.9,0.35,0.3 268.594
0.9,0.35,0.35 291.234
0.9,0.35,0.4 315.233
0.9,0.35,0.45 352.297
0.9,0.35,0.5 258.884
0.9,0.35,0.55 164.265
0.9,0.35,0.6 237.233
0.9,0.35,0.65 183.995
0.9,0.35,0.7 77.4267
0.9,0.35,0.75 55.8396
0.9,0.35,0.8 16.5145
0.9,0.35,0.85 0.0161903
0.9,0.4,0.05 6.25679e-05
0.9,0.4,0.1 0.0207139
0.9,0.4,0.15 1.69313
0.9,0.4,0.2 198.896
0.9,0.4,0.25 523.444
0.9,0.4,0.3 409.054
0.9,0.4,0.35 399.992
0.9,0.4,0.4 375.673
0.9,0.4,0.45 332.46
0.9,0.4,0.5 213.249
0.9,0.4,0.55 194.976
0.9,0.4,0.6 151.976
0.9,0.4,0.65 93.8587
0.9,0.4,0.7 69.3081
0.9,0.4,0.75 39.1306
0.9,0.4,0.8 14.0924
0.9,0.4,0.85 2.46882
0.9,0.4,0.9 2.63438
0.9,0.4,0.95 0.131646
0.9,0.45,0.05 0.155866
0.9,0.45,0.1 51.6014
0.9,0.45,0.15 126.517
0.9,0.45,0.2 124.155
0.9,0.45,0.25 437.288
0.9,0.45,0.3 391.127
0.9,0.45,0.35 306.147
0.9,0.45,0.4 400.19
0.9,0.45,0.45 434.711
0.9,0.45,0.5 163.566
0.9,0.45,0.55 128.478
0.9,0.45,0.6 84.4483
0.9,0.45,0.65 121.388
0.9,0.45,0.7 143.32
0.9,0.45,0.75 43.3292
0.9,0.45,0.8 10.4971
0.9,0.45,0.85 45.0961
0.9,0.45,0.9 48.8288
0.9,0.45,0.95 2.44008
0.9,0.5,0.05 0.491747
0.9,0.5,0.1 162.799
0.9,0.5,0.15 397.493
0.9,0.5,0.2 118.615
0.9,0.5,0.25 389.696
0.9,0.5,0.3 591.055
0.9,0.5,0.35 308.544
0.9,0.5,0.4 319.097
0.9,0.5,0.45 265.2
0.9,0.5,0.5 120.802
0.9,0.5,0.55 123.499
0.9,0.5,0.6 152.877
0.9,0.5,0.65 114.832
0.9,0.5,0.7 62.7918
0.9,0.5,0.75 63.8048
0.9,0.5,0.8 19.9083
0.9,0.5,0.85 39.9112
0.9,0.5,0.9 43.0703
0.9,0.5,0.95 2.15232
0.9,0.55,0.05 0.096738
0.9,0.55,0.1 32.0264
0.9,0.55,0.15 81.9014
0.9,0.55,0.2 144.02
0.9,0.55,0.25 296.961
0.9,0.55,0.3 558.55
0.9,0.55,0.35 548.275
0.9,0.55,0.4 451.121
0.9,0.55,0.45 263.746
0.9,0.55,0.5 363.445
0.9,0.55,0.55 275.621
0.9,0.55,0.6 278.565
0.9,0.55,0.65 90.4607
0.9,0.55,0.7 77.4123
0.9,0.55,0.75 68.4265
0.9,0.55,0.8 42.8696
0.9,0.55,0.85 2.60115
0.9,0.55,0.9 1.47699
0.9,0.55,0.95 0.0738084
0.9,0.6,0.1 0.240052
0.9,0.6,0.15 8.17488
0.9,0.6,0.2 223.685
0.9,0.6,0.25 546.824
0.9,0.6,0.3 328.566
0.9,0.6,0.35 336.429
0.9,0.6,0.4 250.709
0.9,0.6,0.45 347.158
0.9,0.6,0.5 295.219
0.9,0.6,0.55 226.649
0.9,0.6,0.6 288.949
0.9,0.6,0.65 135.606
0.9,0.6,0.7 197.184
0.9,0.6,0.75 60.8732
0.9,0.6,0.8 21.7371
0.9,0.6,0.85 0.653265
0.9,0.65,0.1 14.587
0.9,0.65,0.15 162.18
0.9,0.65,0.2 142.203
0.9,0.65,0.25 249.242
0.9,0.65,0.3 215.084
0.9,0.65,0.35 367.54
0.9,0.65,0.4 247.016
0.9,0.65,0.45 238.071
0.9,0.65,0.5 252.041
0.9,0.65,0.55 365.092
0.9,0.65,0.6 389.136
0.9,0.65,0.65 113.351
0.9,0.65,0.7 141.197
0.9,0.65,0.75 25.9252
0.9,0.65,0.8 0.225895
0.9,0.65,0.85 0.00590233
0.9,0.7,0.1 22.7179
0.9,0.7,0.15 251.889
0.9,0.7,0.2 157.572
0.9,0.7,0.25 8.3309
0.9,0.7,0.3 40.2006
0.9,0.7,0.35 256.851
0.9,0.7,0.4 265.62
0.9,0.7,0.45 350.427
0.9,0.7,0.5 375.591
0.9,0.7,0.55 458.265
0.9,0.7,0.6 369.128
0.9,0.7,0.65 98.0814
0.9,0.7,0.7 8.32238
0.9,0.7,0.75 1.55588
0.9,0.7,0.8 0.0462944
0.9,0.75,0.1 1.96691
0.9,0.75,0.15 21.8085
0.9,0.75,0.2 13.5839
0.9,0.75,0.25 2.86693
0.9,0.75,0.3 59.562
0.9,0.75,0.35 450.528
0.9,0.75,0.4 566.063
0.9,0.75,0.45 231.87
0.9,0.75,0.5 129.694
0.9,0.75,0.55 105.017
0.9,0.75,0.6 138.857
0.9,0.75,0.65 56.9368
0.9,0.75,0.7 1.10945
0.9,0.75,0.75 0.020683
0.9,0.75,0.8 0.00404931
0.9,0.8,0.25 4.65942
0.9,0.8,0.3 32.2439
0.9,0.8,0.35 79.4483
0.9,0.8,0.4 150.323
0.9,0.8,0.45 200.472
0.9,0.8,0.5 65.3558
0.9,0.8,0.55 150.595
0.9,0.8,0.6 75.3861
0.9,0.8,0.65 1.83337
0.9,0.8,0.7 0.0804858
0.9,0.8,0.75 0.000148318
0.9,0.85,0.25 0.470488
0.9,0.85,0.3 2.59401
0.9,0.85,0.35 0.892637
0.9,0.85,0.4 94.0204
0.9,0.85,0.45 395.185
0.9,0.85,0.5 140.042
0.9,0.85,0.55 293.001
0.9,0.85,0.6 141.954
0.9,0.85,0.65 0.931739
0.9,0.9,0.4 12.9385
0.9,0.9,0.45 54.3935
0.9,0.9,0.5 18.4801
0.9,0.9,0.55 33.8908
0.9,0.9,0.6 16.4196
0.9,0.9,0.65 0.107772
0.95,0.15,0.25 0.0110033
0.95,0.15,0.3 0.559941
0.95,0.15,0.35 0.814701
0.95,0.15,0.4 0.0644353
0.95,0.15,0.45 0.00108186
0.95,0.15,0.5 0.0086975
0.95,0.15,0.55 0.00765568
0.95,0.15,0.6 0.00120538
0.95,0.15,0.65 0.0195929
0.95,0.15,0.7 0.0185594
0.95,0.15,0.75 0.000730436
0.95,0.2,0.25 0.465212
0.95,0.2,0.3 23.6739
0.95,0.2,0.35 34.4471
0.95,0.2,0.4 4.3673
0.95,0.2,0.45 4.70387
0.95,0.2,0.5 2.0933
0.95,0.2,0.55 1.23091
0.95,0.2,0.6 0.219188
0.95,0.2,0.65 0.452397
0.95,0.2,0.7 0.412153
0.95,0.2,0.75 0.016221
0.95,0.25,0.2 0.343469
0.95,0.25,0.25 4.82405
0.95,0.25,0.3 34.9842
0.95,0.25,0.35 48.9089
0.95,0.25,0.4 10.7169
0.95,0.25,0.45 16.1503
0.95,0.25,0.5 5.41054
0.95,0.25,0.55 2.79654
0.95,0.25,0.6 0.971056
0.95,0.25,0.65 0.645655
0.95,0.25,0.7 0.433204
0.95,0.25,0.75 0.0159059
0.95,0.3,0.2 4.48123
0.95,0.3,0.25 54.8039
0.95,0.3,0.3 41.4547
0.95,0.3,0.35 26.9027
0.95,0.3,0.4 16.5746
0.95,0.3,0.45 8.34107
0.95,0.3,0.5 2.11298
0.95,0.3,0.55 0.575775
0.95,0.3,0.6 0.737155
0.95,0.3,0.65 0.877364
0.95,0.3,0.7 0.177746
0.95,0.3,0.75 0.000668767
0.95,0.35,0.15 0.0797982
0.95,0.35,0.2 12.7727
0.95,0.35,0.25 58.5357
0.95,0.35,0.3 33.4606
0.95,0.35,0.35 19.7047
0.95,0.35,0.4 14.3079
0.95,0.35,0.45 7.32238
0.95,0.35,0.5 3.29985
0.95,0.35,0.55 0.424263
0.95,0.35,0.6 0.270293
0.95,0.35,0.65 0.35119
0.95,0.35,0.7 0.0560452
0.95,0.35,0.75 4.73196e-07
0.95,0.4,0.05 1.53315e-05
0.95,0.4,0.1 0.0050757
0.95,0.4,0.15 0.340995
0.95,0.4,0.2 39.8838
0.95,0.4,0.25 91.9323
0.95,0.4,0.3 46.8186
0.95,0.4,0.35 34.7296
0.95,0.4,0.4 24.2639
0.95,0.4,0.45 8.79382
0.95,0.4,0.5 3.24488
0.95,0.4,0.55 1.05548
0.95,0.4,0.6 0.118526
0.95,0.4,0.65 0.0142233
0.95,0.4,0.7 0.00990391
0.95,0.4,0.75 0.000927514
0.95,0.45,0.05 0.0381932
0.95,0.45,0.1 12.6443
0.95,0.45,0.15 30.9458
0.95,0.45,0.2 18.3128
0.95,0.45,0.25 44.8599
0.95,0.45,0.3 36.1905
0.95,0.45,0.35 24.0233
0.95,0.45,0.4 25.5422
0.95,0.45,0.45 18.1828
0.95,0.45,0.5 4.68359
0.95,0.45,0.55 0.399713
0.95,0.45,0.6 0.0428044
0.95,0.45,0.65 0.0352648
0.95,0.45,0.7 0.0569726
0.95,0.45,0.75 0.00538989
0.95,0.5,0.05 0.120497
0.95,0.5,0.1 39.8921
0.95,0.5,0.15 97.3704
0.95,0.5,0.2 18.3745
0.95,0.5,0.25 25.686
0.95,0.5,0.3 47.1235
0.95,0.5,0.35 22.976
0.95,0.5,0.4 18.5291
0.95,0.5,0.45 8.95294
0.95,0.5,0.5 2.37013
0.95,0.5,0.55 0.367033
0.95,0.5,0.6 0.300077
0.95,0.5,0.65 0.0592159
0.95,0.5,0.7 0.0205268
0.95,0.5,0.75 0.00194194
0.95,0.55,0.05 0.0237046
0.95,0.55,0.1 7.84769
0.95,0.55,0.15 19.4229
0.95,0.55,0.2 12.5398
0.95,0.55,0.25 25.7417
0.95,0.55,0.3 56.5116
0.95,0.55,0.35 40.3039
0.95,0.55,0.4 24.9847
0.95,0.55,0.45 6.28124
0.95,0.55,0.5 4.90341
0.95,0.55,0.55 2.55282
0.95,0.55,0.6 1.86423
0.95,0.55,0.65 0.321689
0.95,0.55,0.7 0.0238926
0.95,0.55,0.75 0.0043305
0.95,0.6,0.1 0.0157248
0.95,0.6,0.15 0.571413
0.95,0.6,0.2 18.7696
0.95,0.6,0.25 63.4166
0.95,0.6,0.3 36.8965
0.95,0.6,0.35 15.7958
0.95,0.6,0.4 9.67812
0.95,0.6,0.45 9.23847
0.95,0.6,0.5 4.19473
0.95,0.6,0.55 1.63848
0.95,0.6,0.6 1.59123
0.95,0.6,0.65 0.55739
0.95,0.6,0.7 0.6922
0.95,0.6,0.75 0.125554
0.95,0.65,0.1 0.955731
0.95,0.65,0.15 10.6288
0.95,0.65,0.2 11.641
0.95,0.65,0.25 35.7824
0.95,0.65,0.3 19.2376
0.95,0.65,0.35 5.04959
0.95,0.65,0.4 3.88754
0.95,0.65,0.45 8.7009
0.95,0.65,0.5 5.80164
0.95,0.65,0.55 7.0374
0.95,0.65,0.6 4.31688
0.95,0.65,0.65 0.886528
0.95,0.65,0.7 0.783027
0.95,0.65,0.75 0.14197
0.95,0.7,0.1 1.48846
0.95,0.7,0.15 16.5037
0.95,0.7,0.2 10.3812
0.95,0.7,0.25 1.03858
0.95,0.7,0.3 5.10801
0.95,0.7,0.35 39.2738
0.95,0.7,0.4 31.2501
0.95,0.7,0.45 21.9646
0.95,0.7,0.5 18.2621
0.95,0.7,0.55 19.6596
0.95,0.7,0.6 6.53896
0.95,0.7,0.65 1.28631
0.95,0.7,0.7 0.0465068
0.95,0.7,0.75 0.00762666
0.95,0.75,0.1 0.128871
0.95,0.75,0.15 1.42889
0.95,0.75,0.2 0.890014
0.95,0.75,0.25 0.0134662
0.95,0.75,0.3 10.4205
0.95,0.75,0.35 93.7904
0.95,0.75,0.4 81.8426
0.95,0.75,0.45 18.8765
0.95,0.75,0.5 5.56299
0.95,0.75,0.55 4.83402
0.95,0.75,0.6 2.46393
0.95,0.75,0.65 0.780507
0.95,0.75,0.7 0.00316309
0.95,0.8,0.3 1.52156
0.95,0.8,0.35 14.2673
0.95,0.8,0.4 24.1845
0.95,0.8,0.45 42.6294
0.95,0.8,0.5 11.817
0.95,0.8,0.55 10.6469
0.95,0.8,0.6 5.19373
0.95,0.8,0.65 0.050381
0.95,0.8,0.7 6.71591e-05
0.95,0.85,0.4 21.5235
0.95,0.85,0.45 90.4848
0.95,0.85,0.5 26.3428
0.95,0.85,0.55 20.7822
0.95,0.85,0.6 10.0686
0.95,0.85,0.65 0.0660867
0.95,0.9,0.4 2.96256
0.95,0.9,0.45 12.4546
0.95,0.9,0.5 3.56945
0.95,0.9,0.55 2.40383
0.95,0.9,0.6 1.16461
0.95,0.9,0.65 0.00764411
