0,0.4,0.15 1.19075e-17
0,0.4,0.2 5.06975e-17
0,0.4,0.25 1.349e-17
0,0.4,0.3 1.14125e-22
0,0.45,0.15 1.12096e-14
0,0.45,0.2 4.77262e-14
0,0.45,0.25 1.26994e-14
0,0.45,0.3 1.07437e-19
0,0.5,0.15 3.20258e-14
0,0.5,0.2 1.36353e-13
0,0.5,0.25 3.62821e-14
0,0.5,0.3 3.06946e-19
0,0.55,0.15 5.68242e-15
0,0.55,0.2 2.41935e-14
0,0.55,0.25 6.43762e-15
0,0.55,0.3 5.44623e-20
0,0.65,0.15 4.31381e-14
0,0.65,0.2 5.93819e-13
0,0.65,0.25 4.32066e-13
0,0.65,0.3 9.75849e-15
0,0.7,0.15 5.30933e-13
0,0.7,0.2 7.30859e-12
0,0.7,0.25 5.31777e-12
0,0.7,0.3 1.20105e-13
0,0.75,0.15 3.57062e-13
0,0.75,0.2 4.91516e-12
0,0.75,0.25 3.5763e-12
0,0.75,0.3 8.07729e-14
0,0.8,0.15 6.639e-15
0,0.8,0.2 9.13895e-14
0,0.8,0.25 6.64955e-14
0,0.8,0.3 1.50184e-15
0.05,0.1,0.1 2.30486
0.05,0.1,0.15 15.0317
0.05,0.1,0.2 6.02635
0.05,0.1,0.25 0.0161282
0.05,0.15,0 1.83915e-16
0.05,0.15,0.05 0.000317428
0.05,0.15,0.1 11.7531
0.05,0.15,0.15 77.9318
0.05,0.15,0.2 35.1806
0.05,0.15,0.25 1.04294
0.05,0.15,0.3 0.00495743
0.05,0.15,0.35 0.0191915
0.05,0.15,0.4 0.00464341
0.05,0.2,0 6.19752e-15
0.05,0.2,0.05 0.0318688
0.05,0.2,0.1 3.8639
0.05,0.2,0.15 30.1302
0.05,0.2,0.2 29.6341
0.05,0.2,0.25 11.4511
0.05,0.2,0.3 13.4145
0.05,0.2,0.35 6.88011
0.05,0.2,0.4 1.39165
0.05,0.25,0 5.6899e-14
0.05,0.25,0.05 0.366601
0.05,0.25,0.1 1.46979
0.05,0.25,0.15 3.1112
0.05,0.25,0.2 9.02802
0.05,0.25,0.25 35.6282
0.05,0.25,0.3 60.0419
0.05,0.25,0.35 19.1215
0.05,0.25,0.4 3.33378
0.05,0.3,0 3.84023e-14
0.05,0.3,0.05 0.250637
0.05,0.3,0.1 1.00451
0.05,0.3,0.15 1.54255
0.05,0.3,0.2 3.62068
0.05,0.3,0.25 10.6153
0.05,0.3,0.3 17.2228
0.05,0.3,0.35 3.60009
0.05,0.3,0.4 0.488821
0.05,0.35,0 2.9298e-10
0.05,0.35,0.05 1.34787
0.05,0.35,0.1 5.38191
0.05,0.35,0.15 1.41024
0.05,0.35,0.2 0.181264
0.05,0.35,0.25 0.0317485
0.05,0.35,0.3 0.0025082
0.05,0.35,0.35 0.000237254
0.05,0.4,0 1.17859e-09
0.05,0.4,0.05 5.4024
0.05,0.4,0.1 21.5716
0.05,0.4,0.15 5.48198
0.05,0.4,0.2 0.427337
0.05,0.4,0.25 0.139395
0.05,0.4,0.3 0.000151276
0.05,0.4,0.35 4.08861e-08
0.05,0.4,0.4 8.27785e-08
0.05,0.4,0.45 9.99879e-09
0.05,0.45,0 2.96324e-10
0.05,0.45,0.05 1.37584
0.05,0.45,0.1 5.62287
0.05,0.45,0.15 14.5069
0.05,0.45,0.2 59.7018
0.05,0.45,0.25 18.2012
0.05,0.45,0.3 0.549335
0.05,0.45,0.35 0.0405533
0.05,0.45,0.4 0.00101275
0.05,0.45,0.45 0.00012233
0.05,0.5,0 1.9949e-18
0.05,0.5,0.05 0.339396
0.05,0.5,0.1 3.45471
0.05,0.5,0.15 33.049
0.05,0.5,0.2 140.245
0.05,0.5,0.25 49.0173
0.05,0.5,0.3 11.3962
0.05,0.5,0.35 1.57699
0.05,0.5,0.4 0.103811
0.05,0.5,0.45 0.000427191
0.05,0.55,0.05 0.307105
0.05,0.55,0.1 3.10802
0.05,0.55,0.15 6.66962
0.05,0.55,0.2 24.2051
0.05,0.55,0.25 58.7103
0.05,0.55,0.3 56.5972
0.05,0.55,0.35 11.3468
0.05,0.55,0.4 1.2308
0.05,0.55,0.45 0.00155508
0.05,0.6,0.05 0.0110736
0.05,0.6,0.1 0.112039
0.05,0.6,0.15 0.0657511
0.05,0.6,0.2 2.39685
0.05,0.6,0.25 44.2731
0.05,0.6,0.3 45.7508
0.05,0.6,0.35 16.2198
0.05,0.6,0.4 5.29633
0.05,0.6,0.45 0.0336974
0.05,0.65,0.15 0.431812
0.05,0.65,0.2 6.03376
0.05,0.65,0.25 5.98915
0.05,0.65,0.3 2.85188
0.05,0.65,0.35 9.61066
0.05,0.65,0.4 4.70819
0.05,0.65,0.45 0.0337385
0.05,0.7,0.15 5.31433
0.05,0.7,0.2 73.1546
0.05,0.7,0.25 53.2277
0.05,0.7,0.3 1.25187
0.05,0.7,0.35 0.413175
0.05,0.7,0.4 0.204822
0.05,0.7,0.45 0.00147012
0.05,0.75,0.15 3.57398
0.05,0.75,0.2 49.1978
0.05,0.75,0.25 35.7966
0.05,0.75,0.3 0.808489
0.05,0.8,0.15 0.0664524
0.05,0.8,0.2 0.914754
0.05,0.8,0.25 0.66558
0.05,0.8,0.3 0.0150325
0.1,0,0.1 2.01027e-19
0.1,0,0.15 6.84176e-17
0.1,0,0.2 1.67834e-16
0.1,0,0.25 2.52659e-17
0.1,0.05,0.1 2.64753e-06
0.1,0.05,0.15 0.000901064
0.1,0.05,0.2 0.0463003
0.1,0.05,0.25 1.35238
0.1,0.05,0.3 1.57166
0.1,0.05,0.35 0.0883256
0.1,0.1,0.1 11.8676
0.1,0.1,0.15 77.4415
0.1,0.1,0.2 31.6465
0.1,0.1,0.25 6.63649
0.1,0.1,0.3 7.3837
0.1,0.1,0.35 0.437261
0.1,0.1,0.4 0.000497523
0.1,0.15,0 1.61724e-12
0.1,0.15,0.05 2.79127
0.1,0.15,0.1 71.673
0.1,0.15,0.15 419.2
0.1,0.15,0.2 236.239
0.1,0.15,0.25 21.2754
0.1,0.15,0.3 8.89995
0.1,0.15,0.35 5.13241
0.1,0.15,0.4 0.192664
0.1,0.2,0 1.6235e-11
0.1,0.2,0.05 30.4585
0.1,0.2,0.1 141.053
0.1,0.2,0.15 253.178
0.1,0.2,0.2 395.607
0.1,0.2,0.25 130.146
0.1,0.2,0.3 121.839
0.1,0.2,0.35 139.603
0.1,0.2,0.4 29.8462
0.1,0.25,0 1.52925e-11
0.1,0.25,0.05 57.363
0.1,0.25,0.1 229.518
0.1,0.25,0.15 143.348
0.1,0.25,0.2 263.063
0.1,0.25,0.25 271.916
0.1,0.25,0.3 434.477
0.1,0.25,0.35 328.359
0.1,0.25,0.4 71.0373
0.1,0.3,0 4.52776e-12
0.1,0.3,0.05 29.4396
0.1,0.3,0.1 117.848
0.1,0.3,0.15 95.4103
0.1,0.3,0.2 179.124
0.1,0.3,0.25 93.7209
0.1,0.3,0.3 116.382
0.1,0.3,0.35 52.9542
0.1,0.3,0.4 10.412
0.1,0.35,0 4.53774e-09
0.1,0.35,0.05 21.5211
0.1,0.35,0.1 85.9394
0.1,0.35,0.15 24.8779
0.1,0.35,0.2 9.2542
0.1,0.35,0.25 1.55356
0.1,0.35,0.3 0.0157433
0.1,0.35,0.35 0.00148918
0.1,0.4,0 1.82539e-08
0.1,0.4,0.05 83.6724
0.1,0.4,0.1 334.364
0.1,0.4,0.15 89.7364
0.1,0.4,0.2 8.97104
0.1,0.4,0.25 1.42081
0.1,0.4,0.3 0.0022585
0.1,0.4,0.35 0.00122912
0.1,0.4,0.4 0.00248849
0.1,0.4,0.45 0.000300585
0.1,0.45,0 4.5947e-09
0.1,0.45,0.05 23.0516
0.1,0.45,0.1 101.557
0.1,0.45,0.15 199.653
0.1,0.45,0.2 455.465
0.1,0.45,0.25 126.212
0.1,0.45,0.3 12.6446
0.1,0.45,0.35 15.947
0.1,0.45,0.4 30.4463
0.1,0.45,0.45 3.67767
0.1,0.5,0 2.66209e-11
0.1,0.5,0.05 22.2253
0.1,0.5,0.1 192.386
0.1,0.5,0.15 365.073
0.1,0.5,0.2 872.345
0.1,0.5,0.25 397.039
0.1,0.5,0.3 229.801
0.1,0.5,0.35 107.973
0.1,0.5,0.4 111.875
0.1,0.5,0.45 12.8464
0.1,0.55,0 8.42652e-12
0.1,0.55,0.05 16.614
0.1,0.55,0.1 157.135
0.1,0.55,0.15 148.606
0.1,0.55,0.2 233.548
0.1,0.55,0.25 528.195
0.1,0.55,0.3 561.428
0.1,0.55,0.35 357.909
0.1,0.55,0.4 68.7927
0.1,0.55,0.45 2.83707
0.1,0.6,0 3.32896e-15
0.1,0.6,0.05 1.63072
0.1,0.6,0.1 22.0668
0.1,0.6,0.15 20.6897
0.1,0.6,0.2 67.9863
0.1,0.6,0.25 350.991
0.1,0.6,0.3 339.288
0.1,0.6,0.35 374.22
0.1,0.6,0.4 121.129
0.1,0.6,0.45 0.723742
0.1,0.65,0.05 2.30141
0.1,0.65,0.1 35.2938
0.1,0.65,0.15 43.3639
0.1,0.65,0.2 53.9421
0.1,0.65,0.25 54.9515
0.1,0.65,0.3 84.8882
0.1,0.65,0.35 213.324
0.1,0.65,0.4 101.143
0.1,0.65,0.45 0.724452
0.1,0.7,0.05 0.289277
0.1,0.7,0.1 6.31186
0.1,0.7,0.15 64.9126
0.1,0.7,0.2 338.344
0.1,0.7,0.25 246.909
0.1,0.7,0.3 76.8729
0.1,0.7,0.35 19.1165
0.1,0.7,0.4 4.39804
0.1,0.7,0.45 0.0315671
0.1,0.75,0.1 0.529712
0.1,0.75,0.15 24.2218
0.1,0.75,0.2 206.08
0.1,0.75,0.25 146.894
0.1,0.75,0.3 10.2268
0.1,0.75,0.35 0.967471
0.1,0.8,0.1 1.48119e-05
0.1,0.8,0.15 0.281783
0.1,0.8,0.2 3.93057
0.1,0.8,0.25 2.89151
0.1,0.8,0.3 0.0673296
0.1,0.85,0.15 0.000386229
0.1,0.85,0.2 0.00667149
0.1,0.85,0.25 0.00563419
0.1,0.85,0.3 0.000176909
0.15,0,0.1 2.5992e-15
0.15,0,0.15 8.84613e-13
0.15,0,0.2 2.17003e-12
0.15,0,0.25 3.26679e-13
0.15,0.05,0 3.77742e-13
0.15,0.05,0.05 0.00767793
0.15,0.05,0.1 0.0649096
0.15,0.05,0.15 11.6581
0.15,0.05,0.2 29.8816
0.15,0.05,0.25 44.7235
0.15,0.05,0.3 47.4328
0.15,0.05,0.35 2.72468
0.15,0.1,0 2.55832e-10
0.15,0.1,0.05 5.19999
0.15,0.1,0.1 24.7228
0.15,0.1,0.15 78.9176
0.15,0.1,0.2 153.103
0.15,0.1,0.25 221.42
0.15,0.1,0.3 226.333
0.15,0.1,0.35 13.5539
0.15,0.1,0.4 0.00881962
0.15,0.15,0 7.0896e-10
0.15,0.15,0.05 23.9752
0.15,0.15,0.1 115.332
0.15,0.15,0.15 203.547
0.15,0.15,0.2 351.995
0.15,0.15,0.25 204.896
0.15,0.15,0.3 192.387
0.15,0.15,0.35 91.2979
0.15,0.15,0.4 1.93864
0.15,0.2,0 2.0535e-10
0.15,0.2,0.05 104.125
0.15,0.2,0.1 422.902
0.15,0.2,0.15 268.03
0.15,0.2,0.2 620.591
0.15,0.2,0.25 393.812
0.15,0.2,0.3 390.975
0.15,0.2,0.35 330.228
0.15,0.2,0.4 33.0881
0.15,0.25,0 6.20458e-11
0.15,0.25,0.05 149.866
0.15,0.25,0.1 599.634
0.15,0.25,0.15 276.555
0.15,0.25,0.2 511.033
0.15,0.25,0.25 505.632
0.15,0.25,0.3 384.635
0.15,0.25,0.35 333.989
0.15,0.25,0.4 68.9511
0.15,0.3,0 1.0722e-11
0.15,0.3,0.05 110.095
0.15,0.3,0.1 440.483
0.15,0.3,0.15 207.805
0.15,0.3,0.2 275.1
0.15,0.3,0.25 121.227
0.15,0.3,0.3 78.8812
0.15,0.3,0.35 45.9508
0.15,0.3,0.4 9.98474
0.15,0.35,0 3.57402e-09
0.15,0.35,0.05 35.995
0.15,0.35,0.1 143.877
0.15,0.35,0.15 41.0488
0.15,0.35,0.2 13.7621
0.15,0.35,0.25 2.32275
0.15,0.35,0.3 0.00609483
0.15,0.35,0.35 0.000576463
0.15,0.4,0 1.43752e-08
0.15,0.4,0.05 66.1164
0.15,0.4,0.1 270.403
0.15,0.4,0.15 124.479
0.15,0.4,0.2 39.0867
0.15,0.4,0.25 1.91723
0.15,0.4,0.3 0.0491445
0.15,0.4,0.35 0.00445058
0.15,0.4,0.4 0.00901069
0.15,0.4,0.45 0.0010884
0.15,0.45,0 3.68883e-09
0.15,0.45,0.05 34.4522
0.15,0.45,0.1 179.314
0.15,0.45,0.15 532.921
0.15,0.45,0.2 567.48
0.15,0.45,0.25 166.286
0.15,0.45,0.3 40.861
0.15,0.45,0.35 74.1004
0.15,0.45,0.4 115.455
0.15,0.45,0.45 14.0948
0.15,0.5,0 3.78547e-10
0.15,0.5,0.05 107.793
0.15,0.5,0.1 589.751
0.15,0.5,0.15 667.023
0.15,0.5,0.2 839.385
0.15,0.5,0.25 543.017
0.15,0.5,0.3 398.305
0.15,0.5,0.35 420.14
0.15,0.5,0.4 497.145
0.15,0.5,0.45 64.0474
0.15,0.55,0 1.19825e-10
0.15,0.55,0.05 47.7923
0.15,0.55,0.1 322.741
0.15,0.55,0.15 363.057
0.15,0.55,0.2 516.858
0.15,0.55,0.25 697.836
0.15,0.55,0.3 835.94
0.15,0.55,0.35 797.024
0.15,0.55,0.4 274.83
0.15,0.55,0.45 27.5424
0.15,0.6,0 2.51694e-10
0.15,0.6,0.05 14.1521
0.15,0.6,0.1 164.362
0.15,0.6,0.15 148.042
0.15,0.6,0.2 171.286
0.15,0.6,0.25 438.953
0.15,0.6,0.3 422.549
0.15,0.6,0.35 488.851
0.15,0.6,0.4 138.603
0.15,0.6,0.45 1.46549
0.15,0.65,0 1.34118e-09
0.15,0.65,0.05 41.5349
0.15,0.65,0.1 387.311
0.15,0.65,0.15 422.351
0.15,0.65,0.2 369.013
0.15,0.65,0.25 268.5
0.15,0.65,0.3 510.951
0.15,0.65,0.35 276.463
0.15,0.65,0.4 97.3996
0.15,0.65,0.45 0.699129
0.15,0.7,0 4.45021e-10
0.15,0.7,0.05 9.828
0.15,0.7,0.1 95.9212
0.15,0.7,0.15 450.41
0.15,0.7,0.2 557.994
0.15,0.7,0.25 363.645
0.15,0.7,0.3 587.904
0.15,0.7,0.35 97.0732
0.15,0.7,0.4 4.23866
0.15,0.7,0.45 0.0303678
0.15,0.75,0 2.92762e-13
0.15,0.75,0.05 0.00526685
0.15,0.75,0.1 17.1523
0.15,0.75,0.15 159.65
0.15,0.75,0.2 265.382
0.15,0.75,0.25 196.896
0.15,0.75,0.3 97.4672
0.15,0.75,0.35 9.35912
0.15,0.75,0.4 0.000164178
0.15,0.8,0.1 6.04134
0.15,0.8,0.15 40.5919
0.15,0.8,0.2 101.221
0.15,0.8,0.25 104.946
0.15,0.8,0.3 43.8823
0.15,0.8,0.35 2.38988
0.15,0.85,0.1 0.0846083
0.15,0.85,0.15 0.649591
0.15,0.85,0.2 2.35688
0.15,0.85,0.25 3.21682
0.15,0.85,0.3 1.85478
0.15,0.85,0.35 0.10328
0.2,0,0.1 1.21643e-14
0.2,0,0.15 3.22306e-12
0.2,0,0.2 7.76518e-12
0.2,0,0.25 1.15536e-12
0.2,0.05,0 2.59192e-12
0.2,0.05,0.05 0.0526829
0.2,0.05,0.1 0.335276
0.2,0.05,0.15 41.0933
0.2,0.05,0.2 102.605
0.2,0.05,0.25 79.4692
0.2,0.05,0.3 85.2984
0.2,0.05,0.35 6.23391
0.2,0.1,0 1.75541e-09
0.2,0.1,0.05 35.6802
0.2,0.1,0.1 143.729
0.2,0.1,0.15 216.018
0.2,0.1,0.2 497.075
0.2,0.1,0.25 463.864
0.2,0.1,0.3 494.121
0.2,0.1,0.35 38.9253
0.2,0.1,0.4 0.00758733
0.2,0.15,0 4.92556e-09
0.2,0.15,0.05 105.561
0.2,0.15,0.1 425.655
0.2,0.15,0.15 258.536
0.2,0.15,0.2 568.256
0.2,0.15,0.25 386.184
0.2,0.15,0.3 339.843
0.2,0.15,0.35 131.061
0.2,0.15,0.4 3.1134
0.2,0.2,0 2.02103e-09
0.2,0.2,0.05 101.198
0.2,0.2,0.1 408.193
0.2,0.2,0.15 341.456
0.2,0.2,0.2 677.591
0.2,0.2,0.25 405.721
0.2,0.2,0.3 669.075
0.2,0.2,0.35 487.536
0.2,0.2,0.4 15.2031
0.2,0.25,0 7.042e-10
0.2,0.25,0.05 146.539
0.2,0.25,0.1 587.675
0.2,0.25,0.15 342.225
0.2,0.25,0.2 610.541
0.2,0.25,0.25 553.608
0.2,0.25,0.3 533.568
0.2,0.25,0.35 279.032
0.2,0.25,0.4 10.0382
0.2,0.3,0 1.80979e-11
0.2,0.3,0.05 157.841
0.2,0.3,0.1 631.979
0.2,0.3,0.15 266.039
0.2,0.3,0.2 326.219
0.2,0.3,0.25 145.885
0.2,0.3,0.3 70.1568
0.2,0.3,0.35 23.035
0.2,0.3,0.4 0.940735
0.2,0.35,0 9.75665e-11
0.2,0.35,0.05 70.1236
0.2,0.35,0.1 281.784
0.2,0.35,0.15 77.0505
0.2,0.35,0.2 14.621
0.2,0.35,0.25 3.10965
0.2,0.35,0.3 0.187176
0.2,0.35,0.35 0.23805
0.2,0.35,0.4 0.015442
0.2,0.4,0 3.89162e-10
0.2,0.4,0.05 41.8459
0.2,0.4,0.1 206
0.2,0.4,0.15 231.863
0.2,0.4,0.2 69.1035
0.2,0.4,0.25 2.9207
0.2,0.4,0.3 0.18429
0.2,0.4,0.35 0.00100702
0.2,0.4,0.4 0.00203882
0.2,0.4,0.45 0.000246268
0.2,0.45,0 2.26254e-10
0.2,0.45,0.05 44.7663
0.2,0.45,0.1 283.082
0.2,0.45,0.15 693.422
0.2,0.45,0.2 410.224
0.2,0.45,0.25 193.475
0.2,0.45,0.3 108.505
0.2,0.45,0.35 107.815
0.2,0.45,0.4 50.6496
0.2,0.45,0.45 5.88062
0.2,0.5,0 4.7997e-10
0.2,0.5,0.05 87.8718
0.2,0.5,0.1 385.231
0.2,0.5,0.15 441.421
0.2,0.5,0.2 624.303
0.2,0.5,0.25 684.588
0.2,0.5,0.3 653.879
0.2,0.5,0.35 627.296
0.2,0.5,0.4 510.899
0.2,0.5,0.45 72.6625
0.2,0.55,0 1.38165e-10
0.2,0.55,0.05 31.7357
0.2,0.55,0.1 197.767
0.2,0.55,0.15 265.875
0.2,0.55,0.2 373.172
0.2,0.55,0.25 523.574
0.2,0.55,0.3 703.036
0.2,0.55,0.35 616.672
0.2,0.55,0.4 496.725
0.2,0.55,0.45 65.7108
0.2,0.6,0 1.15926e-09
0.2,0.6,0.05 28.3549
0.2,0.6,0.1 265.022
0.2,0.6,0.15 294.54
0.2,0.6,0.2 338.477
0.2,0.6,0.25 487.176
0.2,0.6,0.3 385.31
0.2,0.6,0.35 299.234
0.2,0.6,0.4 139.131
0.2,0.6,0.45 6.81204
0.2,0.65,0 6.25721e-09
0.2,0.65,0.05 117.819
0.2,0.65,0.1 621.941
0.2,0.65,0.15 581.002
0.2,0.65,0.2 563.471
0.2,0.65,0.25 329.669
0.2,0.65,0.3 562.645
0.2,0.65,0.35 164.086
0.2,0.65,0.4 13.2781
0.2,0.65,0.45 0.382654
0.2,0.7,0 2.20837e-09
0.2,0.7,0.05 46.4016
0.2,0.7,0.1 329.077
0.2,0.7,0.15 720.434
0.2,0.7,0.2 551.109
0.2,0.7,0.25 503.742
0.2,0.7,0.3 565.785
0.2,0.7,0.35 115.535
0.2,0.7,0.4 0.381812
0.2,0.7,0.45 0.00559489
0.2,0.75,0 1.83253e-11
0.2,0.75,0.05 13.2432
0.2,0.75,0.1 171.607
0.2,0.75,0.15 622.555
0.2,0.75,0.2 710.597
0.2,0.75,0.25 620.885
0.2,0.75,0.3 306.78
0.2,0.75,0.35 17.6905
0.2,0.75,0.4 0.00237605
0.2,0.8,0.05 5.00518
0.2,0.8,0.1 70.7442
0.2,0.8,0.15 311.964
0.2,0.8,0.2 444.493
0.2,0.8,0.25 381.922
0.2,0.8,0.3 234.19
0.2,0.8,0.35 13.0951
0.2,0.85,0.05 0.0149112
0.2,0.85,0.1 0.653162
0.2,0.85,0.15 5.05775
0.2,0.85,0.2 10.0092
0.2,0.85,0.25 12.9145
0.2,0.85,0.3 10.0022
0.2,0.85,0.35 0.565914
0.25,0,0.1 4.4342e-13
0.25,0,0.15 1.88157e-11
0.25,0,0.2 3.02295e-11
0.25,0,0.25 9.49296e-11
0.25,0,0.3 8.83967e-11
0.25,0,0.35 3.50098e-12
0.25,0.05,0 1.08787e-12
0.25,0.05,0.05 0.0221119
0.25,0.05,0.1 0.824246
0.25,0.05,0.15 38.2996
0.25,0.05,0.2 64.0196
0.25,0.05,0.25 43.9205
0.25,0.05,0.3 50.5514
0.25,0.05,0.35 4.10081
0.25,0.1,0 7.36776e-10
0.25,0.1,0.05 14.9756
0.25,0.1,0.1 67.5079
0.25,0.1,0.15 247.897
0.25,0.1,0.2 482.842
0.25,0.1,0.25 368.847
0.25,0.1,0.3 340.029
0.25,0.1,0.35 31.3158
0.25,0.1,0.4 0.00154847
0.25,0.15,0 2.17017e-09
