0,0.5,0.2 -2.71214e-16
0,0.5,0.25 -2.89016e-15
0,0.5,0.3 -1.74702e-15
0,0.5,0.35 -2.42616e-17
0,0.55,0.2 -7.75473e-15
0,0.55,0.25 -8.26375e-14
0,0.55,0.3 -4.99518e-14
0,0.55,0.35 -6.93705e-16
0,0.6,0.2 -8.70463e-15
0,0.6,0.25 -9.276e-14
0,0.6,0.3 -5.60706e-14
0,0.6,0.35 -7.78679e-16
0,0.65,0.2 -4.6199e-16
0,0.65,0.25 -4.92315e-15
0,0.65,0.3 -2.9759e-15
0,0.65,0.35 -4.13277e-17
0.05,0.1,0.05 0.12065
0.05,0.1,0.1 7.9107
0.05,0.1,0.15 12.665
0.05,0.1,0.2 1.13937
0.05,0.1,0.25 0.00019487
0.05,0.15,0 1.83915e-16
0.05,0.15,0.05 0.65604
0.05,0.15,0.1 43.0077
0.05,0.15,0.15 71.0122
0.05,0.15,0.2 10.8567
0.05,0.15,0.25 0.604062
0.05,0.15,0.3 0.0332522
0.05,0.15,0.35 0.0713741
0.05,0.15,0.4 0.00965895
0.05,0.2,0 6.19752e-15
0.05,0.2,0.05 0.253572
0.05,0.2,0.1 14.7037
0.05,0.2,0.15 30.3553
0.05,0.2,0.2 17.6131
0.05,0.2,0.25 14.0193
0.05,0.2,0.3 16.1027
0.05,0.2,0.35 6.07904
0.05,0.2,0.4 0.722718
0.05,0.25,0 5.6899e-14
0.05,0.25,0.05 0.366776
0.05,0.25,0.1 1.48864
0.05,0.25,0.15 2.90538
0.05,0.25,0.2 7.19631
0.05,0.25,0.25 42.5858
0.05,0.25,0.3 51.5036
0.05,0.25,0.35 11.519
0.05,0.25,0.4 1.21136
0.05,0.3,0 3.84023e-14
0.05,0.3,0.05 0.250637
0.05,0.3,0.1 1.00566
0.05,0.3,0.15 1.42792
0.05,0.3,0.2 3.22473
0.05,0.3,0.25 9.48043
0.05,0.3,0.3 10.6591
0.05,0.3,0.35 1.41113
0.05,0.3,0.4 0.115637
0.05,0.35,0 2.9298e-10
0.05,0.35,0.05 1.34787
0.05,0.35,0.1 5.38195
0.05,0.35,0.15 1.39921
0.05,0.35,0.2 0.139184
0.05,0.35,0.25 0.0211834
0.05,0.4,0 1.17859e-09
0.05,0.4,0.05 5.4024
0.05,0.4,0.1 21.5723
0.05,0.4,0.15 5.46781
0.05,0.4,0.2 0.232083
0.05,0.4,0.25 0.0536368
0.05,0.4,0.3 2.25521e-06
0.05,0.45,0 2.96394e-10
0.05,0.45,0.05 1.40132
0.05,0.45,0.1 5.62934
0.05,0.45,0.15 15.5803
0.05,0.45,0.2 57.6096
0.05,0.45,0.25 15.1651
0.05,0.45,0.3 0.0156545
0.05,0.45,0.35 0.000944843
0.05,0.45,0.4 0.000256051
0.05,0.45,0.45 8.88314e-06
0.05,0.5,0 1.42835e-12
0.05,0.5,0.05 0.876939
0.05,0.5,0.1 3.53808
0.05,0.5,0.15 34.6476
0.05,0.5,0.2 140.77
0.05,0.5,0.25 41.0205
0.05,0.5,0.3 3.07346
0.05,0.5,0.35 0.0989725
0.05,0.5,0.4 0.00281938
0.05,0.5,0.45 9.69165e-05
0.05,0.55,0 1.33311e-12
0.05,0.55,0.05 0.818467
0.05,0.55,0.1 3.27391
0.05,0.55,0.15 6.10817
0.05,0.55,0.2 30.1376
0.05,0.55,0.25 73.1727
0.05,0.55,0.3 41.4063
0.05,0.55,0.35 0.957543
0.05,0.55,0.4 0.00552372
0.05,0.55,0.45 5.96379e-05
0.05,0.6,0 5.10195e-14
0.05,0.6,0.05 0.0313236
0.05,0.6,0.1 0.12525
0.05,0.6,0.15 0.325059
0.05,0.6,0.2 10.7074
0.05,0.6,0.25 73.2159
0.05,0.6,0.3 46.0362
0.05,0.6,0.35 5.71631
0.05,0.6,0.4 0.486957
0.05,0.6,0.45 8.7188e-07
0.05,0.65,0.15 0.772615
0.05,0.65,0.2 7.15748
0.05,0.65,0.25 7.35012
0.05,0.65,0.3 9.89587
0.05,0.65,0.35 13.733
0.05,0.65,0.4 1.44185
0.05,0.7,0.15 9.35803
0.05,0.7,0.2 80.9117
0.05,0.7,0.25 41.4487
0.05,0.7,0.3 1.73943
0.05,0.7,0.35 2.54795
0.05,0.7,0.4 0.269308
0.05,0.75,0.15 6.36217
0.05,0.75,0.2 55.0088
0.05,0.75,0.25 28.1695
0.05,0.75,0.3 0.228242
0.05,0.8,0.15 0.121629
0.05,0.8,0.2 1.05163
0.05,0.8,0.25 0.53853
0.05,0.8,0.3 0.00436342
0.1,0,0.1 2.01027e-19
0.1,0,0.15 6.84176e-17
0.1,0,0.2 1.67834e-16
0.1,0,0.25 2.52659e-17
0.1,0.05,0.1 2.64753e-06
0.1,0.05,0.15 0.000901064
0.1,0.05,0.2 0.214669
0.1,0.05,0.25 1.79518
0.1,0.05,0.3 0.901624
0.1,0.05,0.35 0.00680455
0.1,0.1,0.05 0.620709
0.1,0.1,0.1 40.6984
0.1,0.1,0.15 65.1913
0.1,0.1,0.2 7.14221
0.1,0.1,0.25 7.80483
0.1,0.1,0.3 3.84233
0.1,0.1,0.35 0.0541346
0.1,0.1,0.4 7.26961e-06
0.1,0.15,0 1.61724e-12
0.1,0.15,0.05 6.16478
0.1,0.15,0.1 232.596
0.1,0.15,0.15 400.148
0.1,0.15,0.2 129.33
0.1,0.15,0.25 19.4562
0.1,0.15,0.3 7.71837
0.1,0.15,0.35 3.68651
0.1,0.15,0.4 0.259608
0.1,0.2,0 1.6235e-11
0.1,0.2,0.05 31.5991
0.1,0.2,0.1 197.378
0.1,0.2,0.15 295.024
0.1,0.2,0.2 331.327
0.1,0.2,0.25 127.04
0.1,0.2,0.3 163.517
0.1,0.2,0.35 150.81
0.1,0.2,0.4 19.3884
0.1,0.25,0 1.52925e-11
0.1,0.25,0.05 57.3639
0.1,0.25,0.1 229.806
0.1,0.25,0.15 152.4
0.1,0.25,0.2 237.376
0.1,0.25,0.25 313.269
0.1,0.25,0.3 420.489
0.1,0.25,0.35 256.858
0.1,0.25,0.4 32.4961
0.1,0.3,0 4.52776e-12
0.1,0.3,0.05 29.4396
0.1,0.3,0.1 117.927
0.1,0.3,0.15 96.7963
0.1,0.3,0.2 169.13
0.1,0.3,0.25 86.019
0.1,0.3,0.3 77.9074
0.1,0.3,0.35 26.5159
0.1,0.3,0.4 3.10207
0.1,0.35,0 4.53774e-09
0.1,0.35,0.05 21.5211
0.1,0.35,0.1 85.9427
0.1,0.35,0.15 24.6569
0.1,0.35,0.2 7.95552
0.1,0.35,0.25 1.21081
0.1,0.4,0 1.82539e-08
0.1,0.4,0.05 83.6724
0.1,0.4,0.1 334.331
0.1,0.4,0.15 89.1186
0.1,0.4,0.2 6.85443
0.1,0.4,0.25 0.629387
0.1,0.4,0.3 0.000158597
0.1,0.45,0 4.59656e-09
0.1,0.45,0.05 24.3195
0.1,0.45,0.1 101.672
0.1,0.45,0.15 205.54
0.1,0.45,0.2 433.077
0.1,0.45,0.25 94.1056
0.1,0.45,0.3 1.17994
0.1,0.45,0.35 7.09415
0.1,0.45,0.4 6.26636
0.1,0.45,0.45 0.217398
0.1,0.5,0 8.80928e-11
0.1,0.5,0.05 49.4787
0.1,0.5,0.1 202.578
0.1,0.5,0.15 350.965
0.1,0.5,0.2 904.738
0.1,0.5,0.25 309.32
0.1,0.5,0.3 96.8624
0.1,0.5,0.35 85.734
0.1,0.5,0.4 68.938
0.1,0.5,0.45 2.37226
0.1,0.55,0 7.22109e-11
0.1,0.55,0.05 43.1451
0.1,0.55,0.1 174.361
0.1,0.55,0.15 139.551
0.1,0.55,0.2 342.469
0.1,0.55,0.25 549.491
0.1,0.55,0.3 434.244
0.1,0.55,0.35 172.933
0.1,0.55,0.4 51.3011
0.1,0.55,0.45 1.46071
0.1,0.6,0 2.61042e-12
0.1,0.6,0.05 2.25435
0.1,0.6,0.1 14.0008
0.1,0.6,0.15 26.2938
0.1,0.6,0.2 213.748
0.1,0.6,0.25 450.725
0.1,0.6,0.3 427.671
0.1,0.6,0.35 241.476
0.1,0.6,0.4 18.2392
0.1,0.6,0.45 0.0215507
0.1,0.65,0.05 0.538276
0.1,0.65,0.1 11.2227
0.1,0.65,0.15 28.1758
0.1,0.65,0.2 55.3835
0.1,0.65,0.25 52.0785
0.1,0.65,0.3 188.578
0.1,0.65,0.35 289.121
0.1,0.65,0.4 29.5348
0.1,0.7,0.05 0.0211686
0.1,0.7,0.1 16.6269
0.1,0.7,0.15 101.389
0.1,0.7,0.2 365.436
0.1,0.7,0.25 207.991
0.1,0.7,0.3 61.7869
0.1,0.7,0.35 52.9637
0.1,0.7,0.4 5.46146
0.1,0.75,0.05 0.00103807
0.1,0.75,0.1 3.34298
0.1,0.75,0.15 40.864
0.1,0.75,0.2 232.723
0.1,0.75,0.25 124.933
0.1,0.75,0.3 9.76629
0.1,0.75,0.35 0.300285
0.1,0.8,0.1 0.039807
0.1,0.8,0.15 2.81852
0.1,0.8,0.2 8.005
0.1,0.8,0.25 2.87469
0.1,0.8,0.3 0.0659743
0.1,0.8,0.35 4.28077e-05
0.1,0.85,0.1 0.00111843
0.1,0.85,0.15 0.066131
0.1,0.85,0.2 0.183899
0.1,0.85,0.25 0.170138
0.1,0.85,0.3 0.0185095
0.1,0.9,0.15 1.70719e-06
0.1,0.9,0.2 0.000204666
0.1,0.9,0.25 0.000396473
0.1,0.9,0.3 4.54102e-05
0.15,0,0.1 2.5992e-15
0.15,0,0.15 8.84613e-13
0.15,0,0.2 2.17003e-12
0.15,0,0.25 3.26679e-13
0.15,0.05,0 3.77742e-13
0.15,0.05,0.05 0.00767793
0.15,0.05,0.1 0.0649096
0.15,0.05,0.15 11.6581
0.15,0.05,0.2 35.9017
0.15,0.05,0.25 65.6878
0.15,0.05,0.3 30.6795
0.15,0.05,0.35 0.228729
0.15,0.1,0 2.55832e-10
0.15,0.1,0.05 5.39904
0.15,0.1,0.1 33.9654
0.15,0.1,0.15 73.3693
0.15,0.1,0.2 159.777
0.15,0.1,0.25 287.66
0.15,0.1,0.3 131.618
0.15,0.1,0.35 1.64659
0.15,0.1,0.4 0.000194806
0.15,0.15,0 7.0896e-10
0.15,0.15,0.05 25.0571
0.15,0.15,0.1 167.036
0.15,0.15,0.15 208.813
0.15,0.15,0.2 331.394
0.15,0.15,0.25 271.405
0.15,0.15,0.3 201.262
0.15,0.15,0.35 51.8471
0.15,0.15,0.4 0.295038
0.15,0.2,0 2.0535e-10
0.15,0.2,0.05 104.491
0.15,0.2,0.1 441.261
0.15,0.2,0.15 389.931
0.15,0.2,0.2 716.851
0.15,0.2,0.25 351.89
0.15,0.2,0.3 428.561
0.15,0.2,0.35 244.013
0.15,0.2,0.4 21.0842
0.15,0.25,0 6.20458e-11
0.15,0.25,0.05 149.867
0.15,0.25,0.1 599.884
0.15,0.25,0.15 341.671
0.15,0.25,0.2 517.59
0.15,0.25,0.25 448.073
0.15,0.25,0.3 419.261
0.15,0.25,0.35 279.292
0.15,0.25,0.4 35.304
0.15,0.3,0 1.07253e-11
0.15,0.3,0.05 110.087
0.15,0.3,0.1 440.581
0.15,0.3,0.15 214.122
0.15,0.3,0.2 265.299
0.15,0.3,0.25 122.77
0.15,0.3,0.3 72.4297
0.15,0.3,0.35 26.8312
0.15,0.3,0.4 3.3699
0.15,0.35,0 3.57409e-09
0.15,0.35,0.05 35.8147
0.15,0.35,0.1 143.15
0.15,0.35,0.15 40.6706
0.15,0.35,0.2 12.1963
0.15,0.35,0.25 1.86434
0.15,0.35,0.3 3.18863e-08
0.15,0.4,0 1.43753e-08
0.15,0.4,0.05 65.9392
0.15,0.4,0.1 270.031
0.15,0.4,0.15 109.354
0.15,0.4,0.2 23.9569
0.15,0.4,0.25 0.880109
0.15,0.4,0.3 0.0148795
0.15,0.45,0 3.68114e-09
0.15,0.45,0.05 38.712
0.15,0.45,0.1 198.296
0.15,0.45,0.15 510.684
0.15,0.45,0.2 488.451
0.15,0.45,0.25 117.003
0.15,0.45,0.3 13.0074
0.15,0.45,0.35 29.3576
0.15,0.45,0.4 22.8538
0.15,0.45,0.45 0.784765
0.15,0.5,0 3.69591e-10
0.15,0.5,0.05 146.208
0.15,0.5,0.1 610.679
0.15,0.5,0.15 649.738
0.15,0.5,0.2 834.492
0.15,0.5,0.25 458.358
0.15,0.5,0.3 230.307
0.15,0.5,0.35 379.238
0.15,0.5,0.4 288.533
0.15,0.5,0.45 11.8475
0.15,0.55,0 1.69596e-10
0.15,0.55,0.05 83.6522
0.15,0.55,0.1 348.461
0.15,0.55,0.15 366.479
0.15,0.55,0.2 594
0.15,0.55,0.25 729.447
0.15,0.55,0.3 794.458
0.15,0.55,0.35 692.004
0.15,0.55,0.4 297.394
0.15,0.55,0.45 14.812
0.15,0.6,0 3.80686e-12
0.15,0.6,0.05 23.7373
0.15,0.6,0.1 222.976
0.15,0.6,0.15 179.242
0.15,0.6,0.2 301.717
0.15,0.6,0.25 470.951
0.15,0.6,0.3 691.366
0.15,0.6,0.35 535.648
0.15,0.6,0.4 61.8065
0.15,0.6,0.45 1.78873
0.15,0.65,0.05 35.8502
0.15,0.65,0.1 287.516
0.15,0.65,0.15 303.991
0.15,0.65,0.2 188.903
0.15,0.65,0.25 166.048
0.15,0.65,0.3 335.617
0.15,0.65,0.35 298.543
0.15,0.65,0.4 28.2749
0.15,0.65,0.45 0.000147219
0.15,0.7,0 1.16067e-09
0.15,0.7,0.05 9.71212
0.15,0.7,0.1 169.623
0.15,0.7,0.15 582.667
0.15,0.7,0.2 550.766
0.15,0.7,0.25 527.141
0.15,0.7,0.3 500.723
0.15,0.7,0.35 81.7134
0.15,0.7,0.4 5.08302
0.15,0.75,0 7.0727e-09
0.15,0.75,0.05 13.3623
0.15,0.75,0.1 85.8587
0.15,0.75,0.15 274.924
0.15,0.75,0.2 379.879
0.15,0.75,0.25 209.272
0.15,0.75,0.3 110.488
0.15,0.75,0.35 6.07523
0.15,0.8,0 2.66391e-09
0.15,0.8,0.05 5.02848
0.15,0.8,0.1 32.1227
0.15,0.8,0.15 160.002
0.15,0.8,0.2 254.979
0.15,0.8,0.25 165.905
0.15,0.8,0.3 16.6384
0.15,0.8,0.35 0.000378797
0.15,0.85,0 4.85621e-12
0.15,0.85,0.05 0.0091667
0.15,0.85,0.1 1.59339
0.15,0.85,0.15 11.5667
0.15,0.85,0.2 36.5398
0.15,0.85,0.25 57.3498
0.15,0.85,0.3 6.52793
0.15,0.9,0.15 0.000602075
0.15,0.9,0.2 0.0721799
0.15,0.9,0.25 0.139825
0.15,0.9,0.3 0.0160149
0.2,0,0.1 1.21643e-14
0.2,0,0.15 3.22306e-12
0.2,0,0.2 7.76518e-12
0.2,0,0.25 1.15536e-12
0.2,0.05,0 2.59192e-12
0.2,0.05,0.05 0.0526829
0.2,0.05,0.1 0.411083
0.2,0.05,0.15 44.5775
0.2,0.05,0.2 119.902
0.2,0.05,0.25 125.697
0.2,0.05,0.3 50.9997
0.2,0.05,0.35 0.306479
0.2,0.1,0 1.75541e-09
0.2,0.1,0.05 35.7359
0.2,0.1,0.1 145.97
0.2,0.1,0.15 248.822
0.2,0.1,0.2 559.407
0.2,0.1,0.25 644.676
0.2,0.1,0.3 256.226
0.2,0.1,0.35 2.1149
0.2,0.1,0.4 0.00037442
0.2,0.15,0 4.92556e-09
0.2,0.15,0.05 106.114
0.2,0.15,0.1 441.802
0.2,0.15,0.15 258.5
0.2,0.15,0.2 495.304
0.2,0.15,0.25 464.048
0.2,0.15,0.3 349.336
0.2,0.15,0.35 80.1816
0.2,0.15,0.4 0.170194
0.2,0.2,0 2.02103e-09
0.2,0.2,0.05 101.515
0.2,0.2,0.1 416.17
0.2,0.2,0.15 364.499
0.2,0.2,0.2 770.058
0.2,0.2,0.25 458.352
0.2,0.2,0.3 805.061
0.2,0.2,0.35 241.856
0.2,0.2,0.4 1.52494
0.2,0.25,0 7.042e-10
0.2,0.25,0.05 146.543
0.2,0.25,0.1 588.644
0.2,0.25,0.15 356.835
0.2,0.25,0.2 517.003
0.2,0.25,0.25 423.521
0.2,0.25,0.3 479.532
0.2,0.25,0.35 117.765
0.2,0.25,0.4 1.91499
0.2,0.3,0 2.4339e-11
0.2,0.3,0.05 157.435
0.2,0.3,0.1 631.564
0.2,0.3,0.15 267.897
0.2,0.3,0.2 264.47
0.2,0.3,0.25 117.902
0.2,0.3,0.3 56.5429
0.2,0.3,0.35 7.97857
0.2,0.3,0.4 0.175525
0.2,0.35,0 2.37667e-10
0.2,0.35,0.05 61.145
0.2,0.35,0.1 244.769
0.2,0.35,0.15 66.0761
0.2,0.35,0.2 13.3508
0.2,0.35,0.25 2.91544
0.2,0.35,0.3 0.0220444
0.2,0.35,0.35 0.00802751
0.2,0.35,0.4 1.15901e-05
0.2,0.4,0 5.30574e-10
0.2,0.4,0.05 31.6248
0.2,0.4,0.1 165.368
0.2,0.4,0.15 185.041
0.2,0.4,0.2 43.4322
0.2,0.4,0.25 1.08188
0.2,0.4,0.3 0.0515763
0.2,0.45,0 2.39837e-10
0.2,0.45,0.05 41.7283
0.2,0.45,0.1 310.542
0.2,0.45,0.15 755.88
0.2,0.45,0.2 377.252
0.2,0.45,0.25 156.604
0.2,0.45,0.3 33.1208
0.2,0.45,0.35 26.6559
0.2,0.45,0.4 6.73943
0.2,0.45,0.45 0.186847
0.2,0.5,0 4.32436e-10
0.2,0.5,0.05 95.5576
0.2,0.5,0.1 426.352
0.2,0.5,0.15 562.683
0.2,0.5,0.2 706.859
0.2,0.5,0.25 694.765
0.2,0.5,0.3 396.583
0.2,0.5,0.35 478.067
0.2,0.5,0.4 222.758
0.2,0.5,0.45 13.3886
0.2,0.55,0 1.16108e-10
0.2,0.55,0.05 46.0413
0.2,0.55,0.1 212.708
0.2,0.55,0.15 212.868
0.2,0.55,0.2 354.304
0.2,0.55,0.25 715.645
0.2,0.55,0.3 717.507
0.2,0.55,0.35 799.854
0.2,0.55,0.4 506.114
0.2,0.55,0.45 34.4062
0.2,0.6,0 1.68573e-12
0.2,0.6,0.05 61.0611
0.2,0.6,0.1 411.962
0.2,0.6,0.15 244.001
0.2,0.6,0.2 199.192
0.2,0.6,0.25 448.27
0.2,0.6,0.3 472.68
0.2,0.6,0.35 370.991
0.2,0.6,0.4 155.784
0.2,0.6,0.45 6.46322
0.2,0.65,0 2.74584e-11
0.2,0.65,0.05 125.152
0.2,0.65,0.1 655.474
0.2,0.65,0.15 564.848
0.2,0.65,0.2 488.074
0.2,0.65,0.25 279.398
0.2,0.65,0.3 288.369
0.2,0.65,0.35 94.5166
0.2,0.65,0.4 18.7885
0.2,0.65,0.45 0.120733
0.2,0.7,0 8.47337e-09
0.2,0.7,0.05 63.8883
0.2,0.7,0.1 386.831
0.2,0.7,0.15 765.848
0.2,0.7,0.2 603.071
0.2,0.7,0.25 536.02
0.2,0.7,0.3 729.112
0.2,0.7,0.35 91.1727
0.2,0.7,0.4 1.14566
0.2,0.75,0 5.1348e-08
0.2,0.75,0.05 125.497
0.2,0.75,0.1 563.557
0.2,0.75,0.15 628.994
0.2,0.75,0.2 744.918
0.2,0.75,0.25 369.084
0.2,0.75,0.3 155.508
0.2,0.75,0.35 15.4085
0.2,0.75,0.4 0.0114953
0.2,0.8,0 1.93373e-08
0.2,0.8,0.05 46.7362
0.2,0.8,0.1 254.307
0.2,0.8,0.15 560.993
0.2,0.8,0.2 632.742
0.2,0.8,0.25 442.344
0.2,0.8,0.3 41.5268
0.2,0.8,0.35 0.000197705
0.2,0.85,0 3.52394e-11
0.2,0.85,0.05 0.0832153
0.2,0.85,0.1 9.86536
0.2,0.85,0.15 58.7413
0.2,0.85,0.2 97.5987
0.2,0.85,0.25 141.296
0.2,0.85,0.3 16.1177
0.2,0.9,0.15 0.00148647
0.2,0.9,0.2 0.178206
0.2,0.9,0.25 0.345214
0.2,0.9,0.3 0.0395393
0.25,0,0.1 4.4342e-13
0.25,0,0.15 1.88157e-11
0.25,0,0.2 3.02295e-11
0.25,0,0.25 9.49296e-11
0.25,0,0.3 8.83967e-11
0.25,0,0.35 3.50098e-12
0.25,0.05,0 1.08787e-12
0.25,0.05,0.05 0.0221119
0.25,0.05,0.1 1.16425
0.25,0.05,0.15 53.9496
0.25,0.05,0.2 90.8006
0.25,0.05,0.25 67.9608
0.25,0.05,0.3 31.8931
0.25,0.05,0.35 0.592646
0.25,0.1,0 7.36776e-10
0.25,0.1,0.05 15.5857
0.25,0.1,0.1 88.2162
0.25,0.1,0.15 402.157
0.25,0.1,0.2 598.304
0.25,0.1,0.25 422.421
0.25,0.1,0.3 187.219
0.25,0.1,0.35 3.91929
0.25,0.1,0.4 0.00937341
0.25,0.15,0 2.17013e-09
0.25,0.15,0.05 54.7065
0.25,0.15,0.1 408.889
0.25,0.15,0.15 559.438
0.25,0.15,0.2 531.46
0.25,0.15,0.25 286.563
0.25,0.15,0.3 245.541
0.25,0.15,0.35 102.768
