0.65,0.4,0.4 0.000485309
0.65,0.45,0 2.4384e-10
0.65,0.45,0.05 156.792
0.65,0.45,0.1 628.056
0.65,0.45,0.15 262.737
0.65,0.45,0.2 302.785
0.65,0.45,0.25 56.4679
0.65,0.5,0 2.46775e-10
0.65,0.5,0.05 93.5623
0.65,0.5,0.1 375.74
0.65,0.5,0.15 323.951
0.65,0.5,0.2 678.018
0.65,0.5,0.25 136.962
0.65,0.5,0.3 0.646116
0.65,0.55,0 5.36503e-11
0.65,0.55,0.05 44.3969
0.65,0.55,0.1 185.429
0.65,0.55,0.15 293.189
0.65,0.55,0.2 629.77
0.65,0.55,0.25 183.91
0.65,0.55,0.3 6.0284
0.65,0.6,0 4.93358e-11
0.65,0.6,0.05 49.5644
0.65,0.6,0.1 218.51
0.65,0.6,0.15 371.803
0.65,0.6,0.2 621.497
0.65,0.6,0.25 182.178
0.65,0.6,0.3 3.87582
0.65,0.65,0 1.44239e-10
0.65,0.65,0.05 89.2264
0.65,0.65,0.1 424.3
0.65,0.65,0.15 408.333
0.65,0.65,0.2 306.221
0.65,0.65,0.25 84.2586
0.65,0.65,0.3 0.651829
0.65,0.7,0 4.39244e-11
0.65,0.7,0.05 36.5375
0.65,0.7,0.1 347.39
0.65,0.7,0.15 556.234
0.65,0.7,0.2 142.045
0.65,0.7,0.25 8.5359
0.65,0.7,0.3 0.0270759
0.65,0.75,0 3.29656e-10
0.65,0.75,0.05 33.6464
0.65,0.75,0.1 367.229
0.65,0.75,0.15 399.202
0.65,0.75,0.2 35.0961
0.65,0.75,0.25 0.243146
0.65,0.8,0 7.41904e-10
0.65,0.8,0.05 77.0482
0.65,0.8,0.1 442.547
0.65,0.8,0.15 268.687
0.65,0.8,0.2 13.1928
0.65,0.8,0.25 1.38438e-06
0.65,0.85,0 1.7205e-10
0.65,0.85,0.05 77.9686
0.65,0.85,0.1 314.946
0.65,0.85,0.15 82.4516
0.65,0.85,0.2 0.31272
0.65,0.9,0 1.99767e-11
0.65,0.9,0.05 18.789
0.65,0.9,0.1 75.1345
0.65,0.9,0.15 18.7783
0.65,0.95,0 1.57188e-16
0.65,0.95,0.05 0.000184117
0.65,0.95,0.1 0.000736258
0.65,0.95,0.15 0.000184012
0.7,0.1,0 -7.72849e-19
0.7,0.1,0.05 0.000580121
0.7,0.1,0.1 0.406235
0.7,0.1,0.15 5.18474
0.7,0.1,0.2 3.59229
0.7,0.1,0.25 0.0720511
0.7,0.15,0 -1.92792e-14
0.7,0.15,0.05 25.3641
0.7,0.15,0.1 106.732
0.7,0.15,0.15 93.1324
0.7,0.15,0.2 49.0899
0.7,0.15,0.25 5.80255
0.7,0.15,0.3 0.672738
0.7,0.2,0 2.86482e-13
0.7,0.2,0.05 117.234
0.7,0.2,0.1 476.771
0.7,0.2,0.15 167.219
0.7,0.2,0.2 64.8753
0.7,0.2,0.25 73.2553
0.7,0.2,0.3 10.047
0.7,0.25,0 4.30041e-13
0.7,0.25,0.05 124.501
0.7,0.25,0.1 528.62
0.7,0.25,0.15 165.208
0.7,0.25,0.2 83.293
0.7,0.25,0.25 69.5826
0.7,0.25,0.3 9.86692
0.7,0.25,0.35 0.771648
0.7,0.25,0.4 0.00102543
0.7,0.3,0 2.41489e-14
0.7,0.3,0.05 30.7904
0.7,0.3,0.1 152.488
0.7,0.3,0.15 157.683
0.7,0.3,0.2 219.535
0.7,0.3,0.25 51.2812
0.7,0.3,0.3 17.8372
0.7,0.3,0.35 6.35277
0.7,0.3,0.4 0.00844206
0.7,0.35,0 1.04874e-10
0.7,0.35,0.05 48.9925
0.7,0.35,0.1 205.095
0.7,0.35,0.15 122.893
0.7,0.35,0.2 71.9291
0.7,0.35,0.25 11.9386
0.7,0.35,0.3 8.67156
0.7,0.35,0.35 3.1231
0.7,0.35,0.4 0.00415022
0.7,0.4,0 5.15297e-10
0.7,0.4,0.05 150.957
0.7,0.4,0.1 616.452
0.7,0.4,0.15 224.313
0.7,0.4,0.2 42.4583
0.7,0.4,0.25 0.670835
0.7,0.4,0.3 0.0602738
0.7,0.4,0.35 0.0217079
0.7,0.4,0.4 2.88471e-05
0.7,0.45,0 1.86281e-10
0.7,0.45,0.05 118.592
0.7,0.45,0.1 556.065
0.7,0.45,0.15 209.15
0.7,0.45,0.2 64.9912
0.7,0.45,0.25 11.3203
0.7,0.5,0 2.21747e-11
0.7,0.5,0.05 123.784
0.7,0.5,0.1 602.465
0.7,0.5,0.15 351.61
0.7,0.5,0.2 310.984
0.7,0.5,0.25 49.8143
0.7,0.5,0.3 0.000296549
0.7,0.55,0 4.32199e-11
0.7,0.55,0.05 97.3062
0.7,0.55,0.1 486.36
0.7,0.55,0.15 430.011
0.7,0.55,0.2 533.954
0.7,0.55,0.25 74.2251
0.7,0.55,0.3 0.00310324
0.7,0.6,0 7.00066e-11
0.7,0.6,0.05 85.7751
0.7,0.6,0.1 354.823
0.7,0.6,0.15 304.643
0.7,0.6,0.2 461.574
0.7,0.6,0.25 63.5255
0.7,0.6,0.3 0.00955668
0.7,0.65,0 1.46026e-10
0.7,0.65,0.05 77.861
0.7,0.65,0.1 338.448
0.7,0.65,0.15 188.119
0.7,0.65,0.2 60.739
0.7,0.65,0.25 5.23968
0.7,0.65,0.3 0.00809985
0.7,0.7,0 4.2527e-11
0.7,0.7,0.05 22.5789
0.7,0.7,0.1 211.535
0.7,0.7,0.15 465.719
0.7,0.7,0.2 134.051
0.7,0.7,0.25 0.45916
0.7,0.7,0.3 0.000353383
0.7,0.75,0 6.10148e-12
0.7,0.75,0.05 2.82541
0.7,0.75,0.1 122.924
0.7,0.75,0.15 242.853
0.7,0.75,0.2 48.3065
0.7,0.75,0.25 0.131168
0.7,0.8,0 2.01839e-09
0.7,0.8,0.05 12.9755
0.7,0.8,0.1 111.529
0.7,0.8,0.15 98.252
0.7,0.8,0.2 5.89509
0.7,0.8,0.25 4.84843e-05
0.7,0.85,0 8.01202e-09
0.7,0.85,0.05 41.3204
0.7,0.85,0.1 166.42
0.7,0.85,0.15 43.2046
0.7,0.85,0.2 0.139532
0.7,0.9,0 2.00013e-09
0.7,0.9,0.05 10.3149
0.7,0.9,0.1 41.1903
0.7,0.9,0.15 10.2803
0.7,0.95,0 5.43256e-18
0.7,0.95,0.05 6.36324e-06
0.7,0.95,0.1 2.54457e-05
0.7,0.95,0.15 6.35962e-06
0.75,0.1,0 -4.45664e-19
0.75,0.1,0.05 0.000334528
0.75,0.1,0.1 0.00133806
0.75,0.1,0.15 0.000334504
0.75,0.15,0 -1.9462e-14
0.75,0.15,0.05 14.6087
0.75,0.15,0.1 58.4327
0.75,0.15,0.15 14.6076
0.75,0.2,0 -7.13191e-14
0.75,0.2,0.05 59.8511
0.75,0.2,0.1 240.37
0.75,0.2,0.15 60.3433
0.75,0.2,0.2 4.87943e-05
0.75,0.2,0.25 8.56126e-06
0.75,0.25,0 -1.63324e-14
0.75,0.25,0.05 39.2542
0.75,0.25,0.1 161.176
0.75,0.25,0.15 41.4881
0.75,0.25,0.2 0.441114
0.75,0.25,0.25 0.105874
0.75,0.3,0.05 7.40798
0.75,0.3,0.1 30.7516
0.75,0.3,0.15 8.4627
0.75,0.3,0.2 1.59452
0.75,0.3,0.25 0.37069
0.75,0.35,0 5.86859e-11
0.75,0.35,0.05 52.6199
0.75,0.35,0.1 221.522
0.75,0.35,0.15 172.086
0.75,0.35,0.2 73.6694
0.75,0.35,0.25 1.14863
0.75,0.4,0 2.8328e-10
0.75,0.4,0.05 148.405
0.75,0.4,0.1 637.921
0.75,0.4,0.15 512.313
0.75,0.4,0.2 218.714
0.75,0.4,0.25 3.18405
0.75,0.45,0 8.59803e-11
0.75,0.45,0.05 70.9896
0.75,0.45,0.1 441.817
0.75,0.45,0.15 292.509
0.75,0.45,0.2 67.978
0.75,0.45,0.25 0.807563
0.75,0.5,0 2.11312e-12
0.75,0.5,0.05 49.2785
0.75,0.5,0.1 448.223
0.75,0.5,0.15 561.651
0.75,0.5,0.2 174.406
0.75,0.5,0.25 2.11923
0.75,0.55,0 7.10037e-12
0.75,0.55,0.05 41.4408
0.75,0.55,0.1 398.02
0.75,0.55,0.15 429.314
0.75,0.55,0.2 179.362
0.75,0.55,0.25 13.93
0.75,0.6,0 8.09492e-12
0.75,0.6,0.05 31.5295
0.75,0.6,0.1 150.825
0.75,0.6,0.15 125.198
0.75,0.6,0.2 143.083
0.75,0.6,0.25 17.1766
0.75,0.65,0 6.7642e-12
0.75,0.65,0.05 14.9584
0.75,0.65,0.1 68.8101
0.75,0.65,0.15 82.1104
0.75,0.65,0.2 36.4919
0.75,0.65,0.25 1.29119
0.75,0.7,0 1.87689e-12
0.75,0.7,0.05 1.48073
0.75,0.7,0.1 50.9701
0.75,0.7,0.15 315.529
0.75,0.7,0.2 134.403
0.75,0.7,0.25 0.516154
0.75,0.75,0 2.65199e-11
0.75,0.75,0.05 0.125478
0.75,0.75,0.1 15.0073
0.75,0.75,0.15 99.4187
0.75,0.75,0.2 42.3338
0.75,0.75,0.25 0.162485
0.75,0.8,0 6.47176e-09
0.75,0.8,0.05 30.6528
0.75,0.8,0.1 122.673
0.75,0.8,0.15 30.974
0.75,0.8,0.2 0.0428001
0.75,0.8,0.25 6.00601e-05
0.75,0.85,0 2.26947e-08
0.75,0.85,0.05 108.816
0.75,0.85,0.1 434.498
0.75,0.85,0.15 108.439
0.75,0.85,0.2 0.000644775
0.75,0.9,0 5.3693e-09
0.75,0.9,0.05 25.8896
0.75,0.9,0.1 103.375
0.75,0.9,0.15 25.7978
0.8,0.05,0 1.96048e-11
0.8,0.05,0.05 1.15495
0.8,0.05,0.1 4.61623
0.8,0.05,0.15 1.15317
0.8,0.1,0 2.31151e-10
0.8,0.1,0.05 13.6174
0.8,0.1,0.1 54.4276
0.8,0.1,0.15 13.5964
0.8,0.15,0 1.50684e-10
0.8,0.15,0.05 9.05319
0.8,0.15,0.1 36.1854
0.8,0.15,0.15 9.0395
0.8,0.2,0 2.58135e-12
0.8,0.2,0.05 0.797775
0.8,0.2,0.1 3.19055
0.8,0.2,0.15 0.797501
0.8,0.2,0.2 1.85129e-10
0.8,0.25,0 -1.96951e-16
0.8,0.25,0.05 0.148217
0.8,0.25,0.1 0.592907
0.8,0.25,0.15 0.148237
0.8,0.25,0.2 7.91118e-10
0.8,0.3,0.05 0.0267627
0.8,0.3,0.1 0.109731
0.8,0.3,0.15 0.0550809
0.8,0.3,0.2 0.0173758
0.8,0.3,0.25 0.00025303
0.8,0.35,0 2.64045e-12
0.8,0.35,0.05 5.96648
0.8,0.35,0.1 27.4385
0.8,0.35,0.15 44.7314
0.8,0.35,0.2 23.8171
0.8,0.35,0.25 0.34683
0.8,0.4,0 5.19172e-11
0.8,0.4,0.05 19.1254
0.8,0.4,0.1 88.344
0.8,0.4,0.15 135.543
0.8,0.4,0.2 71.0201
0.8,0.4,0.25 1.03411
0.8,0.45,0 5.25598e-11
0.8,0.45,0.05 12.1222
0.8,0.45,0.1 69.6471
0.8,0.45,0.15 75.7603
0.8,0.45,0.2 28.6724
0.8,0.45,0.25 0.297742
0.8,0.5,0 4.85619e-12
0.8,0.5,0.05 8.03123
0.8,0.5,0.1 81.9416
0.8,0.5,0.15 225.379
0.8,0.5,0.2 96.1619
0.8,0.5,0.25 0.659233
0.8,0.55,0 1.29552e-11
0.8,0.55,0.05 76.5627
0.8,0.55,0.1 345.449
0.8,0.55,0.15 180.292
0.8,0.55,0.2 38.1106
0.8,0.55,0.25 0.330872
0.8,0.6,0 1.35796e-11
0.8,0.6,0.05 141.738
0.8,0.6,0.1 570.284
0.8,0.6,0.15 145.504
0.8,0.6,0.2 1.03802
0.8,0.6,0.25 0.10566
0.8,0.65,0 1.51337e-12
0.8,0.65,0.05 76.9784
0.8,0.65,0.1 308.439
0.8,0.65,0.15 80.8472
0.8,0.65,0.2 1.71328
0.8,0.65,0.25 0.0136485
0.8,0.7,0 2.27173e-13
0.8,0.7,0.05 4.71673
0.8,0.7,0.1 21.6265
0.8,0.7,0.15 24.1477
0.8,0.7,0.2 8.34168
0.8,0.7,0.25 0.0320801
0.8,0.75,0 2.78316e-10
0.8,0.75,0.05 1.40664
0.8,0.75,0.1 6.48678
0.8,0.75,0.15 7.51925
0.8,0.75,0.2 2.62595
0.8,0.75,0.25 0.0100988
0.8,0.8,0 1.35993e-08
0.8,0.8,0.05 59.6748
0.8,0.8,0.1 238.268
0.8,0.8,0.15 59.4723
0.8,0.8,0.2 0.00380819
0.8,0.8,0.25 3.73287e-06
0.8,0.85,0 2.1173e-08
0.8,0.85,0.05 93.7068
0.8,0.85,0.1 374.199
0.8,0.85,0.15 93.5563
0.8,0.85,0.2 0.0420235
0.8,0.9,0 2.16719e-09
0.8,0.9,0.05 9.81897
0.8,0.9,0.1 39.2461
0.8,0.9,0.15 9.92915
0.8,0.9,0.2 0.032129
0.8,0.95,0.05 6.72299e-08
0.8,0.95,0.1 0.00104527
0.8,0.95,0.15 0.00368992
0.8,0.95,0.2 0.000813817
0.85,0.05,0 1.24806e-10
0.85,0.05,0.05 7.35247
0.85,0.05,0.1 29.3872
0.85,0.05,0.15 7.34114
0.85,0.1,0 1.47152e-09
0.85,0.1,0.05 86.6892
0.85,0.1,0.1 346.489
0.85,0.1,0.15 86.5556
0.85,0.15,0 9.59267e-10
0.85,0.15,0.05 56.5117
0.85,0.15,0.1 225.873
0.85,0.15,0.15 56.4246
0.85,0.2,0 1.64385e-11
0.85,0.2,0.05 0.968414
0.85,0.2,0.1 3.87067
0.85,0.2,0.15 0.966922
0.85,0.3,0.1 1.37111e-06
0.85,0.3,0.15 1.49317e-05
0.85,0.3,0.2 9.17564e-06
0.85,0.3,0.25 1.33618e-07
0.85,0.35,0 2.23738e-11
0.85,0.35,0.05 2.62195
0.85,0.35,0.1 10.4833
0.85,0.35,0.15 2.63921
0.85,0.35,0.2 0.0125771
0.85,0.35,0.25 0.00018315
0.85,0.4,0 5.48402e-10
0.85,0.4,0.05 64.437
0.85,0.4,0.1 257.596
0.85,0.4,0.15 64.4191
0.85,0.4,0.2 0.0375001
0.85,0.4,0.25 0.000546085
0.85,0.45,0 6.85966e-10
0.85,0.45,0.05 93.1604
0.85,0.45,0.1 372.475
0.85,0.45,0.15 93.4596
0.85,0.45,0.2 0.200909
0.85,0.45,0.25 0.00143374
0.85,0.5,0 2.28602e-10
0.85,0.5,0.05 49.5641
0.85,0.5,0.1 198.458
0.85,0.5,0.15 51.9723
0.85,0.5,0.2 1.20426
0.85,0.5,0.25 0.00827315
0.85,0.55,0 2.50876e-11
0.85,0.55,0.05 37.5337
0.85,0.55,0.1 150.219
0.85,0.55,0.15 38.4601
0.85,0.55,0.2 0.46154
0.85,0.55,0.25 0.00317072
0.85,0.6,0 6.1264e-12
0.85,0.6,0.05 61.2836
0.85,0.6,0.1 245.105
0.85,0.6,0.15 61.2708
0.85,0.6,0.2 0.000941984
0.85,0.6,0.25 6.47132e-06
0.85,0.65,0 4.26584e-12
0.85,0.65,0.05 57.2783
0.85,0.65,0.1 229.088
0.85,0.65,0.15 57.2658
0.85,0.7,0 8.47068e-12
0.85,0.7,0.05 60.7193
0.85,0.7,0.1 242.84
0.85,0.7,0.15 60.7005
0.85,0.75,0 1.79695e-10
0.85,0.75,0.05 10.525
0.85,0.75,0.1 42.0858
0.85,0.75,0.15 10.5179
0.85,0.8,0 7.95205e-09
0.85,0.8,0.05 72.5735
0.85,0.8,0.1 292.273
0.85,0.8,0.15 80.592
0.85,0.8,0.2 1.80595
0.85,0.85,0 1.09868e-08
0.85,0.85,0.05 89.5679
0.85,0.85,0.1 392.17
0.85,0.85,0.15 210.611
0.85,0.85,0.2 26.7458
0.85,0.9,0 8.06315e-10
0.85,0.9,0.05 5.64997
0.85,0.9,0.1 48.8267
0.85,0.9,0.15 98.3482
0.85,0.9,0.2 20.4485
0.85,0.95,0.05 4.27884e-05
0.85,0.95,0.1 0.665262
0.85,0.95,0.15 2.34844
0.85,0.95,0.2 0.517953
0.9,0.05,0 4.89436e-11
0.9,0.05,0.05 2.88334
0.9,0.05,0.1 11.5245
0.9,0.05,0.15 2.87889
0.9,0.1,0 5.77069e-10
0.9,0.1,0.05 33.9959
0.9,0.1,0.1 135.879
0.9,0.1,0.15 33.9435
0.9,0.15,0 3.76185e-10
0.9,0.15,0.05 22.1616
0.9,0.15,0.1 88.578
0.9,0.15,0.15 22.1274
0.9,0.2,0 6.4465e-12
0.9,0.2,0.05 0.379772
0.9,0.2,0.1 1.51792
0.9,0.2,0.15 0.379187
0.9,0.35,0 1.40474e-11
0.9,0.35,0.05 1.64619
0.9,0.35,0.1 6.58073
0.9,0.35,0.15 1.64417
0.9,0.4,0 3.46286e-10
0.9,0.4,0.05 40.8967
0.9,0.4,0.1 163.487
0.9,0.4,0.15 40.8467
0.9,0.45,0 5.78324e-10
0.9,0.45,0.05 91.4203
0.9,0.45,0.1 365.481
0.9,0.45,0.15 91.3201
0.9,0.5,0 3.90854e-10
0.9,0.5,0.05 85.4492
0.9,0.5,0.1 341.627
0.9,0.5,0.15 85.3642
0.9,0.55,0 3.57798e-11
0.9,0.55,0.05 8.13557
0.9,0.55,0.1 32.5264
0.9,0.55,0.15 8.12763
0.9,0.6,0 4.9626e-14
0.9,0.6,0.05 0.390584
0.9,0.6,0.1 1.56212
0.9,0.6,0.15 0.390474
0.9,0.65,0 5.07433e-12
0.9,0.65,0.05 35.6869
0.9,0.65,0.1 142.725
0.9,0.65,0.15 35.6757
0.9,0.7,0 1.17393e-11
0.9,0.7,0.05 82.3675
0.9,0.7,0.1 329.418
0.9,0.7,0.15 82.3416
0.9,0.75,0 2.30819e-11
0.9,0.75,0.05 13.8493
0.9,0.75,0.1 55.3843
0.9,0.75,0.15 13.8429
0.9,0.8,0 6.31785e-10
0.9,0.8,0.05 61.7136
0.9,0.8,0.1 252.992
0.9,0.8,0.15 83.854
0.9,0.8,0.2 4.90018
0.9,0.85,0 7.26178e-10
0.9,0.85,0.05 68.1618
0.9,0.85,0.1 365.663
0.9,0.85,0.15 397.114
0.9,0.85,0.2 72.5709
0.9,0.9,0 4.0616e-11
0.9,0.9,0.05 3.52809
0.9,0.9,0.1 85.3491
0.9,0.9,0.15 255.088
0.9,0.9,0.2 55.484
0.9,0.95,0.05 0.0001161
0.9,0.95,0.1 1.80509
0.9,0.95,0.15 6.37217
0.9,0.95,0.2 1.40539
0.95,0.05,0 1.15116e-13
0.95,0.05,0.05 0.00678165
0.95,0.05,0.1 0.0271057
0.95,0.05,0.15 0.0067712
0.95,0.1,0 1.35728e-12
0.95,0.1,0.05 0.079959
0.95,0.1,0.1 0.319589
0.95,0.1,0.15 0.0798357
0.95,0.15,0 8.84793e-13
0.95,0.15,0.05 0.0521244
0.95,0.15,0.1 0.208337
0.95,0.15,0.15 0.052044
0.95,0.2,0 1.51623e-14
0.95,0.2,0.05 0.000893231
0.95,0.2,0.1 0.00357017
0.95,0.2,0.15 0.000891854
0.95,0.35,0 2.17321e-13
0.95,0.35,0.05 0.0254674
0.95,0.35,0.1 0.101807
0.95,0.35,0.15 0.0254362
0.95,0.4,0 5.63443e-12
0.95,0.4,0.05 0.69452
0.95,0.4,0.1 2.77641
0.95,0.4,0.15 0.693686
0.95,0.45,0 2.96927e-11
0.95,0.45,0.05 6.04141
0.95,0.45,0.1 24.1534
0.95,0.45,0.15 6.03528
0.95,0.5,0 4.08216e-11
0.95,0.5,0.05 9.07798
0.95,0.5,0.1 36.2939
0.95,0.5,0.15 9.06899
0.95,0.55,0 3.87302e-12
0.95,0.55,0.05 0.863833
0.95,0.55,0.1 3.45362
0.95,0.55,0.15 0.862979
0.95,0.6,0 1.48447e-15
0.95,0.6,0.05 0.0104151
0.95,0.6,0.1 0.041654
0.95,0.6,0.15 0.0104119
0.95,0.65,0 3.7401e-13
0.95,0.65,0.05 2.62407
0.95,0.65,0.1 10.4946
0.95,0.65,0.15 2.62325
0.95,0.7,0 8.6566e-13
0.95,0.7,0.05 6.07352
0.95,0.7,0.1 24.2903
0.95,0.7,0.15 6.07161
0.95,0.75,0 1.75853e-12
0.95,0.75,0.05 1.04604
0.95,0.75,0.1 4.18317
0.95,0.75,0.15 1.04554
0.95,0.8,0 4.51572e-11
0.95,0.8,0.05 5.22191
0.95,0.8,0.1 21.9317
0.95,0.8,0.15 8.94755
0.95,0.8,0.2 0.823128
0.95,0.85,0 4.97777e-11
0.95,0.85,0.05 5.75715
0.95,0.85,0.1 38.6678
0.95,0.85,0.15 61.0214
0.95,0.85,0.2 12.1904
0.95,0.9,0 2.56326e-12
0.95,0.9,0.05 0.297178
0.95,0.9,0.1 13.1558
0.95,0.9,0.15 42.5544
0.95,0.9,0.2 9.32014
0.95,0.95,0.05 1.95024e-05
0.95,0.95,0.1 0.303217
0.95,0.95,0.15 1.07039
0.95,0.95,0.2 0.236076
