0.05,0.1,0.15 0.240307
0.05,0.1,0.2 9.19491
0.05,0.1,0.25 11.8601
0.05,0.1,0.3 0.784203
0.05,0.15,0.05 0.00506412
0.05,0.15,0.1 0.020257
0.05,0.15,0.15 1.44379
0.05,0.15,0.2 55.3335
0.05,0.15,0.25 72.8462
0.05,0.15,0.3 5.4294
0.05,0.15,0.35 0.00192645
0.05,0.2,0.05 0.0668722
0.05,0.2,0.1 0.310318
0.05,0.2,0.15 0.670702
0.05,0.2,0.2 26.0556
0.05,0.2,0.25 62.3967
0.05,0.2,0.3 16.4344
0.05,0.2,0.35 2.75481
0.05,0.2,0.4 3.23743
0.05,0.2,0.45 0.197094
0.05,0.25,0.05 0.41381
0.05,0.25,0.1 2.15918
0.05,0.25,0.15 0.945531
0.05,0.25,0.2 5.70239
0.05,0.25,0.25 36.0554
0.05,0.25,0.3 32.3889
0.05,0.25,0.35 36.6852
0.05,0.25,0.4 36.2763
0.05,0.25,0.45 2.20772
0.05,0.3,0.05 0.261134
0.05,0.3,0.1 1.37282
0.05,0.3,0.15 0.529779
0.05,0.3,0.2 0.38788
0.05,0.3,0.25 6.76905
0.05,0.3,0.3 35.2512
0.05,0.3,0.35 31.7324
0.05,0.3,0.4 22.7865
0.05,0.3,0.45 1.38566
0.05,0.35,0.05 0.00446953
0.05,0.35,0.1 0.902117
0.05,0.35,0.15 14.5656
0.05,0.35,0.2 11.9753
0.05,0.35,0.25 0.963134
0.05,0.35,0.3 3.78158
0.05,0.35,0.35 1.73488
0.05,0.35,0.4 0.35475
0.05,0.35,0.45 0.0214174
0.05,0.4,0.1 3.03026
0.05,0.4,0.15 50.277
0.05,0.4,0.2 41.5706
0.05,0.4,0.25 1.47958
0.05,0.4,0.3 0.0259656
0.05,0.4,0.35 1.00763e-08
0.05,0.4,0.4 3.70075e-07
0.05,0.4,0.45 4.68584e-07
0.05,0.4,0.5 3.01226e-08
0.05,0.45,0.05 2.99034e-05
0.05,0.45,0.1 0.789514
0.05,0.45,0.15 18.9852
0.05,0.45,0.2 61.9006
0.05,0.45,0.25 46.288
0.05,0.45,0.3 7.62697
0.05,0.45,0.35 0.643768
0.05,0.45,0.4 0.0139217
0.05,0.45,0.45 0.000362666
0.05,0.45,0.5 2.89469e-07
0.05,0.5,0.05 0.000505446
0.05,0.5,0.1 2.21601
0.05,0.5,0.15 28.1082
0.05,0.5,0.2 135.918
0.05,0.5,0.25 107.651
0.05,0.5,0.3 30.1445
0.05,0.5,0.35 12.4848
0.05,0.5,0.4 7.38157
0.05,0.5,0.45 0.668603
0.05,0.5,0.5 0.00924294
0.05,0.55,0.05 0.000421072
0.05,0.55,0.1 1.84446
0.05,0.55,0.15 9.69778
0.05,0.55,0.2 22.9608
0.05,0.55,0.25 37.4415
0.05,0.55,0.3 63.8392
0.05,0.55,0.35 35.5832
0.05,0.55,0.4 47.0365
0.05,0.55,0.45 20.1445
0.05,0.55,0.5 0.358293
0.05,0.6,0.05 1.28518e-05
0.05,0.6,0.1 0.0563017
0.05,0.6,0.15 0.185568
0.05,0.6,0.2 0.0748889
0.05,0.6,0.25 16.6437
0.05,0.6,0.3 43.1842
0.05,0.6,0.35 13.8093
0.05,0.6,0.4 41.2499
0.05,0.6,0.45 25.6603
0.05,0.6,0.5 0.464846
0.05,0.65,0.1 9.63713e-05
0.05,0.65,0.15 0.00279189
0.05,0.65,0.2 0.652474
0.05,0.65,0.25 4.81293
0.05,0.65,0.3 2.93254
0.05,0.65,0.35 0.39484
0.05,0.65,0.4 2.56144
0.05,0.65,0.45 1.70711
0.05,0.65,0.5 0.0310072
0.05,0.7,0.1 8.03044e-05
0.05,0.7,0.15 0.00232643
0.05,0.7,0.2 5.24099
0.05,0.7,0.25 35.3717
0.05,0.7,0.3 14.6338
0.05,0.7,0.35 0.0465758
0.05,0.75,0.1 2.45233e-06
0.05,0.75,0.15 7.10445e-05
0.05,0.75,0.2 2.5348
0.05,0.75,0.25 17.1155
0.05,0.75,0.3 7.08098
0.05,0.75,0.35 0.022537
0.05,0.8,0.2 0.0165543
0.05,0.8,0.25 0.111782
0.05,0.8,0.3 0.046246
0.05,0.8,0.35 0.000147189
0.1,0.05,0.15 0.00148907
0.1,0.05,0.2 0.0144666
0.1,0.05,0.25 0.0237911
0.1,0.05,0.3 0.835214
0.1,0.05,0.35 1.23795
0.1,0.05,0.4 0.100151
0.1,0.1,0.15 1.11525
0.1,0.1,0.2 42.4964
0.1,0.1,0.25 55.0386
0.1,0.1,0.3 11.7141
0.1,0.1,0.35 11.9475
0.1,0.1,0.4 0.966561
0.1,0.15,0.05 5.27271
0.1,0.15,0.1 21.0914
0.1,0.15,0.15 11.9083
0.1,0.15,0.2 256.913
0.1,0.15,0.25 344.881
0.1,0.15,0.3 32.7606
0.1,0.15,0.35 9.99273
0.1,0.15,0.4 3.38785
0.1,0.15,0.45 0.0941201
0.1,0.2,0.05 37.1369
0.1,0.2,0.1 152.241
0.1,0.2,0.15 54.2565
0.1,0.2,0.2 175.223
0.1,0.2,0.25 456.341
0.1,0.2,0.3 168.175
0.1,0.2,0.35 56.7
0.1,0.2,0.4 53.6337
0.1,0.2,0.45 2.44347
0.1,0.25,0.05 48.0962
0.1,0.25,0.1 237.335
0.1,0.25,0.15 139.151
0.1,0.25,0.2 212.499
0.1,0.25,0.25 425.222
0.1,0.25,0.3 398.512
0.1,0.25,0.35 313.88
0.1,0.25,0.4 287.585
0.1,0.25,0.45 17.0141
0.1,0.3,0.05 22.8317
0.1,0.3,0.1 126.554
0.1,0.3,0.15 67.7157
0.1,0.3,0.2 55.9445
0.1,0.3,0.25 89.1232
0.1,0.3,0.3 357.274
0.1,0.3,0.35 266.712
0.1,0.3,0.4 169.932
0.1,0.3,0.45 10.3236
0.1,0.35,0.05 0.49511
0.1,0.35,0.1 9.88687
0.1,0.35,0.15 94.7427
0.1,0.35,0.2 75.6908
0.1,0.35,0.25 8.1347
0.1,0.35,0.3 36.6132
0.1,0.35,0.35 16.1591
0.1,0.35,0.4 2.64772
0.1,0.35,0.45 0.15945
0.1,0.4,0.05 9.27806e-07
0.1,0.4,0.1 19.4117
0.1,0.4,0.15 335.916
0.1,0.4,0.2 291.849
0.1,0.4,0.25 11.8037
0.1,0.4,0.3 0.211356
0.1,0.4,0.35 0.233083
0.1,0.4,0.4 6.25055
0.1,0.4,0.45 7.89946
0.1,0.4,0.5 0.507812
0.1,0.45,0 1.93879e-13
0.1,0.45,0.05 1.18422
0.1,0.45,0.1 14.2466
0.1,0.45,0.15 211.004
0.1,0.45,0.2 450.249
0.1,0.45,0.25 264.275
0.1,0.45,0.3 91.6221
0.1,0.45,0.35 18.3613
0.1,0.45,0.4 61.5532
0.1,0.45,0.45 75.9515
0.1,0.45,0.5 4.88047
0.1,0.5,0 1.00185e-12
0.1,0.5,0.05 6.12977
0.1,0.5,0.1 90.8393
0.1,0.5,0.15 356.291
0.1,0.5,0.2 735.33
0.1,0.5,0.25 641.77
0.1,0.5,0.3 431.433
0.1,0.5,0.35 243.845
0.1,0.5,0.4 177.525
0.1,0.5,0.45 49.8532
0.1,0.5,0.5 2.78992
0.1,0.55,0 3.22651e-13
0.1,0.55,0.05 1.98181
0.1,0.55,0.1 62.785
0.1,0.55,0.15 219.784
0.1,0.55,0.2 200.611
0.1,0.55,0.25 313.106
0.1,0.55,0.3 634.388
0.1,0.55,0.35 522.78
0.1,0.55,0.4 531.054
0.1,0.55,0.45 149.492
0.1,0.55,0.5 2.5796
0.1,0.6,0 1.55456e-16
0.1,0.6,0.05 0.00321833
0.1,0.6,0.1 1.87514
0.1,0.6,0.15 11.387
0.1,0.6,0.2 12.5741
0.1,0.6,0.25 122.752
0.1,0.6,0.3 313.964
0.1,0.6,0.35 140.147
0.1,0.6,0.4 339.74
0.1,0.6,0.45 186.526
0.1,0.6,0.5 3.30771
0.1,0.65,0.05 0.016254
0.1,0.65,0.1 2.7178
0.1,0.65,0.15 64.6042
0.1,0.65,0.2 90.3347
0.1,0.65,0.25 62.4724
0.1,0.65,0.3 26.2343
0.1,0.65,0.35 41.1102
0.1,0.65,0.4 91.754
0.1,0.65,0.45 22.5691
0.1,0.65,0.5 0.220639
0.1,0.7,0.05 0.00829763
0.1,0.7,0.1 2.07063
0.1,0.7,0.15 52.4251
0.1,0.7,0.2 117.879
0.1,0.7,0.25 354.216
0.1,0.7,0.3 141.407
0.1,0.7,0.35 17.4701
0.1,0.7,0.4 22.7427
0.1,0.7,0.45 2.32493
0.1,0.75,0.05 6.64721e-05
0.1,0.75,0.1 0.0563223
0.1,0.75,0.15 1.56795
0.1,0.75,0.2 26.2442
0.1,0.75,0.25 163.493
0.1,0.75,0.3 67.3912
0.1,0.75,0.35 0.524345
0.1,0.75,0.4 0.272945
0.1,0.75,0.45 0.00931524
0.1,0.8,0.2 0.15731
0.1,0.8,0.25 1.06222
0.1,0.8,0.3 0.43946
0.1,0.8,0.35 0.00139869
0.15,0.05,0 3.77742e-13
0.15,0.05,0.05 0.00767793
0.15,0.05,0.1 0.030678
0.15,0.05,0.15 2.02703
0.15,0.05,0.2 19.6186
0.15,0.05,0.25 11.3498
0.15,0.05,0.3 16.8498
0.15,0.05,0.35 24.9114
0.15,0.05,0.4 2.03748
0.15,0.1,0 2.55832e-10
0.15,0.1,0.05 5.19999
0.15,0.1,0.1 20.7771
0.15,0.1,0.15 17.9139
0.15,0.1,0.2 137.832
0.15,0.1,0.25 101.45
0.15,0.1,0.3 167.165
0.15,0.1,0.35 243.706
0.15,0.1,0.4 20.208
0.15,0.15,0 7.00245e-10
0.15,0.15,0.05 29.4799
0.15,0.15,0.1 118.325
0.15,0.15,0.15 41.335
0.15,0.15,0.2 194.954
0.15,0.15,0.25 329.035
0.15,0.15,0.3 139.012
0.15,0.15,0.35 165.466
0.15,0.15,0.4 34.3144
0.15,0.15,0.45 0.735412
0.15,0.2,0 1.19621e-10
0.15,0.2,0.05 107.014
0.15,0.2,0.1 436.771
0.15,0.2,0.15 174.923
0.15,0.2,0.2 330.374
0.15,0.2,0.25 531.827
0.15,0.2,0.3 229.713
0.15,0.2,0.35 334.926
0.15,0.2,0.4 261.55
0.15,0.2,0.45 8.33306
0.15,0.25,0 1.19336e-11
0.15,0.25,0.05 109.251
0.15,0.25,0.1 554.796
0.15,0.25,0.15 375.45
0.15,0.25,0.2 627.667
0.15,0.25,0.25 687.655
0.15,0.25,0.3 607.166
0.15,0.25,0.35 434.43
0.15,0.25,0.4 294.508
0.15,0.25,0.45 12.003
0.15,0.3,0 8.50556e-12
0.15,0.3,0.05 54.8621
0.15,0.3,0.1 444.051
0.15,0.3,0.15 339.568
0.15,0.3,0.2 208.748
0.15,0.3,0.25 174.539
0.15,0.3,0.3 329.394
0.15,0.3,0.35 179.437
0.15,0.3,0.4 85.7338
0.15,0.3,0.45 4.71847
0.15,0.35,0 2.30194e-13
0.15,0.35,0.05 4.14369
0.15,0.35,0.1 66.2867
0.15,0.35,0.15 94.4651
0.15,0.35,0.2 40.1158
0.15,0.35,0.25 7.77837
0.15,0.35,0.3 21.921
0.15,0.35,0.35 9.39828
0.15,0.35,0.4 1.28016
0.15,0.35,0.45 0.0719233
0.15,0.4,0 4.54622e-14
0.15,0.4,0.05 0.559616
0.15,0.4,0.1 13.9885
0.15,0.4,0.15 206.401
0.15,0.4,0.2 204.808
0.15,0.4,0.25 14.1556
0.15,0.4,0.3 1.72887
0.15,0.4,0.35 2.57874
0.15,0.4,0.4 25.0739
0.15,0.4,0.45 31.2471
0.15,0.4,0.5 2.00754
0.15,0.45,0 2.69778e-12
0.15,0.45,0.05 16.4784
0.15,0.45,0.1 80.783
0.15,0.45,0.15 435.046
0.15,0.45,0.2 693.301
0.15,0.45,0.25 306.665
0.15,0.45,0.3 214.122
0.15,0.45,0.35 191.511
0.15,0.45,0.4 296.735
0.15,0.45,0.45 323.975
0.15,0.45,0.5 19.9773
0.15,0.5,0 1.39311e-11
0.15,0.5,0.05 85.045
0.15,0.5,0.1 417.881
0.15,0.5,0.15 580.745
0.15,0.5,0.2 736.275
0.15,0.5,0.25 630.941
0.15,0.5,0.3 704.738
0.15,0.5,0.35 626.75
0.15,0.5,0.4 476.999
0.15,0.5,0.45 265.756
0.15,0.5,0.5 13.4682
0.15,0.55,0 4.48659e-12
0.15,0.55,0.05 27.3979
0.15,0.55,0.1 172.696
0.15,0.55,0.15 360.282
0.15,0.55,0.2 435.188
0.15,0.55,0.25 422.33
0.15,0.55,0.3 826.368
0.15,0.55,0.35 637.455
0.15,0.55,0.4 508.985
0.15,0.55,0.45 96.3773
0.15,0.55,0.5 1.87818
0.15,0.6,0 2.16168e-15
0.15,0.6,0.05 0.347075
0.15,0.6,0.1 14.934
0.15,0.6,0.15 67.159
0.15,0.6,0.2 108.689
0.15,0.6,0.25 144.359
0.15,0.6,0.3 300.362
0.15,0.6,0.35 185.931
0.15,0.6,0.4 312.414
0.15,0.6,0.45 102.036
0.15,0.6,0.5 1.43436
0.15,0.65,0.05 2.87219
0.15,0.65,0.1 113.763
0.15,0.65,0.15 438.066
0.15,0.65,0.2 636.011
0.15,0.65,0.25 300.817
0.15,0.65,0.3 56.6984
0.15,0.65,0.35 389.426
0.15,0.65,0.4 600.644
0.15,0.65,0.45 77.8516
0.15,0.65,0.5 0.0956513
0.15,0.7,0.05 1.46625
0.15,0.7,0.1 60.5565
0.15,0.7,0.15 287.536
0.15,0.7,0.2 463.555
0.15,0.7,0.25 472.1
0.15,0.7,0.3 159.07
0.15,0.7,0.35 226.561
0.15,0.7,0.4 229.361
0.15,0.7,0.45 17.8227
0.15,0.75,0.05 0.0117461
0.15,0.75,0.1 0.6922
0.15,0.75,0.15 12.197
0.15,0.75,0.2 37.9446
0.15,0.75,0.25 163.742
0.15,0.75,0.3 131.495
0.15,0.75,0.35 25.8241
0.15,0.75,0.4 5.93628
0.15,0.75,0.45 0.119063
0.15,0.8,0.1 0.00252965
0.15,0.8,0.15 0.230936
0.15,0.8,0.2 0.777323
0.15,0.8,0.25 13.4354
0.15,0.8,0.3 19.2953
0.15,0.8,0.35 4.05499
0.15,0.8,0.4 0.393632
0.2,0.05,0 2.59192e-12
0.2,0.05,0.05 0.0526829
0.2,0.05,0.1 0.2105
0.2,0.05,0.15 6.07775
0.2,0.05,0.2 58.692
0.2,0.05,0.25 33.4367
0.2,0.05,0.3 18.9174
0.2,0.05,0.35 31.3245
0.2,0.05,0.4 3.2651
0.2,0.1,0 1.75541e-09
0.2,0.1,0.05 35.6802
0.2,0.1,0.1 142.565
0.2,0.1,0.15 72.7326
0.2,0.1,0.2 372.272
0.2,0.1,0.25 244.972
0.2,0.1,0.3 230.873
0.2,0.1,0.35 410.838
0.2,0.1,0.4 49.4877
0.2,0.15,0 4.8048e-09
0.2,0.15,0.05 100.401
0.2,0.15,0.1 407.371
0.2,0.15,0.15 187.261
0.2,0.15,0.2 340.175
0.2,0.15,0.25 599.495
0.2,0.15,0.3 281.931
0.2,0.15,0.35 328.402
0.2,0.15,0.4 53.5667
0.2,0.15,0.45 0.353419
0.2,0.2,0 8.2423e-10
0.2,0.2,0.05 40.5653
0.2,0.2,0.1 192.227
0.2,0.2,0.15 382.466
0.2,0.2,0.2 508.747
0.2,0.2,0.25 538.718
0.2,0.2,0.3 221.611
0.2,0.2,0.35 445.627
0.2,0.2,0.4 216.385
0.2,0.2,0.45 3.94654
0.2,0.25,0 1.27805e-10
0.2,0.25,0.05 91.9631
0.2,0.25,0.1 427.086
0.2,0.25,0.15 342.242
0.2,0.25,0.2 659.724
0.2,0.25,0.25 492.165
0.2,0.25,0.3 571.185
0.2,0.25,0.35 856.964
0.2,0.25,0.4 274.803
0.2,0.25,0.45 2.66373
0.2,0.3,0 9.12245e-11
0.2,0.3,0.05 71.1074
0.2,0.3,0.1 472.516
0.2,0.3,0.15 421.473
0.2,0.3,0.2 709.976
0.2,0.3,0.25 354.421
0.2,0.3,0.3 281.142
0.2,0.3,0.35 269.535
0.2,0.3,0.4 54.1663
0.2,0.3,0.45 0.170433
0.2,0.35,0 5.28649e-12
0.2,0.35,0.05 45.1131
0.2,0.35,0.1 234.581
0.2,0.35,0.15 155.434
0.2,0.35,0.2 106.705
0.2,0.35,0.25 33.1558
0.2,0.35,0.3 4.61017
0.2,0.35,0.35 4.30898
0.2,0.35,0.4 1.36389
0.2,0.35,0.45 0.0523247
0.2,0.4,0 3.18551e-12
0.2,0.4,0.05 47.2796
0.2,0.4,0.1 220.818
0.2,0.4,0.15 316.96
0.2,0.4,0.2 156.288
0.2,0.4,0.25 13.5427
0.2,0.4,0.3 4.70477
0.2,0.4,0.35 3.24464
0.2,0.4,0.4 9.97341
0.2,0.4,0.45 8.80888
0.2,0.4,0.5 0.496435
0.2,0.45,0 2.10293e-12
0.2,0.45,0.05 44.8494
0.2,0.45,0.1 235.187
0.2,0.45,0.15 545.988
0.2,0.45,0.2 509.69
0.2,0.45,0.25 234.415
0.2,0.45,0.3 312.927
0.2,0.45,0.35 307.052
0.2,0.45,0.4 316.954
0.2,0.45,0.45 186.644
0.2,0.45,0.5 6.80124
0.2,0.5,0 1.02069e-11
0.2,0.5,0.05 79.8659
0.2,0.5,0.1 391.709
0.2,0.5,0.15 477.865
0.2,0.5,0.2 536.095
0.2,0.5,0.25 383.315
0.2,0.5,0.3 769.058
0.2,0.5,0.35 743.65
0.2,0.5,0.4 688.009
0.2,0.5,0.45 391.178
0.2,0.5,0.5 10.782
0.2,0.55,0 3.28718e-12
0.2,0.55,0.05 24.8969
0.2,0.55,0.1 131.937
0.2,0.55,0.15 310.89
0.2,0.55,0.2 433.161
0.2,0.55,0.25 331.363
0.2,0.55,0.3 708.804
0.2,0.55,0.35 481.552
0.2,0.55,0.4 406.264
0.2,0.55,0.45 149.717
0.2,0.55,0.5 2.64926
0.2,0.6,0 9.57895e-13
0.2,0.6,0.05 0.945548
0.2,0.6,0.1 34.041
0.2,0.6,0.15 318.665
0.2,0.6,0.2 462.527
0.2,0.6,0.25 280.411
0.2,0.6,0.3 463.398
0.2,0.6,0.35 372.137
0.2,0.6,0.4 285.826
0.2,0.6,0.45 29.368
0.2,0.6,0.5 0.142652
0.2,0.65,0 8.97926e-11
0.2,0.65,0.05 11.2776
0.2,0.65,0.1 251.851
0.2,0.65,0.15 537.256
0.2,0.65,0.2 618.401
0.2,0.65,0.25 302.937
0.2,0.65,0.3 154.863
0.2,0.65,0.35 604.579
0.2,0.65,0.4 494.71
0.2,0.65,0.45 35.4158
0.2,0.65,0.5 0.000391338
0.2,0.7,0 1.61943e-10
0.2,0.7,0.05 12.3911
0.2,0.7,0.1 155.8
0.2,0.7,0.15 354.437
0.2,0.7,0.2 525.277
0.2,0.7,0.25 508.558
0.2,0.7,0.3 514.184
0.2,0.7,0.35 552.005
0.2,0.7,0.4 239.449
0.2,0.7,0.45 8.84496
0.2,0.75,0 1.69791e-11
0.2,0.75,0.05 0.995279
0.2,0.75,0.1 6.08317
0.2,0.75,0.15 115.748
0.2,0.75,0.2 253.939
0.2,0.75,0.25 404.225
0.2,0.75,0.3 609.269
0.2,0.75,0.35 352.564
0.2,0.75,0.4 50.2779
0.2,0.75,0.45 0.0840172
0.2,0.8,0.1 0.0470811
0.2,0.8,0.15 4.33476
0.2,0.8,0.2 10.7259
0.2,0.8,0.25 60.2323
0.2,0.8,0.3 104.839
0.2,0.8,0.35 65.7526
0.2,0.8,0.4 8.65742
0.25,0.05,0 1.08787e-12
0.25,0.05,0.05 0.0221119
0.25,0.05,0.1 0.0883505
0.25,0.05,0.15 1.74297
0.25,0.05,0.2 25.3177
0.25,0.05,0.25 24.6643
0.25,0.05,0.3 19.704
0.25,0.05,0.35 14.7473
0.25,0.05,0.4 1.79042
0.25,0.1,0 7.36776e-10
0.25,0.1,0.05 14.9756
0.25,0.1,0.1 60.2489
0.25,0.1,0.15 32.3625
0.25,0.1,0.2 224.322
0.25,0.1,0.25 246.534
0.25,0.1,0.3 229.991
0.25,0.1,0.35 271.897
0.25,0.1,0.4 39.3001
0.25,0.15,0 2.01665e-09
0.25,0.15,0.05 41.4134
0.25,0.15,0.1 172.589
0.25,0.15,0.15 195.722
0.25,0.15,0.2 417.444
0.25,0.15,0.25 602.752
0.25,0.15,0.3 338.139
0.25,0.15,0.35 353.035
0.25,0.15,0.4 53.4259
0.25,0.15,0.45 0.14294
0.25,0.2,0 3.47733e-10
0.25,0.2,0.05 14.2028
0.25,0.2,0.1 85.0806
0.25,0.2,0.15 420.212
0.25,0.2,0.2 600.415
0.25,0.2,0.25 505.706
0.25,0.2,0.3 336.982
0.25,0.2,0.35 530.401
0.25,0.2,0.4 179.776
0.25,0.2,0.45 4.39022
0.25,0.25,0 7.75479e-11
0.25,0.25,0.05 50.2596
0.25,0.25,0.1 229.114
0.25,0.25,0.15 207.926
0.25,0.25,0.2 335.37
0.25,0.25,0.25 156.384
0.25,0.25,0.3 351.955
0.25,0.25,0.35 764.251
0.25,0.25,0.4 251.849
0.25,0.25,0.45 6.04875
0.25,0.3,0 5.55138e-11
0.25,0.3,0.05 37.4191
0.25,0.3,0.1 170.931
