0.45,0.1,0.3 83.7224
0.45,0.1,0.35 125.475
0.45,0.1,0.4 13.7473
0.45,0.15,0.05 6.99618
0.45,0.15,0.1 251.571
0.45,0.15,0.15 529.845
0.45,0.15,0.2 375.736
0.45,0.15,0.25 314.639
0.45,0.15,0.3 361.651
0.45,0.15,0.35 248.899
0.45,0.15,0.4 25.0813
0.45,0.2,0 1.0647e-10
0.45,0.2,0.05 14.8462
0.45,0.2,0.1 363.75
0.45,0.2,0.15 600.829
0.45,0.2,0.2 379.542
0.45,0.2,0.25 508.68
0.45,0.2,0.3 503.472
0.45,0.2,0.35 79.9775
0.45,0.2,0.4 6.52363
0.45,0.25,0 3.24982e-09
0.45,0.25,0.05 54.8757
0.45,0.25,0.1 370.289
0.45,0.25,0.15 339.153
0.45,0.25,0.2 285.669
0.45,0.25,0.25 388.977
0.45,0.25,0.3 330.992
0.45,0.25,0.35 131.238
0.45,0.25,0.4 22.222
0.45,0.3,0 9.70071e-09
0.45,0.3,0.05 117.196
0.45,0.3,0.1 501.225
0.45,0.3,0.15 678.186
0.45,0.3,0.2 840.938
0.45,0.3,0.25 299.702
0.45,0.3,0.3 128.618
0.45,0.3,0.35 71.6347
0.45,0.3,0.4 43.5147
0.45,0.3,0.45 6.02629
0.45,0.35,0 2.26015e-08
0.45,0.35,0.05 125.093
0.45,0.35,0.1 547.093
0.45,0.35,0.15 687.424
0.45,0.35,0.2 667.11
0.45,0.35,0.25 288.07
0.45,0.35,0.3 667.638
0.45,0.35,0.35 316.715
0.45,0.35,0.4 261.818
0.45,0.35,0.45 37.5628
0.45,0.35,0.5 3.9723e-06
0.45,0.4,0 1.60361e-08
0.45,0.4,0.05 77.2081
0.45,0.4,0.1 337.664
0.45,0.4,0.15 336.217
0.45,0.4,0.2 398.437
0.45,0.4,0.25 261.859
0.45,0.4,0.3 763.698
0.45,0.4,0.35 539.089
0.45,0.4,0.4 247.013
0.45,0.4,0.45 28.047
0.45,0.4,0.5 0.0351693
0.45,0.45,0 6.45648e-10
0.45,0.45,0.05 72.62
0.45,0.45,0.1 335.947
0.45,0.45,0.15 439.564
0.45,0.45,0.2 556.236
0.45,0.45,0.25 542.844
0.45,0.45,0.3 593.911
0.45,0.45,0.35 496.121
0.45,0.45,0.4 466.816
0.45,0.45,0.45 120.159
0.45,0.45,0.5 0.205049
0.45,0.5,0 1.11953e-09
0.45,0.5,0.05 87.1123
0.45,0.5,0.1 393.013
0.45,0.5,0.15 524.743
0.45,0.5,0.2 514.506
0.45,0.5,0.25 544.716
0.45,0.5,0.3 443.059
0.45,0.5,0.35 870.112
0.45,0.5,0.4 903.244
0.45,0.5,0.45 128.882
0.45,0.5,0.5 0.112268
0.45,0.55,0 4.57506e-09
0.45,0.55,0.05 35.0237
0.45,0.55,0.1 205.15
0.45,0.55,0.15 626.285
0.45,0.55,0.2 616.457
0.45,0.55,0.25 345.333
0.45,0.55,0.3 194.392
0.45,0.55,0.35 258.02
0.45,0.55,0.4 269.622
0.45,0.55,0.45 19.2898
0.45,0.55,0.5 0.00299866
0.45,0.6,0 1.45695e-08
0.45,0.6,0.05 124.553
0.45,0.6,0.1 521.957
0.45,0.6,0.15 375.506
0.45,0.6,0.2 646.138
0.45,0.6,0.25 494.31
0.45,0.6,0.3 67.8232
0.45,0.6,0.35 15.1726
0.45,0.6,0.4 5.5528
0.45,0.6,0.45 0.170837
0.45,0.65,0 4.32448e-09
0.45,0.65,0.05 65.7743
0.45,0.65,0.1 270.141
0.45,0.65,0.15 214.895
0.45,0.65,0.2 295.545
0.45,0.65,0.25 166.312
0.45,0.65,0.3 41.7632
0.45,0.65,0.35 92.0161
0.45,0.65,0.4 33.1743
0.45,0.65,0.45 0.0846822
0.45,0.7,0 1.04913e-10
0.45,0.7,0.05 1.20881
0.45,0.7,0.1 7.42641
0.45,0.7,0.15 53.4322
0.45,0.7,0.2 183.852
0.45,0.7,0.25 192.427
0.45,0.7,0.3 43.607
0.45,0.7,0.35 98.9517
0.45,0.7,0.4 35.2931
0.45,0.7,0.45 0.0497473
0.45,0.75,0 2.42916e-07
0.45,0.75,0.05 25.0314
0.45,0.75,0.1 99.4899
0.45,0.75,0.15 26.1885
0.45,0.75,0.2 56.8257
0.45,0.75,0.25 87.9485
0.45,0.75,0.3 10.0051
0.45,0.75,0.35 5.23129
0.45,0.75,0.4 1.85271
0.45,0.75,0.45 0.00259658
0.45,0.8,0 7.85732e-07
0.45,0.8,0.05 80.9672
0.45,0.8,0.1 321.799
0.45,0.8,0.15 79.9625
0.45,0.8,0.2 3.21161
0.45,0.8,0.25 6.20355
0.45,0.8,0.3 0.708044
0.45,0.85,0 1.58594e-07
0.45,0.85,0.05 16.3439
0.45,0.85,0.1 64.9577
0.45,0.85,0.15 16.1356
0.45,0.9,0 1.66874e-12
0.45,0.9,0.05 0.000257712
0.45,0.9,0.1 0.00102509
0.45,0.9,0.15 0.00025484
0.5,0.05,0.25 0.00711022
0.5,0.05,0.3 0.796845
0.5,0.05,0.35 1.51457
0.5,0.05,0.4 0.169492
0.5,0.1,0.05 0.0867172
0.5,0.1,0.1 3.07226
0.5,0.1,0.15 13.5721
0.5,0.1,0.2 27.8385
0.5,0.1,0.25 27.0112
0.5,0.1,0.3 88.8573
0.5,0.1,0.35 147.998
0.5,0.1,0.4 16.5278
0.5,0.15,0.05 1.98491
0.5,0.15,0.1 39.4494
0.5,0.15,0.15 159.403
0.5,0.15,0.2 350.08
0.5,0.15,0.25 457.126
0.5,0.15,0.3 482.349
0.5,0.15,0.35 297.091
0.5,0.15,0.4 30.3347
0.5,0.2,0 8.38147e-13
0.5,0.2,0.05 16.6669
0.5,0.2,0.1 312.125
0.5,0.2,0.15 537.038
0.5,0.2,0.2 773.028
0.5,0.2,0.25 776.678
0.5,0.2,0.3 811.187
0.5,0.2,0.35 228.908
0.5,0.2,0.4 27.2176
0.5,0.25,0 8.39191e-10
0.5,0.25,0.05 33.4525
0.5,0.25,0.1 335.59
0.5,0.25,0.15 474.711
0.5,0.25,0.2 718.739
0.5,0.25,0.25 544.781
0.5,0.25,0.3 567.031
0.5,0.25,0.35 540.516
0.5,0.25,0.4 93.9163
0.5,0.3,0 5.66672e-09
0.5,0.3,0.05 106.535
0.5,0.3,0.1 550.123
0.5,0.3,0.15 594.195
0.5,0.3,0.2 767.759
0.5,0.3,0.25 498.319
0.5,0.3,0.3 509.925
0.5,0.3,0.35 279.422
0.5,0.3,0.4 90.9041
0.5,0.3,0.45 10.3643
0.5,0.35,0 6.18444e-09
0.5,0.35,0.05 110.303
0.5,0.35,0.1 592.166
0.5,0.35,0.15 490.584
0.5,0.35,0.2 464.11
0.5,0.35,0.25 290.045
0.5,0.35,0.3 409.329
0.5,0.35,0.35 422.049
0.5,0.35,0.4 464.747
0.5,0.35,0.45 65.462
0.5,0.4,0 3.20839e-09
0.5,0.4,0.05 70.7948
0.5,0.4,0.1 407.893
0.5,0.4,0.15 249.908
0.5,0.4,0.2 375.254
0.5,0.4,0.25 347.904
0.5,0.4,0.3 273.643
0.5,0.4,0.35 463.083
0.5,0.4,0.4 416.045
0.5,0.4,0.45 36.2564
0.5,0.4,0.5 0.000775918
0.5,0.45,0 3.86865e-10
0.5,0.45,0.05 67.159
0.5,0.45,0.1 402.288
0.5,0.45,0.15 239.541
0.5,0.45,0.2 488.789
0.5,0.45,0.25 488.007
0.5,0.45,0.3 196.971
0.5,0.45,0.35 143.067
0.5,0.45,0.4 127.752
0.5,0.45,0.45 18.4099
0.5,0.45,0.5 0.0139103
0.5,0.5,0 5.67498e-09
0.5,0.5,0.05 111.775
0.5,0.5,0.1 493.697
0.5,0.5,0.15 413.299
0.5,0.5,0.2 683.836
0.5,0.5,0.25 691.63
0.5,0.5,0.3 333.945
0.5,0.5,0.35 294.542
0.5,0.5,0.4 314.918
0.5,0.5,0.45 29.34
0.5,0.5,0.5 0.0120219
0.5,0.55,0 5.7425e-09
0.5,0.55,0.05 76.4828
0.5,0.55,0.1 384.656
0.5,0.55,0.15 683.679
0.5,0.55,0.2 903.769
0.5,0.55,0.25 378.122
0.5,0.55,0.3 432.688
0.5,0.55,0.35 195.051
0.5,0.55,0.4 123.353
0.5,0.55,0.45 8.1339
0.5,0.55,0.5 0.000395722
0.5,0.6,0 5.48123e-10
0.5,0.6,0.05 11.6576
0.5,0.6,0.1 148.134
0.5,0.6,0.15 418.458
0.5,0.6,0.2 401.005
0.5,0.6,0.25 161.884
0.5,0.6,0.3 93.0044
0.5,0.6,0.35 31.0653
0.5,0.6,0.4 0.890175
0.5,0.6,0.45 0.0425788
0.5,0.65,0 1.7077e-10
0.5,0.65,0.05 5.63509
0.5,0.65,0.1 49.876
0.5,0.65,0.15 339.44
0.5,0.65,0.2 427.629
0.5,0.65,0.25 446.203
0.5,0.65,0.3 139.939
0.5,0.65,0.35 2.00554
0.5,0.65,0.4 0.0167199
0.5,0.65,0.45 1.83404e-05
0.5,0.7,0 7.44986e-12
0.5,0.7,0.05 0.375777
0.5,0.7,0.1 9.38906
0.5,0.7,0.15 133.585
0.5,0.7,0.2 565.204
0.5,0.7,0.25 841.771
0.5,0.7,0.3 173.402
0.5,0.7,0.35 1.66539
0.5,0.7,0.4 0.0145932
0.5,0.7,0.45 2.04549e-05
0.5,0.75,0 1.82775e-08
0.5,0.75,0.05 6.82987
0.5,0.75,0.1 36.0666
0.5,0.75,0.15 20.2811
0.5,0.75,0.2 242.011
0.5,0.75,0.25 413.672
0.5,0.75,0.3 47.3627
0.5,0.75,0.35 0.0749388
0.5,0.75,0.4 0.00076629
0.5,0.75,0.45 1.07409e-06
0.5,0.8,0 1.78866e-07
0.5,0.8,0.05 29.9893
0.5,0.8,0.1 126.516
0.5,0.8,0.15 34.4639
0.5,0.8,0.2 17.1237
0.5,0.8,0.25 32.8983
0.5,0.8,0.3 3.75486
0.5,0.85,0 1.65992e-07
0.5,0.85,0.05 25.3671
0.5,0.85,0.1 101.2
0.5,0.85,0.15 25.2592
0.5,0.85,0.2 0.000312529
0.5,0.9,0 8.96276e-09
0.5,0.9,0.05 1.38416
0.5,0.9,0.1 5.50572
0.5,0.9,0.15 1.36874
0.55,0.05,0.25 0.000421698
0.55,0.05,0.3 0.0472598
0.55,0.05,0.35 0.0898269
0.55,0.05,0.4 0.0100523
0.55,0.1,0.05 0.0563832
0.55,0.1,0.1 0.282903
0.55,0.1,0.15 0.589469
0.55,0.1,0.2 6.09992
0.55,0.1,0.25 14.0694
0.55,0.1,0.3 7.54439
0.55,0.1,0.35 8.80363
0.55,0.1,0.4 0.98024
0.55,0.15,0.05 19.5098
0.55,0.15,0.1 103.666
0.55,0.15,0.15 46.5898
0.55,0.15,0.2 133.711
0.55,0.15,0.25 319.329
0.55,0.15,0.3 99.4754
0.55,0.15,0.35 24.1283
0.55,0.15,0.4 2.42892
0.55,0.2,0.05 52.6782
0.55,0.2,0.1 344.938
0.55,0.2,0.15 258.956
0.55,0.2,0.2 411.359
0.55,0.2,0.25 457.255
0.55,0.2,0.3 275.142
0.55,0.2,0.35 256.258
0.55,0.2,0.4 40.4442
0.55,0.25,0 2.89443e-11
0.55,0.25,0.05 29.7853
0.55,0.25,0.1 247.642
0.55,0.25,0.15 401.031
0.55,0.25,0.2 577.384
0.55,0.25,0.25 470.378
0.55,0.25,0.3 604.362
0.55,0.25,0.35 484.836
0.55,0.25,0.4 74.1955
0.55,0.3,0 1.90156e-10
0.55,0.3,0.05 57.8479
0.55,0.3,0.1 430.877
0.55,0.3,0.15 531.982
0.55,0.3,0.2 534.01
0.55,0.3,0.25 707.327
0.55,0.3,0.3 1006.58
0.55,0.3,0.35 244.617
0.55,0.3,0.4 17.6994
0.55,0.3,0.45 1.02297
0.55,0.35,0 7.67443e-11
0.55,0.35,0.05 54.2738
0.55,0.35,0.1 503.644
0.55,0.35,0.15 421.092
0.55,0.35,0.2 283.691
0.55,0.35,0.25 335.134
0.55,0.35,0.3 472.444
0.55,0.35,0.35 232.837
0.55,0.35,0.4 50.8131
0.55,0.35,0.45 6.58953
0.55,0.4,0 2.23114e-13
0.55,0.4,0.05 36.5324
0.55,0.4,0.1 307.221
0.55,0.4,0.15 224.387
0.55,0.4,0.2 165.703
0.55,0.4,0.25 276.77
0.55,0.4,0.3 117.26
0.55,0.4,0.35 79.0434
0.55,0.4,0.4 47.8714
0.55,0.4,0.45 3.84424
0.55,0.45,0 8.67379e-11
0.55,0.45,0.05 43.9779
0.55,0.45,0.1 410.542
0.55,0.45,0.15 257.426
0.55,0.45,0.2 166.228
0.55,0.45,0.25 553.483
0.55,0.45,0.3 239.692
0.55,0.45,0.35 10.9254
0.55,0.45,0.4 5.8775
0.55,0.45,0.45 0.293704
0.55,0.5,0 2.0487e-09
0.55,0.5,0.05 45.6365
0.55,0.5,0.1 387.863
0.55,0.5,0.15 316.086
0.55,0.5,0.2 452.494
0.55,0.5,0.25 834.86
0.55,0.5,0.3 299.154
0.55,0.5,0.35 24.8503
0.55,0.5,0.4 1.80224
0.55,0.5,0.45 0.104211
0.55,0.55,0 2.08202e-09
0.55,0.55,0.05 29.6124
0.55,0.55,0.1 223.11
0.55,0.55,0.15 391.04
0.55,0.55,0.2 664.925
0.55,0.55,0.25 443.141
0.55,0.55,0.3 421.189
0.55,0.55,0.35 187.322
0.55,0.55,0.4 2.49674
0.55,0.55,0.45 0.0468188
0.55,0.6,0 9.35155e-11
0.55,0.6,0.05 3.38339
0.55,0.6,0.1 153.035
0.55,0.6,0.15 374.286
0.55,0.6,0.2 392.18
0.55,0.6,0.25 611.856
0.55,0.6,0.3 357.375
0.55,0.6,0.35 113.858
0.55,0.6,0.4 1.0986
0.55,0.6,0.45 0.000272217
0.55,0.65,0 6.11672e-12
0.55,0.65,0.05 28.9568
0.55,0.65,0.1 146.857
0.55,0.65,0.15 230.683
0.55,0.65,0.2 222.966
0.55,0.65,0.25 662.038
0.55,0.65,0.3 345.072
0.55,0.65,0.35 9.46968
0.55,0.65,0.4 0.0163288
0.55,0.7,0 5.68954e-12
0.55,0.7,0.05 28.1793
0.55,0.7,0.1 177.733
0.55,0.7,0.15 336.006
0.55,0.7,0.2 264.613
0.55,0.7,0.25 505.426
0.55,0.7,0.3 266.772
0.55,0.7,0.35 7.64371
0.55,0.75,0 1.42718e-08
0.55,0.75,0.05 54.6056
0.55,0.75,0.1 381.494
0.55,0.75,0.15 332.905
0.55,0.75,0.2 118.278
0.55,0.75,0.25 191.449
0.55,0.75,0.3 62.4599
0.55,0.75,0.35 1.28853
0.55,0.8,0 4.45828e-07
0.55,0.8,0.05 124.511
0.55,0.8,0.1 578.754
0.55,0.8,0.15 194.445
0.55,0.8,0.2 11.9061
0.55,0.8,0.25 24.2854
0.55,0.8,0.3 11.2552
0.55,0.8,0.35 0.245073
0.55,0.85,0 5.23549e-07
0.55,0.85,0.05 88.0736
0.55,0.85,0.1 353.506
0.55,0.85,0.15 88.9599
0.55,0.85,0.2 0.0386062
0.55,0.85,0.25 0.00395505
0.55,0.85,0.3 4.90892e-05
0.55,0.85,0.35 1.20125e-06
0.55,0.9,0 2.99179e-08
0.55,0.9,0.05 5.75641
0.55,0.9,0.1 22.9211
0.55,0.9,0.15 5.70429
0.55,0.95,0 9.51499e-18
0.55,0.95,0.05 1.11451e-05
0.55,0.95,0.1 4.45676e-05
0.55,0.95,0.15 1.11387e-05
0.6,0.1,0.05 0.0807102
0.6,0.1,0.1 0.403069
0.6,0.1,0.15 0.184944
0.6,0.1,0.2 8.24379
0.6,0.1,0.25 17.3481
0.6,0.1,0.3 2.26134
0.6,0.15,0.05 27.272
0.6,0.15,0.1 136.237
0.6,0.15,0.15 43.698
0.6,0.15,0.2 167.961
0.6,0.15,0.25 357.51
0.6,0.15,0.3 47.638
0.6,0.15,0.35 0.863365
0.6,0.15,0.4 0.142001
0.6,0.2,0.05 66.8389
0.6,0.2,0.1 360.017
0.6,0.2,0.15 233.531
0.6,0.2,0.2 274.919
0.6,0.2,0.25 356.911
0.6,0.2,0.3 65.3797
0.6,0.2,0.35 50.3258
0.6,0.2,0.4 8.26971
0.6,0.25,0.05 11.6084
0.6,0.25,0.1 140.978
0.6,0.25,0.15 469.908
0.6,0.25,0.2 548.242
0.6,0.25,0.25 272.522
0.6,0.25,0.3 164.665
0.6,0.25,0.35 91.7153
0.6,0.25,0.4 12.6762
0.6,0.3,0.05 6.33718
0.6,0.3,0.1 75.196
0.6,0.3,0.15 261.346
0.6,0.3,0.2 726.935
0.6,0.3,0.25 790.17
0.6,0.3,0.3 372.575
0.6,0.3,0.35 49.5686
0.6,0.3,0.4 1.12472
0.6,0.35,0.05 12.463
0.6,0.35,0.1 195.456
0.6,0.35,0.15 575.142
0.6,0.35,0.2 640.469
0.6,0.35,0.25 307.57
0.6,0.35,0.3 101.252
0.6,0.35,0.35 19.5006
0.6,0.35,0.4 0.183588
0.6,0.4,0.05 5.75132
0.6,0.4,0.1 151.062
0.6,0.4,0.15 504.682
0.6,0.4,0.2 247.027
0.6,0.4,0.25 61.1974
0.6,0.4,0.3 50.9939
0.6,0.4,0.35 5.46953
0.6,0.4,0.4 0.041526
0.6,0.45,0 1.27272e-13
0.6,0.45,0.05 15.088
0.6,0.45,0.1 375.165
0.6,0.45,0.15 450.472
0.6,0.45,0.2 101.204
0.6,0.45,0.25 566.118
0.6,0.45,0.3 443.129
0.6,0.45,0.35 20.0176
0.6,0.5,0 3.01477e-12
0.6,0.5,0.05 18.4783
0.6,0.5,0.1 388.551
0.6,0.5,0.15 402.737
0.6,0.5,0.2 138.438
0.6,0.5,0.25 659.799
0.6,0.5,0.3 377.456
0.6,0.5,0.35 17.6566
0.6,0.5,0.4 0.0539158
0.6,0.55,0 3.06421e-12
0.6,0.55,0.05 2.9237
0.6,0.55,0.1 59.9281
0.6,0.55,0.15 76.5095
0.6,0.55,0.2 144.342
0.6,0.55,0.25 313.434
0.6,0.55,0.3 241.823
0.6,0.55,0.35 69.9483
0.6,0.55,0.4 0.531941
0.6,0.6,0 9.91489e-13
0.6,0.6,0.05 4.09561
0.6,0.6,0.1 29.3023
0.6,0.6,0.15 41.1164
0.6,0.6,0.2 247.046
0.6,0.6,0.25 914.542
0.6,0.6,0.3 565.134
0.6,0.6,0.35 69.307
0.6,0.6,0.4 0.316418
0.6,0.65,0 1.62843e-11
0.6,0.65,0.05 76.896
0.6,0.65,0.1 327.63
0.6,0.65,0.15 257.255
0.6,0.65,0.2 214.121
0.6,0.65,0.25 628.713
0.6,0.65,0.3 441.357
0.6,0.65,0.35 35.4803
0.6,0.65,0.4 0.0045828
0.6,0.7,0 1.70907e-11
0.6,0.7,0.05 70.61
0.6,0.7,0.1 372.939
0.6,0.7,0.15 500.3
0.6,0.7,0.2 369.924
0.6,0.7,0.25 475.256
0.6,0.7,0.3 345.776
0.6,0.7,0.35 33.9692
0.6,0.75,0 3.45711e-09
0.6,0.75,0.05 69.511
0.6,0.75,0.1 453.365
0.6,0.75,0.15 509.743
0.6,0.75,0.2 288.257
0.6,0.75,0.25 438.009
0.6,0.75,0.3 270.191
0.6,0.75,0.35 8.32069
0.6,0.8,0 9.39846e-08
0.6,0.8,0.05 144.576
0.6,0.8,0.1 636.68
0.6,0.8,0.15 274.872
0.6,0.8,0.2 133.506
0.6,0.8,0.25 99.8498
0.6,0.8,0.3 65.0469
0.6,0.8,0.35 1.59147
0.6,0.85,0 1.09314e-07
0.6,0.85,0.05 108.573
0.6,0.85,0.1 435.582
0.6,0.85,0.15 111.524
0.6,0.85,0.2 4.05321
0.6,0.85,0.25 0.445365
0.6,0.85,0.3 0.00031878
0.6,0.85,0.35 7.80081e-06
0.6,0.9,0 6.2527e-09
0.6,0.9,0.05 22.1589
0.6,0.9,0.1 88.5901
0.6,0.9,0.15 22.1361
0.6,0.95,0 1.77506e-16
0.6,0.95,0.05 0.000207916
0.6,0.95,0.1 0.000831427
0.6,0.95,0.15 0.000207798
0.65,0.1,0.05 0.00621642
0.65,0.1,0.1 0.031045
0.65,0.1,0.15 0.0608471
0.65,0.1,0.2 5.44686
0.65,0.1,0.25 10.2081
0.65,0.1,0.3 1.1237
0.65,0.15,0.05 2.10038
0.65,0.15,0.1 10.5077
0.65,0.15,0.15 4.32434
0.65,0.15,0.2 106.916
0.65,0.15,0.25 203.375
0.65,0.15,0.3 23.3546
0.65,0.15,0.35 0.000478791
0.65,0.2,0.05 5.15093
0.65,0.2,0.1 57.3456
0.65,0.2,0.15 120.507
0.65,0.2,0.2 168.071
0.65,0.2,0.25 318.284
0.65,0.2,0.3 55.8986
0.65,0.2,0.35 0.010777
0.65,0.25,0.05 0.789749
0.65,0.25,0.1 100.478
0.65,0.25,0.15 364.705
0.65,0.25,0.2 368.578
0.65,0.25,0.25 469.597
0.65,0.25,0.3 73.8211
0.65,0.25,0.35 0.207927
0.65,0.3,0.05 0.0166433
0.65,0.3,0.1 19.1236
0.65,0.3,0.15 214.174
0.65,0.3,0.2 595.398
0.65,0.3,0.25 405.698
0.65,0.3,0.3 50.3352
