0.45,0.2,0.2 299.84
0.45,0.2,0.25 299.986
0.45,0.2,0.3 87.256
0.45,0.2,0.35 8.45291
0.45,0.25,0 3.3324e-10
0.45,0.25,0.05 117.418
0.45,0.25,0.1 473.416
0.45,0.25,0.15 179.134
0.45,0.25,0.2 313.518
0.45,0.25,0.25 398.501
0.45,0.25,0.3 54.3133
0.45,0.25,0.35 0.263154
0.45,0.3,0 3.79352e-10
0.45,0.3,0.05 137.983
0.45,0.3,0.1 575.249
0.45,0.3,0.15 486.895
0.45,0.3,0.2 667.937
0.45,0.3,0.25 280.436
0.45,0.3,0.3 25.9669
0.45,0.3,0.35 4.38289
0.45,0.3,0.4 0.68388
0.45,0.35,0 1.10197e-09
0.45,0.35,0.05 143.172
0.45,0.35,0.1 587.115
0.45,0.35,0.15 385.727
0.45,0.35,0.2 521.348
0.45,0.35,0.25 463.86
0.45,0.35,0.3 355.172
0.45,0.35,0.35 129.558
0.45,0.35,0.4 8.26367
0.45,0.4,0 7.68325e-10
0.45,0.4,0.05 76.6809
0.45,0.4,0.1 319.101
0.45,0.4,0.15 255.621
0.45,0.4,0.2 305.692
0.45,0.4,0.25 421.42
0.45,0.4,0.3 743.798
0.45,0.4,0.35 364.434
0.45,0.4,0.4 24.6064
0.45,0.4,0.45 0.124064
0.45,0.45,0 1.1988e-10
0.45,0.45,0.05 73.9975
0.45,0.45,0.1 344.348
0.45,0.45,0.15 514.047
0.45,0.45,0.2 437.463
0.45,0.45,0.25 582.267
0.45,0.45,0.3 552.434
0.45,0.45,0.35 262.092
0.45,0.45,0.4 72.0961
0.45,0.45,0.45 0.700539
0.45,0.5,0 8.34623e-10
0.45,0.5,0.05 115.398
0.45,0.5,0.1 489.165
0.45,0.5,0.15 418.83
0.45,0.5,0.2 654.329
0.45,0.5,0.25 491.722
0.45,0.5,0.3 954.356
0.45,0.5,0.35 554.352
0.45,0.5,0.4 128.169
0.45,0.5,0.45 3.46045
0.45,0.55,0 4.47662e-09
0.45,0.55,0.05 109.877
0.45,0.55,0.1 455.867
0.45,0.55,0.15 354.007
0.45,0.55,0.2 645.778
0.45,0.55,0.25 324.169
0.45,0.55,0.3 742.822
0.45,0.55,0.35 552.94
0.45,0.55,0.4 212.74
0.45,0.55,0.45 6.93992
0.45,0.6,0 1.47217e-08
0.45,0.6,0.05 143.698
0.45,0.6,0.1 577.068
0.45,0.6,0.15 377.235
0.45,0.6,0.2 737.265
0.45,0.6,0.25 271.225
0.45,0.6,0.3 68.8773
0.45,0.6,0.35 51.9113
0.45,0.6,0.4 27.3331
0.45,0.6,0.45 0.900985
0.45,0.65,0 4.85193e-09
0.45,0.65,0.05 94.0173
0.45,0.65,0.1 376.368
0.45,0.65,0.15 188.855
0.45,0.65,0.2 319.818
0.45,0.65,0.25 107.143
0.45,0.65,0.3 28.9391
0.45,0.65,0.35 3.01359
0.45,0.65,0.4 0.186152
0.45,0.65,0.45 0.00476868
0.45,0.7,0 2.56568e-10
0.45,0.7,0.05 9.38026
0.45,0.7,0.1 41.4449
0.45,0.7,0.15 24.1444
0.45,0.7,0.2 45.6523
0.45,0.7,0.25 65.4248
0.45,0.7,0.3 14.7972
0.45,0.7,0.35 0.627313
0.45,0.7,0.4 0.055242
0.45,0.7,0.45 0.00141514
0.45,0.75,0 2.42916e-07
0.45,0.75,0.05 25.0581
0.45,0.75,0.1 107.662
0.45,0.75,0.15 46.1
0.45,0.75,0.2 96.4842
0.45,0.75,0.25 246.586
0.45,0.75,0.3 41.4017
0.45,0.75,0.35 1.14774e-05
0.45,0.75,0.4 8.81905e-06
0.45,0.75,0.45 2.25919e-07
0.45,0.8,0 7.85732e-07
0.45,0.8,0.05 80.9704
0.45,0.8,0.1 322.815
0.45,0.8,0.15 83.484
0.45,0.8,0.2 29.1726
0.45,0.8,0.25 73.032
0.45,0.8,0.3 12.2522
0.45,0.85,0 1.58594e-07
0.45,0.85,0.05 16.3439
0.45,0.85,0.1 64.958
0.45,0.85,0.15 16.1616
0.45,0.85,0.2 0.0537448
0.45,0.85,0.25 0.0181021
0.45,0.85,0.3 0.00212962
0.45,0.9,0 1.66874e-12
0.45,0.9,0.05 0.000257712
0.45,0.9,0.1 0.00102509
0.45,0.9,0.15 0.00025484
0.5,0.05,0.15 0.000643309
0.5,0.05,0.2 0.0160306
0.5,0.05,0.25 1.11993
0.5,0.05,0.3 3.36453
0.5,0.05,0.35 0.638242
0.5,0.1,0 1.57121e-14
0.5,0.1,0.05 5.5572
0.5,0.1,0.1 22.2813
0.5,0.1,0.15 12.8964
0.5,0.1,0.2 24.6608
0.5,0.1,0.25 93.7515
0.5,0.1,0.3 159.055
0.5,0.1,0.35 24.6633
0.5,0.15,0 4.37176e-12
0.5,0.15,0.05 38.4895
0.5,0.15,0.1 155.825
0.5,0.15,0.15 195.308
0.5,0.15,0.2 508.053
0.5,0.15,0.25 628.221
0.5,0.15,0.3 601.986
0.5,0.15,0.35 73.4765
0.5,0.2,0 4.40918e-11
0.5,0.2,0.05 114.597
0.5,0.2,0.1 468.829
0.5,0.2,0.15 451.131
0.5,0.2,0.2 810.727
0.5,0.2,0.25 594.493
0.5,0.2,0.3 376.121
0.5,0.2,0.35 46.0952
0.5,0.25,0 5.72791e-11
0.5,0.25,0.05 100.474
0.5,0.25,0.1 413.347
0.5,0.25,0.15 323.933
0.5,0.25,0.2 409.113
0.5,0.25,0.25 373.259
0.5,0.25,0.3 93.8549
0.5,0.25,0.35 2.94586
0.5,0.3,0 2.57882e-10
0.5,0.3,0.05 158.564
0.5,0.3,0.1 681.558
0.5,0.3,0.15 793.787
0.5,0.3,0.2 602.699
0.5,0.3,0.25 179.185
0.5,0.3,0.3 53.117
0.5,0.3,0.35 41.4262
0.5,0.3,0.4 7.42742
0.5,0.35,0 1.13415e-09
0.5,0.35,0.05 184.497
0.5,0.35,0.1 766.29
0.5,0.35,0.15 600.948
0.5,0.35,0.2 556.166
0.5,0.35,0.25 140.217
0.5,0.35,0.3 218.905
0.5,0.35,0.35 396.83
0.5,0.35,0.4 62.2941
0.5,0.4,0 1.06641e-09
0.5,0.4,0.05 97.1101
0.5,0.4,0.1 396.125
0.5,0.4,0.15 310.53
0.5,0.4,0.2 379.694
0.5,0.4,0.25 265.492
0.5,0.4,0.3 643.089
0.5,0.4,0.35 453.399
0.5,0.4,0.4 36.3473
0.5,0.4,0.45 9.41258e-05
0.5,0.45,0 1.66914e-09
0.5,0.45,0.05 106.812
0.5,0.45,0.1 439.087
0.5,0.45,0.15 375.041
0.5,0.45,0.2 441.58
0.5,0.45,0.25 558.392
0.5,0.45,0.3 364.424
0.5,0.45,0.35 106.944
0.5,0.45,0.4 2.27028
0.5,0.45,0.45 0.014397
0.5,0.5,0 5.01305e-09
0.5,0.5,0.05 145.991
0.5,0.5,0.1 586.671
0.5,0.5,0.15 375.105
0.5,0.5,0.2 545.039
0.5,0.5,0.25 266.833
0.5,0.5,0.3 216.426
0.5,0.5,0.35 158.369
0.5,0.5,0.4 76.1646
0.5,0.5,0.45 2.50341
0.5,0.55,0 6.35302e-09
0.5,0.55,0.05 177.253
0.5,0.55,0.1 717.672
0.5,0.55,0.15 642.626
0.5,0.55,0.2 825.276
0.5,0.55,0.25 146.812
0.5,0.55,0.3 236.668
0.5,0.55,0.35 271.945
0.5,0.55,0.4 163.275
0.5,0.55,0.45 5.3834
0.5,0.6,0 3.50025e-09
0.5,0.6,0.05 96.0384
0.5,0.6,0.1 391.687
0.5,0.6,0.15 432.437
0.5,0.6,0.2 543.645
0.5,0.6,0.25 74.0875
0.5,0.6,0.3 26.2605
0.5,0.6,0.35 32.8599
0.5,0.6,0.4 21.1538
0.5,0.6,0.45 0.69815
0.5,0.65,0 2.35742e-09
0.5,0.65,0.05 114.508
0.5,0.65,0.1 462.056
0.5,0.65,0.15 242.756
0.5,0.65,0.2 181.707
0.5,0.65,0.25 18.2916
0.5,0.65,0.3 0.033772
0.5,0.7,0 5.67027e-10
0.5,0.7,0.05 30.7738
0.5,0.7,0.1 189.548
0.5,0.7,0.15 310.176
0.5,0.7,0.2 163.022
0.5,0.7,0.25 9.30689
0.5,0.7,0.3 0.19536
0.5,0.75,0 1.82803e-08
0.5,0.75,0.05 8.82733
0.5,0.75,0.1 159.972
0.5,0.75,0.15 322.651
0.5,0.75,0.2 59.271
0.5,0.75,0.25 6.19506
0.5,0.75,0.3 0.933242
0.5,0.8,0 1.78869e-07
0.5,0.8,0.05 31.9453
0.5,0.8,0.1 142.427
0.5,0.8,0.15 68.7486
0.5,0.8,0.2 6.09879
0.5,0.8,0.25 1.65421
0.5,0.8,0.3 0.278398
0.5,0.85,0 1.65992e-07
0.5,0.85,0.05 25.4838
0.5,0.85,0.1 101.369
0.5,0.85,0.15 25.2017
0.5,0.85,0.2 0.000105858
0.5,0.85,0.25 0.000287738
0.5,0.85,0.3 4.84252e-05
0.5,0.9,0 8.96276e-09
0.5,0.9,0.05 1.38416
0.5,0.9,0.1 5.50572
0.5,0.9,0.15 1.36874
0.55,0.05,0.2 3.91099e-06
0.55,0.05,0.25 0.00662342
0.55,0.05,0.3 0.0201772
0.55,0.05,0.35 0.00382836
0.55,0.1,0.05 0.0995322
0.55,0.1,0.1 1.53177
0.55,0.1,0.15 22.3859
0.55,0.1,0.2 26.1621
0.55,0.1,0.25 42.2493
0.55,0.1,0.3 32.5279
0.55,0.1,0.35 1.62478
0.55,0.15,0 7.95645e-14
0.55,0.15,0.05 30.3357
0.55,0.15,0.1 129.799
0.55,0.15,0.15 210.147
0.55,0.15,0.2 292.241
0.55,0.15,0.25 367.654
0.55,0.15,0.3 300.688
0.55,0.15,0.35 25.6591
0.55,0.2,0 2.19964e-12
0.55,0.2,0.05 104.006
0.55,0.2,0.1 436.442
0.55,0.2,0.15 558.702
0.55,0.2,0.2 729.395
0.55,0.2,0.25 371.066
0.55,0.2,0.3 318.295
0.55,0.2,0.35 45.3643
0.55,0.25,0 2.29454e-11
0.55,0.25,0.05 61.4768
0.55,0.25,0.1 273.094
0.55,0.25,0.15 559.389
0.55,0.25,0.2 680.008
0.55,0.25,0.25 792.778
0.55,0.25,0.3 503.349
0.55,0.25,0.35 53.2582
0.55,0.25,0.4 0.00413669
0.55,0.3,0 3.42634e-10
0.55,0.3,0.05 102.224
0.55,0.3,0.1 432.325
0.55,0.3,0.15 474.386
0.55,0.3,0.2 564.288
0.55,0.3,0.25 694.629
0.55,0.3,0.3 308.053
0.55,0.3,0.35 44.0521
0.55,0.3,0.4 4.59181
0.55,0.35,0 1.66451e-09
0.55,0.35,0.05 147.548
0.55,0.35,0.1 601.92
0.55,0.35,0.15 233.422
0.55,0.35,0.2 208.471
0.55,0.35,0.25 100.767
0.55,0.35,0.3 101.937
0.55,0.35,0.35 213.483
0.55,0.35,0.4 37.0674
0.55,0.4,0 1.13908e-09
0.55,0.4,0.05 78.3477
0.55,0.4,0.1 317.037
0.55,0.4,0.15 128.601
0.55,0.4,0.2 116.515
0.55,0.4,0.25 131.243
0.55,0.4,0.3 122.159
0.55,0.4,0.35 121.98
0.55,0.4,0.4 18.1489
0.55,0.45,0 1.94604e-09
0.55,0.45,0.05 112.884
0.55,0.45,0.1 453.264
0.55,0.45,0.15 287.022
0.55,0.45,0.2 466.207
0.55,0.45,0.25 407.73
0.55,0.45,0.3 113.468
0.55,0.45,0.35 11.2552
0.55,0.45,0.4 0.168428
0.55,0.45,0.45 0.000363206
0.55,0.5,0 2.97876e-09
0.55,0.5,0.05 100.754
0.55,0.5,0.1 409.692
0.55,0.5,0.15 486.306
0.55,0.5,0.2 768.271
0.55,0.5,0.25 175.42
0.55,0.5,0.3 18.7031
0.55,0.5,0.35 2.52626
0.55,0.5,0.4 1.9842
0.55,0.5,0.45 0.0655079
0.55,0.55,0 4.29293e-09
0.55,0.55,0.05 85.3651
0.55,0.55,0.1 386.217
0.55,0.55,0.15 655.543
0.55,0.55,0.2 772.368
0.55,0.55,0.25 155.36
0.55,0.55,0.3 9.94265
0.55,0.55,0.35 5.2666
0.55,0.55,0.4 4.26714
0.55,0.55,0.45 0.14088
0.55,0.6,0 4.28921e-09
0.55,0.6,0.05 89.2127
0.55,0.6,0.1 388.84
0.55,0.6,0.15 410.433
0.55,0.6,0.2 359.499
0.55,0.6,0.25 81.4846
0.55,0.6,0.3 4.71722
0.55,0.6,0.35 0.686243
0.55,0.6,0.4 0.55339
0.55,0.6,0.45 0.0182701
0.55,0.65,0 8.54032e-10
0.55,0.65,0.05 60.0726
0.55,0.65,0.1 276.608
0.55,0.65,0.15 483.483
0.55,0.65,0.2 591.745
0.55,0.65,0.25 78.0512
0.55,0.65,0.3 0.313552
0.55,0.7,0 1.304e-10
0.55,0.7,0.05 40.4477
0.55,0.7,0.1 331.053
0.55,0.7,0.15 760.902
0.55,0.7,0.2 689.873
0.55,0.7,0.25 65.9182
0.55,0.7,0.3 0.0178405
0.55,0.75,0 1.43001e-08
0.55,0.75,0.05 78.536
0.55,0.75,0.1 523.627
0.55,0.75,0.15 468.261
0.55,0.75,0.2 84.6796
0.55,0.75,0.25 3.75159
0.55,0.8,0 4.45858e-07
0.55,0.8,0.05 145.553
0.55,0.8,0.1 600.257
0.55,0.8,0.15 181.842
0.55,0.8,0.2 4.57043
0.55,0.8,0.25 1.76531e-12
0.55,0.85,0 5.23551e-07
0.55,0.85,0.05 89.3176
0.55,0.85,0.1 355.453
0.55,0.85,0.15 88.4116
0.55,0.9,0 2.99179e-08
0.55,0.9,0.05 5.75641
0.55,0.9,0.1 22.9211
0.55,0.9,0.15 5.70429
0.55,0.95,0 9.51499e-18
0.55,0.95,0.05 1.11451e-05
0.55,0.95,0.1 4.45676e-05
0.55,0.95,0.15 1.11387e-05
0.6,0.1,0.05 0.1202
0.6,0.1,0.1 3.40437
0.6,0.1,0.15 56.6587
0.6,0.1,0.2 51.2903
0.6,0.1,0.25 3.03245
0.6,0.1,0.3 0.87081
0.6,0.1,0.35 0.0257502
0.6,0.15,0 9.92903e-13
0.6,0.15,0.05 35.292
0.6,0.15,0.1 160.474
0.6,0.15,0.15 413.761
0.6,0.15,0.2 348.655
0.6,0.15,0.25 25.4825
0.6,0.15,0.3 9.22944
0.6,0.15,0.35 0.465986
0.6,0.2,0 2.81428e-11
0.6,0.2,0.05 137.627
0.6,0.2,0.1 567.218
0.6,0.2,0.15 406.882
0.6,0.2,0.2 266.497
0.6,0.2,0.25 178
0.6,0.2,0.3 214.049
0.6,0.2,0.35 33.6319
0.6,0.25,0 3.24862e-11
0.6,0.25,0.05 81.6142
0.6,0.25,0.1 433.606
0.6,0.25,0.15 624.456
0.6,0.25,0.2 487.532
0.6,0.25,0.25 687.069
0.6,0.25,0.3 584.956
0.6,0.25,0.35 91.0006
0.6,0.25,0.4 0.0522049
0.6,0.3,0 1.02456e-10
0.6,0.3,0.05 31.2638
0.6,0.3,0.1 288.594
0.6,0.3,0.15 554.259
0.6,0.3,0.2 699.796
0.6,0.3,0.25 754.114
0.6,0.3,0.3 531.758
0.6,0.3,0.35 141.98
0.6,0.3,0.4 0.525104
0.6,0.35,0 5.7752e-10
0.6,0.35,0.05 114.202
0.6,0.35,0.1 678.197
0.6,0.35,0.15 374.981
0.6,0.35,0.2 303.175
0.6,0.35,0.25 167.085
0.6,0.35,0.3 171.713
0.6,0.35,0.35 70.6335
0.6,0.35,0.4 0.774366
0.6,0.4,0 2.65865e-10
0.6,0.4,0.05 60.4539
0.6,0.4,0.1 317.589
0.6,0.4,0.15 175.824
0.6,0.4,0.2 170.196
0.6,0.4,0.25 36.5836
0.6,0.4,0.3 3.68415
0.6,0.4,0.35 2.01856
0.6,0.4,0.4 0.262546
0.6,0.45,0 9.10978e-10
0.6,0.45,0.05 154.992
0.6,0.45,0.1 620.407
0.6,0.45,0.15 374.997
0.6,0.45,0.2 593.615
0.6,0.45,0.25 128.42
0.6,0.45,0.3 5.94562
0.6,0.45,0.35 0.00959261
0.6,0.45,0.4 0.00173253
0.6,0.5,0 1.8648e-09
0.6,0.5,0.05 144.22
0.6,0.5,0.1 583.261
0.6,0.5,0.15 386.538
0.6,0.5,0.2 583.239
0.6,0.5,0.25 152.528
0.6,0.5,0.3 5.7673
0.6,0.55,0 5.1768e-10
0.6,0.55,0.05 20.6988
0.6,0.55,0.1 147.918
0.6,0.55,0.15 451.653
0.6,0.55,0.2 514.313
0.6,0.55,0.25 384.515
0.6,0.55,0.3 37.4378
0.6,0.6,0 3.70083e-10
0.6,0.6,0.05 11.5619
0.6,0.6,0.1 111.444
0.6,0.6,0.15 566.265
0.6,0.6,0.2 669.084
0.6,0.6,0.25 323.458
0.6,0.6,0.3 20.5196
0.6,0.65,0 3.70421e-11
0.6,0.65,0.05 78.4721
0.6,0.65,0.1 436.31
0.6,0.65,0.15 767.662
0.6,0.65,0.2 868.289
0.6,0.65,0.25 225.692
0.6,0.65,0.3 2.51971
0.6,0.7,0 3.41557e-12
0.6,0.7,0.05 80.3865
0.6,0.7,0.1 589.742
0.6,0.7,0.15 851.177
0.6,0.7,0.2 535.797
0.6,0.7,0.25 65.262
0.6,0.7,0.3 0.150812
0.6,0.75,0 3.47347e-09
0.6,0.75,0.05 91.4694
0.6,0.75,0.1 577.04
0.6,0.75,0.15 387.459
0.6,0.75,0.2 47.5311
0.6,0.75,0.25 2.45024
0.6,0.8,0 9.40025e-08
0.6,0.8,0.05 157.962
0.6,0.8,0.1 660.315
0.6,0.8,0.15 208.264
0.6,0.8,0.2 5.53472
0.6,0.8,0.25 2.41625e-06
0.6,0.85,0 1.09315e-07
0.6,0.85,0.05 109.328
0.6,0.85,0.1 437.338
0.6,0.85,0.15 110.27
0.6,0.85,0.2 0.160999
0.6,0.9,0 6.2527e-09
0.6,0.9,0.05 22.1589
0.6,0.9,0.1 88.5901
0.6,0.9,0.15 22.1361
0.6,0.95,0 1.77506e-16
0.6,0.95,0.05 0.000207916
0.6,0.95,0.1 0.000831427
0.6,0.95,0.15 0.000207798
0.65,0.1,0.05 0.00722046
0.65,0.1,0.1 1.3351
0.65,0.1,0.15 27.3872
0.65,0.1,0.2 26.0065
0.65,0.1,0.25 1.03093
0.65,0.15,0 6.97476e-13
0.65,0.15,0.05 4.79451
0.65,0.15,0.1 37.1584
0.65,0.15,0.15 304.376
0.65,0.15,0.2 285.646
0.65,0.15,0.25 22.193
0.65,0.15,0.3 6.00766
0.65,0.15,0.35 0.0753822
0.65,0.2,0 1.97693e-11
0.65,0.2,0.05 53.9899
0.65,0.2,0.1 256.177
0.65,0.2,0.15 284.75
0.65,0.2,0.2 222.891
0.65,0.2,0.25 269.752
0.65,0.2,0.3 155.611
0.65,0.2,0.35 4.24185
0.65,0.25,0 2.20926e-11
0.65,0.25,0.05 64.2272
0.65,0.25,0.1 452.064
0.65,0.25,0.15 419.922
0.65,0.25,0.2 235.149
0.65,0.25,0.25 352.853
0.65,0.25,0.3 206.939
0.65,0.25,0.35 17.893
0.65,0.25,0.4 0.0357439
0.65,0.3,0 1.37717e-12
0.65,0.3,0.05 26.2459
0.65,0.3,0.1 377.173
0.65,0.3,0.15 718.123
0.65,0.3,0.2 653.258
0.65,0.3,0.25 264.254
0.65,0.3,0.3 233.139
0.65,0.3,0.35 90.0837
0.65,0.3,0.4 0.314358
0.65,0.35,0 1.27621e-12
0.65,0.35,0.05 84.9407
0.65,0.35,0.1 635.248
0.65,0.35,0.15 485.831
0.65,0.35,0.2 226.805
0.65,0.35,0.25 70.4219
0.65,0.35,0.3 110.606
0.65,0.35,0.35 46.2916
0.65,0.35,0.4 0.16325
0.65,0.4,0 3.86336e-11
0.65,0.4,0.05 81.1777
0.65,0.4,0.1 425.503
0.65,0.4,0.15 168.595
0.65,0.4,0.2 40.5602
0.65,0.4,0.25 6.59638
0.65,0.4,0.3 0.936707
0.65,0.4,0.35 0.394482
0.65,0.4,0.4 0.0013912
0.65,0.45,0 3.0087e-10
0.65,0.45,0.05 159.371
0.65,0.45,0.1 638.538
0.65,0.45,0.15 226.549
0.65,0.45,0.2 263.873
0.65,0.45,0.25 78.1929
0.65,0.45,0.3 0.133204
0.65,0.5,0 4.43219e-10
0.65,0.5,0.05 93.5373
0.65,0.5,0.1 375.333
0.65,0.5,0.15 260.458
0.65,0.5,0.2 672.052
0.65,0.5,0.25 208.014
0.65,0.5,0.3 1.52805
