0.65,0.4,0.25 86.6021
0.65,0.4,0.3 328.089
0.65,0.4,0.35 548.601
0.65,0.4,0.4 221.039
0.65,0.4,0.45 241.539
0.65,0.4,0.5 723.371
0.65,0.4,0.55 508.437
0.65,0.4,0.6 80.8252
0.65,0.4,0.65 223.768
0.65,0.4,0.7 395.164
0.65,0.4,0.75 186.871
0.65,0.4,0.8 3.46804
0.65,0.45,0.1 0.0343285
0.65,0.45,0.15 49.9199
0.65,0.45,0.2 220.651
0.65,0.45,0.25 277.699
0.65,0.45,0.3 118.013
0.65,0.45,0.35 341.818
0.65,0.45,0.4 250.13
0.65,0.45,0.45 629.718
0.65,0.45,0.5 558.562
0.65,0.45,0.55 243.139
0.65,0.45,0.6 267.481
0.65,0.45,0.65 344.933
0.65,0.45,0.7 442.27
0.65,0.45,0.75 227.685
0.65,0.45,0.8 6.76056
0.65,0.5,0.1 0.345265
0.65,0.5,0.15 21.4749
0.65,0.5,0.2 142.951
0.65,0.5,0.25 443.895
0.65,0.5,0.3 352.765
0.65,0.5,0.35 655.853
0.65,0.5,0.4 353.842
0.65,0.5,0.45 519.786
0.65,0.5,0.5 622.243
0.65,0.5,0.55 272.682
0.65,0.5,0.6 492.852
0.65,0.5,0.65 776.462
0.65,0.5,0.7 712.557
0.65,0.5,0.75 329.504
0.65,0.5,0.8 12.8717
0.65,0.55,0.1 0.830531
0.65,0.55,0.15 24.3309
0.65,0.55,0.2 53.8098
0.65,0.55,0.25 261.145
0.65,0.55,0.3 697.843
0.65,0.55,0.35 527.521
0.65,0.55,0.4 144.933
0.65,0.55,0.45 437.028
0.65,0.55,0.5 716.035
0.65,0.55,0.55 413.723
0.65,0.55,0.6 350.127
0.65,0.55,0.65 531.315
0.65,0.55,0.7 647.461
0.65,0.55,0.75 224.353
0.65,0.55,0.8 3.2904
0.65,0.6,0.1 0.125228
0.65,0.6,0.15 3.46749
0.65,0.6,0.2 22.7028
0.65,0.6,0.25 310.652
0.65,0.6,0.3 618.153
0.65,0.6,0.35 498.543
0.65,0.6,0.4 127.181
0.65,0.6,0.45 342.477
0.65,0.6,0.5 411.603
0.65,0.6,0.55 165.575
0.65,0.6,0.6 153.31
0.65,0.6,0.65 249.952
0.65,0.6,0.7 196.862
0.65,0.6,0.75 44.7801
0.65,0.6,0.8 0.0779243
0.65,0.65,0.15 9.03871e-08
0.65,0.65,0.2 18.865
0.65,0.65,0.25 272.507
0.65,0.65,0.3 368.872
0.65,0.65,0.35 530.939
0.65,0.65,0.4 276.206
0.65,0.65,0.45 382.524
0.65,0.65,0.5 408.107
0.65,0.65,0.55 427.143
0.65,0.65,0.6 410.036
0.65,0.65,0.65 274.185
0.65,0.65,0.7 145.185
0.65,0.65,0.75 34.8015
0.65,0.65,0.8 0.2246
0.65,0.7,0.2 0.883238
0.65,0.7,0.25 13.4337
0.65,0.7,0.3 40.2737
0.65,0.7,0.35 196.894
0.65,0.7,0.4 188.883
0.65,0.7,0.45 158.119
0.65,0.7,0.5 392.771
0.65,0.7,0.55 317.986
0.65,0.7,0.6 266.352
0.65,0.7,0.65 328.677
0.65,0.7,0.7 286.294
0.65,0.7,0.75 111.553
0.65,0.7,0.8 0.730729
0.65,0.75,0.3 71.9162
0.65,0.75,0.35 402.894
0.65,0.75,0.4 405.438
0.65,0.75,0.45 194.158
0.65,0.75,0.5 288.845
0.65,0.75,0.55 150.415
0.65,0.75,0.6 30.8461
0.65,0.75,0.65 83.1221
0.65,0.75,0.7 63.6924
0.65,0.75,0.75 22.6118
0.65,0.75,0.8 0.148366
0.65,0.8,0.3 32.7011
0.65,0.8,0.35 176.286
0.65,0.8,0.4 114.061
0.65,0.8,0.45 44.9281
0.65,0.8,0.5 120.893
0.65,0.8,0.55 70.4729
0.65,0.8,0.6 1.6682
0.65,0.8,0.65 3.57928
0.65,0.8,0.7 1.02601
0.65,0.8,0.75 8.57094e-05
0.65,0.85,0.3 0.16582
0.65,0.85,0.35 0.915625
0.65,0.85,0.4 0.362184
0.65,0.85,0.45 0.33186
0.65,0.85,0.5 3.32676
0.65,0.85,0.55 1.94817
0.65,0.85,0.6 0.024626
0.7,0.1,0.4 0.0523832
0.7,0.1,0.45 0.229724
0.7,0.1,0.5 0.0629558
0.7,0.1,0.55 1.65578e-06
0.7,0.15,0.25 7.46456
0.7,0.15,0.3 44.6283
0.7,0.15,0.35 22.9407
0.7,0.15,0.4 48.4138
0.7,0.15,0.45 153.919
0.7,0.15,0.5 41.7296
0.7,0.15,0.55 5.1757
0.7,0.15,0.6 24.1616
0.7,0.15,0.65 69.2307
0.7,0.15,0.7 18.5919
0.7,0.15,0.75 0.0362506
0.7,0.2,0.15 0.0101488
0.7,0.2,0.2 0.512866
0.7,0.2,0.25 33.6461
0.7,0.2,0.3 215.044
0.7,0.2,0.35 269.518
0.7,0.2,0.4 364.652
0.7,0.2,0.45 583.358
0.7,0.2,0.5 155.068
0.7,0.2,0.55 202.959
0.7,0.2,0.6 277.333
0.7,0.2,0.65 420.603
0.7,0.2,0.7 119.056
0.7,0.2,0.75 9.51189
0.7,0.2,0.8 0.901146
0.7,0.25,0.15 0.222234
0.7,0.25,0.2 11.4551
0.7,0.25,0.25 52.4882
0.7,0.25,0.3 153.699
0.7,0.25,0.35 365.448
0.7,0.25,0.4 407.151
0.7,0.25,0.45 413.069
0.7,0.25,0.5 243.487
0.7,0.25,0.55 403.041
0.7,0.25,0.6 373.372
0.7,0.25,0.65 567.952
0.7,0.25,0.7 316.434
0.7,0.25,0.75 128.513
0.7,0.25,0.8 6.90479
0.7,0.25,0.85 4.29744e-06
0.7,0.3,0.15 0.217316
0.7,0.3,0.2 12.2595
0.7,0.3,0.25 202.701
0.7,0.3,0.3 548.747
0.7,0.3,0.35 290.396
0.7,0.3,0.4 374.592
0.7,0.3,0.45 519.916
0.7,0.3,0.5 619.267
0.7,0.3,0.55 439.667
0.7,0.3,0.6 167.971
0.7,0.3,0.65 600.081
0.7,0.3,0.7 447.478
0.7,0.3,0.75 179.976
0.7,0.3,0.8 10.6652
0.7,0.3,0.85 0.0876952
0.7,0.35,0.1 0.00159748
0.7,0.35,0.15 2.5193
0.7,0.35,0.2 30.2553
0.7,0.35,0.25 225.026
0.7,0.35,0.3 811.35
0.7,0.35,0.35 930.754
0.7,0.35,0.4 657.654
0.7,0.35,0.45 395.283
0.7,0.35,0.5 674.384
0.7,0.35,0.55 301.996
0.7,0.35,0.6 158.655
0.7,0.35,0.65 683.154
0.7,0.35,0.7 661.971
0.7,0.35,0.75 265.66
0.7,0.35,0.8 18.1583
0.7,0.35,0.85 0.313061
0.7,0.4,0.1 0.0557566
0.7,0.4,0.15 83.3779
0.7,0.4,0.2 292.852
0.7,0.4,0.25 188.602
0.7,0.4,0.3 349.333
0.7,0.4,0.35 690.261
0.7,0.4,0.4 307.466
0.7,0.4,0.45 223.926
0.7,0.4,0.5 727.381
0.7,0.4,0.55 400.604
0.7,0.4,0.6 162.767
0.7,0.4,0.65 199.762
0.7,0.4,0.7 223.335
0.7,0.4,0.75 94.0843
0.7,0.4,0.8 3.81367
0.7,0.4,0.85 0.06983
0.7,0.45,0.1 0.108986
0.7,0.45,0.15 150.415
0.7,0.45,0.2 470.436
0.7,0.45,0.25 163.236
0.7,0.45,0.3 159.38
0.7,0.45,0.35 332.751
0.7,0.45,0.4 282.277
0.7,0.45,0.45 400.544
0.7,0.45,0.5 206.38
0.7,0.45,0.55 186.078
0.7,0.45,0.6 454.849
0.7,0.45,0.65 279.223
0.7,0.45,0.7 230.938
0.7,0.45,0.75 173.585
0.7,0.45,0.8 15.6275
0.7,0.5,0.1 3.62438
0.7,0.5,0.15 218.099
0.7,0.5,0.2 532.384
0.7,0.5,0.25 490.063
0.7,0.5,0.3 684.697
0.7,0.5,0.35 609.34
0.7,0.5,0.4 348.829
0.7,0.5,0.45 564.24
0.7,0.5,0.5 416.53
0.7,0.5,0.55 350.954
0.7,0.5,0.6 470.862
0.7,0.5,0.65 530.814
0.7,0.5,0.7 717.86
0.7,0.5,0.75 598.269
0.7,0.5,0.8 54.025
0.7,0.5,0.85 0.00323925
0.7,0.55,0.1 8.73623
0.7,0.55,0.15 260.703
0.7,0.55,0.2 403.331
0.7,0.55,0.25 382.537
0.7,0.55,0.3 741.677
0.7,0.55,0.35 634.57
0.7,0.55,0.4 222.716
0.7,0.55,0.45 508.829
0.7,0.55,0.5 561.224
0.7,0.55,0.55 362.744
0.7,0.55,0.6 385.77
0.7,0.55,0.65 412.802
0.7,0.55,0.7 475.789
0.7,0.55,0.75 323.166
0.7,0.55,0.8 28.2071
0.7,0.55,0.85 0.0181678
0.7,0.6,0.1 1.31708
0.7,0.6,0.15 39.5479
0.7,0.6,0.2 108.361
0.7,0.6,0.25 210.986
0.7,0.6,0.3 732.913
0.7,0.6,0.35 914.789
0.7,0.6,0.4 224.707
0.7,0.6,0.45 154.169
0.7,0.6,0.5 200.23
0.7,0.6,0.55 241.202
0.7,0.6,0.6 535.446
0.7,0.6,0.65 706.781
0.7,0.6,0.7 355.918
0.7,0.6,0.75 49.2635
0.7,0.6,0.8 4.20947
0.7,0.6,0.85 0.00632982
0.7,0.65,0.1 4.22097e-05
0.7,0.65,0.15 0.186664
0.7,0.65,0.2 8.84945
0.7,0.65,0.25 129.703
0.7,0.65,0.3 487.808
0.7,0.65,0.35 437.639
0.7,0.65,0.4 114.342
0.7,0.65,0.45 281.326
0.7,0.65,0.5 431.089
0.7,0.65,0.55 405.143
0.7,0.65,0.6 684.86
0.7,0.65,0.65 806.781
0.7,0.65,0.7 498.246
0.7,0.65,0.75 92.8085
0.7,0.65,0.8 3.43926
0.7,0.65,0.85 6.47276e-06
0.7,0.7,0.1 3.48557e-06
0.7,0.7,0.15 0.000172664
0.7,0.7,0.2 0.239208
0.7,0.7,0.25 8.60681
0.7,0.7,0.3 44.5017
0.7,0.7,0.35 82.0423
0.7,0.7,0.4 115.114
0.7,0.7,0.45 158.695
0.7,0.7,0.5 328.686
0.7,0.7,0.55 252.784
0.7,0.7,0.6 242.061
0.7,0.7,0.65 575.941
0.7,0.7,0.7 579.76
0.7,0.7,0.75 243.278
0.7,0.7,0.8 7.72273
0.7,0.75,0.25 4.59695
0.7,0.75,0.3 61.8681
0.7,0.75,0.35 245.564
0.7,0.75,0.4 378.342
0.7,0.75,0.45 190.92
0.7,0.75,0.5 303.793
0.7,0.75,0.55 185.881
0.7,0.75,0.6 87.761
0.7,0.75,0.65 358.366
0.7,0.75,0.7 170.91
0.7,0.75,0.75 42.7592
0.7,0.75,0.8 1.074
0.7,0.8,0.25 3.48264
0.7,0.8,0.3 39.1075
0.7,0.8,0.35 184.311
0.7,0.8,0.4 228.609
0.7,0.8,0.45 103.937
0.7,0.8,0.5 218.147
0.7,0.8,0.55 123.744
0.7,0.8,0.6 7.96142
0.7,0.8,0.65 24.6524
0.7,0.8,0.7 6.80408
0.7,0.8,0.75 0.000553593
0.7,0.85,0.25 0.0864046
0.7,0.85,0.3 0.887759
0.7,0.85,0.35 11.6317
0.7,0.85,0.4 18.4978
0.7,0.85,0.45 9.57999
0.7,0.85,0.5 7.14806
0.7,0.85,0.55 3.41835
0.7,0.85,0.6 0.0432091
0.75,0.05,0.4 1.92548e-05
0.75,0.05,0.45 0.000321787
0.75,0.05,0.5 0.000266152
0.75,0.05,0.55 8.00207e-06
0.75,0.1,0.4 0.010083
0.75,0.1,0.45 0.0536473
0.75,0.1,0.5 0.0217719
0.75,0.1,0.55 0.000318183
0.75,0.15,0.25 14.1159
0.75,0.15,0.3 84.1939
0.75,0.15,0.35 49.3841
0.75,0.15,0.4 52.3209
0.75,0.15,0.45 47.7162
0.75,0.15,0.5 10.6363
0.75,0.15,0.55 15.0049
0.75,0.15,0.6 72.0599
0.75,0.15,0.65 51.4402
0.75,0.15,0.7 31.4379
0.75,0.15,0.75 2.15259
0.75,0.2,0.15 0.133244
0.75,0.2,0.2 6.7334
0.75,0.2,0.25 72.0595
0.75,0.2,0.3 380.724
0.75,0.2,0.35 361.972
0.75,0.2,0.4 550.99
0.75,0.2,0.45 451.264
0.75,0.2,0.5 101.033
0.75,0.2,0.55 150.833
0.75,0.2,0.6 450.175
0.75,0.2,0.65 342.905
0.75,0.2,0.7 242.14
0.75,0.2,0.75 86.702
0.75,0.2,0.8 10.6287
0.75,0.25,0.15 2.9177
0.75,0.25,0.2 147.589
0.75,0.25,0.25 240.047
0.75,0.25,0.3 204.517
0.75,0.25,0.35 453.618
0.75,0.25,0.4 730.429
0.75,0.25,0.45 536.833
0.75,0.25,0.5 381.178
0.75,0.25,0.55 300.893
0.75,0.25,0.6 563.888
0.75,0.25,0.65 751.97
0.75,0.25,0.7 412.104
0.75,0.25,0.75 346.772
0.75,0.25,0.8 48.4807
0.75,0.25,0.85 0.000144715
0.75,0.3,0.15 2.85399
0.75,0.3,0.2 147.198
0.75,0.3,0.25 279.695
0.75,0.3,0.3 400.414
0.75,0.3,0.35 348.029
0.75,0.3,0.4 343.877
0.75,0.3,0.45 329.723
0.75,0.3,0.5 501.136
0.75,0.3,0.55 316.448
0.75,0.3,0.6 392.765
0.75,0.3,0.65 593.975
0.75,0.3,0.7 407.936
0.75,0.3,0.75 319.187
0.75,0.3,0.8 86.7533
0.75,0.3,0.85 2.95311
0.75,0.35,0.1 0.000215857
0.75,0.35,0.15 1.14187
0.75,0.35,0.2 128.077
0.75,0.35,0.25 321.527
0.75,0.35,0.3 501.814
0.75,0.35,0.35 590.827
0.75,0.35,0.4 319.6
0.75,0.35,0.45 457.919
0.75,0.35,0.5 471.201
0.75,0.35,0.55 284.748
0.75,0.35,0.6 467.742
0.75,0.35,0.65 566.219
0.75,0.35,0.7 657.776
0.75,0.35,0.75 612.033
0.75,0.35,0.8 243.179
0.75,0.35,0.85 10.5423
0.75,0.4,0.1 0.007587
0.75,0.4,0.15 12.7273
0.75,0.4,0.2 234.034
0.75,0.4,0.25 440.99
0.75,0.4,0.3 241.422
0.75,0.4,0.35 585.304
0.75,0.4,0.4 526.757
0.75,0.4,0.45 759.702
0.75,0.4,0.5 566.363
0.75,0.4,0.55 528.067
0.75,0.4,0.6 610.982
0.75,0.4,0.65 350.956
0.75,0.4,0.7 150.642
0.75,0.4,0.75 114.334
0.75,0.4,0.8 51.5144
0.75,0.4,0.85 2.36009
0.75,0.4,0.9 0.00817748
0.75,0.4,0.95 0.000328549
0.75,0.45,0.1 0.0352385
0.75,0.45,0.15 61.8403
0.75,0.45,0.2 319.909
0.75,0.45,0.25 298.006
0.75,0.45,0.3 301.346
0.75,0.45,0.35 281.543
0.75,0.45,0.4 548.234
0.75,0.45,0.45 438.358
0.75,0.45,0.5 228.916
0.75,0.45,0.55 320.145
0.75,0.45,0.6 330.273
0.75,0.45,0.65 428.162
0.75,0.45,0.7 380.976
0.75,0.45,0.75 168.175
0.75,0.45,0.8 9.66329
0.75,0.45,0.85 0.175199
0.75,0.45,0.9 0.167795
0.75,0.45,0.95 0.00674154
0.75,0.5,0.1 2.17148
0.75,0.5,0.15 165.422
0.75,0.5,0.2 594.993
0.75,0.5,0.25 475.488
0.75,0.5,0.3 731.167
0.75,0.5,0.35 441.594
0.75,0.5,0.4 616.833
0.75,0.5,0.45 383.508
0.75,0.5,0.5 519.257
0.75,0.5,0.55 805.97
0.75,0.5,0.6 451.391
0.75,0.5,0.65 785.266
0.75,0.5,0.7 840.385
0.75,0.5,0.75 589.611
0.75,0.5,0.8 70.3792
0.75,0.5,0.85 0.234573
0.75,0.5,0.9 0.157243
0.75,0.5,0.95 0.00631759
0.75,0.55,0.1 5.2426
0.75,0.55,0.15 169.692
0.75,0.55,0.2 442.932
0.75,0.55,0.25 377.904
0.75,0.55,0.3 596.326
0.75,0.55,0.35 618.881
0.75,0.55,0.4 577.384
0.75,0.55,0.45 350.458
0.75,0.55,0.5 614.146
0.75,0.55,0.55 325.723
0.75,0.55,0.6 379.82
0.75,0.55,0.65 644.21
0.75,0.55,0.7 510.437
0.75,0.55,0.75 735.201
0.75,0.55,0.8 166.555
0.75,0.55,0.85 0.401164
0.75,0.55,0.9 0.00606428
0.75,0.55,0.95 0.000243646
0.75,0.6,0.1 1.55833
0.75,0.6,0.15 71.9977
0.75,0.6,0.2 324.83
0.75,0.6,0.25 270.02
0.75,0.6,0.3 365.322
0.75,0.6,0.35 680.059
0.75,0.6,0.4 472.455
0.75,0.6,0.45 156.177
0.75,0.6,0.5 272.005
0.75,0.6,0.55 376.33
0.75,0.6,0.6 614.754
0.75,0.6,0.65 529.793
0.75,0.6,0.7 255.267
0.75,0.6,0.75 164.33
0.75,0.6,0.8 47.7291
0.75,0.6,0.85 0.137571
