0.45,0.1,0.15 70.0193
0.45,0.1,0.2 30.7342
0.45,0.1,0.25 34.9188
0.45,0.1,0.3 142.689
0.45,0.1,0.35 95.6766
0.45,0.1,0.4 2.29029
0.45,0.15,0 2.98641e-11
0.45,0.15,0.05 41.7125
0.45,0.15,0.1 470.161
0.45,0.15,0.15 559.245
0.45,0.15,0.2 268.584
0.45,0.15,0.25 213.317
0.45,0.15,0.3 200.613
0.45,0.15,0.35 79.6915
0.45,0.15,0.4 1.8525
0.45,0.2,0 3.77672e-10
0.45,0.2,0.05 61.1092
0.45,0.2,0.1 563.085
0.45,0.2,0.15 524.42
0.45,0.2,0.2 249.448
0.45,0.2,0.25 466.954
0.45,0.2,0.3 287.71
0.45,0.2,0.35 9.73163
0.45,0.2,0.4 0.0745894
0.45,0.25,0 2.58973e-10
0.45,0.25,0.05 81.0849
0.45,0.25,0.1 446.101
0.45,0.25,0.15 286.637
0.45,0.25,0.2 248.813
0.45,0.25,0.25 259.218
0.45,0.25,0.3 141.107
0.45,0.25,0.35 4.27607
0.45,0.25,0.4 0.055113
0.45,0.3,0 4.45739e-10
0.45,0.3,0.05 130.005
0.45,0.3,0.1 547.041
0.45,0.3,0.15 625.143
0.45,0.3,0.2 783.316
0.45,0.3,0.25 190.884
0.45,0.3,0.3 64.6572
0.45,0.3,0.35 16.7427
0.45,0.3,0.4 10.0145
0.45,0.3,0.45 1.30842
0.45,0.35,0 4.34094e-09
0.45,0.35,0.05 135.827
0.45,0.35,0.1 560.265
0.45,0.35,0.15 481.034
0.45,0.35,0.2 597.673
0.45,0.35,0.25 319.694
0.45,0.35,0.3 573.871
0.45,0.35,0.35 289.167
0.45,0.35,0.4 130.649
0.45,0.35,0.45 13.7043
0.45,0.4,0 2.5039e-09
0.45,0.4,0.05 79.1043
0.45,0.4,0.1 339.154
0.45,0.4,0.15 318.493
0.45,0.4,0.2 381.134
0.45,0.4,0.25 256.882
0.45,0.4,0.3 618.301
0.45,0.4,0.35 628.412
0.45,0.4,0.4 172.219
0.45,0.4,0.45 9.73374
0.45,0.4,0.5 4.77727e-06
0.45,0.45,0 1.85659e-10
0.45,0.45,0.05 74.0905
0.45,0.45,0.1 355.745
0.45,0.45,0.15 502.056
0.45,0.45,0.2 535.816
0.45,0.45,0.25 590.1
0.45,0.45,0.3 538.245
0.45,0.45,0.35 375.154
0.45,0.45,0.4 251.919
0.45,0.45,0.45 49.8881
0.45,0.45,0.5 6.7791e-05
0.45,0.5,0 8.43362e-10
0.45,0.5,0.05 88.2786
0.45,0.5,0.1 419.548
0.45,0.5,0.15 448.164
0.45,0.5,0.2 637.488
0.45,0.5,0.25 690.744
0.45,0.5,0.3 485.591
0.45,0.5,0.35 941.234
0.45,0.5,0.4 726.425
0.45,0.5,0.45 105.708
0.45,0.5,0.5 0.000115575
0.45,0.55,0 4.41203e-09
0.45,0.55,0.05 38.1001
0.45,0.55,0.1 329.771
0.45,0.55,0.15 550.434
0.45,0.55,0.2 520.695
0.45,0.55,0.25 224.612
0.45,0.55,0.3 98.5745
0.45,0.55,0.35 536.761
0.45,0.55,0.4 307.423
0.45,0.55,0.45 16.5764
0.45,0.55,0.5 1.52788e-05
0.45,0.6,0 1.45626e-08
0.45,0.6,0.05 125.339
0.45,0.6,0.1 549.696
0.45,0.6,0.15 371.433
0.45,0.6,0.2 754.631
0.45,0.6,0.25 398.056
0.45,0.6,0.3 29.8011
0.45,0.6,0.35 20.625
0.45,0.6,0.4 8.73413
0.45,0.6,0.45 0.063237
0.45,0.65,0 4.32448e-09
0.45,0.65,0.05 65.7879
0.45,0.65,0.1 299.803
0.45,0.65,0.15 229.117
0.45,0.65,0.2 258.549
0.45,0.65,0.25 110.24
0.45,0.65,0.3 31.2177
0.45,0.65,0.35 38.2961
0.45,0.65,0.4 4.50565
0.45,0.65,0.45 0.00282571
0.45,0.7,0 1.04913e-10
0.45,0.7,0.05 1.21247
0.45,0.7,0.1 17.1268
0.45,0.7,0.15 48.9126
0.45,0.7,0.2 36.7942
0.45,0.7,0.25 11.3885
0.45,0.7,0.3 60.7032
0.45,0.7,0.35 111.553
0.45,0.7,0.4 12.4754
0.45,0.7,0.45 0.000150741
0.45,0.75,0 2.42916e-07
0.45,0.75,0.05 25.0314
0.45,0.75,0.1 99.5556
0.45,0.75,0.15 32.6139
0.45,0.75,0.2 16.4525
0.45,0.75,0.25 2.54538
0.45,0.75,0.3 11.4327
0.45,0.75,0.35 21.3881
0.45,0.75,0.4 2.38842
0.45,0.8,0 7.85732e-07
0.45,0.8,0.05 80.9672
0.45,0.8,0.1 321.805
0.45,0.8,0.15 80.7236
0.45,0.8,0.2 1.52783
0.45,0.8,0.25 0.184384
0.45,0.8,0.3 0.0145796
0.45,0.8,0.35 0.001273
0.45,0.85,0 1.58594e-07
0.45,0.85,0.05 16.3439
0.45,0.85,0.1 64.9577
0.45,0.85,0.15 16.1356
0.45,0.9,0 1.66874e-12
0.45,0.9,0.05 0.000257712
0.45,0.9,0.1 0.00102509
0.45,0.9,0.15 0.00025484
0.5,0.05,0.25 1.07415
0.5,0.05,0.3 15.3692
0.5,0.05,0.35 11.4816
0.5,0.05,0.4 0.275837
0.5,0.1,0 6.67026e-17
0.5,0.1,0.05 1.13599
0.5,0.1,0.1 11.6594
0.5,0.1,0.15 33.0994
0.5,0.1,0.2 43.0832
0.5,0.1,0.25 50.6843
0.5,0.1,0.3 266.474
0.5,0.1,0.35 186.252
0.5,0.1,0.4 4.45145
0.5,0.15,0 2.009e-10
0.5,0.15,0.05 13.7142
0.5,0.15,0.1 97.09
0.5,0.15,0.15 265.34
0.5,0.15,0.2 427.146
0.5,0.15,0.25 637.051
0.5,0.15,0.3 564.331
0.5,0.15,0.35 166.749
0.5,0.15,0.4 3.60963
0.5,0.2,0 2.54044e-09
0.5,0.2,0.05 95.2246
0.5,0.2,0.1 434.754
0.5,0.2,0.15 471.111
0.5,0.2,0.2 759.861
0.5,0.2,0.25 909.128
0.5,0.2,0.3 580.735
0.5,0.2,0.35 79.5802
0.5,0.2,0.4 4.13568
0.5,0.25,0 1.74196e-09
0.5,0.25,0.05 93.2616
0.5,0.25,0.1 401.194
0.5,0.25,0.15 385.159
0.5,0.25,0.2 649.964
0.5,0.25,0.25 573.334
0.5,0.25,0.3 280.553
0.5,0.25,0.35 148.35
0.5,0.25,0.4 10.3497
0.5,0.3,0 2.31096e-09
0.5,0.3,0.05 142.461
0.5,0.3,0.1 598.781
0.5,0.3,0.15 697.619
0.5,0.3,0.2 746.844
0.5,0.3,0.25 349.178
0.5,0.3,0.3 91.7178
0.5,0.3,0.35 42.1881
0.5,0.3,0.4 34.6221
0.5,0.3,0.45 4.31301
0.5,0.35,0 2.24286e-08
0.5,0.35,0.05 163.524
0.5,0.35,0.1 670.671
0.5,0.35,0.15 509.458
0.5,0.35,0.2 488.191
0.5,0.35,0.25 105.808
0.5,0.35,0.3 86.2642
0.5,0.35,0.35 288.532
0.5,0.35,0.4 384.384
0.5,0.35,0.45 45.135
0.5,0.4,0 1.36114e-08
0.5,0.4,0.05 98.678
0.5,0.4,0.1 396.726
0.5,0.4,0.15 227.232
0.5,0.4,0.2 373.747
0.5,0.4,0.25 242.048
0.5,0.4,0.3 214.512
0.5,0.4,0.35 597.837
0.5,0.4,0.4 370.526
0.5,0.4,0.45 27.2417
0.5,0.4,0.5 3.83184e-08
0.5,0.45,0 2.83321e-09
0.5,0.45,0.05 105.939
0.5,0.45,0.1 428.881
0.5,0.45,0.15 246.114
0.5,0.45,0.2 436.148
0.5,0.45,0.25 399.524
0.5,0.45,0.3 179.408
0.5,0.45,0.35 161.926
0.5,0.45,0.4 84.8659
0.5,0.45,0.45 8.62732
0.5,0.45,0.5 8.85e-06
0.5,0.5,0 5.15445e-09
0.5,0.5,0.05 119.327
0.5,0.5,0.1 523.063
0.5,0.5,0.15 419.871
0.5,0.5,0.2 558.601
0.5,0.5,0.25 457.981
0.5,0.5,0.3 246.563
0.5,0.5,0.35 245.398
0.5,0.5,0.4 184.11
0.5,0.5,0.45 19.8023
0.5,0.5,0.5 2.01148e-05
0.5,0.55,0 4.82344e-09
0.5,0.55,0.05 82.5037
0.5,0.55,0.1 549.225
0.5,0.55,0.15 817.38
0.5,0.55,0.2 897.686
0.5,0.55,0.25 281.173
0.5,0.55,0.3 183.616
0.5,0.55,0.35 185.041
0.5,0.55,0.4 98.6742
0.5,0.55,0.45 3.58212
0.5,0.55,0.5 2.77984e-06
0.5,0.6,0 5.08459e-10
0.5,0.6,0.05 17.2016
0.5,0.6,0.1 228.114
0.5,0.6,0.15 418.601
0.5,0.6,0.2 421.568
0.5,0.6,0.25 100.55
0.5,0.6,0.3 11.3204
0.5,0.6,0.35 6.53121
0.5,0.6,0.4 2.73381
0.5,0.6,0.45 0.0228096
0.5,0.65,0 1.85934e-10
0.5,0.65,0.05 6.06977
0.5,0.65,0.1 158.571
0.5,0.65,0.15 463.148
0.5,0.65,0.2 316.512
0.5,0.65,0.25 121.3
0.5,0.65,0.3 5.25878
0.5,0.65,0.35 0.00597365
0.5,0.65,0.4 0.000667362
0.5,0.7,0 2.10608e-11
0.5,0.7,0.05 0.438623
0.5,0.7,0.1 46.5044
0.5,0.7,0.15 293.84
0.5,0.7,0.2 615.759
0.5,0.7,0.25 217.49
0.5,0.7,0.3 6.00265
0.5,0.7,0.35 0.0183917
0.5,0.7,0.4 0.00205468
0.5,0.75,0 1.82807e-08
0.5,0.75,0.05 8.33898
0.5,0.75,0.1 37.5365
0.5,0.75,0.15 164.234
0.5,0.75,0.2 330.94
0.5,0.75,0.25 54.453
0.5,0.75,0.3 0.374916
0.5,0.75,0.35 0.0035281
0.5,0.75,0.4 0.000394152
0.5,0.8,0 1.78869e-07
0.5,0.8,0.05 31.8904
0.5,0.8,0.1 127.342
0.5,0.8,0.15 46.5905
0.5,0.8,0.2 28.1669
0.5,0.8,0.25 3.22168
0.5,0.85,0 1.65992e-07
0.5,0.85,0.05 25.4838
0.5,0.85,0.1 101.369
0.5,0.85,0.15 25.2017
0.5,0.9,0 8.96276e-09
0.5,0.9,0.05 1.38416
0.5,0.9,0.1 5.50572
0.5,0.9,0.15 1.36874
0.55,0.05,0.25 0.123526
0.55,0.05,0.3 1.76744
0.55,0.05,0.35 1.32037
0.55,0.05,0.4 0.031721
0.55,0.1,0 2.51941e-15
0.55,0.1,0.05 0.0822279
0.55,0.1,0.1 0.375265
0.55,0.1,0.15 12.4862
0.55,0.1,0.2 47.8362
0.55,0.1,0.25 25.5715
0.55,0.1,0.3 38.8422
0.55,0.1,0.35 21.9236
0.55,0.1,0.4 0.511912
0.55,0.15,0 8.36142e-11
0.55,0.15,0.05 28.7332
0.55,0.15,0.1 115.536
0.55,0.15,0.15 125.614
0.55,0.15,0.2 361.495
0.55,0.15,0.25 347.164
0.55,0.15,0.3 244.759
0.55,0.15,0.35 32.1658
0.55,0.15,0.4 0.488919
0.55,0.2,0 1.04928e-09
0.55,0.2,0.05 99.4178
0.55,0.2,0.1 407.577
0.55,0.2,0.15 364.321
0.55,0.2,0.2 550.481
0.55,0.2,0.25 511.381
0.55,0.2,0.3 500.093
0.55,0.2,0.35 195.472
0.55,0.2,0.4 9.65027
0.55,0.25,0 7.18465e-10
0.55,0.25,0.05 62.9511
0.55,0.25,0.1 274.16
0.55,0.25,0.15 462.844
0.55,0.25,0.2 701.528
0.55,0.25,0.25 764.587
0.55,0.25,0.3 640.356
0.55,0.25,0.35 408.702
0.55,0.25,0.4 23.2789
0.55,0.3,0 7.47268e-10
0.55,0.3,0.05 103.773
0.55,0.3,0.1 427.339
0.55,0.3,0.15 391.143
0.55,0.3,0.2 528.171
0.55,0.3,0.25 734.326
0.55,0.3,0.3 592.278
0.55,0.3,0.35 159.475
0.55,0.3,0.4 10.5824
0.55,0.3,0.45 0.88742
0.55,0.35,0 7.22322e-09
0.55,0.35,0.05 141.996
0.55,0.35,0.1 584.616
0.55,0.35,0.15 240.074
0.55,0.35,0.2 84.7629
0.55,0.35,0.25 245.096
0.55,0.35,0.3 270.421
0.55,0.35,0.35 70.8382
0.55,0.35,0.4 76.1507
0.55,0.35,0.45 9.28071
0.55,0.4,0 5.01638e-09
0.55,0.4,0.05 82.7312
0.55,0.4,0.1 336.019
0.55,0.4,0.15 113.725
0.55,0.4,0.2 94.6067
0.55,0.4,0.25 353.296
0.55,0.4,0.3 149.722
0.55,0.4,0.35 75.6093
0.55,0.4,0.4 64.133
0.55,0.4,0.45 5.57281
0.55,0.45,0 2.78209e-09
0.55,0.45,0.05 110.968
0.55,0.45,0.1 458.663
0.55,0.45,0.15 187.778
0.55,0.45,0.2 376.579
0.55,0.45,0.25 334.597
0.55,0.45,0.3 87.2158
0.55,0.45,0.35 15.3421
0.55,0.45,0.4 6.30505
0.55,0.45,0.45 0.0884878
0.55,0.5,0 2.20991e-09
0.55,0.5,0.05 91.0311
0.55,0.5,0.1 409.939
0.55,0.5,0.15 283.131
0.55,0.5,0.2 784.273
0.55,0.5,0.25 409.945
0.55,0.5,0.3 204.681
0.55,0.5,0.35 17.5694
0.55,0.5,0.4 0.238507
0.55,0.5,0.45 0.00419387
0.55,0.55,0 1.74903e-09
0.55,0.55,0.05 41.3017
0.55,0.55,0.1 308.135
0.55,0.55,0.15 411.698
0.55,0.55,0.2 739.835
0.55,0.55,0.25 367.495
0.55,0.55,0.3 234.537
0.55,0.55,0.35 20.2039
0.55,0.55,0.4 0.162415
0.55,0.55,0.45 0.00282649
0.55,0.6,0 5.26559e-10
0.55,0.6,0.05 13.3462
0.55,0.6,0.1 258.473
0.55,0.6,0.15 354.836
0.55,0.6,0.2 460.798
0.55,0.6,0.25 216.185
0.55,0.6,0.3 19.1267
0.55,0.6,0.35 1.12257
0.55,0.6,0.4 0.00318504
0.55,0.6,0.45 5.30464e-05
0.55,0.65,0 8.4364e-09
0.55,0.65,0.05 30.0746
0.55,0.65,0.1 210.073
0.55,0.65,0.15 304.082
0.55,0.65,0.2 508.983
0.55,0.65,0.25 495.923
0.55,0.65,0.3 61.7823
0.55,0.7,0 7.51379e-09
0.55,0.7,0.05 29.1364
0.55,0.7,0.1 245.145
0.55,0.7,0.15 481.179
0.55,0.7,0.2 823.91
0.55,0.7,0.25 543.068
0.55,0.7,0.3 59.6843
0.55,0.75,0 1.45626e-08
0.55,0.75,0.05 71.4391
0.55,0.75,0.1 393.482
0.55,0.75,0.15 420.178
0.55,0.75,0.2 341.123
0.55,0.75,0.25 70.7272
0.55,0.75,0.3 3.05399
0.55,0.8,0 4.45858e-07
0.55,0.8,0.05 145.041
0.55,0.8,0.1 587.024
0.55,0.8,0.15 173.638
0.55,0.8,0.2 26.6559
0.55,0.8,0.25 2.96313
0.55,0.8,0.3 0.0222017
0.55,0.85,0 5.23551e-07
0.55,0.85,0.05 89.3176
0.55,0.85,0.1 355.453
0.55,0.85,0.15 88.4126
0.55,0.85,0.2 0.000678915
0.55,0.85,0.25 1.16415e-05
0.55,0.9,0 2.99179e-08
0.55,0.9,0.05 5.75641
0.55,0.9,0.1 22.9211
0.55,0.9,0.15 5.70429
0.55,0.95,0 9.51499e-18
0.55,0.95,0.05 1.11451e-05
0.55,0.95,0.1 4.45676e-05
0.55,0.95,0.15 1.11387e-05
0.6,0.1,0 3.23081e-15
0.6,0.1,0.05 0.105447
0.6,0.1,0.1 0.424442
0.6,0.1,0.15 18.9812
0.6,0.1,0.2 71.0155
0.6,0.1,0.25 17.0738
0.6,0.1,0.3 0.152446
0.6,0.1,0.35 0.0100004
0.6,0.15,0 1.27816e-12
0.6,0.15,0.05 33.7474
0.6,0.15,0.1 136.326
0.6,0.15,0.15 170.177
0.6,0.15,0.2 501.349
0.6,0.15,0.25 123.835
0.6,0.15,0.3 21.8462
0.6,0.15,0.35 11.0415
0.6,0.15,0.4 0.158887
0.6,0.2,0 5.73822e-12
0.6,0.2,0.05 107.265
0.6,0.2,0.1 511.196
0.6,0.2,0.15 303.09
0.6,0.2,0.2 286.857
0.6,0.2,0.25 110.311
0.6,0.2,0.3 310.71
0.6,0.2,0.35 190.584
0.6,0.2,0.4 3.66451
0.6,0.25,0 2.60931e-12
0.6,0.25,0.05 54.3533
0.6,0.25,0.1 370.676
0.6,0.25,0.15 590.114
0.6,0.25,0.2 485.026
0.6,0.25,0.25 519.906
0.6,0.25,0.3 527.649
0.6,0.25,0.35 236.409
0.6,0.25,0.4 5.10411
0.6,0.3,0 3.96794e-13
0.6,0.3,0.05 15.7219
0.6,0.3,0.1 128.422
0.6,0.3,0.15 531.735
0.6,0.3,0.2 730.276
0.6,0.3,0.25 739.848
0.6,0.3,0.3 547.58
0.6,0.3,0.35 133.714
0.6,0.3,0.4 0.795896
0.6,0.35,0 3.51697e-12
0.6,0.35,0.05 44.1355
0.6,0.35,0.1 339.778
0.6,0.35,0.15 727.652
0.6,0.35,0.2 286.257
0.6,0.35,0.25 206.736
0.6,0.35,0.3 202.569
0.6,0.35,0.35 23.855
0.6,0.35,0.4 0.0349829
0.6,0.4,0 6.98374e-11
0.6,0.4,0.05 37.1572
0.6,0.4,0.1 221.407
0.6,0.4,0.15 328.747
0.6,0.4,0.2 122.495
0.6,0.4,0.25 68.2417
0.6,0.4,0.3 27.4911
0.6,0.4,0.35 0.650395
0.6,0.45,0 3.1742e-10
0.6,0.45,0.05 148.467
0.6,0.45,0.1 621.161
0.6,0.45,0.15 295.037
0.6,0.45,0.2 612.927
0.6,0.45,0.25 323.275
0.6,0.45,0.3 25.6916
0.6,0.45,0.35 0.0640185
0.6,0.5,0 1.16183e-10
0.6,0.5,0.05 123.694
0.6,0.5,0.1 568.337
0.6,0.5,0.15 319.613
0.6,0.5,0.2 780.595
0.6,0.5,0.25 423.203
0.6,0.5,0.3 60.6939
0.6,0.5,0.35 1.85648
0.6,0.55,0 3.15769e-12
0.6,0.55,0.05 13.9123
0.6,0.55,0.1 84.1259
0.6,0.55,0.15 103.407
0.6,0.55,0.2 424.149
0.6,0.55,0.25 328.409
0.6,0.55,0.3 98.4873
0.6,0.55,0.35 2.88366
0.6,0.6,0 1.19215e-09
0.6,0.6,0.05 5.65488
0.6,0.6,0.1 50.5059
0.6,0.6,0.15 134.885
0.6,0.6,0.2 798.382
0.6,0.6,0.25 555.417
0.6,0.6,0.3 38.747
0.6,0.6,0.35 0.302424
0.6,0.65,0 2.24436e-08
0.6,0.65,0.05 77.6878
0.6,0.65,0.1 419.078
0.6,0.65,0.15 403.801
0.6,0.65,0.2 605.526
0.6,0.65,0.25 654.202
0.6,0.65,0.3 72.8682
0.6,0.7,0 1.99888e-08
0.6,0.7,0.05 71.5442
0.6,0.7,0.1 485.351
0.6,0.7,0.15 603.601
0.6,0.7,0.2 381.498
0.6,0.7,0.25 370.997
0.6,0.7,0.3 61.6408
0.6,0.75,0 4.17184e-09
0.6,0.75,0.05 80.1261
0.6,0.75,0.1 460.275
0.6,0.75,0.15 447.926
0.6,0.75,0.2 202.669
0.6,0.75,0.25 189.301
0.6,0.75,0.3 30.2616
0.6,0.8,0 9.40025e-08
0.6,0.8,0.05 157.099
0.6,0.8,0.1 644.824
0.6,0.8,0.15 257.742
0.6,0.8,0.2 64.3442
0.6,0.8,0.25 24.937
0.6,0.8,0.3 3.97656
0.6,0.85,0 1.09315e-07
0.6,0.85,0.05 109.325
0.6,0.85,0.1 437.115
0.6,0.85,0.15 112.79
0.6,0.85,0.2 2.42215
0.6,0.85,0.25 0.0415332
0.6,0.9,0 6.2527e-09
0.6,0.9,0.05 22.1589
0.6,0.9,0.1 88.5901
0.6,0.9,0.15 22.1361
0.6,0.95,0 1.77506e-16
0.6,0.95,0.05 0.000207916
0.6,0.95,0.1 0.000831427
0.6,0.95,0.15 0.000207798
0.65,0.1,0 2.11748e-16
0.65,0.1,0.05 0.006911
0.65,0.1,0.1 0.0322068
0.65,0.1,0.15 13.7402
0.65,0.1,0.2 44.3806
0.65,0.1,0.25 8.97723
0.65,0.1,0.3 1.28778e-06
0.65,0.15,0 6.68123e-14
0.65,0.15,0.05 2.54118
0.65,0.15,0.1 11.2175
0.65,0.15,0.15 116.188
0.65,0.15,0.2 363.259
0.65,0.15,0.25 73.3563
0.65,0.15,0.3 3.10678
0.65,0.15,0.35 1.90445
0.65,0.15,0.4 0.0275393
0.65,0.2,0 1.61621e-13
0.65,0.2,0.05 25.8444
0.65,0.2,0.1 163.089
0.65,0.2,0.15 174.371
0.65,0.2,0.2 267.595
0.65,0.2,0.25 52.2475
0.65,0.2,0.3 50.4554
0.65,0.2,0.35 30.6837
0.65,0.2,0.4 0.443472
0.65,0.25,0 2.39564e-14
0.65,0.25,0.05 32.0669
0.65,0.25,0.1 242.605
0.65,0.25,0.15 415.251
0.65,0.25,0.2 392.77
0.65,0.25,0.25 156.588
0.65,0.25,0.3 66.0014
0.65,0.25,0.35 28.0609
0.65,0.25,0.4 0.365816
0.65,0.3,0.05 2.6578
0.65,0.3,0.1 98.3724
0.65,0.3,0.15 610.134
0.65,0.3,0.2 643.799
