0.25,0.05,0.35 0.549752
0.25,0.1,0 7.36776e-10
0.25,0.1,0.05 16.3289
0.25,0.1,0.1 110.334
0.25,0.1,0.15 509.826
0.25,0.1,0.2 570.652
0.25,0.1,0.25 430.08
0.25,0.1,0.3 138.741
0.25,0.1,0.35 3.39806
0.25,0.1,0.4 0.0154041
0.25,0.15,0 2.17013e-09
0.25,0.15,0.05 65.7092
0.25,0.15,0.1 462.078
0.25,0.15,0.15 523.186
0.25,0.15,0.2 465.35
0.25,0.15,0.25 298.607
0.25,0.15,0.3 234.581
0.25,0.15,0.35 96.2593
0.25,0.15,0.4 5.61687
0.25,0.2,0 1.87484e-09
0.25,0.2,0.05 98.4827
0.25,0.2,0.1 524.281
0.25,0.2,0.15 378.395
0.25,0.2,0.2 388.607
0.25,0.2,0.25 407.33
0.25,0.2,0.3 744.148
0.25,0.2,0.35 295.293
0.25,0.2,0.4 13.9539
0.25,0.25,0 8.86408e-10
0.25,0.25,0.05 89.6293
0.25,0.25,0.1 371.341
0.25,0.25,0.15 397.086
0.25,0.25,0.2 577.775
0.25,0.25,0.25 320.834
0.25,0.25,0.3 531.101
0.25,0.25,0.35 136.603
0.25,0.25,0.4 2.13907
0.25,0.3,0 1.46373e-11
0.25,0.3,0.05 46.2181
0.25,0.3,0.1 223.781
0.25,0.3,0.15 379.303
0.25,0.3,0.2 574.87
0.25,0.3,0.25 187.001
0.25,0.3,0.3 176.225
0.25,0.3,0.35 40.2973
0.25,0.3,0.4 0.0017348
0.25,0.35,0 1.68666e-13
0.25,0.35,0.05 83.751
0.25,0.35,0.1 420.668
0.25,0.35,0.15 271.94
0.25,0.35,0.2 114.871
0.25,0.35,0.25 21.9399
0.25,0.35,0.3 20.0181
0.25,0.35,0.35 4.59082
0.25,0.4,0 1.65252e-12
0.25,0.4,0.05 115.211
0.25,0.4,0.1 538.44
0.25,0.4,0.15 327.894
0.25,0.4,0.2 123.411
0.25,0.4,0.25 14.5661
0.25,0.4,0.3 0.17417
0.25,0.45,0 5.77487e-10
0.25,0.45,0.05 146.284
0.25,0.45,0.1 654.433
0.25,0.45,0.15 421.168
0.25,0.45,0.2 312.775
0.25,0.45,0.25 181.774
0.25,0.45,0.3 23.8285
0.25,0.45,0.35 10.3486
0.25,0.45,0.4 0.3832
0.25,0.5,0 1.48688e-09
0.25,0.5,0.05 179.219
0.25,0.5,0.1 732.049
0.25,0.5,0.15 346.734
0.25,0.5,0.2 467.891
0.25,0.5,0.25 555.466
0.25,0.5,0.3 362.557
0.25,0.5,0.35 258.736
0.25,0.5,0.4 46.3126
0.25,0.5,0.45 0.78244
0.25,0.55,0 2.31422e-09
0.25,0.55,0.05 136.819
0.25,0.55,0.1 548.653
0.25,0.55,0.15 181.404
0.25,0.55,0.2 219.393
0.25,0.55,0.25 722.314
0.25,0.55,0.3 664.925
0.25,0.55,0.35 690.798
0.25,0.55,0.4 227.334
0.25,0.55,0.45 3.97928
0.25,0.6,0 1.69959e-08
0.25,0.6,0.05 103.347
0.25,0.6,0.1 427.332
0.25,0.6,0.15 190.7
0.25,0.6,0.2 328.708
0.25,0.6,0.25 585.689
0.25,0.6,0.3 519.083
0.25,0.6,0.35 613.248
0.25,0.6,0.4 198.164
0.25,0.6,0.45 1.35788
0.25,0.65,0 8.48164e-09
0.25,0.65,0.05 89.5253
0.25,0.65,0.1 396.029
0.25,0.65,0.15 552.161
0.25,0.65,0.2 696.741
0.25,0.65,0.25 379.17
0.25,0.65,0.3 502.646
0.25,0.65,0.35 313.918
0.25,0.65,0.4 54.1768
0.25,0.65,0.45 0.0434111
0.25,0.7,0 7.78208e-10
0.25,0.7,0.05 119.796
0.25,0.7,0.1 534.154
0.25,0.7,0.15 552.886
0.25,0.7,0.2 367.039
0.25,0.7,0.25 208.638
0.25,0.7,0.3 545.592
0.25,0.7,0.35 151.64
0.25,0.7,0.4 0.740966
0.25,0.7,0.45 0.000330467
0.25,0.75,0 4.67768e-09
0.25,0.75,0.05 155.287
0.25,0.75,0.1 653.784
0.25,0.75,0.15 379.691
0.25,0.75,0.2 238.944
0.25,0.75,0.25 89.4948
0.25,0.75,0.3 103.554
0.25,0.75,0.35 17.432
0.25,0.75,0.4 0.0192488
0.25,0.75,0.45 1.07832e-05
0.25,0.8,0 1.92275e-09
0.25,0.8,0.05 59.2199
0.25,0.8,0.1 267.82
0.25,0.8,0.15 221.394
0.25,0.8,0.2 140.069
0.25,0.8,0.25 66.03
0.25,0.8,0.3 4.59045
0.25,0.8,0.35 0.00706636
0.25,0.85,0 5.92314e-12
0.25,0.85,0.05 0.181075
0.25,0.85,0.1 6.73051
0.25,0.85,0.15 28.1295
0.25,0.85,0.2 23.2933
0.25,0.85,0.25 24.4907
0.25,0.85,0.3 2.2615
0.25,0.9,0.15 0.00155465
0.25,0.9,0.2 0.109042
0.25,0.9,0.25 0.178763
0.25,0.9,0.3 0.0165759
0.3,0,0.1 8.98235e-13
0.3,0,0.15 3.69085e-11
0.3,0,0.2 7.2462e-11
0.3,0,0.25 4.93977e-10
0.3,0,0.3 4.6626e-10
0.3,0,0.35 1.84664e-11
0.3,0.05,0 8.01219e-13
0.3,0.05,0.05 0.302368
0.3,0.05,0.1 3.44966
0.3,0.05,0.15 68.9414
0.3,0.05,0.2 89.5044
0.3,0.05,0.25 84.5219
0.3,0.05,0.3 72.8353
0.3,0.05,0.35 2.8601
0.3,0.1,0 3.75156e-11
0.3,0.1,0.05 14.1488
0.3,0.1,0.1 78.7365
0.3,0.1,0.15 354.337
0.3,0.1,0.2 428.061
0.3,0.1,0.25 400.497
0.3,0.1,0.3 368.121
0.3,0.1,0.35 18.9868
0.3,0.1,0.4 0.0237377
0.3,0.15,0 6.5408e-11
0.3,0.15,0.05 34.2475
0.3,0.15,0.1 267.306
0.3,0.15,0.15 433.985
0.3,0.15,0.2 537.917
0.3,0.15,0.25 460.514
0.3,0.15,0.3 535.546
0.3,0.15,0.35 152.863
0.3,0.15,0.4 8.65596
0.3,0.2,0 1.11971e-10
0.3,0.2,0.05 85.1713
0.3,0.2,0.1 458.323
0.3,0.2,0.15 567.912
0.3,0.2,0.2 482.314
0.3,0.2,0.25 536.591
0.3,0.2,0.3 628.06
0.3,0.2,0.35 345.34
0.3,0.2,0.4 21.7658
0.3,0.25,0 1.04215e-10
0.3,0.25,0.05 96.0441
0.3,0.25,0.1 418.348
0.3,0.25,0.15 282.503
0.3,0.25,0.2 327.874
0.3,0.25,0.25 482.549
0.3,0.25,0.3 576
0.3,0.25,0.35 195.795
0.3,0.25,0.4 4.02168
0.3,0.3,0 2.22567e-10
0.3,0.3,0.05 37.2754
0.3,0.3,0.1 292.587
0.3,0.3,0.15 508.074
0.3,0.3,0.2 461.875
0.3,0.3,0.25 429.922
0.3,0.3,0.3 467.844
0.3,0.3,0.35 107.487
0.3,0.3,0.4 0.126742
0.3,0.35,0 7.62603e-11
0.3,0.35,0.05 59.4976
0.3,0.35,0.1 502.311
0.3,0.35,0.15 698.97
0.3,0.35,0.2 396.745
0.3,0.35,0.25 71.5543
0.3,0.35,0.3 54.7308
0.3,0.35,0.35 12.1125
0.3,0.4,0 8.51699e-13
0.3,0.4,0.05 144.035
0.3,0.4,0.1 769.593
0.3,0.4,0.15 785.654
0.3,0.4,0.2 484.071
0.3,0.4,0.25 38.2483
0.3,0.4,0.3 0.139569
0.3,0.4,0.35 0.0390802
0.3,0.4,0.4 0.0058895
0.3,0.45,0 2.69085e-10
0.3,0.45,0.05 99.2463
0.3,0.45,0.1 456.371
0.3,0.45,0.15 502.359
0.3,0.45,0.2 516.519
0.3,0.45,0.25 147.143
0.3,0.45,0.3 37.8573
0.3,0.45,0.35 16.6256
0.3,0.45,0.4 0.745934
0.3,0.5,0 6.9664e-10
0.3,0.5,0.05 121.488
0.3,0.5,0.1 492.23
0.3,0.5,0.15 208.376
0.3,0.5,0.2 288.541
0.3,0.5,0.25 367.928
0.3,0.5,0.3 513.074
0.3,0.5,0.35 187.202
0.3,0.5,0.4 5.93789
0.3,0.5,0.45 0.00422366
0.3,0.55,0 6.17414e-08
0.3,0.55,0.05 92.4235
0.3,0.55,0.1 398.544
0.3,0.55,0.15 273.229
0.3,0.55,0.2 212.318
0.3,0.55,0.25 607.177
0.3,0.55,0.3 571.229
0.3,0.55,0.35 197.776
0.3,0.55,0.4 24.9648
0.3,0.55,0.45 0.0258046
0.3,0.6,0 5.15609e-07
0.3,0.6,0.05 88.3467
0.3,0.6,0.1 376.544
0.3,0.6,0.15 286.296
0.3,0.6,0.2 517.504
0.3,0.6,0.25 685.881
0.3,0.6,0.3 575.851
0.3,0.6,0.35 178.15
0.3,0.6,0.4 33.5219
0.3,0.6,0.45 0.0307051
0.3,0.65,0 2.57025e-07
0.3,0.65,0.05 79.5855
0.3,0.65,0.1 328.83
0.3,0.65,0.15 211.488
0.3,0.65,0.2 473.842
0.3,0.65,0.25 561.413
0.3,0.65,0.3 903.757
0.3,0.65,0.35 400.612
0.3,0.65,0.4 53.5675
0.3,0.65,0.45 0.0939316
0.3,0.7,0 1.89917e-09
0.3,0.7,0.05 95.9512
0.3,0.7,0.1 397.804
0.3,0.7,0.15 273.371
0.3,0.7,0.2 390.063
0.3,0.7,0.25 133.052
0.3,0.7,0.3 293.754
0.3,0.7,0.35 245.742
0.3,0.7,0.4 46.234
0.3,0.7,0.45 0.0940491
0.3,0.75,0 3.60631e-11
0.3,0.75,0.05 102.028
0.3,0.75,0.1 444.489
0.3,0.75,0.15 291.717
0.3,0.75,0.2 295.105
0.3,0.75,0.25 46.6549
0.3,0.75,0.3 9.95056
0.3,0.75,0.35 9.0317
0.3,0.75,0.4 2.28332
0.3,0.75,0.45 0.00478571
0.3,0.8,0 1.44731e-11
0.3,0.8,0.05 19.7969
0.3,0.8,0.1 87.3175
0.3,0.8,0.15 42.9252
0.3,0.8,0.2 15.3296
0.3,0.8,0.25 1.96279
0.3,0.8,0.3 0.00225518
0.3,0.8,0.35 0.000318347
0.3,0.85,0 4.47119e-14
0.3,0.85,0.05 0.0230768
0.3,0.85,0.1 0.0982407
0.3,0.85,0.15 0.0504122
0.3,0.85,0.2 0.00810916
0.3,0.85,0.25 8.32389e-05
0.3,0.85,0.3 8.68722e-10
0.35,0,0.1 1.0915e-13
0.35,0,0.15 4.48499e-12
0.35,0,0.2 1.36352e-11
0.35,0,0.25 1.61573e-10
0.35,0,0.3 1.53173e-10
0.35,0,0.35 6.06646e-12
0.35,0.05,0 3.76251e-12
0.35,0.05,0.05 1.42621
0.35,0.05,0.1 5.87795
0.35,0.05,0.15 8.80301
0.35,0.05,0.2 11.5559
0.35,0.05,0.25 25.8476
0.35,0.05,0.3 23.7236
0.35,0.05,0.35 0.939581
0.35,0.1,0 1.65787e-10
0.35,0.1,0.05 63.55
0.35,0.1,0.1 254.932
0.35,0.1,0.15 99.2468
0.35,0.1,0.2 84.2835
0.35,0.1,0.25 147.196
0.35,0.1,0.3 130.799
0.35,0.1,0.35 7.11373
0.35,0.1,0.4 0.00202584
0.35,0.15,0 2.34673e-10
0.35,0.15,0.05 102.588
0.35,0.15,0.1 418.857
0.35,0.15,0.15 209.552
0.35,0.15,0.2 235.49
0.35,0.15,0.25 294.904
0.35,0.15,0.3 205.897
0.35,0.15,0.35 26.2359
0.35,0.15,0.4 0.739312
0.35,0.2,0 3.00627e-11
0.35,0.2,0.05 108.976
0.35,0.2,0.1 487.017
0.35,0.2,0.15 514.646
0.35,0.2,0.2 515.783
0.35,0.2,0.25 489.54
0.35,0.2,0.3 251.837
0.35,0.2,0.35 89.8201
0.35,0.2,0.4 2.28105
0.35,0.25,0 1.87155e-10
0.35,0.25,0.05 163.13
0.35,0.25,0.1 794.859
0.35,0.25,0.15 624.345
0.35,0.25,0.2 337.771
0.35,0.25,0.25 618.572
0.35,0.25,0.3 652.694
0.35,0.25,0.35 184.025
0.35,0.25,0.4 1.51195
0.35,0.3,0 9.83235e-10
0.35,0.3,0.05 129.954
0.35,0.3,0.1 599.293
0.35,0.3,0.15 503.464
0.35,0.3,0.2 588.086
0.35,0.3,0.25 610.594
0.35,0.3,0.3 444.999
0.35,0.3,0.35 51.5623
0.35,0.3,0.4 0.210718
0.35,0.35,0 3.38362e-10
0.35,0.35,0.05 96.2833
0.35,0.35,0.1 440.731
0.35,0.35,0.15 347.078
0.35,0.35,0.2 390.092
0.35,0.35,0.25 116.963
0.35,0.35,0.3 45.598
0.35,0.35,0.35 3.72689
0.35,0.4,0 3.21198e-13
0.35,0.4,0.05 181.119
0.35,0.4,0.1 886.718
0.35,0.4,0.15 576.141
0.35,0.4,0.2 289.725
0.35,0.4,0.25 37.6689
0.35,0.4,0.3 30.0622
0.35,0.4,0.35 26.7137
0.35,0.4,0.4 4.49659
0.35,0.45,0 1.60762e-12
0.35,0.45,0.05 124.223
0.35,0.45,0.1 701.692
0.35,0.45,0.15 677.901
0.35,0.45,0.2 603.882
0.35,0.45,0.25 97.6523
0.35,0.45,0.3 120.8
0.35,0.45,0.35 240.351
0.35,0.45,0.4 38.9405
0.35,0.5,0 4.55465e-12
0.35,0.5,0.05 147.31
0.35,0.5,0.1 624.587
0.35,0.5,0.15 386.144
0.35,0.5,0.2 539.298
0.35,0.5,0.25 479.271
0.35,0.5,0.3 490.46
0.35,0.5,0.35 346.641
0.35,0.5,0.4 42.9919
0.35,0.55,0 7.21249e-08
0.35,0.55,0.05 92.8795
0.35,0.55,0.1 440.641
0.35,0.55,0.15 545.16
0.35,0.55,0.2 524.911
0.35,0.55,0.25 526.38
0.35,0.55,0.3 356.623
0.35,0.55,0.35 81.6649
0.35,0.55,0.4 4.29327
0.35,0.6,0 5.99456e-07
0.35,0.6,0.05 94.1215
0.35,0.6,0.1 469.01
0.35,0.6,0.15 746.023
0.35,0.6,0.2 804.241
0.35,0.6,0.25 402.647
0.35,0.6,0.3 357.884
0.35,0.6,0.35 72.8583
0.35,0.6,0.4 4.32291
0.35,0.6,0.45 0.00810167
0.35,0.65,0 2.97948e-07
0.35,0.65,0.05 115.133
0.35,0.65,0.1 554.876
0.35,0.65,0.15 588.198
0.35,0.65,0.2 575.983
0.35,0.65,0.25 456.858
0.35,0.65,0.3 823.329
0.35,0.65,0.35 542.531
0.35,0.65,0.4 109.34
0.35,0.65,0.45 0.220583
0.35,0.7,0 2.18236e-09
0.35,0.7,0.05 99.8857
0.35,0.7,0.1 450.559
0.35,0.7,0.15 387.027
0.35,0.7,0.2 593.415
0.35,0.7,0.25 212.286
0.35,0.7,0.3 303.481
0.35,0.7,0.35 433.489
0.35,0.7,0.4 117.013
0.35,0.7,0.45 0.241472
0.35,0.75,0 2.14615e-13
0.35,0.75,0.05 65.9908
0.35,0.75,0.1 426.328
0.35,0.75,0.15 552.933
0.35,0.75,0.2 397.034
0.35,0.75,0.25 100.625
0.35,0.75,0.3 5.30499
0.35,0.75,0.35 16.9301
0.35,0.75,0.4 5.83016
0.35,0.75,0.45 0.0122903
0.35,0.8,0 1.85145e-13
0.35,0.8,0.05 11.7259
0.35,0.8,0.1 87.0332
0.35,0.8,0.15 119.5
0.35,0.8,0.2 57.8543
0.35,0.8,0.25 16.8846
0.35,0.8,0.3 0.080869
0.35,0.85,0 3.27624e-14
0.35,0.85,0.05 0.356446
0.35,0.85,0.1 1.4256
0.35,0.85,0.15 0.3567
0.35,0.85,0.2 0.000508848
0.35,0.85,0.25 4.00055e-05
0.4,0,0.2 4.56167e-15
0.4,0,0.25 9.59092e-14
0.4,0,0.3 9.1156e-14
0.4,0,0.35 3.61026e-15
0.4,0.05,0 1.10857e-12
0.4,0.05,0.05 0.42021
0.4,0.05,0.1 1.68014
0.4,0.05,0.15 1.94894
0.4,0.05,0.2 7.27035
0.4,0.05,0.25 5.05415
0.4,0.05,0.3 2.14426
0.4,0.05,0.35 0.0454121
0.4,0.1,0 5.4647e-11
0.4,0.1,0.05 30.3111
0.4,0.1,0.1 121.204
0.4,0.1,0.15 83.7422
0.4,0.1,0.2 281.995
0.4,0.1,0.25 162.112
0.4,0.1,0.3 31.8131
0.4,0.1,0.35 0.593589
0.4,0.15,0 1.37932e-10
0.4,0.15,0.05 135.63
0.4,0.15,0.1 544.527
0.4,0.15,0.15 250.306
0.4,0.15,0.2 580.623
0.4,0.15,0.25 466.949
0.4,0.15,0.3 48.4221
0.4,0.15,0.35 0.486076
0.4,0.15,0.4 5.86373e-05
0.4,0.2,0 1.1079e-10
0.4,0.2,0.05 99.4296
0.4,0.2,0.1 425.717
0.4,0.2,0.15 397.722
0.4,0.2,0.2 401.723
0.4,0.2,0.25 238.033
0.4,0.2,0.3 35.3243
0.4,0.2,0.35 5.84063
0.4,0.2,0.4 0.0421652
0.4,0.25,0 1.04105e-10
0.4,0.25,0.05 91.5529
0.4,0.25,0.1 455.45
0.4,0.25,0.15 419.386
0.4,0.25,0.2 243.278
0.4,0.25,0.25 305.192
0.4,0.25,0.3 206.606
0.4,0.25,0.35 20.052
0.4,0.25,0.4 0.116363
0.4,0.3,0 3.31908e-10
0.4,0.3,0.05 100.946
0.4,0.3,0.1 432.165
0.4,0.3,0.15 362.85
0.4,0.3,0.2 573.052
0.4,0.3,0.25 494.526
0.4,0.3,0.3 273.207
0.4,0.3,0.35 9.0913
0.4,0.3,0.4 0.0205954
0.4,0.35,0 2.98514e-10
0.4,0.35,0.05 47.406
0.4,0.35,0.1 191.093
0.4,0.35,0.15 172.641
0.4,0.35,0.2 392.065
0.4,0.35,0.25 435.498
0.4,0.35,0.3 241.687
0.4,0.35,0.35 21.8558
0.4,0.35,0.4 0.118221
0.4,0.4,0 1.39565e-10
0.4,0.4,0.05 53.224
0.4,0.4,0.1 271.932
0.4,0.4,0.15 318.832
0.4,0.4,0.2 279.146
0.4,0.4,0.25 352.747
0.4,0.4,0.3 370.662
0.4,0.4,0.35 132.706
0.4,0.4,0.4 17.304
0.4,0.45,0 4.56015e-12
0.4,0.45,0.05 62.8498
0.4,0.45,0.1 363.523
0.4,0.45,0.15 614.395
0.4,0.45,0.2 587.525
0.4,0.45,0.25 284.086
0.4,0.45,0.3 480.313
0.4,0.45,0.35 590.749
0.4,0.45,0.4 97.6223
0.4,0.45,0.45 0.00232132
0.4,0.5,0 2.4713e-12
0.4,0.5,0.05 71.1272
0.4,0.5,0.1 374.532
0.4,0.5,0.15 575.598
0.4,0.5,0.2 772.194
0.4,0.5,0.25 450.291
0.4,0.5,0.3 649.838
0.4,0.5,0.35 531.451
0.4,0.5,0.4 76.4616
0.4,0.5,0.45 0.669682
0.4,0.55,0 1.12028e-08
0.4,0.55,0.05 52.5606
0.4,0.55,0.1 297.124
0.4,0.55,0.15 514.316
0.4,0.55,0.2 636.441
0.4,0.55,0.25 344.129
0.4,0.55,0.3 273.876
0.4,0.55,0.35 131.156
0.4,0.55,0.4 35.9704
0.4,0.55,0.45 1.59251
0.4,0.6,0 6.01514e-08
0.4,0.6,0.05 148.132
0.4,0.6,0.1 642.999
0.4,0.6,0.15 536.66
0.4,0.6,0.2 585.252
0.4,0.6,0.25 211.305
0.4,0.6,0.3 75.5618
0.4,0.6,0.35 14.8498
0.4,0.6,0.4 5.1915
0.4,0.6,0.45 0.232878
0.4,0.65,0 2.32294e-08
0.4,0.65,0.05 72.3421
0.4,0.65,0.1 361.673
0.4,0.65,0.15 512.009
0.4,0.65,0.2 583.133
0.4,0.65,0.25 318.264
0.4,0.65,0.3 335.886
0.4,0.65,0.35 89.422
0.4,0.65,0.4 17.0845
0.4,0.65,0.45 0.0349184
0.4,0.7,0 1.4163e-10
0.4,0.7,0.05 17.8569
0.4,0.7,0.1 93.2733
0.4,0.7,0.15 180.875
0.4,0.7,0.2 370.294
0.4,0.7,0.25 173.191
0.4,0.7,0.3 127.748
0.4,0.7,0.35 69.2134
0.4,0.7,0.4 18.3847
0.4,0.7,0.45 0.0382251
0.4,0.75,0 2.17883e-12
0.4,0.75,0.05 25.8477
0.4,0.75,0.1 161.898
0.4,0.75,0.15 374.704
0.4,0.75,0.2 645.678
0.4,0.75,0.25 196.772
0.4,0.75,0.3 1.66495
0.4,0.75,0.35 2.6074
0.4,0.75,0.4 0.920861
0.4,0.75,0.45 0.00194556
0.4,0.8,0 6.11853e-12
0.4,0.8,0.05 66.8574
0.4,0.8,0.1 282.232
0.4,0.8,0.15 161.044
0.4,0.8,0.2 164.623
0.4,0.8,0.25 46.8502
