0.65,0.45,0.2 288.134
0.65,0.45,0.25 65.3574
0.65,0.45,0.3 0.00271921
0.65,0.5,0 3.73372e-10
0.65,0.5,0.05 93.5975
0.65,0.5,0.1 375.854
0.65,0.5,0.15 299.364
0.65,0.5,0.2 682.75
0.65,0.5,0.25 163.665
0.65,0.5,0.3 0.848403
0.65,0.55,0 7.55942e-11
0.65,0.55,0.05 44.0507
0.65,0.55,0.1 183.682
0.65,0.55,0.15 291.596
0.65,0.55,0.2 645.617
0.65,0.55,0.25 196.199
0.65,0.55,0.3 7.59694
0.65,0.6,0 1.89026e-11
0.65,0.6,0.05 42.7353
0.65,0.6,0.1 206.313
0.65,0.6,0.15 365.172
0.65,0.6,0.2 627.947
0.65,0.6,0.25 187.397
0.65,0.6,0.3 4.78049
0.65,0.65,0 8.30426e-13
0.65,0.65,0.05 59.8587
0.65,0.65,0.1 387.937
0.65,0.65,0.15 417.714
0.65,0.65,0.2 298.018
0.65,0.65,0.25 88.8994
0.65,0.65,0.3 0.898334
0.65,0.7,0 1.72209e-12
0.65,0.7,0.05 27.6073
0.65,0.7,0.1 305.643
0.65,0.7,0.15 590.209
0.65,0.7,0.2 159.046
0.65,0.7,0.25 8.76604
0.65,0.7,0.3 0.0445191
0.65,0.75,0 3.2965e-10
0.65,0.75,0.05 30.4201
0.65,0.75,0.1 329.636
0.65,0.75,0.15 434.801
0.65,0.75,0.2 53.486
0.65,0.75,0.25 0.269355
0.65,0.8,0 7.41904e-10
0.65,0.8,0.05 75.1745
0.65,0.8,0.1 428.009
0.65,0.8,0.15 294.277
0.65,0.8,0.2 20.4799
0.65,0.8,0.25 5.35376e-05
0.65,0.85,0 1.7205e-10
0.65,0.85,0.05 77.9316
0.65,0.85,0.1 315.092
0.65,0.85,0.15 83.8632
0.65,0.85,0.2 0.560566
0.65,0.9,0 1.99767e-11
0.65,0.9,0.05 18.789
0.65,0.9,0.1 75.1345
0.65,0.9,0.15 18.7783
0.65,0.95,0 1.57188e-16
0.65,0.95,0.05 0.000184117
0.65,0.95,0.1 0.000736258
0.65,0.95,0.15 0.000184012
0.7,0.1,0.05 0.000421085
0.7,0.1,0.1 0.284409
0.7,0.1,0.15 4.77841
0.7,0.1,0.2 3.98107
0.7,0.1,0.25 0.121555
0.7,0.15,0 1.44708e-14
0.7,0.15,0.05 23.3281
0.7,0.15,0.1 104.217
0.7,0.15,0.15 86.966
0.7,0.15,0.2 50.7563
0.7,0.15,0.25 5.06071
0.7,0.15,0.3 0.850754
0.7,0.2,0 4.1016e-13
0.7,0.2,0.05 105.169
0.7,0.2,0.1 475.254
0.7,0.2,0.15 174.664
0.7,0.2,0.2 50.5078
0.7,0.2,0.25 64.6526
0.7,0.2,0.3 15.2928
0.7,0.25,0 4.58364e-13
0.7,0.25,0.05 99.0045
0.7,0.25,0.1 521.004
0.7,0.25,0.15 191.967
0.7,0.25,0.2 60.1155
0.7,0.25,0.25 67.841
0.7,0.25,0.3 14.4802
0.7,0.25,0.35 0.491555
0.7,0.25,0.4 0.00123592
0.7,0.3,0 2.41489e-14
0.7,0.3,0.05 23.127
0.7,0.3,0.1 146.916
0.7,0.3,0.15 151.331
0.7,0.3,0.2 190.677
0.7,0.3,0.25 52.3191
0.7,0.3,0.3 10.8381
0.7,0.3,0.35 4.1217
0.7,0.3,0.4 0.0103632
0.7,0.35,0 1.0153e-09
0.7,0.35,0.05 47.9652
0.7,0.35,0.1 210.168
0.7,0.35,0.15 124.993
0.7,0.35,0.2 71.2707
0.7,0.35,0.25 12.9489
0.7,0.35,0.3 5.19017
0.7,0.35,0.35 2.05762
0.7,0.35,0.4 0.0051735
0.7,0.4,0 4.93686e-09
0.7,0.4,0.05 151.874
0.7,0.4,0.1 625.838
0.7,0.4,0.15 232.526
0.7,0.4,0.2 43.8735
0.7,0.4,0.25 0.67545
0.7,0.4,0.3 0.0382484
0.7,0.4,0.35 0.0151682
0.7,0.4,0.4 3.81377e-05
0.7,0.45,0 1.61843e-09
0.7,0.45,0.05 110.845
0.7,0.45,0.1 544.523
0.7,0.45,0.15 230.201
0.7,0.45,0.2 62.6451
0.7,0.45,0.25 12.7419
0.7,0.45,0.3 0.000637928
0.7,0.5,0 2.79208e-10
0.7,0.5,0.05 113.694
0.7,0.5,0.1 573.445
0.7,0.5,0.15 374.068
0.7,0.5,0.2 300.689
0.7,0.5,0.25 51.9055
0.7,0.5,0.3 0.00166186
0.7,0.55,0 8.77333e-11
0.7,0.55,0.05 90.5108
0.7,0.55,0.1 451.963
0.7,0.55,0.15 443.672
0.7,0.55,0.2 536.303
0.7,0.55,0.25 77.0794
0.7,0.55,0.3 0.00232228
0.7,0.6,0 3.93614e-11
0.7,0.6,0.05 79.3206
0.7,0.6,0.1 347.535
0.7,0.6,0.15 303.728
0.7,0.6,0.2 464.782
0.7,0.6,0.25 67.8227
0.7,0.6,0.3 0.0089384
0.7,0.65,0 1.6194e-12
0.7,0.65,0.05 53.9816
0.7,0.65,0.1 332.675
0.7,0.65,0.15 211.929
0.7,0.65,0.2 77.203
0.7,0.65,0.25 6.4977
0.7,0.65,0.3 0.00880968
0.7,0.7,0 3.08274e-14
0.7,0.7,0.05 16.1749
0.7,0.7,0.1 164.437
0.7,0.7,0.15 436.746
0.7,0.7,0.2 227.749
0.7,0.7,0.25 6.02731
0.7,0.7,0.3 0.000454495
0.7,0.75,0 6.0956e-12
0.7,0.75,0.05 1.52843
0.7,0.75,0.1 93.4348
0.7,0.75,0.15 241.443
0.7,0.75,0.2 84.1029
0.7,0.75,0.25 1.97391
0.7,0.8,0 2.01839e-09
0.7,0.8,0.05 12.1266
0.7,0.8,0.1 103.462
0.7,0.8,0.15 107.08
0.7,0.8,0.2 8.93593
0.7,0.8,0.25 0.0012206
0.7,0.85,0 8.01202e-09
0.7,0.85,0.05 41.3033
0.7,0.85,0.1 166.443
0.7,0.85,0.15 43.7661
0.7,0.85,0.2 0.243771
0.7,0.9,0 2.00013e-09
0.7,0.9,0.05 10.3149
0.7,0.9,0.1 41.1903
0.7,0.9,0.15 10.2803
0.7,0.95,0 5.43256e-18
0.7,0.95,0.05 6.36324e-06
0.7,0.95,0.1 2.54457e-05
0.7,0.95,0.15 6.35962e-06
0.75,0.1,0.05 0.000242892
0.75,0.1,0.1 0.00104838
0.75,0.1,0.15 0.00028279
0.75,0.1,0.2 4.27524e-09
0.75,0.15,0.05 13.4386
0.75,0.15,0.1 58.0041
0.75,0.15,0.15 15.6461
0.75,0.15,0.2 0.000236539
0.75,0.2,0.05 54.4935
0.75,0.2,0.1 240.229
0.75,0.2,0.15 66.4419
0.75,0.2,0.2 0.00670198
0.75,0.2,0.25 3.15042e-08
0.75,0.2,0.3 5.36768e-12
0.75,0.25,0.05 32.0927
0.75,0.25,0.1 159.651
0.75,0.25,0.15 50.0003
0.75,0.25,0.2 0.15338
0.75,0.25,0.25 0.0383304
0.75,0.25,0.3 6.53073e-06
0.75,0.3,0.05 5.69643
0.75,0.3,0.1 30.0797
0.75,0.3,0.15 10.2084
0.75,0.3,0.2 0.628012
0.75,0.3,0.25 0.150771
0.75,0.3,0.3 2.53924e-05
0.75,0.35,0 4.97422e-10
0.75,0.35,0.05 53.4278
0.75,0.35,0.1 225.927
0.75,0.35,0.15 183.536
0.75,0.35,0.2 79.5306
0.75,0.35,0.25 1.1732
0.75,0.35,0.3 6.17053e-06
0.75,0.4,0 2.41421e-09
0.75,0.4,0.05 141.072
0.75,0.4,0.1 612.293
0.75,0.4,0.15 508.476
0.75,0.4,0.2 216.599
0.75,0.4,0.25 3.09722
0.75,0.45,0 7.43127e-10
0.75,0.45,0.05 52.0492
0.75,0.45,0.1 403.559
0.75,0.45,0.15 329.122
0.75,0.45,0.2 79.2986
0.75,0.45,0.25 1.45242
0.75,0.5,0 3.33401e-11
0.75,0.5,0.05 30.8884
0.75,0.5,0.1 384.927
0.75,0.5,0.15 615.706
0.75,0.5,0.2 252.314
0.75,0.5,0.25 6.22176
0.75,0.55,0 1.24895e-11
0.75,0.55,0.05 27.7996
0.75,0.55,0.1 325.838
0.75,0.55,0.15 474.207
0.75,0.55,0.2 211.08
0.75,0.55,0.25 15.5482
0.75,0.6,0 6.74582e-12
0.75,0.6,0.05 29.8104
0.75,0.6,0.1 141.772
0.75,0.6,0.15 122.002
0.75,0.6,0.2 134.033
0.75,0.6,0.25 16.7036
0.75,0.65,0 4.06947e-13
0.75,0.65,0.05 14.4057
0.75,0.65,0.1 65.7458
0.75,0.65,0.15 65.4968
0.75,0.65,0.2 45.019
0.75,0.65,0.25 2.20282
0.75,0.7,0 6.07228e-15
0.75,0.7,0.05 1.37107
0.75,0.7,0.1 20.9094
0.75,0.7,0.15 233.528
0.75,0.7,0.2 193.194
0.75,0.7,0.25 5.9568
0.75,0.75,0 2.65197e-11
0.75,0.75,0.05 0.118839
0.75,0.75,0.1 5.25988
0.75,0.75,0.15 76.7762
0.75,0.75,0.2 63.7455
0.75,0.75,0.25 1.96429
0.75,0.8,0 6.47176e-09
0.75,0.8,0.05 30.6485
0.75,0.8,0.1 122.603
0.75,0.8,0.15 30.975
0.75,0.8,0.2 0.0758118
0.75,0.8,0.25 0.00121465
0.75,0.85,0 2.26947e-08
0.75,0.85,0.05 108.816
0.75,0.85,0.1 434.497
0.75,0.85,0.15 108.44
0.75,0.85,0.2 0.000998439
0.75,0.9,0 5.3693e-09
0.75,0.9,0.05 25.8896
0.75,0.9,0.1 103.375
0.75,0.9,0.15 25.7978
0.8,0.05,0 1.96048e-11
0.8,0.05,0.05 1.15495
0.8,0.05,0.1 4.61623
0.8,0.05,0.15 1.15317
0.8,0.1,0 2.31151e-10
0.8,0.1,0.05 13.6174
0.8,0.1,0.1 54.4276
0.8,0.1,0.15 13.5964
0.8,0.1,0.2 5.16023e-11
0.8,0.15,0 1.50684e-10
0.8,0.15,0.05 9.03923
0.8,0.15,0.1 36.1809
0.8,0.15,0.15 9.0522
0.8,0.15,0.2 2.85503e-06
0.8,0.2,0 2.58221e-12
0.8,0.2,0.05 0.750645
0.8,0.2,0.1 3.19144
0.8,0.2,0.15 0.848763
0.8,0.2,0.2 1.06039e-05
0.8,0.25,0.05 0.138239
0.8,0.25,0.1 0.596926
0.8,0.25,0.15 0.161099
0.8,0.25,0.2 2.72351e-06
0.8,0.3,0.05 0.0355798
0.8,0.3,0.1 0.148317
0.8,0.3,0.15 0.0975738
0.8,0.3,0.2 0.0377836
0.8,0.3,0.25 0.000540986
0.8,0.35,0 5.24533e-12
0.8,0.35,0.05 6.15389
0.8,0.35,0.1 28.3916
0.8,0.35,0.15 46.647
0.8,0.35,0.2 24.7276
0.8,0.35,0.25 0.354051
0.8,0.4,0 6.27581e-11
0.8,0.4,0.05 18.1759
0.8,0.4,0.1 84.5936
0.8,0.4,0.15 129.905
0.8,0.4,0.2 67.3906
0.8,0.4,0.25 0.96446
0.8,0.45,0 5.47227e-11
0.8,0.45,0.05 9.87026
0.8,0.45,0.1 63.1942
0.8,0.45,0.15 69.2989
0.8,0.45,0.2 28.5971
0.8,0.45,0.25 0.555722
0.8,0.5,0 4.83294e-12
0.8,0.5,0.05 5.94141
0.8,0.5,0.1 63.5132
0.8,0.5,0.15 177.206
0.8,0.5,0.2 102.831
0.8,0.5,0.25 2.36325
0.8,0.55,0 1.29552e-11
0.8,0.55,0.05 74.7106
0.8,0.55,0.1 331.895
0.8,0.55,0.15 165.64
0.8,0.55,0.2 40.5453
0.8,0.55,0.25 0.935343
0.8,0.6,0 1.35796e-11
0.8,0.6,0.05 141.523
0.8,0.6,0.1 569.054
0.8,0.6,0.15 145.939
0.8,0.6,0.2 0.89592
0.8,0.6,0.25 0.0741783
0.8,0.65,0 1.51337e-12
0.8,0.65,0.05 76.9784
0.8,0.65,0.1 308.002
0.8,0.65,0.15 78.8619
0.8,0.65,0.2 1.60878
0.8,0.65,0.25 0.0531677
0.8,0.7,0 2.27173e-13
0.8,0.7,0.05 4.71673
0.8,0.7,0.1 19.4484
0.8,0.7,0.15 14.6542
0.8,0.7,0.2 8.32181
0.8,0.7,0.25 0.25672
0.8,0.75,0 2.78316e-10
0.8,0.75,0.05 1.40664
0.8,0.75,0.1 5.80986
0.8,0.75,0.15 4.67937
0.8,0.75,0.2 2.74417
0.8,0.75,0.25 0.0846549
0.8,0.8,0 1.35993e-08
0.8,0.8,0.05 59.6748
0.8,0.8,0.1 238.268
0.8,0.8,0.15 59.4765
0.8,0.8,0.2 0.00647504
0.8,0.8,0.25 5.25262e-05
0.8,0.85,0 2.1173e-08
0.8,0.85,0.05 93.7068
0.8,0.85,0.1 374.195
0.8,0.85,0.15 93.5896
0.8,0.85,0.2 0.0620706
0.8,0.85,0.25 2.31943e-06
0.8,0.9,0 2.16719e-09
0.8,0.9,0.05 9.81897
0.8,0.9,0.1 39.2401
0.8,0.9,0.15 9.9399
0.8,0.9,0.2 0.0433787
0.8,0.9,0.25 1.62096e-06
0.8,0.95,0.1 0.000722148
0.8,0.95,0.15 0.00320465
0.8,0.95,0.2 0.000888633
0.8,0.95,0.25 3.32061e-08
0.85,0.05,0 1.24806e-10
0.85,0.05,0.05 7.35247
0.85,0.05,0.1 29.3872
0.85,0.05,0.15 7.34114
0.85,0.1,0 1.47152e-09
0.85,0.1,0.05 86.6892
0.85,0.1,0.1 346.489
0.85,0.1,0.15 86.5556
0.85,0.15,0 9.59267e-10
0.85,0.15,0.05 56.5117
0.85,0.15,0.1 225.873
0.85,0.15,0.15 56.4246
0.85,0.2,0 1.64385e-11
0.85,0.2,0.05 0.968414
0.85,0.2,0.1 3.87067
0.85,0.2,0.15 0.966922
0.85,0.3,0.1 1.84608e-06
0.85,0.3,0.15 1.9948e-05
0.85,0.3,0.2 1.2186e-05
0.85,0.3,0.25 1.74479e-07
0.85,0.35,0 2.1797e-11
0.85,0.35,0.05 2.48761
0.85,0.35,0.1 9.94549
0.85,0.35,0.15 2.49759
0.85,0.35,0.2 0.00797515
0.85,0.35,0.25 0.000114189
0.85,0.4,0 5.50597e-10
0.85,0.4,0.05 63.0131
0.85,0.4,0.1 251.9
0.85,0.4,0.15 62.9708
0.85,0.4,0.2 0.0217249
0.85,0.4,0.25 0.000311058
0.85,0.45,0 6.97512e-10
0.85,0.45,0.05 92.747
0.85,0.45,0.1 370.779
0.85,0.45,0.15 92.7342
0.85,0.45,0.2 0.0694818
0.85,0.45,0.25 0.0015888
0.85,0.5,0 2.29898e-10
0.85,0.5,0.05 49.6322
0.85,0.5,0.1 198.469
0.85,0.5,0.15 50.1193
0.85,0.5,0.2 0.395493
0.85,0.5,0.25 0.00923174
0.85,0.55,0 2.50876e-11
0.85,0.55,0.05 37.5337
0.85,0.55,0.1 150.119
0.85,0.55,0.15 37.7177
0.85,0.55,0.2 0.147034
0.85,0.55,0.25 0.00343213
0.85,0.6,0 6.1264e-12
0.85,0.6,0.05 61.2836
0.85,0.6,0.1 245.105
0.85,0.6,0.15 61.2692
0.85,0.6,0.2 0.000245468
0.85,0.6,0.25 5.7298e-06
0.85,0.65,0 4.26584e-12
0.85,0.65,0.05 57.2783
0.85,0.65,0.1 229.088
0.85,0.65,0.15 57.2658
0.85,0.7,0 8.47068e-12
0.85,0.7,0.05 60.7193
0.85,0.7,0.1 242.84
0.85,0.7,0.15 60.7005
0.85,0.75,0 1.79695e-10
0.85,0.75,0.05 10.525
0.85,0.75,0.1 42.0858
0.85,0.75,0.15 10.5179
0.85,0.8,0 7.95205e-09
0.85,0.8,0.05 72.5733
0.85,0.8,0.1 292.162
0.85,0.8,0.15 82.2044
0.85,0.8,0.2 2.71771
0.85,0.8,0.25 0.000101554
0.85,0.85,0 1.09868e-08
0.85,0.85,0.05 89.5657
0.85,0.85,0.1 386.508
0.85,0.85,0.15 216.661
0.85,0.85,0.2 35.3046
0.85,0.85,0.25 0.00131925
0.85,0.9,0 8.06315e-10
0.85,0.9,0.05 5.64828
0.85,0.9,0.1 42.613
0.85,0.9,0.15 94.6101
0.85,0.9,0.2 24.6729
0.85,0.9,0.25 0.000921969
0.85,0.95,0.1 0.410744
0.85,0.95,0.15 1.82274
0.85,0.95,0.2 0.505437
0.85,0.95,0.25 1.8887e-05
0.9,0.05,0 4.89436e-11
0.9,0.05,0.05 2.88334
0.9,0.05,0.1 11.5245
0.9,0.05,0.15 2.87889
0.9,0.1,0 5.77069e-10
0.9,0.1,0.05 33.9959
0.9,0.1,0.1 135.879
0.9,0.1,0.15 33.9435
0.9,0.15,0 3.76185e-10
0.9,0.15,0.05 22.1616
0.9,0.15,0.1 88.578
0.9,0.15,0.15 22.1274
0.9,0.2,0 6.4465e-12
0.9,0.2,0.05 0.379772
0.9,0.2,0.1 1.51792
0.9,0.2,0.15 0.379187
0.9,0.35,0 1.42939e-11
0.9,0.35,0.05 1.63131
0.9,0.35,0.1 6.52122
0.9,0.35,0.15 1.6293
0.9,0.4,0 3.62996e-10
0.9,0.4,0.05 41.7524
0.9,0.4,0.1 166.907
0.9,0.4,0.15 41.701
0.9,0.45,0 6.01683e-10
0.9,0.45,0.05 92.9993
0.9,0.45,0.1 371.792
0.9,0.45,0.15 92.8966
0.9,0.5,0 3.92432e-10
0.9,0.5,0.05 85.5792
0.9,0.5,0.1 342.146
0.9,0.5,0.15 85.494
0.9,0.55,0 3.57798e-11
0.9,0.55,0.05 8.13557
0.9,0.55,0.1 32.5264
0.9,0.55,0.15 8.12763
0.9,0.6,0 4.9626e-14
0.9,0.6,0.05 0.390584
0.9,0.6,0.1 1.56212
0.9,0.6,0.15 0.390474
0.9,0.65,0 5.07433e-12
0.9,0.65,0.05 35.6869
0.9,0.65,0.1 142.725
0.9,0.65,0.15 35.6757
0.9,0.7,0 1.17393e-11
0.9,0.7,0.05 82.3675
0.9,0.7,0.1 329.418
0.9,0.7,0.15 82.3416
0.9,0.75,0 2.30819e-11
0.9,0.75,0.05 13.8493
0.9,0.75,0.1 55.3843
0.9,0.75,0.15 13.8429
0.9,0.8,0 6.31785e-10
0.9,0.8,0.05 61.7132
0.9,0.8,0.1 252.594
0.9,0.8,0.15 87.7985
0.9,0.8,0.2 7.25471
0.9,0.8,0.25 0.000271091
0.9,0.85,0 7.26178e-10
0.9,0.85,0.05 68.1559
0.9,0.85,0.1 349.039
0.9,0.85,0.15 407.934
0.9,0.85,0.2 94.2427
0.9,0.85,0.25 0.00352162
0.9,0.9,0 4.0616e-11
0.9,0.9,0.05 3.52351
0.9,0.9,0.1 67.6082
0.9,0.9,0.15 241.036
0.9,0.9,0.2 65.8624
0.9,0.9,0.25 0.00246112
0.9,0.95,0.1 1.09645
0.9,0.95,0.15 4.86566
0.9,0.95,0.2 1.34922
0.9,0.95,0.25 5.04173e-05
0.95,0.05,0 1.15116e-13
0.95,0.05,0.05 0.00678165
0.95,0.05,0.1 0.0271057
0.95,0.05,0.15 0.0067712
0.95,0.1,0 1.35728e-12
0.95,0.1,0.05 0.079959
0.95,0.1,0.1 0.319589
0.95,0.1,0.15 0.0798357
0.95,0.15,0 8.84793e-13
0.95,0.15,0.05 0.0521244
0.95,0.15,0.1 0.208337
0.95,0.15,0.15 0.052044
0.95,0.2,0 1.51623e-14
0.95,0.2,0.05 0.000893231
0.95,0.2,0.1 0.00357017
0.95,0.2,0.15 0.000891854
0.95,0.35,0 2.48846e-13
0.95,0.35,0.05 0.0283999
0.95,0.35,0.1 0.113529
0.95,0.35,0.15 0.0283647
0.95,0.4,0 6.59088e-12
0.95,0.4,0.05 0.787412
0.95,0.4,0.1 3.14774
0.95,0.4,0.15 0.786456
0.95,0.45,0 3.07874e-11
0.95,0.45,0.05 6.14953
0.95,0.45,0.1 24.5856
0.95,0.45,0.15 6.14326
0.95,0.5,0 4.08808e-11
0.95,0.5,0.05 9.08396
0.95,0.5,0.1 36.3179
0.95,0.5,0.15 9.07497
0.95,0.55,0 3.87302e-12
0.95,0.55,0.05 0.863833
0.95,0.55,0.1 3.45362
0.95,0.55,0.15 0.862979
0.95,0.6,0 1.48447e-15
0.95,0.6,0.05 0.0104151
0.95,0.6,0.1 0.041654
0.95,0.6,0.15 0.0104119
0.95,0.65,0 3.7401e-13
0.95,0.65,0.05 2.62407
0.95,0.65,0.1 10.4946
0.95,0.65,0.15 2.62325
0.95,0.7,0 8.6566e-13
0.95,0.7,0.05 6.07352
0.95,0.7,0.1 24.2903
0.95,0.7,0.15 6.07161
0.95,0.75,0 1.75853e-12
0.95,0.75,0.05 1.04604
0.95,0.75,0.1 4.18317
0.95,0.75,0.15 1.04554
0.95,0.8,0 4.51572e-11
0.95,0.8,0.05 5.22184
0.95,0.8,0.1 21.8477
0.95,0.8,0.15 9.53389
0.95,0.8,0.2 1.19749
0.95,0.8,0.25 4.47475e-05
0.95,0.85,0 4.97777e-11
0.95,0.85,0.05 5.75614
0.95,0.85,0.1 35.6521
0.95,0.85,0.15 61.8485
0.95,0.85,0.2 15.5561
0.95,0.85,0.25 0.000581295
0.95,0.9,0 2.56326e-12
0.95,0.9,0.05 0.296408
0.95,0.9,0.1 10.0197
0.95,0.9,0.15 39.5017
0.95,0.9,0.2 10.8715
0.95,0.9,0.25 0.000406243
0.95,0.95,0.1 0.180984
0.95,0.95,0.15 0.803147
0.95,0.95,0.2 0.222709
0.95,0.95,0.25 8.3221e-06
