0.25,0.2,0.25 458.556
0.25,0.2,0.3 389.684
0.25,0.2,0.35 541.598
0.25,0.2,0.4 152.257
0.25,0.2,0.45 1.76709
0.25,0.25,0 2.85872e-12
0.25,0.25,0.05 48.6279
0.25,0.25,0.1 227.285
0.25,0.25,0.15 248.274
0.25,0.25,0.2 361.966
0.25,0.25,0.25 168.434
0.25,0.25,0.3 438.119
0.25,0.25,0.35 733.444
0.25,0.25,0.4 186.397
0.25,0.25,0.45 2.38616
0.25,0.3,0 2.03653e-12
0.25,0.3,0.05 37.4102
0.25,0.3,0.1 173.847
0.25,0.3,0.15 196.366
0.25,0.3,0.2 494.872
0.25,0.3,0.25 295.452
0.25,0.3,0.3 183.581
0.25,0.3,0.35 275.671
0.25,0.3,0.4 155.858
0.25,0.3,0.45 6.32014
0.25,0.35,0 4.38509e-14
0.25,0.35,0.05 70.1321
0.25,0.35,0.1 342.136
0.25,0.35,0.15 443.623
0.25,0.35,0.2 225.165
0.25,0.35,0.25 71.0599
0.25,0.35,0.3 36.9191
0.25,0.35,0.35 55.5153
0.25,0.35,0.4 56.5149
0.25,0.35,0.45 2.67918
0.25,0.4,0 1.8502e-12
0.25,0.4,0.05 98.4115
0.25,0.4,0.1 439.958
0.25,0.4,0.15 451.379
0.25,0.4,0.2 218.997
0.25,0.4,0.25 91.5758
0.25,0.4,0.3 21.1642
0.25,0.4,0.35 1.32275
0.25,0.4,0.4 2.45057
0.25,0.4,0.45 0.546589
0.25,0.4,0.5 0.000331856
0.25,0.45,0 6.55928e-12
0.25,0.45,0.05 131.07
0.25,0.45,0.1 624.574
0.25,0.45,0.15 469.499
0.25,0.45,0.2 274.821
0.25,0.45,0.25 407.912
0.25,0.45,0.3 324.999
0.25,0.45,0.35 175.254
0.25,0.45,0.4 223.469
0.25,0.45,0.45 59.4068
0.25,0.45,0.5 0.227779
0.25,0.5,0 1.66712e-12
0.25,0.5,0.05 109.503
0.25,0.5,0.1 720.073
0.25,0.5,0.15 499.224
0.25,0.5,0.2 287.573
0.25,0.5,0.25 256.606
0.25,0.5,0.3 723.578
0.25,0.5,0.35 585.925
0.25,0.5,0.4 575.835
0.25,0.5,0.45 180.459
0.25,0.5,0.5 1.2853
0.25,0.55,0 2.03016e-09
0.25,0.55,0.05 43.0302
0.25,0.55,0.1 331.974
0.25,0.55,0.15 388.972
0.25,0.55,0.2 335.305
0.25,0.55,0.25 188.299
0.25,0.55,0.3 541.057
0.25,0.55,0.35 687.404
0.25,0.55,0.4 621.165
0.25,0.55,0.45 179.164
0.25,0.55,0.5 0.629586
0.25,0.6,0 1.7001e-08
0.25,0.6,0.05 5.38095
0.25,0.6,0.1 49.9645
0.25,0.6,0.15 371.921
0.25,0.6,0.2 611.408
0.25,0.6,0.25 558.408
0.25,0.6,0.3 501.46
0.25,0.6,0.35 454.885
0.25,0.6,0.4 326.71
0.25,0.6,0.45 59.3597
0.25,0.6,0.5 0.0581724
0.25,0.65,0 9.29816e-09
0.25,0.65,0.05 54.7803
0.25,0.65,0.1 279.72
0.25,0.65,0.15 365.512
0.25,0.65,0.2 379.938
0.25,0.65,0.25 298.007
0.25,0.65,0.3 318.576
0.25,0.65,0.35 381.601
0.25,0.65,0.4 141.825
0.25,0.65,0.45 6.41186
0.25,0.65,0.5 4.11563e-06
0.25,0.7,0 1.55522e-09
0.25,0.7,0.05 87.821
0.25,0.7,0.1 389.413
0.25,0.7,0.15 440.208
0.25,0.7,0.2 533.596
0.25,0.7,0.25 405.942
0.25,0.7,0.3 310.998
0.25,0.7,0.35 248.486
0.25,0.7,0.4 33.1208
0.25,0.7,0.45 0.0411313
0.25,0.75,0 1.56549e-10
0.25,0.75,0.05 8.95053
0.25,0.75,0.1 45.4076
0.25,0.75,0.15 184.587
0.25,0.75,0.2 597.811
0.25,0.75,0.25 564.276
0.25,0.75,0.3 338.27
0.25,0.75,0.35 234.738
0.25,0.75,0.4 15.4848
0.25,0.75,0.45 0.000125034
0.25,0.8,0.1 0.229724
0.25,0.8,0.15 7.3562
0.25,0.8,0.2 79.8486
0.25,0.8,0.25 92.319
0.25,0.8,0.3 62.9472
0.25,0.8,0.35 55.7958
0.25,0.8,0.4 3.45271
0.25,0.85,0.15 0.000720487
0.25,0.85,0.2 0.0191757
0.25,0.85,0.25 0.020803
0.25,0.85,0.3 0.00119974
0.25,0.85,0.35 0.000145275
0.25,0.85,0.4 8.97609e-06
0.3,0.05,0 3.73392e-15
0.3,0.05,0.05 7.58951e-05
0.3,0.05,0.1 0.000505248
0.3,0.05,0.15 3.59899
0.3,0.05,0.2 35.566
0.3,0.05,0.25 43.5557
0.3,0.05,0.3 54.0815
0.3,0.05,0.35 8.31708
0.3,0.05,0.4 0.0786853
0.3,0.1,0 2.52885e-12
0.3,0.1,0.05 0.0514011
0.3,0.1,0.1 12.0134
0.3,0.1,0.15 97.8736
0.3,0.1,0.2 328.293
0.3,0.1,0.25 346.358
0.3,0.1,0.3 401.932
0.3,0.1,0.35 82.8609
0.3,0.1,0.4 2.44108
0.3,0.15,0 6.92181e-12
0.3,0.15,0.05 6.89463
0.3,0.15,0.1 78.1507
0.3,0.15,0.15 340.166
0.3,0.15,0.2 449.843
0.3,0.15,0.25 407.066
0.3,0.15,0.3 407.418
0.3,0.15,0.35 318.626
0.3,0.15,0.4 31.0442
0.3,0.15,0.45 0.182002
0.3,0.2,0 7.69561e-12
0.3,0.2,0.05 60.77
0.3,0.2,0.1 336.294
0.3,0.2,0.15 387.071
0.3,0.2,0.2 583.384
0.3,0.2,0.25 383.948
0.3,0.2,0.3 506.873
0.3,0.2,0.35 600.206
0.3,0.2,0.4 189.822
0.3,0.2,0.45 3.12817
0.3,0.25,0 1.73091e-08
0.3,0.25,0.05 59.3616
0.3,0.25,0.1 445.56
0.3,0.25,0.15 355.812
0.3,0.25,0.2 389.915
0.3,0.25,0.25 212.276
0.3,0.25,0.3 480.595
0.3,0.25,0.35 601.907
0.3,0.25,0.4 209.095
0.3,0.25,0.45 4.49107
0.3,0.3,0 5.49025e-08
0.3,0.3,0.05 25.8494
0.3,0.3,0.1 173.876
0.3,0.3,0.15 265.053
0.3,0.3,0.2 457.501
0.3,0.3,0.25 466.672
0.3,0.3,0.3 514.297
0.3,0.3,0.35 500.69
0.3,0.3,0.4 294.885
0.3,0.3,0.45 13.0787
0.3,0.35,0 1.12888e-08
0.3,0.35,0.05 30.0579
0.3,0.35,0.1 179.003
0.3,0.35,0.15 624.724
0.3,0.35,0.2 553.624
0.3,0.35,0.25 193.803
0.3,0.35,0.3 153.735
0.3,0.35,0.35 139.536
0.3,0.35,0.4 117.235
0.3,0.35,0.45 5.55078
0.3,0.35,0.5 1.71276e-06
0.3,0.4,0 9.03843e-10
0.3,0.4,0.05 102.098
0.3,0.4,0.1 470.256
0.3,0.4,0.15 723.587
0.3,0.4,0.2 510.885
0.3,0.4,0.25 95.9368
0.3,0.4,0.3 16.892
0.3,0.4,0.35 1.12997
0.3,0.4,0.4 2.87235
0.3,0.4,0.45 1.18553
0.3,0.4,0.5 0.0118089
0.3,0.45,0 2.91717e-10
0.3,0.45,0.05 67.4743
0.3,0.45,0.1 347.181
0.3,0.45,0.15 592.083
0.3,0.45,0.2 553.894
0.3,0.45,0.25 373.548
0.3,0.45,0.3 249.754
0.3,0.45,0.35 181.734
0.3,0.45,0.4 48.9071
0.3,0.45,0.45 9.98586
0.3,0.45,0.5 0.0400206
0.3,0.5,0 1.99206e-10
0.3,0.5,0.05 61.7666
0.3,0.5,0.1 464.081
0.3,0.5,0.15 317.779
0.3,0.5,0.2 209.914
0.3,0.5,0.25 272.144
0.3,0.5,0.3 707.613
0.3,0.5,0.35 642.597
0.3,0.5,0.4 111.748
0.3,0.5,0.45 17.7048
0.3,0.5,0.5 0.0165159
0.3,0.55,0 6.16108e-08
0.3,0.55,0.05 39.5067
0.3,0.55,0.1 310.126
0.3,0.55,0.15 239.003
0.3,0.55,0.2 313.798
0.3,0.55,0.25 174.318
0.3,0.55,0.3 558.674
0.3,0.55,0.35 517.555
0.3,0.55,0.4 240.947
0.3,0.55,0.45 47.6055
0.3,0.55,0.5 0.0366118
0.3,0.6,0 5.15612e-07
0.3,0.6,0.05 66.9853
0.3,0.6,0.1 278.165
0.3,0.6,0.15 268.857
0.3,0.6,0.2 686.233
0.3,0.6,0.25 467.263
0.3,0.6,0.3 674.587
0.3,0.6,0.35 480.59
0.3,0.6,0.4 570.014
0.3,0.6,0.45 111.238
0.3,0.6,0.5 0.0104172
0.3,0.65,0 2.57486e-07
0.3,0.65,0.05 78.9156
0.3,0.65,0.1 326.222
0.3,0.65,0.15 302.958
0.3,0.65,0.2 421.599
0.3,0.65,0.25 403.163
0.3,0.65,0.3 660.92
0.3,0.65,0.35 272.026
0.3,0.65,0.4 174.97
0.3,0.65,0.45 34.4083
0.3,0.65,0.5 7.42082e-07
0.3,0.7,0 2.7104e-09
0.3,0.7,0.05 67.9686
0.3,0.7,0.1 288.165
0.3,0.7,0.15 348.01
0.3,0.7,0.2 526.058
0.3,0.7,0.25 418.385
0.3,0.7,0.3 212.864
0.3,0.7,0.35 219.835
0.3,0.7,0.4 25.5535
0.3,0.7,0.45 0.029749
0.3,0.75,0 8.54123e-11
0.3,0.75,0.05 5.81105
0.3,0.75,0.1 25.0671
0.3,0.75,0.15 51.8978
0.3,0.75,0.2 423.538
0.3,0.75,0.25 447.234
0.3,0.75,0.3 144.035
0.3,0.75,0.35 120.46
0.3,0.75,0.4 6.61041
0.3,0.8,0.1 0.00557422
0.3,0.8,0.15 3.32436
0.3,0.8,0.2 80.6041
0.3,0.8,0.25 85.7444
0.3,0.8,0.3 14.2738
0.3,0.8,0.35 9.80354
0.3,0.8,0.4 0.41359
0.3,0.85,0.15 0.00102886
0.3,0.85,0.2 0.0273778
0.3,0.85,0.25 0.0296155
0.3,0.85,0.3 0.00148057
0.3,0.85,0.35 4.13675e-06
0.3,0.85,0.4 2.58143e-07
0.35,0.05,0.1 0.000274231
0.35,0.05,0.15 0.317237
0.35,0.05,0.2 3.13652
0.35,0.05,0.25 7.40219
0.35,0.05,0.3 12.8516
0.35,0.05,0.35 1.77833
0.35,0.1,0.05 0.0308042
0.35,0.1,0.1 17.3493
0.35,0.1,0.15 96.7868
0.35,0.1,0.2 59.7541
0.35,0.1,0.25 62.5286
0.35,0.1,0.3 118.767
0.35,0.1,0.35 21.0169
0.35,0.1,0.4 0.200142
0.35,0.15,0.05 7.43612
0.35,0.15,0.1 101.937
0.35,0.15,0.15 389.41
0.35,0.15,0.2 177.634
0.35,0.15,0.25 123.862
0.35,0.15,0.3 252.566
0.35,0.15,0.35 89.0815
0.35,0.15,0.4 4.50497
0.35,0.15,0.45 0.0194153
0.35,0.2,0 1.34467e-10
0.35,0.2,0.05 64.5865
0.35,0.2,0.1 355.249
0.35,0.2,0.15 368.883
0.35,0.2,0.2 455.945
0.35,0.2,0.25 412.58
0.35,0.2,0.3 439.619
0.35,0.2,0.35 147.978
0.35,0.2,0.4 23.5273
0.35,0.2,0.45 0.333696
0.35,0.25,0 1.08857e-07
0.35,0.25,0.05 90.1776
0.35,0.25,0.1 564.344
0.35,0.25,0.15 614.874
0.35,0.25,0.2 540.744
0.35,0.25,0.25 290.93
0.35,0.25,0.3 502.978
0.35,0.25,0.35 389.941
0.35,0.25,0.4 53.8318
0.35,0.25,0.45 0.511511
0.35,0.3,0 3.40887e-07
0.35,0.3,0.05 115.931
0.35,0.3,0.1 529.881
0.35,0.3,0.15 447.131
0.35,0.3,0.2 492.042
0.35,0.3,0.25 549.17
0.35,0.3,0.3 837.642
0.35,0.3,0.35 433.099
0.35,0.3,0.4 58.5194
0.35,0.3,0.45 1.62209
0.35,0.35,0 7.0926e-08
0.35,0.35,0.05 76.715
0.35,0.35,0.1 327.296
0.35,0.35,0.15 441.466
0.35,0.35,0.2 473.041
0.35,0.35,0.25 341.911
0.35,0.35,0.3 340.696
0.35,0.35,0.35 85.4258
0.35,0.35,0.4 15.3045
0.35,0.35,0.45 0.694693
0.35,0.35,0.5 6.12664e-05
0.35,0.4,0 8.00584e-09
0.35,0.4,0.05 161.514
0.35,0.4,0.1 738.308
0.35,0.4,0.15 762.139
0.35,0.4,0.2 507.435
0.35,0.4,0.25 64.5834
0.35,0.4,0.3 9.33206
0.35,0.4,0.35 22.6321
0.35,0.4,0.4 79.7499
0.35,0.4,0.45 39.2659
0.35,0.4,0.5 0.422423
0.35,0.45,0 2.90537e-09
0.35,0.45,0.05 97.0477
0.35,0.45,0.1 462.273
0.35,0.45,0.15 596.837
0.35,0.45,0.2 664.619
0.35,0.45,0.25 327.337
0.35,0.45,0.3 182.009
0.35,0.45,0.35 268.055
0.35,0.45,0.4 356.897
0.35,0.45,0.45 134.772
0.35,0.45,0.5 1.43174
0.35,0.5,0 2.13811e-09
0.35,0.5,0.05 92.6696
0.35,0.5,0.1 556.283
0.35,0.5,0.15 415.644
0.35,0.5,0.2 501.022
0.35,0.5,0.25 770.208
0.35,0.5,0.3 592.064
0.35,0.5,0.35 372.548
0.35,0.5,0.4 137.875
0.35,0.5,0.45 29.6685
0.35,0.5,0.5 0.303154
0.35,0.55,0 7.22365e-08
0.35,0.55,0.05 34.6802
0.35,0.55,0.1 296.118
0.35,0.55,0.15 410.434
0.35,0.55,0.2 596.924
0.35,0.55,0.25 450.076
0.35,0.55,0.3 503.251
0.35,0.55,0.35 411.613
0.35,0.55,0.4 174.582
0.35,0.55,0.45 10.7885
0.35,0.55,0.5 6.73479e-06
0.35,0.6,0 5.99459e-07
0.35,0.6,0.05 90.9661
0.35,0.6,0.1 394.423
0.35,0.6,0.15 580.602
0.35,0.6,0.2 1000.5
0.35,0.6,0.25 377.814
0.35,0.6,0.3 553.458
0.35,0.6,0.35 793.404
0.35,0.6,0.4 578.002
0.35,0.6,0.45 47.8977
0.35,0.65,0 2.98019e-07
0.35,0.65,0.05 114.475
0.35,0.65,0.1 466.379
0.35,0.65,0.15 295.531
0.35,0.65,0.2 458.542
0.35,0.65,0.25 249.921
0.35,0.65,0.3 517.143
0.35,0.65,0.35 570.774
0.35,0.65,0.4 227.106
0.35,0.65,0.45 15.5921
0.35,0.7,0 2.2604e-09
0.35,0.7,0.05 76.3808
0.35,0.7,0.1 307.164
0.35,0.7,0.15 108.422
0.35,0.7,0.2 141.325
0.35,0.7,0.25 213.149
0.35,0.7,0.3 608.928
0.35,0.7,0.35 688.86
0.35,0.7,0.4 87.9304
0.35,0.7,0.45 0.073154
0.35,0.75,0 6.48878e-09
0.35,0.75,0.05 4.14685
0.35,0.75,0.1 16.7407
0.35,0.75,0.15 8.7265
0.35,0.75,0.2 70.1609
0.35,0.75,0.25 105.772
0.35,0.75,0.3 296.491
0.35,0.75,0.35 287.769
0.35,0.75,0.4 16.6088
0.35,0.75,0.45 0.00222404
0.35,0.8,0 2.09747e-08
0.35,0.8,0.05 2.16134
0.35,0.8,0.1 8.59011
0.35,0.8,0.15 2.35615
0.35,0.8,0.2 6.03413
0.35,0.8,0.25 7.65551
0.35,0.8,0.3 21.5109
0.35,0.8,0.35 19.761
0.35,0.8,0.4 0.756398
0.35,0.85,0 4.23295e-09
0.35,0.85,0.05 0.436185
0.35,0.85,0.1 1.73359
0.35,0.85,0.15 0.430706
0.35,0.85,0.2 0.00210147
0.35,0.85,0.25 0.00227322
0.35,0.85,0.3 0.00011339
0.4,0.05,0.1 1.95671e-05
0.4,0.05,0.15 0.000111133
0.4,0.05,0.2 3.91841e-05
0.4,0.05,0.25 0.000141074
0.4,0.05,0.3 0.0191977
0.4,0.05,0.35 0.0384909
0.4,0.05,0.4 0.00459549
0.4,0.1,0.05 1.04942
0.4,0.1,0.1 42.4867
0.4,0.1,0.15 72.8219
0.4,0.1,0.2 15.1084
0.4,0.1,0.25 19.6234
0.4,0.1,0.3 70.3068
0.4,0.1,0.35 19.5165
0.4,0.1,0.4 0.506521
0.4,0.15,0.05 5.07466
0.4,0.15,0.1 207.887
0.4,0.15,0.15 518.192
0.4,0.15,0.2 203.061
0.4,0.15,0.25 174.723
0.4,0.15,0.3 427.448
0.4,0.15,0.35 97.4383
0.4,0.15,0.4 0.958164
0.4,0.2,0 8.19635e-10
0.4,0.2,0.05 10.5971
0.4,0.2,0.1 182.731
0.4,0.2,0.15 497.489
0.4,0.2,0.2 436.799
0.4,0.2,0.25 505.664
0.4,0.2,0.3 391.136
0.4,0.2,0.35 42.7581
0.4,0.2,0.4 0.317837
0.4,0.25,0 5.78429e-08
0.4,0.25,0.05 87.4434
0.4,0.25,0.1 434.322
0.4,0.25,0.15 511.741
0.4,0.25,0.2 395.418
0.4,0.25,0.25 319.621
0.4,0.25,0.3 236.45
0.4,0.25,0.35 38.0104
0.4,0.25,0.4 2.66523
0.4,0.3,0 1.46477e-07
0.4,0.3,0.05 111.845
0.4,0.3,0.1 470.761
0.4,0.3,0.15 404.385
0.4,0.3,0.2 316.495
0.4,0.3,0.25 409.025
0.4,0.3,0.3 438.55
0.4,0.3,0.35 76.5013
0.4,0.3,0.4 2.43458
0.4,0.3,0.45 0.0819007
0.4,0.35,0 2.86416e-08
0.4,0.35,0.05 60.211
0.4,0.35,0.1 249.253
0.4,0.35,0.15 223.321
0.4,0.35,0.2 239.594
0.4,0.35,0.25 400.703
0.4,0.35,0.3 610.927
0.4,0.35,0.35 109.16
0.4,0.35,0.4 3.83874
0.4,0.35,0.45 0.498411
0.4,0.35,0.5 7.66408e-05
0.4,0.4,0 4.18626e-09
0.4,0.4,0.05 71.1514
0.4,0.4,0.1 321.918
0.4,0.4,0.15 406.646
0.4,0.4,0.2 437.527
0.4,0.4,0.25 151.972
0.4,0.4,0.3 276.321
0.4,0.4,0.35 123.477
0.4,0.4,0.4 113.977
0.4,0.4,0.45 52.0445
0.4,0.4,0.5 0.530953
0.4,0.45,0 1.70109e-09
0.4,0.45,0.05 54.5982
0.4,0.45,0.1 271.359
0.4,0.45,0.15 471.682
0.4,0.45,0.2 579.192
0.4,0.45,0.25 392.051
0.4,0.45,0.3 222.38
0.4,0.45,0.35 488.95
0.4,0.45,0.4 638.791
0.4,0.45,0.45 217
0.4,0.45,0.5 1.8357
0.4,0.5,0 1.32218e-09
0.4,0.5,0.05 55.1685
0.4,0.5,0.1 285.387
0.4,0.5,0.15 436.725
0.4,0.5,0.2 563.729
0.4,0.5,0.25 651.71
0.4,0.5,0.3 259.813
0.4,0.5,0.35 490.829
0.4,0.5,0.4 403.245
0.4,0.5,0.45 82.6802
0.4,0.5,0.5 0.417526
0.4,0.55,0 1.12705e-08
0.4,0.55,0.05 35.7417
0.4,0.55,0.1 206.947
0.4,0.55,0.15 436.175
0.4,0.55,0.2 394.849
0.4,0.55,0.25 386.392
0.4,0.55,0.3 139.235
0.4,0.55,0.35 120.613
0.4,0.55,0.4 72.3269
0.4,0.55,0.45 4.36188
0.4,0.55,0.5 0.00124826
0.4,0.6,0 6.01517e-08
0.4,0.6,0.05 146.874
0.4,0.6,0.1 600.649
0.4,0.6,0.15 366.686
0.4,0.6,0.2 604.322
0.4,0.6,0.25 432.018
0.4,0.6,0.3 326.88
0.4,0.6,0.35 353.609
0.4,0.6,0.4 175.613
0.4,0.6,0.45 4.96141
0.4,0.65,0 2.32439e-08
0.4,0.65,0.05 72.067
0.4,0.65,0.1 290.82
0.4,0.65,0.15 175.643
0.4,0.65,0.2 403.068
0.4,0.65,0.25 189.501
0.4,0.65,0.3 306.532
0.4,0.65,0.35 504.252
0.4,0.65,0.4 184.871
0.4,0.65,0.45 2.32223
0.4,0.7,0 2.16872e-10
0.4,0.7,0.05 17.1986
0.4,0.7,0.1 68.7806
0.4,0.7,0.15 21.0361
0.4,0.7,0.2 20.4631
0.4,0.7,0.25 39.0683
0.4,0.7,0.3 295.852
0.4,0.7,0.35 463.381
0.4,0.7,0.4 125.405
0.4,0.7,0.45 0.240443
0.4,0.75,0 2.05596e-07
0.4,0.75,0.05 21.9332
0.4,0.75,0.1 87.1903
0.4,0.75,0.15 21.6735
0.4,0.75,0.2 0.436285
0.4,0.75,0.25 4.6914
0.4,0.75,0.3 57.3514
0.4,0.75,0.35 62.3591
0.4,0.75,0.4 8.07837
0.4,0.75,0.45 0.011299
0.4,0.8,0 6.64996e-07
0.4,0.8,0.05 68.5247
0.4,0.8,0.1 272.347
0.4,0.8,0.15 67.6515
0.4,0.8,0.2 0.0020093
0.4,0.8,0.25 0.155941
0.4,0.8,0.3 3.12014
0.4,0.8,0.35 2.91215
0.4,0.8,0.4 0.111469
0.4,0.85,0 1.34204e-07
0.4,0.85,0.05 13.8291
0.4,0.85,0.1 54.9628
0.4,0.85,0.15 13.6529
0.45,0.05,0.25 0.00415113
0.45,0.05,0.3 0.565072
0.45,0.05,0.35 1.13296
0.45,0.05,0.4 0.135265
0.45,0.1,0.05 1.28326
0.45,0.1,0.1 49.5537
0.45,0.1,0.15 78.9846
0.45,0.1,0.2 32.9426
0.45,0.1,0.25 23.5004
