0.65,0.5,0.05 93.5836
0.65,0.5,0.1 375.724
0.65,0.5,0.15 286.888
0.65,0.5,0.2 681.177
0.65,0.5,0.25 177.7
0.65,0.5,0.3 1.00495
0.65,0.55,0 7.98967e-11
0.65,0.55,0.05 43.901
0.65,0.55,0.1 182.917
0.65,0.55,0.15 290.358
0.65,0.55,0.2 653.139
0.65,0.55,0.25 202.077
0.65,0.55,0.3 8.44769
0.65,0.6,0 1.89026e-11
0.65,0.6,0.05 39.9308
0.65,0.6,0.1 199.113
0.65,0.6,0.15 363.172
0.65,0.6,0.2 631.257
0.65,0.6,0.25 188.388
0.65,0.6,0.3 5.19096
0.65,0.65,0 8.30426e-13
0.65,0.65,0.05 46.7358
0.65,0.65,0.1 361.104
0.65,0.65,0.15 422.554
0.65,0.65,0.2 296.191
0.65,0.65,0.25 90.5905
0.65,0.65,0.3 1.00351
0.65,0.7,0 1.72209e-12
0.65,0.7,0.05 23.597
0.65,0.7,0.1 282.733
0.65,0.7,0.15 602.446
0.65,0.7,0.2 175.78
0.65,0.7,0.25 9.17292
0.65,0.7,0.3 0.0539754
0.65,0.75,0 3.2965e-10
0.65,0.75,0.05 29.457
0.65,0.75,0.1 312.134
0.65,0.75,0.15 449.577
0.65,0.75,0.2 65.7594
0.65,0.75,0.25 0.39806
0.65,0.8,0 7.41904e-10
0.65,0.8,0.05 74.5654
0.65,0.8,0.1 420.897
0.65,0.8,0.15 305.764
0.65,0.8,0.2 24.6552
0.65,0.8,0.25 0.000217159
0.65,0.85,0 1.7205e-10
0.65,0.85,0.05 77.9176
0.65,0.85,0.1 315.135
0.65,0.85,0.15 84.6108
0.65,0.85,0.2 0.721046
0.65,0.9,0 1.99767e-11
0.65,0.9,0.05 18.789
0.65,0.9,0.1 75.1345
0.65,0.9,0.15 18.7783
0.65,0.95,0 1.57188e-16
0.65,0.95,0.05 0.000184117
0.65,0.95,0.1 0.000736258
0.65,0.95,0.15 0.000184012
0.7,0.1,0.05 0.00023662
0.7,0.1,0.1 0.243367
0.7,0.1,0.15 4.50755
0.7,0.1,0.2 3.9854
0.7,0.1,0.25 0.137337
0.7,0.15,0 1.44708e-14
0.7,0.15,0.05 19.9003
0.7,0.15,0.1 102.025
0.7,0.15,0.15 87.1025
0.7,0.15,0.2 50.4135
0.7,0.15,0.25 4.56979
0.7,0.15,0.3 0.915788
0.7,0.15,0.35 0.000427023
0.7,0.2,0 4.1016e-13
0.7,0.2,0.05 90.6781
0.7,0.2,0.1 470.95
0.7,0.2,0.15 190.609
0.7,0.2,0.2 45.0312
0.7,0.2,0.25 57.7867
0.7,0.2,0.3 18.1806
0.7,0.2,0.35 0.00847742
0.7,0.25,0 4.58364e-13
0.7,0.25,0.05 85.2338
0.7,0.25,0.1 513.814
0.7,0.25,0.15 211.072
0.7,0.25,0.2 50.9641
0.7,0.25,0.25 64.324
0.7,0.25,0.3 17.6162
0.7,0.25,0.35 0.376396
0.7,0.25,0.4 0.00112187
0.7,0.3,0 2.41489e-14
0.7,0.3,0.05 19.8257
0.7,0.3,0.1 143.837
0.7,0.3,0.15 148.976
0.7,0.3,0.2 175.255
0.7,0.3,0.25 51.8941
0.7,0.3,0.3 8.30983
0.7,0.3,0.35 3.14226
0.7,0.3,0.4 0.00956278
0.7,0.35,0 7.25184e-13
0.7,0.35,0.05 47.3483
0.7,0.35,0.1 211.853
0.7,0.35,0.15 125.672
0.7,0.35,0.2 69.4598
0.7,0.35,0.25 13.1229
0.7,0.35,0.3 3.88336
0.7,0.35,0.35 1.59012
0.7,0.35,0.4 0.00483964
0.7,0.4,0 1.27576e-11
0.7,0.4,0.05 152.111
0.7,0.4,0.1 629.518
0.7,0.4,0.15 236.604
0.7,0.4,0.2 44.4585
0.7,0.4,0.25 0.671521
0.7,0.4,0.3 0.0300884
0.7,0.4,0.35 0.0123381
0.7,0.4,0.4 3.75518e-05
0.7,0.45,0 1.48354e-10
0.7,0.45,0.05 108.411
0.7,0.45,0.1 538.17
0.7,0.45,0.15 240.598
0.7,0.45,0.2 62.3248
0.7,0.45,0.25 13.368
0.7,0.45,0.3 0.00434895
0.7,0.5,0 3.34067e-10
0.7,0.5,0.05 110.536
0.7,0.5,0.1 559.038
0.7,0.5,0.15 382.938
0.7,0.5,0.2 299.413
0.7,0.5,0.25 53.6198
0.7,0.5,0.3 0.0102814
0.7,0.55,0 9.63042e-11
0.7,0.55,0.05 88.7956
0.7,0.55,0.1 436.981
0.7,0.55,0.15 446.175
0.7,0.55,0.2 538.916
0.7,0.55,0.25 78.7928
0.7,0.55,0.3 0.0028854
0.7,0.6,0 3.93614e-11
0.7,0.6,0.05 76.5748
0.7,0.6,0.1 343.282
0.7,0.6,0.15 304.542
0.7,0.6,0.2 465.704
0.7,0.6,0.25 69.5879
0.7,0.6,0.3 0.00810899
0.7,0.65,0 1.6194e-12
0.7,0.65,0.05 42.1216
0.7,0.65,0.1 325.817
0.7,0.65,0.15 228.919
0.7,0.65,0.2 84.9493
0.7,0.65,0.25 7.84096
0.7,0.65,0.3 0.00867666
0.7,0.7,0 3.08274e-14
0.7,0.7,0.05 12.8043
0.7,0.7,0.1 146.305
0.7,0.7,0.15 407.305
0.7,0.7,0.2 276.516
0.7,0.7,0.25 13.0708
0.7,0.7,0.3 0.000484118
0.7,0.75,0 6.0956e-12
0.7,0.75,0.05 1.16523
0.7,0.75,0.1 81.2811
0.7,0.75,0.15 234.724
0.7,0.75,0.2 105.201
0.7,0.75,0.25 4.46735
0.7,0.8,0 2.01839e-09
0.7,0.8,0.05 11.858
0.7,0.8,0.1 99.6427
0.7,0.8,0.15 110.754
0.7,0.8,0.2 10.6443
0.7,0.8,0.25 0.00397989
0.7,0.85,0 8.01202e-09
0.7,0.85,0.05 41.297
0.7,0.85,0.1 166.441
0.7,0.85,0.15 44.0535
0.7,0.85,0.2 0.30955
0.7,0.9,0 2.00013e-09
0.7,0.9,0.05 10.3149
0.7,0.9,0.1 41.1903
0.7,0.9,0.15 10.2803
0.7,0.95,0 5.43256e-18
0.7,0.95,0.05 6.36324e-06
0.7,0.95,0.1 2.54457e-05
0.7,0.95,0.15 6.35962e-06
0.75,0.1,0.05 0.000136365
0.75,0.1,0.1 0.000678565
0.75,0.1,0.15 0.000210658
0.75,0.1,0.2 6.53098e-08
0.75,0.15,0.05 11.4511
0.75,0.15,0.1 56.9816
0.75,0.15,0.15 17.6898
0.75,0.15,0.2 0.00548431
0.75,0.2,0.05 46.8808
0.75,0.2,0.1 238.106
0.75,0.2,0.15 75.6691
0.75,0.2,0.2 0.0388081
0.75,0.25,0.05 27.5477
0.75,0.25,0.1 157.402
0.75,0.25,0.15 56.2484
0.75,0.25,0.2 0.136812
0.75,0.25,0.25 0.0180818
0.75,0.25,0.3 1.14459e-05
0.75,0.3,0.05 4.93024
0.75,0.3,0.1 29.622
0.75,0.3,0.15 11.3737
0.75,0.3,0.2 0.406814
0.75,0.3,0.25 0.0749997
0.75,0.3,0.3 4.5984e-05
0.75,0.35,0 3.32579e-13
0.75,0.35,0.05 53.7813
0.75,0.35,0.1 227.943
0.75,0.35,0.15 189.085
0.75,0.35,0.2 82.2658
0.75,0.35,0.25 1.18036
0.75,0.35,0.3 1.15463e-05
0.75,0.4,0 1.63884e-12
0.75,0.4,0.05 137.854
0.75,0.4,0.1 600.632
0.75,0.4,0.15 506.821
0.75,0.4,0.2 215.21
0.75,0.4,0.25 3.03543
0.75,0.4,0.3 3.55106e-14
0.75,0.45,0 1.48092e-11
0.75,0.45,0.05 45.2947
0.75,0.45,0.1 383.344
0.75,0.45,0.15 345.664
0.75,0.45,0.2 85.7068
0.75,0.45,0.25 2.03487
0.75,0.5,0 3.97283e-11
0.75,0.5,0.05 25.1634
0.75,0.5,0.1 354.156
0.75,0.5,0.15 631.088
0.75,0.5,0.2 289.86
0.75,0.5,0.25 9.74302
0.75,0.55,0 1.35045e-11
0.75,0.55,0.05 24.5694
0.75,0.55,0.1 293.54
0.75,0.55,0.15 485.037
0.75,0.55,0.2 226.98
0.75,0.55,0.25 16.8339
0.75,0.6,0 6.74582e-12
0.75,0.6,0.05 29.3861
0.75,0.6,0.1 137.97
0.75,0.6,0.15 119.427
0.75,0.6,0.2 129.647
0.75,0.6,0.25 16.4198
0.75,0.65,0 4.06947e-13
0.75,0.65,0.05 14.0526
0.75,0.65,0.1 66.3931
0.75,0.65,0.15 57.5946
0.75,0.65,0.2 46.1073
0.75,0.65,0.25 3.09354
0.75,0.7,0 6.07228e-15
0.75,0.7,0.05 1.2841
0.75,0.7,0.1 14.4075
0.75,0.7,0.15 188.318
0.75,0.7,0.2 210.355
0.75,0.7,0.25 11.4153
0.75,0.75,0 2.65197e-11
0.75,0.75,0.05 0.117275
0.75,0.75,0.1 2.88314
0.75,0.75,0.15 63.9831
0.75,0.75,0.2 72.1564
0.75,0.75,0.25 3.91348
0.75,0.8,0 6.47176e-09
0.75,0.8,0.05 30.6472
0.75,0.8,0.1 122.573
0.75,0.8,0.15 30.9747
0.75,0.8,0.2 0.104894
0.75,0.8,0.25 0.00348646
0.75,0.85,0 2.26947e-08
0.75,0.85,0.05 108.816
0.75,0.85,0.1 434.497
0.75,0.85,0.15 108.441
0.75,0.85,0.2 0.00119083
0.75,0.9,0 5.3693e-09
0.75,0.9,0.05 25.8896
0.75,0.9,0.1 103.375
0.75,0.9,0.15 25.7978
0.8,0.05,0 1.96048e-11
0.8,0.05,0.05 1.15495
0.8,0.05,0.1 4.61623
0.8,0.05,0.15 1.15317
0.8,0.1,0 2.31151e-10
0.8,0.1,0.05 13.6174
0.8,0.1,0.1 54.4276
0.8,0.1,0.15 13.5964
0.8,0.1,0.2 7.86111e-10
0.8,0.15,0 1.50684e-10
0.8,0.15,0.05 9.01486
0.8,0.15,0.1 36.1666
0.8,0.15,0.15 9.07627
0.8,0.15,0.2 6.60127e-05
0.8,0.2,0 2.58221e-12
0.8,0.2,0.05 0.666183
0.8,0.2,0.1 3.16607
0.8,0.2,0.15 0.946042
0.8,0.2,0.2 0.000246341
0.8,0.25,0.05 0.119954
0.8,0.25,0.1 0.597076
0.8,0.25,0.15 0.185424
0.8,0.25,0.2 5.80417e-05
0.8,0.3,0.05 0.0399435
0.8,0.3,0.1 0.167869
0.8,0.3,0.15 0.123854
0.8,0.3,0.2 0.0509359
0.8,0.3,0.25 0.00072002
0.8,0.35,0 3.70978e-14
0.8,0.35,0.05 6.23221
0.8,0.35,0.1 28.8063
0.8,0.35,0.15 47.5599
0.8,0.35,0.2 25.1248
0.8,0.35,0.25 0.355161
0.8,0.4,0 9.25224e-13
0.8,0.4,0.05 17.7765
0.8,0.4,0.1 82.9666
0.8,0.4,0.15 127.442
0.8,0.4,0.2 65.6784
0.8,0.4,0.25 0.927676
0.8,0.45,0 2.13405e-12
0.8,0.45,0.05 9.0217
0.8,0.45,0.1 60.2189
0.8,0.45,0.15 66.7418
0.8,0.45,0.2 27.9677
0.8,0.45,0.25 0.718888
0.8,0.5,0 2.57481e-12
0.8,0.5,0.05 5.27749
0.8,0.5,0.1 57.1318
0.8,0.5,0.15 157.088
0.8,0.5,0.2 101.562
0.8,0.5,0.25 3.37301
0.8,0.55,0 1.29552e-11
0.8,0.55,0.05 74.2614
0.8,0.55,0.1 326.512
0.8,0.55,0.15 159.165
0.8,0.55,0.2 40.2936
0.8,0.55,0.25 1.28418
0.8,0.6,0 1.35796e-11
0.8,0.6,0.05 141.475
0.8,0.6,0.1 568.494
0.8,0.6,0.15 145.967
0.8,0.6,0.2 0.867081
0.8,0.6,0.25 0.0608269
0.8,0.65,0 1.51337e-12
0.8,0.65,0.05 76.9784
0.8,0.65,0.1 307.93
0.8,0.65,0.15 78.1143
0.8,0.65,0.2 1.31846
0.8,0.65,0.25 0.0736861
0.8,0.7,0 2.27173e-13
0.8,0.7,0.05 4.71673
0.8,0.7,0.1 19.078
0.8,0.7,0.15 10.9671
0.8,0.7,0.2 7.11337
0.8,0.7,0.25 0.386122
0.8,0.75,0 2.78316e-10
0.8,0.75,0.05 1.40664
0.8,0.75,0.1 5.69048
0.8,0.75,0.15 3.54523
0.8,0.75,0.2 2.43866
0.8,0.75,0.25 0.132373
0.8,0.8,0 1.35993e-08
0.8,0.8,0.05 59.6748
0.8,0.8,0.1 238.268
0.8,0.8,0.15 59.4785
0.8,0.8,0.2 0.00811299
0.8,0.8,0.25 0.000119453
0.8,0.85,0 2.1173e-08
0.8,0.85,0.05 93.7068
0.8,0.85,0.1 374.193
0.8,0.85,0.15 93.604
0.8,0.85,0.2 0.072902
0.8,0.85,0.25 1.86957e-05
0.8,0.9,0 2.16719e-09
0.8,0.9,0.05 9.81897
0.8,0.9,0.1 39.2374
0.8,0.9,0.15 9.9433
0.8,0.9,0.2 0.0489258
0.8,0.9,0.25 1.2547e-05
0.8,0.95,0.1 0.000602583
0.8,0.95,0.15 0.00295577
0.8,0.95,0.2 0.000904822
0.8,0.95,0.25 2.32041e-07
0.85,0.05,0 1.24806e-10
0.85,0.05,0.05 7.35247
0.85,0.05,0.1 29.3872
0.85,0.05,0.15 7.34114
0.85,0.1,0 1.47152e-09
0.85,0.1,0.05 86.6892
0.85,0.1,0.1 346.489
0.85,0.1,0.15 86.5556
0.85,0.15,0 9.59267e-10
0.85,0.15,0.05 56.5117
0.85,0.15,0.1 225.873
0.85,0.15,0.15 56.4246
0.85,0.2,0 1.64385e-11
0.85,0.2,0.05 0.968414
0.85,0.2,0.1 3.87067
0.85,0.2,0.15 0.966922
0.85,0.3,0.1 1.95354e-06
0.85,0.3,0.15 2.09857e-05
0.85,0.3,0.2 1.2763e-05
0.85,0.3,0.25 1.80416e-07
0.85,0.35,0 4.30814e-13
0.85,0.35,0.05 2.43176
0.85,0.35,0.1 9.72634
0.85,0.35,0.15 2.44128
0.85,0.35,0.2 0.00629557
0.85,0.35,0.25 8.89932e-05
0.85,0.4,0 1.25996e-11
0.85,0.4,0.05 62.3774
0.85,0.4,0.1 249.469
0.85,0.4,0.15 62.3831
0.85,0.4,0.2 0.0164439
0.85,0.4,0.25 0.000232449
0.85,0.45,0 1.32293e-10
0.85,0.45,0.05 92.5153
0.85,0.45,0.1 369.966
0.85,0.45,0.15 92.5022
0.85,0.45,0.2 0.0302916
0.85,0.45,0.25 0.000978531
0.85,0.5,0 2.03083e-10
0.85,0.5,0.05 49.6574
0.85,0.5,0.1 198.547
0.85,0.5,0.15 49.7975
0.85,0.5,0.2 0.163695
0.85,0.5,0.25 0.00557321
0.85,0.55,0 2.50876e-11
0.85,0.55,0.05 37.5337
0.85,0.55,0.1 150.108
0.85,0.55,0.15 37.5868
0.85,0.55,0.2 0.0600371
0.85,0.55,0.25 0.00204405
0.85,0.6,0 6.1264e-12
0.85,0.6,0.05 61.2836
0.85,0.6,0.1 245.105
0.85,0.6,0.15 61.269
0.85,0.6,0.2 9.11418e-05
0.85,0.6,0.25 3.10305e-06
0.85,0.65,0 4.26584e-12
0.85,0.65,0.05 57.2783
0.85,0.65,0.1 229.088
0.85,0.65,0.15 57.2658
0.85,0.7,0 8.47068e-12
0.85,0.7,0.05 60.7193
0.85,0.7,0.1 242.84
0.85,0.7,0.15 60.7005
0.85,0.75,0 1.79695e-10
0.85,0.75,0.05 10.525
0.85,0.75,0.1 42.0858
0.85,0.75,0.15 10.5179
0.85,0.8,0 7.95205e-09
0.85,0.8,0.05 72.5733
0.85,0.8,0.1 292.101
0.85,0.8,0.15 82.9379
0.85,0.8,0.2 3.22476
0.85,0.8,0.25 0.000826989
0.85,0.85,0 1.09868e-08
0.85,0.85,0.05 89.5657
0.85,0.85,0.1 384.174
0.85,0.85,0.15 218.622
0.85,0.85,0.2 39.5748
0.85,0.85,0.25 0.0101489
0.85,0.9,0 8.06315e-10
0.85,0.9,0.05 5.64828
0.85,0.9,0.1 40.2502
0.85,0.9,0.15 92.3942
0.85,0.9,0.2 26.5593
0.85,0.9,0.25 0.00681114
0.85,0.95,0.1 0.327112
0.85,0.95,0.15 1.60454
0.85,0.95,0.2 0.491182
0.85,0.95,0.25 0.000125963
0.9,0.05,0 4.89436e-11
0.9,0.05,0.05 2.88334
0.9,0.05,0.1 11.5245
0.9,0.05,0.15 2.87889
0.9,0.1,0 5.77069e-10
0.9,0.1,0.05 33.9959
0.9,0.1,0.1 135.879
0.9,0.1,0.15 33.9435
0.9,0.15,0 3.76185e-10
0.9,0.15,0.05 22.1616
0.9,0.15,0.1 88.578
0.9,0.15,0.15 22.1274
0.9,0.2,0 6.4465e-12
0.9,0.2,0.05 0.379772
0.9,0.2,0.1 1.51792
0.9,0.2,0.15 0.379187
0.9,0.35,0 2.8784e-13
0.9,0.35,0.05 1.62473
0.9,0.35,0.1 6.49782
0.9,0.35,0.15 1.62418
0.9,0.4,0 1.0326e-11
0.9,0.4,0.05 42.1018
0.9,0.4,0.1 168.378
0.9,0.4,0.15 42.0871
0.9,0.45,0 2.31169e-10
0.9,0.45,0.05 93.6578
0.9,0.45,0.1 374.503
0.9,0.45,0.15 93.5937
0.9,0.5,0 3.74855e-10
0.9,0.5,0.05 85.6346
0.9,0.5,0.1 342.372
0.9,0.5,0.15 85.5513
0.9,0.55,0 3.57798e-11
0.9,0.55,0.05 8.13557
0.9,0.55,0.1 32.5264
0.9,0.55,0.15 8.12763
0.9,0.6,0 4.9626e-14
0.9,0.6,0.05 0.390584
0.9,0.6,0.1 1.56212
0.9,0.6,0.15 0.390474
0.9,0.65,0 5.07433e-12
0.9,0.65,0.05 35.6869
0.9,0.65,0.1 142.725
0.9,0.65,0.15 35.6757
0.9,0.7,0 1.17393e-11
0.9,0.7,0.05 82.3675
0.9,0.7,0.1 329.418
0.9,0.7,0.15 82.3416
0.9,0.75,0 2.30819e-11
0.9,0.75,0.05 13.8493
0.9,0.75,0.1 55.3843
0.9,0.75,0.15 13.8429
0.9,0.8,0 6.31785e-10
0.9,0.8,0.05 61.7132
0.9,0.8,0.1 252.391
0.9,0.8,0.15 89.5607
0.9,0.8,0.2 8.54826
0.9,0.8,0.25 0.0021922
0.9,0.85,0 7.26178e-10
0.9,0.85,0.05 68.1559
0.9,0.85,0.1 342.316
0.9,0.85,0.15 410.765
0.9,0.85,0.2 104.906
0.9,0.85,0.25 0.026903
0.9,0.9,0 4.0616e-11
0.9,0.9,0.05 3.52351
0.9,0.9,0.1 60.9721
0.9,0.9,0.15 233.508
0.9,0.9,0.2 70.4041
0.9,0.9,0.25 0.0180551
0.9,0.95,0.1 0.867115
0.9,0.95,0.15 4.25335
0.9,0.95,0.2 1.30204
0.9,0.95,0.25 0.000333907
0.95,0.05,0 1.15116e-13
0.95,0.05,0.05 0.00678165
0.95,0.05,0.1 0.0271057
0.95,0.05,0.15 0.0067712
0.95,0.1,0 1.35728e-12
0.95,0.1,0.05 0.079959
0.95,0.1,0.1 0.319589
0.95,0.1,0.15 0.0798357
0.95,0.15,0 8.84793e-13
0.95,0.15,0.05 0.0521244
0.95,0.15,0.1 0.208337
0.95,0.15,0.15 0.052044
0.95,0.2,0 1.51623e-14
0.95,0.2,0.05 0.000893231
0.95,0.2,0.1 0.00357017
0.95,0.2,0.15 0.000891854
0.95,0.35,0 5.26218e-15
0.95,0.35,0.05 0.0297027
0.95,0.35,0.1 0.118791
0.95,0.35,0.15 0.0296926
0.95,0.4,0 4.57584e-13
0.95,0.4,0.05 0.829643
0.95,0.4,0.1 3.31792
0.95,0.4,0.15 0.829315
0.95,0.45,0 2.43438e-11
0.95,0.45,0.05 6.19923
0.95,0.45,0.1 24.7857
0.95,0.45,0.15 6.19362
0.95,0.5,0 4.05751e-11
0.95,0.5,0.05 9.08676
0.95,0.5,0.1 36.3291
0.95,0.5,0.15 9.0778
0.95,0.55,0 3.87302e-12
0.95,0.55,0.05 0.863833
0.95,0.55,0.1 3.45362
0.95,0.55,0.15 0.862979
0.95,0.6,0 1.48447e-15
0.95,0.6,0.05 0.0104151
0.95,0.6,0.1 0.041654
0.95,0.6,0.15 0.0104119
0.95,0.65,0 3.7401e-13
0.95,0.65,0.05 2.62407
0.95,0.65,0.1 10.4946
0.95,0.65,0.15 2.62325
0.95,0.7,0 8.6566e-13
0.95,0.7,0.05 6.07352
0.95,0.7,0.1 24.2903
0.95,0.7,0.15 6.07161
0.95,0.75,0 1.75853e-12
0.95,0.75,0.05 1.04604
0.95,0.75,0.1 4.18317
0.95,0.75,0.15 1.04554
0.95,0.8,0 4.51572e-11
0.95,0.8,0.05 5.22184
0.95,0.8,0.1 21.8072
0.95,0.8,0.15 9.79022
0.95,0.8,0.2 1.40044
0.95,0.8,0.25 0.000359142
0.95,0.85,0 4.97777e-11
0.95,0.85,0.05 5.75614
0.95,0.85,0.1 34.456
0.95,0.85,0.15 61.8918
0.95,0.85,0.2 17.1864
0.95,0.85,0.25 0.00440745
0.95,0.9,0 2.56326e-12
0.95,0.9,0.05 0.296408
0.95,0.9,0.1 8.86626
0.95,0.9,0.15 37.9745
0.95,0.9,0.2 11.5341
0.95,0.9,0.25 0.00295792
0.95,0.95,0.1 0.142057
0.95,0.95,0.15 0.696815
0.95,0.95,0.2 0.213309
0.95,0.95,0.25 5.4703e-05
