0.7,0.85,0.5 0.626219
0.7,0.85,0.55 0.00340521
0.7,0.9,0.2 0.00033154
0.7,0.9,0.25 0.00685212
0.7,0.9,0.3 0.2035
0.7,0.9,0.35 0.563042
0.7,0.9,0.4 0.96717
0.7,0.9,0.45 0.191556
0.75,0.1,0.2 0.00281684
0.75,0.1,0.25 0.0196539
0.75,0.1,0.3 0.00837311
0.75,0.1,0.35 3.10063e-05
0.75,0.1,0.5 0.0049583
0.75,0.1,0.55 0.113187
0.75,0.1,0.6 0.112715
0.75,0.1,0.65 0.00486385
0.75,0.15,0.2 8.70794
0.75,0.15,0.25 60.771
0.75,0.15,0.3 33.2306
0.75,0.15,0.35 25.2572
0.75,0.15,0.4 12.2933
0.75,0.15,0.45 4.65271
0.75,0.15,0.5 4.93641
0.75,0.15,0.55 104.625
0.75,0.15,0.6 130.589
0.75,0.15,0.65 90.7691
0.75,0.15,0.7 19.798
0.75,0.15,0.75 0.00312105
0.75,0.15,0.8 8.21078e-06
0.75,0.2,0.1 0.0584139
0.75,0.2,0.15 10.7236
0.75,0.2,0.2 51.1342
0.75,0.2,0.25 217.319
0.75,0.2,0.3 266.626
0.75,0.2,0.35 351.465
0.75,0.2,0.4 262.626
0.75,0.2,0.45 177.305
0.75,0.2,0.5 53.4678
0.75,0.2,0.55 358.917
0.75,0.2,0.6 488.321
0.75,0.2,0.65 456.201
0.75,0.2,0.7 148.508
0.75,0.2,0.75 20.0058
0.75,0.2,0.8 0.0526303
0.75,0.25,0.1 0.813198
0.75,0.25,0.15 149.654
0.75,0.25,0.2 341.724
0.75,0.25,0.25 263.52
0.75,0.25,0.3 632.929
0.75,0.25,0.35 952.739
0.75,0.25,0.4 728.277
0.75,0.25,0.45 582.979
0.75,0.25,0.5 242.419
0.75,0.25,0.55 308.641
0.75,0.25,0.6 356.049
0.75,0.25,0.65 511.91
0.75,0.25,0.7 286.859
0.75,0.25,0.75 72.3356
0.75,0.25,0.8 0.384764
0.75,0.3,0.1 0.59902
0.75,0.3,0.15 118.417
0.75,0.3,0.2 322.538
0.75,0.3,0.25 490.172
0.75,0.3,0.3 531.54
0.75,0.3,0.35 550.514
0.75,0.3,0.4 606.729
0.75,0.3,0.45 750.995
0.75,0.3,0.5 310.504
0.75,0.3,0.55 296.156
0.75,0.3,0.6 279.652
0.75,0.3,0.65 395.46
0.75,0.3,0.7 264.395
0.75,0.3,0.75 173.142
0.75,0.3,0.8 14.7329
0.75,0.35,0.05 0.000575929
0.75,0.35,0.1 0.307704
0.75,0.35,0.15 130.881
0.75,0.35,0.2 449.589
0.75,0.35,0.25 579.848
0.75,0.35,0.3 685.685
0.75,0.35,0.35 310.284
0.75,0.35,0.4 432.818
0.75,0.35,0.45 380.721
0.75,0.35,0.5 135.704
0.75,0.35,0.55 279.05
0.75,0.35,0.6 389.273
0.75,0.35,0.65 400.448
0.75,0.35,0.7 346.257
0.75,0.35,0.75 336.302
0.75,0.35,0.8 33.9366
0.75,0.4,0.05 0.0156952
0.75,0.4,0.1 4.39505
0.75,0.4,0.15 158.036
0.75,0.4,0.2 444.805
0.75,0.4,0.25 309.715
0.75,0.4,0.3 536.509
0.75,0.4,0.35 602.431
0.75,0.4,0.4 830.732
0.75,0.4,0.45 402.939
0.75,0.4,0.5 141.271
0.75,0.4,0.55 219.439
0.75,0.4,0.6 309.891
0.75,0.4,0.65 324.138
0.75,0.4,0.7 259.503
0.75,0.4,0.75 246.169
0.75,0.4,0.8 15.9764
0.75,0.45,0.05 0.05983
0.75,0.45,0.1 37.1757
0.75,0.45,0.15 305.793
0.75,0.45,0.2 360.533
0.75,0.45,0.25 289.431
0.75,0.45,0.3 505.952
0.75,0.45,0.35 624.047
0.75,0.45,0.4 447.262
0.75,0.45,0.45 237.119
0.75,0.45,0.5 226.152
0.75,0.45,0.55 143.066
0.75,0.45,0.6 310.888
0.75,0.45,0.65 422.203
0.75,0.45,0.7 276.702
0.75,0.45,0.75 106.114
0.75,0.45,0.8 3.0237
0.75,0.5,0.05 3.03243
0.75,0.5,0.1 113.231
0.75,0.5,0.15 516.469
0.75,0.5,0.2 561.953
0.75,0.5,0.25 573.848
0.75,0.5,0.3 474.766
0.75,0.5,0.35 750.599
0.75,0.5,0.4 592.849
0.75,0.5,0.45 432.475
0.75,0.5,0.5 519.869
0.75,0.5,0.55 475.152
0.75,0.5,0.6 697.327
0.75,0.5,0.65 409.986
0.75,0.5,0.7 661.038
0.75,0.5,0.75 297.29
0.75,0.5,0.8 5.86863
0.75,0.55,0.05 5.08748
0.75,0.55,0.1 102.053
0.75,0.55,0.15 257.024
0.75,0.55,0.2 346.377
0.75,0.55,0.25 537.755
0.75,0.55,0.3 471.754
0.75,0.55,0.35 694.14
0.75,0.55,0.4 403.445
0.75,0.55,0.45 423.612
0.75,0.55,0.5 287.758
0.75,0.55,0.55 691.909
0.75,0.55,0.6 703.979
0.75,0.55,0.65 284.059
0.75,0.55,0.7 512.471
0.75,0.55,0.75 380.122
0.75,0.55,0.8 28.6665
0.75,0.6,0.05 2.84754
0.75,0.6,0.1 45.4991
0.75,0.6,0.15 230.915
0.75,0.6,0.2 198.27
0.75,0.6,0.25 424.979
0.75,0.6,0.3 850.983
0.75,0.6,0.35 684.708
0.75,0.6,0.4 195.701
0.75,0.6,0.45 220.826
0.75,0.6,0.5 249.918
0.75,0.6,0.55 518.922
0.75,0.6,0.6 511.609
0.75,0.6,0.65 297.2
0.75,0.6,0.7 175.449
0.75,0.6,0.75 141.676
0.75,0.6,0.8 15.4629
0.75,0.65,0.05 3.661
0.75,0.65,0.1 36.1898
0.75,0.65,0.15 39.4167
0.75,0.65,0.2 18.1139
0.75,0.65,0.25 192.524
0.75,0.65,0.3 714.619
0.75,0.65,0.35 687.918
0.75,0.65,0.4 201.756
0.75,0.65,0.45 235.237
0.75,0.65,0.5 290.422
0.75,0.65,0.55 319.595
0.75,0.65,0.6 282.269
0.75,0.65,0.65 293.075
0.75,0.65,0.7 238.18
0.75,0.65,0.75 104.656
0.75,0.65,0.8 1.1862
0.75,0.7,0.05 0.313594
0.75,0.7,0.1 2.97744
0.75,0.7,0.15 1.64495
0.75,0.7,0.2 0.0949616
0.75,0.7,0.25 8.97104
0.75,0.7,0.3 78.6719
0.75,0.7,0.35 268.312
0.75,0.7,0.4 283.761
0.75,0.7,0.45 579.631
0.75,0.7,0.5 325.582
0.75,0.7,0.55 231.025
0.75,0.7,0.6 634.175
0.75,0.7,0.65 530.352
0.75,0.7,0.7 391.619
0.75,0.7,0.75 189.254
0.75,0.7,0.8 1.86571
0.75,0.75,0.2 13.9563
0.75,0.75,0.25 82.0641
0.75,0.75,0.3 60.4689
0.75,0.75,0.35 199.316
0.75,0.75,0.4 552.024
0.75,0.75,0.45 483.887
0.75,0.75,0.5 265.829
0.75,0.75,0.55 371.344
0.75,0.75,0.6 519.544
0.75,0.75,0.65 307.93
0.75,0.75,0.7 52.1522
0.75,0.75,0.75 20.3575
0.75,0.75,0.8 0.198639
0.75,0.8,0.2 65.7031
0.75,0.8,0.25 387.564
0.75,0.8,0.3 302.679
0.75,0.8,0.35 474.709
0.75,0.8,0.4 863.542
0.75,0.8,0.45 313.799
0.75,0.8,0.5 35.9772
0.75,0.8,0.55 54.511
0.75,0.8,0.6 49.9233
0.75,0.8,0.65 23.2385
0.75,0.8,0.7 0.768499
0.75,0.85,0.2 19.3178
0.75,0.85,0.25 114.407
0.75,0.85,0.3 104.35
0.75,0.85,0.35 149.151
0.75,0.85,0.4 241.86
0.75,0.85,0.45 66.5964
0.75,0.85,0.5 0.330285
0.75,0.9,0.2 0.00264112
0.75,0.9,0.25 0.0196353
0.75,0.9,0.3 0.17001
0.75,0.9,0.35 0.699101
0.75,0.9,0.4 1.57076
0.75,0.9,0.45 0.314186
0.8,0.05,0.35 0.00782735
0.8,0.05,0.4 2.1069
0.8,0.05,0.45 4.94225
0.8,0.05,0.5 0.70782
0.8,0.1,0.2 2.84284e-05
0.8,0.1,0.25 0.000198353
0.8,0.1,0.3 8.45041e-05
0.8,0.1,0.35 0.086891
0.8,0.1,0.4 23.3885
0.8,0.1,0.45 54.8635
0.8,0.1,0.5 7.85753
0.8,0.1,0.55 0.00197955
0.8,0.1,0.6 0.00197129
0.8,0.1,0.65 8.50646e-05
0.8,0.15,0.2 0.0878834
0.8,0.15,0.25 0.72622
0.8,0.15,0.3 0.90375
0.8,0.15,0.35 0.416648
0.8,0.15,0.4 16.3591
0.8,0.15,0.45 39.2981
0.8,0.15,0.5 8.52357
0.8,0.15,0.55 58.8031
0.8,0.15,0.6 68.8023
0.8,0.15,0.65 22.8999
0.8,0.15,0.7 4.06124
0.8,0.15,0.75 1.42364e-05
0.8,0.15,0.8 3.74526e-08
0.8,0.2,0.1 0.0160797
0.8,0.2,0.15 2.95189
0.8,0.2,0.2 6.66658
0.8,0.2,0.25 34.2932
0.8,0.2,0.3 141.049
0.8,0.2,0.35 71.2295
0.8,0.2,0.4 170.982
0.8,0.2,0.45 301.697
0.8,0.2,0.5 196.413
0.8,0.2,0.55 331.504
0.8,0.2,0.6 382.575
0.8,0.2,0.65 313.099
0.8,0.2,0.7 57.2451
0.8,0.2,0.75 0.0912699
0.8,0.2,0.8 0.000240068
0.8,0.25,0.1 0.22385
0.8,0.25,0.15 44.7319
0.8,0.25,0.2 136.245
0.8,0.25,0.25 195.991
0.8,0.25,0.3 468.089
0.8,0.25,0.35 413.737
0.8,0.25,0.4 677.711
0.8,0.25,0.45 666.698
0.8,0.25,0.5 502.809
0.8,0.25,0.55 501.809
0.8,0.25,0.6 376.609
0.8,0.25,0.65 346.315
0.8,0.25,0.7 75.6927
0.8,0.25,0.75 14.3319
0.8,0.25,0.8 0.471591
0.8,0.3,0.1 0.164597
0.8,0.3,0.15 63.3516
0.8,0.3,0.2 418.389
0.8,0.3,0.25 602.224
0.8,0.3,0.3 529.279
0.8,0.3,0.35 467.746
0.8,0.3,0.4 750.793
0.8,0.3,0.45 577.752
0.8,0.3,0.5 495.802
0.8,0.3,0.55 641.276
0.8,0.3,0.6 785.86
0.8,0.3,0.65 451.279
0.8,0.3,0.7 287.713
0.8,0.3,0.75 221.884
0.8,0.3,0.8 7.54164
0.8,0.35,0.1 0.0152548
0.8,0.35,0.15 97.0353
0.8,0.35,0.2 503.058
0.8,0.35,0.25 837.83
0.8,0.35,0.3 902.908
0.8,0.35,0.35 554.466
0.8,0.35,0.4 480.273
0.8,0.35,0.45 550.225
0.8,0.35,0.5 417.417
0.8,0.35,0.55 724.23
0.8,0.35,0.6 742.116
0.8,0.35,0.65 578.956
0.8,0.35,0.7 361.872
0.8,0.35,0.75 266.848
0.8,0.35,0.8 11.186
0.8,0.4,0.05 1.02722e-07
0.8,0.4,0.1 0.368006
0.8,0.4,0.15 81.0483
0.8,0.4,0.2 299.405
0.8,0.4,0.25 430.087
0.8,0.4,0.3 524.233
0.8,0.4,0.35 558.124
0.8,0.4,0.4 387.738
0.8,0.4,0.45 365.331
0.8,0.4,0.5 429.847
0.8,0.4,0.55 478.626
0.8,0.4,0.6 478.779
0.8,0.4,0.65 471.398
0.8,0.4,0.7 292.284
0.8,0.4,0.75 235.484
0.8,0.4,0.8 13.154
0.8,0.4,0.85 1.24195
0.8,0.4,0.9 1.85162
0.8,0.4,0.95 0.150998
0.8,0.45,0.05 0.000194187
0.8,0.45,0.1 7.51815
0.8,0.45,0.15 262.043
0.8,0.45,0.2 433.551
0.8,0.45,0.25 221.593
0.8,0.45,0.3 376.414
0.8,0.45,0.35 354.848
0.8,0.45,0.4 471.946
0.8,0.45,0.45 493.677
0.8,0.45,0.5 400.847
0.8,0.45,0.55 371.025
0.8,0.45,0.6 355.779
0.8,0.45,0.65 645.027
0.8,0.45,0.7 318.99
0.8,0.45,0.75 113.151
0.8,0.45,0.8 3.60286
0.8,0.45,0.85 13.7513
0.8,0.45,0.9 20.5017
0.8,0.45,0.95 1.67189
0.8,0.5,0.05 0.00117361
0.8,0.5,0.1 9.92351
0.8,0.5,0.15 223.584
0.8,0.5,0.2 543.604
0.8,0.5,0.25 629.207
0.8,0.5,0.3 308.449
0.8,0.5,0.35 326.093
0.8,0.5,0.4 539.337
0.8,0.5,0.45 528.315
0.8,0.5,0.5 459.692
0.8,0.5,0.55 590.755
0.8,0.5,0.6 576.339
0.8,0.5,0.65 265.483
0.8,0.5,0.7 363.161
0.8,0.5,0.75 218.451
0.8,0.5,0.8 7.21862
0.8,0.5,0.85 8.55638
0.8,0.5,0.9 12.7566
0.8,0.5,0.95 1.04029
0.8,0.55,0.05 0.342476
0.8,0.55,0.1 4.47615
0.8,0.55,0.15 42.061
0.8,0.55,0.2 365.899
0.8,0.55,0.25 575.934
0.8,0.55,0.3 371.829
0.8,0.55,0.35 590.768
0.8,0.55,0.4 452.497
0.8,0.55,0.45 564.059
0.8,0.55,0.5 700.26
0.8,0.55,0.55 763.006
0.8,0.55,0.6 493.104
0.8,0.55,0.65 300.062
0.8,0.55,0.7 348.903
0.8,0.55,0.75 330.31
0.8,0.55,0.8 38.8812
0.8,0.55,0.85 0.129082
0.8,0.55,0.9 0.192448
0.8,0.55,0.95 0.0156939
0.8,0.6,0.05 20.311
0.8,0.6,0.1 193.419
0.8,0.6,0.15 123.613
0.8,0.6,0.2 90.7033
0.8,0.6,0.25 310.647
0.8,0.6,0.3 725.597
0.8,0.6,0.35 638.305
0.8,0.6,0.4 393.411
0.8,0.6,0.45 469.082
0.8,0.6,0.5 583.611
0.8,0.6,0.55 674.056
0.8,0.6,0.6 486.288
0.8,0.6,0.65 544.089
0.8,0.6,0.7 378.099
0.8,0.6,0.75 167.79
0.8,0.6,0.8 21.3699
0.8,0.65,0.05 31.386
0.8,0.65,0.1 298.481
0.8,0.65,0.15 166.982
0.8,0.65,0.2 10.261
0.8,0.65,0.25 107.313
0.8,0.65,0.3 656.713
0.8,0.65,0.35 650.409
0.8,0.65,0.4 259.409
0.8,0.65,0.45 352.262
0.8,0.65,0.5 525.823
0.8,0.65,0.55 690.425
0.8,0.65,0.6 379.494
0.8,0.65,0.65 326.405
0.8,0.65,0.7 221.174
0.8,0.65,0.75 33.1247
0.8,0.65,0.8 0.526073
0.8,0.7,0.05 2.69276
0.8,0.7,0.1 26.5555
0.8,0.7,0.15 16.4448
0.8,0.7,0.2 0.588431
0.8,0.7,0.25 9.16834
0.8,0.7,0.3 90.0488
0.8,0.7,0.35 165.091
0.8,0.7,0.4 211.395
0.8,0.7,0.45 634.69
0.8,0.7,0.5 491.422
0.8,0.7,0.55 571.214
0.8,0.7,0.6 496.658
0.8,0.7,0.65 193.723
0.8,0.7,0.7 112.893
0.8,0.7,0.75 53.8177
0.8,0.7,0.8 0.540819
0.8,0.75,0.05 0.000627017
0.8,0.75,0.1 0.144617
0.8,0.75,0.15 0.328599
0.8,0.75,0.2 9.23844
0.8,0.75,0.25 74.7695
0.8,0.75,0.3 58.8463
0.8,0.75,0.35 249.574
0.8,0.75,0.4 427.786
0.8,0.75,0.45 473.015
0.8,0.75,0.5 192
0.8,0.75,0.55 166.14
0.8,0.75,0.6 322.564
0.8,0.75,0.65 168.957
0.8,0.75,0.7 17.3144
0.8,0.75,0.75 5.71936
0.8,0.75,0.8 0.0575801
0.8,0.8,0.2 44.5207
0.8,0.8,0.25 369.113
0.8,0.8,0.3 216.971
0.8,0.8,0.35 218.818
0.8,0.8,0.4 316.076
0.8,0.8,0.45 84.4223
0.8,0.8,0.5 7.95381
0.8,0.8,0.55 6.48914
0.8,0.8,0.6 15.1209
0.8,0.8,0.65 12.0064
0.8,0.8,0.7 0.525087
0.8,0.85,0.2 13.4825
0.8,0.85,0.25 114.028
0.8,0.85,0.3 66.0169
0.8,0.85,0.35 17.4283
0.8,0.85,0.4 35.699
0.8,0.85,0.45 9.97636
0.8,0.85,0.5 0.842987
0.8,0.85,0.55 3.17862
0.8,0.85,0.6 0.819698
0.8,0.85,0.65 8.79743e-07
0.8,0.9,0.2 0.00342613
0.8,0.9,0.25 0.0378405
0.8,0.9,0.3 0.0297202
0.8,0.9,0.35 0.0513837
0.8,0.9,0.4 0.146444
0.8,0.9,0.45 0.0335016
0.8,0.9,0.5 0.18563
0.8,0.9,0.55 0.763046
0.8,0.9,0.6 0.196773
0.8,0.9,0.65 2.11187e-07
0.85,0.05,0.35 0.0480991
0.85,0.05,0.4 12.9469
0.85,0.05,0.45 30.3702
0.85,0.05,0.5 4.34955
0.85,0.1,0.35 0.533943
0.85,0.1,0.4 143.723
0.85,0.1,0.45 337.136
0.85,0.1,0.5 48.284
0.85,0.15,0.25 1.0864
0.85,0.15,0.3 5.87373
0.85,0.15,0.35 2.30978
0.85,0.15,0.4 89.7686
0.85,0.15,0.45 210.757
0.85,0.15,0.5 30.6968
0.85,0.15,0.55 4.15017
0.85,0.15,0.6 6.54769
0.85,0.15,0.65 6.62532
0.85,0.15,0.7 1.17147
0.85,0.2,0.1 4.85383e-07
0.85,0.2,0.15 8.91062e-05
0.85,0.2,0.2 0.000278269
0.85,0.2,0.25 43.5784
0.85,0.2,0.3 232.855
0.85,0.2,0.35 84.9853
0.85,0.2,0.4 104.78
0.85,0.2,0.45 127.304
0.85,0.2,0.5 111.986
0.85,0.2,0.55 77.2122
0.85,0.2,0.6 87.0862
0.85,0.2,0.65 154.012
0.85,0.2,0.7 27.9692
0.85,0.25,0.1 6.75717e-06
0.85,0.25,0.15 2.09517
0.85,0.25,0.2 32.9075
0.85,0.25,0.25 101.149
0.85,0.25,0.3 339.032
0.85,0.25,0.35 183.347
0.85,0.25,0.4 384.574
0.85,0.25,0.45 359.636
0.85,0.25,0.5 287.896
0.85,0.25,0.55 281.21
0.85,0.25,0.6 177.467
0.85,0.25,0.65 173.525
0.85,0.25,0.7 32.2824
0.85,0.25,0.75 2.81745
0.85,0.25,0.8 0.0944853
0.85,0.3,0.1 2.80835e-05
0.85,0.3,0.15 15.655
0.85,0.3,0.2 276.889
0.85,0.3,0.25 451.662
0.85,0.3,0.3 324.245
0.85,0.3,0.35 436.682
0.85,0.3,0.4 427.005
0.85,0.3,0.45 272.864
0.85,0.3,0.5 190.704
0.85,0.3,0.55 260.303
0.85,0.3,0.6 324.083
0.85,0.3,0.65 149.118
0.85,0.3,0.7 58.3779
0.85,0.3,0.75 44.3735
0.85,0.3,0.8 1.48831
0.85,0.35,0.1 0.000272601
