0.25,0.1,0.05 16.1666
0.25,0.1,0.1 104.174
0.25,0.1,0.15 492.018
0.25,0.1,0.2 574.933
0.25,0.1,0.25 429.698
0.25,0.1,0.3 147.708
0.25,0.1,0.35 3.45442
0.25,0.1,0.4 0.0151688
0.25,0.15,0 2.17013e-09
0.25,0.15,0.05 63.1247
0.25,0.15,0.1 452.165
0.25,0.15,0.15 532.25
0.25,0.15,0.2 475.698
0.25,0.15,0.25 296.21
0.25,0.15,0.3 237.01
0.25,0.15,0.35 97.881
0.25,0.15,0.4 6.06792
0.25,0.2,0 1.87484e-09
0.25,0.2,0.05 96.4581
0.25,0.2,0.1 515.292
0.25,0.2,0.15 386.281
0.25,0.2,0.2 390.302
0.25,0.2,0.25 390.012
0.25,0.2,0.3 745.467
0.25,0.2,0.35 306.373
0.25,0.2,0.4 15.3184
0.25,0.25,0 8.86408e-10
0.25,0.25,0.05 89.5763
0.25,0.25,0.1 370.65
0.25,0.25,0.15 397.255
0.25,0.25,0.2 578.925
0.25,0.25,0.25 314.248
0.25,0.25,0.3 532.513
0.25,0.25,0.35 144.803
0.25,0.25,0.4 2.38834
0.25,0.3,0 1.46373e-11
0.25,0.3,0.05 46.2012
0.25,0.3,0.1 221.723
0.25,0.3,0.15 380.01
0.25,0.3,0.2 575.525
0.25,0.3,0.25 185.219
0.25,0.3,0.3 175.124
0.25,0.3,0.35 43.2649
0.25,0.3,0.4 0.0016211
0.25,0.35,0 1.68666e-13
0.25,0.35,0.05 83.6572
0.25,0.35,0.1 419.646
0.25,0.35,0.15 272.568
0.25,0.35,0.2 113.606
0.25,0.35,0.25 21.5892
0.25,0.35,0.3 20.3062
0.25,0.35,0.35 5.05596
0.25,0.35,0.4 2.84092e-08
0.25,0.4,0 1.65251e-12
0.25,0.4,0.05 114.789
0.25,0.4,0.1 535.978
0.25,0.4,0.15 329.766
0.25,0.4,0.2 124.039
0.25,0.4,0.25 14.9987
0.25,0.4,0.3 0.194481
0.25,0.45,0 5.68958e-10
0.25,0.45,0.05 146.735
0.25,0.45,0.1 655.051
0.25,0.45,0.15 424.733
0.25,0.45,0.2 312.705
0.25,0.45,0.25 186.262
0.25,0.45,0.3 25.3739
0.25,0.45,0.35 11.4342
0.25,0.45,0.4 0.430143
0.25,0.5,0 1.45483e-09
0.25,0.5,0.05 179.492
0.25,0.5,0.1 732.725
0.25,0.5,0.15 345.574
0.25,0.5,0.2 466.587
0.25,0.5,0.25 567.098
0.25,0.5,0.3 373.862
0.25,0.5,0.35 273.13
0.25,0.5,0.4 51.8006
0.25,0.5,0.45 1.00241
0.25,0.55,0 2.38661e-09
0.25,0.55,0.05 137.168
0.25,0.55,0.1 549.894
0.25,0.55,0.15 183.286
0.25,0.55,0.2 215.746
0.25,0.55,0.25 710.385
0.25,0.55,0.3 666.568
0.25,0.55,0.35 700.358
0.25,0.55,0.4 239.918
0.25,0.55,0.45 4.64199
0.25,0.6,0 1.71295e-08
0.25,0.6,0.05 102.988
0.25,0.6,0.1 425.63
0.25,0.6,0.15 198.088
0.25,0.6,0.2 333.762
0.25,0.6,0.25 580.491
0.25,0.6,0.3 518.726
0.25,0.6,0.35 610.932
0.25,0.6,0.4 205.719
0.25,0.6,0.45 1.52275
0.25,0.65,0 8.53198e-09
0.25,0.65,0.05 89.0039
0.25,0.65,0.1 394.297
0.25,0.65,0.15 558.24
0.25,0.65,0.2 693.832
0.25,0.65,0.25 365.741
0.25,0.65,0.3 489.028
0.25,0.65,0.35 330.7
0.25,0.65,0.4 54.7855
0.25,0.65,0.45 0.0740731
0.25,0.7,0 4.01535e-09
0.25,0.7,0.05 120.129
0.25,0.7,0.1 538.583
0.25,0.7,0.15 541.528
0.25,0.7,0.2 357.101
0.25,0.7,0.25 205.335
0.25,0.7,0.3 526.12
0.25,0.7,0.35 166.787
0.25,0.7,0.4 1.59519
0.25,0.7,0.45 0.000354278
0.25,0.75,0 2.36808e-08
0.25,0.75,0.05 154.903
0.25,0.75,0.1 654.058
0.25,0.75,0.15 368.248
0.25,0.75,0.2 244.258
0.25,0.75,0.25 96.8254
0.25,0.75,0.3 96.1746
0.25,0.75,0.35 16.0871
0.25,0.75,0.4 0.040793
0.25,0.75,0.45 9.82293e-06
0.25,0.8,0 8.94866e-09
0.25,0.8,0.05 56.9449
0.25,0.8,0.1 258.555
0.25,0.8,0.15 220.883
0.25,0.8,0.2 143.777
0.25,0.8,0.25 70.772
0.25,0.8,0.3 5.03542
0.25,0.8,0.35 0.00240697
0.25,0.85,0 1.6779e-11
0.25,0.85,0.05 0.142385
0.25,0.85,0.1 6.26266
0.25,0.85,0.15 27.5994
0.25,0.85,0.2 22.4995
0.25,0.85,0.25 23.9607
0.25,0.85,0.3 2.33726
0.25,0.9,0.15 0.000987997
0.25,0.9,0.2 0.0784355
0.25,0.9,0.25 0.134094
0.25,0.9,0.3 0.0131334
0.3,0,0.1 8.98235e-13
0.3,0,0.15 3.69085e-11
0.3,0,0.2 7.2462e-11
0.3,0,0.25 4.93977e-10
0.3,0,0.3 4.6626e-10
0.3,0,0.35 1.84664e-11
0.3,0.05,0 8.01219e-13
0.3,0.05,0.05 0.302368
0.3,0.05,0.1 3.24639
0.3,0.05,0.15 68.0835
0.3,0.05,0.2 89.6169
0.3,0.05,0.25 84.4011
0.3,0.05,0.3 72.8814
0.3,0.05,0.35 2.8601
0.3,0.1,0 3.75156e-11
0.3,0.1,0.05 14.0507
0.3,0.1,0.1 77.2523
0.3,0.1,0.15 351.049
0.3,0.1,0.2 430.597
0.3,0.1,0.25 398.666
0.3,0.1,0.3 369.733
0.3,0.1,0.35 19.4454
0.3,0.1,0.4 0.0233282
0.3,0.15,0 6.5408e-11
0.3,0.15,0.05 32.6778
0.3,0.15,0.1 262.504
0.3,0.15,0.15 439.88
0.3,0.15,0.2 537.143
0.3,0.15,0.25 449.314
0.3,0.15,0.3 536.453
0.3,0.15,0.35 155.547
0.3,0.15,0.4 9.33222
0.3,0.2,0 1.11971e-10
0.3,0.2,0.05 83.9375
0.3,0.2,0.1 453.021
0.3,0.2,0.15 573.494
0.3,0.2,0.2 484.168
0.3,0.2,0.25 525.944
0.3,0.2,0.3 629.56
0.3,0.2,0.35 351.826
0.3,0.2,0.4 23.821
0.3,0.25,0 6.4512e-11
0.3,0.25,0.05 95.9913
0.3,0.25,0.1 417.018
0.3,0.25,0.15 283.15
0.3,0.25,0.2 320.601
0.3,0.25,0.25 484.964
0.3,0.25,0.3 577.006
0.3,0.25,0.35 199.435
0.3,0.25,0.4 4.41121
0.3,0.3,0 2.32148e-12
0.3,0.3,0.05 36.8903
0.3,0.3,0.1 284.454
0.3,0.3,0.15 510.311
0.3,0.3,0.2 458.552
0.3,0.3,0.25 433.864
0.3,0.3,0.3 474.383
0.3,0.3,0.35 116.178
0.3,0.3,0.4 0.131174
0.3,0.35,0 3.22674e-13
0.3,0.35,0.05 57.8977
0.3,0.35,0.1 491.197
0.3,0.35,0.15 699.711
0.3,0.35,0.2 400.059
0.3,0.35,0.25 72.4794
0.3,0.35,0.3 56.7953
0.3,0.35,0.35 13.6179
0.3,0.35,0.4 7.62176e-08
0.3,0.4,0 7.82663e-13
0.3,0.4,0.05 141.249
0.3,0.4,0.1 757.552
0.3,0.4,0.15 786.98
0.3,0.4,0.2 487.708
0.3,0.4,0.25 39.4869
0.3,0.4,0.3 0.149354
0.3,0.4,0.35 0.0313044
0.3,0.4,0.4 0.00500547
0.3,0.45,0 2.69176e-10
0.3,0.45,0.05 97.6352
0.3,0.45,0.1 451.582
0.3,0.45,0.15 501.561
0.3,0.45,0.2 510.22
0.3,0.45,0.25 148.99
0.3,0.45,0.3 39.0358
0.3,0.45,0.35 17.3955
0.3,0.45,0.4 0.752325
0.3,0.5,0 6.97585e-10
0.3,0.5,0.05 121.379
0.3,0.5,0.1 491.729
0.3,0.5,0.15 208.471
0.3,0.5,0.2 285.5
0.3,0.5,0.25 367.948
0.3,0.5,0.3 516.105
0.3,0.5,0.35 196.876
0.3,0.5,0.4 6.72733
0.3,0.5,0.45 0.0062379
0.3,0.55,0 6.17587e-08
0.3,0.55,0.05 92.2593
0.3,0.55,0.1 395.683
0.3,0.55,0.15 275.021
0.3,0.55,0.2 213.641
0.3,0.55,0.25 594.758
0.3,0.55,0.3 573.189
0.3,0.55,0.35 204.006
0.3,0.55,0.4 26.8255
0.3,0.55,0.45 0.0372426
0.3,0.6,0 5.1564e-07
0.3,0.6,0.05 87.8932
0.3,0.6,0.1 373.173
0.3,0.6,0.15 287.37
0.3,0.6,0.2 507.7
0.3,0.6,0.25 686.987
0.3,0.6,0.3 598.103
0.3,0.6,0.35 187.422
0.3,0.6,0.4 35.9057
0.3,0.6,0.45 0.0538127
0.3,0.65,0 2.57136e-07
0.3,0.65,0.05 80.0528
0.3,0.65,0.1 330.929
0.3,0.65,0.15 211.563
0.3,0.65,0.2 454.234
0.3,0.65,0.25 562.138
0.3,0.65,0.3 888.851
0.3,0.65,0.35 423.096
0.3,0.65,0.4 58.1675
0.3,0.65,0.45 0.163389
0.3,0.7,0 2.06404e-09
0.3,0.7,0.05 93.5199
0.3,0.7,0.1 402.676
0.3,0.7,0.15 271.531
0.3,0.7,0.2 395.86
0.3,0.7,0.25 133.358
0.3,0.7,0.3 274.268
0.3,0.7,0.35 245.17
0.3,0.7,0.4 45.8704
0.3,0.7,0.45 0.147031
0.3,0.75,0 3.23325e-10
0.3,0.75,0.05 94.2011
0.3,0.75,0.1 449.8
0.3,0.75,0.15 295.255
0.3,0.75,0.2 296.549
0.3,0.75,0.25 50.851
0.3,0.75,0.3 8.73236
0.3,0.75,0.35 7.5477
0.3,0.75,0.4 1.86278
0.3,0.75,0.45 0.00620251
0.3,0.8,0 1.24928e-10
0.3,0.8,0.05 18.7564
0.3,0.8,0.1 88.4931
0.3,0.8,0.15 43.8252
0.3,0.8,0.2 14.7594
0.3,0.8,0.25 2.05682
0.3,0.8,0.3 0.00126454
0.3,0.8,0.35 0.000109552
0.3,0.85,0 3.1556e-13
0.3,0.85,0.05 0.0214662
0.3,0.85,0.1 0.0931065
0.3,0.85,0.15 0.0562052
0.3,0.85,0.2 0.0106876
0.3,0.85,0.25 0.000122597
0.3,0.85,0.3 2.8904e-08
0.35,0,0.1 1.0915e-13
0.35,0,0.15 4.48499e-12
0.35,0,0.2 1.36352e-11
0.35,0,0.25 1.61573e-10
0.35,0,0.3 1.53173e-10
0.35,0,0.35 6.06646e-12
0.35,0.05,0 3.76251e-12
0.35,0.05,0.05 1.42621
0.35,0.05,0.1 5.87796
0.35,0.05,0.15 8.78891
0.35,0.05,0.2 11.5822
0.35,0.05,0.25 25.8842
0.35,0.05,0.3 23.7237
0.35,0.05,0.35 0.939581
0.35,0.1,0 1.65787e-10
0.35,0.1,0.05 63.5487
0.35,0.1,0.1 254.934
0.35,0.1,0.15 98.3817
0.35,0.1,0.2 82.6486
0.35,0.1,0.25 147.335
0.35,0.1,0.3 131.216
0.35,0.1,0.35 7.30562
0.35,0.1,0.4 0.00198544
0.35,0.15,0 2.34673e-10
0.35,0.15,0.05 102.566
0.35,0.15,0.1 418.608
0.35,0.15,0.15 206.118
0.35,0.15,0.2 229.904
0.35,0.15,0.25 298.423
0.35,0.15,0.3 208.13
0.35,0.15,0.35 27.081
0.35,0.15,0.4 0.794793
0.35,0.2,0 3.00627e-11
0.35,0.2,0.05 108.946
0.35,0.2,0.1 485.616
0.35,0.2,0.15 510.907
0.35,0.2,0.2 508.017
0.35,0.2,0.25 497.056
0.35,0.2,0.3 255.83
0.35,0.2,0.35 90.7823
0.35,0.2,0.4 2.46802
0.35,0.25,0 1.10284e-11
0.35,0.25,0.05 163.249
0.35,0.25,0.1 791.215
0.35,0.25,0.15 625.026
0.35,0.25,0.2 330.783
0.35,0.25,0.25 611.587
0.35,0.25,0.3 660.097
0.35,0.25,0.35 188.875
0.35,0.25,0.4 1.61307
0.35,0.3,0 6.19027e-12
0.35,0.3,0.05 129.924
0.35,0.3,0.1 597.008
0.35,0.3,0.15 505.64
0.35,0.3,0.2 586.486
0.35,0.3,0.25 611.557
0.35,0.3,0.3 456.922
0.35,0.3,0.35 55.1829
0.35,0.3,0.4 0.226844
0.35,0.35,0 1.49031e-12
0.35,0.35,0.05 96.0671
0.35,0.35,0.1 438.386
0.35,0.35,0.15 347.704
0.35,0.35,0.2 393.234
0.35,0.35,0.25 118.768
0.35,0.35,0.3 47.8146
0.35,0.35,0.35 4.14575
0.35,0.35,0.4 1.26488e-08
0.35,0.4,0 2.84884e-14
0.35,0.4,0.05 179.413
0.35,0.4,0.1 884.273
0.35,0.4,0.15 583.656
0.35,0.4,0.2 292.94
0.35,0.4,0.25 37.6441
0.35,0.4,0.3 28.7737
0.35,0.4,0.35 24.945
0.35,0.4,0.4 4.55767
0.35,0.45,0 2.40825e-12
0.35,0.45,0.05 121.08
0.35,0.45,0.1 695.624
0.35,0.45,0.15 684.789
0.35,0.45,0.2 603.862
0.35,0.45,0.25 99.5497
0.35,0.45,0.3 112.571
0.35,0.45,0.35 231.956
0.35,0.45,0.4 40.429
0.35,0.5,0 7.44793e-12
0.35,0.5,0.05 146.983
0.35,0.5,0.1 623.359
0.35,0.5,0.15 387.463
0.35,0.5,0.2 541.342
0.35,0.5,0.25 484.251
0.35,0.5,0.3 491.487
0.35,0.5,0.35 351.483
0.35,0.5,0.4 45.9268
0.35,0.55,0 7.2127e-08
0.35,0.55,0.05 92.7374
0.35,0.55,0.1 435.092
0.35,0.55,0.15 541.558
0.35,0.55,0.2 532.203
0.35,0.55,0.25 521.53
0.35,0.55,0.3 361.924
0.35,0.55,0.35 86.3675
0.35,0.55,0.4 4.79946
0.35,0.6,0 5.99469e-07
0.35,0.6,0.05 94.0844
0.35,0.6,0.1 462.295
0.35,0.6,0.15 743.314
0.35,0.6,0.2 818.482
0.35,0.6,0.25 402.38
0.35,0.6,0.3 376.596
0.35,0.6,0.35 83.3099
0.35,0.6,0.4 5.98785
0.35,0.6,0.45 0.0181432
0.35,0.65,0 2.98261e-07
0.35,0.65,0.05 115.121
0.35,0.65,0.1 550.293
0.35,0.65,0.15 590.957
0.35,0.65,0.2 574.998
0.35,0.65,0.25 448.718
0.35,0.65,0.3 815.118
0.35,0.65,0.35 573.623
0.35,0.65,0.4 125.64
0.35,0.65,0.45 0.405097
0.35,0.7,0 2.49728e-09
0.35,0.7,0.05 96.1976
0.35,0.7,0.1 445.2
0.35,0.7,0.15 389.759
0.35,0.7,0.2 598.091
0.35,0.7,0.25 212.956
0.35,0.7,0.3 283.933
0.35,0.7,0.35 421.506
0.35,0.7,0.4 120.818
0.35,0.7,0.45 0.398435
0.35,0.75,0 1.40097e-11
0.35,0.75,0.05 56.9135
0.35,0.75,0.1 407.387
0.35,0.75,0.15 555.556
0.35,0.75,0.2 406.25
0.35,0.75,0.25 115
0.35,0.75,0.3 4.62248
0.35,0.75,0.35 13.5674
0.35,0.75,0.4 4.97448
0.35,0.75,0.45 0.0168107
0.35,0.8,0.05 10.4166
0.35,0.8,0.1 81.9193
0.35,0.8,0.15 116.418
0.35,0.8,0.2 58.6104
0.35,0.8,0.25 19.2629
0.35,0.8,0.3 0.159722
0.35,0.85,0.05 0.37141
0.35,0.85,0.1 1.48723
0.35,0.85,0.15 0.372924
0.35,0.85,0.2 0.00129133
0.35,0.85,0.25 0.000134506
0.4,0,0.2 4.56167e-15
0.4,0,0.25 9.59092e-14
0.4,0,0.3 9.1156e-14
0.4,0,0.35 3.61026e-15
0.4,0.05,0 1.10857e-12
0.4,0.05,0.05 0.42021
0.4,0.05,0.1 1.68014
0.4,0.05,0.15 1.86093
0.4,0.05,0.2 7.63363
0.4,0.05,0.25 4.82581
0.4,0.05,0.3 2.04679
0.4,0.05,0.35 0.0657271
0.4,0.1,0 5.4647e-11
0.4,0.1,0.05 30.3111
0.4,0.1,0.1 121.204
0.4,0.1,0.15 77.629
0.4,0.1,0.2 277.898
0.4,0.1,0.25 165.308
0.4,0.1,0.3 34.4689
0.4,0.1,0.35 0.969792
0.4,0.15,0 1.37932e-10
0.4,0.15,0.05 135.63
0.4,0.15,0.1 544.403
0.4,0.15,0.15 239.226
0.4,0.15,0.2 558.781
0.4,0.15,0.25 479.946
0.4,0.15,0.3 55.3936
0.4,0.15,0.35 0.808381
0.4,0.15,0.4 5.60653e-05
0.4,0.2,0 1.1079e-10
0.4,0.2,0.05 99.4219
0.4,0.2,0.1 424.858
0.4,0.2,0.15 395.081
0.4,0.2,0.2 400.189
0.4,0.2,0.25 248.341
0.4,0.2,0.3 38.5175
0.4,0.2,0.35 6.17093
0.4,0.2,0.4 0.0460679
0.4,0.25,0 5.52822e-11
0.4,0.25,0.05 91.6285
0.4,0.25,0.1 454.016
0.4,0.25,0.15 421.141
0.4,0.25,0.2 244.309
0.4,0.25,0.25 301.596
0.4,0.25,0.3 207.047
0.4,0.25,0.35 21.3712
0.4,0.25,0.4 0.129392
0.4,0.3,0 6.10694e-11
0.4,0.3,0.05 101.287
0.4,0.3,0.1 432.818
0.4,0.3,0.15 347.436
0.4,0.3,0.2 573.55
0.4,0.3,0.25 503.471
0.4,0.3,0.3 277.367
0.4,0.3,0.35 9.6065
0.4,0.3,0.4 0.0230958
0.4,0.35,0 2.05132e-10
0.4,0.35,0.05 47.692
0.4,0.35,0.1 192.046
0.4,0.35,0.15 164.002
0.4,0.35,0.2 392.262
0.4,0.35,0.25 440.852
0.4,0.35,0.3 250.287
0.4,0.35,0.35 23.228
0.4,0.35,0.4 0.132375
0.4,0.4,0 1.39492e-10
0.4,0.4,0.05 52.8111
0.4,0.4,0.1 271.577
0.4,0.4,0.15 321.362
0.4,0.4,0.2 279.389
0.4,0.4,0.25 348.333
0.4,0.4,0.3 371.87
0.4,0.4,0.35 132.815
0.4,0.4,0.4 18.5038
0.4,0.45,0 5.02242e-12
0.4,0.45,0.05 61.6334
0.4,0.45,0.1 360.156
0.4,0.45,0.15 614.468
0.4,0.45,0.2 589.918
0.4,0.45,0.25 286.301
0.4,0.45,0.3 464.806
0.4,0.45,0.35 591.98
0.4,0.45,0.4 106.535
0.4,0.45,0.45 0.00176681
0.4,0.5,0 3.40742e-12
0.4,0.5,0.05 70.9515
0.4,0.5,0.1 372.016
0.4,0.5,0.15 572.583
0.4,0.5,0.2 773.599
0.4,0.5,0.25 454.564
0.4,0.5,0.3 641.2
0.4,0.5,0.35 545.564
0.4,0.5,0.4 82.0353
0.4,0.5,0.45 0.579482
0.4,0.55,0 1.12033e-08
0.4,0.55,0.05 52.5047
0.4,0.55,0.1 294.016
0.4,0.55,0.15 508.617
0.4,0.55,0.2 635.259
0.4,0.55,0.25 344.7
0.4,0.55,0.3 274.448
0.4,0.55,0.35 134.738
0.4,0.55,0.4 34.4416
0.4,0.55,0.45 1.41192
0.4,0.6,0 6.01544e-08
0.4,0.6,0.05 148.116
0.4,0.6,0.1 638.281
0.4,0.6,0.15 522.604
0.4,0.6,0.2 587.15
0.4,0.6,0.25 216.057
0.4,0.6,0.3 81.2176
0.4,0.6,0.35 16.4653
0.4,0.6,0.4 5.29251
0.4,0.6,0.45 0.214007
0.4,0.65,0 2.32977e-08
0.4,0.65,0.05 72.2768
0.4,0.65,0.1 354.69
0.4,0.65,0.15 496.232
0.4,0.65,0.2 588.59
0.4,0.65,0.25 320.947
0.4,0.65,0.3 340.912
0.4,0.65,0.35 98.2886
0.4,0.65,0.4 20.7622
0.4,0.65,0.45 0.0679659
0.4,0.7,0 2.10417e-10
0.4,0.7,0.05 17.6494
0.4,0.7,0.1 91.3442
0.4,0.7,0.15 173.671
0.4,0.7,0.2 374.254
0.4,0.7,0.25 177.004
0.4,0.7,0.3 121.818
0.4,0.7,0.35 70.3407
0.4,0.7,0.4 20.0802
0.4,0.7,0.45 0.0668482
0.4,0.75,0 3.05687e-12
0.4,0.75,0.05 25.0199
0.4,0.75,0.1 154.326
0.4,0.75,0.15 348.948
0.4,0.75,0.2 650.507
0.4,0.75,0.25 221.855
0.4,0.75,0.3 2.29267
0.4,0.75,0.35 2.19602
0.4,0.75,0.4 0.832014
0.4,0.75,0.45 0.00282044
0.4,0.8,0.05 67.1015
0.4,0.8,0.1 281.752
0.4,0.8,0.15 154.823
0.4,0.8,0.2 167.827
0.4,0.8,0.25 51.9978
0.4,0.8,0.3 0.386606
