0.25,0.25,0.4 407.552
0.25,0.25,0.45 23.261
0.25,0.3,0 2.25687e-08
0.25,0.3,0.05 30.8382
0.25,0.3,0.1 159.09
0.25,0.3,0.15 133.101
0.25,0.3,0.2 390.709
0.25,0.3,0.25 359.633
0.25,0.3,0.3 200.165
0.25,0.3,0.35 217.09
0.25,0.3,0.4 222.842
0.25,0.3,0.45 36.8601
0.25,0.35,0 4.98623e-07
0.25,0.35,0.05 68.3038
0.25,0.35,0.1 316.077
0.25,0.35,0.15 461.344
0.25,0.35,0.2 287.205
0.25,0.35,0.25 162.191
0.25,0.35,0.3 116.464
0.25,0.35,0.35 69.6799
0.25,0.35,0.4 186.707
0.25,0.35,0.45 40.2725
0.25,0.4,0 5.30318e-07
0.25,0.4,0.05 98.2075
0.25,0.4,0.1 432.445
0.25,0.4,0.15 516.764
0.25,0.4,0.2 290.929
0.25,0.4,0.25 119.913
0.25,0.4,0.3 39.9466
0.25,0.4,0.35 11.7
0.25,0.4,0.4 41.6429
0.25,0.4,0.45 12.7848
0.25,0.4,0.5 0.016782
0.25,0.45,0 4.17824e-08
0.25,0.45,0.05 115.423
0.25,0.45,0.1 581.253
0.25,0.45,0.15 543.524
0.25,0.45,0.2 301.895
0.25,0.45,0.25 433.663
0.25,0.45,0.3 369.478
0.25,0.45,0.35 272.576
0.25,0.45,0.4 316.77
0.25,0.45,0.45 113.279
0.25,0.45,0.5 1.12395
0.25,0.5,0 8.11248e-10
0.25,0.5,0.05 77.9313
0.25,0.5,0.1 684.872
0.25,0.5,0.15 647.55
0.25,0.5,0.2 240.548
0.25,0.5,0.25 197.024
0.25,0.5,0.3 566.444
0.25,0.5,0.35 707.428
0.25,0.5,0.4 524.705
0.25,0.5,0.45 252.746
0.25,0.5,0.5 6.60127
0.25,0.55,0 2.03016e-09
0.25,0.55,0.05 42.0831
0.25,0.55,0.1 334.776
0.25,0.55,0.15 285.077
0.25,0.55,0.2 241.905
0.25,0.55,0.25 136.324
0.25,0.55,0.3 273.599
0.25,0.55,0.35 557.933
0.25,0.55,0.4 635.028
0.25,0.55,0.45 299.981
0.25,0.55,0.5 12.786
0.25,0.6,0 1.69922e-08
0.25,0.6,0.05 4.1404
0.25,0.6,0.1 23.245
0.25,0.6,0.15 138.383
0.25,0.6,0.2 527.7
0.25,0.6,0.25 467.187
0.25,0.6,0.3 483.974
0.25,0.6,0.35 422.269
0.25,0.6,0.4 558.158
0.25,0.6,0.45 201.257
0.25,0.6,0.5 10.2152
0.25,0.65,0 8.47026e-09
0.25,0.65,0.05 23.1343
0.25,0.65,0.1 190.277
0.25,0.65,0.15 225.472
0.25,0.65,0.2 338.82
0.25,0.65,0.25 322.267
0.25,0.65,0.3 457.352
0.25,0.65,0.35 390.786
0.25,0.65,0.4 376.082
0.25,0.65,0.45 48.1498
0.25,0.65,0.5 0.657561
0.25,0.7,0 6.2092e-11
0.25,0.7,0.05 40.4822
0.25,0.7,0.1 342.792
0.25,0.7,0.15 317.975
0.25,0.7,0.2 277.56
0.25,0.7,0.25 595.277
0.25,0.7,0.3 620.094
0.25,0.7,0.35 481.29
0.25,0.7,0.4 279.093
0.25,0.7,0.45 18.0444
0.25,0.7,0.5 0.000811635
0.25,0.75,0.05 4.33269
0.25,0.75,0.1 36.9784
0.25,0.75,0.15 41.181
0.25,0.75,0.2 220.139
0.25,0.75,0.25 486.668
0.25,0.75,0.3 464.143
0.25,0.75,0.35 365.732
0.25,0.75,0.4 223.007
0.25,0.75,0.45 12.1246
0.25,0.8,0.15 0.37296
0.25,0.8,0.2 13.2017
0.25,0.8,0.25 26.6362
0.25,0.8,0.3 48.8288
0.25,0.8,0.35 34.7645
0.25,0.8,0.4 15.2103
0.25,0.8,0.45 0.815657
0.3,0.05,0 3.73392e-15
0.3,0.05,0.05 7.58951e-05
0.3,0.05,0.1 0.000311272
0.3,0.05,0.15 0.00483624
0.3,0.05,0.2 5.97516
0.3,0.05,0.25 20.5576
0.3,0.05,0.3 28.6073
0.3,0.05,0.35 13.9639
0.3,0.05,0.4 0.44335
0.3,0.05,0.45 0.00356225
0.3,0.1,0 2.52885e-12
0.3,0.1,0.05 0.0514011
0.3,0.1,0.1 1.88085
0.3,0.1,0.15 55.5121
0.3,0.1,0.2 165.988
0.3,0.1,0.25 334.591
0.3,0.1,0.3 374.052
0.3,0.1,0.35 186.887
0.3,0.1,0.4 11.733
0.3,0.1,0.45 0.109304
0.3,0.15,0 6.92181e-12
0.3,0.15,0.05 5.50054
0.3,0.15,0.1 43.4033
0.3,0.15,0.15 245.807
0.3,0.15,0.2 440.506
0.3,0.15,0.25 461.561
0.3,0.15,0.3 388.322
0.3,0.15,0.35 334.254
0.3,0.15,0.4 59.8317
0.3,0.15,0.45 0.237563
0.3,0.2,0 9.755e-12
0.3,0.2,0.05 45.3327
0.3,0.2,0.1 338.668
0.3,0.2,0.15 321.073
0.3,0.2,0.2 512.721
0.3,0.2,0.25 431.128
0.3,0.2,0.3 440.698
0.3,0.2,0.35 644.209
0.3,0.2,0.4 230.26
0.3,0.2,0.45 11.4998
0.3,0.25,0 1.98577e-08
0.3,0.25,0.05 33.513
0.3,0.25,0.1 397.218
0.3,0.25,0.15 463.864
0.3,0.25,0.2 469.553
0.3,0.25,0.25 216.968
0.3,0.25,0.3 412.22
0.3,0.25,0.35 609.836
0.3,0.25,0.4 294.904
0.3,0.25,0.45 23.0021
0.3,0.3,0 6.43026e-08
0.3,0.3,0.05 19.3607
0.3,0.3,0.1 160.023
0.3,0.3,0.15 257.661
0.3,0.3,0.2 523.302
0.3,0.3,0.25 461.611
0.3,0.3,0.3 599.539
0.3,0.3,0.35 610.746
0.3,0.3,0.4 308.386
0.3,0.3,0.45 52.7514
0.3,0.35,0 3.0595e-07
0.3,0.35,0.05 28.7495
0.3,0.35,0.1 140.237
0.3,0.35,0.15 476.76
0.3,0.35,0.2 615.712
0.3,0.35,0.25 337.572
0.3,0.35,0.3 337.558
0.3,0.35,0.35 231.971
0.3,0.35,0.4 281.021
0.3,0.35,0.45 59.0097
0.3,0.35,0.5 0.00284582
0.3,0.4,0 1.3172e-06
0.3,0.4,0.05 98.6295
0.3,0.4,0.1 444.691
0.3,0.4,0.15 666.968
0.3,0.4,0.2 504.364
0.3,0.4,0.25 99.5176
0.3,0.4,0.3 29.6278
0.3,0.4,0.35 14.3234
0.3,0.4,0.4 42.3629
0.3,0.4,0.45 30.2289
0.3,0.4,0.5 1.52854
0.3,0.45,0 4.08315e-07
0.3,0.45,0.05 55.571
0.3,0.45,0.1 307.676
0.3,0.45,0.15 633.208
0.3,0.45,0.2 527.301
0.3,0.45,0.25 399.549
0.3,0.45,0.3 356.8
0.3,0.45,0.35 293.51
0.3,0.45,0.4 131.912
0.3,0.45,0.45 74.8524
0.3,0.45,0.5 4.07011
0.3,0.5,0 3.5621e-10
0.3,0.5,0.05 33.8422
0.3,0.5,0.1 354.317
0.3,0.5,0.15 387.757
0.3,0.5,0.2 214.807
0.3,0.5,0.25 472.078
0.3,0.5,0.3 673.078
0.3,0.5,0.35 680.585
0.3,0.5,0.4 169.46
0.3,0.5,0.45 37.7634
0.3,0.5,0.5 1.57715
0.3,0.55,0 6.16003e-08
0.3,0.55,0.05 29.459
0.3,0.55,0.1 272.083
0.3,0.55,0.15 314.84
0.3,0.55,0.2 323.119
0.3,0.55,0.25 286.095
0.3,0.55,0.3 367.399
0.3,0.55,0.35 770.773
0.3,0.55,0.4 488.63
0.3,0.55,0.45 245.52
0.3,0.55,0.5 15.5316
0.3,0.6,0 5.15606e-07
0.3,0.6,0.05 66.4381
0.3,0.6,0.1 281.169
0.3,0.6,0.15 290.766
0.3,0.6,0.2 640.018
0.3,0.6,0.25 661.5
0.3,0.6,0.3 587.946
0.3,0.6,0.35 576.541
0.3,0.6,0.4 503.855
0.3,0.6,0.45 299.241
0.3,0.6,0.5 19.0905
0.3,0.65,0 2.57019e-07
0.3,0.65,0.05 62.3072
0.3,0.65,0.1 325.607
0.3,0.65,0.15 322.426
0.3,0.65,0.2 444.489
0.3,0.65,0.25 587.151
0.3,0.65,0.3 586.172
0.3,0.65,0.35 326.552
0.3,0.65,0.4 186.595
0.3,0.65,0.45 30.0597
0.3,0.65,0.5 1.22971
0.3,0.7,0 1.8841e-09
0.3,0.7,0.05 40.4278
0.3,0.7,0.1 298.593
0.3,0.7,0.15 459.068
0.3,0.7,0.2 238.385
0.3,0.7,0.25 553.206
0.3,0.7,0.3 472.114
0.3,0.7,0.35 274.487
0.3,0.7,0.4 347.851
0.3,0.7,0.45 32.8813
0.3,0.7,0.5 0.000116276
0.3,0.75,0.05 3.12208
0.3,0.75,0.1 27.4298
0.3,0.75,0.15 55.3328
0.3,0.75,0.2 55.0227
0.3,0.75,0.25 342.137
0.3,0.75,0.3 372.14
0.3,0.75,0.35 114.829
0.3,0.75,0.4 163.626
0.3,0.75,0.45 19.4585
0.3,0.8,0.15 0.0370429
0.3,0.8,0.2 1.88705
0.3,0.8,0.25 25.3616
0.3,0.8,0.3 32.3527
0.3,0.8,0.35 4.97812
0.3,0.8,0.4 4.28182
0.3,0.8,0.45 0.471308
0.35,0.05,0.1 6.84381e-06
0.35,0.05,0.15 0.000708178
0.35,0.05,0.2 0.641346
0.35,0.05,0.25 2.41719
0.35,0.05,0.3 4.97019
0.35,0.05,0.35 2.44798
0.35,0.05,0.4 0.0224244
0.35,0.1,0.1 1.56897
0.35,0.1,0.15 49.9278
0.35,0.1,0.2 72.8258
0.35,0.1,0.25 42.5673
0.35,0.1,0.3 66.5094
0.35,0.1,0.35 32.6759
0.35,0.1,0.4 0.597483
0.35,0.1,0.45 0.0144325
0.35,0.15,0.05 4.06201
0.35,0.15,0.1 33.6139
0.35,0.15,0.15 222.736
0.35,0.15,0.2 319.763
0.35,0.15,0.25 98.4784
0.35,0.15,0.3 208.262
0.35,0.15,0.35 141.428
0.35,0.15,0.4 12.1332
0.35,0.15,0.45 0.137182
0.35,0.2,0 5.34045e-11
0.35,0.2,0.05 34.6149
0.35,0.2,0.1 262.926
0.35,0.2,0.15 307.76
0.35,0.2,0.2 375.582
0.35,0.2,0.25 391.849
0.35,0.2,0.3 451.506
0.35,0.2,0.35 263.46
0.35,0.2,0.4 27.4652
0.35,0.2,0.45 0.592889
0.35,0.25,0 1.2358e-07
0.35,0.25,0.05 60.8413
0.35,0.25,0.1 446.631
0.35,0.25,0.15 643.397
0.35,0.25,0.2 632.018
0.35,0.25,0.25 447.695
0.35,0.25,0.3 363.91
0.35,0.25,0.35 269.491
0.35,0.25,0.4 35.9877
0.35,0.25,0.45 1.10074
0.35,0.3,0 3.87455e-07
0.35,0.3,0.05 110.321
0.35,0.3,0.1 500.641
0.35,0.3,0.15 381.023
0.35,0.3,0.2 446.408
0.35,0.3,0.25 526.513
0.35,0.3,0.3 726.421
0.35,0.3,0.35 470.597
0.35,0.3,0.4 66.2798
0.35,0.3,0.45 4.11476
0.35,0.35,0 3.18099e-07
0.35,0.35,0.05 76.9476
0.35,0.35,0.1 318.135
0.35,0.35,0.15 329.657
0.35,0.35,0.2 455.563
0.35,0.35,0.25 464.596
0.35,0.35,0.3 527.328
0.35,0.35,0.35 151.948
0.35,0.35,0.4 29.6589
0.35,0.35,0.45 4.90938
0.35,0.35,0.5 0.0128163
0.35,0.4,0 1.22964e-06
0.35,0.4,0.05 162.783
0.35,0.4,0.1 734.538
0.35,0.4,0.15 681.51
0.35,0.4,0.2 558.633
0.35,0.4,0.25 144.684
0.35,0.4,0.3 46.8723
0.35,0.4,0.35 45.8129
0.35,0.4,0.4 124.259
0.35,0.4,0.45 120.597
0.35,0.4,0.5 6.89323
0.35,0.45,0 3.90483e-07
0.35,0.45,0.05 76.1447
0.35,0.45,0.1 445.051
0.35,0.45,0.15 623.334
0.35,0.45,0.2 722.784
0.35,0.45,0.25 339.9
0.35,0.45,0.3 273.601
0.35,0.45,0.35 419.148
0.35,0.45,0.4 497.791
0.35,0.45,0.45 329.24
0.35,0.45,0.5 18.3266
0.35,0.5,0 1.65425e-10
0.35,0.5,0.05 50.8995
0.35,0.5,0.1 448.137
0.35,0.5,0.15 528.818
0.35,0.5,0.2 492.188
0.35,0.5,0.25 645.995
0.35,0.5,0.3 586.074
0.35,0.5,0.35 418.326
0.35,0.5,0.4 209.497
0.35,0.5,0.45 63.5219
0.35,0.5,0.5 3.09242
0.35,0.55,0 7.21225e-08
0.35,0.55,0.05 18.3516
0.35,0.55,0.1 237.868
0.35,0.55,0.15 594.322
0.35,0.55,0.2 678.289
0.35,0.55,0.25 570.591
0.35,0.55,0.3 342.835
0.35,0.55,0.35 548.241
0.35,0.55,0.4 397.698
0.35,0.55,0.45 75.0949
0.35,0.55,0.5 1.68955
0.35,0.6,0 5.9944e-07
0.35,0.6,0.05 89.728
0.35,0.6,0.1 384.977
0.35,0.6,0.15 545.884
0.35,0.6,0.2 842.061
0.35,0.6,0.25 313.833
0.35,0.6,0.3 145.147
0.35,0.6,0.35 571.324
0.35,0.6,0.4 673.341
0.35,0.6,0.45 137.172
0.35,0.6,0.5 2.18483
0.35,0.65,0 2.97934e-07
0.35,0.65,0.05 104.941
0.35,0.65,0.1 460.806
0.35,0.65,0.15 296.696
0.35,0.65,0.2 449.632
0.35,0.65,0.25 257.666
0.35,0.65,0.3 126.236
0.35,0.65,0.35 427.587
0.35,0.65,0.4 620.939
0.35,0.65,0.45 99.5523
0.35,0.65,0.5 0.247476
0.35,0.7,0 2.18067e-09
0.35,0.7,0.05 67.3254
0.35,0.7,0.1 312.254
0.35,0.7,0.15 146.688
0.35,0.7,0.2 62.1817
0.35,0.7,0.25 241.705
0.35,0.7,0.3 194.473
0.35,0.7,0.35 477.775
0.35,0.7,0.4 714.652
0.35,0.7,0.45 71.9166
0.35,0.7,0.5 0.0167226
0.35,0.75,0 6.48471e-09
0.35,0.75,0.05 3.76501
0.35,0.75,0.1 17.6216
0.35,0.75,0.15 11.7794
0.35,0.75,0.2 6.83511
0.35,0.75,0.25 94.9601
0.35,0.75,0.3 116.768
0.35,0.75,0.35 119.12
0.35,0.75,0.4 222.304
0.35,0.75,0.45 27.3603
0.35,0.8,0 2.09747e-08
0.35,0.8,0.05 2.16134
0.35,0.8,0.1 8.59011
0.35,0.8,0.15 2.1338
0.35,0.8,0.2 0.182298
0.35,0.8,0.25 7.862
0.35,0.8,0.3 10.6983
0.35,0.8,0.35 2.80898
0.35,0.8,0.4 4.42626
0.35,0.8,0.45 0.578361
0.35,0.85,0 4.23295e-09
0.35,0.85,0.05 0.436185
0.35,0.85,0.1 1.73359
0.35,0.85,0.15 0.430627
0.4,0.05,0.1 2.19263e-07
0.4,0.05,0.15 7.23435e-06
0.4,0.05,0.2 8.71311e-06
0.4,0.05,0.25 5.18224e-07
0.4,0.1,0.1 5.85715
0.4,0.1,0.15 63.5882
0.4,0.1,0.2 52.0528
0.4,0.1,0.25 7.33483
0.4,0.1,0.3 11.0857
0.4,0.1,0.35 17.648
0.4,0.1,0.4 17.3137
0.4,0.1,0.45 1.08024
0.4,0.15,0.05 0.100858
0.4,0.15,0.1 27.2949
0.4,0.15,0.15 345.03
0.4,0.15,0.2 476.856
0.4,0.15,0.25 142.57
0.4,0.15,0.3 290.58
0.4,0.15,0.35 260.314
0.4,0.15,0.4 159.9
0.4,0.15,0.45 9.89228
0.4,0.2,0 2.05106e-11
0.4,0.2,0.05 4.51032
0.4,0.2,0.1 58.8411
0.4,0.2,0.15 345.266
0.4,0.2,0.2 498.195
0.4,0.2,0.25 381.164
0.4,0.2,0.3 627.549
0.4,0.2,0.35 320.024
0.4,0.2,0.4 89.5648
0.4,0.2,0.45 5.35845
0.4,0.25,0 4.74625e-08
0.4,0.25,0.05 84.9469
0.4,0.25,0.1 387.735
0.4,0.25,0.15 463.377
0.4,0.25,0.2 522.294
0.4,0.25,0.25 462.291
0.4,0.25,0.3 493.385
0.4,0.25,0.35 141.339
0.4,0.25,0.4 41.7383
0.4,0.25,0.45 2.37874
0.4,0.3,0 1.48809e-07
0.4,0.3,0.05 106.547
0.4,0.3,0.1 482.439
0.4,0.3,0.15 544.967
0.4,0.3,0.2 437.368
0.4,0.3,0.25 402.656
0.4,0.3,0.3 346.284
0.4,0.3,0.35 106.116
0.4,0.3,0.4 65.5006
0.4,0.3,0.45 6.27491
0.4,0.3,0.5 0.00754124
0.4,0.35,0 4.02762e-08
0.4,0.35,0.05 55.169
0.4,0.35,0.1 250.579
0.4,0.35,0.15 370.959
0.4,0.35,0.2 355.185
0.4,0.35,0.25 345.345
0.4,0.35,0.3 658.738
0.4,0.35,0.35 189.882
0.4,0.35,0.4 67.7292
0.4,0.35,0.45 23.9355
0.4,0.35,0.5 0.0563401
0.4,0.4,0 5.25848e-08
0.4,0.4,0.05 70.8884
0.4,0.4,0.1 306.722
0.4,0.4,0.15 295.609
0.4,0.4,0.2 401.173
0.4,0.4,0.25 189.431
0.4,0.4,0.3 488.872
0.4,0.4,0.35 269.87
0.4,0.4,0.4 146.24
0.4,0.4,0.45 73.1647
0.4,0.4,0.5 2.11293
0.4,0.45,0 1.61395e-08
0.4,0.45,0.05 40.8683
0.4,0.45,0.1 237.736
0.4,0.45,0.15 415.427
0.4,0.45,0.2 627.381
0.4,0.45,0.25 492.957
0.4,0.45,0.3 348.736
0.4,0.45,0.35 498.737
0.4,0.45,0.4 623.32
0.4,0.45,0.45 261.653
0.4,0.45,0.5 6.70309
0.4,0.5,0 6.97205e-12
0.4,0.5,0.05 39.027
0.4,0.5,0.1 246.491
0.4,0.5,0.15 381.376
0.4,0.5,0.2 479.868
0.4,0.5,0.25 538.882
0.4,0.5,0.3 386.449
0.4,0.5,0.35 566.986
0.4,0.5,0.4 772.694
0.4,0.5,0.45 214.056
0.4,0.5,0.5 1.82423
0.4,0.55,0 1.11078e-08
0.4,0.55,0.05 30.4779
0.4,0.55,0.1 166.567
0.4,0.55,0.15 388.189
0.4,0.55,0.2 399.352
0.4,0.55,0.25 476.519
0.4,0.55,0.3 169.456
0.4,0.55,0.35 151.383
0.4,0.55,0.4 273.349
0.4,0.55,0.45 60.0315
0.4,0.55,0.5 0.037134
0.4,0.6,0 5.89e-08
0.4,0.6,0.05 110.573
0.4,0.6,0.1 547.895
0.4,0.6,0.15 336.572
0.4,0.6,0.2 508.694
0.4,0.6,0.25 542.813
0.4,0.6,0.3 137.217
0.4,0.6,0.35 335.922
0.4,0.6,0.4 378.664
0.4,0.6,0.45 67.4382
0.4,0.6,0.5 0.0897383
0.4,0.65,0 2.23327e-08
0.4,0.65,0.05 45.8532
0.4,0.65,0.1 284.625
0.4,0.65,0.15 212.869
0.4,0.65,0.2 408.684
0.4,0.65,0.25 213.127
0.4,0.65,0.3 61.5011
0.4,0.65,0.35 288.665
0.4,0.65,0.4 599.533
0.4,0.65,0.45 149.664
0.4,0.65,0.5 0.222742
0.4,0.7,0 1.81781e-10
0.4,0.7,0.05 14.7601
0.4,0.7,0.1 70.1995
0.4,0.7,0.15 27.2783
0.4,0.7,0.2 29.1151
0.4,0.7,0.25 32.4503
0.4,0.7,0.3 37.9774
0.4,0.7,0.35 179.428
0.4,0.7,0.4 291.629
0.4,0.7,0.45 39.8206
0.4,0.7,0.5 0.0340129
0.4,0.75,0 2.05596e-07
0.4,0.75,0.05 21.8503
0.4,0.75,0.1 87.2111
0.4,0.75,0.15 21.768
0.4,0.75,0.2 0.154019
0.4,0.75,0.25 5.11251
0.4,0.75,0.3 11.1402
0.4,0.75,0.35 21.3529
0.4,0.75,0.4 29.5551
0.4,0.75,0.45 3.06871
0.4,0.8,0 6.64996e-07
0.4,0.8,0.05 68.5247
0.4,0.8,0.1 272.347
0.4,0.8,0.15 67.6514
0.4,0.8,0.2 0.000205851
0.4,0.8,0.25 0.0129581
0.4,0.8,0.3 0.0771193
0.4,0.8,0.35 0.205102
0.4,0.8,0.4 0.335674
0.4,0.8,0.45 0.0436936
0.4,0.85,0 1.34204e-07
0.4,0.85,0.05 13.8291
0.4,0.85,0.1 54.9628
0.4,0.85,0.15 13.6529
0.45,0.1,0.1 7.77295
0.45,0.1,0.15 77.5847
0.45,0.1,0.2 56.2595
0.45,0.1,0.25 19.1541
0.45,0.1,0.3 27.3452
0.45,0.1,0.35 30.194
0.45,0.1,0.4 28.9911
0.45,0.1,0.45 1.81082
0.45,0.15,0.1 41.6901
0.45,0.15,0.15 387.297
0.45,0.15,0.2 450.401
0.45,0.15,0.25 344.218
0.45,0.15,0.3 456.687
0.45,0.15,0.35 379.171
0.45,0.15,0.4 268.179
0.45,0.15,0.45 16.5897
0.45,0.2,0 4.24229e-14
0.45,0.2,0.05 1.85347
0.45,0.2,0.1 98.802
0.45,0.2,0.15 548.165
0.45,0.2,0.2 520.252
0.45,0.2,0.25 546.979
0.45,0.2,0.3 963.729
0.45,0.2,0.35 620.662
0.45,0.2,0.4 188.437
0.45,0.2,0.45 11.2749
0.45,0.25,0 9.81685e-11
0.45,0.25,0.05 39.3503
0.45,0.25,0.1 218.33
0.45,0.25,0.15 313.278
0.45,0.25,0.2 302.551
