0.05,0.1,0.05 0.923238
0.05,0.1,0.1 11.5348
0.05,0.1,0.15 7.84287
0.05,0.1,0.2 0.153788
0.05,0.1,0.25 0.000585086
0.05,0.15,0 1.83915e-16
0.05,0.15,0.05 5.39051
0.05,0.15,0.1 67.3518
0.05,0.15,0.15 47.9148
0.05,0.15,0.2 6.07091
0.05,0.15,0.25 0.791113
0.05,0.15,0.3 0.134931
0.05,0.15,0.35 0.191529
0.05,0.15,0.4 0.0160615
0.05,0.2,0 6.19752e-15
0.05,0.2,0.05 1.98248
0.05,0.2,0.1 24.5176
0.05,0.2,0.15 22.9828
0.05,0.2,0.2 17.307
0.05,0.2,0.25 20.3548
0.05,0.2,0.3 17.3797
0.05,0.2,0.35 8.27528
0.05,0.2,0.4 0.675614
0.05,0.25,0 5.6899e-14
0.05,0.25,0.05 0.369288
0.05,0.25,0.1 1.50719
0.05,0.25,0.15 2.78866
0.05,0.25,0.2 10.1396
0.05,0.25,0.25 54.233
0.05,0.25,0.3 42.9893
0.05,0.25,0.35 11.4943
0.05,0.25,0.4 0.908486
0.05,0.3,0 3.84023e-14
0.05,0.3,0.05 0.250637
0.05,0.3,0.1 1.00673
0.05,0.3,0.15 1.632
0.05,0.3,0.2 4.14283
0.05,0.3,0.25 10.3344
0.05,0.3,0.3 7.12391
0.05,0.3,0.35 0.885354
0.05,0.3,0.4 0.0639203
0.05,0.35,0 2.9298e-10
0.05,0.35,0.05 1.34787
0.05,0.35,0.1 5.38203
0.05,0.35,0.15 1.4167
0.05,0.35,0.2 0.178463
0.05,0.35,0.25 0.0264947
0.05,0.4,0 1.17859e-09
0.05,0.4,0.05 5.4024
0.05,0.4,0.1 21.5781
0.05,0.4,0.15 5.57779
0.05,0.4,0.2 0.344282
0.05,0.4,0.25 0.0573838
0.05,0.4,0.3 4.15741e-07
0.05,0.45,0 2.96394e-10
0.05,0.45,0.05 1.40132
0.05,0.45,0.1 5.71472
0.05,0.45,0.15 17.002
0.05,0.45,0.2 56.4176
0.05,0.45,0.25 14.016
0.05,0.45,0.3 0.001043
0.05,0.45,0.35 0.00330927
0.05,0.45,0.4 0.00135658
0.05,0.45,0.45 4.15199e-06
0.05,0.5,0 1.42835e-12
0.05,0.5,0.05 0.876939
0.05,0.5,0.1 3.60227
0.05,0.5,0.15 34.9063
0.05,0.5,0.2 135.069
0.05,0.5,0.25 38.1136
0.05,0.5,0.3 2.14847
0.05,0.5,0.35 0.137691
0.05,0.5,0.4 0.0413943
0.05,0.5,0.45 0.000126693
0.05,0.55,0 1.33311e-12
0.05,0.55,0.05 0.818467
0.05,0.55,0.1 3.27544
0.05,0.55,0.15 7.12465
0.05,0.55,0.2 33.4672
0.05,0.55,0.25 74.0408
0.05,0.55,0.3 36.6935
0.05,0.55,0.35 0.511187
0.05,0.55,0.4 0.0480006
0.05,0.55,0.45 0.000146912
0.05,0.6,0 5.10195e-14
0.05,0.6,0.05 0.0313236
0.05,0.6,0.1 0.12525
0.05,0.6,0.15 2.17822
0.05,0.6,0.2 17.1368
0.05,0.6,0.25 77.8329
0.05,0.6,0.3 45.4903
0.05,0.6,0.35 3.46702
0.05,0.6,0.4 0.0360738
0.05,0.6,0.45 8.22368e-06
0.05,0.65,0.15 0.937107
0.05,0.65,0.2 6.60993
0.05,0.65,0.25 9.36163
0.05,0.65,0.3 26.6331
0.05,0.65,0.35 13.5975
0.05,0.65,0.4 0.147354
0.05,0.7,0.15 11.1239
0.05,0.7,0.2 79.4988
0.05,0.7,0.25 35.2954
0.05,0.7,0.3 6.85465
0.05,0.7,0.35 3.74383
0.05,0.7,0.4 0.0406397
0.05,0.75,0.15 8.50948
0.05,0.75,0.2 60.8145
0.05,0.75,0.25 26.4657
0.05,0.75,0.3 0.108997
0.05,0.75,0.35 0.000119651
0.05,0.75,0.4 1.29882e-06
0.05,0.8,0.15 0.215814
0.05,0.8,0.2 1.54235
0.05,0.8,0.25 0.671209
0.05,0.8,0.3 0.00275888
0.1,0,0.1 2.01027e-19
0.1,0,0.15 6.84176e-17
0.1,0,0.2 2.02121e-14
0.1,0,0.25 1.40043e-13
0.1,0,0.3 5.97136e-14
0.1,0,0.35 2.22277e-16
0.1,0.05,0.1 2.64753e-06
0.1,0.05,0.15 0.000901064
0.1,0.05,0.2 0.275795
0.1,0.05,0.25 1.91144
0.1,0.05,0.3 0.81503
0.1,0.05,0.35 0.00303385
0.1,0.1,0.05 4.69065
0.1,0.1,0.1 58.6042
0.1,0.1,0.15 39.8828
0.1,0.1,0.2 2.18195
0.1,0.1,0.25 7.94566
0.1,0.1,0.3 3.35954
0.1,0.1,0.35 0.0263492
0.1,0.15,0 1.61724e-12
0.1,0.15,0.05 30.1769
0.1,0.15,0.1 353.449
0.1,0.15,0.15 277.683
0.1,0.15,0.2 110.858
0.1,0.15,0.25 23.1482
0.1,0.15,0.3 7.76358
0.1,0.15,0.35 4.53343
0.1,0.15,0.4 0.323612
0.1,0.2,0 1.6235e-11
0.1,0.2,0.05 40.3689
0.1,0.2,0.1 246.092
0.1,0.2,0.15 247.789
0.1,0.2,0.2 333.358
0.1,0.2,0.25 172.054
0.1,0.2,0.3 191.158
0.1,0.2,0.35 164.582
0.1,0.2,0.4 13.6125
0.1,0.25,0 1.52925e-11
0.1,0.25,0.05 57.3766
0.1,0.25,0.1 229.897
0.1,0.25,0.15 148.787
0.1,0.25,0.2 247.696
0.1,0.25,0.25 385.31
0.1,0.25,0.3 377.941
0.1,0.25,0.35 222.465
0.1,0.25,0.4 18.3044
0.1,0.3,0 4.52776e-12
0.1,0.3,0.05 29.4396
0.1,0.3,0.1 117.968
0.1,0.3,0.15 101.784
0.1,0.3,0.2 180.613
0.1,0.3,0.25 91.3227
0.1,0.3,0.3 53.5621
0.1,0.3,0.35 16.1424
0.1,0.3,0.4 1.28788
0.1,0.35,0 4.53774e-09
0.1,0.35,0.05 21.5211
0.1,0.35,0.1 85.9459
0.1,0.35,0.15 25.3021
0.1,0.35,0.2 9.34165
0.1,0.35,0.25 1.38687
0.1,0.4,0 1.82539e-08
0.1,0.4,0.05 83.6724
0.1,0.4,0.1 334.61
0.1,0.4,0.15 92.885
0.1,0.4,0.2 9.48368
0.1,0.4,0.25 0.666728
0.1,0.4,0.3 2.13027e-05
0.1,0.45,0 4.60228e-09
0.1,0.45,0.05 24.2149
0.1,0.45,0.1 104.905
0.1,0.45,0.15 251.423
0.1,0.45,0.2 451.489
0.1,0.45,0.25 85.1655
0.1,0.45,0.3 0.480415
0.1,0.45,0.35 3.01093
0.1,0.45,0.4 1.23652
0.1,0.45,0.45 0.00378452
0.1,0.5,0 1.07326e-10
0.1,0.5,0.05 48.483
0.1,0.5,0.1 200.833
0.1,0.5,0.15 383.31
0.1,0.5,0.2 907.408
0.1,0.5,0.25 267.748
0.1,0.5,0.3 65.4914
0.1,0.5,0.35 93.529
0.1,0.5,0.4 37.7914
0.1,0.5,0.45 0.116849
0.1,0.55,0 7.61357e-11
0.1,0.55,0.05 42.728
0.1,0.55,0.1 171.863
0.1,0.55,0.15 158.421
0.1,0.55,0.2 388.558
0.1,0.55,0.25 549.651
0.1,0.55,0.3 365.525
0.1,0.55,0.35 156.273
0.1,0.55,0.4 46.8037
0.1,0.55,0.45 0.142919
0.1,0.6,0 2.61038e-12
0.1,0.6,0.05 1.89122
0.1,0.6,0.1 10.0372
0.1,0.6,0.15 67.5381
0.1,0.6,0.2 289.364
0.1,0.6,0.25 462.189
0.1,0.6,0.3 441.452
0.1,0.6,0.35 140.778
0.1,0.6,0.4 8.09404
0.1,0.6,0.45 0.0111358
0.1,0.65,0.05 1.64048
0.1,0.65,0.1 23.6115
0.1,0.65,0.15 27.1102
0.1,0.65,0.2 50.5328
0.1,0.65,0.25 81.2942
0.1,0.65,0.3 366.915
0.1,0.65,0.35 189.217
0.1,0.65,0.4 2.44013
0.1,0.65,0.45 1.01765e-05
0.1,0.7,0.05 4.26617
0.1,0.7,0.1 63.0464
0.1,0.7,0.15 98.9185
0.1,0.7,0.2 348.185
0.1,0.7,0.25 182.984
0.1,0.7,0.3 113.57
0.1,0.7,0.35 50.7351
0.1,0.7,0.4 0.524943
0.1,0.75,0.05 0.81877
0.1,0.75,0.1 12.4918
0.1,0.75,0.15 55.4526
0.1,0.75,0.2 265.806
0.1,0.75,0.25 127.312
0.1,0.75,0.3 11.349
0.1,0.75,0.35 0.561775
0.1,0.75,0.4 1.67769e-05
0.1,0.8,0.1 0.309048
0.1,0.8,0.15 9.05508
0.1,0.8,0.2 15.6999
0.1,0.8,0.25 4.40425
0.1,0.8,0.3 0.261247
0.1,0.8,0.35 0.000681953
0.1,0.85,0.1 0.00837125
0.1,0.85,0.15 0.23138
0.1,0.85,0.2 0.659761
0.1,0.85,0.25 0.575541
0.1,0.85,0.3 0.0393772
0.1,0.9,0.15 0.000217753
0.1,0.9,0.2 0.00905638
0.1,0.9,0.25 0.0121185
0.1,0.9,0.3 0.000846512
0.15,0,0.1 2.5992e-15
0.15,0,0.15 8.84613e-13
0.15,0,0.2 2.8455e-12
0.15,0,0.25 5.0451e-12
0.15,0,0.3 2.01227e-12
0.15,0,0.35 7.49043e-15
0.15,0.05,0 3.77742e-13
0.15,0.05,0.05 0.00767793
0.15,0.05,0.1 0.0649096
0.15,0.05,0.15 11.6612
0.15,0.05,0.2 38.3911
0.15,0.05,0.25 69.9923
0.15,0.05,0.3 27.6347
0.15,0.05,0.35 0.102237
0.15,0.1,0 2.55832e-10
0.15,0.1,0.05 6.686
0.15,0.1,0.1 39.4801
0.15,0.1,0.15 64.782
0.15,0.1,0.2 163.239
0.15,0.1,0.25 292.103
0.15,0.1,0.3 114.409
0.15,0.1,0.35 0.927966
0.15,0.15,0 7.0896e-10
0.15,0.15,0.05 32.6511
0.15,0.15,0.1 204.538
0.15,0.15,0.15 170.992
0.15,0.15,0.2 314.253
0.15,0.15,0.25 304.202
0.15,0.15,0.3 198.758
0.15,0.15,0.35 30.1532
0.15,0.15,0.4 0.300043
0.15,0.2,0 2.0535e-10
0.15,0.2,0.05 107.265
0.15,0.2,0.1 457.471
0.15,0.2,0.15 407.854
0.15,0.2,0.2 717.959
0.15,0.2,0.25 424.369
0.15,0.2,0.3 427.022
0.15,0.2,0.35 193.147
0.15,0.2,0.4 12.621
0.15,0.25,0 6.20458e-11
0.15,0.25,0.05 149.871
0.15,0.25,0.1 600.576
0.15,0.25,0.15 346.772
0.15,0.25,0.2 478.312
0.15,0.25,0.25 482.724
0.15,0.25,0.3 392.658
0.15,0.25,0.35 209.552
0.15,0.25,0.4 16.9713
0.15,0.3,0 1.0722e-11
0.15,0.3,0.05 110.086
0.15,0.3,0.1 440.637
0.15,0.3,0.15 217.573
0.15,0.3,0.2 269.028
0.15,0.3,0.25 124.34
0.15,0.3,0.3 57.9521
0.15,0.3,0.35 14.8309
0.15,0.3,0.4 1.19408
0.15,0.35,0 3.57402e-09
0.15,0.35,0.05 35.802
0.15,0.35,0.1 143.105
0.15,0.35,0.15 41.4445
0.15,0.35,0.2 13.8295
0.15,0.35,0.25 2.06352
0.15,0.35,0.3 2.15479e-06
0.15,0.4,0 1.43752e-08
0.15,0.4,0.05 65.9599
0.15,0.4,0.1 274.11
0.15,0.4,0.15 114.688
0.15,0.4,0.2 23.5973
0.15,0.4,0.25 0.714409
0.15,0.4,0.3 0.00652164
0.15,0.45,0 3.81552e-09
0.15,0.45,0.05 40.5735
0.15,0.45,0.1 220.807
0.15,0.45,0.15 544.942
0.15,0.45,0.2 463.371
0.15,0.45,0.25 92.7001
0.15,0.45,0.3 8.66084
0.15,0.45,0.35 10.3584
0.15,0.45,0.4 3.70917
0.15,0.45,0.45 0.0107696
0.15,0.5,0 8.3274e-10
0.15,0.5,0.05 142.099
0.15,0.5,0.1 598.965
0.15,0.5,0.15 681.361
0.15,0.5,0.2 849.26
0.15,0.5,0.25 384.804
0.15,0.5,0.3 165.776
0.15,0.5,0.35 336.594
0.15,0.5,0.4 129.795
0.15,0.5,0.45 1.07395
0.15,0.55,0 2.67571e-10
0.15,0.55,0.05 79.4712
0.15,0.55,0.1 326.914
0.15,0.55,0.15 346.289
0.15,0.55,0.2 648.143
0.15,0.55,0.25 781.772
0.15,0.55,0.3 646.992
0.15,0.55,0.35 670.348
0.15,0.55,0.4 251.76
0.15,0.55,0.45 5.2834
0.15,0.6,0 3.81026e-12
0.15,0.6,0.05 18.7439
0.15,0.6,0.1 183.324
0.15,0.6,0.15 195.733
0.15,0.6,0.2 350.63
0.15,0.6,0.25 549.967
0.15,0.6,0.3 837.028
0.15,0.6,0.35 476.553
0.15,0.6,0.4 73.9727
0.15,0.6,0.45 2.00196
0.15,0.65,0 3.90585e-16
0.15,0.65,0.05 39.8052
0.15,0.65,0.1 336.389
0.15,0.65,0.15 228.111
0.15,0.65,0.2 119.658
0.15,0.65,0.25 154.9
0.15,0.65,0.3 443.364
0.15,0.65,0.35 184.8
0.15,0.65,0.4 3.84342
0.15,0.65,0.45 0.0055383
0.15,0.7,0 2.51584e-10
0.15,0.7,0.05 31.3295
0.15,0.7,0.1 372.043
0.15,0.7,0.15 380.237
0.15,0.7,0.2 488.414
0.15,0.7,0.25 541.496
0.15,0.7,0.3 491.921
0.15,0.7,0.35 77.2004
0.15,0.7,0.4 0.3655
0.15,0.7,0.45 5.92356e-09
0.15,0.75,0 2.5886e-09
0.15,0.75,0.05 12.9832
0.15,0.75,0.1 112.01
0.15,0.75,0.15 326.804
0.15,0.75,0.2 473.37
0.15,0.75,0.25 331.092
0.15,0.75,0.3 166.211
0.15,0.75,0.35 10.6688
0.15,0.75,0.4 1.16779e-05
0.15,0.8,0 1.52321e-09
0.15,0.8,0.05 5.08228
0.15,0.8,0.1 46.1082
0.15,0.8,0.15 253.198
0.15,0.8,0.2 320.694
0.15,0.8,0.25 149.498
0.15,0.8,0.3 11.4343
0.15,0.8,0.35 0.011864
0.15,0.85,0 1.95354e-11
0.15,0.85,0.05 0.0647389
0.15,0.85,0.1 4.68442
0.15,0.85,0.15 24.0814
0.15,0.85,0.2 77.2807
0.15,0.85,0.25 90.6659
0.15,0.85,0.3 6.30955
0.15,0.9,0.15 0.0348912
0.15,0.9,0.2 1.45113
0.15,0.9,0.25 1.94179
0.15,0.9,0.3 0.13564
0.2,0,0.1 1.21643e-14
0.2,0,0.15 3.22306e-12
0.2,0,0.2 8.58693e-12
0.2,0,0.25 6.89561e-12
0.2,0,0.3 2.44805e-12
0.2,0,0.35 9.11257e-15
0.2,0.05,0 2.59192e-12
0.2,0.05,0.05 0.0526829
0.2,0.05,0.1 2.10578
0.2,0.05,0.15 52.7593
0.2,0.05,0.2 136.882
0.2,0.05,0.25 138.395
0.2,0.05,0.3 39.3218
0.2,0.05,0.35 0.124377
0.2,0.1,0 1.75541e-09
0.2,0.1,0.05 35.866
0.2,0.1,0.1 158.843
0.2,0.1,0.15 293.182
0.2,0.1,0.2 607.534
0.2,0.1,0.25 634.099
0.2,0.1,0.3 170.751
0.2,0.1,0.35 1.15699
0.2,0.1,0.4 0.000227808
0.2,0.15,0 4.92556e-09
0.2,0.15,0.05 108.144
0.2,0.15,0.1 453.86
0.2,0.15,0.15 252.117
0.2,0.15,0.2 460.284
0.2,0.15,0.25 495.289
0.2,0.15,0.3 346.803
0.2,0.15,0.35 51.7026
0.2,0.15,0.4 0.0799784
0.2,0.2,0 2.02103e-09
0.2,0.2,0.05 103.091
0.2,0.2,0.1 424.53
0.2,0.2,0.15 369.837
0.2,0.2,0.2 780.898
0.2,0.2,0.25 597.589
0.2,0.2,0.3 795.13
0.2,0.2,0.35 142.441
0.2,0.2,0.4 0.641571
0.2,0.25,0 7.042e-10
0.2,0.25,0.05 146.583
0.2,0.25,0.1 589.977
0.2,0.25,0.15 366.385
0.2,0.25,0.2 489.536
0.2,0.25,0.25 433.957
0.2,0.25,0.3 404.809
0.2,0.25,0.35 57.7862
0.2,0.25,0.4 0.66554
0.2,0.3,0 4.56585e-11
0.2,0.3,0.05 157.18
0.2,0.3,0.1 630.726
0.2,0.3,0.15 264.761
0.2,0.3,0.2 261.942
0.2,0.3,0.25 116.917
0.2,0.3,0.3 44.2493
0.2,0.3,0.35 3.19598
0.2,0.3,0.4 0.0451268
0.2,0.35,0 7.09447e-10
0.2,0.35,0.05 55.2306
0.2,0.35,0.1 220.948
0.2,0.35,0.15 60.0955
0.2,0.35,0.2 16.3404
0.2,0.35,0.25 4.18996
0.2,0.35,0.3 0.0458922
0.2,0.35,0.35 0.00808867
0.2,0.4,0 1.03708e-09
0.2,0.4,0.05 24.7523
0.2,0.4,0.1 154.546
0.2,0.4,0.15 174.706
0.2,0.4,0.2 32.0894
0.2,0.4,0.25 0.691728
0.2,0.4,0.3 0.0246522
0.2,0.45,0 4.91354e-10
0.2,0.45,0.05 40.7223
0.2,0.45,0.1 361.132
0.2,0.45,0.15 779.866
0.2,0.45,0.2 358.082
0.2,0.45,0.25 146.304
0.2,0.45,0.3 21.121
0.2,0.45,0.35 9.6611
0.2,0.45,0.4 1.47262
0.2,0.45,0.45 0.00190291
0.2,0.5,0 8.30581e-10
0.2,0.5,0.05 98.6566
0.2,0.5,0.1 454.718
0.2,0.5,0.15 648.777
0.2,0.5,0.2 763.647
0.2,0.5,0.25 661.86
0.2,0.5,0.3 257.634
0.2,0.5,0.35 366.041
0.2,0.5,0.4 97.1688
0.2,0.5,0.45 2.03999
0.2,0.55,0 2.08897e-10
0.2,0.55,0.05 46.2795
0.2,0.55,0.1 195.799
0.2,0.55,0.15 186.73
0.2,0.55,0.2 420.157
0.2,0.55,0.25 835.988
0.2,0.55,0.3 619.127
0.2,0.55,0.35 886.78
0.2,0.55,0.4 400.619
0.2,0.55,0.45 13.1032
0.2,0.6,0 3.46351e-11
0.2,0.6,0.05 62.0419
0.2,0.6,0.1 398.91
0.2,0.6,0.15 222.833
0.2,0.6,0.2 188.555
0.2,0.6,0.25 498.798
0.2,0.6,0.3 500.923
0.2,0.6,0.35 467.858
0.2,0.6,0.4 183.22
0.2,0.6,0.45 5.27236
0.2,0.65,0 2.88751e-11
0.2,0.65,0.05 128.469
0.2,0.65,0.1 689.55
0.2,0.65,0.15 495.915
0.2,0.65,0.2 454.578
0.2,0.65,0.25 242.55
0.2,0.65,0.3 224.295
0.2,0.65,0.35 107.016
0.2,0.65,0.4 18.8834
0.2,0.65,0.45 0.0157419
0.2,0.7,0 2.48656e-09
0.2,0.7,0.05 70.1686
0.2,0.7,0.1 399.998
0.2,0.7,0.15 566.574
0.2,0.7,0.2 619.071
0.2,0.7,0.25 509.782
0.2,0.7,0.3 662.792
0.2,0.7,0.35 101.914
0.2,0.7,0.4 0.122703
0.2,0.7,0.45 6.59974e-06
0.2,0.75,0 2.51539e-08
0.2,0.75,0.05 124.651
0.2,0.75,0.1 567.809
0.2,0.75,0.15 716.064
0.2,0.75,0.2 737.735
0.2,0.75,0.25 323.996
0.2,0.75,0.3 241.982
0.2,0.75,0.35 32.0768
0.2,0.75,0.4 2.36868e-07
0.2,0.8,0 1.47989e-08
0.2,0.8,0.05 65.832
0.2,0.8,0.1 364.57
0.2,0.8,0.15 684.773
0.2,0.8,0.2 663.481
0.2,0.8,0.25 315.313
0.2,0.8,0.3 20.6043
0.2,0.8,0.35 0.0658437
0.2,0.85,0 1.898e-10
0.2,0.85,0.05 0.696069
0.2,0.85,0.1 23.1459
0.2,0.85,0.15 95.0986
0.2,0.85,0.2 171.275
0.2,0.85,0.25 189.603
0.2,0.85,0.3 13.1879
0.2,0.9,0.15 0.0729282
0.2,0.9,0.2 3.0331
0.2,0.9,0.25 4.05865
0.2,0.9,0.3 0.283508
0.25,0,0.1 4.4342e-13
0.25,0,0.15 1.88157e-11
0.25,0,0.2 3.02791e-11
0.25,0,0.25 9.52765e-11
0.25,0,0.3 8.85446e-11
0.25,0,0.35 3.50153e-12
0.25,0.05,0 1.08787e-12
0.25,0.05,0.05 0.0221119
0.25,0.05,0.1 8.0958
0.25,0.05,0.15 85.9043
0.25,0.05,0.2 106.814
0.25,0.05,0.25 80.7656
0.25,0.05,0.3 23.0164
0.25,0.05,0.35 0.549752
0.25,0.1,0 7.36776e-10
0.25,0.1,0.05 16.9671
0.25,0.1,0.1 139.547
0.25,0.1,0.15 559.053
0.25,0.1,0.2 563.172
0.25,0.1,0.25 421.2
0.25,0.1,0.3 112.445
0.25,0.1,0.35 3.19718
0.25,0.1,0.4 0.0141021
0.25,0.15,0 2.17013e-09
0.25,0.15,0.05 76.3724
