0.55,0.75,0.4 181.391
0.55,0.75,0.45 135.235
0.55,0.75,0.5 50.7273
0.55,0.75,0.55 97.9909
0.55,0.75,0.6 74.3329
0.55,0.75,0.65 57.3416
0.55,0.75,0.7 3.11401
0.55,0.75,0.75 2.00918e-06
0.55,0.8,0.15 0.0592333
0.55,0.8,0.2 0.730228
0.55,0.8,0.25 16.3188
0.55,0.8,0.3 34.7654
0.55,0.8,0.35 8.44384
0.55,0.8,0.4 88.1705
0.55,0.8,0.45 87.9435
0.55,0.8,0.5 3.87396
0.55,0.8,0.55 1.50819
0.55,0.8,0.6 1.54153
0.55,0.8,0.65 0.0908356
0.55,0.8,0.7 0.00129487
0.55,0.85,0.15 0.0433191
0.55,0.85,0.2 0.483014
0.55,0.85,0.25 2.1103
0.55,0.85,0.3 3.97472
0.55,0.85,0.35 0.946951
0.55,0.85,0.4 9.70103
0.55,0.85,0.45 9.68657
0.55,0.85,0.5 0.420026
0.55,0.9,0.15 0.000990279
0.55,0.9,0.2 0.0108258
0.55,0.9,0.25 0.00667183
0.55,0.9,0.3 9.79609e-05
0.6,0.1,0.15 4.5832e-07
0.6,0.1,0.2 1.25747e-05
0.6,0.1,0.25 1.38201e-05
0.6,0.1,0.3 0.114392
0.6,0.1,0.35 0.975805
0.6,0.1,0.4 0.494155
0.6,0.1,0.45 0.00384326
0.6,0.1,0.5 0.00403237
0.6,0.1,0.55 0.218354
0.6,0.1,0.6 0.35466
0.6,0.1,0.65 0.0330262
0.6,0.15,0.15 0.000627788
0.6,0.15,0.2 0.67675
0.6,0.15,0.25 5.40112
0.6,0.15,0.3 20.1771
0.6,0.15,0.35 138.727
0.6,0.15,0.4 70.7482
0.6,0.15,0.45 5.63596
0.6,0.15,0.5 13.8187
0.6,0.15,0.55 89.0708
0.6,0.15,0.6 140.548
0.6,0.15,0.65 13.0983
0.6,0.15,0.7 0.00096902
0.6,0.15,0.75 6.49092e-05
0.6,0.2,0.1 5.98136e-05
0.6,0.2,0.15 0.0572113
0.6,0.2,0.2 19.552
0.6,0.2,0.25 158.664
0.6,0.2,0.3 226.591
0.6,0.2,0.35 478.438
0.6,0.2,0.4 203.819
0.6,0.2,0.45 109.067
0.6,0.2,0.5 222.846
0.6,0.2,0.55 297.605
0.6,0.2,0.6 421.078
0.6,0.2,0.65 71.8543
0.6,0.2,0.7 11.9786
0.6,0.2,0.75 0.209627
0.6,0.25,0.1 0.037376
0.6,0.25,0.15 34.7074
0.6,0.25,0.2 122.15
0.6,0.25,0.25 207.384
0.6,0.25,0.3 361.105
0.6,0.25,0.35 506.574
0.6,0.25,0.4 280.694
0.6,0.25,0.45 282.336
0.6,0.25,0.5 209.701
0.6,0.25,0.55 290.011
0.6,0.25,0.6 615.486
0.6,0.25,0.65 337.323
0.6,0.25,0.7 87.5354
0.6,0.25,0.75 0.729832
0.6,0.25,0.8 0.000130308
0.6,0.3,0.1 0.101149
0.6,0.3,0.15 110.048
0.6,0.3,0.2 358.958
0.6,0.3,0.25 208.581
0.6,0.3,0.3 613.019
0.6,0.3,0.35 668.497
0.6,0.3,0.4 614.107
0.6,0.3,0.45 467.191
0.6,0.3,0.5 60.946
0.6,0.3,0.55 209.978
0.6,0.3,0.6 625.701
0.6,0.3,0.65 375.035
0.6,0.3,0.7 98.0106
0.6,0.3,0.75 3.09178
0.6,0.3,0.8 0.01739
0.6,0.35,0.05 0.124031
0.6,0.35,0.1 0.957572
0.6,0.35,0.15 100.677
0.6,0.35,0.2 510.092
0.6,0.35,0.25 693.378
0.6,0.35,0.3 666.786
0.6,0.35,0.35 315.307
0.6,0.35,0.4 606.331
0.6,0.35,0.45 388.469
0.6,0.35,0.5 91.8909
0.6,0.35,0.55 290.802
0.6,0.35,0.6 673.995
0.6,0.35,0.65 507.759
0.6,0.35,0.7 132.32
0.6,0.35,0.75 5.66224
0.6,0.35,0.8 0.0346839
0.6,0.4,0.05 3.23482
0.6,0.4,0.1 29.1355
0.6,0.4,0.15 60.5223
0.6,0.4,0.2 234.269
0.6,0.4,0.25 486.235
0.6,0.4,0.3 208.643
0.6,0.4,0.35 130.969
0.6,0.4,0.4 730.32
0.6,0.4,0.45 511.256
0.6,0.4,0.5 93.5891
0.6,0.4,0.55 97.854
0.6,0.4,0.6 94.2039
0.6,0.4,0.65 89.7796
0.6,0.4,0.7 21.1271
0.6,0.4,0.75 0.647946
0.6,0.4,0.8 0.00411497
0.6,0.45,0 1.44797e-11
0.6,0.45,0.05 3.58036
0.6,0.45,0.1 129.185
0.6,0.45,0.15 311.248
0.6,0.45,0.2 107.445
0.6,0.45,0.25 371.029
0.6,0.45,0.3 245.479
0.6,0.45,0.35 418.924
0.6,0.45,0.4 402.977
0.6,0.45,0.45 119.602
0.6,0.45,0.5 296.435
0.6,0.45,0.55 323.748
0.6,0.45,0.6 203.581
0.6,0.45,0.65 200.929
0.6,0.45,0.7 43.8181
0.6,0.45,0.75 0.0308335
0.6,0.5,0 9.85443e-10
0.6,0.5,0.05 0.308431
0.6,0.5,0.1 111.332
0.6,0.5,0.15 436.239
0.6,0.5,0.2 379.032
0.6,0.5,0.25 675.434
0.6,0.5,0.3 348.604
0.6,0.5,0.35 452.13
0.6,0.5,0.4 620.894
0.6,0.5,0.45 246.088
0.6,0.5,0.5 482.507
0.6,0.5,0.55 577.61
0.6,0.5,0.6 647.964
0.6,0.5,0.65 791.241
0.6,0.5,0.7 192.774
0.6,0.5,0.75 0.684434
0.6,0.55,0 1.59858e-09
0.6,0.55,0.05 0.0105151
0.6,0.55,0.1 18.7833
0.6,0.55,0.15 254.659
0.6,0.55,0.2 616.207
0.6,0.55,0.25 570.917
0.6,0.55,0.3 142.791
0.6,0.55,0.35 357.619
0.6,0.55,0.4 734.812
0.6,0.55,0.45 326.245
0.6,0.55,0.5 406.498
0.6,0.55,0.55 294.212
0.6,0.55,0.6 358.176
0.6,0.55,0.65 446.772
0.6,0.55,0.7 163.904
0.6,0.55,0.75 3.67326
0.6,0.6,0 1.46178e-10
0.6,0.6,0.05 0.000235028
0.6,0.6,0.1 17.1
0.6,0.6,0.15 279.079
0.6,0.6,0.2 512.734
0.6,0.6,0.25 667.399
0.6,0.6,0.3 196.537
0.6,0.6,0.35 150.199
0.6,0.6,0.4 311.625
0.6,0.6,0.45 103.416
0.6,0.6,0.5 305.457
0.6,0.6,0.55 558.285
0.6,0.6,0.6 478.847
0.6,0.6,0.65 92.7987
0.6,0.6,0.7 34.8315
0.6,0.6,0.75 1.48994
0.6,0.65,0.1 12.9289
0.6,0.65,0.15 204.812
0.6,0.65,0.2 289.929
0.6,0.65,0.25 532.131
0.6,0.65,0.3 283.662
0.6,0.65,0.35 170.047
0.6,0.65,0.4 425.363
0.6,0.65,0.45 237.17
0.6,0.65,0.5 606.032
0.6,0.65,0.55 728.667
0.6,0.65,0.6 693.38
0.6,0.65,0.65 162.698
0.6,0.65,0.7 19.1675
0.6,0.65,0.75 0.0196309
0.6,0.7,0.1 0.397804
0.6,0.7,0.15 6.39803
0.6,0.7,0.2 17.9773
0.6,0.7,0.25 129.882
0.6,0.7,0.3 95.9898
0.6,0.7,0.35 52.8519
0.6,0.7,0.4 219.5
0.6,0.7,0.45 237.658
0.6,0.7,0.5 268.135
0.6,0.7,0.55 432.532
0.6,0.7,0.6 651.244
0.6,0.7,0.65 421.647
0.6,0.7,0.7 57.1831
0.6,0.7,0.75 0.0374749
0.6,0.75,0.15 0.849829
0.6,0.75,0.2 9.70769
0.6,0.75,0.25 83.1689
0.6,0.75,0.3 168.837
0.6,0.75,0.35 31.6464
0.6,0.75,0.4 178.153
0.6,0.75,0.45 182.169
0.6,0.75,0.5 27.9969
0.6,0.75,0.55 232.594
0.6,0.75,0.6 307.17
0.6,0.75,0.65 116.336
0.6,0.75,0.7 11.5613
0.6,0.75,0.75 0.00604973
0.6,0.8,0.15 11.7857
0.6,0.8,0.2 129.617
0.6,0.8,0.25 228.632
0.6,0.8,0.3 326.994
0.6,0.8,0.35 54.7875
0.6,0.8,0.4 270.228
0.6,0.8,0.45 269.804
0.6,0.8,0.5 12.838
0.6,0.8,0.55 26.2486
0.6,0.8,0.6 26.3897
0.6,0.8,0.65 1.19539
0.6,0.8,0.7 0.00196967
0.6,0.85,0.15 8.61922
0.6,0.85,0.2 94.3148
0.6,0.85,0.25 75.1161
0.6,0.85,0.3 38.0706
0.6,0.85,0.35 6.21159
0.6,0.85,0.4 29.8066
0.6,0.85,0.45 29.7622
0.6,0.85,0.5 1.29054
0.6,0.9,0.15 0.197036
0.6,0.9,0.2 2.15402
0.6,0.9,0.25 1.3275
0.6,0.9,0.3 0.0194913
0.65,0.1,0.15 0.000811829
0.65,0.1,0.2 0.0222737
0.65,0.1,0.25 0.0244798
0.65,0.1,0.3 0.101894
0.65,0.1,0.35 0.8585
0.65,0.1,0.4 0.434751
0.65,0.1,0.45 0.00338852
0.65,0.1,0.5 0.0933671
0.65,0.1,0.55 0.375682
0.65,0.1,0.6 0.155959
0.65,0.1,0.65 0.00794919
0.65,0.15,0.15 1.11201
0.65,0.15,0.2 31.4148
0.65,0.15,0.25 42.9708
0.65,0.15,0.3 43.0643
0.65,0.15,0.35 152.025
0.65,0.15,0.4 72.9189
0.65,0.15,0.45 4.3224
0.65,0.15,0.5 38.7828
0.65,0.15,0.55 110.349
0.65,0.15,0.6 69.5359
0.65,0.15,0.65 16.8314
0.65,0.15,0.7 0.404601
0.65,0.15,0.75 0.00157206
0.65,0.2,0.1 0.0147296
0.65,0.2,0.15 3.4848
0.65,0.2,0.2 117.741
0.65,0.2,0.25 333.706
0.65,0.2,0.3 360.71
0.65,0.2,0.35 623.387
0.65,0.2,0.4 281.951
0.65,0.2,0.45 70.6582
0.65,0.2,0.5 315.905
0.65,0.2,0.55 394.657
0.65,0.2,0.6 308.378
0.65,0.2,0.65 134.94
0.65,0.2,0.7 75.7595
0.65,0.2,0.75 4.94159
0.65,0.25,0.1 0.232874
0.65,0.25,0.15 43.2584
0.65,0.25,0.2 179.111
0.65,0.25,0.25 314.627
0.65,0.25,0.3 328.708
0.65,0.25,0.35 394.279
0.65,0.25,0.4 393.959
0.65,0.25,0.45 212.69
0.65,0.25,0.5 389.885
0.65,0.25,0.55 628.191
0.65,0.25,0.6 741.899
0.65,0.25,0.65 327.149
0.65,0.25,0.7 244.605
0.65,0.25,0.75 16.3858
0.65,0.25,0.8 0.00352727
0.65,0.3,0.1 0.314253
0.65,0.3,0.15 149.619
0.65,0.3,0.2 659.024
0.65,0.3,0.25 379.181
0.65,0.3,0.3 298.965
0.65,0.3,0.35 295.396
0.65,0.3,0.4 638.401
0.65,0.3,0.45 305.602
0.65,0.3,0.5 186.184
0.65,0.3,0.55 346.756
0.65,0.3,0.6 536.116
0.65,0.3,0.65 452.012
0.65,0.3,0.7 312.065
0.65,0.3,0.75 67.7526
0.65,0.3,0.8 0.470726
0.65,0.35,0.05 1.2335
0.65,0.35,0.1 12.7686
0.65,0.35,0.15 146.598
0.65,0.35,0.2 727.532
0.65,0.35,0.25 1014.09
0.65,0.35,0.3 698.468
0.65,0.35,0.35 342.181
0.65,0.35,0.4 646.269
0.65,0.35,0.45 253.726
0.65,0.35,0.5 436.791
0.65,0.35,0.55 666.175
0.65,0.35,0.6 627.237
0.65,0.35,0.65 629.191
0.65,0.35,0.7 484.762
0.65,0.35,0.75 128.073
0.65,0.35,0.8 0.938853
0.65,0.4,0.05 32.1566
0.65,0.4,0.1 249.811
0.65,0.4,0.15 175.887
0.65,0.4,0.2 192.288
0.65,0.4,0.25 551.172
0.65,0.4,0.3 371.246
0.65,0.4,0.35 271.618
0.65,0.4,0.4 555.735
0.65,0.4,0.45 268.018
0.65,0.4,0.5 439.763
0.65,0.4,0.55 391.916
0.65,0.4,0.6 153.135
0.65,0.4,0.65 70.7097
0.65,0.4,0.7 54.7301
0.65,0.4,0.75 15.4473
0.65,0.4,0.8 0.111387
0.65,0.45,0 1.51484e-07
0.65,0.45,0.05 39.6572
0.65,0.45,0.1 344.203
0.65,0.45,0.15 245.77
0.65,0.45,0.2 145.117
0.65,0.45,0.25 307.114
0.65,0.45,0.3 306.282
0.65,0.45,0.35 439.565
0.65,0.45,0.4 170.81
0.65,0.45,0.45 205.732
0.65,0.45,0.5 272.755
0.65,0.45,0.55 345.675
0.65,0.45,0.6 339.834
0.65,0.45,0.65 267.769
0.65,0.45,0.7 40.0867
0.65,0.45,0.75 0.41547
0.65,0.5,0 1.03095e-05
0.65,0.5,0.05 28.4016
0.65,0.5,0.1 241.843
0.65,0.5,0.15 473.225
0.65,0.5,0.2 674.144
0.65,0.5,0.25 665.586
0.65,0.5,0.3 379.085
0.65,0.5,0.35 474.601
0.65,0.5,0.4 337.888
0.65,0.5,0.45 714.524
0.65,0.5,0.5 505.958
0.65,0.5,0.55 645.501
0.65,0.5,0.6 829.545
0.65,0.5,0.65 776.932
0.65,0.5,0.7 254.928
0.65,0.5,0.75 8.49945
0.65,0.5,0.8 0.000164991
0.65,0.55,0 1.67241e-05
0.65,0.55,0.05 28.1013
0.65,0.55,0.1 144.226
0.65,0.55,0.15 313.851
0.65,0.55,0.2 651.669
0.65,0.55,0.25 746.963
0.65,0.55,0.3 363.322
0.65,0.55,0.35 262.615
0.65,0.55,0.4 633.871
0.65,0.55,0.45 412.254
0.65,0.55,0.5 208.954
0.65,0.55,0.55 496.771
0.65,0.55,0.6 541.392
0.65,0.55,0.65 742.915
0.65,0.55,0.7 546.32
0.65,0.55,0.75 27.6121
0.65,0.55,0.8 0.00154148
0.65,0.6,0 1.52928e-06
0.65,0.6,0.05 2.45921
0.65,0.6,0.1 32.2023
0.65,0.6,0.15 214.887
0.65,0.6,0.2 692.157
0.65,0.6,0.25 971.824
0.65,0.6,0.3 373.282
0.65,0.6,0.35 99.1443
0.65,0.6,0.4 204.32
0.65,0.6,0.45 156.167
0.65,0.6,0.5 504.683
0.65,0.6,0.55 561.134
0.65,0.6,0.6 412.75
0.65,0.6,0.65 201.605
0.65,0.6,0.7 164.736
0.65,0.6,0.75 10.0723
0.65,0.6,0.8 0.000840732
0.65,0.65,0.05 3.87687e-05
0.65,0.65,0.1 7.93956
0.65,0.65,0.15 119.392
0.65,0.65,0.2 378.404
0.65,0.65,0.25 447.38
0.65,0.65,0.3 159.61
0.65,0.65,0.35 168.064
0.65,0.65,0.4 350.865
0.65,0.65,0.45 382.794
0.65,0.65,0.5 837.302
0.65,0.65,0.55 560.873
0.65,0.65,0.6 681.599
0.65,0.65,0.65 286.21
0.65,0.65,0.7 68.8828
0.65,0.65,0.75 1.47239
0.65,0.65,0.8 8.48156e-06
0.65,0.7,0.1 0.200284
0.65,0.7,0.15 3.86879
0.65,0.7,0.2 20.2691
0.65,0.7,0.25 43.5118
0.65,0.7,0.3 62.549
0.65,0.7,0.35 97.4067
0.65,0.7,0.4 231.996
0.65,0.7,0.45 502.166
0.65,0.7,0.5 370.196
0.65,0.7,0.55 369.552
0.65,0.7,0.6 554.852
0.65,0.7,0.65 504.806
0.65,0.7,0.7 167.864
0.65,0.7,0.75 2.7681
0.65,0.75,0.15 1.86945
0.65,0.75,0.2 20.6601
0.65,0.75,0.25 57.2715
0.65,0.75,0.3 102.475
0.65,0.75,0.35 23.0975
0.65,0.75,0.4 54.0833
0.65,0.75,0.45 155.747
0.65,0.75,0.5 167.565
0.65,0.75,0.55 401.052
0.65,0.75,0.6 324.444
0.65,0.75,0.65 85.193
0.65,0.75,0.7 25.7658
0.65,0.75,0.75 0.316731
0.65,0.8,0.15 25.9261
0.65,0.8,0.2 283.855
0.65,0.8,0.25 276.155
0.65,0.8,0.3 251.137
0.65,0.8,0.35 79.3763
0.65,0.8,0.4 81.9853
0.65,0.8,0.45 56.5978
0.65,0.8,0.5 21.8653
0.65,0.8,0.55 52.4571
0.65,0.8,0.6 37.6506
0.65,0.8,0.65 1.22953
0.65,0.8,0.7 0.00016514
0.65,0.85,0.15 18.9606
0.65,0.85,0.2 207.329
0.65,0.85,0.25 147.086
0.65,0.85,0.3 58.1917
0.65,0.85,0.35 31.9161
0.65,0.85,0.4 19.2078
0.65,0.85,0.45 6.02448
0.65,0.85,0.5 0.247041
0.65,0.9,0.15 0.43344
0.65,0.9,0.2 4.73843
0.65,0.9,0.25 2.99689
0.65,0.9,0.3 0.340241
0.65,0.9,0.35 0.414109
0.65,0.9,0.4 0.193348
0.65,0.9,0.45 0.00185503
0.7,0.1,0.15 0.00248387
0.7,0.1,0.2 0.0681484
0.7,0.1,0.25 0.0748983
0.7,0.1,0.3 0.00727106
0.7,0.1,0.35 0.0292887
0.7,0.1,0.4 0.0148321
0.7,0.1,0.45 0.00012849
0.7,0.1,0.5 0.165742
0.7,0.1,0.55 0.579626
0.7,0.1,0.6 0.126633
0.7,0.15,0.15 3.4023
0.7,0.15,0.2 93.4132
0.7,0.15,0.25 107.521
0.7,0.15,0.3 53.0403
0.7,0.15,0.35 48.5715
0.7,0.15,0.4 14.6126
0.7,0.15,0.45 1.02189
0.7,0.15,0.5 51.5515
0.7,0.15,0.55 184.996
0.7,0.15,0.6 121.713
0.7,0.15,0.65 65.4717
0.7,0.15,0.7 1.84969
0.7,0.15,0.75 0.00161733
0.7,0.2,0.1 1.69549
0.7,0.2,0.15 22.388
0.7,0.2,0.2 286.352
0.7,0.2,0.25 386.819
0.7,0.2,0.3 503.993
0.7,0.2,0.35 492.435
0.7,0.2,0.4 208.49
0.7,0.2,0.45 36.1667
0.7,0.2,0.5 159.998
0.7,0.2,0.55 528.67
0.7,0.2,0.6 499.574
0.7,0.2,0.65 349.22
0.7,0.2,0.7 84.1157
0.7,0.2,0.75 5.08375
0.7,0.25,0.1 21.965
0.7,0.25,0.15 163.835
0.7,0.25,0.2 170.272
0.7,0.25,0.25 278.353
0.7,0.25,0.3 811.59
0.7,0.25,0.35 663.155
0.7,0.25,0.4 530.893
0.7,0.25,0.45 261.574
0.7,0.25,0.5 306.891
0.7,0.25,0.55 447.379
0.7,0.25,0.6 615.909
0.7,0.25,0.65 519.975
0.7,0.25,0.7 258.446
0.7,0.25,0.75 17.2582
0.7,0.25,0.8 0.00384968
0.7,0.3,0.1 16.0093
0.7,0.3,0.15 139.253
0.7,0.3,0.2 321.757
0.7,0.3,0.25 350.934
0.7,0.3,0.3 360.818
0.7,0.3,0.35 318.867
0.7,0.3,0.4 641.523
0.7,0.3,0.45 353.875
0.7,0.3,0.5 268.432
0.7,0.3,0.55 274.691
0.7,0.3,0.6 406.936
0.7,0.3,0.65 398.526
0.7,0.3,0.7 270.898
0.7,0.3,0.75 78.7166
0.7,0.3,0.8 0.513752
0.7,0.35,0.05 0.706882
0.7,0.35,0.1 33.8336
0.7,0.35,0.15 259.694
0.7,0.35,0.2 374.878
0.7,0.35,0.25 555.967
0.7,0.35,0.3 354.598
0.7,0.35,0.35 343.369
0.7,0.35,0.4 574.33
0.7,0.35,0.45 149.434
0.7,0.35,0.5 241.528
0.7,0.35,0.55 408.349
0.7,0.35,0.6 423.748
0.7,0.35,0.65 395.943
0.7,0.35,0.7 445.546
0.7,0.35,0.75 159.146
0.7,0.35,0.8 1.02467
0.7,0.4,0.05 18.5001
