0,0.65,0.15 7.45597e-13
0,0.65,0.2 8.48576e-12
0,0.65,0.25 5.38958e-12
0,0.65,0.3 8.60788e-14
0,0.7,0.15 9.03602e-12
0,0.7,0.2 1.0284e-10
0,0.7,0.25 6.53172e-11
0,0.7,0.3 1.0432e-12
0,0.75,0.15 6.00956e-12
0,0.75,0.2 6.83958e-11
0,0.75,0.25 4.34403e-11
0,0.75,0.3 6.93801e-13
0,0.8,0.15 1.08559e-13
0,0.8,0.2 1.23553e-12
0,0.8,0.25 7.84725e-13
0,0.8,0.3 1.25331e-14
0.05,0.1,0.05 0.0182266
0.05,0.1,0.1 5.77651
0.05,0.1,0.15 13.9853
0.05,0.1,0.2 2.07519
0.05,0.1,0.25 4.30605e-05
0.05,0.15,0 1.83915e-16
0.05,0.15,0.05 0.0986228
0.05,0.15,0.1 31.1662
0.05,0.15,0.15 77.4224
0.05,0.15,0.2 15.6557
0.05,0.15,0.25 0.607009
0.05,0.15,0.3 0.0150506
0.05,0.15,0.35 0.0399277
0.05,0.15,0.4 0.00655968
0.05,0.2,0 6.19752e-15
0.05,0.2,0.05 0.0648635
0.05,0.2,0.1 10.617
0.05,0.2,0.15 32.3997
0.05,0.2,0.2 19.8055
0.05,0.2,0.25 12.5857
0.05,0.2,0.3 15.9338
0.05,0.2,0.35 5.64724
0.05,0.2,0.4 0.760955
0.05,0.25,0 5.6899e-14
0.05,0.25,0.05 0.366626
0.05,0.25,0.1 1.48421
0.05,0.25,0.15 3.11107
0.05,0.25,0.2 7.33132
0.05,0.25,0.25 41.0735
0.05,0.25,0.3 57.9618
0.05,0.25,0.35 12.7988
0.05,0.25,0.4 1.46058
0.05,0.3,0 3.84023e-14
0.05,0.3,0.05 0.250637
0.05,0.3,0.1 1.00583
0.05,0.3,0.15 1.51372
0.05,0.3,0.2 3.36451
0.05,0.3,0.25 10.1377
0.05,0.3,0.3 13.5162
0.05,0.3,0.35 1.94709
0.05,0.3,0.4 0.165422
0.05,0.35,0 2.9298e-10
0.05,0.35,0.05 1.34787
0.05,0.35,0.1 5.38196
0.05,0.35,0.15 1.40423
0.05,0.35,0.2 0.152197
0.05,0.35,0.25 0.0232581
0.05,0.4,0 1.17859e-09
0.05,0.4,0.05 5.4024
0.05,0.4,0.1 21.5718
0.05,0.4,0.15 5.45961
0.05,0.4,0.2 0.258404
0.05,0.4,0.25 0.0704293
0.05,0.4,0.3 2.27476e-05
0.05,0.45,0 2.96324e-10
0.05,0.45,0.05 1.39171
0.05,0.45,0.1 5.62816
0.05,0.45,0.15 15.1772
0.05,0.45,0.2 58.0415
0.05,0.45,0.25 15.9681
0.05,0.45,0.3 0.102105
0.05,0.45,0.35 0.00553677
0.05,0.45,0.4 0.000694382
0.05,0.45,0.45 4.49578e-05
0.05,0.5,0 1.9949e-18
0.05,0.5,0.05 0.65505
0.05,0.5,0.1 3.53074
0.05,0.5,0.15 34.5803
0.05,0.5,0.2 141.941
0.05,0.5,0.25 44.0488
0.05,0.5,0.3 5.36804
0.05,0.5,0.35 0.277709
0.05,0.5,0.4 0.00690562
0.05,0.5,0.45 0.000286519
0.05,0.55,0.05 0.597507
0.05,0.55,0.1 3.19863
0.05,0.55,0.15 6.27783
0.05,0.55,0.2 27.9705
0.05,0.55,0.25 69.7217
0.05,0.55,0.3 45.6988
0.05,0.55,0.35 3.01774
0.05,0.55,0.4 0.107093
0.05,0.55,0.45 0.000112475
0.05,0.6,0.05 0.0218834
0.05,0.6,0.1 0.11711
0.05,0.6,0.15 0.0830638
0.05,0.6,0.2 6.61776
0.05,0.6,0.25 63.7339
0.05,0.6,0.3 45.942
0.05,0.6,0.35 10.2992
0.05,0.6,0.4 1.72953
0.05,0.6,0.45 2.66149e-07
0.05,0.65,0.15 0.560984
0.05,0.65,0.2 6.69743
0.05,0.65,0.25 7.13543
0.05,0.65,0.3 5.674
0.05,0.65,0.35 12.9019
0.05,0.65,0.4 2.92499
0.05,0.7,0.15 6.76439
0.05,0.7,0.2 76.9866
0.05,0.7,0.25 48.8966
0.05,0.7,0.3 1.14319
0.05,0.7,0.35 1.3308
0.05,0.7,0.4 0.305533
0.05,0.75,0.15 4.49877
0.05,0.75,0.2 51.2012
0.05,0.75,0.25 32.5195
0.05,0.75,0.3 0.519381
0.05,0.8,0.15 0.0812677
0.05,0.8,0.2 0.924922
0.05,0.8,0.25 0.587447
0.05,0.8,0.3 0.00938232
0.1,0,0.1 2.01027e-19
0.1,0,0.15 6.84176e-17
0.1,0,0.2 1.67834e-16
0.1,0,0.25 2.52659e-17
0.1,0.05,0.1 2.64753e-06
0.1,0.05,0.15 0.000901064
0.1,0.05,0.2 0.136586
0.1,0.05,0.25 1.64528
0.1,0.05,0.3 1.10196
0.1,0.05,0.35 0.0202846
0.1,0.1,0.05 0.0944143
0.1,0.1,0.1 29.9225
0.1,0.1,0.15 72.4821
0.1,0.1,0.2 11.8246
0.1,0.1,0.25 7.69536
0.1,0.1,0.3 4.99756
0.1,0.1,0.35 0.120738
0.1,0.1,0.4 8.60977e-05
0.1,0.15,0 1.61724e-12
0.1,0.15,0.05 3.30049
0.1,0.15,0.1 172.725
0.1,0.15,0.15 431.959
0.1,0.15,0.2 149.021
0.1,0.15,0.25 18.6749
0.1,0.15,0.3 8.74895
0.1,0.15,0.35 3.93861
0.1,0.15,0.4 0.19391
0.1,0.2,0 1.6235e-11
0.1,0.2,0.05 30.6295
0.1,0.2,0.1 176.596
0.1,0.2,0.15 300.485
0.1,0.2,0.2 343.773
0.1,0.2,0.25 116.383
0.1,0.2,0.3 149.648
0.1,0.2,0.35 142.527
0.1,0.2,0.4 21.591
0.1,0.25,0 1.52925e-11
0.1,0.25,0.05 57.3631
0.1,0.25,0.1 229.76
0.1,0.25,0.15 153.275
0.1,0.25,0.2 243.64
0.1,0.25,0.25 291.002
0.1,0.25,0.3 434.205
0.1,0.25,0.35 276.515
0.1,0.25,0.4 41.4163
0.1,0.3,0 4.52776e-12
0.1,0.3,0.05 29.4396
0.1,0.3,0.1 117.926
0.1,0.3,0.15 97.8159
0.1,0.3,0.2 171.795
0.1,0.3,0.25 87.0211
0.1,0.3,0.3 92.0269
0.1,0.3,0.35 34.3036
0.1,0.3,0.4 4.69053
0.1,0.35,0 4.53774e-09
0.1,0.35,0.05 21.5211
0.1,0.35,0.1 85.9428
0.1,0.35,0.15 24.7563
0.1,0.35,0.2 8.23215
0.1,0.35,0.25 1.25801
0.1,0.4,0 1.82539e-08
0.1,0.4,0.05 83.6724
0.1,0.4,0.1 334.33
0.1,0.4,0.15 88.7928
0.1,0.4,0.2 6.72763
0.1,0.4,0.25 0.767673
0.1,0.4,0.3 0.000445299
0.1,0.45,0 4.58974e-09
0.1,0.45,0.05 23.8577
0.1,0.45,0.1 102.075
0.1,0.45,0.15 199.434
0.1,0.45,0.2 432.909
0.1,0.45,0.25 103.511
0.1,0.45,0.3 3.72974
0.1,0.45,0.35 11.3183
0.1,0.45,0.4 14.1867
0.1,0.45,0.45 0.918526
0.1,0.5,0 1.32065e-12
0.1,0.5,0.05 38.5888
0.1,0.5,0.1 204.124
0.1,0.5,0.15 352.063
0.1,0.5,0.2 893.046
0.1,0.5,0.25 352.205
0.1,0.5,0.3 143.903
0.1,0.5,0.35 92.0162
0.1,0.5,0.4 92.1002
0.1,0.5,0.45 5.85452
0.1,0.55,0 3.80494e-13
0.1,0.55,0.05 32.0432
0.1,0.55,0.1 170.98
0.1,0.55,0.15 137.289
0.1,0.55,0.2 298.825
0.1,0.55,0.25 556.305
0.1,0.55,0.3 490.272
0.1,0.55,0.35 236.186
0.1,0.55,0.4 52.3902
0.1,0.55,0.45 2.29922
0.1,0.6,0 3.53164e-17
0.1,0.6,0.05 2.2506
0.1,0.6,0.1 18.9193
0.1,0.6,0.15 20.1575
0.1,0.6,0.2 144.891
0.1,0.6,0.25 425.971
0.1,0.6,0.3 394.844
0.1,0.6,0.35 331.828
0.1,0.6,0.4 46.4404
0.1,0.6,0.45 0.00556662
0.1,0.65,0.05 1.12401
0.1,0.65,0.1 14.9381
0.1,0.65,0.15 28.6939
0.1,0.65,0.2 53.7932
0.1,0.65,0.25 55.3105
0.1,0.65,0.3 110.901
0.1,0.65,0.35 284.748
0.1,0.65,0.4 63.4272
0.1,0.7,0.05 0.048178
0.1,0.7,0.1 10.0017
0.1,0.7,0.15 89.9374
0.1,0.7,0.2 351.995
0.1,0.7,0.25 244.216
0.1,0.7,0.3 64.4834
0.1,0.7,0.35 32.2069
0.1,0.7,0.4 6.59836
0.1,0.75,0.1 2.4933
0.1,0.75,0.15 33.3624
0.1,0.75,0.2 213.294
0.1,0.75,0.25 139.555
0.1,0.75,0.3 12.41
0.1,0.75,0.35 0.605163
0.1,0.8,0.1 0.000237833
0.1,0.8,0.15 0.633339
0.1,0.8,0.2 4.62928
0.1,0.8,0.25 2.56589
0.1,0.8,0.3 0.0493901
0.1,0.8,0.35 9.10412e-09
0.1,0.85,0.1 6.2006e-06
0.1,0.85,0.15 0.00852769
0.1,0.85,0.2 0.0278107
0.1,0.85,0.25 0.0144898
0.1,0.85,0.3 0.00251076
0.1,0.85,0.35 1.92519e-09
0.15,0,0.1 2.5992e-15
0.15,0,0.15 8.84613e-13
0.15,0,0.2 2.17003e-12
0.15,0,0.25 3.26679e-13
0.15,0.05,0 3.77742e-13
0.15,0.05,0.05 0.00767793
0.15,0.05,0.1 0.0649096
0.15,0.05,0.15 11.6581
0.15,0.05,0.2 32.9551
0.15,0.05,0.25 57.7468
0.15,0.05,0.3 35.7485
0.15,0.05,0.35 0.655676
0.15,0.1,0 2.55832e-10
0.15,0.1,0.05 5.23047
0.15,0.1,0.1 30.5735
0.15,0.1,0.15 76.3818
0.15,0.1,0.2 154.962
0.15,0.1,0.25 272.696
0.15,0.1,0.3 163.823
0.15,0.1,0.35 3.61342
0.15,0.1,0.4 0.00185215
0.15,0.15,0 7.0896e-10
0.15,0.15,0.05 24.1396
0.15,0.15,0.1 148.139
0.15,0.15,0.15 216.007
0.15,0.15,0.2 341.8
0.15,0.15,0.25 253.852
0.15,0.15,0.3 204.882
0.15,0.15,0.35 65.0098
0.15,0.15,0.4 0.389596
0.15,0.2,0 2.0535e-10
0.15,0.2,0.05 104.18
0.15,0.2,0.1 434.534
0.15,0.2,0.15 347.19
0.15,0.2,0.2 703.042
0.15,0.2,0.25 346.592
0.15,0.2,0.3 425.304
0.15,0.2,0.35 271.82
0.15,0.2,0.4 24.4827
0.15,0.25,0 6.20458e-11
0.15,0.25,0.05 149.866
0.15,0.25,0.1 599.779
0.15,0.25,0.15 318.202
0.15,0.25,0.2 544.795
0.15,0.25,0.25 463.19
0.15,0.25,0.3 406.54
0.15,0.25,0.35 309.768
0.15,0.25,0.4 46.3544
0.15,0.3,0 1.07235e-11
0.15,0.3,0.05 110.088
0.15,0.3,0.1 440.579
0.15,0.3,0.15 213.527
0.15,0.3,0.2 267.761
0.15,0.3,0.25 122.126
0.15,0.3,0.3 73.5891
0.15,0.3,0.35 34.6539
0.15,0.3,0.4 5.24465
0.15,0.35,0 3.57405e-09
0.15,0.35,0.05 35.852
0.15,0.35,0.1 143.301
0.15,0.35,0.15 40.7668
0.15,0.35,0.2 12.3723
0.15,0.35,0.25 1.90114
0.15,0.35,0.3 9.61614e-07
0.15,0.4,0 1.43753e-08
0.15,0.4,0.05 65.976
0.15,0.4,0.1 269.948
0.15,0.4,0.15 113.42
0.15,0.4,0.2 27.638
0.15,0.4,0.25 1.06328
0.15,0.4,0.3 0.0197142
0.15,0.45,0 3.61886e-09
0.15,0.45,0.05 36.9367
0.15,0.45,0.1 191.042
0.15,0.45,0.15 519.249
0.15,0.45,0.2 513.299
0.15,0.45,0.25 130.569
0.15,0.45,0.3 20.1383
0.15,0.45,0.35 48.6197
0.15,0.45,0.4 51.8866
0.15,0.45,0.45 3.36425
0.15,0.5,0 2.12017e-11
0.15,0.5,0.05 131.211
0.15,0.5,0.1 613.652
0.15,0.5,0.15 653.051
0.15,0.5,0.2 831.554
0.15,0.5,0.25 495.273
0.15,0.5,0.3 295.793
0.15,0.5,0.35 406.998
0.15,0.5,0.4 391.564
0.15,0.5,0.45 28.0518
0.15,0.55,0 6.10858e-12
0.15,0.55,0.05 69.0436
0.15,0.55,0.1 347.536
0.15,0.55,0.15 368.048
0.15,0.55,0.2 570.45
0.15,0.55,0.25 703.053
0.15,0.55,0.3 822.644
0.15,0.55,0.35 737.641
0.15,0.55,0.4 287.454
0.15,0.55,0.45 20.6663
0.15,0.6,0 5.66981e-16
0.15,0.6,0.05 24.1984
0.15,0.6,0.1 233.305
0.15,0.6,0.15 176.608
0.15,0.6,0.2 250.158
0.15,0.6,0.25 459.939
0.15,0.6,0.3 544.482
0.15,0.6,0.35 538.648
0.15,0.6,0.4 76.6284
0.15,0.6,0.45 1.27537
0.15,0.65,0.05 39.6787
0.15,0.65,0.1 310.422
0.15,0.65,0.15 327.716
0.15,0.65,0.2 257.392
0.15,0.65,0.25 204.298
0.15,0.65,0.3 331.786
0.15,0.65,0.35 305.934
0.15,0.65,0.4 61.5562
0.15,0.65,0.45 0.000809562
0.15,0.7,0.05 7.99023
0.15,0.7,0.1 122.17
0.15,0.7,0.15 570.97
0.15,0.7,0.2 553.693
0.15,0.7,0.25 486.314
0.15,0.7,0.3 561.84
0.15,0.7,0.35 81.0834
0.15,0.7,0.4 6.36853
0.15,0.75,0.05 2.94397
0.15,0.75,0.1 73.5829
0.15,0.75,0.15 238.998
0.15,0.75,0.2 308.177
0.15,0.75,0.25 193.033
0.15,0.75,0.3 99.1578
0.15,0.75,0.35 6.93938
0.15,0.8,0.05 1.31968
0.15,0.8,0.1 25.271
0.15,0.8,0.15 85.0356
0.15,0.8,0.2 172.273
0.15,0.8,0.25 155.695
0.15,0.8,0.3 33.4763
0.15,0.8,0.35 2.54791e-05
0.15,0.85,0.05 0.00625482
0.15,0.85,0.1 0.274669
0.15,0.85,0.15 3.14806
0.15,0.85,0.2 11.2596
0.15,0.85,0.25 27.9823
0.15,0.85,0.3 7.02669
0.15,0.85,0.35 5.3879e-06
0.2,0,0.1 1.21643e-14
0.2,0,0.15 3.22306e-12
0.2,0,0.2 7.76518e-12
0.2,0,0.25 1.15536e-12
0.2,0.05,0 2.59192e-12
0.2,0.05,0.05 0.0526829
0.2,0.05,0.1 0.33619
0.2,0.05,0.15 42.1015
0.2,0.05,0.2 111.27
0.2,0.05,0.25 108.689
0.2,0.05,0.3 60.9649
0.2,0.05,0.35 1.06251
0.2,0.1,0 1.75541e-09
0.2,0.1,0.05 35.6908
0.2,0.1,0.1 145.173
0.2,0.1,0.15 227.847
0.2,0.1,0.2 532.759
0.2,0.1,0.25 603.265
0.2,0.1,0.3 336.101
0.2,0.1,0.35 6.32288
0.2,0.1,0.4 0.00183921
0.2,0.15,0 4.92556e-09
0.2,0.15,0.05 105.642
0.2,0.15,0.1 438.234
0.2,0.15,0.15 258.977
0.2,0.15,0.2 516.228
0.2,0.15,0.25 440.31
0.2,0.15,0.3 347.231
0.2,0.15,0.35 94.9986
0.2,0.15,0.4 0.476972
0.2,0.2,0 2.02103e-09
0.2,0.2,0.05 101.236
0.2,0.2,0.1 413.024
0.2,0.2,0.15 347.006
0.2,0.2,0.2 755.564
0.2,0.2,0.25 413.448
0.2,0.2,0.3 777.089
0.2,0.2,0.35 322.328
0.2,0.2,0.4 3.02181
0.2,0.25,0 7.042e-10
0.2,0.25,0.05 146.54
0.2,0.25,0.1 588.474
0.2,0.25,0.15 348.416
0.2,0.25,0.2 572.13
0.2,0.25,0.25 458.835
0.2,0.25,0.3 507.556
0.2,0.25,0.35 174.756
0.2,0.25,0.4 3.35973
0.2,0.3,0 1.89294e-11
0.2,0.3,0.05 157.572
0.2,0.3,0.1 632.076
0.2,0.3,0.15 268.97
0.2,0.3,0.2 276.213
0.2,0.3,0.25 125.581
0.2,0.3,0.3 60.2204
0.2,0.3,0.35 13.3411
0.2,0.3,0.4 0.344001
0.2,0.35,0 1.16416e-10
0.2,0.35,0.05 64.4893
0.2,0.35,0.1 258.321
0.2,0.35,0.15 69.4796
0.2,0.35,0.2 12.2736
0.2,0.35,0.25 2.72032
0.2,0.35,0.3 0.0829948
0.2,0.35,0.35 0.0443482
0.2,0.35,0.4 0.00041907
0.2,0.4,0 4.33429e-10
0.2,0.4,0.05 35.6079
0.2,0.4,0.1 180.897
0.2,0.4,0.15 201.025
0.2,0.4,0.2 51.6128
0.2,0.4,0.25 1.59886
0.2,0.4,0.3 0.0782822
0.2,0.45,0 2.60667e-10
0.2,0.45,0.05 42.6494
0.2,0.45,0.1 298.025
0.2,0.45,0.15 732.714
0.2,0.45,0.2 394.748
0.2,0.45,0.25 165.628
0.2,0.45,0.3 55.0241
0.2,0.45,0.35 53.0446
0.2,0.45,0.4 17.0487
0.2,0.45,0.45 1.03561
0.2,0.5,0 2.33247e-10
0.2,0.5,0.05 92.4764
0.2,0.5,0.1 409.945
0.2,0.5,0.15 509.064
0.2,0.5,0.2 674.522
0.2,0.5,0.25 690.934
0.2,0.5,0.3 508.896
0.2,0.5,0.35 565.215
0.2,0.5,0.4 343.662
0.2,0.5,0.45 30.24
0.2,0.55,0 5.39487e-11
0.2,0.55,0.05 39.6794
0.2,0.55,0.1 211.562
0.2,0.55,0.15 225.488
0.2,0.55,0.2 345.09
0.2,0.55,0.25 642.117
0.2,0.55,0.3 734.76
0.2,0.55,0.35 717.778
0.2,0.55,0.4 526.733
0.2,0.55,0.45 47.1671
0.2,0.6,0 1.91903e-12
0.2,0.6,0.05 49.6815
0.2,0.6,0.1 377.021
0.2,0.6,0.15 274.719
0.2,0.6,0.2 246.317
0.2,0.6,0.25 462.707
0.2,0.6,0.3 434.092
0.2,0.6,0.35 326.335
0.2,0.6,0.4 144.27
0.2,0.6,0.45 6.21935
0.2,0.65,0 7.97531e-11
0.2,0.65,0.05 123.859
0.2,0.65,0.1 644.91
0.2,0.65,0.15 571.062
0.2,0.65,0.2 524.583
0.2,0.65,0.25 299.309
0.2,0.65,0.3 387.281
0.2,0.65,0.35 96.7698
0.2,0.65,0.4 17.9244
0.2,0.65,0.45 0.23546
0.2,0.7,0 1.43772e-10
0.2,0.7,0.05 48.7398
0.2,0.7,0.1 355.969
0.2,0.7,0.15 770.276
0.2,0.7,0.2 597.652
0.2,0.7,0.25 527.505
0.2,0.7,0.3 716.978
0.2,0.7,0.35 101.589
0.2,0.7,0.4 1.16804
0.2,0.7,0.45 0.000345051
0.2,0.75,0 1.50369e-11
0.2,0.75,0.05 40.4772
0.2,0.75,0.1 438.233
0.2,0.75,0.15 706.598
0.2,0.75,0.2 711.861
0.2,0.75,0.25 512.027
0.2,0.75,0.3 141.996
0.2,0.75,0.35 11.3134
0.2,0.75,0.4 0.000123176
0.2,0.75,0.45 4.6783e-08
0.2,0.8,0 -1.03659e-14
0.2,0.8,0.05 15.4292
0.2,0.8,0.1 187.878
0.2,0.8,0.15 468.094
0.2,0.8,0.2 542.488
0.2,0.8,0.25 496.37
0.2,0.8,0.3 108.721
0.2,0.8,0.35 8.11608e-05
0.2,0.85,0 -1.01507e-17
0.2,0.85,0.05 0.0438705
0.2,0.85,0.1 2.43812
0.2,0.85,0.15 23.6065
0.2,0.85,0.2 41.4091
0.2,0.85,0.25 88.5524
0.2,0.85,0.3 22.3828
0.2,0.85,0.35 1.71626e-05
0.25,0,0.1 4.4342e-13
0.25,0,0.15 1.88157e-11
0.25,0,0.2 3.02295e-11
0.25,0,0.25 9.49296e-11
0.25,0,0.3 8.83967e-11
0.25,0,0.35 3.50098e-12
0.25,0.05,0 1.08787e-12
0.25,0.05,0.05 0.0221119
0.25,0.05,0.1 0.828502
0.25,0.05,0.15 43.0224
0.25,0.05,0.2 79.0179
0.25,0.05,0.25 59.4964
0.25,0.05,0.3 36.6991
0.25,0.05,0.35 0.903031
0.25,0.1,0 7.36776e-10
0.25,0.1,0.05 15.0755
0.25,0.1,0.1 82.5771
0.25,0.1,0.15 315.018
0.25,0.1,0.2 583.859
0.25,0.1,0.25 410.891
0.25,0.1,0.3 234.555
0.25,0.1,0.35 6.62358
0.25,0.1,0.4 0.00307256
0.25,0.15,0 2.17013e-09
0.25,0.15,0.05 49.4062
0.25,0.15,0.1 348.993
0.25,0.15,0.15 583.169
0.25,0.15,0.2 593.998
0.25,0.15,0.25 291.914
0.25,0.15,0.3 258.688
0.25,0.15,0.35 106.062
0.25,0.15,0.4 9.46095
0.25,0.2,0 1.87484e-09
0.25,0.2,0.05 87.1537
0.25,0.2,0.1 424.945
0.25,0.2,0.15 436.268
0.25,0.2,0.2 420.915
0.25,0.2,0.25 271.573
0.25,0.2,0.3 659.194
0.25,0.2,0.35 404.621
0.25,0.2,0.4 30.9057
0.25,0.25,0 8.86408e-10
