0.25,0.15,0.2 712.791
0.25,0.15,0.25 361.539
0.25,0.15,0.3 293.843
0.25,0.15,0.35 118.787
0.25,0.15,0.4 11.8083
0.25,0.2,0 1.87593e-09
0.25,0.2,0.05 86.8121
0.25,0.2,0.1 371.431
0.25,0.2,0.15 427.982
0.25,0.2,0.2 437.602
0.25,0.2,0.25 239.919
0.25,0.2,0.3 582.394
0.25,0.2,0.35 456.385
0.25,0.2,0.4 43.7424
0.25,0.25,0 8.90447e-10
0.25,0.25,0.05 89.4559
0.25,0.25,0.1 362.643
0.25,0.25,0.15 361.209
0.25,0.25,0.2 616.66
0.25,0.25,0.25 290.066
0.25,0.25,0.3 499.939
0.25,0.25,0.35 325.515
0.25,0.25,0.4 16.0014
0.25,0.3,0 1.55699e-11
0.25,0.3,0.05 45.9625
0.25,0.3,0.1 197.148
0.25,0.3,0.15 315.516
0.25,0.3,0.2 583.406
0.25,0.3,0.25 212.885
0.25,0.3,0.3 183.235
0.25,0.3,0.35 171.712
0.25,0.3,0.4 9.33286
0.25,0.35,0 1.69352e-13
0.25,0.35,0.05 77.5037
0.25,0.35,0.1 402.08
0.25,0.35,0.15 318.533
0.25,0.35,0.2 128.985
0.25,0.35,0.25 21.8971
0.25,0.35,0.3 31.0092
0.25,0.35,0.35 34.5253
0.25,0.35,0.4 2.05792
0.25,0.4,0 9.03448e-12
0.25,0.4,0.05 104.558
0.25,0.4,0.1 495.538
0.25,0.4,0.15 370.418
0.25,0.4,0.2 129.356
0.25,0.4,0.25 25.7832
0.25,0.4,0.3 1.32458
0.25,0.45,0 6.01842e-10
0.25,0.45,0.05 149.244
0.25,0.45,0.1 655.243
0.25,0.45,0.15 455.199
0.25,0.45,0.2 330.82
0.25,0.45,0.25 298.125
0.25,0.45,0.3 94.5475
0.25,0.45,0.35 66.2899
0.25,0.45,0.4 20.1512
0.25,0.45,0.45 1.14459
0.25,0.5,0 1.63708e-09
0.25,0.5,0.05 181.411
0.25,0.5,0.1 735.555
0.25,0.5,0.15 337.795
0.25,0.5,0.2 416.044
0.25,0.5,0.25 631.691
0.25,0.5,0.3 619.757
0.25,0.5,0.35 536.182
0.25,0.5,0.4 307.691
0.25,0.5,0.45 21.6331
0.25,0.55,0 2.49214e-09
0.25,0.55,0.05 87.1391
0.25,0.55,0.1 467.879
0.25,0.55,0.15 329.186
0.25,0.55,0.2 271.1
0.25,0.55,0.25 501.862
0.25,0.55,0.3 680.223
0.25,0.55,0.35 662.54
0.25,0.55,0.4 411.803
0.25,0.55,0.45 25.4034
0.25,0.6,0 1.73455e-08
0.25,0.6,0.05 20.545
0.25,0.6,0.1 284.46
0.25,0.6,0.15 465.209
0.25,0.6,0.2 566.243
0.25,0.6,0.25 446.477
0.25,0.6,0.3 450.726
0.25,0.6,0.35 560.768
0.25,0.6,0.4 312.879
0.25,0.6,0.45 12.0517
0.25,0.65,0 1.10698e-08
0.25,0.65,0.05 78.8498
0.25,0.65,0.1 353.413
0.25,0.65,0.15 385.048
0.25,0.65,0.2 543.393
0.25,0.65,0.25 255.354
0.25,0.65,0.3 351.054
0.25,0.65,0.35 278.792
0.25,0.65,0.4 144.433
0.25,0.65,0.45 5.68871
0.25,0.7,0 2.14309e-09
0.25,0.7,0.05 105.744
0.25,0.7,0.1 503.658
0.25,0.7,0.15 442.888
0.25,0.7,0.2 409.517
0.25,0.7,0.25 355.461
0.25,0.7,0.3 235.853
0.25,0.7,0.35 70.7232
0.25,0.7,0.4 11.9133
0.25,0.7,0.45 0.472122
0.25,0.75,0 1.56936e-10
0.25,0.75,0.05 77.6813
0.25,0.75,0.1 474.062
0.25,0.75,0.15 489.397
0.25,0.75,0.2 393.65
0.25,0.75,0.25 278.013
0.25,0.75,0.3 114.336
0.25,0.75,0.35 5.00957
0.25,0.75,0.4 0.00147233
0.25,0.8,0.05 27.3847
0.25,0.8,0.1 174.164
0.25,0.8,0.15 227.404
0.25,0.8,0.2 228.344
0.25,0.8,0.25 115.412
0.25,0.8,0.3 77.3578
0.25,0.8,0.35 3.86737
0.25,0.85,0.05 0.0707429
0.25,0.85,0.1 0.642662
0.25,0.85,0.15 3.34393
0.25,0.85,0.2 5.43376
0.25,0.85,0.25 4.4548
0.25,0.85,0.3 3.68524
0.25,0.85,0.35 0.186232
0.3,0,0.1 8.98235e-13
0.3,0,0.15 3.69085e-11
0.3,0,0.2 7.2462e-11
0.3,0,0.25 4.93977e-10
0.3,0,0.3 4.6626e-10
0.3,0,0.35 1.84664e-11
0.3,0.05,0 8.01219e-13
0.3,0.05,0.05 0.302368
0.3,0.05,0.1 2.65306
0.3,0.05,0.15 59.7036
0.3,0.05,0.2 83.2974
0.3,0.05,0.25 82.7966
0.3,0.05,0.3 73.7391
0.3,0.05,0.35 3.00104
0.3,0.1,0 3.75156e-11
0.3,0.1,0.05 13.3133
0.3,0.1,0.1 61.4245
0.3,0.1,0.15 284.284
0.3,0.1,0.2 400.34
0.3,0.1,0.25 382.854
0.3,0.1,0.3 361.94
0.3,0.1,0.35 24.6655
0.3,0.1,0.4 0.00231786
0.3,0.15,0 6.54099e-11
0.3,0.15,0.05 23.7074
0.3,0.15,0.1 126.955
0.3,0.15,0.15 419.155
0.3,0.15,0.2 506.667
0.3,0.15,0.25 331.199
0.3,0.15,0.3 550.176
0.3,0.15,0.35 189.891
0.3,0.15,0.4 18.1786
0.3,0.2,0 2.19258e-10
0.3,0.2,0.05 78.3325
0.3,0.2,0.1 372.046
0.3,0.2,0.15 627.006
0.3,0.2,0.2 613.446
0.3,0.2,0.25 407.521
0.3,0.2,0.3 701.904
0.3,0.2,0.35 454.025
0.3,0.2,0.4 63.0391
0.3,0.25,0 2.35029e-09
0.3,0.25,0.05 97.1382
0.3,0.25,0.1 403.159
0.3,0.25,0.15 247.846
0.3,0.25,0.2 229.559
0.3,0.25,0.25 420.75
0.3,0.25,0.3 591.401
0.3,0.25,0.35 340.682
0.3,0.25,0.4 22.6592
0.3,0.3,0 9.02953e-09
0.3,0.3,0.05 34.3094
0.3,0.3,0.1 169.175
0.3,0.3,0.15 402.518
0.3,0.3,0.2 482.093
0.3,0.3,0.25 472.84
0.3,0.3,0.3 467.66
0.3,0.3,0.35 359.481
0.3,0.3,0.4 19.5399
0.3,0.35,0 2.63929e-09
0.3,0.35,0.05 40.8082
0.3,0.35,0.1 346.809
0.3,0.35,0.15 758.394
0.3,0.35,0.2 544.262
0.3,0.35,0.25 82.3364
0.3,0.35,0.3 77.3175
0.3,0.35,0.35 72.1199
0.3,0.35,0.4 4.25255
0.3,0.4,0 9.33025e-12
0.3,0.4,0.05 110.941
0.3,0.4,0.1 592.014
0.3,0.4,0.15 768.526
0.3,0.4,0.2 460.825
0.3,0.4,0.25 40.553
0.3,0.4,0.3 0.907525
0.3,0.4,0.35 0.0977139
0.3,0.4,0.4 0.0463137
0.3,0.4,0.45 0.00113383
0.3,0.45,0 4.62847e-10
0.3,0.45,0.05 79.9306
0.3,0.45,0.1 378.917
0.3,0.45,0.15 524.686
0.3,0.45,0.2 492.983
0.3,0.45,0.25 211.152
0.3,0.45,0.3 84.0816
0.3,0.45,0.35 53.4671
0.3,0.45,0.4 6.71155
0.3,0.45,0.45 0.107578
0.3,0.5,0 1.12182e-09
0.3,0.5,0.05 120.772
0.3,0.5,0.1 486.901
0.3,0.5,0.15 210.753
0.3,0.5,0.2 238.308
0.3,0.5,0.25 358.243
0.3,0.5,0.3 564.672
0.3,0.5,0.35 332.409
0.3,0.5,0.4 48.2066
0.3,0.5,0.45 1.54568
0.3,0.55,0 6.19814e-08
0.3,0.55,0.05 81.4339
0.3,0.55,0.1 342.904
0.3,0.55,0.15 253.257
0.3,0.55,0.2 296.285
0.3,0.55,0.25 432.408
0.3,0.55,0.3 638.113
0.3,0.55,0.35 224.189
0.3,0.55,0.4 52.6853
0.3,0.55,0.45 1.99092
0.3,0.6,0 5.15624e-07
0.3,0.6,0.05 69.8975
0.3,0.6,0.1 310.413
0.3,0.6,0.15 324.053
0.3,0.6,0.2 558.478
0.3,0.6,0.25 439.123
0.3,0.6,0.3 723.358
0.3,0.6,0.35 458.797
0.3,0.6,0.4 196.896
0.3,0.6,0.45 7.2786
0.3,0.65,0 2.57486e-07
0.3,0.65,0.05 79.0245
0.3,0.65,0.1 324.601
0.3,0.65,0.15 203.515
0.3,0.65,0.2 366.863
0.3,0.65,0.25 473.744
0.3,0.65,0.3 661.436
0.3,0.65,0.35 595.918
0.3,0.65,0.4 283.356
0.3,0.65,0.45 10.2914
0.3,0.7,0 2.71045e-09
0.3,0.7,0.05 71.3227
0.3,0.7,0.1 306.725
0.3,0.7,0.15 289.854
0.3,0.7,0.2 485.189
0.3,0.7,0.25 269.504
0.3,0.7,0.3 104.693
0.3,0.7,0.35 58.0137
0.3,0.7,0.4 26.9144
0.3,0.7,0.45 0.943309
0.3,0.75,0 8.54123e-11
0.3,0.75,0.05 27.532
0.3,0.75,0.1 184.324
0.3,0.75,0.15 410.008
0.3,0.75,0.2 284.949
0.3,0.75,0.25 134.724
0.3,0.75,0.3 24.7207
0.3,0.75,0.35 0.0342345
0.3,0.75,0.4 3.47473e-05
0.3,0.8,0.05 8.65468
0.3,0.8,0.1 54.9711
0.3,0.8,0.15 73.0767
0.3,0.8,0.2 51.6381
0.3,0.8,0.25 62.2644
0.3,0.8,0.3 14.2723
0.3,0.8,0.35 0.00269683
0.3,0.85,0.05 0.0223576
0.3,0.85,0.1 0.128367
0.3,0.85,0.15 0.125266
0.3,0.85,0.2 0.425545
0.3,0.85,0.25 1.00726
0.3,0.85,0.3 0.232901
0.3,0.85,0.35 0.000129864
0.35,0,0.1 1.0915e-13
0.35,0,0.15 4.48499e-12
0.35,0,0.2 1.36352e-11
0.35,0,0.25 1.61573e-10
0.35,0,0.3 1.53173e-10
0.35,0,0.35 6.06646e-12
0.35,0.05,0 3.76251e-12
0.35,0.05,0.05 1.42621
0.35,0.05,0.1 5.87794
0.35,0.05,0.15 8.63649
0.35,0.05,0.2 11.2364
0.35,0.05,0.25 26.7921
0.35,0.05,0.3 23.9095
0.35,0.05,0.35 0.939581
0.35,0.1,0 1.65066e-10
0.35,0.1,0.05 62.9272
0.35,0.1,0.1 253.875
0.35,0.1,0.15 93.1155
0.35,0.1,0.2 65.1741
0.35,0.1,0.25 162.666
0.35,0.1,0.3 120.707
0.35,0.1,0.35 7.19001
0.35,0.1,0.4 0.000215554
0.35,0.15,0 2.26616e-10
0.35,0.15,0.05 95.7403
0.35,0.15,0.1 405.959
0.35,0.15,0.15 183.288
0.35,0.15,0.2 175.773
0.35,0.15,0.25 263.701
0.35,0.15,0.3 198.272
0.35,0.15,0.35 35.8243
0.35,0.15,0.4 1.69
0.35,0.2,0 2.21142e-10
0.35,0.2,0.05 104.683
0.35,0.2,0.1 461.06
0.35,0.2,0.15 454.34
0.35,0.2,0.2 408.988
0.35,0.2,0.25 365.82
0.35,0.2,0.3 454.62
0.35,0.2,0.35 113.229
0.35,0.2,0.4 7.02141
0.35,0.25,0 1.01749e-08
0.35,0.25,0.05 165.716
0.35,0.25,0.1 733.812
0.35,0.25,0.15 587.77
0.35,0.25,0.2 251.563
0.35,0.25,0.25 428.397
0.35,0.25,0.3 716.048
0.35,0.25,0.35 271.748
0.35,0.25,0.4 8.16383
0.35,0.3,0 4.48124e-08
0.35,0.3,0.05 130.884
0.35,0.3,0.1 555.152
0.35,0.3,0.15 514.101
0.35,0.3,0.2 444.437
0.35,0.3,0.25 692.716
0.35,0.3,0.3 681.843
0.35,0.3,0.35 147.639
0.35,0.3,0.4 4.24322
0.35,0.35,0 1.31844e-08
0.35,0.35,0.05 93.9515
0.35,0.35,0.1 410.349
0.35,0.35,0.15 461.61
0.35,0.35,0.2 450.773
0.35,0.35,0.25 206.331
0.35,0.35,0.3 103.644
0.35,0.35,0.35 16.2219
0.35,0.35,0.4 0.526919
0.35,0.4,0 6.91686e-11
0.35,0.4,0.05 166.4
0.35,0.4,0.1 820.256
0.35,0.4,0.15 717.335
0.35,0.4,0.2 375.619
0.35,0.4,0.25 40.7224
0.35,0.4,0.3 12.8076
0.35,0.4,0.35 23.7466
0.35,0.4,0.4 26.1815
0.35,0.4,0.45 1.6378
0.35,0.45,0 1.92789e-09
0.35,0.45,0.05 99.3042
0.35,0.45,0.1 559.511
0.35,0.45,0.15 738.755
0.35,0.45,0.2 647.641
0.35,0.45,0.25 153.396
0.35,0.45,0.3 98.3543
0.35,0.45,0.35 263.777
0.35,0.45,0.4 162.962
0.35,0.45,0.45 7.00317
0.35,0.5,0 2.49667e-09
0.35,0.5,0.05 145.065
0.35,0.5,0.1 610.255
0.35,0.5,0.15 413.698
0.35,0.5,0.2 564.497
0.35,0.5,0.25 581.172
0.35,0.5,0.3 588.693
0.35,0.5,0.35 479.147
0.35,0.5,0.4 132.835
0.35,0.5,0.45 1.94167
0.35,0.55,0 7.25879e-08
0.35,0.55,0.05 90.4856
0.35,0.55,0.1 390.298
0.35,0.55,0.15 471.378
0.35,0.55,0.2 632.761
0.35,0.55,0.25 442.273
0.35,0.55,0.3 431.731
0.35,0.55,0.35 135.326
0.35,0.55,0.4 14.881
0.35,0.55,0.45 0.119646
0.35,0.6,0 5.99473e-07
0.35,0.6,0.05 93.6075
0.35,0.6,0.1 419.826
0.35,0.6,0.15 642.852
0.35,0.6,0.2 969.979
0.35,0.6,0.25 418.089
0.35,0.6,0.3 552.942
0.35,0.6,0.35 446.881
0.35,0.6,0.4 199.245
0.35,0.6,0.45 6.55199
0.35,0.65,0 2.98019e-07
0.35,0.65,0.05 114.475
0.35,0.65,0.1 500.707
0.35,0.65,0.15 463.422
0.35,0.65,0.2 517.303
0.35,0.65,0.25 610.329
0.35,0.65,0.3 630.398
0.35,0.65,0.35 746.427
0.35,0.65,0.4 335.715
0.35,0.65,0.45 10.1769
0.35,0.7,0 2.2604e-09
0.35,0.7,0.05 76.3821
0.35,0.7,0.1 313.766
0.35,0.7,0.15 168.787
0.35,0.7,0.2 392.053
0.35,0.7,0.25 608.748
0.35,0.7,0.3 193.724
0.35,0.7,0.35 88.6352
0.35,0.7,0.4 33.2395
0.35,0.7,0.45 0.878301
0.35,0.75,0 6.48878e-09
0.35,0.75,0.05 4.15527
0.35,0.75,0.1 32.4813
0.35,0.75,0.15 161.82
0.35,0.75,0.2 361.132
0.35,0.75,0.25 573.747
0.35,0.75,0.3 160.25
0.35,0.75,0.35 8.26032
0.35,0.8,0 2.09747e-08
0.35,0.8,0.05 2.1647
0.35,0.8,0.1 11.0055
0.35,0.8,0.15 24.7562
0.35,0.8,0.2 78.8911
0.35,0.8,0.25 239.082
0.35,0.8,0.3 62.5012
0.35,0.8,0.35 1.07275
0.35,0.85,0 4.23295e-09
0.35,0.85,0.05 0.436194
0.35,0.85,0.1 1.73364
0.35,0.85,0.15 0.430654
0.35,0.85,0.2 0.997975
0.35,0.85,0.25 3.73499
0.35,0.85,0.3 0.873605
0.4,0,0.2 4.56167e-15
0.4,0,0.25 9.59092e-14
0.4,0,0.3 9.1156e-14
0.4,0,0.35 3.61026e-15
0.4,0.05,0 1.10857e-12
0.4,0.05,0.05 0.42021
0.4,0.05,0.1 1.68014
0.4,0.05,0.15 0.424785
0.4,0.05,0.2 2.27315
0.4,0.05,0.25 5.93446
0.4,0.05,0.3 1.28602
0.4,0.05,0.35 0.148449
0.4,0.05,0.4 0.000644397
0.4,0.1,0 2.63111e-10
0.4,0.1,0.05 26.1274
0.4,0.1,0.1 118.192
0.4,0.1,0.15 36.4836
0.4,0.1,0.2 103.939
0.4,0.1,0.25 266.56
0.4,0.1,0.3 63.6116
0.4,0.1,0.35 9.74937
0.4,0.1,0.4 0.0424701
0.4,0.15,0 1.19864e-09
0.4,0.15,0.05 88.7176
0.4,0.15,0.1 514.14
0.4,0.15,0.15 235.201
0.4,0.15,0.2 313.015
0.4,0.15,0.25 645.692
0.4,0.15,0.3 133.068
0.4,0.15,0.35 16.0895
0.4,0.15,0.4 0.0681159
0.4,0.2,0 4.53183e-10
0.4,0.2,0.05 70.9285
0.4,0.2,0.1 402.69
0.4,0.2,0.15 405.827
0.4,0.2,0.2 413.989
0.4,0.2,0.25 352.083
0.4,0.2,0.3 103.844
0.4,0.2,0.35 9.16173
0.4,0.2,0.4 0.10525
0.4,0.25,0 3.0854e-09
0.4,0.25,0.05 92.6534
0.4,0.25,0.1 430.851
0.4,0.25,0.15 463.854
0.4,0.25,0.2 254.913
0.4,0.25,0.25 195.733
0.4,0.25,0.3 172.375
0.4,0.25,0.35 27.4863
0.4,0.25,0.4 0.501397
0.4,0.3,0 1.40283e-08
0.4,0.3,0.05 107.315
0.4,0.3,0.1 447.693
0.4,0.3,0.15 267.243
0.4,0.3,0.2 346.811
0.4,0.3,0.25 521.837
0.4,0.3,0.3 292.316
0.4,0.3,0.35 24.9981
0.4,0.3,0.4 0.158193
0.4,0.35,0 4.244e-09
0.4,0.35,0.05 52.5688
0.4,0.35,0.1 214.087
0.4,0.35,0.15 134.564
0.4,0.35,0.2 312.539
0.4,0.35,0.25 586.399
0.4,0.35,0.3 386.338
0.4,0.35,0.35 60.6363
0.4,0.35,0.4 0.346085
0.4,0.4,0 1.19689e-10
0.4,0.4,0.05 53.6703
0.4,0.4,0.1 270.929
0.4,0.4,0.15 383.821
0.4,0.4,0.2 339.75
0.4,0.4,0.25 261.669
0.4,0.4,0.3 354.222
0.4,0.4,0.35 148.617
0.4,0.4,0.4 79.0345
0.4,0.4,0.45 4.92133
0.4,0.45,0 1.16891e-09
0.4,0.45,0.05 53.535
0.4,0.45,0.1 302.13
0.4,0.45,0.15 568.568
0.4,0.45,0.2 587.617
0.4,0.45,0.25 293.347
0.4,0.45,0.3 264.528
0.4,0.45,0.35 456.031
0.4,0.45,0.4 376.135
0.4,0.45,0.45 21.1856
0.4,0.5,0 1.37084e-09
0.4,0.5,0.05 68.2269
0.4,0.5,0.1 340.145
0.4,0.5,0.15 501.801
0.4,0.5,0.2 762.739
0.4,0.5,0.25 539.143
0.4,0.5,0.3 511.963
0.4,0.5,0.35 651.264
0.4,0.5,0.4 220.702
0.4,0.5,0.45 9.21897
0.4,0.55,0 1.13367e-08
0.4,0.55,0.05 51.1811
0.4,0.55,0.1 265.601
0.4,0.55,0.15 419.832
0.4,0.55,0.2 534.838
0.4,0.55,0.25 335.278
0.4,0.55,0.3 227.209
0.4,0.55,0.35 226.485
0.4,0.55,0.4 48.5685
0.4,0.55,0.45 2.77266
0.4,0.6,0 6.01546e-08
0.4,0.6,0.05 147.974
0.4,0.6,0.1 611.822
0.4,0.6,0.15 378.971
0.4,0.6,0.2 615.973
0.4,0.6,0.25 314.218
0.4,0.6,0.3 183.835
0.4,0.6,0.35 158.641
0.4,0.6,0.4 95.7549
0.4,0.6,0.45 3.56311
0.4,0.65,0 2.32439e-08
0.4,0.65,0.05 72.0673
0.4,0.65,0.1 305.474
0.4,0.65,0.15 259.855
0.4,0.65,0.2 529.352
0.4,0.65,0.25 437.036
0.4,0.65,0.3 370.289
0.4,0.65,0.35 268.783
0.4,0.65,0.4 152.133
0.4,0.65,0.45 5.39987
0.4,0.7,0 2.16872e-10
0.4,0.7,0.05 17.1987
0.4,0.7,0.1 69.5509
0.4,0.7,0.15 34.5844
0.4,0.7,0.2 209.905
0.4,0.7,0.25 377.254
0.4,0.7,0.3 249.55
0.4,0.7,0.35 50.4612
0.4,0.7,0.4 14.0381
0.4,0.7,0.45 0.462105
0.4,0.75,0 2.05596e-07
0.4,0.75,0.05 21.9332
0.4,0.75,0.1 87.2496
0.4,0.75,0.15 27.6864
0.4,0.75,0.2 137.68
0.4,0.75,0.25 368.787
0.4,0.75,0.3 386.186
0.4,0.75,0.35 45.4227
0.4,0.8,0 6.64996e-07
0.4,0.8,0.05 68.5247
0.4,0.8,0.1 272.356
0.4,0.8,0.15 67.8998
0.4,0.8,0.2 18.1114
0.4,0.8,0.25 79.9665
0.4,0.8,0.3 59.6791
0.4,0.8,0.35 5.89894
0.4,0.85,0 1.34204e-07
0.4,0.85,0.05 13.8291
0.4,0.85,0.1 54.9628
0.4,0.85,0.15 13.6529
0.4,0.85,0.2 0.236554
0.4,0.85,0.25 0.885318
0.4,0.85,0.3 0.207074
0.45,0.05,0 1.5661e-16
0.45,0.05,0.05 5.9364e-05
0.45,0.05,0.1 0.000237358
0.45,0.05,0.15 0.00160558
0.45,0.05,0.2 0.713765
0.45,0.05,0.25 2.2562
0.45,0.05,0.3 3.27573
0.45,0.05,0.35 1.31363
0.45,0.05,0.4 0.00572384
0.45,0.1,0 9.2908e-10
0.45,0.1,0.05 21.2786
0.45,0.1,0.1 92.1936
0.45,0.1,0.15 32.459
0.45,0.1,0.2 49.5642
0.45,0.1,0.25 113.927
0.45,0.1,0.3 212.293
0.45,0.1,0.35 86.8
0.45,0.1,0.4 0.37724
0.45,0.15,0 4.92944e-09
0.45,0.15,0.05 131.819
0.45,0.15,0.1 609.677
0.45,0.15,0.15 273.091
0.45,0.15,0.2 323.616
