0.25,0.15,0.05 42.3252
0.25,0.15,0.1 195.234
0.25,0.15,0.15 256.238
0.25,0.15,0.2 595.698
0.25,0.15,0.25 604.434
0.25,0.15,0.3 369.064
0.25,0.15,0.35 168.461
0.25,0.15,0.4 16.1291
0.25,0.15,0.45 0.00751426
0.25,0.2,0 3.41931e-10
0.25,0.2,0.05 22.4776
0.25,0.2,0.1 278.553
0.25,0.2,0.15 488.366
0.25,0.2,0.2 552.861
0.25,0.2,0.25 348.192
0.25,0.2,0.3 512.402
0.25,0.2,0.35 512.964
0.25,0.2,0.4 95.1458
0.25,0.2,0.45 0.0380014
0.25,0.25,0 5.84516e-14
0.25,0.25,0.05 51.5694
0.25,0.25,0.1 305.902
0.25,0.25,0.15 326.797
0.25,0.25,0.2 580.883
0.25,0.25,0.25 297.915
0.25,0.25,0.3 530.542
0.25,0.25,0.35 563.41
0.25,0.25,0.4 83.514
0.25,0.25,0.45 0.0712948
0.25,0.3,0 6.27593e-13
0.25,0.3,0.05 37.9781
0.25,0.3,0.1 184.632
0.25,0.3,0.15 256.133
0.25,0.3,0.2 646.495
0.25,0.3,0.25 319.358
0.25,0.3,0.3 169.088
0.25,0.3,0.35 262.069
0.25,0.3,0.4 80.4264
0.25,0.3,0.45 0.189133
0.25,0.35,0 1.26385e-11
0.25,0.35,0.05 71.6925
0.25,0.35,0.1 384.476
0.25,0.35,0.15 381.672
0.25,0.35,0.2 156.302
0.25,0.35,0.25 43.0936
0.25,0.35,0.3 20.0699
0.25,0.35,0.35 37.2313
0.25,0.35,0.4 14.7286
0.25,0.35,0.45 0.037608
0.25,0.4,0 1.03277e-10
0.25,0.4,0.05 100.33
0.25,0.4,0.1 466.561
0.25,0.4,0.15 409.432
0.25,0.4,0.2 177.762
0.25,0.4,0.25 68.808
0.25,0.4,0.3 7.32026
0.25,0.4,0.35 0.423239
0.25,0.4,0.4 0.0479689
0.25,0.4,0.45 0.000215879
0.25,0.4,0.5 1.80876e-06
0.25,0.45,0 8.79897e-10
0.25,0.45,0.05 148.835
0.25,0.45,0.1 642.583
0.25,0.45,0.15 452.43
0.25,0.45,0.2 313.276
0.25,0.45,0.25 407.792
0.25,0.45,0.3 196.044
0.25,0.45,0.35 131.81
0.25,0.45,0.4 105.91
0.25,0.45,0.45 14.2091
0.25,0.45,0.5 0.00347854
0.25,0.5,0 1.46034e-09
0.25,0.5,0.05 177.631
0.25,0.5,0.1 733.598
0.25,0.5,0.15 348.683
0.25,0.5,0.2 312.007
0.25,0.5,0.25 487.612
0.25,0.5,0.3 763.439
0.25,0.5,0.35 560.789
0.25,0.5,0.4 511.263
0.25,0.5,0.45 81.7755
0.25,0.5,0.5 0.0411147
0.25,0.55,0 2.23998e-09
0.25,0.55,0.05 77.4528
0.25,0.55,0.1 351.24
0.25,0.55,0.15 351.876
0.25,0.55,0.2 375.358
0.25,0.55,0.25 353.788
0.25,0.55,0.3 662.135
0.25,0.55,0.35 653.883
0.25,0.55,0.4 528.777
0.25,0.55,0.45 77.1904
0.25,0.55,0.5 0.0273203
0.25,0.6,0 1.73335e-08
0.25,0.6,0.05 11.1513
0.25,0.6,0.1 78.0957
0.25,0.6,0.15 361.785
0.25,0.6,0.2 600.305
0.25,0.6,0.25 519.427
0.25,0.6,0.3 468.882
0.25,0.6,0.35 499.55
0.25,0.6,0.4 336.929
0.25,0.6,0.45 37.414
0.25,0.6,0.5 0.000497069
0.25,0.65,0 1.10698e-08
0.25,0.65,0.05 77.8858
0.25,0.65,0.1 334.677
0.25,0.65,0.15 442.684
0.25,0.65,0.2 461.819
0.25,0.65,0.25 206.099
0.25,0.65,0.3 441.573
0.25,0.65,0.35 346.729
0.25,0.65,0.4 76.8158
0.25,0.65,0.45 5.26627
0.25,0.7,0 2.14309e-09
0.25,0.7,0.05 95.1179
0.25,0.7,0.1 435.075
0.25,0.7,0.15 476.73
0.25,0.7,0.2 432.258
0.25,0.7,0.25 243.429
0.25,0.7,0.3 267.915
0.25,0.7,0.35 86.863
0.25,0.7,0.4 3.39304
0.25,0.7,0.45 0.0958298
0.25,0.75,0 1.56936e-10
0.25,0.75,0.05 8.95136
0.25,0.75,0.1 65.7529
0.25,0.75,0.15 474.341
0.25,0.75,0.2 711.971
0.25,0.75,0.25 434.798
0.25,0.75,0.3 237.577
0.25,0.75,0.35 85.2045
0.25,0.75,0.4 0.567897
0.25,0.8,0.05 1.01802e-09
0.25,0.8,0.1 7.20019
0.25,0.8,0.15 171.221
0.25,0.8,0.2 231.297
0.25,0.8,0.25 92.3054
0.25,0.8,0.3 71.7926
0.25,0.8,0.35 29.8152
0.25,0.8,0.4 0.211815
0.25,0.85,0.1 0.0405357
0.25,0.85,0.15 0.752642
0.25,0.85,0.2 0.742575
0.25,0.85,0.25 0.198318
0.25,0.85,0.3 0.148564
0.25,0.85,0.35 0.0531683
0.25,0.85,0.4 0.000377711
0.3,0.05,0 3.73392e-15
0.3,0.05,0.05 0.00910358
0.3,0.05,0.1 0.500154
0.3,0.05,0.15 29.4774
0.3,0.05,0.2 75.4808
0.3,0.05,0.25 85.1871
0.3,0.05,0.3 73.7648
0.3,0.05,0.35 3.93729
0.3,0.05,0.4 0.00752081
0.3,0.1,0 2.52885e-12
0.3,0.1,0.05 0.861325
0.3,0.1,0.1 38.5985
0.3,0.1,0.15 203.099
0.3,0.1,0.2 406.912
0.3,0.1,0.25 385.937
0.3,0.1,0.3 353.96
0.3,0.1,0.35 43.3487
0.3,0.1,0.4 0.306767
0.3,0.15,0 6.92181e-12
0.3,0.15,0.05 6.90456
0.3,0.15,0.1 98.5568
0.3,0.15,0.15 313.743
0.3,0.15,0.2 513.764
0.3,0.15,0.25 317.508
0.3,0.15,0.3 488.325
0.3,0.15,0.35 278.738
0.3,0.15,0.4 27.32
0.3,0.15,0.45 0.0165102
0.3,0.2,0 1.17365e-12
0.3,0.2,0.05 65.7479
0.3,0.2,0.1 334.43
0.3,0.2,0.15 434.596
0.3,0.2,0.2 657.651
0.3,0.2,0.25 308.786
0.3,0.2,0.3 611.888
0.3,0.2,0.35 574.848
0.3,0.2,0.4 132.824
0.3,0.2,0.45 0.0834912
0.3,0.25,0 6.69825e-16
0.3,0.25,0.05 72.8182
0.3,0.25,0.1 412.818
0.3,0.25,0.15 272.622
0.3,0.25,0.2 326.134
0.3,0.25,0.25 292.59
0.3,0.25,0.3 541.583
0.3,0.25,0.35 539.756
0.3,0.25,0.4 111.507
0.3,0.25,0.45 0.143631
0.3,0.3,0 6.25452e-14
0.3,0.3,0.05 27.9398
0.3,0.3,0.1 157.672
0.3,0.3,0.15 344.107
0.3,0.3,0.2 501.233
0.3,0.3,0.25 470.46
0.3,0.3,0.3 470.199
0.3,0.3,0.35 497.347
0.3,0.3,0.4 156.752
0.3,0.3,0.45 0.374062
0.3,0.35,0 2.15472e-12
0.3,0.35,0.05 34.8645
0.3,0.35,0.1 265.057
0.3,0.35,0.15 703.932
0.3,0.35,0.2 535.198
0.3,0.35,0.25 115.897
0.3,0.35,0.3 77.501
0.3,0.35,0.35 78.3907
0.3,0.35,0.4 29.1645
0.3,0.35,0.45 0.0743799
0.3,0.4,0 3.42897e-11
0.3,0.4,0.05 105.45
0.3,0.4,0.1 520.876
0.3,0.4,0.15 754.712
0.3,0.4,0.2 495.594
0.3,0.4,0.25 74.1134
0.3,0.4,0.3 5.28293
0.3,0.4,0.35 0.584293
0.3,0.4,0.4 2.0164
0.3,0.4,0.45 0.530358
0.3,0.4,0.5 7.85324e-06
0.3,0.45,0 5.23891e-10
0.3,0.45,0.05 76.6247
0.3,0.45,0.1 363.387
0.3,0.45,0.15 559.204
0.3,0.45,0.2 536.651
0.3,0.45,0.25 309.364
0.3,0.45,0.3 144.669
0.3,0.45,0.35 93.5032
0.3,0.45,0.4 28.826
0.3,0.45,0.45 4.14832
0.3,0.45,0.5 3.30946e-05
0.3,0.5,0 8.73028e-10
0.3,0.5,0.05 109.312
0.3,0.5,0.1 493.482
0.3,0.5,0.15 230.289
0.3,0.5,0.2 205.598
0.3,0.5,0.25 304.887
0.3,0.5,0.3 700.449
0.3,0.5,0.35 470.048
0.3,0.5,0.4 89.1741
0.3,0.5,0.45 9.01874
0.3,0.5,0.5 8.71633e-06
0.3,0.55,0 6.17099e-08
0.3,0.55,0.05 68.7177
0.3,0.55,0.1 327.644
0.3,0.55,0.15 232.639
0.3,0.55,0.2 309.416
0.3,0.55,0.25 277.505
0.3,0.55,0.3 694.527
0.3,0.55,0.35 324.888
0.3,0.55,0.4 121.493
0.3,0.55,0.45 12.1266
0.3,0.55,0.5 4.34581e-11
0.3,0.6,0 5.15612e-07
0.3,0.6,0.05 68.2073
0.3,0.6,0.1 280.908
0.3,0.6,0.15 274.645
0.3,0.6,0.2 633.017
0.3,0.6,0.25 440.115
0.3,0.6,0.3 578.809
0.3,0.6,0.35 497.504
0.3,0.6,0.4 426.361
0.3,0.6,0.45 33.2639
0.3,0.65,0 2.57486e-07
0.3,0.65,0.05 78.9181
0.3,0.65,0.1 319.93
0.3,0.65,0.15 251.34
0.3,0.65,0.2 414.065
0.3,0.65,0.25 440.404
0.3,0.65,0.3 618.235
0.3,0.65,0.35 389.304
0.3,0.65,0.4 245.496
0.3,0.65,0.45 18.2577
0.3,0.7,0 2.71045e-09
0.3,0.7,0.05 67.9695
0.3,0.7,0.1 274.666
0.3,0.7,0.15 242.778
0.3,0.7,0.2 460.792
0.3,0.7,0.25 287.142
0.3,0.7,0.3 240.945
0.3,0.7,0.35 107.102
0.3,0.7,0.4 6.59602
0.3,0.7,0.45 0.356825
0.3,0.75,0 8.54123e-11
0.3,0.75,0.05 5.81105
0.3,0.75,0.1 35.9137
0.3,0.75,0.15 246.135
0.3,0.75,0.2 471.049
0.3,0.75,0.25 360.643
0.3,0.75,0.3 148.193
0.3,0.75,0.35 45.072
0.3,0.75,0.4 0.596496
0.3,0.8,0.05 8.45153e-12
0.3,0.8,0.1 5.92503
0.3,0.8,0.15 104.061
0.3,0.8,0.2 117.42
0.3,0.8,0.25 43.3718
0.3,0.8,0.3 13.6553
0.3,0.8,0.35 1.42155
0.3,0.8,0.4 0.0040531
0.3,0.85,0.1 0.0357832
0.3,0.85,0.15 0.607354
0.3,0.85,0.2 0.510423
0.3,0.85,0.25 0.0163396
0.3,0.85,0.3 0.000525704
0.3,0.85,0.35 0.000259908
0.3,0.85,0.4 1.84642e-06
0.35,0.05,0.05 0.0294804
0.35,0.05,0.1 1.3884
0.35,0.05,0.15 5.03596
0.35,0.05,0.2 8.99003
0.35,0.05,0.25 25.6344
0.35,0.05,0.3 23.7139
0.35,0.05,0.35 0.976226
0.35,0.1,0.05 2.65576
0.35,0.1,0.1 124.312
0.35,0.1,0.15 190.885
0.35,0.1,0.2 61.615
0.35,0.1,0.25 166.767
0.35,0.1,0.3 153.87
0.35,0.1,0.35 12.5029
0.35,0.1,0.4 0.0789783
0.35,0.15,0.05 11.0395
0.35,0.15,0.1 254.236
0.35,0.15,0.15 366.203
0.35,0.15,0.2 117.879
0.35,0.15,0.25 250.654
0.35,0.15,0.3 290.996
0.35,0.15,0.35 79.8177
0.35,0.15,0.4 4.00386
0.35,0.15,0.45 0.00219492
0.35,0.2,0.05 79.9803
0.35,0.2,0.1 410.866
0.35,0.2,0.15 389.023
0.35,0.2,0.2 506.89
0.35,0.2,0.25 403.997
0.35,0.2,0.3 495.285
0.35,0.2,0.35 169.704
0.35,0.2,0.4 21.3747
0.35,0.2,0.45 0.011099
0.35,0.25,0.05 119.029
0.35,0.25,0.1 671.41
0.35,0.25,0.15 579.812
0.35,0.25,0.2 377.249
0.35,0.25,0.25 276.945
0.35,0.25,0.3 608.818
0.35,0.25,0.35 377.226
0.35,0.25,0.4 39.3871
0.35,0.25,0.45 0.0172768
0.35,0.3,0.05 120.372
0.35,0.3,0.1 542.454
0.35,0.3,0.15 473.613
0.35,0.3,0.2 356.543
0.35,0.3,0.25 510.278
0.35,0.3,0.3 873.668
0.35,0.3,0.35 280.848
0.35,0.3,0.4 29.4665
0.35,0.3,0.45 0.0439329
0.35,0.35,0 7.42458e-13
0.35,0.35,0.05 85.4953
0.35,0.35,0.1 375.585
0.35,0.35,0.15 519.279
0.35,0.35,0.2 443.672
0.35,0.35,0.25 240.902
0.35,0.35,0.3 234.006
0.35,0.35,0.35 40.5804
0.35,0.35,0.4 3.46772
0.35,0.35,0.45 0.00873576
0.35,0.4,0 7.07264e-11
0.35,0.4,0.05 164.521
0.35,0.4,0.1 766.699
0.35,0.4,0.15 802.909
0.35,0.4,0.2 482.916
0.35,0.4,0.25 49.3581
0.35,0.4,0.3 10.17
0.35,0.4,0.35 20.5633
0.35,0.4,0.4 65.9692
0.35,0.4,0.45 17.3745
0.35,0.4,0.5 0.000257274
0.35,0.45,0 1.91319e-09
0.35,0.45,0.05 96.0118
0.35,0.45,0.1 471.7
0.35,0.45,0.15 648.658
0.35,0.45,0.2 708.189
0.35,0.45,0.25 266.19
0.35,0.45,0.3 135.924
0.35,0.45,0.35 268.954
0.35,0.45,0.4 336.983
0.35,0.45,0.45 73.3787
0.35,0.45,0.5 0.00108424
0.35,0.5,0 2.142e-09
0.35,0.5,0.05 113.526
0.35,0.5,0.1 592.919
0.35,0.5,0.15 423.389
0.35,0.5,0.2 584.429
0.35,0.5,0.25 710.339
0.35,0.5,0.3 581.273
0.35,0.5,0.35 442.926
0.35,0.5,0.4 162.075
0.35,0.5,0.45 19.5302
0.35,0.5,0.5 0.000285662
0.35,0.55,0 7.22371e-08
0.35,0.55,0.05 57.6351
0.35,0.55,0.1 362.018
0.35,0.55,0.15 447.339
0.35,0.55,0.2 619.99
0.35,0.55,0.25 454.22
0.35,0.55,0.3 466.033
0.35,0.55,0.35 216.682
0.35,0.55,0.4 92.9571
0.35,0.55,0.45 4.23676
0.35,0.55,0.5 1.62337e-08
0.35,0.6,0 5.99459e-07
0.35,0.6,0.05 92.0782
0.35,0.6,0.1 413.833
0.35,0.6,0.15 602.782
0.35,0.6,0.2 951.004
0.35,0.6,0.25 540.17
0.35,0.6,0.3 581.593
0.35,0.6,0.35 672.253
0.35,0.6,0.4 497.37
0.35,0.6,0.45 21.7011
0.35,0.65,0 2.98019e-07
0.35,0.65,0.05 114.475
0.35,0.65,0.1 482.833
0.35,0.65,0.15 371.022
0.35,0.65,0.2 413.995
0.35,0.65,0.25 516.327
0.35,0.65,0.3 542.386
0.35,0.65,0.35 484.766
0.35,0.65,0.4 262.259
0.35,0.65,0.45 8.70692
0.35,0.7,0 2.2604e-09
0.35,0.7,0.05 76.3808
0.35,0.7,0.1 305.93
0.35,0.7,0.15 94.1556
0.35,0.7,0.2 92.3846
0.35,0.7,0.25 396.857
0.35,0.7,0.3 677.774
0.35,0.7,0.35 320.545
0.35,0.7,0.4 20.4239
0.35,0.7,0.45 0.127283
0.35,0.75,0 6.48878e-09
0.35,0.75,0.05 4.14685
0.35,0.75,0.1 17.016
0.35,0.75,0.15 15.0433
0.35,0.75,0.2 89.0847
0.35,0.75,0.25 323.451
0.35,0.75,0.3 525.728
0.35,0.75,0.35 144.268
0.35,0.75,0.4 3.17205
0.35,0.8,0 2.09747e-08
0.35,0.8,0.05 2.16134
0.35,0.8,0.1 8.80106
0.35,0.8,0.15 5.94225
0.35,0.8,0.2 11.7749
0.35,0.8,0.25 43.6698
0.35,0.8,0.3 58.879
0.35,0.8,0.35 6.16282
0.35,0.8,0.4 0.00752622
0.35,0.85,0 4.23295e-09
0.35,0.85,0.05 0.436185
0.35,0.85,0.1 1.73487
0.35,0.85,0.15 0.45221
0.35,0.85,0.2 0.0179352
0.35,0.85,0.25 0.000544533
0.4,0.05,0.05 0.00600793
0.4,0.05,0.1 0.281261
0.4,0.05,0.15 0.395644
0.4,0.05,0.2 0.0654964
0.4,0.05,0.25 0.508609
0.4,0.05,0.3 0.430945
0.4,0.05,0.35 0.0513932
0.4,0.05,0.4 0.00102488
0.4,0.1,0.05 3.58808
0.4,0.1,0.1 60.2523
0.4,0.1,0.15 66.9704
0.4,0.1,0.2 15.2741
0.4,0.1,0.25 131.72
0.4,0.1,0.3 97.606
0.4,0.1,0.35 2.89829
0.4,0.1,0.4 0.015907
0.4,0.15,0.05 17.5412
0.4,0.15,0.1 296.944
0.4,0.15,0.15 426.1
0.4,0.15,0.2 128.769
0.4,0.15,0.25 434.81
0.4,0.15,0.3 273.268
0.4,0.15,0.35 6.58442
0.4,0.15,0.4 0.0128016
0.4,0.2,0.05 22.2729
0.4,0.2,0.1 270.964
0.4,0.2,0.15 499.137
0.4,0.2,0.2 405.406
0.4,0.2,0.25 534.776
0.4,0.2,0.3 243.285
0.4,0.2,0.35 11.11
0.4,0.2,0.4 0.263039
0.4,0.25,0.05 84.3977
0.4,0.25,0.1 434.914
0.4,0.25,0.15 511.709
0.4,0.25,0.2 315.534
0.4,0.25,0.25 185.895
0.4,0.25,0.3 158.278
0.4,0.25,0.35 33.9277
0.4,0.25,0.4 1.84204
0.4,0.3,0.05 109.783
0.4,0.3,0.1 464.136
0.4,0.3,0.15 309.641
0.4,0.3,0.2 277.43
0.4,0.3,0.25 448.794
0.4,0.3,0.3 413.425
0.4,0.3,0.35 64.7587
0.4,0.3,0.4 0.792496
0.4,0.3,0.45 0.000427748
0.4,0.35,0 2.69031e-14
0.4,0.35,0.05 57.027
0.4,0.35,0.1 234.256
0.4,0.35,0.15 159.029
0.4,0.35,0.2 212.414
0.4,0.35,0.25 472.385
0.4,0.35,0.3 592.239
0.4,0.35,0.35 126.626
0.4,0.35,0.4 2.25131
0.4,0.35,0.45 0.00459056
0.4,0.4,0 4.12216e-11
0.4,0.4,0.05 62.6172
0.4,0.4,0.1 295.892
0.4,0.4,0.15 426.869
0.4,0.4,0.2 387.52
0.4,0.4,0.25 178.748
0.4,0.4,0.3 334.822
0.4,0.4,0.35 150.165
0.4,0.4,0.4 87.6737
0.4,0.4,0.45 20.9456
0.4,0.4,0.5 0.000309094
0.4,0.45,0 1.16768e-09
0.4,0.45,0.05 53.6726
0.4,0.45,0.1 280.409
0.4,0.45,0.15 478.421
0.4,0.45,0.2 498.288
0.4,0.45,0.25 286.973
0.4,0.45,0.3 249.918
0.4,0.45,0.35 430.464
0.4,0.45,0.4 477.841
0.4,0.45,0.45 104.291
0.4,0.45,0.5 0.00135382
0.4,0.5,0 1.30679e-09
0.4,0.5,0.05 59.9511
0.4,0.5,0.1 322.119
0.4,0.5,0.15 470.434
0.4,0.5,0.2 595.64
0.4,0.5,0.25 589.609
0.4,0.5,0.3 371.68
0.4,0.5,0.35 658.018
0.4,0.5,0.4 394.968
0.4,0.5,0.45 59.0924
0.4,0.5,0.5 0.000456225
0.4,0.55,0 1.12698e-08
0.4,0.55,0.05 40.7348
0.4,0.55,0.1 235.091
0.4,0.55,0.15 372.647
0.4,0.55,0.2 406.814
0.4,0.55,0.25 353.384
0.4,0.55,0.3 115.778
0.4,0.55,0.35 171.993
0.4,0.55,0.4 94.5131
0.4,0.55,0.45 6.07361
0.4,0.55,0.5 1.48217e-05
0.4,0.6,0 6.01517e-08
0.4,0.6,0.05 147.123
0.4,0.6,0.1 609.824
0.4,0.6,0.15 376.805
0.4,0.6,0.2 598.021
0.4,0.6,0.25 431.12
0.4,0.6,0.3 294.64
0.4,0.6,0.35 240.767
0.4,0.6,0.4 143.372
0.4,0.6,0.45 4.42673
0.4,0.65,0 2.32439e-08
0.4,0.65,0.05 72.067
0.4,0.65,0.1 299.073
0.4,0.65,0.15 220.12
0.4,0.65,0.2 431.799
0.4,0.65,0.25 372.995
0.4,0.65,0.3 352.066
0.4,0.65,0.35 314.909
0.4,0.65,0.4 103.095
0.4,0.65,0.45 1.4752
0.4,0.7,0 2.16872e-10
0.4,0.7,0.05 17.1986
0.4,0.7,0.1 68.937
0.4,0.7,0.15 22.2522
0.4,0.7,0.2 34.8451
0.4,0.7,0.25 187.851
0.4,0.7,0.3 389.371
0.4,0.7,0.35 422.615
0.4,0.7,0.4 48.3622
0.4,0.7,0.45 0.0238368
0.4,0.75,0 2.05596e-07
0.4,0.75,0.05 21.9332
0.4,0.75,0.1 87.1903
0.4,0.75,0.15 21.6637
0.4,0.75,0.2 1.39783
0.4,0.75,0.25 76.7066
0.4,0.75,0.3 178.575
0.4,0.75,0.35 94.5938
0.4,0.75,0.4 8.2909
0.4,0.8,0 6.64996e-07
0.4,0.8,0.05 68.5247
0.4,0.8,0.1 272.347
0.4,0.8,0.15 67.6515
0.4,0.8,0.2 0.13802
0.4,0.8,0.25 10.9371
0.4,0.8,0.3 18.9156
0.4,0.8,0.35 1.93069
0.4,0.8,0.4 0.00115386
0.4,0.85,0 1.34204e-07
0.4,0.85,0.05 13.8291
0.4,0.85,0.1 54.9628
0.4,0.85,0.15 13.6529
0.45,0.05,0.2 0.00460875
0.45,0.05,0.25 0.626472
0.45,0.05,0.3 8.11009
0.45,0.05,0.35 6.03451
