0.4,0.85,0.05 12.1218
0.4,0.85,0.1 48.4911
0.4,0.85,0.15 12.1476
0.4,0.85,0.2 0.042494
0.4,0.85,0.25 0.00437398
0.45,0.05,0 1.5661e-16
0.45,0.05,0.05 5.9364e-05
0.45,0.05,0.1 0.000237358
0.45,0.05,0.15 0.791836
0.45,0.05,0.2 5.09433
0.45,0.05,0.25 18.5519
0.45,0.05,0.3 14.5924
0.45,0.05,0.35 0.460944
0.45,0.1,0 4.32236e-12
0.45,0.1,0.05 23.2283
0.45,0.1,0.1 93.0151
0.45,0.1,0.15 53.5598
0.45,0.1,0.2 161.494
0.45,0.1,0.25 310.48
0.45,0.1,0.3 220.697
0.45,0.1,0.35 7.79209
0.45,0.15,0 5.85599e-11
0.45,0.15,0.05 152.652
0.45,0.15,0.1 612.949
0.45,0.15,0.15 276.341
0.45,0.15,0.2 359.074
0.45,0.15,0.25 381.571
0.45,0.15,0.3 230.757
0.45,0.15,0.35 14.7071
0.45,0.2,0 2.31435e-10
0.45,0.2,0.05 163.691
0.45,0.2,0.1 657.847
0.45,0.2,0.15 270.683
0.45,0.2,0.2 289.621
0.45,0.2,0.25 219.446
0.45,0.2,0.3 47.2533
0.45,0.2,0.35 5.16437
0.45,0.25,0 2.25946e-10
0.45,0.25,0.05 117.507
0.45,0.25,0.1 473.333
0.45,0.25,0.15 177.603
0.45,0.25,0.2 391.325
0.45,0.25,0.25 325.621
0.45,0.25,0.3 21.4109
0.45,0.25,0.35 0.192388
0.45,0.3,0 7.57744e-10
0.45,0.3,0.05 137.911
0.45,0.3,0.1 572.65
0.45,0.3,0.15 448.011
0.45,0.3,0.2 644.836
0.45,0.3,0.25 275.813
0.45,0.3,0.3 31.6604
0.45,0.3,0.35 8.73406
0.45,0.3,0.4 0.3823
0.45,0.35,0 1.35148e-09
0.45,0.35,0.05 142.921
0.45,0.35,0.1 585.776
0.45,0.35,0.15 358.143
0.45,0.35,0.2 500.935
0.45,0.35,0.25 472.481
0.45,0.35,0.3 337.575
0.45,0.35,0.35 140.018
0.45,0.35,0.4 4.26557
0.45,0.4,0 7.69426e-10
0.45,0.4,0.05 76.6599
0.45,0.4,0.1 321.555
0.45,0.4,0.15 257.578
0.45,0.4,0.2 326.392
0.45,0.4,0.25 492.256
0.45,0.4,0.3 681.08
0.45,0.4,0.35 282.747
0.45,0.4,0.4 10.8272
0.45,0.45,0 1.19873e-10
0.45,0.45,0.05 74.0115
0.45,0.45,0.1 350.209
0.45,0.45,0.15 547.451
0.45,0.45,0.2 476.418
0.45,0.45,0.25 577.992
0.45,0.45,0.3 523.552
0.45,0.45,0.35 205.618
0.45,0.45,0.4 23.6442
0.45,0.45,0.45 0.0165854
0.45,0.5,0 8.34615e-10
0.45,0.5,0.05 115.429
0.45,0.5,0.1 499.182
0.45,0.5,0.15 458.332
0.45,0.5,0.2 603.474
0.45,0.5,0.25 468.57
0.45,0.5,0.3 1043.18
0.45,0.5,0.35 452.008
0.45,0.5,0.4 119.831
0.45,0.5,0.45 5.44419
0.45,0.55,0 4.47662e-09
0.45,0.55,0.05 109.881
0.45,0.55,0.1 466.811
0.45,0.55,0.15 410.801
0.45,0.55,0.2 704.128
0.45,0.55,0.25 388.324
0.45,0.55,0.3 751.625
0.45,0.55,0.35 462.474
0.45,0.55,0.4 270.442
0.45,0.55,0.45 13.2669
0.45,0.6,0 1.47217e-08
0.45,0.6,0.05 143.698
0.45,0.6,0.1 578.525
0.45,0.6,0.15 371.697
0.45,0.6,0.2 713.328
0.45,0.6,0.25 254.794
0.45,0.6,0.3 55.3874
0.45,0.6,0.35 47.4394
0.45,0.6,0.4 40.3366
0.45,0.6,0.45 1.98261
0.45,0.65,0 4.85193e-09
0.45,0.65,0.05 94.0215
0.45,0.65,0.1 377.553
0.45,0.65,0.15 223.409
0.45,0.65,0.2 368.065
0.45,0.65,0.25 93.3237
0.45,0.65,0.3 24.011
0.45,0.65,0.35 1.75146
0.45,0.7,0 1.85246e-10
0.45,0.7,0.05 9.95933
0.45,0.7,0.1 47.1921
0.45,0.7,0.15 64.9965
0.45,0.7,0.2 117.371
0.45,0.7,0.25 28.2083
0.45,0.7,0.3 7.79992
0.45,0.7,0.35 0.569554
0.45,0.75,0 8.09479e-13
0.45,0.75,0.05 28.6886
0.45,0.75,0.1 130.455
0.45,0.75,0.15 212.581
0.45,0.75,0.2 346.297
0.45,0.75,0.25 58.4831
0.45,0.75,0.3 0.253225
0.45,0.75,0.35 0.00030483
0.45,0.8,0 2.48629e-11
0.45,0.8,0.05 80.3432
0.45,0.8,0.1 323.663
0.45,0.8,0.15 136.847
0.45,0.8,0.2 107.465
0.45,0.8,0.25 16.3013
0.45,0.8,0.3 0.0571162
0.45,0.85,0 2.92023e-11
0.45,0.85,0.05 14.5277
0.45,0.85,0.1 58.1155
0.45,0.85,0.15 14.559
0.45,0.85,0.2 0.0517884
0.45,0.85,0.25 0.00533067
0.45,0.9,0 1.66874e-12
0.45,0.9,0.05 0.000257712
0.45,0.9,0.1 0.00102509
0.45,0.9,0.15 0.00025484
0.5,0.05,0.15 0.00811973
0.5,0.05,0.2 0.477849
0.5,0.05,0.25 7.57644
0.5,0.05,0.3 6.40571
0.5,0.05,0.35 0.202352
0.5,0.1,0 5.81337e-13
0.5,0.1,0.05 5.65237
0.5,0.1,0.1 22.8483
0.5,0.1,0.15 15.2688
0.5,0.1,0.2 33.5301
0.5,0.1,0.25 189.037
0.5,0.1,0.3 155.524
0.5,0.1,0.35 9.75181
0.5,0.15,0 3.30206e-11
0.5,0.15,0.05 39.2845
0.5,0.15,0.1 163.353
0.5,0.15,0.15 252.272
0.5,0.15,0.2 491.7
0.5,0.15,0.25 712.538
0.5,0.15,0.3 548.054
0.5,0.15,0.35 62.4388
0.5,0.2,0 1.0546e-10
0.5,0.2,0.05 115.113
0.5,0.2,0.1 480.14
0.5,0.2,0.15 496.426
0.5,0.2,0.2 761.504
0.5,0.2,0.25 547.539
0.5,0.2,0.3 243.945
0.5,0.2,0.35 31.4968
0.5,0.25,0 1.372e-10
0.5,0.25,0.05 99.4113
0.5,0.25,0.1 413.402
0.5,0.25,0.15 309.742
0.5,0.25,0.2 392.198
0.5,0.25,0.25 293.654
0.5,0.25,0.3 35.7685
0.5,0.25,0.35 0.343277
0.5,0.3,0 8.03702e-10
0.5,0.3,0.05 158.949
0.5,0.3,0.1 690.848
0.5,0.3,0.15 807.369
0.5,0.3,0.2 552.757
0.5,0.3,0.25 127.679
0.5,0.3,0.3 75.1402
0.5,0.3,0.35 60.5466
0.5,0.3,0.4 2.8414
0.5,0.35,0 1.3749e-09
0.5,0.35,0.05 184.609
0.5,0.35,0.1 774.607
0.5,0.35,0.15 632.729
0.5,0.35,0.2 562.249
0.5,0.35,0.25 188.803
0.5,0.35,0.3 423.97
0.5,0.35,0.35 373.015
0.5,0.35,0.4 15.7361
0.5,0.4,0 1.06742e-09
0.5,0.4,0.05 97.109
0.5,0.4,0.1 398.773
0.5,0.4,0.15 304.961
0.5,0.4,0.2 370.327
0.5,0.4,0.25 332.121
0.5,0.4,0.3 692.136
0.5,0.4,0.35 332.667
0.5,0.4,0.4 9.11526
0.5,0.45,0 1.66914e-09
0.5,0.45,0.05 106.812
0.5,0.45,0.1 444.319
0.5,0.45,0.15 405.439
0.5,0.45,0.2 460.772
0.5,0.45,0.25 520.532
0.5,0.45,0.3 289.184
0.5,0.45,0.35 63.4555
0.5,0.45,0.4 0.902023
0.5,0.45,0.45 0.0090244
0.5,0.5,0 5.01305e-09
0.5,0.5,0.05 145.991
0.5,0.5,0.1 588.344
0.5,0.5,0.15 379.65
0.5,0.5,0.2 549.274
0.5,0.5,0.25 246.3
0.5,0.5,0.3 231.782
0.5,0.5,0.35 118.051
0.5,0.5,0.4 60.3465
0.5,0.5,0.45 2.96228
0.5,0.55,0 6.35302e-09
0.5,0.55,0.05 177.253
0.5,0.55,0.1 724.651
0.5,0.55,0.15 636.627
0.5,0.55,0.2 768.912
0.5,0.55,0.25 173.11
0.5,0.55,0.3 238.666
0.5,0.55,0.35 192.86
0.5,0.55,0.4 146.902
0.5,0.55,0.45 7.21876
0.5,0.6,0 3.50025e-09
0.5,0.6,0.05 96.0384
0.5,0.6,0.1 399.118
0.5,0.6,0.15 456.425
0.5,0.6,0.2 507.742
0.5,0.6,0.25 69.8466
0.5,0.6,0.3 21.6996
0.5,0.6,0.35 24.4489
0.5,0.6,0.4 21.9469
0.5,0.6,0.45 1.07878
0.5,0.65,0 2.35742e-09
0.5,0.65,0.05 114.572
0.5,0.65,0.1 460.533
0.5,0.65,0.15 201.163
0.5,0.65,0.2 145.719
0.5,0.65,0.25 17.2393
0.5,0.65,0.3 0.02094
0.5,0.7,0 5.62913e-10
0.5,0.7,0.05 38.7597
0.5,0.7,0.1 252.969
0.5,0.7,0.15 203.71
0.5,0.7,0.2 92.9699
0.5,0.7,0.25 5.97248
0.5,0.75,0 4.26643e-09
0.5,0.75,0.05 24.8352
0.5,0.75,0.1 291.595
0.5,0.75,0.15 230.56
0.5,0.75,0.2 31.8546
0.5,0.75,0.25 2.35394
0.5,0.8,0 1.33541e-07
0.5,0.8,0.05 33.8805
0.5,0.8,0.1 157.976
0.5,0.8,0.15 59.4526
0.5,0.8,0.2 6.44003
0.5,0.8,0.25 0.592027
0.5,0.85,0 1.56845e-07
0.5,0.85,0.05 25.3978
0.5,0.85,0.1 101.05
0.5,0.85,0.15 25.1297
0.5,0.85,0.2 0.00313799
0.5,0.85,0.25 0.000322999
0.5,0.9,0 8.96276e-09
0.5,0.9,0.05 1.38416
0.5,0.9,0.1 5.50572
0.5,0.9,0.15 1.36874
0.55,0.05,0.2 0.00186712
0.55,0.05,0.25 0.032403
0.55,0.05,0.3 0.0274451
0.55,0.05,0.35 0.000866973
0.55,0.1,0 3.04537e-12
0.55,0.1,0.05 0.0979386
0.55,0.1,0.1 2.21013
0.55,0.1,0.15 25.2327
0.55,0.1,0.2 30.151
0.55,0.1,0.25 66.5204
0.55,0.1,0.3 37.4213
0.55,0.1,0.35 2.65117
0.55,0.15,0 8.59442e-10
0.55,0.15,0.05 30.634
0.55,0.15,0.1 135.558
0.55,0.15,0.15 238.549
0.55,0.15,0.2 326.696
0.55,0.15,0.25 438.249
0.55,0.15,0.3 250.605
0.55,0.15,0.35 23.32
0.55,0.2,0 2.03691e-09
0.55,0.2,0.05 105.741
0.55,0.2,0.1 461.888
0.55,0.2,0.15 664.254
0.55,0.2,0.2 744.786
0.55,0.2,0.25 373.508
0.55,0.2,0.3 189.757
0.55,0.2,0.35 16.9013
0.55,0.25,0 3.20228e-10
0.55,0.25,0.05 61.9827
0.55,0.25,0.1 287.343
0.55,0.25,0.15 600.341
0.55,0.25,0.2 604.286
0.55,0.25,0.25 747.025
0.55,0.25,0.3 350.95
0.55,0.25,0.35 9.70444
0.55,0.25,0.4 0.000212331
0.55,0.3,0 3.6315e-10
0.55,0.3,0.05 102.61
0.55,0.3,0.1 435.646
0.55,0.3,0.15 513.58
0.55,0.3,0.2 547.308
0.55,0.3,0.25 609.626
0.55,0.3,0.3 242.728
0.55,0.3,0.35 31.4042
0.55,0.3,0.4 1.30498
0.55,0.35,0 1.6737e-09
0.55,0.35,0.05 148.969
0.55,0.35,0.1 601.962
0.55,0.35,0.15 262.589
0.55,0.35,0.2 181.552
0.55,0.35,0.25 67.2264
0.55,0.35,0.3 148.05
0.55,0.35,0.35 137.186
0.55,0.35,0.4 6.29502
0.55,0.4,0 1.13921e-09
0.55,0.4,0.05 78.916
0.55,0.4,0.1 316.988
0.55,0.4,0.15 125.045
0.55,0.4,0.2 108.017
0.55,0.4,0.25 115.552
0.55,0.4,0.3 114.046
0.55,0.4,0.35 56.3531
0.55,0.4,0.4 2.03052
0.55,0.45,0 1.94604e-09
0.55,0.45,0.05 112.885
0.55,0.45,0.1 454.914
0.55,0.45,0.15 278.401
0.55,0.45,0.2 435.726
0.55,0.45,0.25 383.252
0.55,0.45,0.3 77.8456
0.55,0.45,0.35 5.75646
0.55,0.45,0.4 0.027057
0.55,0.45,0.45 9.03282e-05
0.55,0.5,0 2.97876e-09
0.55,0.5,0.05 100.754
0.55,0.5,0.1 417.66
0.55,0.5,0.15 538.809
0.55,0.5,0.2 721.301
0.55,0.5,0.25 166.802
0.55,0.5,0.3 13.8101
0.55,0.5,0.35 0.676781
0.55,0.5,0.4 0.603205
0.55,0.5,0.45 0.0296505
0.55,0.55,0 4.29293e-09
0.55,0.55,0.05 85.3656
0.55,0.55,0.1 410.528
0.55,0.55,0.15 738.652
0.55,0.55,0.2 749.584
0.55,0.55,0.25 119.407
0.55,0.55,0.3 4.18766
0.55,0.55,0.35 1.55314
0.55,0.55,0.4 1.46994
0.55,0.55,0.45 0.0722549
0.55,0.6,0 4.28921e-09
0.55,0.6,0.05 89.2118
0.55,0.6,0.1 409.284
0.55,0.6,0.15 475.787
0.55,0.6,0.2 347.04
0.55,0.6,0.25 61.4506
0.55,0.6,0.3 1.9185
0.55,0.6,0.35 0.226607
0.55,0.6,0.4 0.219669
0.55,0.6,0.45 0.0107978
0.55,0.65,0 8.54032e-10
0.55,0.65,0.05 60.4201
0.55,0.65,0.1 267.08
0.55,0.65,0.15 447.786
0.55,0.65,0.2 448.279
0.55,0.65,0.25 39.1088
0.55,0.65,0.3 0.093416
0.55,0.7,0 1.304e-10
0.55,0.7,0.05 56.8901
0.55,0.7,0.1 399.352
0.55,0.7,0.15 697.233
0.55,0.7,0.2 615.998
0.55,0.7,0.25 41.176
0.55,0.7,0.3 0.00307292
0.55,0.75,0 1.43001e-08
0.55,0.75,0.05 102.619
0.55,0.75,0.1 648.465
0.55,0.75,0.15 355.178
0.55,0.75,0.2 57.918
0.55,0.75,0.25 3.47955
0.55,0.8,0 4.45858e-07
0.55,0.8,0.05 147.63
0.55,0.8,0.1 611.563
0.55,0.8,0.15 167.714
0.55,0.8,0.2 0.549493
0.55,0.85,0 5.23551e-07
0.55,0.85,0.05 89.3176
0.55,0.85,0.1 355.453
0.55,0.85,0.15 88.4116
0.55,0.9,0 2.99179e-08
0.55,0.9,0.05 5.75641
0.55,0.9,0.1 22.9211
0.55,0.9,0.15 5.70429
0.55,0.95,0 9.51499e-18
0.55,0.95,0.05 1.11451e-05
0.55,0.95,0.1 4.45676e-05
0.55,0.95,0.15 1.11387e-05
0.6,0.1,0 3.64916e-12
0.6,0.1,0.05 0.1168
0.6,0.1,0.1 5.89547
0.6,0.1,0.15 71.4456
0.6,0.1,0.2 50.7459
0.6,0.1,0.25 3.5585
0.6,0.1,0.3 0.945719
0.6,0.1,0.35 0.00685847
0.6,0.15,0 1.03076e-09
0.6,0.15,0.05 35.059
0.6,0.15,0.1 172.912
0.6,0.15,0.15 459.086
0.6,0.15,0.2 307.803
0.6,0.15,0.25 27.8212
0.6,0.15,0.3 7.53324
0.6,0.15,0.35 0.209566
0.6,0.2,0 2.46641e-09
0.6,0.2,0.05 137.936
0.6,0.2,0.1 575.563
0.6,0.2,0.15 417.902
0.6,0.2,0.2 279.856
0.6,0.2,0.25 244.52
0.6,0.2,0.3 194.538
0.6,0.2,0.35 13.3939
0.6,0.25,0 3.85372e-10
0.6,0.25,0.05 93.8674
0.6,0.25,0.1 483.487
0.6,0.25,0.15 602.138
0.6,0.25,0.2 506.763
0.6,0.25,0.25 811.094
0.6,0.25,0.3 524.662
0.6,0.25,0.35 34.2059
0.6,0.25,0.4 0.00875536
0.6,0.3,0 1.05062e-10
0.6,0.3,0.05 52.4705
0.6,0.3,0.1 326.19
0.6,0.3,0.15 587.03
0.6,0.3,0.2 749.398
0.6,0.3,0.25 771.059
0.6,0.3,0.3 452.259
0.6,0.3,0.35 83.4958
0.6,0.3,0.4 0.078079
0.6,0.35,0 5.94389e-10
0.6,0.35,0.05 171.625
0.6,0.35,0.1 704.162
0.6,0.35,0.15 341.343
0.6,0.35,0.2 287.687
0.6,0.35,0.25 118.163
0.6,0.35,0.3 126.199
0.6,0.35,0.35 39.7047
0.6,0.35,0.4 0.0675458
0.6,0.4,0 2.72582e-10
0.6,0.4,0.05 82.6447
0.6,0.4,0.1 331.159
0.6,0.4,0.15 163.949
0.6,0.4,0.2 178.418
0.6,0.4,0.25 29.6998
0.6,0.4,0.3 1.90956
0.6,0.4,0.35 0.468277
0.6,0.4,0.4 0.0100382
0.6,0.45,0 9.10457e-10
0.6,0.45,0.05 155.019
0.6,0.45,0.1 621.24
0.6,0.45,0.15 404.421
0.6,0.45,0.2 585.877
0.6,0.45,0.25 108.431
0.6,0.45,0.3 3.78133
0.6,0.45,0.35 3.54122e-05
0.6,0.45,0.4 1.66666e-06
0.6,0.5,0 1.86334e-09
0.6,0.5,0.05 144.196
0.6,0.5,0.1 585.691
0.6,0.5,0.15 418.235
0.6,0.5,0.2 575.105
0.6,0.5,0.25 118.214
0.6,0.5,0.3 2.71073
0.6,0.55,0 5.17437e-10
0.6,0.55,0.05 20.7007
0.6,0.55,0.1 163.49
0.6,0.55,0.15 451.047
0.6,0.55,0.2 532.872
0.6,0.55,0.25 318.369
0.6,0.55,0.3 16.5249
0.6,0.6,0 3.71389e-10
0.6,0.6,0.05 12.1958
0.6,0.6,0.1 141.205
0.6,0.6,0.15 618.786
0.6,0.6,0.2 675.857
0.6,0.6,0.25 290.539
0.6,0.6,0.3 9.82364
0.6,0.65,0 4.31997e-11
0.6,0.65,0.05 81.8076
0.6,0.65,0.1 418.494
0.6,0.65,0.15 886.714
0.6,0.65,0.2 862.78
0.6,0.65,0.25 155.902
0.6,0.65,0.3 0.917669
0.6,0.7,0 5.22762e-12
0.6,0.7,0.05 95.4537
0.6,0.7,0.1 581.504
0.6,0.7,0.15 892.537
0.6,0.7,0.2 646.345
0.6,0.7,0.25 47.0436
0.6,0.7,0.3 0.033352
0.6,0.75,0 3.47347e-09
0.6,0.75,0.05 108.834
0.6,0.75,0.1 608.485
0.6,0.75,0.15 296.088
0.6,0.75,0.2 44.5867
0.6,0.75,0.25 2.68422
0.6,0.8,0 9.40025e-08
0.6,0.8,0.05 159.458
0.6,0.8,0.1 664.448
0.6,0.8,0.15 190.264
0.6,0.8,0.2 1.55843
0.6,0.85,0 1.09315e-07
0.6,0.85,0.05 109.34
0.6,0.85,0.1 437.274
0.6,0.85,0.15 109.643
0.6,0.85,0.2 0.033498
0.6,0.9,0 6.2527e-09
0.6,0.9,0.05 22.1589
0.6,0.9,0.1 88.5901
0.6,0.9,0.15 22.1361
0.6,0.95,0 1.77506e-16
0.6,0.95,0.05 0.000207916
0.6,0.95,0.1 0.000831427
0.6,0.95,0.15 0.000207798
0.65,0.1,0 2.15294e-13
0.65,0.1,0.05 0.00694888
0.65,0.1,0.1 2.88643
0.65,0.1,0.15 33.335
0.65,0.1,0.2 21.6394
0.65,0.1,0.25 0.372952
0.65,0.15,0 6.14486e-11
0.65,0.15,0.05 5.93852
0.65,0.15,0.1 55.5443
0.65,0.15,0.15 364.755
0.65,0.15,0.2 239.441
0.65,0.15,0.25 26.6587
0.65,0.15,0.3 2.76242
0.65,0.15,0.35 0.0269908
0.65,0.2,0 1.63611e-10
0.65,0.2,0.05 62.1082
0.65,0.2,0.1 275.672
0.65,0.2,0.15 317.386
0.65,0.2,0.2 329.04
0.65,0.2,0.25 335.837
0.65,0.2,0.3 63.6536
0.65,0.2,0.35 2.33109
0.65,0.25,0 4.29095e-11
0.65,0.25,0.05 100.698
0.65,0.25,0.1 546.632
0.65,0.25,0.15 377.463
0.65,0.25,0.2 343.755
0.65,0.25,0.25 329.576
0.65,0.25,0.3 124.059
0.65,0.25,0.35 17.2678
0.65,0.25,0.4 0.0116722
0.65,0.3,0 5.69636e-12
0.65,0.3,0.05 63.8835
0.65,0.3,0.1 456.163
0.65,0.3,0.15 680.785
0.65,0.3,0.2 601.358
0.65,0.3,0.25 214.896
0.65,0.3,0.3 330.044
0.65,0.3,0.35 107.269
0.65,0.3,0.4 0.0948906
0.65,0.35,0 2.01328e-10
0.65,0.35,0.05 160.867
0.65,0.35,0.1 688.388
0.65,0.35,0.15 425.383
0.65,0.35,0.2 193
0.65,0.35,0.25 56.7709
0.65,0.35,0.3 152.85
0.65,0.35,0.35 51.9615
0.65,0.35,0.4 0.0461569
0.65,0.4,0 8.79534e-10
0.65,0.4,0.05 104.674
0.65,0.4,0.1 419.46
0.65,0.4,0.15 132.166
