0.05,0.1,0.15 0.631009
0.05,0.1,0.2 11.16
0.05,0.1,0.25 9.56439
0.05,0.1,0.3 0.309509
0.05,0.15,0.05 0.00398724
0.05,0.15,0.1 0.0159888
0.05,0.15,0.15 3.44186
0.05,0.15,0.2 61.089
0.05,0.15,0.25 53.9023
0.05,0.15,0.3 2.37684
0.05,0.15,0.35 0.00145202
0.05,0.2,0.05 0.0634971
0.05,0.2,0.1 0.274318
0.05,0.2,0.15 1.28565
0.05,0.2,0.2 25.1812
0.05,0.2,0.25 45.4377
0.05,0.2,0.3 11.5789
0.05,0.2,0.35 2.80202
0.05,0.2,0.4 2.92433
0.05,0.2,0.45 0.145652
0.05,0.25,0.05 0.451515
0.05,0.25,0.1 2.05118
0.05,0.25,0.15 0.836908
0.05,0.25,0.2 4.25265
0.05,0.25,0.25 25.2737
0.05,0.25,0.3 26.2398
0.05,0.25,0.35 32.1533
0.05,0.25,0.4 29.007
0.05,0.25,0.45 1.44466
0.05,0.3,0.05 0.294529
0.05,0.3,0.1 1.34216
0.05,0.3,0.15 0.469615
0.05,0.3,0.2 0.349271
0.05,0.3,0.25 6.15239
0.05,0.3,0.3 28.6546
0.05,0.3,0.35 24.1151
0.05,0.3,0.4 16.5905
0.05,0.3,0.45 0.826169
0.05,0.35,0.05 0.00541123
0.05,0.35,0.1 1.1622
0.05,0.35,0.15 13.3999
0.05,0.35,0.2 8.72158
0.05,0.35,0.25 0.666975
0.05,0.35,0.3 2.62111
0.05,0.35,0.35 1.00339
0.05,0.35,0.4 0.195233
0.05,0.35,0.45 0.0097089
0.05,0.4,0.1 3.97802
0.05,0.4,0.15 46.875
0.05,0.4,0.2 30.771
0.05,0.4,0.25 0.859196
0.05,0.4,0.3 0.0332318
0.05,0.45,0.05 5.80438e-05
0.05,0.45,0.1 0.97345
0.05,0.45,0.15 18.3373
0.05,0.45,0.2 57.5234
0.05,0.45,0.25 40.6056
0.05,0.45,0.3 6.11422
0.05,0.45,0.35 0.533525
0.05,0.45,0.4 0.0146867
0.05,0.45,0.45 0.000264355
0.05,0.5,0.05 0.00098025
0.05,0.5,0.1 1.712
0.05,0.5,0.15 26.5089
0.05,0.5,0.2 126.243
0.05,0.5,0.25 87.4633
0.05,0.5,0.3 24.6565
0.05,0.5,0.35 9.73207
0.05,0.5,0.4 4.88782
0.05,0.5,0.45 0.360371
0.05,0.5,0.5 0.00323205
0.05,0.55,0.05 0.000816172
0.05,0.55,0.1 1.42452
0.05,0.55,0.15 8.03477
0.05,0.55,0.2 20.6473
0.05,0.55,0.25 32.8674
0.05,0.55,0.3 56.5894
0.05,0.55,0.35 26.4942
0.05,0.55,0.4 34.6921
0.05,0.55,0.45 13.9026
0.05,0.55,0.5 0.157235
0.05,0.6,0.05 2.48826e-05
0.05,0.6,0.1 0.0434398
0.05,0.6,0.15 0.132848
0.05,0.6,0.2 0.0761956
0.05,0.6,0.25 15.4057
0.05,0.6,0.3 37.1919
0.05,0.6,0.35 11.2916
0.05,0.6,0.4 36.0833
0.05,0.6,0.45 19.625
0.05,0.6,0.5 0.224678
0.05,0.65,0.1 0.000147093
0.05,0.65,0.15 0.00224031
0.05,0.65,0.2 1.25025
0.05,0.65,0.25 5.54279
0.05,0.65,0.3 2.22012
0.05,0.65,0.35 0.399277
0.05,0.65,0.4 2.65365
0.05,0.65,0.45 1.50564
0.05,0.65,0.5 0.0172615
0.05,0.7,0.1 0.000108213
0.05,0.7,0.15 0.00164814
0.05,0.7,0.2 9.91036
0.05,0.7,0.25 41.1365
0.05,0.7,0.3 10.6732
0.05,0.7,0.35 1.9526e-05
0.05,0.75,0.1 2.5085e-06
0.05,0.75,0.15 3.82058e-05
0.05,0.75,0.2 4.72676
0.05,0.75,0.25 19.6225
0.05,0.75,0.3 5.09123
0.05,0.75,0.35 9.3141e-06
0.05,0.8,0.2 0.0291442
0.05,0.8,0.25 0.120989
0.05,0.8,0.3 0.0313917
0.05,0.8,0.35 5.74291e-08
0.1,0.05,0.15 0.00164629
0.1,0.05,0.2 0.0130981
0.1,0.05,0.25 0.0368193
0.1,0.05,0.3 0.862847
0.1,0.05,0.35 0.962234
0.1,0.05,0.4 0.0505227
0.1,0.1,0.15 3.2716
0.1,0.1,0.2 57.8424
0.1,0.1,0.25 49.9506
0.1,0.1,0.3 9.83244
0.1,0.1,0.35 9.15196
0.1,0.1,0.4 0.480529
0.1,0.15,0.05 4.82544
0.1,0.15,0.1 19.35
0.1,0.15,0.15 22.6356
0.1,0.15,0.2 318.368
0.1,0.15,0.25 290.724
0.1,0.15,0.3 21.265
0.1,0.15,0.35 8.37179
0.1,0.15,0.4 2.51785
0.1,0.15,0.45 0.0440645
0.1,0.2,0.05 36.5238
0.1,0.2,0.1 148.222
0.1,0.2,0.15 54.4235
0.1,0.2,0.2 187.855
0.1,0.2,0.25 428.308
0.1,0.2,0.3 160.323
0.1,0.2,0.35 55.9332
0.1,0.2,0.4 45.8132
0.1,0.2,0.45 1.67332
0.1,0.25,0.05 53.3972
0.1,0.25,0.1 236.85
0.1,0.25,0.15 124.316
0.1,0.25,0.2 211.773
0.1,0.25,0.25 380.9
0.1,0.25,0.3 371.649
0.1,0.25,0.35 314.918
0.1,0.25,0.4 265.44
0.1,0.25,0.45 12.8998
0.1,0.3,0.05 26.7363
0.1,0.3,0.1 127.189
0.1,0.3,0.15 60.0018
0.1,0.3,0.2 59.5666
0.1,0.3,0.25 89.7639
0.1,0.3,0.3 333.094
0.1,0.3,0.35 234.643
0.1,0.3,0.4 145.865
0.1,0.3,0.45 7.26049
0.1,0.35,0.05 0.600154
0.1,0.35,0.1 12.4971
0.1,0.35,0.15 99.3614
0.1,0.35,0.2 63.2451
0.1,0.35,0.25 6.94935
0.1,0.35,0.3 29.6434
0.1,0.35,0.35 10.8976
0.1,0.35,0.4 1.71607
0.1,0.35,0.45 0.0853015
0.1,0.4,0.05 8.03807e-06
0.1,0.4,0.1 29.083
0.1,0.4,0.15 355.772
0.1,0.4,0.2 247.65
0.1,0.4,0.25 8.09575
0.1,0.4,0.3 0.268124
0.1,0.4,0.35 0.159566
0.1,0.4,0.4 4.10063
0.1,0.4,0.45 4.96087
0.1,0.4,0.5 0.297894
0.1,0.45,0 1.93879e-13
0.1,0.45,0.05 1.18556
0.1,0.45,0.1 16.4639
0.1,0.45,0.15 210.063
0.1,0.45,0.2 437.484
0.1,0.45,0.25 266.75
0.1,0.45,0.3 84.0354
0.1,0.45,0.35 15.006
0.1,0.45,0.4 47.7271
0.1,0.45,0.45 56.6803
0.1,0.45,0.5 3.40293
0.1,0.5,0 1.00185e-12
0.1,0.5,0.05 6.15246
0.1,0.5,0.1 90.8284
0.1,0.5,0.15 341.575
0.1,0.5,0.2 722.98
0.1,0.5,0.25 604.841
0.1,0.5,0.3 408.003
0.1,0.5,0.35 229.776
0.1,0.5,0.4 151.11
0.1,0.5,0.45 40.894
0.1,0.5,0.5 2.19432
0.1,0.55,0 3.22651e-13
0.1,0.55,0.05 2.00069
0.1,0.55,0.1 62.7099
0.1,0.55,0.15 204.971
0.1,0.55,0.2 193.163
0.1,0.55,0.25 314.866
0.1,0.55,0.3 605.223
0.1,0.55,0.35 488.201
0.1,0.55,0.4 471.243
0.1,0.55,0.45 121.019
0.1,0.55,0.5 1.35187
0.1,0.6,0 1.55456e-16
0.1,0.6,0.05 0.00291449
0.1,0.6,0.1 2.05195
0.1,0.6,0.15 12.8114
0.1,0.6,0.2 13.3333
0.1,0.6,0.25 125.184
0.1,0.6,0.3 292.34
0.1,0.6,0.35 134.66
0.1,0.6,0.4 342.776
0.1,0.6,0.45 166.494
0.1,0.6,0.5 1.88189
0.1,0.65,0.05 0.00697333
0.1,0.65,0.1 5.11718
0.1,0.65,0.15 79.2428
0.1,0.65,0.2 85.4489
0.1,0.65,0.25 61.1638
0.1,0.65,0.3 20.2072
0.1,0.65,0.35 52.2999
0.1,0.65,0.4 88.2563
0.1,0.65,0.45 18.4512
0.1,0.65,0.5 0.144582
0.1,0.7,0.05 0.0029486
0.1,0.7,0.1 3.71983
0.1,0.7,0.15 57.1391
0.1,0.7,0.2 142.066
0.1,0.7,0.25 373.068
0.1,0.7,0.3 95.2323
0.1,0.7,0.35 21.305
0.1,0.7,0.4 21.3555
0.1,0.7,0.45 1.4222
0.1,0.75,0.05 1.05126e-05
0.1,0.75,0.1 0.0850642
0.1,0.75,0.15 1.30673
0.1,0.75,0.2 42.7234
0.1,0.75,0.25 171.539
0.1,0.75,0.3 44.3741
0.1,0.75,0.35 0.352878
0.1,0.75,0.4 0.222422
0.1,0.75,0.45 0.00348077
0.1,0.8,0.2 0.253461
0.1,0.8,0.25 1.05222
0.1,0.8,0.3 0.273013
0.1,0.8,0.35 7.97165e-07
0.15,0.05,0 3.77742e-13
0.15,0.05,0.05 0.00767793
0.15,0.05,0.1 0.030678
0.15,0.05,0.15 2.69291
0.15,0.05,0.2 21.3642
0.15,0.05,0.25 10.8925
0.15,0.05,0.3 19.6081
0.15,0.05,0.35 21.9081
0.15,0.05,0.4 1.16674
0.15,0.1,0 2.55832e-10
0.15,0.1,0.05 5.19999
0.15,0.1,0.1 20.7771
0.15,0.1,0.15 21.8602
0.15,0.1,0.2 148.801
0.15,0.1,0.25 96.0685
0.15,0.1,0.3 190.089
0.15,0.1,0.35 210.81
0.15,0.1,0.4 11.3811
0.15,0.15,0 7.00245e-10
0.15,0.15,0.05 28.4281
0.15,0.15,0.1 114.198
0.15,0.15,0.15 43.8873
0.15,0.15,0.2 230.546
0.15,0.15,0.25 305.13
0.15,0.15,0.3 141.168
0.15,0.15,0.35 151.65
0.15,0.15,0.4 29.0118
0.15,0.15,0.45 0.433278
0.15,0.2,0 1.20038e-10
0.15,0.2,0.05 106.654
0.15,0.2,0.1 432.941
0.15,0.2,0.15 169.655
0.15,0.2,0.2 336.698
0.15,0.2,0.25 542.947
0.15,0.2,0.3 264.821
0.15,0.2,0.35 349.883
0.15,0.2,0.4 225.91
0.15,0.2,0.45 4.55773
0.15,0.25,0 1.75073e-11
0.15,0.25,0.05 120.961
0.15,0.25,0.1 560.473
0.15,0.25,0.15 341.76
0.15,0.25,0.2 608.528
0.15,0.25,0.25 667.365
0.15,0.25,0.3 613.673
0.15,0.25,0.35 413.629
0.15,0.25,0.4 259.213
0.15,0.25,0.45 8.65613
0.15,0.3,0 1.24815e-11
0.15,0.3,0.05 64.2404
0.15,0.3,0.1 449.49
0.15,0.3,0.15 306.768
0.15,0.3,0.2 202.568
0.15,0.3,0.25 165.481
0.15,0.3,0.3 316.722
0.15,0.3,0.35 163.351
0.15,0.3,0.4 80.6776
0.15,0.3,0.45 3.78689
0.15,0.35,0 4.11938e-13
0.15,0.35,0.05 4.98211
0.15,0.35,0.1 71.4161
0.15,0.35,0.15 98.7721
0.15,0.35,0.2 36.9749
0.15,0.35,0.25 7.12283
0.15,0.35,0.3 19.5895
0.15,0.35,0.35 7.00147
0.15,0.35,0.4 0.926977
0.15,0.35,0.45 0.0442619
0.15,0.4,0 1.36657e-13
0.15,0.4,0.05 0.500702
0.15,0.4,0.1 18.6357
0.15,0.4,0.15 227.503
0.15,0.4,0.2 193.942
0.15,0.4,0.25 12.7596
0.15,0.4,0.3 1.8008
0.15,0.4,0.35 2.41065
0.15,0.4,0.4 20.66
0.15,0.4,0.45 24.6257
0.15,0.4,0.5 1.47844
0.15,0.45,0 2.70136e-12
0.15,0.45,0.05 16.4773
0.15,0.45,0.1 83.0716
0.15,0.45,0.15 447.685
0.15,0.45,0.2 691.221
0.15,0.45,0.25 318.139
0.15,0.45,0.3 194.906
0.15,0.45,0.35 166.825
0.15,0.45,0.4 277.029
0.15,0.45,0.45 296.269
0.15,0.45,0.5 17.2581
0.15,0.5,0 1.39311e-11
0.15,0.5,0.05 85.0765
0.15,0.5,0.1 427.856
0.15,0.5,0.15 586.154
0.15,0.5,0.2 737.546
0.15,0.5,0.25 642.189
0.15,0.5,0.3 671.666
0.15,0.5,0.35 588.763
0.15,0.5,0.4 453.272
0.15,0.5,0.45 252.188
0.15,0.5,0.5 12.4623
0.15,0.55,0 4.48659e-12
0.15,0.55,0.05 27.4242
0.15,0.55,0.1 180.677
0.15,0.55,0.15 358.926
0.15,0.55,0.2 443.547
0.15,0.55,0.25 471.947
0.15,0.55,0.3 838.499
0.15,0.55,0.35 680.892
0.15,0.55,0.4 520.211
0.15,0.55,0.45 88.5112
0.15,0.55,0.5 1.31467
0.15,0.6,0 2.16168e-15
0.15,0.6,0.05 0.825572
0.15,0.6,0.1 19.0788
0.15,0.6,0.15 74.867
0.15,0.6,0.2 107.218
0.15,0.6,0.25 152.878
0.15,0.6,0.3 297.424
0.15,0.6,0.35 205.025
0.15,0.6,0.4 311.541
0.15,0.6,0.45 93.7685
0.15,0.6,0.5 0.938726
0.15,0.65,0.05 5.61207
0.15,0.65,0.1 124.402
0.15,0.65,0.15 479.831
0.15,0.65,0.2 606.924
0.15,0.65,0.25 247.109
0.15,0.65,0.3 55.9942
0.15,0.65,0.35 476.506
0.15,0.65,0.4 536.433
0.15,0.65,0.45 46.6714
0.15,0.65,0.5 0.0721124
0.15,0.7,0.05 2.37301
0.15,0.7,0.1 58.5694
0.15,0.7,0.15 293.714
0.15,0.7,0.2 462.587
0.15,0.7,0.25 453.572
0.15,0.7,0.3 130.06
0.15,0.7,0.35 268.228
0.15,0.7,0.4 205.732
0.15,0.7,0.45 10.4136
0.15,0.75,0.05 0.00846046
0.15,0.75,0.1 0.787522
0.15,0.75,0.15 14.2741
0.15,0.75,0.2 48.0398
0.15,0.75,0.25 183.136
0.15,0.75,0.3 120.55
0.15,0.75,0.35 25.2445
0.15,0.75,0.4 4.64609
0.15,0.75,0.45 0.0445361
0.15,0.8,0.1 0.0106393
0.15,0.8,0.15 0.306117
0.15,0.8,0.2 1.19225
0.15,0.8,0.25 18.7725
0.15,0.8,0.3 21.2904
0.15,0.8,0.35 4.15327
0.15,0.8,0.4 0.301262
0.2,0.05,0 2.59192e-12
0.2,0.05,0.05 0.0526829
0.2,0.05,0.1 0.2105
0.2,0.05,0.15 8.22414
0.2,0.05,0.2 65.1577
0.2,0.05,0.25 31.9267
0.2,0.05,0.3 24.2728
0.2,0.05,0.35 31.0072
0.2,0.05,0.4 2.24361
0.2,0.1,0 1.75541e-09
0.2,0.1,0.05 35.6802
0.2,0.1,0.1 142.565
0.2,0.1,0.15 83.2571
0.2,0.1,0.2 392.294
0.2,0.1,0.25 226.994
0.2,0.1,0.3 285.132
0.2,0.1,0.35 386.27
0.2,0.1,0.4 31.981
0.2,0.15,0 4.8048e-09
0.2,0.15,0.05 100.259
0.2,0.15,0.1 407.95
0.2,0.15,0.15 184.143
0.2,0.15,0.2 347.626
0.2,0.15,0.25 565.424
0.2,0.15,0.3 300.274
0.2,0.15,0.35 302.645
0.2,0.15,0.4 40.426
0.2,0.15,0.45 0.25267
0.2,0.2,0 8.28514e-10
0.2,0.2,0.05 40.7994
0.2,0.2,0.1 202.101
0.2,0.2,0.15 391.574
0.2,0.2,0.2 523.878
0.2,0.2,0.25 506.6
0.2,0.2,0.3 235.802
0.2,0.2,0.35 490.17
0.2,0.2,0.4 218.237
0.2,0.2,0.45 2.43759
0.2,0.25,0 1.85015e-10
0.2,0.25,0.05 94.2762
0.2,0.25,0.1 435.682
0.2,0.25,0.15 357.29
0.2,0.25,0.2 677.654
0.2,0.25,0.25 485.932
0.2,0.25,0.3 597.749
0.2,0.25,0.35 802.743
0.2,0.25,0.4 237.873
0.2,0.25,0.45 1.50186
0.2,0.3,0 1.32355e-10
0.2,0.3,0.05 75.269
0.2,0.3,0.1 494.782
0.2,0.3,0.15 419.544
0.2,0.3,0.2 692.466
0.2,0.3,0.25 340.466
0.2,0.3,0.3 264.126
0.2,0.3,0.35 229.495
0.2,0.3,0.4 40.8071
0.2,0.3,0.45 0.098757
0.2,0.35,0 1.38344e-11
0.2,0.35,0.05 45.5427
0.2,0.35,0.1 240.828
0.2,0.35,0.15 148.385
0.2,0.35,0.2 99.2879
0.2,0.35,0.25 30.9823
0.2,0.35,0.3 3.21013
0.2,0.35,0.35 2.7861
0.2,0.35,0.4 0.721755
0.2,0.35,0.45 0.021189
0.2,0.4,0 1.07745e-11
0.2,0.4,0.05 45.7871
0.2,0.4,0.1 213.754
0.2,0.4,0.15 299.845
0.2,0.4,0.2 146.169
0.2,0.4,0.25 12.4493
0.2,0.4,0.3 4.13515
0.2,0.4,0.35 3.35996
0.2,0.4,0.4 8.74423
0.2,0.4,0.45 8.17501
0.2,0.4,0.5 0.457814
0.2,0.45,0 3.55346e-12
0.2,0.45,0.05 43.545
0.2,0.45,0.1 228.591
0.2,0.45,0.15 560.627
0.2,0.45,0.2 523.317
0.2,0.45,0.25 247.086
0.2,0.45,0.3 304.36
0.2,0.45,0.35 310.69
0.2,0.45,0.4 294.687
0.2,0.45,0.45 174.639
0.2,0.45,0.5 6.63999
0.2,0.5,0 1.04632e-11
0.2,0.5,0.05 79.5833
0.2,0.5,0.1 379.555
0.2,0.5,0.15 462.955
0.2,0.5,0.2 543.02
0.2,0.5,0.25 405.064
0.2,0.5,0.3 768.182
0.2,0.5,0.35 753.462
0.2,0.5,0.4 689.484
0.2,0.5,0.45 376.848
0.2,0.5,0.5 9.85762
0.2,0.55,0 3.28718e-12
0.2,0.55,0.05 24.6694
0.2,0.55,0.1 128.99
0.2,0.55,0.15 310.049
0.2,0.55,0.2 426.857
0.2,0.55,0.25 353.768
0.2,0.55,0.3 707.905
0.2,0.55,0.35 472.214
0.2,0.55,0.4 397.184
0.2,0.55,0.45 140.487
0.2,0.55,0.5 2.1662
0.2,0.6,0 9.57895e-13
0.2,0.6,0.05 2.50249
0.2,0.6,0.1 52.6475
0.2,0.6,0.15 329.852
0.2,0.6,0.2 428.015
0.2,0.6,0.25 290.47
0.2,0.6,0.3 438.578
0.2,0.6,0.35 356.024
0.2,0.6,0.4 230.659
0.2,0.6,0.45 20.9118
0.2,0.6,0.5 0.0681166
0.2,0.65,0 8.97926e-11
0.2,0.65,0.05 20.851
0.2,0.65,0.1 325.573
0.2,0.65,0.15 571.131
0.2,0.65,0.2 608.764
0.2,0.65,0.25 263.69
0.2,0.65,0.3 166.226
0.2,0.65,0.35 652.338
0.2,0.65,0.4 412.393
0.2,0.65,0.45 18.9354
0.2,0.65,0.5 0.000529778
0.2,0.7,0 1.61943e-10
0.2,0.7,0.05 15.9002
0.2,0.7,0.1 171.699
0.2,0.7,0.15 391.615
0.2,0.7,0.2 531.134
0.2,0.7,0.25 517.052
0.2,0.7,0.3 503.639
0.2,0.7,0.35 567.319
0.2,0.7,0.4 190.33
0.2,0.7,0.45 4.88094
0.2,0.75,0 1.69791e-11
0.2,0.75,0.05 0.993839
0.2,0.75,0.1 9.57898
0.2,0.75,0.15 154.677
0.2,0.75,0.2 253.032
0.2,0.75,0.25 470.555
0.2,0.75,0.3 617.828
0.2,0.75,0.35 327.983
0.2,0.75,0.4 32.818
0.2,0.75,0.45 0.0307928
0.2,0.8,0.1 0.172405
0.2,0.8,0.15 5.13229
0.2,0.8,0.2 12.2221
0.2,0.8,0.25 76.5867
0.2,0.8,0.3 115.364
0.2,0.8,0.35 68.0909
0.2,0.8,0.4 5.99806
0.2,0.85,0.15 4.43553e-07
0.2,0.85,0.2 3.10878e-05
0.2,0.85,0.25 5.0952e-05
0.2,0.85,0.3 4.72298e-06
0.25,0.05,0 1.08787e-12
0.25,0.05,0.05 0.0221119
0.25,0.05,0.1 0.088351
0.25,0.05,0.15 2.835
0.25,0.05,0.2 30.8757
0.25,0.05,0.25 24.8276
0.25,0.05,0.3 21.3804
0.25,0.05,0.35 15.7188
0.25,0.05,0.4 1.47929
0.25,0.1,0 7.36776e-10
0.25,0.1,0.05 14.9756
0.25,0.1,0.1 60.1733
0.25,0.1,0.15 38.6519
0.25,0.1,0.2 251.968
0.25,0.1,0.25 231.583
0.25,0.1,0.3 248.952
0.25,0.1,0.35 265.89
0.25,0.1,0.4 28.0646
0.25,0.15,0 2.01665e-09
0.25,0.15,0.05 41.2978
0.25,0.15,0.1 174.338
0.25,0.15,0.15 206.046
0.25,0.15,0.2 430.376
0.25,0.15,0.25 604.913
0.25,0.15,0.3 359.747
0.25,0.15,0.35 331.275
0.25,0.15,0.4 39.4458
0.25,0.15,0.45 0.115373
0.25,0.2,0 3.50247e-10
0.25,0.2,0.05 13.2137
0.25,0.2,0.1 93.942
0.25,0.2,0.15 477.619
0.25,0.2,0.2 596.131
0.25,0.2,0.25 480.209
0.25,0.2,0.3 358.7
0.25,0.2,0.35 533.388
0.25,0.2,0.4 163.347
0.25,0.2,0.45 2.67762
0.25,0.25,0 1.11126e-10
0.25,0.25,0.05 49.1121
0.25,0.25,0.1 225.89
0.25,0.25,0.15 228.589
0.25,0.25,0.2 343.74
0.25,0.25,0.25 158.893
0.25,0.25,0.3 405.135
0.25,0.25,0.35 756.598
0.25,0.25,0.4 213.665
0.25,0.25,0.45 3.58581
0.25,0.3,0 8.00674e-11
0.25,0.3,0.05 37.3474
0.25,0.3,0.1 171.91
0.25,0.3,0.15 193.047
