0.25,0.2,0.1 296.703
0.25,0.2,0.15 471.646
0.25,0.2,0.2 547.126
0.25,0.2,0.25 339.564
0.25,0.2,0.3 517.048
0.25,0.2,0.35 511.278
0.25,0.2,0.4 90.07
0.25,0.2,0.45 0.0207573
0.25,0.25,0.05 54.1314
0.25,0.25,0.1 318.408
0.25,0.25,0.15 324.197
0.25,0.25,0.2 588.449
0.25,0.25,0.25 304.331
0.25,0.25,0.3 528.963
0.25,0.25,0.35 547.521
0.25,0.25,0.4 76.2329
0.25,0.25,0.45 0.0344501
0.25,0.3,0 2.97425e-14
0.25,0.3,0.05 38.3489
0.25,0.3,0.1 186.095
0.25,0.3,0.15 257.429
0.25,0.3,0.2 643.62
0.25,0.3,0.25 313.514
0.25,0.3,0.3 167.522
0.25,0.3,0.35 259.129
0.25,0.3,0.4 73.5303
0.25,0.3,0.45 0.088593
0.25,0.35,0 1.58327e-12
0.25,0.35,0.05 71.8995
0.25,0.35,0.1 386.708
0.25,0.35,0.15 375.703
0.25,0.35,0.2 153.066
0.25,0.35,0.25 40.4558
0.25,0.35,0.3 19.241
0.25,0.35,0.35 37.1363
0.25,0.35,0.4 13.2829
0.25,0.35,0.45 0.0172919
0.25,0.4,0 9.59506e-11
0.25,0.4,0.05 100.551
0.25,0.4,0.1 468.585
0.25,0.4,0.15 406.126
0.25,0.4,0.2 174.871
0.25,0.4,0.25 65.3874
0.25,0.4,0.3 6.49213
0.25,0.4,0.35 0.370371
0.25,0.4,0.4 0.0400566
0.25,0.4,0.45 0.000109824
0.25,0.4,0.5 5.851e-07
0.25,0.45,0 8.80651e-10
0.25,0.45,0.05 148.928
0.25,0.45,0.1 643.441
0.25,0.45,0.15 453.47
0.25,0.45,0.2 318.809
0.25,0.45,0.25 400.124
0.25,0.45,0.3 184.756
0.25,0.45,0.35 128.859
0.25,0.45,0.4 97.1887
0.25,0.45,0.45 12.2153
0.25,0.45,0.5 0.00188849
0.25,0.5,0 1.46034e-09
0.25,0.5,0.05 179.741
0.25,0.5,0.1 733.232
0.25,0.5,0.15 346.319
0.25,0.5,0.2 317.971
0.25,0.5,0.25 506.113
0.25,0.5,0.3 754.483
0.25,0.5,0.35 562.547
0.25,0.5,0.4 499.839
0.25,0.5,0.45 74.9458
0.25,0.5,0.5 0.0235851
0.25,0.55,0 2.23998e-09
0.25,0.55,0.05 79.7455
0.25,0.55,0.1 354.782
0.25,0.55,0.15 350.167
0.25,0.55,0.2 379.895
0.25,0.55,0.25 375.779
0.25,0.55,0.3 668.367
0.25,0.55,0.35 653.224
0.25,0.55,0.4 518.399
0.25,0.55,0.45 70.5742
0.25,0.55,0.5 0.0162173
0.25,0.6,0 1.73335e-08
0.25,0.6,0.05 11.2663
0.25,0.6,0.1 84.4743
0.25,0.6,0.15 367.619
0.25,0.6,0.2 588.208
0.25,0.6,0.25 514.978
0.25,0.6,0.3 464.08
0.25,0.6,0.35 503.617
0.25,0.6,0.4 339.513
0.25,0.6,0.45 34.9791
0.25,0.6,0.5 0.000321042
0.25,0.65,0 1.10698e-08
0.25,0.65,0.05 77.8859
0.25,0.65,0.1 335.6
0.25,0.65,0.15 443.67
0.25,0.65,0.2 465.453
0.25,0.65,0.25 209.833
0.25,0.65,0.3 444.162
0.25,0.65,0.35 341.849
0.25,0.65,0.4 78.7451
0.25,0.65,0.45 5.32103
0.25,0.7,0 2.14309e-09
0.25,0.7,0.05 95.1183
0.25,0.7,0.1 436.758
0.25,0.7,0.15 472.981
0.25,0.7,0.2 425.26
0.25,0.7,0.25 245.463
0.25,0.7,0.3 271.759
0.25,0.7,0.35 79.833
0.25,0.7,0.4 3.33701
0.25,0.7,0.45 0.105077
0.25,0.75,0 1.56936e-10
0.25,0.75,0.05 8.95147
0.25,0.75,0.1 74.9125
0.25,0.75,0.15 509.757
0.25,0.75,0.2 690.023
0.25,0.75,0.25 423.463
0.25,0.75,0.3 233.732
0.25,0.75,0.35 76.8352
0.25,0.75,0.4 0.329043
0.25,0.8,0.05 7.97983e-10
0.25,0.8,0.1 12.1265
0.25,0.8,0.15 198.341
0.25,0.8,0.2 232.731
0.25,0.8,0.25 96.2047
0.25,0.8,0.3 73.5034
0.25,0.8,0.35 27.9842
0.25,0.8,0.4 0.127185
0.25,0.85,0.1 0.0753456
0.25,0.85,0.15 1.02389
0.25,0.85,0.2 0.88048
0.25,0.85,0.25 0.231923
0.25,0.85,0.3 0.185989
0.25,0.85,0.35 0.0633194
0.25,0.85,0.4 0.000287766
0.3,0,0.2 2.33328e-11
0.3,0,0.25 4.90572e-10
0.3,0,0.3 4.6626e-10
0.3,0,0.35 1.84664e-11
0.3,0.05,0 3.73392e-15
0.3,0.05,0.05 0.0167028
0.3,0.05,0.1 0.697305
0.3,0.05,0.15 33.344
0.3,0.05,0.2 77.9928
0.3,0.05,0.25 86.5322
0.3,0.05,0.3 74.2046
0.3,0.05,0.35 3.76736
0.3,0.05,0.4 0.00462968
0.3,0.1,0 2.52885e-12
0.3,0.1,0.05 1.29342
0.3,0.1,0.1 42.5338
0.3,0.1,0.15 213.51
0.3,0.1,0.2 405.67
0.3,0.1,0.25 385.393
0.3,0.1,0.3 354.51
0.3,0.1,0.35 42.0312
0.3,0.1,0.4 0.219369
0.3,0.15,0 6.92181e-12
0.3,0.15,0.05 7.3504
0.3,0.15,0.1 100.843
0.3,0.15,0.15 315.903
0.3,0.15,0.2 513.586
0.3,0.15,0.25 311.676
0.3,0.15,0.3 499.021
0.3,0.15,0.35 273.552
0.3,0.15,0.4 27.2052
0.3,0.15,0.45 0.00961351
0.3,0.2,0 1.1736e-12
0.3,0.2,0.05 65.7463
0.3,0.2,0.1 335.587
0.3,0.2,0.15 444.996
0.3,0.2,0.2 662.34
0.3,0.2,0.25 310.363
0.3,0.2,0.3 620.327
0.3,0.2,0.35 568.887
0.3,0.2,0.4 127.127
0.3,0.2,0.45 0.0457017
0.3,0.25,0 6.58424e-15
0.3,0.25,0.05 74.9192
0.3,0.25,0.1 411.81
0.3,0.25,0.15 265.454
0.3,0.25,0.2 320.861
0.3,0.25,0.25 304.068
0.3,0.25,0.3 547.13
0.3,0.25,0.35 531.275
0.3,0.25,0.4 102.718
0.3,0.25,0.45 0.0691641
0.3,0.3,0 6.9885e-14
0.3,0.3,0.05 28.4505
0.3,0.3,0.1 157.393
0.3,0.3,0.15 350.434
0.3,0.3,0.2 498.416
0.3,0.3,0.25 468.911
0.3,0.3,0.3 462.855
0.3,0.3,0.35 492.43
0.3,0.3,0.4 142.901
0.3,0.3,0.45 0.174123
0.3,0.35,0 2.36455e-11
0.3,0.35,0.05 35.3474
0.3,0.35,0.1 272.585
0.3,0.35,0.15 709.968
0.3,0.35,0.2 537.842
0.3,0.35,0.25 110.669
0.3,0.35,0.3 72.9189
0.3,0.35,0.35 77.0916
0.3,0.35,0.4 26.1308
0.3,0.35,0.45 0.0339859
0.3,0.4,0 1.25045e-10
0.3,0.4,0.05 105.692
0.3,0.4,0.1 525.76
0.3,0.4,0.15 755.501
0.3,0.4,0.2 492.26
0.3,0.4,0.25 71.3185
0.3,0.4,0.3 4.62877
0.3,0.4,0.35 0.570282
0.3,0.4,0.4 1.85556
0.3,0.4,0.45 0.456659
0.3,0.4,0.5 1.22191e-08
0.3,0.45,0 5.4887e-10
0.3,0.45,0.05 76.586
0.3,0.45,0.1 363.96
0.3,0.45,0.15 557.398
0.3,0.45,0.2 535.862
0.3,0.45,0.25 302.261
0.3,0.45,0.3 138.678
0.3,0.45,0.35 90.2399
0.3,0.45,0.4 26.5759
0.3,0.45,0.45 3.543
0.3,0.45,0.5 5.09378e-08
0.3,0.5,0 8.73031e-10
0.3,0.5,0.05 111.7
0.3,0.5,0.1 492.599
0.3,0.5,0.15 224.906
0.3,0.5,0.2 206.421
0.3,0.5,0.25 310.527
0.3,0.5,0.3 689.349
0.3,0.5,0.35 456.845
0.3,0.5,0.4 86.4312
0.3,0.5,0.45 8.21672
0.3,0.5,0.5 1.32713e-08
0.3,0.55,0 6.17099e-08
0.3,0.55,0.05 71.308
0.3,0.55,0.1 328.096
0.3,0.55,0.15 230.56
0.3,0.55,0.2 305.302
0.3,0.55,0.25 293.402
0.3,0.55,0.3 696.245
0.3,0.55,0.35 311.822
0.3,0.55,0.4 113.459
0.3,0.55,0.45 10.6913
0.3,0.55,0.5 3.32463e-14
0.3,0.6,0 5.15612e-07
0.3,0.6,0.05 68.3358
0.3,0.6,0.1 281.372
0.3,0.6,0.15 275.314
0.3,0.6,0.2 624.777
0.3,0.6,0.25 438.457
0.3,0.6,0.3 582.299
0.3,0.6,0.35 498.404
0.3,0.6,0.4 412.198
0.3,0.6,0.45 30.531
0.3,0.65,0 2.57486e-07
0.3,0.65,0.05 78.9181
0.3,0.65,0.1 319.905
0.3,0.65,0.15 248.478
0.3,0.65,0.2 419.166
0.3,0.65,0.25 439.672
0.3,0.65,0.3 614.943
0.3,0.65,0.35 404.789
0.3,0.65,0.4 249.233
0.3,0.65,0.45 17.4721
0.3,0.7,0 2.71045e-09
0.3,0.7,0.05 67.9695
0.3,0.7,0.1 275.194
0.3,0.7,0.15 236.583
0.3,0.7,0.2 458.991
0.3,0.7,0.25 275.066
0.3,0.7,0.3 233.93
0.3,0.7,0.35 96.693
0.3,0.7,0.4 6.59333
0.3,0.7,0.45 0.369888
0.3,0.75,0 8.54123e-11
0.3,0.75,0.05 5.81106
0.3,0.75,0.1 42.7199
0.3,0.75,0.15 259.864
0.3,0.75,0.2 458.941
0.3,0.75,0.25 354.992
0.3,0.75,0.3 146.762
0.3,0.75,0.35 43.7084
0.3,0.75,0.4 0.398079
0.3,0.8,0.05 5.95425e-12
0.3,0.8,0.1 9.36157
0.3,0.8,0.15 112.747
0.3,0.8,0.2 109.666
0.3,0.8,0.25 45.9936
0.3,0.8,0.3 12.7521
0.3,0.8,0.35 1.24054
0.3,0.8,0.4 0.0045146
0.3,0.85,0.1 0.0612921
0.3,0.85,0.15 0.715243
0.3,0.85,0.2 0.469631
0.3,0.85,0.25 0.00917579
0.3,0.85,0.3 0.000653073
0.3,0.85,0.35 0.000290339
0.3,0.85,0.4 1.3195e-06
0.35,0,0.2 7.66514e-12
0.35,0,0.25 1.6116e-10
0.35,0,0.3 1.53173e-10
0.35,0,0.35 6.06646e-12
0.35,0.05,0.05 0.0567249
0.35,0.05,0.1 1.91336
0.35,0.05,0.15 5.8828
0.35,0.05,0.2 9.4999
0.35,0.05,0.25 26.375
0.35,0.05,0.3 23.9095
0.35,0.05,0.35 0.942725
0.35,0.1,0.05 4.24462
0.35,0.1,0.1 142.287
0.35,0.1,0.15 190.334
0.35,0.1,0.2 60.6497
0.35,0.1,0.25 169.912
0.35,0.1,0.3 150.448
0.35,0.1,0.35 12.0315
0.35,0.1,0.4 0.0592318
0.35,0.15,0.05 13.1799
0.35,0.15,0.1 271.25
0.35,0.15,0.15 346.58
0.35,0.15,0.2 116.9
0.35,0.15,0.25 255.046
0.35,0.15,0.3 283.205
0.35,0.15,0.35 76.9019
0.35,0.15,0.4 3.89043
0.35,0.15,0.45 0.00128119
0.35,0.2,0 3.21846e-20
0.35,0.2,0.05 80.705
0.35,0.2,0.1 415.121
0.35,0.2,0.15 390.878
0.35,0.2,0.2 509.774
0.35,0.2,0.25 401.389
0.35,0.2,0.3 493.587
0.35,0.2,0.35 169.035
0.35,0.2,0.4 20.5636
0.35,0.2,0.45 0.00609024
0.35,0.25,0 3.52927e-14
0.35,0.25,0.05 123.263
0.35,0.25,0.1 679.995
0.35,0.25,0.15 573.94
0.35,0.25,0.2 366.667
0.35,0.25,0.25 281.817
0.35,0.25,0.3 619.9
0.35,0.25,0.35 372.86
0.35,0.25,0.4 36.6803
0.35,0.25,0.45 0.00828841
0.35,0.3,0 4.3467e-13
0.35,0.3,0.05 121.362
0.35,0.3,0.1 542.851
0.35,0.3,0.15 473.9
0.35,0.3,0.2 353.522
0.35,0.3,0.25 517.827
0.35,0.3,0.3 867.59
0.35,0.3,0.35 267.872
0.35,0.3,0.4 26.5517
0.35,0.3,0.45 0.0202964
0.35,0.35,0 5.56005e-11
0.35,0.35,0.05 86.5137
0.35,0.35,0.1 379.582
0.35,0.35,0.15 518.495
0.35,0.35,0.2 444.389
0.35,0.35,0.25 234.905
0.35,0.35,0.3 223.198
0.35,0.35,0.35 38.446
0.35,0.35,0.4 3.07567
0.35,0.35,0.45 0.00396151
0.35,0.4,0 2.22114e-10
0.35,0.4,0.05 164.677
0.35,0.4,0.1 769.854
0.35,0.4,0.15 799.526
0.35,0.4,0.2 473.795
0.35,0.4,0.25 48.1765
0.35,0.4,0.3 10.8804
0.35,0.4,0.35 21.1227
0.35,0.4,0.4 65.1694
0.35,0.4,0.45 16.1188
0.35,0.4,0.5 4.31317e-07
0.35,0.45,0 1.94394e-09
0.35,0.45,0.05 95.9718
0.35,0.45,0.1 475.048
0.35,0.45,0.15 654.924
0.35,0.45,0.2 706.664
0.35,0.45,0.25 258.047
0.35,0.45,0.3 134.394
0.35,0.45,0.35 270.443
0.35,0.45,0.4 328.963
0.35,0.45,0.45 67.3139
0.35,0.45,0.5 1.79812e-06
0.35,0.5,0 2.14201e-09
0.35,0.5,0.05 116.903
0.35,0.5,0.1 596.114
0.35,0.5,0.15 420.946
0.35,0.5,0.2 588.249
0.35,0.5,0.25 700.608
0.35,0.5,0.3 583.603
0.35,0.5,0.35 452.554
0.35,0.5,0.4 160.914
0.35,0.5,0.45 17.6992
0.35,0.5,0.5 4.68686e-07
0.35,0.55,0 7.22371e-08
0.35,0.55,0.05 61.1724
0.35,0.55,0.1 367.139
0.35,0.55,0.15 449.269
0.35,0.55,0.2 619.931
0.35,0.55,0.25 452.105
0.35,0.55,0.3 460.857
0.35,0.55,0.35 204.387
0.35,0.55,0.4 82.4931
0.35,0.55,0.45 3.72015
0.35,0.55,0.5 3.50816e-11
0.35,0.6,0 5.99459e-07
0.35,0.6,0.05 92.2427
0.35,0.6,0.1 415.294
0.35,0.6,0.15 604.856
0.35,0.6,0.2 947.477
0.35,0.6,0.25 541.756
0.35,0.6,0.3 581.885
0.35,0.6,0.35 666.715
0.35,0.6,0.4 484.446
0.35,0.6,0.45 20.9608
0.35,0.65,0 2.98019e-07
0.35,0.65,0.05 114.475
0.35,0.65,0.1 484.084
0.35,0.65,0.15 375.94
0.35,0.65,0.2 422.089
0.35,0.65,0.25 539.038
0.35,0.65,0.3 542.317
0.35,0.65,0.35 497.545
0.35,0.65,0.4 268.159
0.35,0.65,0.45 8.72
0.35,0.7,0 2.2604e-09
0.35,0.7,0.05 76.3808
0.35,0.7,0.1 305.973
0.35,0.7,0.15 94.1377
0.35,0.7,0.2 97.5381
0.35,0.7,0.25 411.729
0.35,0.7,0.3 654.931
0.35,0.7,0.35 289.008
0.35,0.7,0.4 18.2439
0.35,0.7,0.45 0.117446
0.35,0.75,0 6.48878e-09
0.35,0.75,0.05 4.14685
0.35,0.75,0.1 17.173
0.35,0.75,0.15 15.3259
0.35,0.75,0.2 98.2996
0.35,0.75,0.25 359.204
0.35,0.75,0.3 529.422
0.35,0.75,0.35 138.474
0.35,0.75,0.4 2.66637
0.35,0.8,0 2.09747e-08
0.35,0.8,0.05 2.16134
0.35,0.8,0.1 8.88229
0.35,0.8,0.15 5.89243
0.35,0.8,0.2 13.5243
0.35,0.8,0.25 51.4074
0.35,0.8,0.3 57.7523
0.35,0.8,0.35 5.06017
0.35,0.8,0.4 0.00986957
0.35,0.85,0 4.23295e-09
0.35,0.85,0.05 0.436185
0.35,0.85,0.1 1.73551
0.35,0.85,0.15 0.452732
0.35,0.85,0.2 0.0141489
0.35,0.85,0.25 0.000230813
0.4,0,0.2 4.56167e-15
0.4,0,0.25 9.59092e-14
0.4,0,0.3 9.1156e-14
0.4,0,0.35 3.61026e-15
0.4,0.05,0.05 0.0120864
0.4,0.05,0.1 0.404392
0.4,0.05,0.15 0.490304
0.4,0.05,0.2 0.0863815
0.4,0.05,0.25 0.678552
0.4,0.05,0.3 0.518741
0.4,0.05,0.35 0.0658439
0.4,0.05,0.4 0.00140057
0.4,0.1,0.05 3.89496
0.4,0.1,0.1 63.6646
0.4,0.1,0.15 66.201
0.4,0.1,0.2 17.3717
0.4,0.1,0.25 144.136
0.4,0.1,0.3 94.7361
0.4,0.1,0.35 2.57278
0.4,0.1,0.4 0.0238639
0.4,0.15,0.05 18.2073
0.4,0.15,0.1 302.505
0.4,0.15,0.15 413.375
0.4,0.15,0.2 133.183
0.4,0.15,0.25 463.663
0.4,0.15,0.3 258.888
0.4,0.15,0.35 5.19539
0.4,0.15,0.4 0.020177
0.4,0.2,0 1.07381e-20
0.4,0.2,0.05 24.0922
0.4,0.2,0.1 280.58
0.4,0.2,0.15 495.1
0.4,0.2,0.2 406.399
0.4,0.2,0.25 531.651
0.4,0.2,0.3 230.76
0.4,0.2,0.35 10.903
0.4,0.2,0.4 0.260766
0.4,0.25,0 1.17751e-14
0.4,0.25,0.05 84.8294
0.4,0.25,0.1 436.402
0.4,0.25,0.15 510.427
0.4,0.25,0.2 310.582
0.4,0.25,0.25 178.309
0.4,0.25,0.3 157.965
0.4,0.25,0.35 33.8944
0.4,0.25,0.4 1.72932
0.4,0.3,0 1.76646e-13
0.4,0.3,0.05 109.529
0.4,0.3,0.1 463.611
0.4,0.3,0.15 305.343
0.4,0.3,0.2 278.111
0.4,0.3,0.25 453.191
0.4,0.3,0.3 408.692
0.4,0.3,0.35 62.914
0.4,0.3,0.4 0.708119
0.4,0.3,0.45 0.000164351
0.4,0.35,0 1.77928e-11
0.4,0.35,0.05 56.6661
0.4,0.35,0.1 233.034
0.4,0.35,0.15 158.184
0.4,0.35,0.2 217.035
0.4,0.35,0.25 479.657
0.4,0.35,0.3 586.337
0.4,0.35,0.35 126.049
0.4,0.35,0.4 2.14303
0.4,0.35,0.45 0.00184281
0.4,0.4,0 7.78884e-11
0.4,0.4,0.05 61.8021
0.4,0.4,0.1 293.093
0.4,0.4,0.15 428.503
0.4,0.4,0.2 386.042
0.4,0.4,0.25 185.052
0.4,0.4,0.3 341.751
0.4,0.4,0.35 152.253
0.4,0.4,0.4 89.1163
0.4,0.4,0.45 20.0838
0.4,0.4,0.5 5.36659e-07
0.4,0.45,0 1.16893e-09
0.4,0.45,0.05 53.6129
0.4,0.45,0.1 280.32
0.4,0.45,0.15 483.404
0.4,0.45,0.2 502.022
0.4,0.45,0.25 284.579
0.4,0.45,0.3 251.521
0.4,0.45,0.35 424.538
0.4,0.45,0.4 467.886
0.4,0.45,0.45 97.3931
0.4,0.45,0.5 2.36778e-06
0.4,0.5,0 1.30294e-09
0.4,0.5,0.05 60.7668
0.4,0.5,0.1 324.664
0.4,0.5,0.15 471.607
0.4,0.5,0.2 606.644
0.4,0.5,0.25 588.896
0.4,0.5,0.3 383.169
0.4,0.5,0.35 664.874
0.4,0.5,0.4 385.161
0.4,0.5,0.45 55.6877
0.4,0.5,0.5 9.0369e-07
0.4,0.55,0 1.12696e-08
0.4,0.55,0.05 41.597
0.4,0.55,0.1 238.148
0.4,0.55,0.15 372.376
0.4,0.55,0.2 413.752
0.4,0.55,0.25 350.353
0.4,0.55,0.3 117.125
0.4,0.55,0.35 180.94
0.4,0.55,0.4 94.4857
0.4,0.55,0.45 6.27069
0.4,0.55,0.5 4.78161e-08
0.4,0.6,0 6.01517e-08
0.4,0.6,0.05 147.173
0.4,0.6,0.1 610.531
0.4,0.6,0.15 377.333
0.4,0.6,0.2 597.625
0.4,0.6,0.25 426.144
0.4,0.6,0.3 291.631
0.4,0.6,0.35 238.612
0.4,0.6,0.4 142.805
0.4,0.6,0.45 4.67815
0.4,0.65,0 2.32439e-08
0.4,0.65,0.05 72.067
0.4,0.65,0.1 299.712
0.4,0.65,0.15 223.468
0.4,0.65,0.2 438.844
0.4,0.65,0.25 387.276
0.4,0.65,0.3 354.449
0.4,0.65,0.35 299.745
0.4,0.65,0.4 99.1411
0.4,0.65,0.45 1.59968
0.4,0.7,0 2.16872e-10
0.4,0.7,0.05 17.1986
0.4,0.7,0.1 68.9586
0.4,0.7,0.15 22.5444
0.4,0.7,0.2 38.31
0.4,0.7,0.25 196.529
0.4,0.7,0.3 395.655
0.4,0.7,0.35 411.498
0.4,0.7,0.4 42.3376
0.4,0.7,0.45 0.0181673
0.4,0.75,0 2.05596e-07
0.4,0.75,0.05 21.9332
0.4,0.75,0.1 87.1903
0.4,0.75,0.15 21.6643
0.4,0.75,0.2 2.45235
0.4,0.75,0.25 93.0895
0.4,0.75,0.3 190.1
0.4,0.75,0.35 100.32
0.4,0.75,0.4 8.11745
0.4,0.8,0 6.64996e-07
0.4,0.8,0.05 68.5247
0.4,0.8,0.1 272.347
0.4,0.8,0.15 67.6516
0.4,0.8,0.2 0.312168
0.4,0.8,0.25 13.9951
0.4,0.8,0.3 19.6709
0.4,0.8,0.35 1.58128
0.4,0.8,0.4 0.00152404
0.4,0.85,0 1.34204e-07
0.4,0.85,0.05 13.8291
0.4,0.85,0.1 54.9628
0.4,0.85,0.15 13.6529
0.45,0.05,0.2 0.00786188
