0.45,0.75,0.6 3.60856
0.45,0.75,0.65 0.00291336
0.45,0.8,0 2.48629e-11
0.45,0.8,0.05 0.0038397
0.45,0.8,0.1 0.015273
0.45,0.8,0.15 5.74763
0.45,0.8,0.2 165.963
0.45,0.8,0.25 187.283
0.45,0.8,0.3 10.0274
0.45,0.8,0.35 1.46828
0.45,0.8,0.4 21.3774
0.45,0.8,0.45 16.2548
0.45,0.8,0.5 0.427491
0.45,0.8,0.55 4.73051e-05
0.45,0.8,0.6 1.60425e-05
0.45,0.8,0.65 1.29726e-08
0.45,0.85,0 2.92023e-11
0.45,0.85,0.05 0.00450985
0.45,0.85,0.1 0.0179386
0.45,0.85,0.15 0.766944
0.45,0.85,0.2 22.0312
0.45,0.85,0.25 24.8614
0.45,0.85,0.3 1.33111
0.45,0.9,0 1.66874e-12
0.45,0.9,0.05 0.000257712
0.45,0.9,0.1 0.00102509
0.45,0.9,0.15 0.00025484
0.5,0.1,0.15 0.117295
0.5,0.1,0.2 3.87096
0.5,0.1,0.25 4.66275
0.5,0.1,0.3 0.277374
0.5,0.1,0.35 0.327333
0.5,0.1,0.4 2.91329
0.5,0.1,0.45 3.24618
0.5,0.1,0.5 3.4459
0.5,0.1,0.55 0.42241
0.5,0.15,0.1 0.0269959
0.5,0.15,0.15 4.17802
0.5,0.15,0.2 108.849
0.5,0.15,0.25 131.078
0.5,0.15,0.3 28.8642
0.5,0.15,0.35 86.7269
0.5,0.15,0.4 143.902
0.5,0.15,0.45 163.812
0.5,0.15,0.5 198.052
0.5,0.15,0.55 28.0657
0.5,0.15,0.6 0.450714
0.5,0.2,0.05 0.000120033
0.5,0.2,0.1 0.915962
0.5,0.2,0.15 47.1605
0.5,0.2,0.2 300.266
0.5,0.2,0.25 221.921
0.5,0.2,0.3 157.067
0.5,0.2,0.35 448.889
0.5,0.2,0.4 399.441
0.5,0.2,0.45 456.01
0.5,0.2,0.5 469.8
0.5,0.2,0.55 229.397
0.5,0.2,0.6 20.9573
0.5,0.25,0.05 0.731444
0.5,0.25,0.1 36.5845
0.5,0.25,0.15 149.829
0.5,0.25,0.2 496.023
0.5,0.25,0.25 387.108
0.5,0.25,0.3 460.862
0.5,0.25,0.35 397.016
0.5,0.25,0.4 525.801
0.5,0.25,0.45 782.802
0.5,0.25,0.5 498.145
0.5,0.25,0.55 323.377
0.5,0.25,0.6 45.0304
0.5,0.25,0.65 1.62138
0.5,0.25,0.7 8.2762e-05
0.5,0.3,0 3.80604e-08
0.5,0.3,0.05 6.40894
0.5,0.3,0.1 232.155
0.5,0.3,0.15 525.413
0.5,0.3,0.2 653.346
0.5,0.3,0.25 531.288
0.5,0.3,0.3 496.143
0.5,0.3,0.35 203.686
0.5,0.3,0.4 214.214
0.5,0.3,0.45 453.801
0.5,0.3,0.5 631.518
0.5,0.3,0.55 472.819
0.5,0.3,0.6 204.514
0.5,0.3,0.65 20.8373
0.5,0.3,0.7 0.000962632
0.5,0.35,0 8.65589e-07
0.5,0.35,0.05 50.7686
0.5,0.35,0.1 411.299
0.5,0.35,0.15 617.862
0.5,0.35,0.2 363.745
0.5,0.35,0.25 317.158
0.5,0.35,0.3 651.269
0.5,0.35,0.35 470.888
0.5,0.35,0.4 651.603
0.5,0.35,0.45 460.542
0.5,0.35,0.5 428.436
0.5,0.35,0.55 396.081
0.5,0.35,0.6 343.768
0.5,0.35,0.65 53.7498
0.5,0.35,0.7 0.000621302
0.5,0.4,0 8.70457e-07
0.5,0.4,0.05 48.7262
0.5,0.4,0.1 309.294
0.5,0.4,0.15 399.127
0.5,0.4,0.2 239.075
0.5,0.4,0.25 449.333
0.5,0.4,0.3 544.213
0.5,0.4,0.35 358.804
0.5,0.4,0.4 379.673
0.5,0.4,0.45 121.175
0.5,0.4,0.5 30.5957
0.5,0.4,0.55 82.4693
0.5,0.4,0.6 210.781
0.5,0.4,0.65 40.5414
0.5,0.4,0.7 1.03662e-05
0.5,0.45,0 2.53703e-07
0.5,0.45,0.05 4.04304
0.5,0.45,0.1 44.1914
0.5,0.45,0.15 174.092
0.5,0.45,0.2 387.229
0.5,0.45,0.25 682.939
0.5,0.45,0.3 381.427
0.5,0.45,0.35 297.541
0.5,0.45,0.4 223.595
0.5,0.45,0.45 371.207
0.5,0.45,0.5 447.492
0.5,0.45,0.55 258.104
0.5,0.45,0.6 72.7004
0.5,0.45,0.65 4.60969
0.5,0.5,0 7.96918e-06
0.5,0.5,0.05 30.8098
0.5,0.5,0.1 210.233
0.5,0.5,0.15 501.66
0.5,0.5,0.2 375.177
0.5,0.5,0.25 514.814
0.5,0.5,0.3 521.408
0.5,0.5,0.35 478.182
0.5,0.5,0.4 352.042
0.5,0.5,0.45 731.902
0.5,0.5,0.5 844.228
0.5,0.5,0.55 775.121
0.5,0.5,0.6 315.61
0.5,0.5,0.65 30.7301
0.5,0.5,0.7 0.296993
0.5,0.55,0 1.41015e-05
0.5,0.55,0.05 53.216
0.5,0.55,0.1 248.397
0.5,0.55,0.15 451.325
0.5,0.55,0.2 402.914
0.5,0.55,0.25 445.939
0.5,0.55,0.3 434.48
0.5,0.55,0.35 314.937
0.5,0.55,0.4 224.249
0.5,0.55,0.45 591.574
0.5,0.55,0.5 551.341
0.5,0.55,0.55 585.458
0.5,0.55,0.6 343.542
0.5,0.55,0.65 114.916
0.5,0.55,0.7 1.57016
0.5,0.6,0 1.59049e-06
0.5,0.6,0.05 21.8056
0.5,0.6,0.1 89.8163
0.5,0.6,0.15 85.7998
0.5,0.6,0.2 253.008
0.5,0.6,0.25 329.442
0.5,0.6,0.3 153.521
0.5,0.6,0.35 427.738
0.5,0.6,0.4 624.21
0.5,0.6,0.45 489.342
0.5,0.6,0.5 328.998
0.5,0.6,0.55 121.283
0.5,0.6,0.6 82.9858
0.5,0.6,0.65 37.2061
0.5,0.6,0.7 0.516974
0.5,0.65,0 2.59064e-07
0.5,0.65,0.05 33.0025
0.5,0.65,0.1 133.072
0.5,0.65,0.15 101.558
0.5,0.65,0.2 246.2
0.5,0.65,0.25 348.506
0.5,0.65,0.3 258.005
0.5,0.65,0.35 635.793
0.5,0.65,0.4 673.093
0.5,0.65,0.45 521.815
0.5,0.65,0.5 375.385
0.5,0.65,0.55 125.33
0.5,0.65,0.6 31.4295
0.5,0.65,0.65 0.0469628
0.5,0.65,0.7 0.000314744
0.5,0.7,0 3.16075e-08
0.5,0.7,0.05 4.01519
0.5,0.7,0.1 17.0952
0.5,0.7,0.15 42.9063
0.5,0.7,0.2 105.402
0.5,0.7,0.25 164.675
0.5,0.7,0.3 156.852
0.5,0.7,0.35 211.748
0.5,0.7,0.4 356.308
0.5,0.7,0.45 521.882
0.5,0.7,0.5 491.194
0.5,0.7,0.55 431.606
0.5,0.7,0.6 126.487
0.5,0.7,0.65 0.102209
0.5,0.75,0 4.26362e-09
0.5,0.75,0.05 0.658452
0.5,0.75,0.1 2.63651
0.5,0.75,0.15 4.63657
0.5,0.75,0.2 105.098
0.5,0.75,0.25 127.019
0.5,0.75,0.3 12.6453
0.5,0.75,0.35 29.0248
0.5,0.75,0.4 335.576
0.5,0.75,0.45 346.128
0.5,0.75,0.5 127.527
0.5,0.75,0.55 112.658
0.5,0.75,0.6 33.2263
0.5,0.75,0.65 0.0268666
0.5,0.8,0 1.33538e-07
0.5,0.8,0.05 20.6229
0.5,0.8,0.1 82.0309
0.5,0.8,0.15 27.7898
0.5,0.8,0.2 213.718
0.5,0.8,0.25 241.173
0.5,0.8,0.3 12.9237
0.5,0.8,0.35 2.60263
0.5,0.8,0.4 35.1031
0.5,0.8,0.45 34.8306
0.5,0.8,0.5 7.80743
0.5,0.8,0.55 0.557484
0.5,0.8,0.6 0.000147942
0.5,0.8,0.65 1.19632e-07
0.5,0.85,0 1.56844e-07
0.5,0.85,0.05 24.2223
0.5,0.85,0.1 96.3478
0.5,0.85,0.15 24.9343
0.5,0.85,0.2 28.3707
0.5,0.85,0.25 32.0153
0.5,0.85,0.3 1.71414
0.5,0.9,0 8.96276e-09
0.5,0.9,0.05 1.38416
0.5,0.9,0.1 5.50572
0.5,0.9,0.15 1.36874
0.55,0.1,0.05 2.57355e-07
0.55,0.1,0.1 3.20766e-06
0.55,0.1,0.15 0.183467
0.55,0.1,0.2 6.05469
0.55,0.1,0.25 7.29316
0.55,0.1,0.3 0.43385
0.55,0.1,0.35 0.706848
0.55,0.1,0.4 5.45487
0.55,0.1,0.45 4.44608
0.55,0.1,0.5 2.41234
0.55,0.1,0.55 0.243261
0.55,0.15,0.05 0.00293112
0.55,0.15,0.1 0.915672
0.55,0.15,0.15 11.7453
0.55,0.15,0.2 196.217
0.55,0.15,0.25 274.709
0.55,0.15,0.3 32.1683
0.55,0.15,0.35 44.8319
0.55,0.15,0.4 244.732
0.55,0.15,0.45 215.526
0.55,0.15,0.5 146.248
0.55,0.15,0.55 36.5069
0.55,0.15,0.6 2.56774
0.55,0.2,0.05 0.0359303
0.55,0.2,0.1 30.035
0.55,0.2,0.15 222.151
0.55,0.2,0.2 554.276
0.55,0.2,0.25 623.145
0.55,0.2,0.3 157.935
0.55,0.2,0.35 191.779
0.55,0.2,0.4 459.67
0.55,0.2,0.45 430.535
0.55,0.2,0.5 348.958
0.55,0.2,0.55 163.544
0.55,0.2,0.6 15.3205
0.55,0.25,0.05 15.9526
0.55,0.25,0.1 105.649
0.55,0.25,0.15 299.391
0.55,0.25,0.2 425.478
0.55,0.25,0.25 322.471
0.55,0.25,0.3 519.392
0.55,0.25,0.35 527.615
0.55,0.25,0.4 592.487
0.55,0.25,0.45 509.035
0.55,0.25,0.5 399.857
0.55,0.25,0.55 122.796
0.55,0.25,0.6 38.3324
0.55,0.25,0.65 8.5225
0.55,0.25,0.7 0.000461384
0.55,0.3,0 4.92443e-08
0.55,0.3,0.05 47.7338
0.55,0.3,0.1 235.081
0.55,0.3,0.15 316.219
0.55,0.3,0.2 585.162
0.55,0.3,0.25 444.109
0.55,0.3,0.3 533.3
0.55,0.3,0.35 277.011
0.55,0.3,0.4 252.942
0.55,0.3,0.45 246.393
0.55,0.3,0.5 407.611
0.55,0.3,0.55 368.437
0.55,0.3,0.6 389.683
0.55,0.3,0.65 101.078
0.55,0.3,0.7 0.00536651
0.55,0.35,0 1.11994e-06
0.55,0.35,0.05 82.2724
0.55,0.35,0.1 394.62
0.55,0.35,0.15 686.5
0.55,0.35,0.2 772.734
0.55,0.35,0.25 373.762
0.55,0.35,0.3 663.811
0.55,0.35,0.35 470.302
0.55,0.35,0.4 499.671
0.55,0.35,0.45 436.087
0.55,0.35,0.5 284.8
0.55,0.35,0.55 392.406
0.55,0.35,0.6 476.862
0.55,0.35,0.65 106.566
0.55,0.35,0.7 0.00346365
0.55,0.4,0 1.47018e-06
0.55,0.4,0.05 72.3669
0.55,0.4,0.1 327.24
0.55,0.4,0.15 443.962
0.55,0.4,0.2 279.926
0.55,0.4,0.25 166.902
0.55,0.4,0.3 405.96
0.55,0.4,0.35 327.844
0.55,0.4,0.4 291.352
0.55,0.4,0.45 204.862
0.55,0.4,0.5 243.28
0.55,0.4,0.55 263.532
0.55,0.4,0.6 249.051
0.55,0.4,0.65 42.4722
0.55,0.4,0.7 5.77899e-05
0.55,0.45,0 1.13029e-05
0.55,0.45,0.05 61.0922
0.55,0.45,0.1 244.929
0.55,0.45,0.15 263.037
0.55,0.45,0.2 524.536
0.55,0.45,0.25 385.362
0.55,0.45,0.3 433.927
0.55,0.45,0.35 231.311
0.55,0.45,0.4 235.403
0.55,0.45,0.45 336.282
0.55,0.45,0.5 455.851
0.55,0.45,0.55 395.571
0.55,0.45,0.6 167.892
0.55,0.45,0.65 8.60204
0.55,0.5,0 6.75573e-05
0.55,0.5,0.05 92.0019
0.55,0.5,0.1 375.508
0.55,0.5,0.15 420.813
0.55,0.5,0.2 645.88
0.55,0.5,0.25 543.384
0.55,0.5,0.3 442.654
0.55,0.5,0.35 666.88
0.55,0.5,0.4 692.721
0.55,0.5,0.45 721.233
0.55,0.5,0.5 494.312
0.55,0.5,0.55 533.371
0.55,0.5,0.6 454.126
0.55,0.5,0.65 58.4575
0.55,0.5,0.7 0.512013
0.55,0.55,0 4.68161e-05
0.55,0.55,0.05 91.4175
0.55,0.55,0.1 426.691
0.55,0.55,0.15 565.566
0.55,0.55,0.2 544.236
0.55,0.55,0.25 465.814
0.55,0.55,0.3 512.078
0.55,0.55,0.35 542.416
0.55,0.55,0.4 420.915
0.55,0.55,0.45 585.522
0.55,0.55,0.5 346.233
0.55,0.55,0.55 329.797
0.55,0.55,0.6 449.99
0.55,0.55,0.65 199.066
0.55,0.55,0.7 2.70695
0.55,0.6,0 2.42444e-06
0.55,0.6,0.05 48.5833
0.55,0.6,0.1 241.808
0.55,0.6,0.15 402.978
0.55,0.6,0.2 595.964
0.55,0.6,0.25 413.85
0.55,0.6,0.3 236.19
0.55,0.6,0.35 471.15
0.55,0.6,0.4 673.165
0.55,0.6,0.45 406.505
0.55,0.6,0.5 362.479
0.55,0.6,0.55 408.47
0.55,0.6,0.6 193.321
0.55,0.6,0.65 64.1411
0.55,0.6,0.7 0.891261
0.55,0.65,0 2.3262e-10
0.55,0.65,0.05 21.7843
0.55,0.65,0.1 97.7457
0.55,0.65,0.15 326.707
0.55,0.65,0.2 450.101
0.55,0.65,0.25 426.827
0.55,0.65,0.3 398.303
0.55,0.65,0.35 687.916
0.55,0.65,0.4 577.481
0.55,0.65,0.45 283.41
0.55,0.65,0.5 274.551
0.55,0.65,0.55 289.586
0.55,0.65,0.6 76.1103
0.55,0.65,0.65 0.0526679
0.55,0.65,0.7 0.000542617
0.55,0.7,0 2.83811e-11
0.55,0.7,0.05 0.235354
0.55,0.7,0.1 5.28079
0.55,0.7,0.15 147.783
0.55,0.7,0.2 189.512
0.55,0.7,0.25 96.3378
0.55,0.7,0.3 246.454
0.55,0.7,0.35 419.663
0.55,0.7,0.4 373.537
0.55,0.7,0.45 677.622
0.55,0.7,0.5 510.675
0.55,0.7,0.55 238.859
0.55,0.7,0.6 72.0504
0.55,0.7,0.65 0.0551998
0.55,0.75,0 1.42316e-08
0.55,0.75,0.05 2.19817
0.55,0.75,0.1 9.01906
0.55,0.75,0.15 5.28175
0.55,0.75,0.2 10.0721
0.55,0.75,0.25 8.87668
0.55,0.75,0.3 14.001
0.55,0.75,0.35 170.075
0.55,0.75,0.4 484.235
0.55,0.75,0.45 592.762
0.55,0.75,0.5 394.684
0.55,0.75,0.55 81.5034
0.55,0.75,0.6 17.932
0.55,0.75,0.65 0.0145005
0.55,0.8,0 4.45739e-07
0.55,0.8,0.05 69.5486
0.55,0.8,0.1 277.551
0.55,0.8,0.15 71.842
0.55,0.8,0.2 18.6629
0.55,0.8,0.25 19.3973
0.55,0.8,0.3 1.34553
0.55,0.8,0.35 16.1052
0.55,0.8,0.4 50.4416
0.55,0.8,0.45 60.0791
0.55,0.8,0.5 40.8568
0.55,0.8,0.55 3.2785
0.55,0.8,0.6 7.98476e-05
0.55,0.8,0.65 6.4568e-08
0.55,0.85,0 5.23534e-07
0.55,0.85,0.05 84.5722
0.55,0.85,0.1 337.188
0.55,0.85,0.15 84.6533
0.55,0.85,0.2 3.53671
0.55,0.85,0.25 3.22563
0.55,0.85,0.3 0.151399
0.55,0.85,0.35 2.91571e-07
0.55,0.9,0 2.9917e-08
0.55,0.9,0.05 5.83482
0.55,0.9,0.1 23.4047
0.55,0.9,0.15 5.86951
0.55,0.9,0.2 0.00402033
0.55,0.9,0.25 0.00254788
0.55,0.9,0.3 4.05016e-05
0.55,0.95,0.05 0.000678432
0.55,0.95,0.1 0.00280797
0.55,0.95,0.15 0.000726365
0.55,0.95,0.2 1.03435e-09
0.6,0.1,0.05 0.000244669
0.6,0.1,0.1 0.00304955
0.6,0.1,0.15 0.0180468
0.6,0.1,0.2 0.52732
0.6,0.1,0.25 0.635134
0.6,0.1,0.3 0.0377823
0.6,0.1,0.35 0.124393
0.6,0.1,0.4 1.6541
0.6,0.1,0.45 5.07159
0.6,0.1,0.5 1.85279
0.6,0.1,0.55 0.00727655
0.6,0.15,0.05 2.78664
0.6,0.15,0.1 35.7848
0.6,0.15,0.15 37.4264
0.6,0.15,0.2 104.736
0.6,0.15,0.25 117.396
0.6,0.15,0.3 31.5063
0.6,0.15,0.35 19.3969
0.6,0.15,0.4 79.3707
0.6,0.15,0.45 258.639
0.6,0.15,0.5 132.116
0.6,0.15,0.55 68.7494
0.6,0.15,0.6 7.74247
0.6,0.2,0.05 9.75566
0.6,0.2,0.1 156.781
0.6,0.2,0.15 334.406
0.6,0.2,0.2 601.746
0.6,0.2,0.25 552
0.6,0.2,0.3 296.963
0.6,0.2,0.35 244.105
0.6,0.2,0.4 228.355
0.6,0.2,0.45 535.83
0.6,0.2,0.5 421.213
0.6,0.2,0.55 374.071
0.6,0.2,0.6 42.1416
0.6,0.25,0.05 37.8195
0.6,0.25,0.1 229.539
0.6,0.25,0.15 373.822
0.6,0.25,0.2 492.147
0.6,0.25,0.25 357.544
0.6,0.25,0.3 605.191
0.6,0.25,0.35 646.831
0.6,0.25,0.4 385.394
0.6,0.25,0.45 322.094
0.6,0.25,0.5 347.487
0.6,0.25,0.55 204.977
0.6,0.25,0.6 26.0465
0.6,0.25,0.65 2.9509
0.6,0.25,0.7 0.000159828
0.6,0.3,0 3.27129e-09
0.6,0.3,0.05 108.446
0.6,0.3,0.1 607.442
0.6,0.3,0.15 536.07
0.6,0.3,0.2 413.575
0.6,0.3,0.25 224.47
0.6,0.3,0.3 492.321
0.6,0.3,0.35 335.023
0.6,0.3,0.4 348.87
0.6,0.3,0.45 515.21
0.6,0.3,0.5 878.191
0.6,0.3,0.55 471.155
0.6,0.3,0.6 143.189
0.6,0.3,0.65 34.4116
0.6,0.3,0.7 0.00185901
0.6,0.35,0 7.43975e-08
0.6,0.35,0.05 109.497
0.6,0.35,0.1 603.732
0.6,0.35,0.15 842.19
0.6,0.35,0.2 710.388
0.6,0.35,0.25 301.538
0.6,0.35,0.3 889.767
0.6,0.35,0.35 509.502
0.6,0.35,0.4 220.308
0.6,0.35,0.45 690.997
0.6,0.35,0.5 636.896
0.6,0.35,0.55 309.729
0.6,0.35,0.6 112.177
0.6,0.35,0.65 24.0924
0.6,0.35,0.7 0.00119985
0.6,0.4,0 5.14916e-07
0.6,0.4,0.05 65.136
0.6,0.4,0.1 303.736
0.6,0.4,0.15 370.246
0.6,0.4,0.2 356.278
0.6,0.4,0.25 373.258
0.6,0.4,0.3 700.485
0.6,0.4,0.35 313.837
0.6,0.4,0.4 131.109
0.6,0.4,0.45 246.658
0.6,0.4,0.5 401.867
0.6,0.4,0.55 289.612
0.6,0.4,0.6 62.2462
0.6,0.4,0.65 2.25597
0.6,0.4,0.7 2.0019e-05
0.6,0.45,0 9.15919e-05
0.6,0.45,0.05 92.9224
0.6,0.45,0.1 376.06
0.6,0.45,0.15 330.387
0.6,0.45,0.2 518.827
0.6,0.45,0.25 487.529
0.6,0.45,0.3 289.536
0.6,0.45,0.35 239.916
0.6,0.45,0.4 254.286
0.6,0.45,0.45 205.242
0.6,0.45,0.5 476.701
0.6,0.45,0.55 447.91
0.6,0.45,0.6 96.5737
0.6,0.45,0.65 1.06748
0.6,0.5,0 0.000686938
0.6,0.5,0.05 140.992
0.6,0.5,0.1 573.727
0.6,0.5,0.15 583.978
0.6,0.5,0.2 688.178
0.6,0.5,0.25 596.658
0.6,0.5,0.3 386.515
0.6,0.5,0.35 532.593
0.6,0.5,0.4 604.281
0.6,0.5,0.45 606.336
0.6,0.5,0.5 588.715
0.6,0.5,0.55 200.58
0.6,0.5,0.6 60.4533
0.6,0.5,0.65 6.73864
0.6,0.5,0.7 0.0506916
0.6,0.55,0 0.000326904
0.6,0.55,0.05 62.6166
0.6,0.55,0.1 430.974
0.6,0.55,0.15 673.488
