0,0.4,0.15 1.71373e-14
0,0.4,0.2 7.33012e-14
0,0.4,0.25 1.95945e-14
0,0.4,0.3 2.04337e-19
0,0.45,0.15 1.61833e-11
0,0.45,0.2 6.92205e-11
0,0.45,0.25 1.85037e-11
0,0.45,0.3 1.92962e-16
0,0.5,0.15 4.6253e-11
0,0.5,0.2 1.97838e-10
0,0.5,0.25 5.2885e-11
0,0.5,0.3 5.515e-16
0,0.55,0.15 8.21008e-12
0,0.55,0.2 3.51169e-11
0,0.55,0.25 9.38728e-12
0,0.55,0.3 9.78933e-17
0.05,0.1,0.1 0.171696
0.05,0.1,0.15 8.59888
0.05,0.1,0.2 12.4317
0.05,0.1,0.25 0.971058
0.05,0.15,0 6.49108e-17
0.05,0.15,0.05 0.000350579
0.05,0.15,0.1 0.856105
0.05,0.15,0.15 42.8851
0.05,0.15,0.2 64.2157
0.05,0.15,0.25 7.48241
0.05,0.15,0.3 0.143767
0.05,0.15,0.35 0.00313338
0.05,0.15,0.4 0.00163668
0.05,0.15,0.45 1.4238e-05
0.05,0.2,0 5.90455e-16
0.05,0.2,0.05 0.0353527
0.05,0.2,0.1 0.406889
0.05,0.2,0.15 13.8445
0.05,0.2,0.2 33.02
0.05,0.2,0.25 19.3004
0.05,0.2,0.3 6.95908
0.05,0.2,0.35 7.31752
0.05,0.2,0.4 3.41906
0.05,0.2,0.45 0.0297434
0.05,0.25,0 3.15176e-16
0.05,0.25,0.05 0.387469
0.05,0.25,0.1 1.55049
0.05,0.25,0.15 1.79787
0.05,0.25,0.2 9.3809
0.05,0.25,0.25 23.6987
0.05,0.25,0.3 42.8238
0.05,0.25,0.35 26.1047
0.05,0.25,0.4 10.6226
0.05,0.25,0.45 0.0924093
0.05,0.3,0 2.95668e-18
0.05,0.3,0.05 0.25465
0.05,0.3,0.1 1.01898
0.05,0.3,0.15 1.53452
0.05,0.3,0.2 4.56705
0.05,0.3,0.25 8.76256
0.05,0.3,0.3 18.6492
0.05,0.3,0.35 6.54831
0.05,0.3,0.4 2.05694
0.05,0.3,0.45 0.0178939
0.05,0.35,0.05 1.16349
0.05,0.35,0.1 5.48726
0.05,0.35,0.15 1.67528
0.05,0.35,0.2 0.209346
0.05,0.35,0.25 0.0844391
0.05,0.35,0.3 0.0896952
0.05,0.35,0.35 0.0128617
0.05,0.4,0.05 4.62581
0.05,0.4,0.1 21.83
0.05,0.4,0.15 6.54397
0.05,0.4,0.2 0.673942
0.05,0.4,0.25 0.327741
0.05,0.4,0.3 0.00301352
0.05,0.45,0.05 1.16296
0.05,0.45,0.1 5.69392
0.05,0.45,0.15 13.2846
0.05,0.45,0.2 59.7281
0.05,0.45,0.25 23.2317
0.05,0.45,0.3 2.31725
0.05,0.45,0.35 0.248671
0.05,0.45,0.4 2.9684e-05
0.05,0.5,0.05 0.146577
0.05,0.5,0.1 3.83047
0.05,0.5,0.15 31.7189
0.05,0.5,0.2 133.622
0.05,0.5,0.25 55.8786
0.05,0.5,0.3 23.1347
0.05,0.5,0.35 5.45846
0.05,0.5,0.4 0.748216
0.05,0.55,0.05 0.119006
0.05,0.55,0.1 3.10243
0.05,0.55,0.15 7.8014
0.05,0.55,0.2 21.2293
0.05,0.55,0.25 45.8893
0.05,0.55,0.3 62.3811
0.05,0.55,0.35 17.7153
0.05,0.55,0.4 5.16965
0.05,0.55,0.45 0.189071
0.05,0.6,0.05 0.00343998
0.05,0.6,0.1 0.0896724
0.05,0.6,0.15 0.0959592
0.05,0.6,0.2 0.615965
0.05,0.6,0.25 28.6212
0.05,0.6,0.3 41.984
0.05,0.6,0.35 17.1558
0.05,0.6,0.4 16.9259
0.05,0.6,0.45 1.24565
0.05,0.65,0.15 0.40085
0.05,0.65,0.2 6.05373
0.05,0.65,0.25 5.52301
0.05,0.65,0.3 1.45527
0.05,0.65,0.35 4.73956
0.05,0.65,0.4 6.60361
0.05,0.65,0.45 0.504015
0.05,0.7,0.15 4.68144
0.05,0.7,0.2 70.4978
0.05,0.7,0.25 54.5003
0.05,0.7,0.3 1.41561
0.05,0.7,0.35 0.0130893
0.05,0.7,0.4 0.0186175
0.05,0.7,0.45 0.00142097
0.05,0.75,0.15 3.03055
0.05,0.75,0.2 45.6371
0.05,0.75,0.25 35.281
0.05,0.75,0.3 0.916226
0.05,0.8,0.15 0.0509723
0.05,0.8,0.2 0.767593
0.05,0.8,0.25 0.593409
0.05,0.8,0.3 0.0154105
0.1,0,0.1 2.01027e-19
0.1,0,0.15 6.84176e-17
0.1,0,0.2 1.67834e-16
0.1,0,0.25 2.52659e-17
0.1,0.05,0.1 2.64753e-06
0.1,0.05,0.15 0.000901064
0.1,0.05,0.2 0.00257814
0.1,0.05,0.25 0.529329
0.1,0.05,0.3 1.58525
0.1,0.05,0.35 0.295696
0.1,0.1,0.1 0.950282
0.1,0.1,0.15 47.6276
0.1,0.1,0.2 69.127
0.1,0.1,0.25 8.46687
0.1,0.1,0.3 8.74959
0.1,0.1,0.35 1.63611
0.1,0.1,0.4 0.000498493
0.1,0.15,0 5.60837e-13
0.1,0.15,0.05 3.02904
0.1,0.15,0.1 16.8445
0.1,0.15,0.15 241.494
0.1,0.15,0.2 382.65
0.1,0.15,0.25 72.1476
0.1,0.15,0.3 7.94399
0.1,0.15,0.35 5.04017
0.1,0.15,0.4 0.473222
0.1,0.15,0.45 0.000213549
0.1,0.2,0 5.1016e-12
0.1,0.2,0.05 31.1293
0.1,0.2,0.1 125.972
0.1,0.2,0.15 114.36
0.1,0.2,0.2 336.621
0.1,0.2,0.25 290.045
0.1,0.2,0.3 80.6789
0.1,0.2,0.35 117.432
0.1,0.2,0.4 52.5559
0.1,0.2,0.45 0.446109
0.1,0.25,0 2.72316e-12
0.1,0.25,0.05 57.6438
0.1,0.25,0.1 230.799
0.1,0.25,0.15 111.399
0.1,0.25,0.2 263.424
0.1,0.25,0.25 290.01
0.1,0.25,0.3 390.396
0.1,0.25,0.35 356.95
0.1,0.25,0.4 159.549
0.1,0.25,0.45 1.38601
0.1,0.3,0 2.55461e-14
0.1,0.3,0.05 28.7292
0.1,0.3,0.1 116.014
0.1,0.3,0.15 82.0992
0.1,0.3,0.2 186.862
0.1,0.3,0.25 108.899
0.1,0.3,0.3 163.782
0.1,0.3,0.35 81.5458
0.1,0.3,0.4 30.8511
0.1,0.3,0.45 0.268383
0.1,0.35,0.05 18.3247
0.1,0.35,0.1 86.4294
0.1,0.35,0.15 27.946
0.1,0.35,0.2 8.59927
0.1,0.35,0.25 2.23006
0.1,0.35,0.3 0.771846
0.1,0.35,0.35 0.110677
0.1,0.4,0.05 70.7251
0.1,0.4,0.1 333.986
0.1,0.4,0.15 107.187
0.1,0.4,0.2 15.8561
0.1,0.4,0.25 3.6755
0.1,0.4,0.3 0.0445526
0.1,0.4,0.35 0.0720369
0.1,0.4,0.4 0.410809
0.1,0.4,0.45 0.145406
0.1,0.4,0.5 0.000168993
0.1,0.45,0 1.93879e-13
0.1,0.45,0.05 19.1656
0.1,0.45,0.1 99.5454
0.1,0.45,0.15 193.05
0.1,0.45,0.2 488.644
0.1,0.45,0.25 183.416
0.1,0.45,0.3 34.5229
0.1,0.45,0.35 11.2433
0.1,0.45,0.4 43.1549
0.1,0.45,0.45 15.2741
0.1,0.45,0.5 0.0177517
0.1,0.5,0 1.00185e-12
0.1,0.5,0.05 11.6283
0.1,0.5,0.1 170.045
0.1,0.5,0.15 370.944
0.1,0.5,0.2 830.666
0.1,0.5,0.25 458.092
0.1,0.5,0.3 339.193
0.1,0.5,0.35 153.815
0.1,0.5,0.4 106.602
0.1,0.5,0.45 28.4934
0.1,0.5,0.5 0.033114
0.1,0.55,0 3.22651e-13
0.1,0.55,0.05 6.44578
0.1,0.55,0.1 124.677
0.1,0.55,0.15 173.592
0.1,0.55,0.2 192.685
0.1,0.55,0.25 464.005
0.1,0.55,0.3 587.121
0.1,0.55,0.35 446.618
0.1,0.55,0.4 141.974
0.1,0.55,0.45 6.19272
0.1,0.55,0.5 0.0036213
0.1,0.6,0 1.55456e-16
0.1,0.6,0.05 0.188867
0.1,0.6,0.1 9.3397
0.1,0.6,0.15 19.0336
0.1,0.6,0.2 25.2019
0.1,0.6,0.25 234.762
0.1,0.6,0.3 296.067
0.1,0.6,0.35 298.017
0.1,0.6,0.4 286.473
0.1,0.6,0.45 20.2653
0.1,0.6,0.5 6.45702e-09
0.1,0.65,0.05 0.406108
0.1,0.65,0.1 41.3329
0.1,0.65,0.15 91.5972
0.1,0.65,0.2 59.6108
0.1,0.65,0.25 33.3209
0.1,0.65,0.3 90.8762
0.1,0.65,0.35 142.141
0.1,0.65,0.4 109.431
0.1,0.65,0.45 8.19975
0.1,0.7,0.05 0.17218
0.1,0.7,0.1 17.5258
0.1,0.7,0.15 62.9894
0.1,0.7,0.2 330.244
0.1,0.7,0.25 236.654
0.1,0.7,0.3 53.8709
0.1,0.7,0.35 35.4667
0.1,0.7,0.4 1.19778
0.1,0.7,0.45 0.0231175
0.1,0.75,0.05 0.000622292
0.1,0.75,0.1 0.0633709
0.1,0.75,0.15 14.2368
0.1,0.75,0.2 195.503
0.1,0.75,0.25 148.315
0.1,0.75,0.3 5.4463
0.1,0.75,0.35 0.897992
0.1,0.75,0.4 0.0130806
0.1,0.8,0.15 0.20937
0.1,0.8,0.2 3.32568
0.1,0.8,0.25 3.00129
0.1,0.8,0.3 0.177783
0.1,0.85,0.15 4.68994e-07
0.1,0.85,0.2 0.0017021
0.1,0.85,0.25 0.00553142
0.1,0.85,0.3 0.0011217
0.15,0,0.1 2.5992e-15
0.15,0,0.15 8.84613e-13
0.15,0,0.2 2.17003e-12
0.15,0,0.25 3.26679e-13
0.15,0.05,0 3.77742e-13
0.15,0.05,0.05 0.00767793
0.15,0.05,0.1 0.0649096
0.15,0.05,0.15 11.6581
0.15,0.05,0.2 28.5908
0.15,0.05,0.25 20.7488
0.15,0.05,0.3 49.8412
0.15,0.05,0.35 9.49679
0.15,0.05,0.4 0.000563954
0.15,0.1,0 2.55832e-10
0.15,0.1,0.05 5.19999
0.15,0.1,0.1 21.2409
0.15,0.1,0.15 70.4001
0.15,0.1,0.2 159.466
0.15,0.1,0.25 122.139
0.15,0.1,0.3 277.513
0.15,0.1,0.35 53.3486
0.15,0.1,0.4 0.0149077
0.15,0.15,0 7.02169e-10
0.15,0.15,0.05 24.6943
0.15,0.15,0.1 100.722
0.15,0.15,0.15 141.367
0.15,0.15,0.2 371.905
0.15,0.15,0.25 193.387
0.15,0.15,0.3 157.714
0.15,0.15,0.35 119.041
0.15,0.15,0.4 10.325
0.15,0.15,0.45 0.00016465
0.15,0.2,0 1.36235e-10
0.15,0.2,0.05 104.976
0.15,0.2,0.1 423.755
0.15,0.2,0.15 174.915
0.15,0.2,0.2 444.482
0.15,0.2,0.25 531.613
0.15,0.2,0.3 297.834
0.15,0.2,0.35 393.548
0.15,0.2,0.4 72.2105
0.15,0.2,0.45 0.343958
0.15,0.25,0 9.35567e-12
0.15,0.25,0.05 144.337
0.15,0.25,0.1 595.143
0.15,0.25,0.15 239.099
0.15,0.25,0.2 411.071
0.15,0.25,0.25 564.952
0.15,0.25,0.3 443.369
0.15,0.25,0.35 338.085
0.15,0.25,0.4 130.225
0.15,0.25,0.45 1.06864
0.15,0.3,0 9.53768e-14
0.15,0.3,0.05 84.8735
0.15,0.3,0.1 433.378
0.15,0.3,0.15 221.518
0.15,0.3,0.2 258.12
0.15,0.3,0.25 136.813
0.15,0.3,0.3 129.369
0.15,0.3,0.35 59.8799
0.15,0.3,0.4 23.8268
0.15,0.3,0.45 0.206928
0.15,0.35,0 1.73264e-16
0.15,0.35,0.05 24.4287
0.15,0.35,0.1 142.137
0.15,0.35,0.15 57.3237
0.15,0.35,0.2 11.9949
0.15,0.35,0.25 2.81651
0.15,0.35,0.3 0.395065
0.15,0.35,0.35 0.0565209
0.15,0.4,0 7.01979e-19
0.15,0.4,0.05 55.592
0.15,0.4,0.1 267.059
0.15,0.4,0.15 144.119
0.15,0.4,0.2 63.7317
0.15,0.4,0.25 7.0117
0.15,0.4,0.3 0.652395
0.15,0.4,0.35 0.555498
0.15,0.4,0.4 1.91327
0.15,0.4,0.45 0.669494
0.15,0.4,0.5 0.000778097
0.15,0.45,0 2.69596e-12
0.15,0.45,0.05 30.6802
0.15,0.45,0.1 162.428
0.15,0.45,0.15 505.57
0.15,0.45,0.2 676.152
0.15,0.45,0.25 269.6
0.15,0.45,0.3 91.0944
0.15,0.45,0.35 80.7692
0.15,0.45,0.4 209.558
0.15,0.45,0.45 72.472
0.15,0.45,0.5 0.0822665
0.15,0.5,0 1.39311e-11
0.15,0.5,0.05 92.0851
0.15,0.5,0.1 531.93
0.15,0.5,0.15 628.1
0.15,0.5,0.2 818.565
0.15,0.5,0.25 598.796
0.15,0.5,0.3 507.325
0.15,0.5,0.35 420.044
0.15,0.5,0.4 526.26
0.15,0.5,0.45 160.578
0.15,0.5,0.5 0.159765
0.15,0.55,0 4.48659e-12
0.15,0.55,0.05 33.1135
0.15,0.55,0.1 261.261
0.15,0.55,0.15 350.632
0.15,0.55,0.2 468.038
0.15,0.55,0.25 700.304
0.15,0.55,0.3 827.283
0.15,0.55,0.35 837.066
0.15,0.55,0.4 323.551
0.15,0.55,0.45 38.2011
0.15,0.55,0.5 0.021971
0.15,0.6,0 2.51649e-10
0.15,0.6,0.05 4.64896
0.15,0.6,0.1 52.4769
0.15,0.6,0.15 113.716
0.15,0.6,0.2 116.243
0.15,0.6,0.25 304.781
0.15,0.6,0.3 360.633
0.15,0.6,0.35 382.961
0.15,0.6,0.4 258.708
0.15,0.6,0.45 16.9804
0.15,0.6,0.5 0.000119012
0.15,0.65,0 1.34118e-09
0.15,0.65,0.05 24.2709
0.15,0.65,0.1 290.923
0.15,0.65,0.15 595.49
0.15,0.65,0.2 415.477
0.15,0.65,0.25 104.137
0.15,0.65,0.3 552.116
0.15,0.65,0.35 476.546
0.15,0.65,0.4 98.9634
0.15,0.65,0.45 6.66745
0.15,0.7,0 4.45021e-10
0.15,0.7,0.05 8.23146
0.15,0.7,0.1 127.177
0.15,0.7,0.15 367.382
0.15,0.7,0.2 585.598
0.15,0.7,0.25 242.864
0.15,0.7,0.3 413.054
0.15,0.7,0.35 261.74
0.15,0.7,0.4 5.9353
0.15,0.7,0.45 0.0187954
0.15,0.75,0 2.92762e-13
0.15,0.75,0.05 0.00801252
0.15,0.75,0.1 3.78751
0.15,0.75,0.15 42.1605
0.15,0.75,0.2 214.213
0.15,0.75,0.25 258.487
0.15,0.75,0.3 107.987
0.15,0.75,0.35 27.0622
0.15,0.75,0.4 0.14006
0.15,0.8,0.1 0.0764342
0.15,0.8,0.15 2.87559
0.15,0.8,0.2 34.205
0.15,0.8,0.25 97.9209
0.15,0.8,0.3 40.621
0.15,0.8,0.35 7.59296
0.15,0.8,0.4 0.00695399
0.15,0.85,0.1 0.000479388
0.15,0.85,0.15 0.0173166
0.15,0.85,0.2 0.294965
0.15,0.85,0.25 0.904595
0.15,0.85,0.3 0.262717
0.15,0.85,0.35 0.0284008
0.15,0.85,0.4 2.60108e-05
0.2,0,0.1 9.10015e-15
0.2,0,0.15 3.09715e-12
0.2,0,0.2 7.59759e-12
0.2,0,0.25 1.14375e-12
0.2,0.05,0 2.59192e-12
0.2,0.05,0.05 0.0526829
0.2,0.05,0.1 0.332042
0.2,0.05,0.15 41.0166
0.2,0.05,0.2 100.398
0.2,0.05,0.25 39.8272
0.2,0.05,0.3 90.5886
0.2,0.05,0.35 22.8322
0.2,0.05,0.4 0.0167373
0.2,0.1,0 1.75541e-09
0.2,0.1,0.05 35.6802
0.2,0.1,0.1 143.053
0.2,0.1,0.15 203.821
0.2,0.1,0.2 453.122
0.2,0.1,0.25 272.065
0.2,0.1,0.3 578.64
0.2,0.1,0.35 151.435
0.2,0.1,0.4 0.137155
0.2,0.15,0 4.80521e-09
0.2,0.15,0.05 102.306
0.2,0.15,0.1 421.624
0.2,0.15,0.15 209.347
0.2,0.15,0.2 522.756
0.2,0.15,0.25 413.546
0.2,0.15,0.3 333.572
0.2,0.15,0.35 200.348
0.2,0.15,0.4 15.1769
0.2,0.15,0.45 8.8172e-06
0.2,0.2,0 8.18421e-10
0.2,0.2,0.05 66.6719
0.2,0.2,0.1 388.831
0.2,0.2,0.15 331.425
0.2,0.2,0.2 619.786
0.2,0.2,0.25 453.271
0.2,0.2,0.3 488.371
0.2,0.2,0.35 669.865
0.2,0.2,0.4 74.7527
0.2,0.2,0.45 0.00889909
0.2,0.25,0 2.10607e-12
0.2,0.25,0.05 117.87
0.2,0.25,0.1 568.087
0.2,0.25,0.15 332.966
0.2,0.25,0.2 537.226
0.2,0.25,0.25 574.784
0.2,0.25,0.3 582.111
0.2,0.25,0.35 399.411
0.2,0.25,0.4 39.2046
0.2,0.25,0.45 0.0275965
0.2,0.3,0 9.36164e-14
0.2,0.3,0.05 108.214
0.2,0.3,0.1 599.97
0.2,0.3,0.15 305.117
0.2,0.3,0.2 342.67
0.2,0.3,0.25 178.508
0.2,0.3,0.3 109.413
0.2,0.3,0.35 40.3198
0.2,0.3,0.4 3.29734
0.2,0.3,0.45 0.00535612
0.2,0.35,0 3.41565e-15
0.2,0.35,0.05 55.2198
0.2,0.35,0.1 284.312
0.2,0.35,0.15 108.303
0.2,0.35,0.2 21.3497
0.2,0.35,0.25 6.26658
0.2,0.35,0.3 0.0917668
0.2,0.35,0.35 0.299146
0.2,0.35,0.4 0.082506
0.2,0.35,0.45 2.82022e-06
0.2,0.4,0 2.27493e-11
0.2,0.4,0.05 45.1265
0.2,0.4,0.1 216.498
0.2,0.4,0.15 256.808
0.2,0.4,0.2 99.2639
0.2,0.4,0.25 8.75585
0.2,0.4,0.3 1.48685
0.2,0.4,0.35 1.0249
0.2,0.4,0.4 0.634461
0.2,0.4,0.45 0.192562
0.2,0.4,0.5 0.000223799
0.2,0.45,0 1.53893e-10
0.2,0.45,0.05 45.2883
0.2,0.45,0.1 256.884
0.2,0.45,0.15 640.88
0.2,0.45,0.2 455.935
0.2,0.45,0.25 251.525
0.2,0.45,0.3 211.508
0.2,0.45,0.35 205.965
0.2,0.45,0.4 124.165
0.2,0.45,0.45 30.5455
0.2,0.45,0.5 0.0254004
0.2,0.5,0 2.25835e-10
0.2,0.5,0.05 86.082
0.2,0.5,0.1 368.076
0.2,0.5,0.15 396.504
0.2,0.5,0.2 527.692
0.2,0.5,0.25 557.649
0.2,0.5,0.3 792.704
0.2,0.5,0.35 654.987
0.2,0.5,0.4 637.674
0.2,0.5,0.45 157.005
0.2,0.5,0.5 0.0698049
0.2,0.55,0 5.23116e-11
0.2,0.55,0.05 28.1628
0.2,0.55,0.1 162.019
0.2,0.55,0.15 348.854
0.2,0.55,0.2 408.184
0.2,0.55,0.25 435.658
0.2,0.55,0.3 674.248
0.2,0.55,0.35 541.167
0.2,0.55,0.4 472.626
0.2,0.55,0.45 96.1195
0.2,0.55,0.5 0.0236343
0.2,0.6,0 1.15922e-09
0.2,0.6,0.05 19.7213
0.2,0.6,0.1 148.868
0.2,0.6,0.15 382.526
0.2,0.6,0.2 343.515
0.2,0.6,0.25 466.172
0.2,0.6,0.3 424.076
0.2,0.6,0.35 297.675
0.2,0.6,0.4 125.567
0.2,0.6,0.45 11.5343
0.2,0.6,0.5 0.000423135
0.2,0.65,0 6.25721e-09
0.2,0.65,0.05 108.46
0.2,0.65,0.1 529.184
0.2,0.65,0.15 639.013
0.2,0.65,0.2 510.968
0.2,0.65,0.25 215.292
0.2,0.65,0.3 579.969
0.2,0.65,0.35 397.637
0.2,0.65,0.4 18.5031
0.2,0.65,0.45 0.465825
0.2,0.7,0 2.20837e-09
0.2,0.7,0.05 43.5971
0.2,0.7,0.1 310.044
0.2,0.7,0.15 642.9
0.2,0.7,0.2 554.011
0.2,0.7,0.25 413.099
0.2,0.7,0.3 603.249
0.2,0.7,0.35 205.85
0.2,0.7,0.4 3.99607
0.2,0.7,0.45 0.000616964
0.2,0.75,0 1.83253e-11
0.2,0.75,0.05 0.994932
0.2,0.75,0.1 39.4176
0.2,0.75,0.15 305.879
0.2,0.75,0.2 610.383
0.2,0.75,0.25 728.146
0.2,0.75,0.3 531.629
0.2,0.75,0.35 138.717
0.2,0.75,0.4 0.186409
0.2,0.8,0.1 4.35612
0.2,0.8,0.15 93.2727
0.2,0.8,0.2 208.119
0.2,0.8,0.25 278.259
0.2,0.8,0.3 200.425
0.2,0.8,0.35 54.6465
0.2,0.8,0.4 0.0500478
0.2,0.85,0.1 0.0306827
0.2,0.85,0.15 0.594853
0.2,0.85,0.2 1.23228
0.2,0.85,0.25 2.00494
0.2,0.85,0.3 0.971054
0.2,0.85,0.35 0.204401
0.2,0.85,0.4 0.000187199
0.25,0,0.1 1.99043e-15
0.25,0,0.15 6.77425e-13
0.25,0,0.2 6.08537e-12
0.25,0,0.25 9.32561e-11
0.25,0,0.3 8.83967e-11
0.25,0,0.35 3.50098e-12
0.25,0.05,0 1.08787e-12
0.25,0.05,0.05 0.0221121
0.25,0.05,0.1 0.323807
0.25,0.05,0.15 30.4976
0.25,0.05,0.2 62.5495
0.25,0.05,0.25 29.7684
0.25,0.05,0.3 55.6893
0.25,0.05,0.35 15.1638
0.25,0.05,0.4 0.019143
0.25,0.1,0 7.36776e-10
0.25,0.1,0.05 14.9756
0.25,0.1,0.1 60.9457
0.25,0.1,0.15 156.418
0.25,0.1,0.2 347.46
0.25,0.1,0.25 275.452
