0.25,0.1,0.2 455.437
0.25,0.1,0.25 358.589
0.25,0.1,0.3 361.895
0.25,0.1,0.35 42.6958
0.25,0.1,0.4 0.00117631
0.25,0.15,0 2.1702e-09
0.25,0.15,0.05 48.6379
0.25,0.15,0.1 211.865
0.25,0.15,0.15 442.243
0.25,0.15,0.2 735.221
0.25,0.15,0.25 414.813
0.25,0.15,0.3 305.484
0.25,0.15,0.35 123.923
0.25,0.15,0.4 12.6627
0.25,0.2,0 1.87578e-09
0.25,0.2,0.05 86.8494
0.25,0.2,0.1 368.043
0.25,0.2,0.15 418.801
0.25,0.2,0.2 443.463
0.25,0.2,0.25 244.353
0.25,0.2,0.3 569.839
0.25,0.2,0.35 469.163
0.25,0.2,0.4 49.7597
0.25,0.25,0 8.87277e-10
0.25,0.25,0.05 89.519
0.25,0.25,0.1 362.003
0.25,0.25,0.15 342.524
0.25,0.25,0.2 619.748
0.25,0.25,0.25 301.722
0.25,0.25,0.3 509.958
0.25,0.25,0.35 364.341
0.25,0.25,0.4 21.6124
0.25,0.3,0 1.47173e-11
0.25,0.3,0.05 45.9178
0.25,0.3,0.1 195.916
0.25,0.3,0.15 298.005
0.25,0.3,0.2 593.574
0.25,0.3,0.25 231.121
0.25,0.3,0.3 179.211
0.25,0.3,0.35 198.01
0.25,0.3,0.4 16.0984
0.25,0.35,0 1.75537e-13
0.25,0.35,0.05 76.191
0.25,0.35,0.1 394.447
0.25,0.35,0.15 329.105
0.25,0.35,0.2 132.862
0.25,0.35,0.25 22.8727
0.25,0.35,0.3 27.738
0.25,0.35,0.35 39.1049
0.25,0.35,0.4 3.53525
0.25,0.4,0 9.09584e-11
0.25,0.4,0.05 102.803
0.25,0.4,0.1 485.874
0.25,0.4,0.15 379.292
0.25,0.4,0.2 133.843
0.25,0.4,0.25 30.2566
0.25,0.4,0.3 1.81051
0.25,0.4,0.35 0.000801655
0.25,0.4,0.4 5.70619e-05
0.25,0.45,0 8.88716e-10
0.25,0.45,0.05 149.172
0.25,0.45,0.1 653.382
0.25,0.45,0.15 457.347
0.25,0.45,0.2 331.951
0.25,0.45,0.25 318.849
0.25,0.45,0.3 107.209
0.25,0.45,0.35 78.3309
0.25,0.45,0.4 30.4875
0.25,0.45,0.45 2.0498
0.25,0.5,0 1.69868e-09
0.25,0.5,0.05 181.515
0.25,0.5,0.1 735.222
0.25,0.5,0.15 337.63
0.25,0.5,0.2 401.008
0.25,0.5,0.25 623.125
0.25,0.5,0.3 645.992
0.25,0.5,0.35 554.443
0.25,0.5,0.4 350.791
0.25,0.5,0.45 28.6804
0.25,0.55,0 2.49174e-09
0.25,0.55,0.05 84.6242
0.25,0.55,0.1 448.084
0.25,0.55,0.15 345.818
0.25,0.55,0.2 310.348
0.25,0.55,0.25 478.788
0.25,0.55,0.3 678.756
0.25,0.55,0.35 662.796
0.25,0.55,0.4 421.31
0.25,0.55,0.45 29.8344
0.25,0.6,0 1.73455e-08
0.25,0.6,0.05 16.1957
0.25,0.6,0.1 246.284
0.25,0.6,0.15 441.677
0.25,0.6,0.2 575.748
0.25,0.6,0.25 452.2
0.25,0.6,0.3 439.189
0.25,0.6,0.35 553.739
0.25,0.6,0.4 330.934
0.25,0.6,0.45 16.3367
0.25,0.65,0 1.10698e-08
0.25,0.65,0.05 78.3725
0.25,0.65,0.1 350.393
0.25,0.65,0.15 385.15
0.25,0.65,0.2 530.955
0.25,0.65,0.25 256.093
0.25,0.65,0.3 387.507
0.25,0.65,0.35 275.356
0.25,0.65,0.4 132.756
0.25,0.65,0.45 7.71245
0.25,0.7,0 2.14309e-09
0.25,0.7,0.05 100.065
0.25,0.7,0.1 488.033
0.25,0.7,0.15 443.47
0.25,0.7,0.2 410.268
0.25,0.7,0.25 343.799
0.25,0.7,0.3 230.102
0.25,0.7,0.35 65.6065
0.25,0.7,0.4 7.79735
0.25,0.7,0.45 0.452877
0.25,0.75,0 1.56936e-10
0.25,0.75,0.05 46.3507
0.25,0.75,0.1 419.04
0.25,0.75,0.15 514.967
0.25,0.75,0.2 458.679
0.25,0.75,0.25 282.965
0.25,0.75,0.3 149.727
0.25,0.75,0.35 10.1146
0.25,0.75,0.4 0.00203913
0.25,0.8,0.05 17.153
0.25,0.8,0.1 173.373
0.25,0.8,0.15 240.367
0.25,0.8,0.2 235.156
0.25,0.8,0.25 111.83
0.25,0.8,0.3 83.937
0.25,0.8,0.35 7.45689
0.25,0.85,0.05 0.0896735
0.25,0.85,0.1 1.04593
0.25,0.85,0.15 2.67567
0.25,0.85,0.2 3.32096
0.25,0.85,0.25 2.38974
0.25,0.85,0.3 2.20714
0.25,0.85,0.35 0.197188
0.3,0,0.1 8.98235e-13
0.3,0,0.15 3.69085e-11
0.3,0,0.2 7.2462e-11
0.3,0,0.25 4.93977e-10
0.3,0,0.3 4.6626e-10
0.3,0,0.35 1.84664e-11
0.3,0.05,0 3.73392e-15
0.3,0.05,0.05 0.225499
0.3,0.05,0.1 2.62292
0.3,0.05,0.15 59.7355
0.3,0.05,0.2 82.8717
0.3,0.05,0.25 82.4965
0.3,0.05,0.3 73.9758
0.3,0.05,0.35 3.09208
0.3,0.1,0 2.52885e-12
0.3,0.1,0.05 10.1272
0.3,0.1,0.1 59.6235
0.3,0.1,0.15 281.104
0.3,0.1,0.2 390.222
0.3,0.1,0.25 380.393
0.3,0.1,0.3 366.81
0.3,0.1,0.35 27.61
0.3,0.1,0.4 0.00150236
0.3,0.15,0 1.98851e-11
0.3,0.15,0.05 19.4615
0.3,0.15,0.1 120.182
0.3,0.15,0.15 399.974
0.3,0.15,0.2 480.373
0.3,0.15,0.25 312.808
0.3,0.15,0.3 554.354
0.3,0.15,0.35 203.183
0.3,0.15,0.4 20.2542
0.3,0.2,0 1.44336e-10
0.3,0.2,0.05 78.6548
0.3,0.2,0.1 366.085
0.3,0.2,0.15 610.65
0.3,0.2,0.2 640.176
0.3,0.2,0.25 378.316
0.3,0.2,0.3 696.257
0.3,0.2,0.35 478.611
0.3,0.2,0.4 72.4322
0.3,0.25,0 8.06119e-10
0.3,0.25,0.05 98.2729
0.3,0.25,0.1 404.065
0.3,0.25,0.15 238.456
0.3,0.25,0.2 242.746
0.3,0.25,0.25 407.761
0.3,0.25,0.3 591.354
0.3,0.25,0.35 375.139
0.3,0.25,0.4 30.1676
0.3,0.3,0 3.14057e-09
0.3,0.3,0.05 34.1208
0.3,0.3,0.1 165.59
0.3,0.3,0.15 392.31
0.3,0.3,0.2 471.908
0.3,0.3,0.25 472.161
0.3,0.3,0.3 453.585
0.3,0.3,0.35 396.387
0.3,0.3,0.4 32.2816
0.3,0.35,0 8.81627e-10
0.3,0.35,0.05 38.8836
0.3,0.35,0.1 325.918
0.3,0.35,0.15 768.947
0.3,0.35,0.2 552.635
0.3,0.35,0.25 81.3429
0.3,0.35,0.3 70.8876
0.3,0.35,0.35 78.8681
0.3,0.35,0.4 7.04179
0.3,0.35,0.45 6.03967e-09
0.3,0.4,0 2.91972e-11
0.3,0.4,0.05 108.203
0.3,0.4,0.1 572.207
0.3,0.4,0.15 773.49
0.3,0.4,0.2 455.133
0.3,0.4,0.25 41.8226
0.3,0.4,0.3 1.24505
0.3,0.4,0.35 0.175951
0.3,0.4,0.4 0.153668
0.3,0.4,0.45 0.0103563
0.3,0.45,0 5.33671e-10
0.3,0.45,0.05 77.6574
0.3,0.45,0.1 370.864
0.3,0.45,0.15 533.329
0.3,0.45,0.2 497.988
0.3,0.45,0.25 227.569
0.3,0.45,0.3 93.2923
0.3,0.45,0.35 59.5388
0.3,0.45,0.4 9.06153
0.3,0.45,0.45 0.248525
0.3,0.5,0 1.13733e-09
0.3,0.5,0.05 120.565
0.3,0.5,0.1 485.947
0.3,0.5,0.15 209.895
0.3,0.5,0.2 233.645
0.3,0.5,0.25 355.663
0.3,0.5,0.3 581.75
0.3,0.5,0.35 350.716
0.3,0.5,0.4 56.2713
0.3,0.5,0.45 2.304
0.3,0.55,0 6.19814e-08
0.3,0.55,0.05 81.0757
0.3,0.55,0.1 337.384
0.3,0.55,0.15 241.673
0.3,0.55,0.2 296.768
0.3,0.55,0.25 415.228
0.3,0.55,0.3 651.998
0.3,0.55,0.35 231.979
0.3,0.55,0.4 58.2224
0.3,0.55,0.45 2.73781
0.3,0.6,0 5.15624e-07
0.3,0.6,0.05 69.2819
0.3,0.6,0.1 301.935
0.3,0.6,0.15 315.515
0.3,0.6,0.2 574.352
0.3,0.6,0.25 426.142
0.3,0.6,0.3 697.302
0.3,0.6,0.35 473.949
0.3,0.6,0.4 253.66
0.3,0.6,0.45 13.7426
0.3,0.65,0 2.57486e-07
0.3,0.65,0.05 78.9639
0.3,0.65,0.1 323.164
0.3,0.65,0.15 211.572
0.3,0.65,0.2 404.219
0.3,0.65,0.25 447.126
0.3,0.65,0.3 661.228
0.3,0.65,0.35 548.69
0.3,0.65,0.4 290.667
0.3,0.65,0.45 15.7697
0.3,0.7,0 2.71045e-09
0.3,0.7,0.05 69.6563
0.3,0.7,0.1 291.429
0.3,0.7,0.15 235.471
0.3,0.7,0.2 464.044
0.3,0.7,0.25 245.454
0.3,0.7,0.3 111.72
0.3,0.7,0.35 44.8024
0.3,0.7,0.4 19.1879
0.3,0.7,0.45 0.996192
0.3,0.75,0 8.54123e-11
0.3,0.75,0.05 18.6128
0.3,0.75,0.1 153.764
0.3,0.75,0.15 357.8
0.3,0.75,0.2 366.198
0.3,0.75,0.25 176.87
0.3,0.75,0.3 81.6767
0.3,0.75,0.35 1.34552
0.3,0.75,0.4 5.93772e-05
0.3,0.8,0.05 5.87192
0.3,0.8,0.1 57.161
0.3,0.8,0.15 88.746
0.3,0.8,0.2 72.2327
0.3,0.8,0.25 49.9116
0.3,0.8,0.3 28.5278
0.3,0.8,0.35 0.490107
0.3,0.85,0.05 0.0306976
0.3,0.85,0.1 0.288501
0.3,0.85,0.15 0.19317
0.3,0.85,0.2 0.0991656
0.3,0.85,0.25 0.0826566
0.3,0.85,0.3 0.0437261
0.3,0.85,0.35 0.000998463
0.35,0,0.1 1.0915e-13
0.35,0,0.15 4.48499e-12
0.35,0,0.2 1.36352e-11
0.35,0,0.25 1.61573e-10
0.35,0,0.3 1.53173e-10
0.35,0,0.35 6.06646e-12
0.35,0.05,0.05 1.05376
0.35,0.05,0.1 5.68462
0.35,0.05,0.15 9.00498
0.35,0.05,0.2 11.1435
0.35,0.05,0.25 26.7864
0.35,0.05,0.3 23.9588
0.35,0.05,0.35 0.939581
0.35,0.1,0.05 47.2966
0.35,0.1,0.1 249.28
0.35,0.1,0.15 110.774
0.35,0.1,0.2 63.1117
0.35,0.1,0.25 169.692
0.35,0.1,0.3 125.231
0.35,0.1,0.35 7.8361
0.35,0.1,0.4 0.000152521
0.35,0.15,0 3.48476e-12
0.35,0.15,0.05 73.3587
0.35,0.15,0.1 396.511
0.35,0.15,0.15 203.641
0.35,0.15,0.2 166.592
0.35,0.15,0.25 274.724
0.35,0.15,0.3 207.041
0.35,0.15,0.35 40.6198
0.35,0.15,0.4 2.05548
0.35,0.2,0 5.62212e-11
0.35,0.2,0.05 102.385
0.35,0.2,0.1 452.093
0.35,0.2,0.15 438.365
0.35,0.2,0.2 445.652
0.35,0.2,0.25 360.769
0.35,0.2,0.3 459.54
0.35,0.2,0.35 126.376
0.35,0.2,0.4 8.87218
0.35,0.25,0 3.5661e-09
0.35,0.25,0.05 166.223
0.35,0.25,0.1 723.946
0.35,0.25,0.15 569.662
0.35,0.25,0.2 266.135
0.35,0.25,0.25 401.162
0.35,0.25,0.3 709.96
0.35,0.25,0.35 289.42
0.35,0.25,0.4 10.9688
0.35,0.3,0 1.57084e-08
0.35,0.3,0.05 130.558
0.35,0.3,0.1 552.052
0.35,0.3,0.15 507.642
0.35,0.3,0.2 409.665
0.35,0.3,0.25 671.134
0.35,0.3,0.3 715.112
0.35,0.3,0.35 160.224
0.35,0.3,0.4 6.25313
0.35,0.35,0 4.41728e-09
0.35,0.35,0.05 92.4449
0.35,0.35,0.1 404.622
0.35,0.35,0.15 486.061
0.35,0.35,0.2 449.182
0.35,0.35,0.25 212.211
0.35,0.35,0.3 119.889
0.35,0.35,0.35 18.953
0.35,0.35,0.4 0.835136
0.35,0.35,0.45 1.88109e-06
0.35,0.4,0 6.74717e-11
0.35,0.4,0.05 165.375
0.35,0.4,0.1 807.632
0.35,0.4,0.15 737.087
0.35,0.4,0.2 393.272
0.35,0.4,0.25 42.5616
0.35,0.4,0.3 13.327
0.35,0.4,0.35 27.0564
0.35,0.4,0.4 37.3067
0.35,0.4,0.45 3.21324
0.35,0.45,0 1.92789e-09
0.35,0.45,0.05 97.8284
0.35,0.45,0.1 538.643
0.35,0.45,0.15 730.701
0.35,0.45,0.2 657.901
0.35,0.45,0.25 170.199
0.35,0.45,0.3 110.156
0.35,0.45,0.35 278.024
0.35,0.45,0.4 200.37
0.35,0.45,0.45 12.5953
0.35,0.5,0 2.49667e-09
0.35,0.5,0.05 145.018
0.35,0.5,0.1 609.157
0.35,0.5,0.15 412.515
0.35,0.5,0.2 581.321
0.35,0.5,0.25 606.615
0.35,0.5,0.3 599.535
0.35,0.5,0.35 485.455
0.35,0.5,0.4 141.724
0.35,0.5,0.45 3.1768
0.35,0.55,0 7.25879e-08
0.35,0.55,0.05 90.4856
0.35,0.55,0.1 389.621
0.35,0.55,0.15 457.308
0.35,0.55,0.2 631.439
0.35,0.55,0.25 439.495
0.35,0.55,0.3 427.043
0.35,0.55,0.35 134.347
0.35,0.55,0.4 19.0169
0.35,0.55,0.45 0.311127
0.35,0.6,0 5.99473e-07
0.35,0.6,0.05 93.6075
0.35,0.6,0.1 422.004
0.35,0.6,0.15 634.929
0.35,0.6,0.2 959.498
0.35,0.6,0.25 449.886
0.35,0.6,0.3 564.215
0.35,0.6,0.35 504.73
0.35,0.6,0.4 249.04
0.35,0.6,0.45 9.15969
0.35,0.65,0 2.98019e-07
0.35,0.65,0.05 114.475
0.35,0.65,0.1 496.886
0.35,0.65,0.15 440.278
0.35,0.65,0.2 518.269
0.35,0.65,0.25 632.672
0.35,0.65,0.3 628.866
0.35,0.65,0.35 697.384
0.35,0.65,0.4 319.922
0.35,0.65,0.45 10.6785
0.35,0.7,0 2.2604e-09
0.35,0.7,0.05 76.3823
0.35,0.7,0.1 308.081
0.35,0.7,0.15 130.751
0.35,0.7,0.2 264.282
0.35,0.7,0.25 567.332
0.35,0.7,0.3 244.539
0.35,0.7,0.35 77.0276
0.35,0.7,0.4 22.1605
0.35,0.7,0.45 0.604174
0.35,0.75,0 6.48878e-09
0.35,0.75,0.05 4.15811
0.35,0.75,0.1 21.1504
0.35,0.75,0.15 123.427
0.35,0.75,0.2 318.953
0.35,0.75,0.25 651.934
0.35,0.75,0.3 327.472
0.35,0.75,0.35 25.0263
0.35,0.75,0.4 0.00178812
0.35,0.8,0 2.09747e-08
0.35,0.8,0.05 2.16651
0.35,0.8,0.1 9.5516
0.35,0.8,0.15 26.0681
0.35,0.8,0.2 48.7524
0.35,0.8,0.25 149.61
0.35,0.8,0.3 88.7494
0.35,0.8,0.35 2.8745
0.35,0.8,0.4 0.000125862
0.35,0.85,0 4.23295e-09
0.35,0.85,0.05 0.436212
0.35,0.85,0.1 1.73384
0.35,0.85,0.15 0.430765
0.35,0.85,0.2 0.0152495
0.35,0.85,0.25 0.17886
0.35,0.85,0.3 0.116158
0.35,0.85,0.35 0.00197061
0.4,0,0.2 4.56167e-15
0.4,0,0.25 9.59092e-14
0.4,0,0.3 9.1156e-14
0.4,0,0.35 3.61026e-15
0.4,0.05,0.05 0.307659
0.4,0.05,0.1 1.60846
0.4,0.05,0.15 0.52432
0.4,0.05,0.2 1.52549
0.4,0.05,0.25 4.9957
0.4,0.05,0.3 1.29456
0.4,0.05,0.35 0.149639
0.4,0.05,0.4 0.00143366
0.4,0.1,0.05 20.0307
0.4,0.1,0.1 112.557
0.4,0.1,0.15 42.9738
0.4,0.1,0.2 81.872
0.4,0.1,0.25 260.093
0.4,0.1,0.3 69.7573
0.4,0.1,0.35 9.82076
0.4,0.1,0.4 0.0944192
0.4,0.15,0 8.07954e-12
0.4,0.15,0.05 68.7936
0.4,0.15,0.1 485.324
0.4,0.15,0.15 269.643
0.4,0.15,0.2 274.833
0.4,0.15,0.25 656.228
0.4,0.15,0.3 149.87
0.4,0.15,0.35 16.259
0.4,0.15,0.4 0.151396
0.4,0.2,0 8.4482e-11
0.4,0.2,0.05 63.2178
0.4,0.2,0.1 394.059
0.4,0.2,0.15 424.288
0.4,0.2,0.2 410.812
0.4,0.2,0.25 371.115
0.4,0.2,0.3 114.398
0.4,0.2,0.35 9.96459
0.4,0.2,0.4 0.13768
0.4,0.25,0 1.15532e-09
0.4,0.25,0.05 93.0301
0.4,0.25,0.1 427.612
0.4,0.25,0.15 473.223
0.4,0.25,0.2 267.439
0.4,0.25,0.25 177.456
0.4,0.25,0.3 170.551
0.4,0.25,0.35 28.6111
0.4,0.25,0.4 0.628613
0.4,0.3,0 4.97875e-09
0.4,0.3,0.05 107.854
0.4,0.3,0.1 448.935
0.4,0.3,0.15 270.687
0.4,0.3,0.2 325.178
0.4,0.3,0.25 508.244
0.4,0.3,0.3 315.764
0.4,0.3,0.35 30.0831
0.4,0.3,0.4 0.19881
0.4,0.35,0 1.58053e-09
0.4,0.35,0.05 53.9765
0.4,0.35,0.1 220.342
0.4,0.35,0.15 141.796
0.4,0.35,0.2 288.594
0.4,0.35,0.25 582.018
0.4,0.35,0.3 430.763
0.4,0.35,0.35 73.836
0.4,0.35,0.4 0.573122
0.4,0.35,0.45 4.53931e-06
0.4,0.4,0 1.71659e-10
0.4,0.4,0.05 55.6936
0.4,0.4,0.1 275.782
0.4,0.4,0.15 395.23
0.4,0.4,0.2 352.275
0.4,0.4,0.25 253.943
0.4,0.4,0.3 356.472
0.4,0.4,0.35 154.948
0.4,0.4,0.4 91.3534
0.4,0.4,0.45 7.75293
0.4,0.45,0 1.17016e-09
0.4,0.45,0.05 53.4519
0.4,0.45,0.1 295.025
0.4,0.45,0.15 551.197
0.4,0.45,0.2 573.329
0.4,0.45,0.25 289.804
0.4,0.45,0.3 256.546
0.4,0.45,0.35 434.225
0.4,0.45,0.4 400.895
0.4,0.45,0.45 31.1667
0.4,0.5,0 1.37084e-09
0.4,0.5,0.05 67.8468
0.4,0.5,0.1 338.269
0.4,0.5,0.15 488.243
0.4,0.5,0.2 739.985
0.4,0.5,0.25 557.209
0.4,0.5,0.3 486.605
0.4,0.5,0.35 665.476
0.4,0.5,0.4 249.289
0.4,0.5,0.45 15.3149
0.4,0.55,0 1.13367e-08
0.4,0.55,0.05 50.2384
0.4,0.55,0.1 263.675
0.4,0.55,0.15 408.584
0.4,0.55,0.2 504.108
0.4,0.55,0.25 329.622
0.4,0.55,0.3 194.831
0.4,0.55,0.35 238.199
0.4,0.55,0.4 61.6397
0.4,0.55,0.45 4.28999
0.4,0.6,0 6.01546e-08
0.4,0.6,0.05 147.824
0.4,0.6,0.1 612.631
0.4,0.6,0.15 377.667
0.4,0.6,0.2 614.141
0.4,0.6,0.25 335.706
0.4,0.6,0.3 206.038
0.4,0.6,0.35 197.549
0.4,0.6,0.4 122.014
0.4,0.6,0.45 4.72836
0.4,0.65,0 2.32439e-08
0.4,0.65,0.05 72.0672
0.4,0.65,0.1 303.884
0.4,0.65,0.15 250.652
0.4,0.65,0.2 521.754
0.4,0.65,0.25 442.821
0.4,0.65,0.3 374.935
0.4,0.65,0.35 269.035
0.4,0.65,0.4 147.055
0.4,0.65,0.45 5.38245
0.4,0.7,0 2.16872e-10
0.4,0.7,0.05 17.1986
0.4,0.7,0.1 69.2843
0.4,0.7,0.15 27.3067
0.4,0.7,0.2 131.639
0.4,0.7,0.25 326.408
0.4,0.7,0.3 338.108
0.4,0.7,0.35 94.4902
0.4,0.7,0.4 9.26951
0.4,0.7,0.45 0.296079
0.4,0.75,0 2.05596e-07
0.4,0.75,0.05 21.9332
0.4,0.75,0.1 87.2064
0.4,0.75,0.15 23.2527
0.4,0.75,0.2 103.517
0.4,0.75,0.25 307.566
0.4,0.75,0.3 397.528
0.4,0.75,0.35 98.0754
0.4,0.75,0.4 0.00820266
0.4,0.8,0 6.64996e-07
0.4,0.8,0.05 68.5247
0.4,0.8,0.1 272.35
0.4,0.8,0.15 67.8301
0.4,0.8,0.2 9.73568
0.4,0.8,0.25 41.0693
0.4,0.8,0.3 39.8297
0.4,0.8,0.35 7.1029
0.4,0.8,0.4 0.000577366
0.4,0.85,0 1.34204e-07
0.4,0.85,0.05 13.8291
0.4,0.85,0.1 54.9628
0.4,0.85,0.15 13.6529
0.4,0.85,0.2 0.00273462
0.4,0.85,0.25 0.032077
0.4,0.85,0.3 0.0208319
0.4,0.85,0.35 0.000353412
0.45,0.05,0.05 3.69072e-05
0.45,0.05,0.1 0.000192953
0.45,0.05,0.15 0.000175953
0.45,0.05,0.2 0.406424
0.45,0.05,0.25 1.62297
0.45,0.05,0.3 3.04994
0.45,0.05,0.35 1.4961
0.45,0.05,0.4 0.0143875
0.45,0.1,0.05 19.4263
0.45,0.1,0.1 89.8842
0.45,0.1,0.15 35.945
0.45,0.1,0.2 42.2217
0.45,0.1,0.25 94.1712
0.45,0.1,0.3 199.852
