0.45,0.2,0.1 657.397
0.45,0.2,0.15 258.798
0.45,0.2,0.2 295.828
0.45,0.2,0.25 358.092
0.45,0.2,0.3 133.772
0.45,0.2,0.35 14.3446
0.45,0.2,0.4 0.0212549
0.45,0.25,0 9.82453e-11
0.45,0.25,0.05 116.397
0.45,0.25,0.1 470.246
0.45,0.25,0.15 199.682
0.45,0.25,0.2 277.076
0.45,0.25,0.25 380.008
0.45,0.25,0.3 94.2259
0.45,0.25,0.35 0.280682
0.45,0.3,0 6.78772e-10
0.45,0.3,0.05 137.767
0.45,0.3,0.1 574.003
0.45,0.3,0.15 549.601
0.45,0.3,0.2 704.015
0.45,0.3,0.25 218.885
0.45,0.3,0.3 29.2894
0.45,0.3,0.35 3.28619
0.45,0.3,0.4 0.620584
0.45,0.3,0.45 0.00115157
0.45,0.35,0 4.1656e-10
0.45,0.35,0.05 143.363
0.45,0.35,0.1 587.131
0.45,0.35,0.15 418.734
0.45,0.35,0.2 550.685
0.45,0.35,0.25 428.026
0.45,0.35,0.3 416.98
0.45,0.35,0.35 146.611
0.45,0.35,0.4 10.8777
0.45,0.35,0.45 0.0141255
0.45,0.4,0 8.24765e-11
0.45,0.4,0.05 76.73
0.45,0.4,0.1 317.801
0.45,0.4,0.15 257.998
0.45,0.4,0.2 317.394
0.45,0.4,0.25 347.018
0.45,0.4,0.3 770.642
0.45,0.4,0.35 422.155
0.45,0.4,0.4 32.9922
0.45,0.4,0.45 0.765897
0.45,0.45,0 1.20401e-10
0.45,0.45,0.05 73.9861
0.45,0.45,0.1 341.956
0.45,0.45,0.15 497.003
0.45,0.45,0.2 451.035
0.45,0.45,0.25 575.202
0.45,0.45,0.3 561.956
0.45,0.45,0.35 252.192
0.45,0.45,0.4 84.997
0.45,0.45,0.45 4.28458
0.45,0.5,0 8.52769e-10
0.45,0.5,0.05 115.365
0.45,0.5,0.1 485.352
0.45,0.5,0.15 393.004
0.45,0.5,0.2 688.35
0.45,0.5,0.25 534.762
0.45,0.5,0.3 784.496
0.45,0.5,0.35 770.569
0.45,0.5,0.4 277.758
0.45,0.5,0.45 18.7045
0.45,0.55,0 4.45494e-09
0.45,0.55,0.05 109.734
0.45,0.55,0.1 451.883
0.45,0.55,0.15 329.856
0.45,0.55,0.2 585.241
0.45,0.55,0.25 239.243
0.45,0.55,0.3 526.814
0.45,0.55,0.35 682.674
0.45,0.55,0.4 246.538
0.45,0.55,0.45 16.7676
0.45,0.6,0 1.45697e-08
0.45,0.6,0.05 141.321
0.45,0.6,0.1 575.717
0.45,0.6,0.15 365.708
0.45,0.6,0.2 779.368
0.45,0.6,0.25 288.174
0.45,0.6,0.3 48.78
0.45,0.6,0.35 49.0099
0.45,0.6,0.4 11.8185
0.45,0.6,0.45 0.687088
0.45,0.65,0 4.32448e-09
0.45,0.65,0.05 84.0721
0.45,0.65,0.1 373.188
0.45,0.65,0.15 182.643
0.45,0.65,0.2 289.753
0.45,0.65,0.25 105.596
0.45,0.65,0.3 24.999
0.45,0.65,0.35 4.46139
0.45,0.65,0.4 1.41921
0.45,0.65,0.45 0.0549847
0.45,0.7,0 1.04913e-10
0.45,0.7,0.05 6.50526
0.45,0.7,0.1 38.6757
0.45,0.7,0.15 25.4578
0.45,0.7,0.2 21.3903
0.45,0.7,0.25 45.3694
0.45,0.7,0.3 50.3657
0.45,0.7,0.35 3.74614
0.45,0.7,0.4 0.157071
0.45,0.7,0.45 0.00608544
0.45,0.75,0 2.42916e-07
0.45,0.75,0.05 25.032
0.45,0.75,0.1 103.644
0.45,0.75,0.15 43.8042
0.45,0.75,0.2 9.43366
0.45,0.75,0.25 97.8845
0.45,0.75,0.3 126.816
0.45,0.75,0.35 8.57559
0.45,0.8,0 7.85732e-07
0.45,0.8,0.05 80.9672
0.45,0.8,0.1 322.335
0.45,0.8,0.15 82.3711
0.45,0.8,0.2 1.12468
0.45,0.8,0.25 16.2725
0.45,0.8,0.3 21.2761
0.45,0.8,0.35 1.43893
0.45,0.85,0 1.58594e-07
0.45,0.85,0.05 16.3439
0.45,0.85,0.1 64.9577
0.45,0.85,0.15 16.1356
0.45,0.85,0.2 0.000230889
0.45,0.85,0.25 0.000472084
0.45,0.85,0.3 5.76948e-05
0.45,0.9,0 1.66874e-12
0.45,0.9,0.05 0.000257712
0.45,0.9,0.1 0.00102509
0.45,0.9,0.15 0.00025484
0.5,0.05,0.15 4.46131e-06
0.5,0.05,0.2 0.000930808
0.5,0.05,0.25 0.286868
0.5,0.05,0.3 1.76504
0.5,0.05,0.35 0.675086
0.5,0.05,0.4 0.00136147
0.5,0.1,0 3.29688e-10
0.5,0.1,0.05 5.45782
0.5,0.1,0.1 21.8608
0.5,0.1,0.15 12.6227
0.5,0.1,0.2 28.0862
0.5,0.1,0.25 59.5096
0.5,0.1,0.3 145.642
0.5,0.1,0.35 42.9325
0.5,0.1,0.4 0.0811633
0.5,0.15,0 1.76856e-09
0.5,0.15,0.05 37.5517
0.5,0.15,0.1 151.371
0.5,0.15,0.15 162.857
0.5,0.15,0.2 512.336
0.5,0.15,0.25 592.246
0.5,0.15,0.3 631.895
0.5,0.15,0.35 100.506
0.5,0.15,0.4 0.125543
0.5,0.2,0 6.80933e-10
0.5,0.2,0.05 113.308
0.5,0.2,0.1 460.29
0.5,0.2,0.15 421.495
0.5,0.2,0.2 830.978
0.5,0.2,0.25 666.414
0.5,0.2,0.3 460.903
0.5,0.2,0.35 46.4293
0.5,0.2,0.4 0.0315351
0.5,0.25,0 1.25129e-10
0.5,0.25,0.05 100.856
0.5,0.25,0.1 412.097
0.5,0.25,0.15 342.006
0.5,0.25,0.2 469.266
0.5,0.25,0.25 437.981
0.5,0.25,0.3 160.769
0.5,0.25,0.35 10.6214
0.5,0.25,0.4 0.054569
0.5,0.3,0 7.74312e-10
0.5,0.3,0.05 158.178
0.5,0.3,0.1 673.105
0.5,0.3,0.15 773.44
0.5,0.3,0.2 623.525
0.5,0.3,0.25 209.084
0.5,0.3,0.3 66.7727
0.5,0.3,0.35 24.6906
0.5,0.3,0.4 8.7318
0.5,0.3,0.45 0.0161865
0.5,0.35,0 1.08327e-09
0.5,0.35,0.05 184.309
0.5,0.35,0.1 760.74
0.5,0.35,0.15 579.925
0.5,0.35,0.2 529.078
0.5,0.35,0.25 107.093
0.5,0.35,0.3 144.813
0.5,0.35,0.35 348.58
0.5,0.35,0.4 109.223
0.5,0.35,0.45 0.198548
0.5,0.4,0 8.55786e-10
0.5,0.4,0.05 97.0878
0.5,0.4,0.1 392.221
0.5,0.4,0.15 290.701
0.5,0.4,0.2 390.087
0.5,0.4,0.25 238.134
0.5,0.4,0.3 595.557
0.5,0.4,0.35 532.4
0.5,0.4,0.4 81.1377
0.5,0.4,0.45 0.133203
0.5,0.45,0 1.66423e-09
0.5,0.45,0.05 106.812
0.5,0.45,0.1 434.029
0.5,0.45,0.15 336.77
0.5,0.45,0.2 454.12
0.5,0.45,0.25 532.893
0.5,0.45,0.3 371.251
0.5,0.45,0.35 144.978
0.5,0.45,0.4 10.1274
0.5,0.45,0.45 0.458725
0.5,0.5,0 4.99493e-09
0.5,0.5,0.05 145.825
0.5,0.5,0.1 586.83
0.5,0.5,0.15 383.687
0.5,0.5,0.2 546.814
0.5,0.5,0.25 288.733
0.5,0.5,0.3 164.73
0.5,0.5,0.35 200.255
0.5,0.5,0.4 130.679
0.5,0.5,0.45 9.51074
0.5,0.55,0 4.86634e-09
0.5,0.55,0.05 165.018
0.5,0.55,0.1 712.909
0.5,0.55,0.15 672.428
0.5,0.55,0.2 861.279
0.5,0.55,0.25 119.188
0.5,0.55,0.3 145.034
0.5,0.55,0.35 243.11
0.5,0.55,0.4 127.459
0.5,0.55,0.45 8.99455
0.5,0.6,0 5.145e-10
0.5,0.6,0.05 67.78
0.5,0.6,0.1 386.915
0.5,0.6,0.15 426.742
0.5,0.6,0.2 547.408
0.5,0.6,0.25 82.0253
0.5,0.6,0.3 14.3963
0.5,0.6,0.35 20.0496
0.5,0.6,0.4 5.67109
0.5,0.6,0.45 0.352924
0.5,0.65,0 1.70884e-10
0.5,0.65,0.05 75.9881
0.5,0.65,0.1 451.672
0.5,0.65,0.15 292.833
0.5,0.65,0.2 210.688
0.5,0.65,0.25 27.593
0.5,0.65,0.3 0.0469972
0.5,0.65,0.35 1.30026e-05
0.5,0.7,0 7.65951e-12
0.5,0.7,0.05 19.9635
0.5,0.7,0.1 157.486
0.5,0.7,0.15 332.614
0.5,0.7,0.2 221.191
0.5,0.7,0.25 16.3337
0.5,0.7,0.3 0.119942
0.5,0.7,0.35 0.00811078
0.5,0.75,0 1.82803e-08
0.5,0.75,0.05 8.34506
0.5,0.75,0.1 103.385
0.5,0.75,0.15 331.703
0.5,0.75,0.2 101.838
0.5,0.75,0.25 1.23992
0.5,0.75,0.3 0.325035
0.5,0.75,0.35 0.0219848
0.5,0.8,0 1.78869e-07
0.5,0.8,0.05 31.8905
0.5,0.8,0.1 135.861
0.5,0.8,0.15 71.5988
0.5,0.8,0.2 11.3125
0.5,0.8,0.25 0.0424063
0.5,0.8,0.3 0.0545389
0.5,0.8,0.35 0.00368891
0.5,0.85,0 1.65992e-07
0.5,0.85,0.05 25.4838
0.5,0.85,0.1 101.369
0.5,0.85,0.15 25.2017
0.5,0.9,0 8.96276e-09
0.5,0.9,0.05 1.38416
0.5,0.9,0.1 5.50572
0.5,0.9,0.15 1.36874
0.55,0.05,0.25 0.00221278
0.55,0.05,0.3 0.0137116
0.55,0.05,0.35 0.00524517
0.55,0.05,0.4 1.05781e-05
0.55,0.1,0 6.46213e-12
0.55,0.1,0.05 0.101989
0.55,0.1,0.1 1.11689
0.55,0.1,0.15 21.5906
0.55,0.1,0.2 29.1559
0.55,0.1,0.25 28.1362
0.55,0.1,0.3 30.3102
0.55,0.1,0.35 2.23798
0.55,0.1,0.4 0.000630609
0.55,0.15,0 1.71599e-09
0.55,0.15,0.05 29.8704
0.55,0.15,0.1 124.694
0.55,0.15,0.15 197.111
0.55,0.15,0.2 297.715
0.55,0.15,0.25 316.279
0.55,0.15,0.3 310.023
0.55,0.15,0.35 24.775
0.55,0.15,0.4 0.00168912
0.55,0.2,0 4.02408e-09
0.55,0.2,0.05 101.903
0.55,0.2,0.1 419.93
0.55,0.2,0.15 483.71
0.55,0.2,0.2 676.061
0.55,0.2,0.25 364.928
0.55,0.2,0.3 371.594
0.55,0.2,0.35 76.6961
0.55,0.2,0.4 0.365247
0.55,0.25,0 6.07841e-10
0.55,0.25,0.05 61.0239
0.55,0.25,0.1 263.243
0.55,0.25,0.15 519.796
0.55,0.25,0.2 728.096
0.55,0.25,0.25 785.705
0.55,0.25,0.3 570.837
0.55,0.25,0.35 147.861
0.55,0.25,0.4 0.970608
0.55,0.3,0 3.67724e-10
0.55,0.3,0.05 101.924
0.55,0.3,0.1 425.327
0.55,0.3,0.15 419.936
0.55,0.3,0.2 551.544
0.55,0.3,0.25 781.512
0.55,0.3,0.3 344.125
0.55,0.3,0.35 61.8283
0.55,0.3,0.4 6.67544
0.55,0.3,0.45 0.0119469
0.55,0.35,0 1.67404e-09
0.55,0.35,0.05 146.076
0.55,0.35,0.1 601.441
0.55,0.35,0.15 212.119
0.55,0.35,0.2 172.053
0.55,0.35,0.25 181.033
0.55,0.35,0.3 81.8574
0.55,0.35,0.35 221.793
0.55,0.35,0.4 79.0643
0.55,0.35,0.45 0.146545
0.55,0.4,0 1.13906e-09
0.55,0.4,0.05 77.7942
0.55,0.4,0.1 315.99
0.55,0.4,0.15 121.933
0.55,0.4,0.2 117.757
0.55,0.4,0.25 173.982
0.55,0.4,0.3 125.908
0.55,0.4,0.35 169.686
0.55,0.4,0.4 53.2945
0.55,0.4,0.45 0.0983149
0.55,0.45,0 1.94604e-09
0.55,0.45,0.05 112.883
0.55,0.45,0.1 452.158
0.55,0.45,0.15 278.289
0.55,0.45,0.2 488.445
0.55,0.45,0.25 405.689
0.55,0.45,0.3 129.059
0.55,0.45,0.35 17.2266
0.55,0.45,0.4 1.16032
0.55,0.45,0.45 0.00617006
0.55,0.5,0 2.94974e-09
0.55,0.5,0.05 100.47
0.55,0.5,0.1 406.038
0.55,0.5,0.15 456.885
0.55,0.5,0.2 792.483
0.55,0.5,0.25 181.346
0.55,0.5,0.3 21.2316
0.55,0.5,0.35 1.23635
0.55,0.5,0.4 1.21368
0.55,0.5,0.45 0.0907472
0.55,0.55,0 1.91213e-09
0.55,0.55,0.05 64.1745
0.55,0.55,0.1 347.494
0.55,0.55,0.15 594.304
0.55,0.55,0.2 736.986
0.55,0.55,0.25 232.883
0.55,0.55,0.3 51.253
0.55,0.55,0.35 1.36971
0.55,0.55,0.4 1.16573
0.55,0.55,0.45 0.0858219
0.55,0.6,0 8.29561e-11
0.55,0.6,0.05 52.0282
0.55,0.6,0.1 356.146
0.55,0.6,0.15 409.413
0.55,0.6,0.2 348.614
0.55,0.6,0.25 110.94
0.55,0.6,0.3 22.9708
0.55,0.6,0.35 0.109453
0.55,0.6,0.4 0.0486743
0.55,0.6,0.45 0.00336744
0.55,0.65,0 8.02563e-11
0.55,0.65,0.05 48.9805
0.55,0.65,0.1 288.647
0.55,0.65,0.15 467.613
0.55,0.65,0.2 698.367
0.55,0.65,0.25 136
0.55,0.65,0.3 0.391414
0.55,0.65,0.35 4.35024e-05
0.55,0.7,0 7.34383e-11
0.55,0.7,0.05 34.2857
0.55,0.7,0.1 299.878
0.55,0.7,0.15 727.549
0.55,0.7,0.2 746.474
0.55,0.7,0.25 113.051
0.55,0.7,0.3 0.0234747
0.55,0.75,0 1.43027e-08
0.55,0.75,0.05 72.3604
0.55,0.75,0.1 447.969
0.55,0.75,0.15 518.724
0.55,0.75,0.2 125.489
0.55,0.75,0.25 4.76074
0.55,0.75,0.3 8.35128e-06
0.55,0.8,0 4.45858e-07
0.55,0.8,0.05 145.098
0.55,0.8,0.1 593.097
0.55,0.8,0.15 188.484
0.55,0.8,0.2 10.2237
0.55,0.8,0.25 0.000616812
0.55,0.85,0 5.23551e-07
0.55,0.85,0.05 89.3176
0.55,0.85,0.1 355.453
0.55,0.85,0.15 88.4116
0.55,0.9,0 2.99179e-08
0.55,0.9,0.05 5.75641
0.55,0.9,0.1 22.9211
0.55,0.9,0.15 5.70429
0.55,0.95,0 9.51499e-18
0.55,0.95,0.05 1.11451e-05
0.55,0.95,0.1 4.45676e-05
0.55,0.95,0.15 1.11387e-05
0.6,0.1,0 8.08395e-12
0.6,0.1,0.05 0.127577
0.6,0.1,0.1 2.1091
0.6,0.1,0.15 47.5334
0.6,0.1,0.2 54.2148
0.6,0.1,0.25 3.52852
0.6,0.1,0.3 0.688896
0.6,0.1,0.35 0.0435101
0.6,0.15,0 2.15227e-09
0.6,0.15,0.05 35.9997
0.6,0.15,0.1 155.234
0.6,0.15,0.15 374.939
0.6,0.15,0.2 389.133
0.6,0.15,0.25 29.0197
0.6,0.15,0.3 10.7348
0.6,0.15,0.35 0.954432
0.6,0.15,0.4 0.000609597
0.6,0.2,0 5.11461e-09
0.6,0.2,0.05 138.571
0.6,0.2,0.1 566.332
0.6,0.2,0.15 394.763
0.6,0.2,0.2 273.467
0.6,0.2,0.25 133.741
0.6,0.2,0.3 245.52
0.6,0.2,0.35 60.2144
0.6,0.2,0.4 0.311764
0.6,0.25,0 8.15106e-10
0.6,0.25,0.05 79.4441
0.6,0.25,0.1 397.725
0.6,0.25,0.15 606.153
0.6,0.25,0.2 513.314
0.6,0.25,0.25 617.506
0.6,0.25,0.3 588.812
0.6,0.25,0.35 159.425
0.6,0.25,0.4 0.905019
0.6,0.3,0 1.06153e-10
0.6,0.3,0.05 21.9206
0.6,0.3,0.1 248.401
0.6,0.3,0.15 571.986
0.6,0.3,0.2 677.116
0.6,0.3,0.25 774.261
0.6,0.3,0.3 550.517
0.6,0.3,0.35 175.756
0.6,0.3,0.4 0.898688
0.6,0.3,0.45 0.000279068
0.6,0.35,0 5.77581e-10
0.6,0.35,0.05 74.2429
0.6,0.35,0.1 611.486
0.6,0.35,0.15 466.205
0.6,0.35,0.2 259.619
0.6,0.35,0.25 247.767
0.6,0.35,0.3 174.887
0.6,0.35,0.35 72.0139
0.6,0.35,0.4 2.11265
0.6,0.35,0.45 0.00342314
0.6,0.4,0 2.65865e-10
0.6,0.4,0.05 45.5212
0.6,0.4,0.1 289.993
0.6,0.4,0.15 201.747
0.6,0.4,0.2 155.99
0.6,0.4,0.25 44.704
0.6,0.4,0.3 5.04573
0.6,0.4,0.35 3.55385
0.6,0.4,0.4 1.23872
0.6,0.4,0.45 0.00229654
0.6,0.45,0 9.10978e-10
0.6,0.45,0.05 154.971
0.6,0.45,0.1 620.154
0.6,0.45,0.15 350.116
0.6,0.45,0.2 606.496
0.6,0.45,0.25 163.78
0.6,0.45,0.3 8.36338
0.6,0.45,0.35 0.0619948
0.6,0.45,0.4 0.0228678
0.6,0.45,0.45 4.24339e-05
0.6,0.5,0 1.86219e-09
0.6,0.5,0.05 144.193
0.6,0.5,0.1 579.949
0.6,0.5,0.15 349.32
0.6,0.5,0.2 590.411
0.6,0.5,0.25 225.876
0.6,0.5,0.3 19.2725
0.6,0.5,0.35 0.00674345
0.6,0.55,0 3.03679e-10
0.6,0.55,0.05 18.6126
0.6,0.55,0.1 114.557
0.6,0.55,0.15 421.388
0.6,0.55,0.2 463.239
0.6,0.55,0.25 426.217
0.6,0.55,0.3 118.818
0.6,0.55,0.35 0.0483557
0.6,0.6,0 1.16405e-11
0.6,0.6,0.05 8.05416
0.6,0.6,0.1 81.8104
0.6,0.6,0.15 541.301
0.6,0.6,0.2 663.491
0.6,0.6,0.25 310.722
0.6,0.6,0.3 55.0922
0.6,0.6,0.35 0.0216446
0.6,0.65,0 2.18032e-10
0.6,0.65,0.05 78.8028
0.6,0.65,0.1 465.791
0.6,0.65,0.15 661.669
0.6,0.65,0.2 853.516
0.6,0.65,0.25 277.94
0.6,0.65,0.3 3.34492
0.6,0.65,0.35 0.000101486
0.6,0.7,0 1.9908e-10
0.6,0.7,0.05 74.441
0.6,0.7,0.1 602.996
0.6,0.7,0.15 848.226
0.6,0.7,0.2 475.934
0.6,0.7,0.25 95.5681
0.6,0.7,0.3 0.267036
0.6,0.75,0 3.48043e-09
0.6,0.75,0.05 81.9172
0.6,0.75,0.1 517.047
0.6,0.75,0.15 470.312
0.6,0.75,0.2 67.6456
0.6,0.75,0.25 3.04422
0.6,0.75,0.3 0.010117
0.6,0.8,0 9.40025e-08
0.6,0.8,0.05 157.21
0.6,0.8,0.1 650.491
0.6,0.8,0.15 218.394
0.6,0.8,0.2 12.0762
0.6,0.8,0.25 0.00814268
0.6,0.8,0.3 0.000200012
0.6,0.85,0 1.09315e-07
0.6,0.85,0.05 109.325
0.6,0.85,0.1 437.203
0.6,0.85,0.15 110.626
0.6,0.85,0.2 0.373375
0.6,0.9,0 6.2527e-09
0.6,0.9,0.05 22.1589
0.6,0.9,0.1 88.5901
0.6,0.9,0.15 22.1361
0.6,0.95,0 1.77506e-16
0.6,0.95,0.05 0.000207916
0.6,0.95,0.1 0.000831427
0.6,0.95,0.15 0.000207798
0.65,0.1,0 5.1133e-13
0.65,0.1,0.05 0.00806956
0.65,0.1,0.1 0.794481
0.65,0.1,0.15 23.0836
0.65,0.1,0.2 26.6551
0.65,0.1,0.25 1.48285
0.65,0.15,0 1.38052e-10
0.65,0.15,0.05 3.70331
0.65,0.15,0.1 28.2958
0.65,0.15,0.15 268.372
0.65,0.15,0.2 297.628
0.65,0.15,0.25 20.5671
0.65,0.15,0.3 6.7753
0.65,0.15,0.35 0.654939
0.65,0.15,0.4 1.9574e-05
0.65,0.2,0 3.78098e-10
0.65,0.2,0.05 47.1898
0.65,0.2,0.1 230.317
0.65,0.2,0.15 286.883
0.65,0.2,0.2 210.945
0.65,0.2,0.25 135.66
0.65,0.2,0.3 210.123
0.65,0.2,0.35 21.4007
0.65,0.2,0.4 0.0100107
0.65,0.25,0 1.1266e-10
0.65,0.25,0.05 49.5685
0.65,0.25,0.1 365.296
0.65,0.25,0.15 453.288
0.65,0.25,0.2 222.792
0.65,0.25,0.25 241.735
0.65,0.25,0.3 278.216
0.65,0.25,0.35 36.8478
0.65,0.25,0.4 0.0655717
0.65,0.3,0 4.92281e-12
0.65,0.3,0.05 10.7711
0.65,0.3,0.1 299.729
0.65,0.3,0.15 720.773
0.65,0.3,0.2 657.291
0.65,0.3,0.25 301.579
0.65,0.3,0.3 187.463
0.65,0.3,0.35 72.2499
0.65,0.3,0.4 0.285042
0.65,0.35,0 1.0768e-10
0.65,0.35,0.05 37.1333
0.65,0.35,0.1 521.428
0.65,0.35,0.15 563.607
0.65,0.35,0.2 222.887
0.65,0.35,0.25 80.114
0.65,0.35,0.3 72.4821
0.65,0.35,0.35 30.6087
0.65,0.35,0.4 0.122222
0.65,0.4,0 2.29611e-10
0.65,0.4,0.05 68.9221
0.65,0.4,0.1 413.192
0.65,0.4,0.15 226.586
0.65,0.4,0.2 40.6459
0.65,0.4,0.25 6.9071
