0.4,0.75,0.4 1.01778
0.4,0.75,0.45 0.00128041
0.4,0.8,0 1.82758e-13
0.4,0.8,0.05 66.483
0.4,0.8,0.1 282.675
0.4,0.8,0.15 165.79
0.4,0.8,0.2 160.71
0.4,0.8,0.25 42.1167
0.4,0.8,0.3 0.101182
0.4,0.85,0 1.52347e-14
0.4,0.85,0.05 11.4352
0.4,0.85,0.1 45.7407
0.4,0.85,0.15 11.4399
0.4,0.85,0.2 0.00580352
0.4,0.85,0.25 0.000348306
0.45,0.05,0 1.5661e-16
0.45,0.05,0.05 5.9364e-05
0.45,0.05,0.1 0.000237358
0.45,0.05,0.15 0.826894
0.45,0.05,0.2 6.0798
0.45,0.05,0.25 28.0959
0.45,0.05,0.3 15.8153
0.45,0.05,0.35 0.195015
0.45,0.1,0 4.32236e-12
0.45,0.1,0.05 23.2283
0.45,0.1,0.1 93.0589
0.45,0.1,0.15 58.5882
0.45,0.1,0.2 171.016
0.45,0.1,0.25 358.302
0.45,0.1,0.3 190.038
0.45,0.1,0.35 3.8717
0.45,0.15,0 5.85599e-11
0.45,0.15,0.05 152.652
0.45,0.15,0.1 613.836
0.45,0.15,0.15 287.495
0.45,0.15,0.2 364.819
0.45,0.15,0.25 381.784
0.45,0.15,0.3 190.242
0.45,0.15,0.35 12.0394
0.45,0.2,0 2.31435e-10
0.45,0.2,0.05 163.691
0.45,0.2,0.1 658.677
0.45,0.2,0.15 275.314
0.45,0.2,0.2 287.668
0.45,0.2,0.25 200.597
0.45,0.2,0.3 38.083
0.45,0.2,0.35 4.18948
0.45,0.25,0 2.25947e-10
0.45,0.25,0.05 117.508
0.45,0.25,0.1 473.309
0.45,0.25,0.15 180.569
0.45,0.25,0.2 400.907
0.45,0.25,0.25 296.179
0.45,0.25,0.3 16.8936
0.45,0.25,0.35 0.167874
0.45,0.3,0 7.57747e-10
0.45,0.3,0.05 137.91
0.45,0.3,0.1 572.866
0.45,0.3,0.15 451.908
0.45,0.3,0.2 642
0.45,0.3,0.25 266.839
0.45,0.3,0.3 33.0989
0.45,0.3,0.35 9.16041
0.45,0.3,0.4 0.237452
0.45,0.35,0 1.35148e-09
0.45,0.35,0.05 142.919
0.45,0.35,0.1 586.109
0.45,0.35,0.15 358.37
0.45,0.35,0.2 499.089
0.45,0.35,0.25 470.181
0.45,0.35,0.3 343.725
0.45,0.35,0.35 138.845
0.45,0.35,0.4 3.1919
0.45,0.4,0 7.69426e-10
0.45,0.4,0.05 76.6597
0.45,0.4,0.1 322.193
0.45,0.4,0.15 258.219
0.45,0.4,0.2 331.288
0.45,0.4,0.25 505.444
0.45,0.4,0.3 666.153
0.45,0.4,0.35 255.805
0.45,0.4,0.4 8.33847
0.45,0.45,0 1.19873e-10
0.45,0.45,0.05 74.0123
0.45,0.45,0.1 351.689
0.45,0.45,0.15 554.792
0.45,0.45,0.2 486.24
0.45,0.45,0.25 577.921
0.45,0.45,0.3 516.038
0.45,0.45,0.35 185.977
0.45,0.45,0.4 18.0232
0.45,0.45,0.45 0.0251396
0.45,0.5,0 8.34615e-10
0.45,0.5,0.05 115.431
0.45,0.5,0.1 502.001
0.45,0.5,0.15 462.893
0.45,0.5,0.2 590.88
0.45,0.5,0.25 465.911
0.45,0.5,0.3 1053.26
0.45,0.5,0.35 440.098
0.45,0.5,0.4 127.02
0.45,0.5,0.45 6.38195
0.45,0.55,0 4.47662e-09
0.45,0.55,0.05 109.882
0.45,0.55,0.1 470.08
0.45,0.55,0.15 422.249
0.45,0.55,0.2 710.947
0.45,0.55,0.25 389.988
0.45,0.55,0.3 750.141
0.45,0.55,0.35 451.209
0.45,0.55,0.4 279.477
0.45,0.55,0.45 14.7942
0.45,0.6,0 1.47217e-08
0.45,0.6,0.05 143.699
0.45,0.6,0.1 579.211
0.45,0.6,0.15 371.573
0.45,0.6,0.2 709.083
0.45,0.6,0.25 248.11
0.45,0.6,0.3 53.31
0.45,0.6,0.35 44.4982
0.45,0.6,0.4 39.4427
0.45,0.6,0.45 2.09072
0.45,0.65,0 4.85193e-09
0.45,0.65,0.05 94.0248
0.45,0.65,0.1 378.307
0.45,0.65,0.15 232.481
0.45,0.65,0.2 368.634
0.45,0.65,0.25 89.2972
0.45,0.65,0.3 24.1752
0.45,0.65,0.35 1.64218
0.45,0.7,0 1.85246e-10
0.45,0.7,0.05 10.35
0.45,0.7,0.1 49.4901
0.45,0.7,0.15 83.8412
0.45,0.7,0.2 125.235
0.45,0.7,0.25 25.983
0.45,0.7,0.3 8.86372
0.45,0.7,0.35 0.605903
0.45,0.75,0 8.47831e-13
0.45,0.75,0.05 30.7464
0.45,0.75,0.1 142.803
0.45,0.75,0.15 269.051
0.45,0.75,0.2 332.221
0.45,0.75,0.25 43.5614
0.45,0.75,0.3 0.0869018
0.45,0.75,0.35 0.000959554
0.45,0.8,0 2.49698e-11
0.45,0.8,0.05 80.4897
0.45,0.8,0.1 325.478
0.45,0.8,0.15 147.041
0.45,0.8,0.2 92.8431
0.45,0.8,0.25 11.3428
0.45,0.8,0.3 0.0178108
0.45,0.85,0 2.92207e-11
0.45,0.85,0.05 13.877
0.45,0.85,0.1 55.5076
0.45,0.85,0.15 13.8829
0.45,0.85,0.2 0.00742825
0.45,0.85,0.25 0.000446338
0.45,0.9,0 1.66874e-12
0.45,0.9,0.05 0.000257712
0.45,0.9,0.1 0.00102509
0.45,0.9,0.15 0.00025484
0.5,0.05,0.15 0.00708542
0.5,0.05,0.2 1.2121
0.5,0.05,0.25 11.9783
0.5,0.05,0.3 6.95328
0.5,0.05,0.35 0.0857393
0.5,0.1,0 5.81337e-13
0.5,0.1,0.05 5.65237
0.5,0.1,0.1 22.9591
0.5,0.1,0.15 16.1134
0.5,0.1,0.2 43.4876
0.5,0.1,0.25 226.822
0.5,0.1,0.3 157.338
0.5,0.1,0.35 10.4784
0.5,0.15,0 3.30206e-11
0.5,0.15,0.05 39.2845
0.5,0.15,0.1 165.671
0.5,0.15,0.15 270.525
0.5,0.15,0.2 495.617
0.5,0.15,0.25 741.771
0.5,0.15,0.3 531.008
0.5,0.15,0.35 60.9462
0.5,0.2,0 1.0546e-10
0.5,0.2,0.05 115.113
0.5,0.2,0.1 483.385
0.5,0.2,0.15 512.584
0.5,0.2,0.2 739.153
0.5,0.2,0.25 524.09
0.5,0.2,0.3 196.458
0.5,0.2,0.35 23.5929
0.5,0.25,0 1.372e-10
0.5,0.25,0.05 99.4113
0.5,0.25,0.1 414.332
0.5,0.25,0.15 309.502
0.5,0.25,0.2 395.887
0.5,0.25,0.25 269.861
0.5,0.25,0.3 27.739
0.5,0.25,0.35 0.107454
0.5,0.3,0 8.03702e-10
0.5,0.3,0.05 158.949
0.5,0.3,0.1 692.692
0.5,0.3,0.15 805.938
0.5,0.3,0.2 540.037
0.5,0.3,0.25 119.624
0.5,0.3,0.3 88.4721
0.5,0.3,0.35 58.7977
0.5,0.3,0.4 1.60775
0.5,0.35,0 1.3749e-09
0.5,0.35,0.05 184.609
0.5,0.35,0.1 776.554
0.5,0.35,0.15 637.781
0.5,0.35,0.2 563.042
0.5,0.35,0.25 208.598
0.5,0.35,0.3 484.795
0.5,0.35,0.35 345.303
0.5,0.35,0.4 9.02028
0.5,0.4,0 1.06742e-09
0.5,0.4,0.05 97.109
0.5,0.4,0.1 399.003
0.5,0.4,0.15 301.545
0.5,0.4,0.2 369.735
0.5,0.4,0.25 345.606
0.5,0.4,0.3 698.235
0.5,0.4,0.35 303.396
0.5,0.4,0.4 6.09987
0.5,0.45,0 1.66914e-09
0.5,0.45,0.05 106.812
0.5,0.45,0.1 445.256
0.5,0.45,0.15 412.36
0.5,0.45,0.2 472.424
0.5,0.45,0.25 503.741
0.5,0.45,0.3 271.5
0.5,0.45,0.35 55.7233
0.5,0.45,0.4 0.739701
0.5,0.45,0.45 0.0125478
0.5,0.5,0 5.01305e-09
0.5,0.5,0.05 145.991
0.5,0.5,0.1 589.097
0.5,0.5,0.15 384.656
0.5,0.5,0.2 552.053
0.5,0.5,0.25 239.903
0.5,0.5,0.3 226.698
0.5,0.5,0.35 113.281
0.5,0.5,0.4 60.1588
0.5,0.5,0.45 3.1854
0.5,0.55,0 6.35302e-09
0.5,0.55,0.05 177.253
0.5,0.55,0.1 726.116
0.5,0.55,0.15 636.854
0.5,0.55,0.2 759.351
0.5,0.55,0.25 172.336
0.5,0.55,0.3 232.443
0.5,0.55,0.35 177.758
0.5,0.55,0.4 139.337
0.5,0.55,0.45 7.38416
0.5,0.6,0 3.50025e-09
0.5,0.6,0.05 96.0384
0.5,0.6,0.1 400.699
0.5,0.6,0.15 461.08
0.5,0.6,0.2 506.443
0.5,0.6,0.25 69.7736
0.5,0.6,0.3 20.5082
0.5,0.6,0.35 21.2793
0.5,0.6,0.4 19.6864
0.5,0.6,0.45 1.04353
0.5,0.65,0 2.35742e-09
0.5,0.65,0.05 114.606
0.5,0.65,0.1 460.317
0.5,0.65,0.15 194.898
0.5,0.65,0.2 143.112
0.5,0.65,0.25 17.9335
0.5,0.65,0.3 0.0170488
0.5,0.7,0 5.62913e-10
0.5,0.7,0.05 43.7938
0.5,0.7,0.1 264.748
0.5,0.7,0.15 178.335
0.5,0.7,0.2 86.6071
0.5,0.7,0.25 6.24429
0.5,0.75,0 4.26643e-09
0.5,0.75,0.05 35.4837
0.5,0.75,0.1 322.411
0.5,0.75,0.15 203.134
0.5,0.75,0.2 27.7182
0.5,0.75,0.25 1.61896
0.5,0.8,0 1.33541e-07
0.5,0.8,0.05 35.3111
0.5,0.8,0.1 162.907
0.5,0.8,0.15 57.2456
0.5,0.8,0.2 5.26714
0.5,0.8,0.25 0.298298
0.5,0.85,0 1.56845e-07
0.5,0.85,0.05 25.3757
0.5,0.85,0.1 100.961
0.5,0.85,0.15 25.106
0.5,0.85,0.2 0.000486321
0.5,0.85,0.25 2.92214e-05
0.5,0.9,0 8.96276e-09
0.5,0.9,0.05 1.38416
0.5,0.9,0.1 5.50572
0.5,0.9,0.15 1.36874
0.55,0.05,0.2 0.00510496
0.55,0.05,0.25 0.0516546
0.55,0.05,0.3 0.0300036
0.55,0.05,0.35 0.000369968
0.55,0.1,0 3.04537e-12
0.55,0.1,0.05 0.0979386
0.55,0.1,0.1 2.35169
0.55,0.1,0.15 25.2481
0.55,0.1,0.2 33.4768
0.55,0.1,0.25 76.9461
0.55,0.1,0.3 41.0404
0.55,0.1,0.35 3.34941
0.55,0.15,0 8.59442e-10
0.55,0.15,0.05 30.634
0.55,0.15,0.1 136.656
0.55,0.15,0.15 245.015
0.55,0.15,0.2 343.042
0.55,0.15,0.25 461.738
0.55,0.15,0.3 231.403
0.55,0.15,0.35 21.2493
0.55,0.2,0 2.03691e-09
0.55,0.2,0.05 105.744
0.55,0.2,0.1 467.14
0.55,0.2,0.15 688.675
0.55,0.2,0.2 729.141
0.55,0.2,0.25 362.652
0.55,0.2,0.3 153.65
0.55,0.2,0.35 11.1975
0.55,0.25,0 3.20228e-10
0.55,0.25,0.05 62.0474
0.55,0.25,0.1 290.259
0.55,0.25,0.15 611.756
0.55,0.25,0.2 592.39
0.55,0.25,0.25 727.207
0.55,0.25,0.3 323.218
0.55,0.25,0.35 6.08008
0.55,0.25,0.4 5.69005e-05
0.55,0.3,0 3.63833e-10
0.55,0.3,0.05 102.684
0.55,0.3,0.1 435.371
0.55,0.3,0.15 511.181
0.55,0.3,0.2 537.946
0.55,0.3,0.25 591.631
0.55,0.3,0.3 233.299
0.55,0.3,0.35 28.1034
0.55,0.3,0.4 0.70139
0.55,0.35,0 1.67745e-09
0.55,0.35,0.05 148.909
0.55,0.35,0.1 602.227
0.55,0.35,0.15 265.897
0.55,0.35,0.2 171.963
0.55,0.35,0.25 69.5216
0.55,0.35,0.3 160.671
0.55,0.35,0.35 115.62
0.55,0.35,0.4 3.10645
0.55,0.4,0 1.14049e-09
0.55,0.4,0.05 78.8557
0.55,0.4,0.1 316.769
0.55,0.4,0.15 124.045
0.55,0.4,0.2 109.099
0.55,0.4,0.25 113.665
0.55,0.4,0.3 111.387
0.55,0.4,0.35 46.3743
0.55,0.4,0.4 0.985974
0.55,0.45,0 1.94604e-09
0.55,0.45,0.05 112.885
0.55,0.45,0.1 455.528
0.55,0.45,0.15 279.3
0.55,0.45,0.2 442.523
0.55,0.45,0.25 374.365
0.55,0.45,0.3 67.8102
0.55,0.45,0.35 5.15845
0.55,0.45,0.4 0.0219116
0.55,0.45,0.45 9.24368e-05
0.55,0.5,0 2.97876e-09
0.55,0.5,0.05 100.754
0.55,0.5,0.1 420.374
0.55,0.5,0.15 553.254
0.55,0.5,0.2 716.45
0.55,0.5,0.25 165.552
0.55,0.5,0.3 11.6859
0.55,0.5,0.35 0.491916
0.55,0.5,0.4 0.442682
0.55,0.5,0.45 0.0234661
0.55,0.55,0 4.29293e-09
0.55,0.55,0.05 85.3679
0.55,0.55,0.1 415.399
0.55,0.55,0.15 749.447
0.55,0.55,0.2 734.729
0.55,0.55,0.25 112.648
0.55,0.55,0.3 3.44461
0.55,0.55,0.35 1.06833
0.55,0.55,0.4 1.02619
0.55,0.55,0.45 0.0543973
0.55,0.6,0 4.28921e-09
0.55,0.6,0.05 89.2136
0.55,0.6,0.1 414.988
0.55,0.6,0.15 490.546
0.55,0.6,0.2 342.132
0.55,0.6,0.25 57.0661
0.55,0.6,0.3 1.55055
0.55,0.6,0.35 0.147226
0.55,0.6,0.4 0.145022
0.55,0.6,0.45 0.00768746
0.55,0.65,0 8.54032e-10
0.55,0.65,0.05 60.6439
0.55,0.65,0.1 266.448
0.55,0.65,0.15 432.533
0.55,0.65,0.2 427.114
0.55,0.65,0.25 35.8432
0.55,0.65,0.3 0.0611201
0.55,0.7,0 1.304e-10
0.55,0.7,0.05 65.6509
0.55,0.7,0.1 416.835
0.55,0.7,0.15 661.374
0.55,0.7,0.2 601.382
0.55,0.7,0.25 40.6114
0.55,0.7,0.3 0.00171791
0.55,0.75,0 1.43001e-08
0.55,0.75,0.05 115.501
0.55,0.75,0.1 674.972
0.55,0.75,0.15 319.366
0.55,0.75,0.2 55.5671
0.55,0.75,0.25 3.63771
0.55,0.8,0 4.45858e-07
0.55,0.8,0.05 148.813
0.55,0.8,0.1 614.223
0.55,0.8,0.15 164.197
0.55,0.8,0.2 0.23676
0.55,0.85,0 5.23551e-07
0.55,0.85,0.05 89.3176
0.55,0.85,0.1 355.453
0.55,0.85,0.15 88.4116
0.55,0.9,0 2.99179e-08
0.55,0.9,0.05 5.75641
0.55,0.9,0.1 22.9211
0.55,0.9,0.15 5.70429
0.55,0.95,0 9.51499e-18
0.55,0.95,0.05 1.11451e-05
0.55,0.95,0.1 4.45676e-05
0.55,0.95,0.15 1.11387e-05
0.6,0.1,0 3.64916e-12
0.6,0.1,0.05 0.1168
0.6,0.1,0.1 6.69318
0.6,0.1,0.15 75.1203
0.6,0.1,0.2 50.5433
0.6,0.1,0.25 4.01286
0.6,0.1,0.3 0.93683
0.6,0.1,0.35 0.00380592
0.6,0.15,0 1.03076e-09
0.6,0.15,0.05 35.059
0.6,0.15,0.1 177.526
0.6,0.15,0.15 469.628
0.6,0.15,0.2 297.41
0.6,0.15,0.25 29.0919
0.6,0.15,0.3 6.99937
0.6,0.15,0.35 0.143319
0.6,0.2,0 2.46641e-09
0.6,0.2,0.05 138.22
0.6,0.2,0.1 578.859
0.6,0.2,0.15 425.223
0.6,0.2,0.2 282.63
0.6,0.2,0.25 257.852
0.6,0.2,0.3 184.714
0.6,0.2,0.35 9.3755
0.6,0.25,0 3.85372e-10
0.6,0.25,0.05 100.717
0.6,0.25,0.1 488.841
0.6,0.25,0.15 589.629
0.6,0.25,0.2 524.226
0.6,0.25,0.25 842.079
0.6,0.25,0.3 506.009
0.6,0.25,0.35 25.3104
0.6,0.25,0.4 0.00333001
0.6,0.3,0 1.19208e-10
0.6,0.3,0.05 60.1701
0.6,0.3,0.1 335.321
0.6,0.3,0.15 597.74
0.6,0.3,0.2 763.318
0.6,0.3,0.25 768.531
0.6,0.3,0.3 428.172
0.6,0.3,0.35 70.6558
0.6,0.3,0.4 0.0299576
0.6,0.35,0 6.72692e-10
0.6,0.35,0.05 172.433
0.6,0.35,0.1 708.272
0.6,0.35,0.15 356.88
0.6,0.35,0.2 277.278
0.6,0.35,0.25 113.373
0.6,0.35,0.3 116.35
0.6,0.35,0.35 33.4841
0.6,0.35,0.4 0.0261338
0.6,0.4,0 2.99527e-10
0.6,0.4,0.05 81.6116
0.6,0.4,0.1 327.137
0.6,0.4,0.15 165.315
0.6,0.4,0.2 177.023
0.6,0.4,0.25 28.3434
0.6,0.4,0.3 1.63051
0.6,0.4,0.35 0.344631
0.6,0.4,0.4 0.00361497
0.6,0.45,0 9.10482e-10
0.6,0.45,0.05 154.998
0.6,0.45,0.1 621.472
0.6,0.45,0.15 408.55
0.6,0.45,0.2 578.911
0.6,0.45,0.25 104.942
0.6,0.45,0.3 3.20075
0.6,0.45,0.35 1.84725e-06
0.6,0.45,0.4 5.05921e-08
0.6,0.5,0 1.86335e-09
0.6,0.5,0.05 144.187
0.6,0.5,0.1 586.217
0.6,0.5,0.15 423.145
0.6,0.5,0.2 573.608
0.6,0.5,0.25 115.619
0.6,0.5,0.3 2.28672
0.6,0.55,0 5.17437e-10
0.6,0.55,0.05 20.7036
0.6,0.55,0.1 166.106
0.6,0.55,0.15 451.514
0.6,0.55,0.2 541.923
0.6,0.55,0.25 306.344
0.6,0.55,0.3 13.6972
0.6,0.6,0 3.71389e-10
0.6,0.6,0.05 12.198
0.6,0.6,0.1 151.224
0.6,0.6,0.15 637.713
0.6,0.6,0.2 673.023
0.6,0.6,0.25 276.76
0.6,0.6,0.3 8.01597
0.6,0.65,0 4.31997e-11
0.6,0.65,0.05 82.1206
0.6,0.65,0.1 417.212
0.6,0.65,0.15 903.234
0.6,0.65,0.2 854.181
0.6,0.65,0.25 140.367
0.6,0.65,0.3 0.619423
0.6,0.7,0 5.22762e-12
0.6,0.7,0.05 101.972
0.6,0.7,0.1 588.013
0.6,0.7,0.15 905.678
0.6,0.7,0.2 663.567
0.6,0.7,0.25 43.0805
0.6,0.7,0.3 0.0198366
0.6,0.75,0 3.47347e-09
0.6,0.75,0.05 115.716
0.6,0.75,0.1 612.086
0.6,0.75,0.15 275.789
0.6,0.75,0.2 45.6677
0.6,0.75,0.25 2.62029
0.6,0.8,0 9.40025e-08
0.6,0.8,0.05 159.975
0.6,0.8,0.1 664.611
0.6,0.8,0.15 186.499
0.6,0.8,0.2 1.12322
0.6,0.85,0 1.09315e-07
0.6,0.85,0.05 109.344
0.6,0.85,0.1 437.265
0.6,0.85,0.15 109.564
0.6,0.85,0.2 0.0232063
0.6,0.9,0 6.2527e-09
0.6,0.9,0.05 22.1589
0.6,0.9,0.1 88.5901
0.6,0.9,0.15 22.1361
0.6,0.95,0 1.77506e-16
0.6,0.95,0.05 0.000207916
0.6,0.95,0.1 0.000831427
0.6,0.95,0.15 0.000207798
0.65,0.1,0 2.15294e-13
0.65,0.1,0.05 0.00694888
0.65,0.1,0.1 3.48237
0.65,0.1,0.15 33.8175
0.65,0.1,0.2 19.4415
0.65,0.1,0.25 0.251351
0.65,0.15,0 6.14486e-11
0.65,0.15,0.05 5.93852
0.65,0.15,0.1 64.6391
0.65,0.15,0.15 380.284
0.65,0.15,0.2 220.264
0.65,0.15,0.25 26.6676
0.65,0.15,0.3 2.15223
0.65,0.15,0.35 0.0243932
0.65,0.2,0 1.63611e-10
0.65,0.2,0.05 62.6462
0.65,0.2,0.1 284.117
0.65,0.2,0.15 339.944
0.65,0.2,0.2 361.745
0.65,0.2,0.25 323.715
0.65,0.2,0.3 55.1013
0.65,0.2,0.35 1.90243
0.65,0.25,0 4.29095e-11
0.65,0.25,0.05 114.861
0.65,0.25,0.1 568.301
0.65,0.25,0.15 361.315
0.65,0.25,0.2 370.018
0.65,0.25,0.25 308.962
0.65,0.25,0.3 121.244
0.65,0.25,0.35 16.2189
0.65,0.25,0.4 0.00511377
0.65,0.3,0 1.9568e-11
0.65,0.3,0.05 78.6451
0.65,0.3,0.1 479.521
0.65,0.3,0.15 663.494
0.65,0.3,0.2 582.15
0.65,0.3,0.25 208.75
0.65,0.3,0.3 348.358
0.65,0.3,0.35 104.978
0.65,0.3,0.4 0.0413363
0.65,0.35,0 2.9526e-10
0.65,0.35,0.05 161.934
0.65,0.35,0.1 694.645
0.65,0.35,0.15 434.88
0.65,0.35,0.2 182.869
0.65,0.35,0.25 56.6511
