0,0.4,0.15 1.49657e-17
0,0.4,0.2 6.08897e-17
0,0.4,0.25 1.54836e-17
0,0.4,0.3 2.77574e-24
0,0.45,0.15 1.19548e-14
0,0.45,0.2 4.86398e-14
0,0.45,0.25 1.23686e-14
0,0.45,0.3 2.21731e-21
0,0.5,0.15 3.34554e-14
0,0.5,0.2 1.36118e-13
0,0.5,0.25 3.46132e-14
0,0.5,0.3 6.20511e-21
0,0.55,0.15 5.8077e-15
0,0.55,0.2 2.36294e-14
0,0.55,0.25 6.0087e-15
0,0.55,0.3 1.07718e-21
0.05,0.1,0.05 0.00277237
0.05,0.1,0.1 4.69031
0.05,0.1,0.15 14.2869
0.05,0.1,0.2 2.71053
0.05,0.1,0.25 9.66098e-06
0.05,0.15,0 1.83915e-16
0.05,0.15,0.05 0.0152202
0.05,0.15,0.1 25.2198
0.05,0.15,0.15 78.6607
0.05,0.15,0.2 19.0729
0.05,0.15,0.25 0.667333
0.05,0.15,0.3 0.0114361
0.05,0.15,0.35 0.0332547
0.05,0.15,0.4 0.00601095
0.05,0.2,0 6.19752e-15
0.05,0.2,0.05 0.0368546
0.05,0.2,0.1 8.58454
0.05,0.2,0.15 32.6805
0.05,0.2,0.2 21.8987
0.05,0.2,0.25 12.2446
0.05,0.2,0.3 15.7201
0.05,0.2,0.35 6.03964
0.05,0.2,0.4 0.89532
0.05,0.25,0 5.6899e-14
0.05,0.25,0.05 0.366605
0.05,0.25,0.1 1.48023
0.05,0.25,0.15 3.17912
0.05,0.25,0.2 7.68987
0.05,0.25,0.25 40.622
0.05,0.25,0.3 60.4009
0.05,0.25,0.35 14.576
0.05,0.25,0.4 1.83744
0.05,0.3,0 3.84023e-14
0.05,0.3,0.05 0.250637
0.05,0.3,0.1 1.00557
0.05,0.3,0.15 1.52848
0.05,0.3,0.2 3.43012
0.05,0.3,0.25 10.544
0.05,0.3,0.3 14.8681
0.05,0.3,0.35 2.367
0.05,0.3,0.4 0.225554
0.05,0.35,0 2.9298e-10
0.05,0.35,0.05 1.34787
0.05,0.35,0.1 5.38195
0.05,0.35,0.15 1.40583
0.05,0.35,0.2 0.158591
0.05,0.35,0.25 0.0246472
0.05,0.35,0.3 1.72186e-06
0.05,0.35,0.35 1.3346e-07
0.05,0.4,0 1.17859e-09
0.05,0.4,0.05 5.4024
0.05,0.4,0.1 21.5717
0.05,0.4,0.15 5.46536
0.05,0.4,0.2 0.304873
0.05,0.4,0.25 0.0887692
0.05,0.4,0.3 4.51661e-05
0.05,0.45,0 2.96324e-10
0.05,0.45,0.05 1.38623
0.05,0.45,0.1 5.62997
0.05,0.45,0.15 15.0634
0.05,0.45,0.2 58.5659
0.05,0.45,0.25 16.5173
0.05,0.45,0.3 0.193874
0.05,0.45,0.35 0.0110869
0.05,0.45,0.4 0.000768062
0.05,0.45,0.45 6.15827e-05
0.05,0.5,0 1.9949e-18
0.05,0.5,0.05 0.539791
0.05,0.5,0.1 3.53807
0.05,0.5,0.15 34.4053
0.05,0.5,0.2 141.631
0.05,0.5,0.25 45.4774
0.05,0.5,0.3 7.03682
0.05,0.5,0.35 0.502011
0.05,0.5,0.4 0.0146925
0.05,0.5,0.45 0.000315586
0.05,0.55,0.05 0.488143
0.05,0.55,0.1 3.17879
0.05,0.55,0.15 6.432
0.05,0.55,0.2 26.6034
0.05,0.55,0.25 66.0243
0.05,0.55,0.3 49.2352
0.05,0.55,0.35 5.22695
0.05,0.55,0.4 0.291381
0.05,0.55,0.45 0.000116933
0.05,0.6,0.05 0.0175811
0.05,0.6,0.1 0.114453
0.05,0.6,0.15 0.0624044
0.05,0.6,0.2 4.8433
0.05,0.6,0.25 56.2733
0.05,0.6,0.3 45.8211
0.05,0.6,0.35 12.9251
0.05,0.6,0.4 2.78985
0.05,0.6,0.45 0.000793638
0.05,0.65,0.15 0.467124
0.05,0.65,0.2 6.34994
0.05,0.65,0.25 6.80858
0.05,0.65,0.3 4.4001
0.05,0.65,0.35 12.0229
0.05,0.65,0.4 3.68112
0.05,0.65,0.45 0.00113961
0.05,0.7,0.15 5.65192
0.05,0.7,0.2 74.2436
0.05,0.7,0.25 52.2932
0.05,0.7,0.3 1.27591
0.05,0.7,0.35 0.914889
0.05,0.7,0.4 0.284051
0.05,0.7,0.45 8.81708e-05
0.05,0.75,0.15 3.75983
0.05,0.75,0.2 49.3891
0.05,0.75,0.25 34.787
0.05,0.75,0.3 0.726477
0.05,0.8,0.15 0.0679626
0.05,0.8,0.2 0.892756
0.05,0.8,0.25 0.628809
0.05,0.8,0.3 0.0131318
0.1,0,0.1 2.01027e-19
0.1,0,0.15 6.84176e-17
0.1,0,0.2 1.67834e-16
0.1,0,0.25 2.52659e-17
0.1,0.05,0.1 2.64753e-06
0.1,0.05,0.15 0.000901064
0.1,0.05,0.2 0.110799
0.1,0.05,0.25 1.62963
0.1,0.05,0.3 1.25654
0.1,0.05,0.35 0.0324557
0.1,0.1,0.05 0.0145105
0.1,0.1,0.1 24.549
0.1,0.1,0.15 74.8192
0.1,0.1,0.2 15.1781
0.1,0.1,0.25 7.72917
0.1,0.1,0.3 5.76103
0.1,0.1,0.35 0.176831
0.1,0.1,0.4 0.000176822
0.1,0.15,0 1.61724e-12
0.1,0.15,0.05 2.86927
0.1,0.15,0.1 143.233
0.1,0.15,0.15 439.35
0.1,0.15,0.2 164.552
0.1,0.15,0.25 18.9371
0.1,0.15,0.3 9.08876
0.1,0.15,0.35 4.26782
0.1,0.15,0.4 0.176558
0.1,0.2,0 1.6235e-11
0.1,0.2,0.05 30.4846
0.1,0.2,0.1 166.361
0.1,0.2,0.15 296.062
0.1,0.2,0.2 356.083
0.1,0.2,0.25 116.686
0.1,0.2,0.3 143.064
0.1,0.2,0.35 142.003
0.1,0.2,0.4 23.3702
0.1,0.25,0 1.52925e-11
0.1,0.25,0.05 57.363
0.1,0.25,0.1 229.692
0.1,0.25,0.15 151.773
0.1,0.25,0.2 248.338
0.1,0.25,0.25 285.239
0.1,0.25,0.3 437.644
0.1,0.25,0.35 292.124
0.1,0.25,0.4 47.8885
0.1,0.3,0 4.52776e-12
0.1,0.3,0.05 29.4396
0.1,0.3,0.1 117.909
0.1,0.3,0.15 97.4688
0.1,0.3,0.2 173.426
0.1,0.3,0.25 88.6793
0.1,0.3,0.3 98.6388
0.1,0.3,0.35 39.2412
0.1,0.3,0.4 5.87801
0.1,0.35,0 4.53774e-09
0.1,0.35,0.05 21.5211
0.1,0.35,0.1 85.9421
0.1,0.35,0.15 24.7875
0.1,0.35,0.2 8.43788
0.1,0.35,0.25 1.31131
0.1,0.35,0.3 1.03313e-05
0.1,0.35,0.35 8.00774e-07
0.1,0.4,0 1.82539e-08
0.1,0.4,0.05 83.6724
0.1,0.4,0.1 334.343
0.1,0.4,0.15 88.9849
0.1,0.4,0.2 7.21289
0.1,0.4,0.25 0.932341
0.1,0.4,0.3 0.000729179
0.1,0.45,0 4.59888e-09
0.1,0.45,0.05 23.5716
0.1,0.45,0.1 102.219
0.1,0.45,0.15 199.963
0.1,0.45,0.2 438.748
0.1,0.45,0.25 109.654
0.1,0.45,0.3 5.85899
0.1,0.45,0.35 13.1677
0.1,0.45,0.4 18.9459
0.1,0.45,0.45 1.51908
0.1,0.5,0 4.4833e-11
0.1,0.5,0.05 32.4908
0.1,0.5,0.1 202.475
0.1,0.5,0.15 357.241
0.1,0.5,0.2 885.995
0.1,0.5,0.25 368.851
0.1,0.5,0.3 170.521
0.1,0.5,0.35 95.6122
0.1,0.5,0.4 99.5946
0.1,0.5,0.45 7.78582
0.1,0.55,0 1.33186e-11
0.1,0.55,0.05 26.1532
0.1,0.55,0.1 167.361
0.1,0.55,0.15 138.587
0.1,0.55,0.2 276.558
0.1,0.55,0.25 552.593
0.1,0.55,0.3 521.039
0.1,0.55,0.35 274.611
0.1,0.55,0.4 54.019
0.1,0.55,0.45 2.48904
0.1,0.6,0 2.16401e-15
0.1,0.6,0.05 2.19673
0.1,0.6,0.1 21.1466
0.1,0.6,0.15 19.5234
0.1,0.6,0.2 116.456
0.1,0.6,0.25 403.81
0.1,0.6,0.3 377.041
0.1,0.6,0.35 360.859
0.1,0.6,0.4 68.8835
0.1,0.6,0.45 0.0183016
0.1,0.65,0.05 1.59809
0.1,0.65,0.1 20.1076
0.1,0.65,0.15 31.3321
0.1,0.65,0.2 53.2298
0.1,0.65,0.25 56.2696
0.1,0.65,0.3 91.0846
0.1,0.65,0.35 263.176
0.1,0.65,0.4 79.3713
0.1,0.65,0.45 0.0245145
0.1,0.7,0.05 0.0965743
0.1,0.7,0.1 7.70683
0.1,0.7,0.15 80.6685
0.1,0.7,0.2 341.816
0.1,0.7,0.25 256.817
0.1,0.7,0.3 69.9759
0.1,0.7,0.35 24.7188
0.1,0.7,0.4 6.11031
0.1,0.7,0.45 0.00189667
0.1,0.75,0.1 1.81219
0.1,0.75,0.15 29.4423
0.1,0.75,0.2 206.169
0.1,0.75,0.25 147.053
0.1,0.75,0.3 12.749
0.1,0.75,0.35 0.718143
0.1,0.8,0.1 5.64228e-05
0.1,0.8,0.15 0.38922
0.1,0.8,0.2 4.16266
0.1,0.8,0.25 2.70257
0.1,0.8,0.3 0.052773
0.1,0.8,0.35 6.01239e-07
0.1,0.85,0.15 0.00335902
0.1,0.85,0.2 0.0169497
0.1,0.85,0.25 0.00537474
0.1,0.85,0.3 2.14371e-05
0.1,0.85,0.35 8.28605e-08
0.15,0,0.1 2.5992e-15
0.15,0,0.15 8.84613e-13
0.15,0,0.2 2.17003e-12
0.15,0,0.25 3.26679e-13
0.15,0.05,0 3.77742e-13
0.15,0.05,0.05 0.00767793
0.15,0.05,0.1 0.0649096
0.15,0.05,0.15 11.6581
0.15,0.05,0.2 31.9435
0.15,0.05,0.25 54.9197
0.15,0.05,0.3 39.116
0.15,0.05,0.35 1.01537
0.15,0.1,0 2.55832e-10
0.15,0.1,0.05 5.20472
0.15,0.1,0.1 28.9187
0.15,0.1,0.15 77.7002
0.15,0.1,0.2 154.147
0.15,0.1,0.25 264.19
0.15,0.1,0.3 181.899
0.15,0.1,0.35 5.28697
0.15,0.1,0.4 0.00349363
0.15,0.15,0 7.0896e-10
0.15,0.15,0.05 24.0007
0.15,0.15,0.1 139.013
0.15,0.15,0.15 217.283
0.15,0.15,0.2 345.814
0.15,0.15,0.25 243.19
0.15,0.15,0.3 203.119
0.15,0.15,0.35 72.4304
0.15,0.15,0.4 0.595006
0.15,0.2,0 2.0535e-10
0.15,0.2,0.05 104.134
0.15,0.2,0.1 431.283
0.15,0.2,0.15 323.066
0.15,0.2,0.2 684.625
0.15,0.2,0.25 356.806
0.15,0.2,0.3 420.01
0.15,0.2,0.35 287.056
0.15,0.2,0.4 25.896
0.15,0.25,0 6.20458e-11
0.15,0.25,0.05 149.866
0.15,0.25,0.1 599.726
0.15,0.25,0.15 303.341
0.15,0.25,0.2 543.603
0.15,0.25,0.25 475.612
0.15,0.25,0.3 398.106
0.15,0.25,0.35 317.752
0.15,0.25,0.4 51.4067
0.15,0.3,0 1.07672e-11
0.15,0.3,0.05 110.09
0.15,0.3,0.1 440.558
0.15,0.3,0.15 212.315
0.15,0.3,0.2 269.759
0.15,0.3,0.25 121.36
0.15,0.3,0.3 73.9835
0.15,0.3,0.35 37.9773
0.15,0.3,0.4 6.29379
0.15,0.35,0 3.57504e-09
0.15,0.35,0.05 35.8823
0.15,0.35,0.1 143.423
0.15,0.35,0.15 40.8302
0.15,0.35,0.2 12.6423
0.15,0.35,0.25 1.97894
0.15,0.35,0.3 4.8902e-06
0.15,0.35,0.35 2.97298e-07
0.15,0.4,0 1.43763e-08
0.15,0.4,0.05 66.0062
0.15,0.4,0.1 270.069
0.15,0.4,0.15 116.49
0.15,0.4,0.2 30.3885
0.15,0.4,0.25 1.23511
0.15,0.4,0.3 0.0238431
0.15,0.45,0 3.76001e-09
0.15,0.45,0.05 36.0906
0.15,0.45,0.1 188.085
0.15,0.45,0.15 525.814
0.15,0.45,0.2 527.759
0.15,0.45,0.25 139.098
0.15,0.45,0.3 25.2254
0.15,0.45,0.35 58.0358
0.15,0.45,0.4 70.2852
0.15,0.45,0.45 5.66725
0.15,0.5,0 6.93175e-10
0.15,0.5,0.05 122.442
0.15,0.5,0.1 609.564
0.15,0.5,0.15 660.248
0.15,0.5,0.2 835.094
0.15,0.5,0.25 511.165
0.15,0.5,0.3 328.682
0.15,0.5,0.35 416.532
0.15,0.5,0.4 432.024
0.15,0.5,0.45 37.7685
0.15,0.55,0 2.05923e-10
0.15,0.55,0.05 60.717
0.15,0.55,0.1 340.069
0.15,0.55,0.15 363.734
0.15,0.55,0.2 556.205
0.15,0.55,0.25 698.83
0.15,0.55,0.3 829.948
0.15,0.55,0.35 757.434
0.15,0.55,0.4 279.862
0.15,0.55,0.45 22.8017
0.15,0.6,0 3.92924e-10
0.15,0.6,0.05 22.3008
0.15,0.6,0.1 221.428
0.15,0.6,0.15 168.421
0.15,0.6,0.2 221.963
0.15,0.6,0.25 454.846
0.15,0.6,0.3 489.001
0.15,0.6,0.35 524.937
0.15,0.6,0.4 93.6604
0.15,0.6,0.45 1.08319
0.15,0.65,0 2.07038e-09
0.15,0.65,0.05 42.5911
0.15,0.65,0.1 340.811
0.15,0.65,0.15 353.795
0.15,0.65,0.2 294.773
0.15,0.65,0.25 228.778
0.15,0.65,0.3 369.985
0.15,0.65,0.35 292.882
0.15,0.65,0.4 76.6486
0.15,0.65,0.45 0.0248506
0.15,0.7,0 6.79525e-10
0.15,0.7,0.05 8.57791
0.15,0.7,0.1 108.81
0.15,0.7,0.15 541.149
0.15,0.7,0.2 548.166
0.15,0.7,0.25 462.486
0.15,0.7,0.3 583.66
0.15,0.7,0.35 82.2349
0.15,0.7,0.4 5.88423
0.15,0.7,0.45 0.0018265
0.15,0.75,0 4.00614e-13
0.15,0.75,0.05 0.569629
0.15,0.75,0.1 54.2654
0.15,0.75,0.15 221.941
0.15,0.75,0.2 287.758
0.15,0.75,0.25 194.354
0.15,0.75,0.3 96.5236
0.15,0.75,0.35 6.75022
0.15,0.8,0.05 0.285964
0.15,0.8,0.1 19.6376
0.15,0.8,0.15 67.3822
0.15,0.8,0.2 145.548
0.15,0.8,0.25 136.644
0.15,0.8,0.3 43.2887
0.15,0.8,0.35 0.183335
0.15,0.85,0.05 0.00221569
0.15,0.85,0.1 0.185478
0.15,0.85,0.15 1.69377
0.15,0.85,0.2 5.95324
0.15,0.85,0.25 14.6182
0.15,0.85,0.3 5.94122
0.15,0.85,0.35 0.0252666
0.2,0,0.1 1.21643e-14
0.2,0,0.15 3.22306e-12
0.2,0,0.2 7.76518e-12
0.2,0,0.25 1.15536e-12
0.2,0.05,0 2.59192e-12
0.2,0.05,0.05 0.0526829
0.2,0.05,0.1 0.335276
0.2,0.05,0.15 41.5357
0.2,0.05,0.2 107.864
0.2,0.05,0.25 101.29
0.2,0.05,0.3 67.9224
0.2,0.05,0.35 1.8717
0.2,0.1,0 1.75541e-09
0.2,0.1,0.05 35.6806
0.2,0.1,0.1 145.038
0.2,0.1,0.15 222.378
0.2,0.1,0.2 517.892
0.2,0.1,0.25 571.785
0.2,0.1,0.3 384.195
0.2,0.1,0.35 11.3249
0.2,0.1,0.4 0.00324149
0.2,0.15,0 4.92556e-09
0.2,0.15,0.05 105.563
0.2,0.15,0.1 435.442
0.2,0.15,0.15 263.142
0.2,0.15,0.2 525.127
0.2,0.15,0.25 423.101
0.2,0.15,0.3 346.092
0.2,0.15,0.35 104.086
0.2,0.15,0.4 0.892468
0.2,0.2,0 2.02103e-09
0.2,0.2,0.05 101.199
0.2,0.2,0.1 411.333
0.2,0.2,0.15 341.903
0.2,0.2,0.2 735.811
0.2,0.2,0.25 404.415
0.2,0.2,0.3 753.118
0.2,0.2,0.35 370.637
0.2,0.2,0.4 4.79526
0.2,0.25,0 7.042e-10
0.2,0.25,0.05 146.539
0.2,0.25,0.1 588.177
0.2,0.25,0.15 344.707
0.2,0.25,0.2 595.344
0.2,0.25,0.25 486.18
0.2,0.25,0.3 519.226
0.2,0.25,0.35 207.176
0.2,0.25,0.4 4.48996
0.2,0.3,0 3.45229e-11
0.2,0.3,0.05 157.64
0.2,0.3,0.1 632.061
0.2,0.3,0.15 270.784
0.2,0.3,0.2 293.044
0.2,0.3,0.25 131.204
0.2,0.3,0.3 63.0634
0.2,0.3,0.35 16.5465
0.2,0.3,0.4 0.463133
0.2,0.35,0 4.7114e-10
0.2,0.35,0.05 66.125
0.2,0.35,0.1 264.945
0.2,0.35,0.15 71.5162
0.2,0.35,0.2 12.7249
0.2,0.35,0.25 2.76297
0.2,0.35,0.3 0.13624
0.2,0.35,0.35 0.093127
0.2,0.35,0.4 0.00180728
0.2,0.4,0 7.62088e-10
0.2,0.4,0.05 37.5452
0.2,0.4,0.1 188.761
0.2,0.4,0.15 210.578
0.2,0.4,0.2 56.3546
0.2,0.4,0.25 1.88581
0.2,0.4,0.3 0.0979319
0.2,0.45,0 3.07017e-10
0.2,0.45,0.05 43.2172
0.2,0.45,0.1 293.159
0.2,0.45,0.15 721.426
0.2,0.45,0.2 400.425
0.2,0.45,0.25 172.331
0.2,0.45,0.3 69.5154
0.2,0.45,0.35 69.3987
0.2,0.45,0.4 25.4845
0.2,0.45,0.45 1.96931
0.2,0.5,0 7.44828e-10
0.2,0.5,0.05 90.9442
0.2,0.5,0.1 402.177
0.2,0.5,0.15 486.317
0.2,0.5,0.2 663.286
0.2,0.5,0.25 692.718
0.2,0.5,0.3 557.642
0.2,0.5,0.35 596.178
0.2,0.5,0.4 402.915
0.2,0.5,0.45 41.3205
0.2,0.55,0 2.11009e-10
0.2,0.55,0.05 36.6513
0.2,0.55,0.1 206.695
0.2,0.55,0.15 233.139
0.2,0.55,0.2 349.703
0.2,0.55,0.25 605.27
0.2,0.55,0.3 729.578
0.2,0.55,0.35 679.01
0.2,0.55,0.4 520.622
0.2,0.55,0.45 52.7284
0.2,0.6,0 1.82424e-09
0.2,0.6,0.05 42.2519
0.2,0.6,0.1 341.457
0.2,0.6,0.15 284.736
0.2,0.6,0.2 282.387
0.2,0.6,0.25 468.722
0.2,0.6,0.3 414.628
0.2,0.6,0.35 313.352
0.2,0.6,0.4 140.344
0.2,0.6,0.45 6.13689
0.2,0.65,0 9.69203e-09
0.2,0.65,0.05 123.095
0.2,0.65,0.1 642.709
0.2,0.65,0.15 567.212
0.2,0.65,0.2 545.805
0.2,0.65,0.25 313.585
0.2,0.65,0.3 451.195
0.2,0.65,0.35 108.074
0.2,0.65,0.4 17.0194
0.2,0.65,0.45 0.284772
0.2,0.7,0 3.32519e-09
0.2,0.7,0.05 47.9554
0.2,0.7,0.1 348.107
0.2,0.7,0.15 758.201
0.2,0.7,0.2 579.531
0.2,0.7,0.25 533.195
0.2,0.7,0.3 678.257
0.2,0.7,0.35 106.267
0.2,0.7,0.4 0.832781
0.2,0.7,0.45 0.00426774
0.2,0.75,0 8.466e-11
0.2,0.75,0.05 25.1292
0.2,0.75,0.1 331.397
0.2,0.75,0.15 718.815
0.2,0.75,0.2 692.365
0.2,0.75,0.25 559.807
0.2,0.75,0.3 167.665
0.2,0.75,0.35 8.98707
0.2,0.8,0 2.3051e-11
0.2,0.8,0.05 8.93532
0.2,0.8,0.1 142.712
0.2,0.8,0.15 420.318
0.2,0.8,0.2 511.205
0.2,0.8,0.25 479.24
0.2,0.8,0.3 167.092
0.2,0.8,0.35 0.70091
0.2,0.85,0 2.45891e-14
0.2,0.85,0.05 0.019997
0.2,0.85,0.1 1.37048
0.2,0.85,0.15 13.8889
0.2,0.85,0.2 25.0681
0.2,0.85,0.25 54.496
0.2,0.85,0.3 22.7133
0.2,0.85,0.35 0.0965968
0.25,0,0.1 4.4342e-13
0.25,0,0.15 1.88157e-11
0.25,0,0.2 3.02295e-11
0.25,0,0.25 9.49296e-11
0.25,0,0.3 8.83967e-11
0.25,0,0.35 3.50098e-12
0.25,0.05,0 1.08787e-12
0.25,0.05,0.05 0.0221119
0.25,0.05,0.1 0.824246
0.25,0.05,0.15 40.4371
0.25,0.05,0.2 73.0195
0.25,0.05,0.25 54.9294
0.25,0.05,0.3 40.2393
0.25,0.05,0.35 1.34627
0.25,0.1,0 7.36776e-10
0.25,0.1,0.05 14.9782
0.25,0.1,0.1 79.0948
0.25,0.1,0.15 290.326
0.25,0.1,0.2 556.346
0.25,0.1,0.25 396.729
0.25,0.1,0.3 263.134
0.25,0.1,0.35 10.2567
0.25,0.1,0.4 0.00231767
0.25,0.15,0 2.17013e-09
0.25,0.15,0.05 48.654
0.25,0.15,0.1 307.177
0.25,0.15,0.15 593.599
0.25,0.15,0.2 626.476
0.25,0.15,0.25 298.531
0.25,0.15,0.3 268.777
0.25,0.15,0.35 109.5
0.25,0.15,0.4 10.2289
0.25,0.2,0 1.87484e-09
0.25,0.2,0.05 86.8031
0.25,0.2,0.1 401.141
0.25,0.2,0.15 443.137
0.25,0.2,0.2 429.743
0.25,0.2,0.25 256.342
0.25,0.2,0.3 627.351
0.25,0.2,0.35 423.716
0.25,0.2,0.4 34.8296
0.25,0.25,0 8.86408e-10
