0.1,0.35,0.2 0.00668555
0.1,0.35,0.25 0.465336
0.1,0.35,0.3 0.760831
0.1,0.35,0.35 0.0703003
0.1,0.4,0.2 0.0453854
0.1,0.4,0.25 3.15897
0.1,0.4,0.3 5.16496
0.1,0.4,0.35 0.477239
0.1,0.45,0.2 0.0188671
0.1,0.45,0.25 1.31321
0.1,0.45,0.3 2.14712
0.1,0.45,0.35 0.198393
0.1,0.5,0.2 6.15965e-05
0.1,0.5,0.25 0.00428731
0.1,0.5,0.3 0.00700981
0.1,0.5,0.35 0.000647702
0.15,0.15,0.2 0.0019635
0.15,0.15,0.25 0.168499
0.15,0.15,0.3 0.295441
0.15,0.15,0.35 0.0361061
0.15,0.15,0.4 0.035688
0.15,0.15,0.45 0.0127109
0.15,0.15,0.5 1.55139e-05
0.15,0.2,0.2 0.0749779
0.15,0.2,0.25 6.43428
0.15,0.2,0.3 11.2816
0.15,0.2,0.35 1.18361
0.15,0.2,0.4 0.242592
0.15,0.2,0.45 0.0864032
0.15,0.2,0.5 0.000105457
0.15,0.25,0.15 2.49164e-07
0.15,0.25,0.2 0.135446
0.15,0.25,0.25 11.0958
0.15,0.25,0.3 19.1837
0.15,0.25,0.35 1.92514
0.15,0.25,0.4 0.100968
0.15,0.25,0.45 0.0359614
0.15,0.25,0.5 4.38918e-05
0.15,0.3,0.15 1.79989e-06
0.15,0.3,0.2 0.163973
0.15,0.3,0.25 11.9198
0.15,0.3,0.3 19.7992
0.15,0.3,0.35 1.86833
0.15,0.3,0.4 0.000331707
0.15,0.3,0.45 0.000118143
0.15,0.3,0.5 1.44196e-07
0.15,0.35,0.15 7.90722e-07
0.15,0.35,0.2 0.317252
0.15,0.35,0.25 22.18
0.15,0.35,0.3 36.3266
0.15,0.35,0.35 3.36426
0.15,0.4,0.15 3.39963e-09
0.15,0.4,0.2 1.88283
0.15,0.4,0.25 131.117
0.15,0.4,0.3 214.431
0.15,0.4,0.35 19.8222
0.15,0.4,0.4 0.000473455
0.15,0.4,0.45 7.34535e-06
0.15,0.45,0.15 0.0186868
0.15,0.45,0.2 1.62067
0.15,0.45,0.25 57.3526
0.15,0.45,0.3 95.484
0.15,0.45,0.35 26.3794
0.15,0.45,0.4 9.4105
0.15,0.45,0.45 0.136914
0.15,0.5,0.15 0.393327
0.15,0.5,0.2 17.4405
0.15,0.5,0.25 35.8317
0.15,0.5,0.3 51
0.15,0.5,0.35 80.7647
0.15,0.5,0.4 35.2857
0.15,0.5,0.45 0.515243
0.15,0.5,0.5 0.00205497
0.15,0.55,0.15 0.374074
0.15,0.55,0.2 16.5911
0.15,0.55,0.25 46.7334
0.15,0.55,0.3 81.409
0.15,0.55,0.35 35.6101
0.15,0.55,0.4 8.77754
0.15,0.55,0.45 0.420714
0.15,0.55,0.5 0.0227399
0.15,0.6,0.15 0.0148331
0.15,0.6,0.2 0.660466
0.15,0.6,0.25 4.25944
0.15,0.6,0.3 10.5807
0.15,0.6,0.35 2.09446
0.15,0.6,0.4 0.145775
0.15,0.6,0.45 0.194346
0.15,0.6,0.5 0.014143
0.15,0.65,0.35 4.79266e-05
0.15,0.65,0.4 0.00212807
0.15,0.65,0.45 0.00292828
0.15,0.65,0.5 0.000213098
0.2,0.05,0.3 0.00186569
0.2,0.05,0.35 0.00747844
0.2,0.05,0.4 0.00187354
0.2,0.05,0.45 6.39835e-13
0.2,0.1,0.15 2.30175e-09
0.2,0.1,0.2 0.018036
0.2,0.1,0.25 0.0710571
0.2,0.1,0.3 0.791467
0.2,0.1,0.35 3.10239
0.2,0.1,0.4 0.777226
0.2,0.1,0.45 2.65432e-10
0.2,0.15,0.15 2.18047e-08
0.2,0.15,0.2 0.202894
0.2,0.15,0.25 3.42235
0.2,0.15,0.3 6.95165
0.2,0.15,0.35 12.0157
0.2,0.15,0.4 22.9235
0.2,0.15,0.45 7.46159
0.2,0.15,0.5 0.00910707
0.2,0.2,0.15 0.277813
0.2,0.2,0.2 4.36402
0.2,0.2,0.25 107.235
0.2,0.2,0.3 184.507
0.2,0.2,0.35 44.7013
0.2,0.2,0.4 142.991
0.2,0.2,0.45 50.9405
0.2,0.2,0.5 0.0684986
0.2,0.25,0.15 4.57483
0.2,0.25,0.2 58.3203
0.2,0.25,0.25 223.564
0.2,0.25,0.3 319.07
0.2,0.25,0.35 52.9539
0.2,0.25,0.4 100.187
0.2,0.25,0.45 52.2429
0.2,0.25,0.5 2.57731
0.2,0.25,0.55 1.31689
0.2,0.25,0.6 0.0358271
0.2,0.3,0.1 6.54447e-07
0.2,0.3,0.15 3.96723
0.2,0.3,0.2 89.1463
0.2,0.3,0.25 310.186
0.2,0.3,0.3 342.417
0.2,0.3,0.35 60.4796
0.2,0.3,0.4 90.3652
0.2,0.3,0.45 69.3022
0.2,0.3,0.5 12.1794
0.2,0.3,0.55 5.68789
0.2,0.3,0.6 0.151752
0.2,0.35,0.1 0.000286809
0.2,0.35,0.15 3.2443
0.2,0.35,0.2 32.8578
0.2,0.35,0.25 117.038
0.2,0.35,0.3 125.623
0.2,0.35,0.35 16.1752
0.2,0.35,0.4 13.443
0.2,0.35,0.45 20.9371
0.2,0.35,0.5 12.7634
0.2,0.35,0.55 1.82779
0.2,0.35,0.6 0.0401718
0.2,0.4,0.1 0.0130229
0.2,0.4,0.15 9.39275
0.2,0.4,0.2 32.8199
0.2,0.4,0.25 187.614
0.2,0.4,0.3 299.242
0.2,0.4,0.35 28.7536
0.2,0.4,0.4 0.313555
0.2,0.4,0.45 2.49929
0.2,0.4,0.5 2.12717
0.2,0.4,0.55 0.0698762
0.2,0.4,0.6 2.63624e-07
0.2,0.45,0.1 0.0944057
0.2,0.45,0.15 14.0257
0.2,0.45,0.2 39.0838
0.2,0.45,0.25 181.881
0.2,0.45,0.3 360.783
0.2,0.45,0.35 234.867
0.2,0.45,0.4 90.2668
0.2,0.45,0.45 13.6787
0.2,0.45,0.5 0.794318
0.2,0.45,0.55 0.0120338
0.2,0.5,0.1 0.0515706
0.2,0.5,0.15 9.82644
0.2,0.5,0.2 180.799
0.2,0.5,0.25 402.872
0.2,0.5,0.3 567.777
0.2,0.5,0.35 814.475
0.2,0.5,0.4 341.529
0.2,0.5,0.45 67.5597
0.2,0.5,0.5 4.80534
0.2,0.5,0.55 1.09498
0.2,0.5,0.6 0.134616
0.2,0.55,0.1 0.0178725
0.2,0.55,0.15 3.95933
0.2,0.55,0.2 163.963
0.2,0.55,0.25 456.976
0.2,0.55,0.3 579.029
0.2,0.55,0.35 302.783
0.2,0.55,0.4 220.173
0.2,0.55,0.45 187.999
0.2,0.55,0.5 15.1113
0.2,0.55,0.55 6.02818
0.2,0.55,0.6 0.835218
0.2,0.6,0.1 0.0027009
0.2,0.6,0.15 0.189207
0.2,0.6,0.2 7.17752
0.2,0.6,0.25 44.2488
0.2,0.6,0.3 72.9209
0.2,0.6,0.35 13.4233
0.2,0.6,0.4 63.6618
0.2,0.6,0.45 84.3756
0.2,0.6,0.5 6.86626
0.2,0.6,0.55 2.27655
0.2,0.6,0.6 0.319877
0.2,0.65,0.25 0.649889
0.2,0.65,0.3 3.48541
0.2,0.65,0.35 6.74954
0.2,0.65,0.4 4.43073
0.2,0.65,0.45 1.15278
0.2,0.65,0.5 0.0835176
0.2,0.65,0.55 0.00462287
0.2,0.65,0.6 0.000649964
0.2,0.7,0.25 4.39182
0.2,0.7,0.3 22.5411
0.2,0.7,0.35 34.413
0.2,0.7,0.4 17.783
0.2,0.7,0.45 0.400909
0.2,0.7,0.5 0.0304792
0.2,0.75,0.25 1.81828
0.2,0.75,0.3 9.04438
0.2,0.75,0.35 11.0972
0.2,0.75,0.4 5.4319
0.2,0.75,0.45 0.179353
0.2,0.75,0.5 0.0217501
0.2,0.8,0.25 0.00580925
0.2,0.8,0.3 0.0265279
0.2,0.8,0.35 0.00954692
0.2,0.8,0.4 0.00190516
0.2,0.8,0.45 0.00217249
0.2,0.8,0.5 0.0004689
0.25,0.05,0.3 0.0620176
0.25,0.05,0.35 0.248592
0.25,0.05,0.4 0.0622785
0.25,0.05,0.45 2.12688e-11
0.25,0.1,0.15 5.36677e-07
0.25,0.1,0.2 4.20528
0.25,0.1,0.25 16.5677
0.25,0.1,0.3 29.8072
0.25,0.1,0.35 103.127
0.25,0.1,0.4 25.8358
0.25,0.1,0.45 8.82324e-09
0.25,0.15,0.1 9.98329e-14
0.25,0.15,0.15 5.08401e-06
0.25,0.15,0.2 39.8633
0.25,0.15,0.25 159.236
0.25,0.15,0.3 108.143
0.25,0.15,0.35 272.407
0.25,0.15,0.4 123.215
0.25,0.15,0.45 20.4938
0.25,0.15,0.5 0.024824
0.25,0.2,0.1 6.76602e-13
0.25,0.2,0.15 1.57493
0.25,0.2,0.2 40.2362
0.25,0.2,0.25 188.799
0.25,0.2,0.3 211.022
0.25,0.2,0.35 137.057
0.25,0.2,0.4 412.053
0.25,0.2,0.45 142.848
0.25,0.2,0.5 0.199065
0.25,0.25,0.1 2.80851e-13
0.25,0.25,0.15 25.8665
0.25,0.25,0.2 308.176
0.25,0.25,0.25 386.412
0.25,0.25,0.3 413.328
0.25,0.25,0.35 290.557
0.25,0.25,0.4 472.632
0.25,0.25,0.45 220.948
0.25,0.25,0.5 55.9231
0.25,0.25,0.55 41.0687
0.25,0.25,0.6 1.11732
0.25,0.3,0.05 1.63853e-09
0.25,0.3,0.1 1.65544e-05
0.25,0.3,0.15 22.1091
0.25,0.3,0.2 406.532
0.25,0.3,0.25 674.073
0.25,0.3,0.3 581.32
0.25,0.3,0.35 513.552
0.25,0.3,0.4 718.083
0.25,0.3,0.45 456.509
0.25,0.3,0.5 293.026
0.25,0.3,0.55 176.088
0.25,0.3,0.6 4.73262
0.25,0.35,0.05 3.32566e-05
0.25,0.35,0.1 0.171599
0.25,0.35,0.15 41.1371
0.25,0.35,0.2 228.892
0.25,0.35,0.25 243.725
0.25,0.35,0.3 141.159
0.25,0.35,0.35 85.1686
0.25,0.35,0.4 131.229
0.25,0.35,0.45 300.66
0.25,0.35,0.5 266.633
0.25,0.35,0.55 52.8886
0.25,0.35,0.6 1.25293
0.25,0.4,0.05 0.000118697
0.25,0.4,0.1 0.759312
0.25,0.4,0.15 121.862
0.25,0.4,0.2 421.562
0.25,0.4,0.25 152.57
0.25,0.4,0.3 47.6454
0.25,0.4,0.35 7.6974
0.25,0.4,0.4 3.93464
0.25,0.4,0.45 48.578
0.25,0.4,0.5 42.6826
0.25,0.4,0.55 1.98393
0.25,0.4,0.6 0.00282104
0.25,0.45,0.05 2.64703e-05
0.25,0.45,0.1 1.40716
0.25,0.45,0.15 181.745
0.25,0.45,0.2 467.435
0.25,0.45,0.25 407.25
0.25,0.45,0.3 565.938
0.25,0.45,0.35 360.514
0.25,0.45,0.4 200.935
0.25,0.45,0.45 139.595
0.25,0.45,0.5 28.359
0.25,0.45,0.55 4.2229
0.25,0.45,0.6 0.0030458
0.25,0.5,0.1 4.03406
0.25,0.5,0.15 193.492
0.25,0.5,0.2 426.622
0.25,0.5,0.25 543.52
0.25,0.5,0.3 854.503
0.25,0.5,0.35 841.516
0.25,0.5,0.4 616.291
0.25,0.5,0.45 561.293
0.25,0.5,0.5 280.937
0.25,0.5,0.55 79.2141
0.25,0.5,0.6 5.39236
0.25,0.55,0.05 0.00209287
0.25,0.55,0.1 7.32273
0.25,0.55,0.15 155.702
0.25,0.55,0.2 265.072
0.25,0.55,0.25 483.606
0.25,0.55,0.3 507.667
0.25,0.55,0.35 230.59
0.25,0.55,0.4 584.956
0.25,0.55,0.45 729.793
0.25,0.55,0.5 302.628
0.25,0.55,0.55 264.166
0.25,0.55,0.6 33.4556
0.25,0.6,0.05 0.0289009
0.25,0.6,0.1 2.48972
0.25,0.6,0.15 21.3306
0.25,0.6,0.2 22.5352
0.25,0.6,0.25 68.4298
0.25,0.6,0.3 154.079
0.25,0.6,0.35 60.5655
0.25,0.6,0.4 186.914
0.25,0.6,0.45 238.826
0.25,0.6,0.5 58.4067
0.25,0.6,0.55 91.567
0.25,0.6,0.6 12.8131
0.25,0.65,0.05 0.0210743
0.25,0.65,0.1 1.02106
0.25,0.65,0.15 4.41417
0.25,0.65,0.2 29.4106
0.25,0.65,0.25 37.3964
0.25,0.65,0.3 171.294
0.25,0.65,0.35 186.75
0.25,0.65,0.4 75.4326
0.25,0.65,0.45 16.9263
0.25,0.65,0.5 2.23148
0.25,0.65,0.55 0.185178
0.25,0.65,0.6 0.026035
0.25,0.7,0.05 0.000478439
0.25,0.7,0.1 0.0231805
0.25,0.7,0.15 7.08247
0.25,0.7,0.2 69.837
0.25,0.7,0.25 111.661
0.25,0.7,0.3 381.241
0.25,0.7,0.35 458.927
0.25,0.7,0.4 265.835
0.25,0.7,0.45 129.062
0.25,0.7,0.5 26.1492
0.25,0.7,0.55 8.38988e-09
0.25,0.7,0.6 1.57608e-11
0.25,0.75,0.15 1.02783
0.25,0.75,0.2 10.1821
0.25,0.75,0.25 34.8011
0.25,0.75,0.3 140.557
0.25,0.75,0.35 134.723
0.25,0.75,0.4 86.2785
0.25,0.75,0.45 86.9948
0.25,0.75,0.5 18.6602
0.25,0.8,0.25 0.0926945
0.25,0.8,0.3 0.423808
0.25,0.8,0.35 0.143545
0.25,0.8,0.4 0.544299
0.25,0.8,0.45 1.84783
0.25,0.8,0.5 0.402287
0.3,0.05,0.3 0.0749605
0.3,0.05,0.35 0.300472
0.3,0.05,0.4 0.0752758
0.3,0.05,0.45 2.57076e-11
0.3,0.1,0.15 1.22225e-06
0.3,0.1,0.2 9.58038
0.3,0.1,0.25 37.7504
0.3,0.1,0.3 40.4343
0.3,0.1,0.35 124.738
0.3,0.1,0.4 31.2463
0.3,0.1,0.45 0.70626
0.3,0.1,0.5 1.32757
0.3,0.1,0.55 0.14655
0.3,0.15,0.1 0.75703
0.3,0.15,0.15 11.801
0.3,0.15,0.2 100.174
0.3,0.15,0.25 358.939
0.3,0.15,0.3 173.586
0.3,0.15,0.35 333.734
0.3,0.15,0.4 115.218
0.3,0.15,0.45 21.8432
0.3,0.15,0.5 20.1731
0.3,0.15,0.55 2.22575
0.3,0.2,0.05 0.000411125
0.3,0.2,0.1 5.36218
0.3,0.2,0.15 85.0822
0.3,0.2,0.2 123.82
0.3,0.2,0.25 248.041
0.3,0.2,0.3 308.79
0.3,0.2,0.35 286.377
0.3,0.2,0.4 393.061
0.3,0.2,0.45 125.899
0.3,0.2,0.5 16.1978
0.3,0.2,0.55 1.81281
0.3,0.25,0.05 0.375977
0.3,0.25,0.1 14.1592
0.3,0.25,0.15 92.671
0.3,0.25,0.2 169.429
0.3,0.25,0.25 167.222
0.3,0.25,0.3 525.329
0.3,0.25,0.35 524.374
0.3,0.25,0.4 482.405
0.3,0.25,0.45 151.286
0.3,0.25,0.5 101.286
0.3,0.25,0.55 55.9796
0.3,0.25,0.6 1.30959
0.3,0.3,0.05 1.07039
0.3,0.3,0.1 29.7907
0.3,0.3,0.15 60.4312
0.3,0.3,0.2 153.741
0.3,0.3,0.25 199.341
0.3,0.3,0.3 580.94
0.3,0.3,0.35 729.891
0.3,0.3,0.4 575.956
0.3,0.3,0.45 280.479
0.3,0.3,0.5 389.518
0.3,0.3,0.55 219.92
0.3,0.3,0.6 5.547
0.3,0.35,0.05 0.19987
0.3,0.35,0.1 22.5101
0.3,0.35,0.15 112.114
0.3,0.35,0.2 343.101
0.3,0.35,0.25 207.005
0.3,0.35,0.3 250.554
0.3,0.35,0.35 218
0.3,0.35,0.4 129.827
0.3,0.35,0.45 259.017
0.3,0.35,0.5 269.12
0.3,0.35,0.55 63.8918
0.3,0.35,0.6 1.47851
0.3,0.4,0 3.3355e-08
0.3,0.4,0.05 0.118987
0.3,0.4,0.1 62.3203
0.3,0.4,0.15 313.399
0.3,0.4,0.2 601.52
0.3,0.4,0.25 298.559
0.3,0.4,0.3 30.0319
0.3,0.4,0.35 11.0556
0.3,0.4,0.4 10.0156
0.3,0.4,0.45 68.305
0.3,0.4,0.5 174.076
0.3,0.4,0.55 61.3901
0.3,0.4,0.6 0.269473
0.3,0.45,0 1.22154e-06
0.3,0.45,0.05 3.32849
0.3,0.45,0.1 29.207
0.3,0.45,0.15 248.475
0.3,0.45,0.2 609.365
0.3,0.45,0.25 516.577
0.3,0.45,0.3 282.041
0.3,0.45,0.35 155.123
0.3,0.45,0.4 399.904
0.3,0.45,0.45 283.955
0.3,0.45,0.5 213.309
0.3,0.45,0.55 74.5815
0.3,0.45,0.6 0.291783
0.3,0.5,0 1.54468e-06
0.3,0.5,0.05 4.20452
0.3,0.5,0.1 26.891
0.3,0.5,0.15 401.563
0.3,0.5,0.2 672.095
0.3,0.5,0.25 504.77
0.3,0.5,0.3 398.473
0.3,0.5,0.35 318.263
0.3,0.5,0.4 864.902
0.3,0.5,0.45 769.532
0.3,0.5,0.5 649.532
0.3,0.5,0.55 152.868
0.3,0.5,0.6 7.11264
0.3,0.55,0 9.91006e-08
0.3,0.55,0.05 0.431144
0.3,0.55,0.1 27.3997
0.3,0.55,0.15 404.991
0.3,0.55,0.2 463.021
0.3,0.55,0.25 312.219
0.3,0.55,0.3 255.229
0.3,0.55,0.35 223.508
0.3,0.55,0.4 527.411
0.3,0.55,0.45 456.95
0.3,0.55,0.5 559.694
0.3,0.55,0.55 382.249
0.3,0.55,0.6 44.0507
0.3,0.6,0.05 2.18866
0.3,0.6,0.1 108.847
0.3,0.6,0.15 200.736
0.3,0.6,0.2 59.3227
0.3,0.6,0.25 82.0127
0.3,0.6,0.3 546.006
0.3,0.6,0.35 374.79
0.3,0.6,0.4 318.942
0.3,0.6,0.45 133.67
0.3,0.6,0.5 195.49
0.3,0.6,0.55 165.126
0.3,0.6,0.6 16.9377
0.3,0.65,0.05 1.60926
0.3,0.65,0.1 81.2115
0.3,0.65,0.15 136.541
0.3,0.65,0.2 178.349
0.3,0.65,0.25 165.131
0.3,0.65,0.3 699.58
0.3,0.65,0.35 671.128
0.3,0.65,0.4 315.293
0.3,0.65,0.45 108.32
0.3,0.65,0.5 128.648
0.3,0.65,0.55 30.7992
0.3,0.65,0.6 0.0620022
0.3,0.7,0.05 0.0624423
0.3,0.7,0.1 9.26751
0.3,0.7,0.15 57.4272
0.3,0.7,0.2 371.796
0.3,0.7,0.25 280.892
0.3,0.7,0.3 512.806
0.3,0.7,0.35 634.149
0.3,0.7,0.4 545.429
0.3,0.7,0.45 403.197
0.3,0.7,0.5 87.0622
0.3,0.7,0.55 2.50009
0.3,0.7,0.6 6.26905e-05
0.3,0.75,0.05 0.00298236
0.3,0.75,0.1 0.854571
0.3,0.75,0.15 7.2716
0.3,0.75,0.2 52.271
0.3,0.75,0.25 57.8589
0.3,0.75,0.3 197.858
0.3,0.75,0.35 173.424
0.3,0.75,0.4 142.197
0.3,0.75,0.45 251.567
0.3,0.75,0.5 52.7172
0.3,0.8,0.25 0.497321
0.3,0.8,0.3 7.73868
0.3,0.8,0.35 6.71023
0.3,0.8,0.4 3.66798
0.3,0.8,0.45 6.02922
0.3,0.8,0.5 1.13877
0.35,0.05,0.3 0.00448346
0.35,0.05,0.35 0.0179715
0.35,0.05,0.4 0.00450232
0.35,0.05,0.45 1.53759e-12
0.35,0.1,0.15 1.693e-07
0.35,0.1,0.2 1.85504
0.35,0.1,0.25 8.39501
0.35,0.1,0.3 17.9552
0.35,0.1,0.35 38.1758
0.35,0.1,0.4 6.77409
0.35,0.1,0.45 9.22177
0.35,0.1,0.5 16.9485
0.35,0.1,0.55 1.87057
0.35,0.15,0.1 3.02766
0.35,0.15,0.15 47.1968
0.35,0.15,0.2 69.2538
0.35,0.15,0.25 165.87
0.35,0.15,0.3 154.051
0.35,0.15,0.35 231.834
0.35,0.15,0.4 65.7786
0.35,0.15,0.45 145.187
0.35,0.15,0.5 257.739
0.35,0.15,0.55 28.4102
0.35,0.2,0.05 0.0113632
0.35,0.2,0.1 22.3126
0.35,0.2,0.15 352.686
0.35,0.2,0.2 319.584
0.35,0.2,0.25 250.416
0.35,0.2,0.3 508.285
0.35,0.2,0.35 741.235
0.35,0.2,0.4 413.867
0.35,0.2,0.45 191.617
0.35,0.2,0.5 204.652
0.35,0.2,0.55 22.5353
0.35,0.25,0.05 3.55518
0.35,0.25,0.1 116.09
0.35,0.25,0.15 515.898
0.35,0.25,0.2 397.209
0.35,0.25,0.25 230.726
0.35,0.25,0.3 496.082
0.35,0.25,0.35 522.687
0.35,0.25,0.4 316.924
0.35,0.25,0.45 301.384
0.35,0.25,0.5 295.619
0.35,0.25,0.55 45.9835
0.35,0.25,0.6 0.0745846
0.35,0.3,0.05 9.77611
0.35,0.3,0.1 268.458
0.35,0.3,0.15 430.89
0.35,0.3,0.2 208.549
0.35,0.3,0.25 187.687
0.35,0.3,0.3 395.07
0.35,0.3,0.35 435.074
0.35,0.3,0.4 330.269
0.35,0.3,0.45 453.186
0.35,0.3,0.5 537.115
0.35,0.3,0.55 89.0339
0.35,0.3,0.6 0.315917
0.35,0.35,0.05 2.9037
0.35,0.35,0.1 126.076
0.35,0.35,0.15 256.655
0.35,0.35,0.2 402.302
