0,0.65,0.15 4.75542e-12
0,0.65,0.2 3.85748e-11
0,0.65,0.25 1.87288e-11
0,0.65,0.3 1.23972e-13
0,0.7,0.15 5.98046e-11
0,0.7,0.2 4.8512e-10
0,0.7,0.25 2.35535e-10
0,0.7,0.3 1.55908e-12
0,0.75,0.15 4.08458e-11
0,0.75,0.2 3.31331e-10
0,0.75,0.25 1.60867e-10
0,0.75,0.3 1.06483e-12
0,0.8,0.15 7.90016e-13
0,0.8,0.2 6.40841e-12
0,0.8,0.25 3.1114e-12
0,0.8,0.3 2.05953e-14
0.05,0.1,0.05 0.198655
0.05,0.1,0.1 8.66075
0.05,0.1,0.15 11.8265
0.05,0.1,0.2 0.853081
0.05,0.1,0.25 0.000284383
0.05,0.15,0 1.83915e-16
0.05,0.15,0.05 1.0927
0.05,0.15,0.1 47.6373
0.05,0.15,0.15 67.2311
0.05,0.15,0.2 9.48219
0.05,0.15,0.25 0.635281
0.05,0.15,0.3 0.0464861
0.05,0.15,0.35 0.0916077
0.05,0.15,0.4 0.0113889
0.05,0.2,0 6.19752e-15
0.05,0.2,0.05 0.405364
0.05,0.2,0.1 16.4469
0.05,0.2,0.15 29.1926
0.05,0.2,0.2 17.2421
0.05,0.2,0.25 14.9842
0.05,0.2,0.3 16.2498
0.05,0.2,0.35 6.47206
0.05,0.2,0.4 0.728283
0.05,0.25,0 5.6899e-14
0.05,0.25,0.05 0.366926
0.05,0.25,0.1 1.49025
0.05,0.25,0.15 2.81589
0.05,0.25,0.2 7.41361
0.05,0.25,0.25 44.2182
0.05,0.25,0.3 49.3929
0.05,0.25,0.35 11.3604
0.05,0.25,0.4 1.15547
0.05,0.3,0 3.84023e-14
0.05,0.3,0.05 0.250637
0.05,0.3,0.1 1.00545
0.05,0.3,0.15 1.40161
0.05,0.3,0.2 3.2432
0.05,0.3,0.25 9.50318
0.05,0.3,0.3 9.77707
0.05,0.3,0.35 1.25789
0.05,0.3,0.4 0.102575
0.05,0.35,0 2.9298e-10
0.05,0.35,0.05 1.34787
0.05,0.35,0.1 5.38194
0.05,0.35,0.15 1.39819
0.05,0.35,0.2 0.137709
0.05,0.35,0.25 0.0211347
0.05,0.4,0 1.17859e-09
0.05,0.4,0.05 5.4024
0.05,0.4,0.1 21.573
0.05,0.4,0.15 5.48251
0.05,0.4,0.2 0.242615
0.05,0.4,0.25 0.0519378
0.05,0.4,0.3 5.14326e-07
0.05,0.45,0 2.96394e-10
0.05,0.45,0.05 1.40132
0.05,0.45,0.1 5.64012
0.05,0.45,0.15 15.8388
0.05,0.45,0.2 57.3165
0.05,0.45,0.25 14.8335
0.05,0.45,0.3 0.00975425
0.05,0.45,0.35 0.000601408
0.05,0.45,0.4 0.000180703
0.05,0.45,0.45 4.82074e-06
0.05,0.5,0 1.42835e-12
0.05,0.5,0.05 0.876939
0.05,0.5,0.1 3.54645
0.05,0.5,0.15 34.8142
0.05,0.5,0.2 139.651
0.05,0.5,0.25 40.254
0.05,0.5,0.3 2.92871
0.05,0.5,0.35 0.0838979
0.05,0.5,0.4 0.00237734
0.05,0.5,0.45 6.33489e-05
0.05,0.55,0 1.33311e-12
0.05,0.55,0.05 0.818467
0.05,0.55,0.1 3.27411
0.05,0.55,0.15 6.22956
0.05,0.55,0.2 30.842
0.05,0.55,0.25 73.5228
0.05,0.55,0.3 40.9436
0.05,0.55,0.35 0.754097
0.05,0.55,0.4 0.00232168
0.05,0.55,0.45 4.46312e-05
0.05,0.6,0 5.10195e-14
0.05,0.6,0.05 0.0313236
0.05,0.6,0.1 0.12525
0.05,0.6,0.15 0.538896
0.05,0.6,0.2 12.1508
0.05,0.6,0.25 73.8866
0.05,0.6,0.3 45.8517
0.05,0.6,0.35 4.86986
0.05,0.6,0.4 0.301281
0.05,0.6,0.45 9.32659e-07
0.05,0.65,0.15 0.846309
0.05,0.65,0.2 7.33388
0.05,0.65,0.25 7.40594
0.05,0.65,0.3 12.1982
0.05,0.65,0.35 13.8445
0.05,0.65,0.4 1.02607
0.05,0.7,0.15 10.1134
0.05,0.7,0.2 82.0376
0.05,0.7,0.25 39.8764
0.05,0.7,0.3 2.36979
0.05,0.7,0.35 2.94417
0.05,0.7,0.4 0.2192
0.05,0.75,0.15 6.90735
0.05,0.75,0.2 56.0307
0.05,0.75,0.25 27.2039
0.05,0.75,0.3 0.180071
0.05,0.8,0.15 0.133598
0.05,0.8,0.2 1.08371
0.05,0.8,0.25 0.526161
0.05,0.8,0.3 0.00348283
0.1,0,0.1 2.01027e-19
0.1,0,0.15 6.84176e-17
0.1,0,0.2 1.67834e-16
0.1,0,0.25 2.52659e-17
0.1,0.05,0.1 2.64753e-06
0.1,0.05,0.15 0.000901064
0.1,0.05,0.2 0.260034
0.1,0.05,0.25 1.88349
0.1,0.05,0.3 0.835378
0.1,0.05,0.35 0.00375844
0.1,0.1,0.05 1.02289
0.1,0.1,0.1 44.595
0.1,0.1,0.15 60.929
0.1,0.1,0.2 5.79535
0.1,0.1,0.25 7.92846
0.1,0.1,0.3 3.46833
0.1,0.1,0.35 0.0386978
0.1,0.1,0.4 5.36345e-07
0.1,0.15,0 1.61724e-12
0.1,0.15,0.05 8.41602
0.1,0.15,0.1 256.611
0.1,0.15,0.15 381.393
0.1,0.15,0.2 124.175
0.1,0.15,0.25 20.196
0.1,0.15,0.3 7.48772
0.1,0.15,0.35 3.78321
0.1,0.15,0.4 0.289467
0.1,0.2,0 1.6235e-11
0.1,0.2,0.05 32.3817
0.1,0.2,0.1 206.377
0.1,0.2,0.15 288.17
0.1,0.2,0.2 329.85
0.1,0.2,0.25 134.749
0.1,0.2,0.3 169.142
0.1,0.2,0.35 155.035
0.1,0.2,0.4 18.5084
0.1,0.25,0 1.52925e-11
0.1,0.25,0.05 57.3647
0.1,0.25,0.1 229.799
0.1,0.25,0.15 150.677
0.1,0.25,0.2 236.84
0.1,0.25,0.25 326.731
0.1,0.25,0.3 412.868
0.1,0.25,0.35 249.72
0.1,0.25,0.4 29.3648
0.1,0.3,0 4.52776e-12
0.1,0.3,0.05 29.4396
0.1,0.3,0.1 117.918
0.1,0.3,0.15 96.2029
0.1,0.3,0.2 169.327
0.1,0.3,0.25 87.0236
0.1,0.3,0.3 72.5837
0.1,0.3,0.35 23.7868
0.1,0.3,0.4 2.6068
0.1,0.35,0 4.53774e-09
0.1,0.35,0.05 21.5211
0.1,0.35,0.1 85.9423
0.1,0.35,0.15 24.6429
0.1,0.35,0.2 7.98125
0.1,0.35,0.25 1.22491
0.1,0.4,0 1.82539e-08
0.1,0.4,0.05 83.6724
0.1,0.4,0.1 334.371
0.1,0.4,0.15 89.8267
0.1,0.4,0.2 7.40971
0.1,0.4,0.25 0.625329
0.1,0.4,0.3 0.000146538
0.1,0.45,0 4.60579e-09
0.1,0.45,0.05 24.3028
0.1,0.45,0.1 102.129
0.1,0.45,0.15 214.111
0.1,0.45,0.2 436.658
0.1,0.45,0.25 91.4919
0.1,0.45,0.3 0.894455
0.1,0.45,0.35 5.92138
0.1,0.45,0.4 4.61996
0.1,0.45,0.45 0.12325
0.1,0.5,0 1.25787e-10
0.1,0.5,0.05 49.2653
0.1,0.5,0.1 202.068
0.1,0.5,0.15 358.017
0.1,0.5,0.2 906.111
0.1,0.5,0.25 300.904
0.1,0.5,0.3 88.6809
0.1,0.5,0.35 83.96
0.1,0.5,0.4 61.0827
0.1,0.5,0.45 1.62004
0.1,0.55,0 8.18245e-11
0.1,0.55,0.05 43.0464
0.1,0.55,0.1 173.854
0.1,0.55,0.15 141.91
0.1,0.55,0.2 354.6
0.1,0.55,0.25 552.922
0.1,0.55,0.3 421.494
0.1,0.55,0.35 159.588
0.1,0.55,0.4 50.3875
0.1,0.55,0.45 1.14255
0.1,0.6,0 2.6104e-12
0.1,0.6,0.05 2.19255
0.1,0.6,0.1 13.0649
0.1,0.6,0.15 30.6366
0.1,0.6,0.2 235.314
0.1,0.6,0.25 451.627
0.1,0.6,0.3 432.537
0.1,0.6,0.35 211.708
0.1,0.6,0.4 13.8835
0.1,0.6,0.45 0.0241684
0.1,0.65,0.05 0.515067
0.1,0.65,0.1 11.6397
0.1,0.65,0.15 27.3666
0.1,0.65,0.2 56.6378
0.1,0.65,0.25 52.9789
0.1,0.65,0.3 224.345
0.1,0.65,0.35 274.012
0.1,0.65,0.4 19.7969
0.1,0.7,0.05 0.0673637
0.1,0.7,0.1 19.6692
0.1,0.7,0.15 101.653
0.1,0.7,0.2 369.372
0.1,0.7,0.25 199.002
0.1,0.7,0.3 66.3442
0.1,0.7,0.35 56.867
0.1,0.7,0.4 4.16277
0.1,0.75,0.05 0.0102161
0.1,0.75,0.1 3.92991
0.1,0.75,0.15 43.4768
0.1,0.75,0.2 238.117
0.1,0.75,0.25 121.459
0.1,0.75,0.3 8.33984
0.1,0.75,0.35 0.202574
0.1,0.8,0.1 0.0642968
0.1,0.8,0.15 3.80092
0.1,0.8,0.2 9.29062
0.1,0.8,0.25 2.87806
0.1,0.8,0.3 0.0630381
0.1,0.8,0.35 0.000105075
0.1,0.85,0.1 0.00204986
0.1,0.85,0.15 0.104954
0.1,0.85,0.2 0.239299
0.1,0.85,0.25 0.174186
0.1,0.85,0.3 0.017495
0.1,0.9,0.15 2.87954e-06
0.1,0.9,0.2 0.000291016
0.1,0.9,0.25 0.000536684
0.1,0.9,0.3 5.78602e-05
0.15,0,0.1 2.5992e-15
0.15,0,0.15 8.84613e-13
0.15,0,0.2 2.17003e-12
0.15,0,0.25 3.26679e-13
0.15,0.05,0 3.77742e-13
0.15,0.05,0.05 0.00767793
0.15,0.05,0.1 0.0649096
0.15,0.05,0.15 11.6581
0.15,0.05,0.2 37.5307
0.15,0.05,0.25 69.0997
0.15,0.05,0.3 28.5736
0.15,0.05,0.35 0.126752
0.15,0.1,0 2.55832e-10
0.15,0.1,0.05 5.52828
0.15,0.1,0.1 35.2267
0.15,0.1,0.15 71.872
0.15,0.1,0.2 163.536
0.15,0.1,0.25 293.259
0.15,0.1,0.3 119.381
0.15,0.1,0.35 1.19591
0.15,0.1,0.4 1.55877e-05
0.15,0.15,0 7.0896e-10
0.15,0.15,0.05 25.7805
0.15,0.15,0.1 174.808
0.15,0.15,0.15 203.568
0.15,0.15,0.2 326.566
0.15,0.15,0.25 278.916
0.15,0.15,0.3 199.82
0.15,0.15,0.35 46.8611
0.15,0.15,0.4 0.306549
0.15,0.2,0 2.0535e-10
0.15,0.2,0.05 104.742
0.15,0.2,0.1 444.31
0.15,0.2,0.15 398.085
0.15,0.2,0.2 718.138
0.15,0.2,0.25 364.923
0.15,0.2,0.3 429.724
0.15,0.2,0.35 233.552
0.15,0.2,0.4 19.5427
0.15,0.25,0 6.20458e-11
0.15,0.25,0.05 149.867
0.15,0.25,0.1 599.976
0.15,0.25,0.15 343.589
0.15,0.25,0.2 505.309
0.15,0.25,0.25 451.902
0.15,0.25,0.3 418.98
0.15,0.25,0.35 264.797
0.15,0.25,0.4 31.0035
0.15,0.3,0 1.0722e-11
0.15,0.3,0.05 110.086
0.15,0.3,0.1 440.568
0.15,0.3,0.15 213.604
0.15,0.3,0.2 265.67
0.15,0.3,0.25 124.432
0.15,0.3,0.3 71.0461
0.15,0.3,0.35 23.7607
0.15,0.3,0.4 2.75226
0.15,0.35,0 3.57402e-09
0.15,0.35,0.05 35.8071
0.15,0.35,0.1 143.119
0.15,0.35,0.15 40.6684
0.15,0.35,0.2 12.3031
0.15,0.35,0.25 1.8964
0.15,0.35,0.3 1.0034e-08
0.15,0.4,0 1.43752e-08
0.15,0.4,0.05 65.9325
0.15,0.4,0.1 270.453
0.15,0.4,0.15 109.87
0.15,0.4,0.2 23.74
0.15,0.4,0.25 0.881721
0.15,0.4,0.3 0.0171511
0.15,0.45,0 3.85152e-09
0.15,0.45,0.05 39.1387
0.15,0.45,0.1 202.541
0.15,0.45,0.15 516.363
0.15,0.45,0.2 483.719
0.15,0.45,0.25 114.735
0.15,0.45,0.3 11.8396
0.15,0.45,0.35 24.4272
0.15,0.45,0.4 16.8969
0.15,0.45,0.45 0.443943
0.15,0.5,0 1.06567e-09
0.15,0.5,0.05 145.441
0.15,0.5,0.1 608.936
0.15,0.5,0.15 658.604
0.15,0.5,0.2 838.872
0.15,0.5,0.25 446.422
0.15,0.5,0.3 210.826
0.15,0.5,0.35 370.496
0.15,0.5,0.4 254.557
0.15,0.5,0.45 8.26039
0.15,0.55,0 3.47241e-10
0.15,0.55,0.05 82.7372
0.15,0.55,0.1 343.888
0.15,0.55,0.15 364.065
0.15,0.55,0.2 601.05
0.15,0.55,0.25 741.975
0.15,0.55,0.3 774.559
0.15,0.55,0.35 680.409
0.15,0.55,0.4 295.05
0.15,0.55,0.45 12.5886
0.15,0.6,0 3.80651e-12
0.15,0.6,0.05 23.5905
0.15,0.6,0.1 216.149
0.15,0.6,0.15 175.279
0.15,0.6,0.2 311.715
0.15,0.6,0.25 474.25
0.15,0.6,0.3 735.412
0.15,0.6,0.35 523.173
0.15,0.6,0.4 62.1453
0.15,0.6,0.45 1.93549
0.15,0.65,0.05 37.2152
0.15,0.65,0.1 299.294
0.15,0.65,0.15 294.822
0.15,0.65,0.2 175.373
0.15,0.65,0.25 162.234
0.15,0.65,0.3 357.079
0.15,0.65,0.35 277.622
0.15,0.65,0.4 18.7115
0.15,0.65,0.45 5.66657e-05
0.15,0.7,0 1.16067e-09
0.15,0.7,0.05 10.9485
0.15,0.7,0.1 200.952
0.15,0.7,0.15 570.439
0.15,0.7,0.2 547.022
0.15,0.7,0.25 548.765
0.15,0.7,0.3 474.913
0.15,0.7,0.35 79.0247
0.15,0.7,0.4 3.72618
0.15,0.7,0.45 5.24258e-09
0.15,0.75,0 7.0727e-09
0.15,0.75,0.05 13.4424
0.15,0.75,0.1 91.7141
0.15,0.75,0.15 284.495
0.15,0.75,0.2 398.98
0.15,0.75,0.25 227.474
0.15,0.75,0.3 109.974
0.15,0.75,0.35 5.22598
0.15,0.8,0 2.66391e-09
0.15,0.8,0.05 5.03016
0.15,0.8,0.1 33.9648
0.15,0.8,0.15 176.812
0.15,0.8,0.2 271.573
0.15,0.8,0.25 162.54
0.15,0.8,0.3 15.2941
0.15,0.8,0.35 0.00108741
0.15,0.85,0 4.85621e-12
0.15,0.85,0.05 0.00917027
0.15,0.85,0.1 2.00578
0.15,0.85,0.15 13.8648
0.15,0.85,0.2 40.1185
0.15,0.85,0.25 59.0822
0.15,0.85,0.3 6.32588
0.15,0.9,0.15 0.00104117
0.15,0.9,0.2 0.105224
0.15,0.9,0.25 0.194052
0.15,0.9,0.3 0.0209208
0.2,0,0.1 1.21643e-14
0.2,0,0.15 3.22306e-12
0.2,0,0.2 7.76518e-12
0.2,0,0.25 1.15536e-12
0.2,0.05,0 2.59192e-12
0.2,0.05,0.05 0.0526829
0.2,0.05,0.1 0.523352
0.2,0.05,0.15 45.9173
0.2,0.05,0.2 123.846
0.2,0.05,0.25 132.41
0.2,0.05,0.3 47.0334
0.2,0.05,0.35 0.159839
0.2,0.1,0 1.75541e-09
0.2,0.1,0.05 35.756
0.2,0.1,0.1 147.076
0.2,0.1,0.15 257.778
0.2,0.1,0.2 568.826
0.2,0.1,0.25 655.71
0.2,0.1,0.3 227.386
0.2,0.1,0.35 1.43722
0.2,0.1,0.4 0.000234636
0.2,0.15,0 4.92556e-09
0.2,0.15,0.05 106.387
0.2,0.15,0.1 443.726
0.2,0.15,0.15 257.818
0.2,0.15,0.2 485.838
0.2,0.15,0.25 474.331
0.2,0.15,0.3 349.319
0.2,0.15,0.35 73.758
0.2,0.15,0.4 0.139393
0.2,0.2,0 2.02103e-09
0.2,0.2,0.05 101.707
0.2,0.2,0.1 417.775
0.2,0.2,0.15 366.491
0.2,0.2,0.2 774.658
0.2,0.2,0.25 488.813
0.2,0.2,0.3 810.183
0.2,0.2,0.35 215.032
0.2,0.2,0.4 1.27813
0.2,0.25,0 7.042e-10
0.2,0.25,0.05 146.547
0.2,0.25,0.1 588.762
0.2,0.25,0.15 357.106
0.2,0.25,0.2 501.878
0.2,0.25,0.25 419.221
0.2,0.25,0.3 464.41
0.2,0.25,0.35 100.661
0.2,0.25,0.4 1.55611
0.2,0.3,0 1.80979e-11
0.2,0.3,0.05 157.37
0.2,0.3,0.1 631.297
0.2,0.3,0.15 268.167
0.2,0.3,0.2 265.238
0.2,0.3,0.25 117.232
0.2,0.3,0.3 54.6756
0.2,0.3,0.35 6.50022
0.2,0.3,0.4 0.133245
0.2,0.35,0 9.75665e-11
0.2,0.35,0.05 59.6463
0.2,0.35,0.1 238.926
0.2,0.35,0.15 64.8251
0.2,0.35,0.2 14.2762
0.2,0.35,0.25 3.13693
0.2,0.35,0.3 0.023398
0.2,0.35,0.35 0.00732185
0.2,0.35,0.4 2.51513e-06
0.2,0.4,0 3.89162e-10
0.2,0.4,0.05 29.9043
0.2,0.4,0.1 160.779
0.2,0.4,0.15 182.702
0.2,0.4,0.2 41.0756
0.2,0.4,0.25 1.05141
0.2,0.4,0.3 0.0526071
0.2,0.45,0 3.73122e-10
0.2,0.45,0.05 41.4634
0.2,0.45,0.1 318.194
0.2,0.45,0.15 761.8
0.2,0.45,0.2 372.683
0.2,0.45,0.25 158.408
0.2,0.45,0.3 29.0567
0.2,0.45,0.35 21.6355
0.2,0.45,0.4 5.1357
0.2,0.45,0.45 0.1005
0.2,0.5,0 1.03213e-09
0.2,0.5,0.05 96.2475
0.2,0.5,0.1 432.106
0.2,0.5,0.15 577.983
0.2,0.5,0.2 723.421
0.2,0.5,0.25 695.652
0.2,0.5,0.3 359.204
0.2,0.5,0.35 454.166
0.2,0.5,0.4 189.557
0.2,0.5,0.45 9.50389
0.2,0.55,0 2.61233e-10
0.2,0.55,0.05 47.7607
0.2,0.55,0.1 208.194
0.2,0.55,0.15 206.375
0.2,0.55,0.2 364.051
0.2,0.55,0.25 740.26
0.2,0.55,0.3 702.09
0.2,0.55,0.35 825.397
0.2,0.55,0.4 490.459
0.2,0.55,0.45 29.5989
0.2,0.6,0 2.69935e-12
0.2,0.6,0.05 64.2086
0.2,0.6,0.1 407.095
0.2,0.6,0.15 232.47
0.2,0.6,0.2 202.289
0.2,0.6,0.25 446.47
0.2,0.6,0.3 479.316
0.2,0.6,0.35 386.607
0.2,0.6,0.4 159.973
0.2,0.6,0.45 6.51262
0.2,0.65,0 1.47527e-10
0.2,0.65,0.05 126.652
0.2,0.65,0.1 665.745
0.2,0.65,0.15 556.083
0.2,0.65,0.2 493.28
0.2,0.65,0.25 278.252
0.2,0.65,0.3 270.225
0.2,0.65,0.35 97.1934
0.2,0.65,0.4 18.5189
0.2,0.65,0.45 0.0707849
0.2,0.7,0 8.64929e-09
0.2,0.7,0.05 66.9981
0.2,0.7,0.1 411.299
0.2,0.7,0.15 749.703
0.2,0.7,0.2 585.505
0.2,0.7,0.25 557.427
0.2,0.7,0.3 703.791
0.2,0.7,0.35 86.1328
0.2,0.7,0.4 0.752499
0.2,0.7,0.45 6.54886e-06
0.2,0.75,0 5.12016e-08
0.2,0.75,0.05 127.645
0.2,0.75,0.1 577.55
0.2,0.75,0.15 640.8
0.2,0.75,0.2 746.594
0.2,0.75,0.25 355.661
0.2,0.75,0.3 163.191
0.2,0.75,0.35 15.5061
0.2,0.75,0.4 0.0111824
0.2,0.8,0 1.92757e-08
0.2,0.8,0.05 47.9006
0.2,0.8,0.1 266.255
0.2,0.8,0.15 582.856
0.2,0.8,0.2 645.175
0.2,0.8,0.25 426.899
0.2,0.8,0.3 37.9472
0.2,0.8,0.35 0.000642725
0.2,0.85,0 3.5139e-11
0.2,0.85,0.05 0.0900139
0.2,0.85,0.1 12.1045
0.2,0.85,0.15 67.3947
0.2,0.85,0.2 105.88
0.2,0.85,0.25 146.139
0.2,0.85,0.3 15.6881
0.2,0.9,0.15 0.00258203
0.2,0.9,0.2 0.260948
0.2,0.9,0.25 0.481234
0.2,0.9,0.3 0.051882
0.25,0,0.1 4.4342e-13
0.25,0,0.15 1.88157e-11
0.25,0,0.2 3.02295e-11
0.25,0,0.25 9.49296e-11
0.25,0,0.3 8.83967e-11
0.25,0,0.35 3.50098e-12
0.25,0.05,0 1.08787e-12
0.25,0.05,0.05 0.0221119
0.25,0.05,0.1 1.67078
0.25,0.05,0.15 60.0363
0.25,0.05,0.2 94.1474
0.25,0.05,0.25 71.1377
0.25,0.05,0.3 30.1848
0.25,0.05,0.35 0.558224
0.25,0.1,0 7.36776e-10
0.25,0.1,0.05 15.8109
0.25,0.1,0.1 92.9859
0.25,0.1,0.15 441.813
0.25,0.1,0.2 589.108
0.25,0.1,0.25 425.233
0.25,0.1,0.3 170.736
0.25,0.1,0.35 3.62559
0.25,0.1,0.4 0.0126657
0.25,0.15,0 2.17013e-09
