0,0.4,0.15 2.84447e-11
0,0.4,0.2 1.44737e-10
0,0.4,0.25 4.59209e-11
0,0.4,0.3 1.86467e-14
0,0.45,0.15 3.17402e-08
0,0.45,0.2 1.61506e-07
0,0.45,0.25 5.12412e-08
0,0.45,0.3 2.08071e-11
0,0.5,0.15 9.25211e-08
0,0.5,0.2 4.70782e-07
0,0.5,0.25 1.49366e-07
0,0.5,0.3 6.06517e-11
0,0.55,0.15 1.67664e-08
0,0.55,0.2 8.53136e-08
0,0.55,0.25 2.70676e-08
0,0.55,0.3 1.09911e-11
0.05,0.1,0.15 0.0766297
0.05,0.1,0.2 7.48216
0.05,0.1,0.25 13.6562
0.05,0.1,0.3 1.4534
0.05,0.15,0 2.19289e-12
0.05,0.15,0.05 0.00624023
0.05,0.15,0.1 0.0249081
0.05,0.15,0.15 0.488424
0.05,0.15,0.2 47.3688
0.05,0.15,0.25 88.0554
0.05,0.15,0.3 10.0999
0.05,0.15,0.35 0.00458393
0.05,0.2,0 1.32063e-11
0.05,0.2,0.05 0.0683684
0.05,0.2,0.1 0.349902
0.05,0.2,0.15 0.368795
0.05,0.2,0.2 24.796
0.05,0.2,0.25 80.9563
0.05,0.2,0.3 25.3359
0.05,0.2,0.35 3.27915
0.05,0.2,0.4 4.49881
0.05,0.2,0.45 0.35606
0.05,0.25,0 4.91994e-12
0.05,0.25,0.05 0.356514
0.05,0.25,0.1 2.27783
0.05,0.25,0.15 1.23117
0.05,0.25,0.2 7.07546
0.05,0.25,0.25 50.3565
0.05,0.25,0.3 45.3507
0.05,0.25,0.35 47.5116
0.05,0.25,0.4 53.1249
0.05,0.25,0.45 4.19946
0.05,0.3,0 8.331e-15
0.05,0.3,0.05 0.213904
0.05,0.3,0.1 1.38711
0.05,0.3,0.15 0.659628
0.05,0.3,0.2 0.507288
0.05,0.3,0.25 7.82526
0.05,0.3,0.3 47.1333
0.05,0.3,0.35 45.7187
0.05,0.3,0.4 34.7352
0.05,0.3,0.45 2.73822
0.05,0.35,0.05 0.00325899
0.05,0.35,0.1 0.625361
0.05,0.35,0.15 14.4942
0.05,0.35,0.2 14.8204
0.05,0.35,0.25 1.34456
0.05,0.35,0.3 5.42813
0.05,0.35,0.35 3.02087
0.05,0.35,0.4 0.610037
0.05,0.35,0.45 0.0469527
0.05,0.4,0.1 2.13992
0.05,0.4,0.15 51.4361
0.05,0.4,0.2 52.8253
0.05,0.4,0.25 2.52438
0.05,0.4,0.3 0.0131292
0.05,0.4,0.35 7.98007e-05
0.05,0.4,0.4 0.00303078
0.05,0.4,0.45 0.00389623
0.05,0.4,0.5 0.000256322
0.05,0.45,0.05 1.18253e-05
0.05,0.45,0.1 0.650252
0.05,0.45,0.15 19.8591
0.05,0.45,0.2 66.7744
0.05,0.45,0.25 50.5918
0.05,0.45,0.3 9.4653
0.05,0.45,0.35 0.842529
0.05,0.45,0.4 0.0535475
0.05,0.45,0.45 0.0291607
0.05,0.45,0.5 0.00183931
0.05,0.5,0.05 0.000206263
0.05,0.5,0.1 2.88371
0.05,0.5,0.15 30.821
0.05,0.5,0.2 150.006
0.05,0.5,0.25 132.441
0.05,0.5,0.3 37.998
0.05,0.5,0.35 16.8815
0.05,0.5,0.4 12.1451
0.05,0.5,0.45 1.55284
0.05,0.5,0.5 0.0361225
0.05,0.55,0.05 0.000175255
0.05,0.55,0.1 2.44691
0.05,0.55,0.15 12.2873
0.05,0.55,0.2 27.1821
0.05,0.55,0.25 43.199
0.05,0.55,0.3 76.2155
0.05,0.55,0.35 48.7559
0.05,0.55,0.4 64.7461
0.05,0.55,0.45 31.1186
0.05,0.55,0.5 0.897422
0.05,0.6,0.05 5.57223e-06
0.05,0.6,0.1 0.0778033
0.05,0.6,0.15 0.273773
0.05,0.6,0.2 0.0695688
0.05,0.6,0.25 16.9882
0.05,0.6,0.3 52.7963
0.05,0.6,0.35 17.8459
0.05,0.6,0.4 43.3876
0.05,0.6,0.45 32.0389
0.05,0.6,0.5 0.947393
0.05,0.65,0.1 0.000103039
0.05,0.65,0.15 0.0110978
0.05,0.65,0.2 0.24302
0.05,0.65,0.25 3.6982
0.05,0.65,0.3 3.90864
0.05,0.65,0.35 0.45721
0.05,0.65,0.4 1.85505
0.05,0.65,0.45 1.52564
0.05,0.65,0.5 0.0453234
0.05,0.7,0.1 0.000109329
0.05,0.7,0.15 0.0117752
0.05,0.7,0.2 1.89672
0.05,0.7,0.25 27.1383
0.05,0.7,0.3 20.4316
0.05,0.7,0.35 0.499806
0.05,0.75,0.1 5.2762e-06
0.05,0.75,0.15 0.000568274
0.05,0.75,0.2 0.942692
0.05,0.75,0.25 13.6307
0.05,0.75,0.3 10.263
0.05,0.75,0.35 0.251057
0.05,0.8,0.2 0.00710486
0.05,0.8,0.25 0.102847
0.05,0.8,0.3 0.0774375
0.05,0.8,0.35 0.00189431
0.1,0.05,0.15 0.00139151
0.1,0.05,0.2 0.0169799
0.1,0.05,0.25 0.0170965
0.1,0.05,0.3 0.855249
0.1,0.05,0.35 1.75422
0.1,0.05,0.4 0.215258
0.1,0.1,0.15 0.334597
0.1,0.1,0.2 32.0295
0.1,0.1,0.25 58.5846
0.1,0.1,0.3 14.114
0.1,0.1,0.35 16.0958
0.1,0.1,0.4 1.9751
0.1,0.15,0 2.04482e-09
0.1,0.15,0.05 5.81888
0.1,0.15,0.1 23.2263
0.1,0.15,0.15 7.85315
0.1,0.15,0.2 203.667
0.1,0.15,0.25 383.789
0.1,0.15,0.3 50.1414
0.1,0.15,0.35 12.9341
0.1,0.15,0.4 5.80043
0.1,0.15,0.45 0.248304
0.1,0.2,0 1.23146e-08
0.1,0.2,0.05 37.5507
0.1,0.2,0.1 156.202
0.1,0.2,0.15 56.9439
0.1,0.2,0.2 156.905
0.1,0.2,0.25 476.854
0.1,0.2,0.3 187.534
0.1,0.2,0.35 65.9574
0.1,0.2,0.4 75.7558
0.1,0.2,0.45 4.64171
0.1,0.25,0 4.58774e-09
0.1,0.25,0.05 41.0638
0.1,0.25,0.1 236.215
0.1,0.25,0.15 162.796
0.1,0.25,0.2 216.466
0.1,0.25,0.25 458.436
0.1,0.25,0.3 436.033
0.1,0.25,0.35 320.012
0.1,0.25,0.4 327.975
0.1,0.25,0.45 25.099
0.1,0.3,0 7.76848e-12
0.1,0.3,0.05 17.8892
0.1,0.3,0.1 124.673
0.1,0.3,0.15 81.0675
0.1,0.3,0.2 56.4533
0.1,0.3,0.25 87.9908
0.1,0.3,0.3 375.316
0.1,0.3,0.35 298.147
0.1,0.3,0.4 195.031
0.1,0.3,0.45 15.3425
0.1,0.35,0.05 0.376591
0.1,0.35,0.1 8.01066
0.1,0.35,0.15 85.7899
0.1,0.35,0.2 84.1091
0.1,0.35,0.25 8.82116
0.1,0.35,0.3 40.3936
0.1,0.35,0.35 21.7323
0.1,0.35,0.4 3.44427
0.1,0.35,0.45 0.262698
0.1,0.4,0.1 12.4082
0.1,0.4,0.15 312.31
0.1,0.4,0.2 333.957
0.1,0.4,0.25 17.515
0.1,0.4,0.3 0.148713
0.1,0.4,0.35 0.394109
0.1,0.4,0.4 10.6207
0.1,0.4,0.45 13.6254
0.1,0.4,0.5 0.896371
0.1,0.45,0 1.93879e-13
0.1,0.45,0.05 1.1836
0.1,0.45,0.1 12.6892
0.1,0.45,0.15 216.536
0.1,0.45,0.2 469.114
0.1,0.45,0.25 257.736
0.1,0.45,0.3 102.667
0.1,0.45,0.35 23.8248
0.1,0.45,0.4 79.5157
0.1,0.45,0.45 98.0638
0.1,0.45,0.5 6.43965
0.1,0.5,0 1.00185e-12
0.1,0.5,0.05 6.11946
0.1,0.5,0.1 91.0247
0.1,0.5,0.15 372.769
0.1,0.5,0.2 752.823
0.1,0.5,0.25 682.024
0.1,0.5,0.3 463.37
0.1,0.5,0.35 271.828
0.1,0.5,0.4 220.089
0.1,0.5,0.45 57.1186
0.1,0.5,0.5 3.04668
0.1,0.55,0 3.22651e-13
0.1,0.55,0.05 1.9733
0.1,0.55,0.1 64.0648
0.1,0.55,0.15 239.603
0.1,0.55,0.2 212.144
0.1,0.55,0.25 296.25
0.1,0.55,0.3 671.189
0.1,0.55,0.35 556.087
0.1,0.55,0.4 595.104
0.1,0.55,0.45 197.245
0.1,0.55,0.5 5.47221
0.1,0.6,0 1.55456e-16
0.1,0.6,0.05 0.00186719
0.1,0.6,0.1 1.92094
0.1,0.6,0.15 10.3147
0.1,0.6,0.2 11.1025
0.1,0.6,0.25 107.499
0.1,0.6,0.3 336.711
0.1,0.6,0.35 145.34
0.1,0.6,0.4 312.937
0.1,0.6,0.45 202.818
0.1,0.6,0.5 5.76093
0.1,0.65,0.05 0.0106336
0.1,0.65,0.1 1.9175
0.1,0.65,0.15 47.611
0.1,0.65,0.2 97.0395
0.1,0.65,0.25 62.7377
0.1,0.65,0.3 35.6127
0.1,0.65,0.35 29.0862
0.1,0.65,0.4 87.8558
0.1,0.65,0.45 27.4846
0.1,0.65,0.5 0.277715
0.1,0.7,0.05 0.00761459
0.1,0.7,0.1 1.51047
0.1,0.7,0.15 48.3077
0.1,0.7,0.2 113.611
0.1,0.7,0.25 305.001
0.1,0.7,0.3 212.744
0.1,0.7,0.35 16.5082
0.1,0.7,0.4 21.3871
0.1,0.7,0.45 3.38488
0.1,0.7,0.5 0.000314739
0.1,0.75,0.05 0.00016554
0.1,0.75,0.1 0.0440435
0.1,0.75,0.15 2.24534
0.1,0.75,0.2 14.0539
0.1,0.75,0.25 141.032
0.1,0.75,0.3 105.421
0.1,0.75,0.35 2.76003
0.1,0.75,0.4 0.249879
0.1,0.75,0.45 0.0177589
0.1,0.8,0.2 0.0728851
0.1,0.8,0.25 1.05506
0.1,0.8,0.3 0.794392
0.1,0.8,0.35 0.0194327
0.15,0.05,0 3.77742e-13
0.15,0.05,0.05 0.00767793
0.15,0.05,0.1 0.030678
0.15,0.05,0.15 1.49249
0.15,0.05,0.2 18.1186
0.15,0.05,0.25 12.2081
0.15,0.05,0.3 14.8962
0.15,0.05,0.35 30.2437
0.15,0.05,0.4 3.74579
0.15,0.1,0 2.55832e-10
0.15,0.1,0.05 5.19999
0.15,0.1,0.1 20.7771
0.15,0.1,0.15 14.8125
0.15,0.1,0.2 129.589
0.15,0.1,0.25 110.702
0.15,0.1,0.3 142.578
0.15,0.1,0.35 282.258
0.15,0.1,0.4 35.5169
0.15,0.15,0 6.5355e-09
0.15,0.15,0.05 30.8382
0.15,0.15,0.1 123.587
0.15,0.15,0.15 41.8476
0.15,0.15,0.2 173.582
0.15,0.15,0.25 365.399
0.15,0.15,0.3 138.382
0.15,0.15,0.35 179.524
0.15,0.15,0.4 46.0945
0.15,0.15,0.45 1.34587
0.15,0.2,0 3.52605e-08
0.15,0.2,0.05 107.23
0.15,0.2,0.1 441.055
0.15,0.2,0.15 181.758
0.15,0.2,0.2 313.125
0.15,0.2,0.25 538.848
0.15,0.2,0.3 213.024
0.15,0.2,0.35 330.235
0.15,0.2,0.4 315.035
0.15,0.2,0.45 15.222
0.15,0.25,0 1.30919e-08
0.15,0.25,0.05 94.2125
0.15,0.25,0.1 546.544
0.15,0.25,0.15 418.634
0.15,0.25,0.2 631.888
0.15,0.25,0.25 709.437
0.15,0.25,0.3 604.14
0.15,0.25,0.35 465.156
0.15,0.25,0.4 336.555
0.15,0.25,0.45 17.1646
0.15,0.3,0 2.21687e-11
0.15,0.3,0.05 43.5082
0.15,0.3,0.1 436.502
0.15,0.3,0.15 383.956
0.15,0.3,0.2 218.281
0.15,0.3,0.25 182.247
0.15,0.3,0.3 325.712
0.15,0.3,0.35 192.687
0.15,0.3,0.4 85.5868
0.15,0.3,0.45 5.47641
0.15,0.35,0 7.98344e-16
0.15,0.35,0.05 3.28234
0.15,0.35,0.1 61.8129
0.15,0.35,0.15 91.6054
0.15,0.35,0.2 41.8413
0.15,0.35,0.25 7.90273
0.15,0.35,0.3 20.1256
0.15,0.35,0.35 10.5646
0.15,0.35,0.4 1.39568
0.15,0.35,0.45 0.0913136
0.15,0.4,0 7.7792e-16
0.15,0.4,0.05 0.576184
0.15,0.4,0.1 11.5766
0.15,0.4,0.15 190.567
0.15,0.4,0.2 211.113
0.15,0.4,0.25 15.1336
0.15,0.4,0.3 1.58398
0.15,0.4,0.35 3.37018
0.15,0.4,0.4 34.9676
0.15,0.4,0.45 44.2273
0.15,0.4,0.5 2.90592
0.15,0.45,0 2.69602e-12
0.15,0.45,0.05 16.479
0.15,0.45,0.1 79.4213
0.15,0.45,0.15 422.559
0.15,0.45,0.2 683.3
0.15,0.45,0.25 288.867
0.15,0.45,0.3 239.329
0.15,0.45,0.35 228.489
0.15,0.45,0.4 331.312
0.15,0.45,0.45 358.17
0.15,0.45,0.5 22.2159
0.15,0.5,0 1.39311e-11
0.15,0.5,0.05 85.0326
0.15,0.5,0.1 408.469
0.15,0.5,0.15 580.56
0.15,0.5,0.2 733.618
0.15,0.5,0.25 624.742
0.15,0.5,0.3 751.462
0.15,0.5,0.35 679.78
0.15,0.5,0.4 510.758
0.15,0.5,0.45 271.553
0.15,0.5,0.5 13.3242
0.15,0.55,0 4.48659e-12
0.15,0.55,0.05 27.3876
0.15,0.55,0.1 166.14
0.15,0.55,0.15 370.07
0.15,0.55,0.2 426.638
0.15,0.55,0.25 353.279
0.15,0.55,0.3 811.312
0.15,0.55,0.35 591.678
0.15,0.55,0.4 483.468
0.15,0.55,0.45 107.292
0.15,0.55,0.5 2.87614
0.15,0.6,0 2.16168e-15
0.15,0.6,0.05 0.0594156
0.15,0.6,0.1 8.77061
0.15,0.6,0.15 59.3929
0.15,0.6,0.2 111.824
0.15,0.6,0.25 128.28
0.15,0.6,0.3 300.706
0.15,0.6,0.35 167.823
0.15,0.6,0.4 320.227
0.15,0.6,0.45 123.302
0.15,0.6,0.5 2.17251
0.15,0.65,0.05 0.620019
0.15,0.65,0.1 90.0087
0.15,0.65,0.15 377.459
0.15,0.65,0.2 641.211
0.15,0.65,0.25 371.79
0.15,0.65,0.3 73.0156
0.15,0.65,0.35 288.999
0.15,0.65,0.4 646.68
0.15,0.65,0.45 133.335
0.15,0.65,0.5 0.117904
0.15,0.7,0.05 0.443986
0.15,0.7,0.1 64.8152
0.15,0.7,0.15 298.518
0.15,0.7,0.2 493.715
0.15,0.7,0.25 484.906
0.15,0.7,0.3 215.135
0.15,0.7,0.35 168.652
0.15,0.7,0.4 233.102
0.15,0.7,0.45 28.2679
0.15,0.7,0.5 0.00209368
0.15,0.75,0.05 0.00965219
0.15,0.75,0.1 1.44573
0.15,0.75,0.15 12.5271
0.15,0.75,0.2 32.7155
0.15,0.75,0.25 135.478
0.15,0.75,0.3 152.43
0.15,0.75,0.35 28.7154
0.15,0.75,0.4 6.86294
0.15,0.75,0.45 0.230369
0.15,0.8,0.1 5.2799e-06
0.15,0.8,0.15 0.117009
0.15,0.8,0.2 0.507574
0.15,0.8,0.25 8.62991
0.15,0.8,0.3 17.8075
0.15,0.8,0.35 4.19005
0.15,0.8,0.4 0.532655
0.15,0.8,0.45 3.25145e-06
0.2,0.05,0 2.59192e-12
0.2,0.05,0.05 0.0526829
0.2,0.05,0.1 0.2105
0.2,0.05,0.15 4.36155
0.2,0.05,0.2 52.696
0.2,0.05,0.25 35.4257
0.2,0.05,0.3 14.9603
0.2,0.05,0.35 32.9941
0.2,0.05,0.4 4.98125
0.2,0.1,0 1.75541e-09
0.2,0.1,0.05 35.6802
0.2,0.1,0.1 142.564
0.2,0.1,0.15 63.3553
0.2,0.1,0.2 349.146
0.2,0.1,0.25 267.499
0.2,0.1,0.3 178.634
0.2,0.1,0.35 430.963
0.2,0.1,0.4 76.6316
0.2,0.15,0 5.83889e-09
0.2,0.15,0.05 100.604
0.2,0.15,0.1 406.476
0.2,0.15,0.15 187.757
0.2,0.15,0.2 342.344
0.2,0.15,0.25 638.312
0.2,0.15,0.3 257.934
0.2,0.15,0.35 347.907
0.2,0.15,0.4 76.6945
0.2,0.15,0.45 0.470359
0.2,0.2,0 7.04232e-09
0.2,0.2,0.05 39.8169
0.2,0.2,0.1 181.657
0.2,0.2,0.15 366.323
0.2,0.2,0.2 500.974
0.2,0.2,0.25 559.257
0.2,0.2,0.3 212.646
0.2,0.2,0.35 406.184
0.2,0.2,0.4 217.437
0.2,0.2,0.45 5.76413
0.2,0.25,0 2.32008e-09
0.2,0.25,0.05 83.0173
0.2,0.25,0.1 417.197
0.2,0.25,0.15 329.941
0.2,0.25,0.2 634.437
0.2,0.25,0.25 494.262
0.2,0.25,0.3 538.183
0.2,0.25,0.35 903.476
0.2,0.25,0.4 327.64
0.2,0.25,0.45 4.36768
0.2,0.3,0 3.93118e-12
0.2,0.3,0.05 62.9879
0.2,0.3,0.1 445.485
0.2,0.3,0.15 408.933
0.2,0.3,0.2 715.001
0.2,0.3,0.25 374.439
0.2,0.3,0.3 283.975
0.2,0.3,0.35 303.096
0.2,0.3,0.4 76.3462
0.2,0.3,0.45 0.595265
0.2,0.35,0 5.47897e-14
0.2,0.35,0.05 44.165
0.2,0.35,0.1 225.653
0.2,0.35,0.15 161.839
0.2,0.35,0.2 111.447
0.2,0.35,0.25 36.8861
0.2,0.35,0.3 6.13149
0.2,0.35,0.35 5.84538
0.2,0.35,0.4 3.57522
0.2,0.35,0.45 0.306453
0.2,0.4,0 4.16335e-13
0.2,0.4,0.05 47.7763
0.2,0.4,0.1 224.65
0.2,0.4,0.15 338.042
0.2,0.4,0.2 166.229
0.2,0.4,0.25 13.9411
0.2,0.4,0.3 5.48069
0.2,0.4,0.35 4.01888
0.2,0.4,0.4 13.7239
0.2,0.4,0.45 11.072
0.2,0.4,0.5 0.590833
0.2,0.45,0 3.23199e-12
0.2,0.45,0.05 44.9832
0.2,0.45,0.1 237.163
0.2,0.45,0.15 535.744
0.2,0.45,0.2 488.077
0.2,0.45,0.25 209.201
0.2,0.45,0.3 319.2
0.2,0.45,0.35 314.097
0.2,0.45,0.4 349.138
0.2,0.45,0.45 206.276
0.2,0.45,0.5 7.20799
0.2,0.5,0 1.04772e-11
0.2,0.5,0.05 79.8269
0.2,0.5,0.1 403.639
0.2,0.5,0.15 504.928
0.2,0.5,0.2 529.599
0.2,0.5,0.25 349.443
0.2,0.5,0.3 747.342
0.2,0.5,0.35 713.833
0.2,0.5,0.4 660.725
0.2,0.5,0.45 389.783
0.2,0.5,0.5 11.4253
0.2,0.55,0 3.28718e-12
0.2,0.55,0.05 25.5273
0.2,0.55,0.1 135.862
0.2,0.55,0.15 314.062
0.2,0.55,0.2 437.078
0.2,0.55,0.25 295.122
0.2,0.55,0.3 700.153
0.2,0.55,0.35 492.55
0.2,0.55,0.4 417.96
0.2,0.55,0.45 155.653
0.2,0.55,0.5 3.26441
0.2,0.6,0 1.58379e-15
0.2,0.6,0.05 0.316911
0.2,0.6,0.1 17.1639
0.2,0.6,0.15 323.338
0.2,0.6,0.2 522.421
0.2,0.6,0.25 265.2
0.2,0.6,0.3 495.825
0.2,0.6,0.35 396.719
0.2,0.6,0.4 366.971
0.2,0.6,0.45 47.2443
0.2,0.6,0.5 0.25255
0.2,0.65,0.05 5.34616
0.2,0.65,0.1 158.594
0.2,0.65,0.15 482.962
0.2,0.65,0.2 629.539
0.2,0.65,0.25 347.056
0.2,0.65,0.3 160.499
0.2,0.65,0.35 538.382
0.2,0.65,0.4 588.777
0.2,0.65,0.45 66.5796
0.2,0.65,0.5 0.00682342
0.2,0.7,0.05 8.65907
0.2,0.7,0.1 133.996
0.2,0.7,0.15 321.781
0.2,0.7,0.2 499.398
0.2,0.7,0.25 493.132
0.2,0.7,0.3 531.879
0.2,0.7,0.35 517.18
0.2,0.7,0.4 288.24
0.2,0.7,0.45 16.0029
0.2,0.7,0.5 0.000854576
0.2,0.75,0.05 0.858066
0.2,0.75,0.1 5.97927
0.2,0.75,0.15 67.5807
0.2,0.75,0.2 247.338
0.2,0.75,0.25 334.081
0.2,0.75,0.3 593.895
0.2,0.75,0.35 378.177
0.2,0.75,0.4 83.6031
0.2,0.75,0.45 0.196433
0.2,0.8,0.1 0.00012619
0.2,0.8,0.15 2.79823
0.2,0.8,0.2 10.911
0.2,0.8,0.25 43.4858
0.2,0.8,0.3 95.6468
0.2,0.8,0.35 57.9801
0.2,0.8,0.4 12.4665
0.2,0.8,0.45 7.60984e-05
0.25,0.05,0 1.08787e-12
0.25,0.05,0.05 0.0221119
0.25,0.05,0.1 0.0883504
0.25,0.05,0.15 0.97488
0.25,0.05,0.2 18.3716
0.25,0.05,0.25 22.0817
0.25,0.05,0.3 18.1615
0.25,0.05,0.35 13.9112
0.25,0.05,0.4 2.16598
0.25,0.1,0 7.36776e-10
0.25,0.1,0.05 14.9756
0.25,0.1,0.1 60.2113
0.25,0.1,0.15 27.9055
0.25,0.1,0.2 184.089
0.25,0.1,0.25 252.826
0.25,0.1,0.3 213.901
0.25,0.1,0.35 269.986
0.25,0.1,0.4 53.8616
0.25,0.15,0 2.01665e-09
0.25,0.15,0.05 41.4852
0.25,0.15,0.1 170.769
0.25,0.15,0.15 183.223
0.25,0.15,0.2 399.908
0.25,0.15,0.25 588.331
0.25,0.15,0.3 320.661
0.25,0.15,0.35 366.823
0.25,0.15,0.4 73.4659
