0.45,0.05,0.25 25.3665
0.45,0.05,0.3 15.6451
0.45,0.05,0.35 0.256598
0.45,0.1,0 4.32236e-12
0.45,0.1,0.05 23.2283
0.45,0.1,0.1 93.0473
0.45,0.1,0.15 57.4197
0.45,0.1,0.2 168.159
0.45,0.1,0.25 346.31
0.45,0.1,0.3 198.637
0.45,0.1,0.35 4.58428
0.45,0.15,0 5.85599e-11
0.45,0.15,0.05 152.652
0.45,0.15,0.1 613.594
0.45,0.15,0.15 284.694
0.45,0.15,0.2 363.4
0.45,0.15,0.25 382.648
0.45,0.15,0.3 200.197
0.45,0.15,0.35 12.4926
0.45,0.2,0 2.31435e-10
0.45,0.2,0.05 163.691
0.45,0.2,0.1 658.447
0.45,0.2,0.15 273.998
0.45,0.2,0.2 288.205
0.45,0.2,0.25 205.436
0.45,0.2,0.3 40.4443
0.45,0.2,0.35 4.46872
0.45,0.25,0 2.25946e-10
0.45,0.25,0.05 117.508
0.45,0.25,0.1 473.313
0.45,0.25,0.15 179.774
0.45,0.25,0.2 399.258
0.45,0.25,0.25 303.772
0.45,0.25,0.3 17.8966
0.45,0.25,0.35 0.174026
0.45,0.3,0 7.57744e-10
0.45,0.3,0.05 137.91
0.45,0.3,0.1 572.762
0.45,0.3,0.15 450.656
0.45,0.3,0.2 642.807
0.45,0.3,0.25 268.871
0.45,0.3,0.3 32.7121
0.45,0.3,0.35 9.08157
0.45,0.3,0.4 0.271087
0.45,0.35,0 1.35148e-09
0.45,0.35,0.05 142.92
0.45,0.35,0.1 585.995
0.45,0.35,0.15 358.181
0.45,0.35,0.2 499.558
0.45,0.35,0.25 470.898
0.45,0.35,0.3 341.943
0.45,0.35,0.35 139.346
0.45,0.35,0.4 3.4469
0.45,0.4,0 7.69426e-10
0.45,0.4,0.05 76.6593
0.45,0.4,0.1 322.022
0.45,0.4,0.15 257.995
0.45,0.4,0.2 329.919
0.45,0.4,0.25 502.29
0.45,0.4,0.3 669.92
0.45,0.4,0.35 262.676
0.45,0.4,0.4 8.93213
0.45,0.45,0 1.19873e-10
0.45,0.45,0.05 74.0121
0.45,0.45,0.1 351.316
0.45,0.45,0.15 552.952
0.45,0.45,0.2 483.667
0.45,0.45,0.25 577.928
0.45,0.45,0.3 517.914
0.45,0.45,0.35 190.81
0.45,0.45,0.4 19.2806
0.45,0.45,0.45 0.0227159
0.45,0.5,0 8.34615e-10
0.45,0.5,0.05 115.43
0.45,0.5,0.1 501.306
0.45,0.5,0.15 462.137
0.45,0.5,0.2 593.914
0.45,0.5,0.25 466.399
0.45,0.5,0.3 1050.98
0.45,0.5,0.35 442.793
0.45,0.5,0.4 125.148
0.45,0.5,0.45 6.14806
0.45,0.55,0 4.47662e-09
0.45,0.55,0.05 109.881
0.45,0.55,0.1 469.237
0.45,0.55,0.15 419.688
0.45,0.55,0.2 709.679
0.45,0.55,0.25 389.873
0.45,0.55,0.3 750.503
0.45,0.55,0.35 453.789
0.45,0.55,0.4 277.479
0.45,0.55,0.45 14.4376
0.45,0.6,0 1.47217e-08
0.45,0.6,0.05 143.698
0.45,0.6,0.1 579.022
0.45,0.6,0.15 371.504
0.45,0.6,0.2 709.994
0.45,0.6,0.25 249.747
0.45,0.6,0.3 53.7508
0.45,0.6,0.35 45.2164
0.45,0.6,0.4 39.7304
0.45,0.6,0.45 2.07026
0.45,0.65,0 4.85193e-09
0.45,0.65,0.05 94.0238
0.45,0.65,0.1 378.103
0.45,0.65,0.15 230.21
0.45,0.65,0.2 368.727
0.45,0.65,0.25 90.1987
0.45,0.65,0.3 24.0311
0.45,0.65,0.35 1.66163
0.45,0.7,0 1.85335e-10
0.45,0.7,0.05 10.2411
0.45,0.7,0.1 48.8575
0.45,0.7,0.15 78.9352
0.45,0.7,0.2 123.45
0.45,0.7,0.25 26.4336
0.45,0.7,0.3 8.57664
0.45,0.7,0.35 0.596365
0.45,0.75,0 7.59962e-11
0.45,0.75,0.05 30.2026
0.45,0.75,0.1 139.404
0.45,0.75,0.15 255.39
0.45,0.75,0.2 335.837
0.45,0.75,0.25 46.6002
0.45,0.75,0.3 0.115971
0.45,0.75,0.35 0.000771965
0.45,0.8,0 2.36838e-10
0.45,0.8,0.05 80.4846
0.45,0.8,0.1 324.975
0.45,0.8,0.15 144.897
0.45,0.8,0.2 96.2452
0.45,0.8,0.25 12.2889
0.45,0.8,0.3 0.0253186
0.45,0.85,0 6.62901e-11
0.45,0.85,0.05 14.0487
0.45,0.85,0.1 56.1718
0.45,0.85,0.15 14.0473
0.45,0.85,0.2 0.0135676
0.45,0.85,0.25 0.00093143
0.45,0.9,0 1.66874e-12
0.45,0.9,0.05 0.000257712
0.45,0.9,0.1 0.00102509
0.45,0.9,0.15 0.00025484
0.5,0.05,0.15 0.00746705
0.5,0.05,0.2 0.961541
0.5,0.05,0.25 10.7232
0.5,0.05,0.3 6.87161
0.5,0.05,0.35 0.112702
0.5,0.1,0 5.81337e-13
0.5,0.1,0.05 5.65237
0.5,0.1,0.1 22.9289
0.5,0.1,0.15 15.9332
0.5,0.1,0.2 40.4682
0.5,0.1,0.25 216.887
0.5,0.1,0.3 156.492
0.5,0.1,0.35 10.0963
0.5,0.15,0 3.30206e-11
0.5,0.15,0.05 39.2845
0.5,0.15,0.1 165.026
0.5,0.15,0.15 265.965
0.5,0.15,0.2 494.411
0.5,0.15,0.25 734.359
0.5,0.15,0.3 535.807
0.5,0.15,0.35 61.4859
0.5,0.2,0 1.0546e-10
0.5,0.2,0.05 115.113
0.5,0.2,0.1 482.516
0.5,0.2,0.15 508.174
0.5,0.2,0.2 745.098
0.5,0.2,0.25 530.59
0.5,0.2,0.3 208.851
0.5,0.2,0.35 25.6757
0.5,0.25,0 1.372e-10
0.5,0.25,0.05 99.4113
0.5,0.25,0.1 414.109
0.5,0.25,0.15 309.496
0.5,0.25,0.2 394.829
0.5,0.25,0.25 275.924
0.5,0.25,0.3 29.5386
0.5,0.25,0.35 0.148461
0.5,0.3,0 8.03702e-10
0.5,0.3,0.05 158.949
0.5,0.3,0.1 692.191
0.5,0.3,0.15 806.343
0.5,0.3,0.2 543.339
0.5,0.3,0.25 121.378
0.5,0.3,0.3 84.9726
0.5,0.3,0.35 59.488
0.5,0.3,0.4 1.88631
0.5,0.35,0 1.3749e-09
0.5,0.35,0.05 184.609
0.5,0.35,0.1 776.041
0.5,0.35,0.15 636.583
0.5,0.35,0.2 562.954
0.5,0.35,0.25 203.181
0.5,0.35,0.3 469.593
0.5,0.35,0.35 352.773
0.5,0.35,0.4 10.4594
0.5,0.4,0 1.06742e-09
0.5,0.4,0.05 97.109
0.5,0.4,0.1 398.964
0.5,0.4,0.15 302.498
0.5,0.4,0.2 369.781
0.5,0.4,0.25 342.323
0.5,0.4,0.3 696.959
0.5,0.4,0.35 310.793
0.5,0.4,0.4 6.76318
0.5,0.45,0 1.66914e-09
0.5,0.45,0.05 106.812
0.5,0.45,0.1 445.036
0.5,0.45,0.15 410.601
0.5,0.45,0.2 469.276
0.5,0.45,0.25 508.312
0.5,0.45,0.3 275.896
0.5,0.45,0.35 57.5874
0.5,0.45,0.4 0.776913
0.5,0.45,0.45 0.0115778
0.5,0.5,0 5.01305e-09
0.5,0.5,0.05 145.991
0.5,0.5,0.1 588.903
0.5,0.5,0.15 383.322
0.5,0.5,0.2 551.203
0.5,0.5,0.25 241.557
0.5,0.5,0.3 228.141
0.5,0.5,0.35 114.406
0.5,0.5,0.4 60.2027
0.5,0.5,0.45 3.13353
0.5,0.55,0 6.35302e-09
0.5,0.55,0.05 177.253
0.5,0.55,0.1 725.755
0.5,0.55,0.15 636.764
0.5,0.55,0.2 761.596
0.5,0.55,0.25 172.642
0.5,0.55,0.3 234.071
0.5,0.55,0.35 181.298
0.5,0.55,0.4 141.248
0.5,0.55,0.45 7.3585
0.5,0.6,0 3.50025e-09
0.5,0.6,0.05 96.0384
0.5,0.6,0.1 400.304
0.5,0.6,0.15 459.917
0.5,0.6,0.2 506.597
0.5,0.6,0.25 69.7457
0.5,0.6,0.3 20.7901
0.5,0.6,0.35 22.0223
0.5,0.6,0.4 20.2491
0.5,0.6,0.45 1.05516
0.5,0.65,0 2.35742e-09
0.5,0.65,0.05 114.598
0.5,0.65,0.1 460.364
0.5,0.65,0.15 196.348
0.5,0.65,0.2 143.719
0.5,0.65,0.25 17.7522
0.5,0.65,0.3 0.0179798
0.5,0.7,0 5.62918e-10
0.5,0.7,0.05 42.4028
0.5,0.7,0.1 262.152
0.5,0.7,0.15 184.481
0.5,0.7,0.2 88.023
0.5,0.7,0.25 6.16971
0.5,0.75,0 4.27093e-09
0.5,0.75,0.05 32.49
0.5,0.75,0.1 315.049
0.5,0.75,0.15 209.925
0.5,0.75,0.2 28.525
0.5,0.75,0.25 1.75816
0.5,0.8,0 1.33554e-07
0.5,0.8,0.05 34.904
0.5,0.8,0.1 161.646
0.5,0.8,0.15 57.7899
0.5,0.8,0.2 5.51821
0.5,0.8,0.25 0.352763
0.5,0.85,0 1.56847e-07
0.5,0.85,0.05 25.3816
0.5,0.85,0.1 100.983
0.5,0.85,0.15 25.1115
0.5,0.85,0.2 0.000867752
0.5,0.85,0.25 5.95721e-05
0.5,0.9,0 8.96276e-09
0.5,0.9,0.05 1.38416
0.5,0.9,0.1 5.50572
0.5,0.9,0.15 1.36874
0.55,0.05,0.2 0.0039904
0.55,0.05,0.25 0.0460163
0.55,0.05,0.3 0.0295122
0.55,0.05,0.35 0.000484033
0.55,0.1,0 3.04537e-12
0.55,0.1,0.05 0.0979386
0.55,0.1,0.1 2.32068
0.55,0.1,0.15 25.3001
0.55,0.1,0.2 32.4873
0.55,0.1,0.25 74.1139
0.55,0.1,0.3 39.9641
0.55,0.1,0.35 3.14973
0.55,0.15,0 8.59442e-10
0.55,0.15,0.05 30.634
0.55,0.15,0.1 136.393
0.55,0.15,0.15 243.508
0.55,0.15,0.2 338.589
0.55,0.15,0.25 455.658
0.55,0.15,0.3 236.476
0.55,0.15,0.35 21.8165
0.55,0.2,0 2.03691e-09
0.55,0.2,0.05 105.743
0.55,0.2,0.1 465.801
0.55,0.2,0.15 682.532
0.55,0.2,0.2 733.826
0.55,0.2,0.25 365.948
0.55,0.2,0.3 162.566
0.55,0.2,0.35 12.5311
0.55,0.25,0 3.20228e-10
0.55,0.25,0.05 62.03
0.55,0.25,0.1 289.554
0.55,0.25,0.15 609.021
0.55,0.25,0.2 595.17
0.55,0.25,0.25 732.695
0.55,0.25,0.3 329.955
0.55,0.25,0.35 6.83771
0.55,0.25,0.4 8.31509e-05
0.55,0.3,0 3.63952e-10
0.55,0.3,0.05 102.664
0.55,0.3,0.1 435.461
0.55,0.3,0.15 512.111
0.55,0.3,0.2 540.413
0.55,0.3,0.25 595.951
0.55,0.3,0.3 235.579
0.55,0.3,0.35 28.9926
0.55,0.3,0.4 0.834185
0.55,0.35,0 1.67808e-09
0.55,0.35,0.05 148.922
0.55,0.35,0.1 602.143
0.55,0.35,0.15 265.126
0.55,0.35,0.2 174.282
0.55,0.35,0.25 68.5942
0.55,0.35,0.3 157.72
0.55,0.35,0.35 121.05
0.55,0.35,0.4 3.76521
0.55,0.4,0 1.1407e-09
0.55,0.4,0.05 78.8696
0.55,0.4,0.1 316.822
0.55,0.4,0.15 124.299
0.55,0.4,0.2 108.709
0.55,0.4,0.25 114.126
0.55,0.4,0.3 112.077
0.55,0.4,0.35 48.7019
0.55,0.4,0.4 1.19128
0.55,0.45,0 1.94604e-09
0.55,0.45,0.05 112.885
0.55,0.45,0.1 455.366
0.55,0.45,0.15 278.84
0.55,0.45,0.2 440.309
0.55,0.45,0.25 376.799
0.55,0.45,0.3 70.2719
0.55,0.45,0.35 5.29851
0.55,0.45,0.4 0.0232828
0.55,0.45,0.45 9.22041e-05
0.55,0.5,0 2.97876e-09
0.55,0.5,0.05 100.754
0.55,0.5,0.1 419.686
0.55,0.5,0.15 549.607
0.55,0.5,0.2 717.341
0.55,0.5,0.25 165.893
0.55,0.5,0.3 12.2167
0.55,0.5,0.35 0.532738
0.55,0.5,0.4 0.478891
0.55,0.5,0.45 0.0249551
0.55,0.55,0 4.29293e-09
0.55,0.55,0.05 85.3671
0.55,0.55,0.1 414.219
0.55,0.55,0.15 747.155
0.55,0.55,0.2 738.605
0.55,0.55,0.25 114.292
0.55,0.55,0.3 3.62198
0.55,0.55,0.35 1.17338
0.55,0.55,0.4 1.12458
0.55,0.55,0.45 0.0586022
0.55,0.6,0 4.28921e-09
0.55,0.6,0.05 89.2129
0.55,0.6,0.1 413.519
0.55,0.6,0.15 486.933
0.55,0.6,0.2 343.416
0.55,0.6,0.25 58.1305
0.55,0.6,0.3 1.6378
0.55,0.6,0.35 0.16409
0.55,0.6,0.4 0.161259
0.55,0.6,0.45 0.00840321
0.55,0.65,0 8.54032e-10
0.55,0.65,0.05 60.579
0.55,0.65,0.1 266.549
0.55,0.65,0.15 436.415
0.55,0.65,0.2 432.142
0.55,0.65,0.25 36.5136
0.55,0.65,0.3 0.0682748
0.55,0.7,0 1.304e-10
0.55,0.7,0.05 63.1912
0.55,0.7,0.1 412.544
0.55,0.7,0.15 670.447
0.55,0.7,0.2 604.754
0.55,0.7,0.25 40.6142
0.55,0.7,0.3 0.00199826
0.55,0.75,0 1.43001e-08
0.55,0.75,0.05 111.897
0.55,0.75,0.1 668.655
0.55,0.75,0.15 328.353
0.55,0.75,0.2 55.9829
0.55,0.75,0.25 3.58695
0.55,0.8,0 4.45858e-07
0.55,0.8,0.05 148.479
0.55,0.8,0.1 613.566
0.55,0.8,0.15 165.064
0.55,0.8,0.2 0.298829
0.55,0.85,0 5.23551e-07
0.55,0.85,0.05 89.3176
0.55,0.85,0.1 355.453
0.55,0.85,0.15 88.4116
0.55,0.9,0 2.99179e-08
0.55,0.9,0.05 5.75641
0.55,0.9,0.1 22.9211
0.55,0.9,0.15 5.70429
0.55,0.95,0 9.51499e-18
0.55,0.95,0.05 1.11451e-05
0.55,0.95,0.1 4.45676e-05
0.55,0.95,0.15 1.11387e-05
0.6,0.1,0 3.64916e-12
0.6,0.1,0.05 0.1168
0.6,0.1,0.1 6.4899
0.6,0.1,0.15 74.1996
0.6,0.1,0.2 50.5618
0.6,0.1,0.25 3.88032
0.6,0.1,0.3 0.941581
0.6,0.1,0.35 0.00439451
0.6,0.15,0 1.03076e-09
0.6,0.15,0.05 35.059
0.6,0.15,0.1 176.339
0.6,0.15,0.15 467.164
0.6,0.15,0.2 299.955
0.6,0.15,0.25 28.739
0.6,0.15,0.3 7.15543
0.6,0.15,0.35 0.158935
0.6,0.2,0 2.46641e-09
0.6,0.2,0.05 138.142
0.6,0.2,0.1 577.995
0.6,0.2,0.15 423.297
0.6,0.2,0.2 282.08
0.6,0.2,0.25 254.782
0.6,0.2,0.3 187.621
0.6,0.2,0.35 10.3219
0.6,0.25,0 3.85372e-10
0.6,0.25,0.05 98.8174
0.6,0.25,0.1 487.91
0.6,0.25,0.15 592.718
0.6,0.25,0.2 519.357
0.6,0.25,0.25 834.119
0.6,0.25,0.3 510.761
0.6,0.25,0.35 27.3729
0.6,0.25,0.4 0.00443882
0.6,0.3,0 1.18213e-10
0.6,0.3,0.05 58.0466
0.6,0.3,0.1 333.337
0.6,0.3,0.15 594.953
0.6,0.3,0.2 759.956
0.6,0.3,0.25 769.324
0.6,0.3,0.3 434.222
0.6,0.3,0.35 73.8399
0.6,0.3,0.4 0.0396566
0.6,0.35,0 6.64328e-10
0.6,0.35,0.05 172.22
0.6,0.35,0.1 707.244
0.6,0.35,0.15 352.962
0.6,0.35,0.2 279.998
0.6,0.35,0.25 114.446
0.6,0.35,0.3 118.665
0.6,0.35,0.35 34.9648
0.6,0.35,0.4 0.0341531
0.6,0.4,0 2.95599e-10
0.6,0.4,0.05 81.8521
0.6,0.4,0.1 328.074
0.6,0.4,0.15 165.006
0.6,0.4,0.2 177.361
0.6,0.4,0.25 28.6539
0.6,0.4,0.3 1.6919
0.6,0.4,0.35 0.370435
0.6,0.4,0.4 0.00475277
0.6,0.45,0 9.10527e-10
0.6,0.45,0.05 155.002
0.6,0.45,0.1 621.408
0.6,0.45,0.15 407.576
0.6,0.45,0.2 580.837
0.6,0.45,0.25 105.815
0.6,0.45,0.3 3.34272
0.6,0.45,0.35 4.76196e-06
0.6,0.45,0.4 1.51359e-07
0.6,0.5,0 1.86353e-09
0.6,0.5,0.05 144.19
0.6,0.5,0.1 586.084
0.6,0.5,0.15 421.905
0.6,0.5,0.2 574.119
0.6,0.5,0.25 116.246
0.6,0.5,0.3 2.38962
0.6,0.55,0 5.17472e-10
0.6,0.55,0.05 20.7025
0.6,0.55,0.1 165.469
0.6,0.55,0.15 451.347
0.6,0.55,0.2 539.434
0.6,0.55,0.25 309.377
0.6,0.55,0.3 14.3806
0.6,0.6,0 3.71389e-10
0.6,0.6,0.05 12.1972
0.6,0.6,0.1 148.598
0.6,0.6,0.15 632.896
0.6,0.6,0.2 673.662
0.6,0.6,0.25 280.343
0.6,0.6,0.3 8.45474
0.6,0.65,0 4.31997e-11
0.6,0.65,0.05 82.03
0.6,0.65,0.1 417.408
0.6,0.65,0.15 899.553
0.6,0.65,0.2 856.508
0.6,0.65,0.25 144.145
0.6,0.65,0.3 0.688592
0.6,0.7,0 5.22762e-12
0.6,0.7,0.05 100.15
0.6,0.7,0.1 586.326
0.6,0.7,0.15 902.679
0.6,0.7,0.2 659.668
0.6,0.7,0.25 44.0382
0.6,0.7,0.3 0.0227661
0.6,0.75,0 3.47347e-09
0.6,0.75,0.05 113.831
0.6,0.75,0.1 611.413
0.6,0.75,0.15 280.914
0.6,0.75,0.2 45.3608
0.6,0.75,0.25 2.63475
0.6,0.8,0 9.40025e-08
0.6,0.8,0.05 159.837
0.6,0.8,0.1 664.587
0.6,0.8,0.15 187.423
0.6,0.8,0.2 1.22167
0.6,0.85,0 1.09315e-07
0.6,0.85,0.05 109.342
0.6,0.85,0.1 437.268
0.6,0.85,0.15 109.583
0.6,0.85,0.2 0.025495
0.6,0.9,0 6.2527e-09
0.6,0.9,0.05 22.1589
0.6,0.9,0.1 88.5901
0.6,0.9,0.15 22.1361
0.6,0.95,0 1.77506e-16
0.6,0.95,0.05 0.000207916
0.6,0.95,0.1 0.000831427
0.6,0.95,0.15 0.000207798
0.65,0.1,0 2.15294e-13
0.65,0.1,0.05 0.00694888
0.65,0.1,0.1 3.33123
0.65,0.1,0.15 33.7627
0.65,0.1,0.2 19.9948
0.65,0.1,0.25 0.276555
0.65,0.15,0 6.14486e-11
0.65,0.15,0.05 5.93852
0.65,0.15,0.1 62.1493
0.65,0.15,0.15 376.672
0.65,0.15,0.2 225.168
0.65,0.15,0.25 26.6727
0.65,0.15,0.3 2.29784
0.65,0.15,0.35 0.0254034
0.65,0.2,0 3.0014e-10
0.65,0.2,0.05 62.5098
0.65,0.2,0.1 281.772
0.65,0.2,0.15 333.676
0.65,0.2,0.2 353.576
0.65,0.2,0.25 327.282
0.65,0.2,0.3 56.974
0.65,0.2,0.35 2.01729
0.65,0.25,0 6.65501e-10
0.65,0.25,0.05 110.969
0.65,0.25,0.1 563.407
0.65,0.25,0.15 365.256
0.65,0.25,0.2 363.911
0.65,0.25,0.25 314.021
0.65,0.25,0.3 121.714
0.65,0.25,0.35 16.5468
0.65,0.25,0.4 0.00658116
0.65,0.3,0 1.92783e-10
0.65,0.3,0.05 74.5507
0.65,0.3,0.1 474.118
0.65,0.3,0.15 667.739
0.65,0.3,0.2 586.781
0.65,0.3,0.25 210.079
0.65,0.3,0.3 344.065
0.65,0.3,0.35 105.839
0.65,0.3,0.4 0.053153
0.65,0.35,0 3.63583e-10
0.65,0.35,0.05 161.659
0.65,0.35,0.1 693.25
0.65,0.35,0.15 432.738
0.65,0.35,0.2 185.166
0.65,0.35,0.25 56.4908
0.65,0.35,0.3 158.977
0.65,0.35,0.35 51.0178
0.65,0.35,0.4 0.025712
0.65,0.4,0 1.43782e-09
0.65,0.4,0.05 102.743
0.65,0.4,0.1 411.864
0.65,0.4,0.15 132.051
0.65,0.4,0.2 54.221
0.65,0.4,0.25 6.97575
0.65,0.4,0.3 1.02914
0.65,0.4,0.35 0.332801
0.65,0.4,0.4 0.000167729
