0.45,0.15,0.1 422.323
0.45,0.15,0.15 572.525
0.45,0.15,0.2 281.25
0.45,0.15,0.25 210.431
0.45,0.15,0.3 188.785
0.45,0.15,0.35 63.3284
0.45,0.15,0.4 1.39841
0.45,0.2,0 9.17063e-11
0.45,0.2,0.05 47.5165
0.45,0.2,0.1 512.636
0.45,0.2,0.15 559.47
0.45,0.2,0.2 264.429
0.45,0.2,0.25 472.589
0.45,0.2,0.3 315.594
0.45,0.2,0.35 12.3193
0.45,0.2,0.4 0.165902
0.45,0.25,0 1.91341e-10
0.45,0.25,0.05 75.2066
0.45,0.25,0.1 436.205
0.45,0.25,0.15 314.726
0.45,0.25,0.2 252.57
0.45,0.25,0.25 262.068
0.45,0.25,0.3 151.57
0.45,0.25,0.35 9.40461
0.45,0.25,0.4 0.369876
0.45,0.3,0 9.3754e-10
0.45,0.3,0.05 129.37
0.45,0.3,0.1 541.219
0.45,0.3,0.15 651.992
0.45,0.3,0.2 803.672
0.45,0.3,0.25 184.663
0.45,0.3,0.3 75.069
0.45,0.3,0.35 19.9224
0.45,0.3,0.4 13.2801
0.45,0.3,0.45 2.01692
0.45,0.35,0 6.27191e-09
0.45,0.35,0.05 134.519
0.45,0.35,0.1 554.831
0.45,0.35,0.15 502.485
0.45,0.35,0.2 619.577
0.45,0.35,0.25 314.958
0.45,0.35,0.3 610.776
0.45,0.35,0.35 300.623
0.45,0.35,0.4 154.659
0.45,0.35,0.45 19.0925
0.45,0.4,0 3.8291e-09
0.45,0.4,0.05 79.2517
0.45,0.4,0.1 342.265
0.45,0.4,0.15 311.407
0.45,0.4,0.2 375.641
0.45,0.4,0.25 260.202
0.45,0.4,0.3 640.987
0.45,0.4,0.35 612.175
0.45,0.4,0.4 190.493
0.45,0.4,0.45 13.125
0.45,0.4,0.5 0.000436333
0.45,0.45,0 2.48012e-10
0.45,0.45,0.05 74.0952
0.45,0.45,0.1 360.972
0.45,0.45,0.15 493.619
0.45,0.45,0.2 547.131
0.45,0.45,0.25 581.545
0.45,0.45,0.3 546.798
0.45,0.45,0.35 397.616
0.45,0.45,0.4 311.112
0.45,0.45,0.45 68.2354
0.45,0.45,0.5 0.00641383
0.45,0.5,0 9.65513e-10
0.45,0.5,0.05 87.5026
0.45,0.5,0.1 405.292
0.45,0.5,0.15 461.456
0.45,0.5,0.2 633.436
0.45,0.5,0.25 693.228
0.45,0.5,0.3 461.901
0.45,0.5,0.35 940.256
0.45,0.5,0.4 777.594
0.45,0.5,0.45 111.182
0.45,0.5,0.5 0.00834361
0.45,0.55,0 4.41897e-09
0.45,0.55,0.05 35.6328
0.45,0.55,0.1 288.903
0.45,0.55,0.15 594.442
0.45,0.55,0.2 535.989
0.45,0.55,0.25 231.55
0.45,0.55,0.3 79.8136
0.45,0.55,0.35 457.019
0.45,0.55,0.4 311.148
0.45,0.55,0.45 14.713
0.45,0.55,0.5 0.000733344
0.45,0.6,0 1.45626e-08
0.45,0.6,0.05 124.751
0.45,0.6,0.1 543.23
0.45,0.6,0.15 389.308
0.45,0.6,0.2 733.828
0.45,0.6,0.25 405.029
0.45,0.6,0.3 31.6688
0.45,0.6,0.35 14.991
0.45,0.6,0.4 8.01738
0.45,0.6,0.45 0.117454
0.45,0.65,0 4.32448e-09
0.45,0.65,0.05 65.776
0.45,0.65,0.1 288.08
0.45,0.65,0.15 225.618
0.45,0.65,0.2 253.627
0.45,0.65,0.25 109.572
0.45,0.65,0.3 31.8129
0.45,0.65,0.35 52.7183
0.45,0.65,0.4 8.4705
0.45,0.65,0.45 0.0109049
0.45,0.7,0 1.04913e-10
0.45,0.7,0.05 1.20881
0.45,0.7,0.1 13.3641
0.45,0.7,0.15 49.7339
0.45,0.7,0.2 54.4412
0.45,0.7,0.25 19.8319
0.45,0.7,0.3 49.3502
0.45,0.7,0.35 114.034
0.45,0.7,0.4 17.0586
0.45,0.7,0.45 0.000453727
0.45,0.75,0 2.42916e-07
0.45,0.75,0.05 25.0314
0.45,0.75,0.1 99.4943
0.45,0.75,0.15 31.2012
0.45,0.75,0.2 23.1906
0.45,0.75,0.25 5.91911
0.45,0.75,0.3 6.62779
0.45,0.75,0.35 15.774
0.45,0.75,0.4 2.35664
0.45,0.8,0 7.85732e-07
0.45,0.8,0.05 80.9672
0.45,0.8,0.1 321.799
0.45,0.8,0.15 80.5492
0.45,0.8,0.2 1.98443
0.45,0.8,0.25 0.40037
0.45,0.8,0.3 0.000304652
0.45,0.8,0.35 5.40314e-05
0.45,0.85,0 1.58594e-07
0.45,0.85,0.05 16.3439
0.45,0.85,0.1 64.9577
0.45,0.85,0.15 16.1356
0.45,0.9,0 1.66874e-12
0.45,0.9,0.05 0.000257712
0.45,0.9,0.1 0.00102509
0.45,0.9,0.15 0.00025484
0.5,0.05,0.25 1.46629
0.5,0.05,0.3 20.6664
0.5,0.05,0.35 15.2818
0.5,0.05,0.4 0.358516
0.5,0.1,0 2.83552e-14
0.5,0.1,0.05 0.706414
0.5,0.1,0.1 8.56506
0.5,0.1,0.15 32.9162
0.5,0.1,0.2 44.6172
0.5,0.1,0.25 54.7069
0.5,0.1,0.3 290.773
0.5,0.1,0.35 203.207
0.5,0.1,0.4 4.74959
0.5,0.15,0 5.4421e-11
0.5,0.15,0.05 10.546
0.5,0.15,0.1 76.8808
0.5,0.15,0.15 261.168
0.5,0.15,0.2 424.638
0.5,0.15,0.25 636.412
0.5,0.15,0.3 554.832
0.5,0.15,0.35 159.499
0.5,0.15,0.4 3.37614
0.5,0.2,0 6.51801e-10
0.5,0.2,0.05 90.418
0.5,0.2,0.1 418.041
0.5,0.2,0.15 489.125
0.5,0.2,0.2 759.106
0.5,0.2,0.25 886.877
0.5,0.2,0.3 628.467
0.5,0.2,0.35 102.435
0.5,0.2,0.4 5.44823
0.5,0.25,0 6.11182e-09
0.5,0.25,0.05 94.2624
0.5,0.25,0.1 408.22
0.5,0.25,0.15 402.981
0.5,0.25,0.2 665.683
0.5,0.25,0.25 576.43
0.5,0.25,0.3 345.129
0.5,0.25,0.35 216.452
0.5,0.25,0.4 14.5204
0.5,0.3,0 1.97404e-08
0.5,0.3,0.05 138.412
0.5,0.3,0.1 576.952
0.5,0.3,0.15 668.133
0.5,0.3,0.2 740.774
0.5,0.3,0.25 365.188
0.5,0.3,0.3 130.038
0.5,0.3,0.35 62.8945
0.5,0.3,0.4 40.537
0.5,0.3,0.45 5.81195
0.5,0.35,0 3.6552e-08
0.5,0.35,0.05 158.023
0.5,0.35,0.1 647.159
0.5,0.35,0.15 495.716
0.5,0.35,0.2 481.681
0.5,0.35,0.25 122.257
0.5,0.35,0.3 114.68
0.5,0.35,0.35 281.708
0.5,0.35,0.4 408.884
0.5,0.35,0.45 54.929
0.5,0.4,0 2.06708e-08
0.5,0.4,0.05 100.463
0.5,0.4,0.1 404.025
0.5,0.4,0.15 210.475
0.5,0.4,0.2 374.385
0.5,0.4,0.25 264.27
0.5,0.4,0.3 197.113
0.5,0.4,0.35 565.5
0.5,0.4,0.4 397.195
0.5,0.4,0.45 31.5985
0.5,0.4,0.5 1.15528e-05
0.5,0.45,0 6.5982e-10
0.5,0.45,0.05 105.598
0.5,0.45,0.1 428.231
0.5,0.45,0.15 228.023
0.5,0.45,0.2 453.75
0.5,0.45,0.25 398.352
0.5,0.45,0.3 164.653
0.5,0.45,0.35 157.005
0.5,0.45,0.4 99.9372
0.5,0.45,0.45 11.3499
0.5,0.45,0.5 0.000807772
0.5,0.5,0 4.78496e-09
0.5,0.5,0.05 118.717
0.5,0.5,0.1 508.865
0.5,0.5,0.15 417.724
0.5,0.5,0.2 582.782
0.5,0.5,0.25 499.612
0.5,0.5,0.3 301.731
0.5,0.5,0.35 264.541
0.5,0.5,0.4 205.868
0.5,0.5,0.45 20.114
0.5,0.5,0.5 0.00132281
0.5,0.55,0 4.82648e-09
0.5,0.55,0.05 79.0655
0.5,0.55,0.1 498.759
0.5,0.55,0.15 818.535
0.5,0.55,0.2 918.911
0.5,0.55,0.25 296.009
0.5,0.55,0.3 214.241
0.5,0.55,0.35 179.064
0.5,0.55,0.4 107.391
0.5,0.55,0.45 3.58634
0.5,0.55,0.5 0.000122482
0.5,0.6,0 5.08459e-10
0.5,0.6,0.05 14.8132
0.5,0.6,0.1 205.001
0.5,0.6,0.15 423.393
0.5,0.6,0.2 401.015
0.5,0.6,0.25 97.7659
0.5,0.6,0.3 11.0683
0.5,0.6,0.35 5.08604
0.5,0.6,0.4 2.49049
0.5,0.6,0.45 0.0388708
0.5,0.65,0 1.85934e-10
0.5,0.65,0.05 5.87862
0.5,0.65,0.1 117.117
0.5,0.65,0.15 451.716
0.5,0.65,0.2 354.188
0.5,0.65,0.25 179.053
0.5,0.65,0.3 13.6573
0.5,0.65,0.35 0.018558
0.5,0.65,0.4 0.00147623
0.5,0.7,0 2.10608e-11
0.5,0.7,0.05 0.420791
0.5,0.7,0.1 32.7069
0.5,0.7,0.15 248.712
0.5,0.7,0.2 679.97
0.5,0.7,0.25 349.972
0.5,0.7,0.3 17.1776
0.5,0.7,0.35 0.0317033
0.5,0.7,0.4 0.00336143
0.5,0.75,0 1.82807e-08
0.5,0.75,0.05 8.33245
0.5,0.75,0.1 36.2622
0.5,0.75,0.15 116.663
0.5,0.75,0.2 373.458
0.5,0.75,0.25 100.2
0.5,0.75,0.3 1.20998
0.5,0.75,0.35 0.00355949
0.5,0.75,0.4 0.000465515
0.5,0.8,0 1.78869e-07
0.5,0.8,0.05 31.89
0.5,0.8,0.1 127.225
0.5,0.8,0.15 41.8268
0.5,0.8,0.2 31.4505
0.5,0.8,0.25 6.33074
0.5,0.85,0 1.65992e-07
0.5,0.85,0.05 25.4838
0.5,0.85,0.1 101.369
0.5,0.85,0.15 25.2017
0.5,0.9,0 8.96276e-09
0.5,0.9,0.05 1.38416
0.5,0.9,0.1 5.50572
0.5,0.9,0.15 1.36874
0.55,0.05,0.25 0.216127
0.55,0.05,0.3 3.04616
0.55,0.05,0.35 2.25248
0.55,0.05,0.4 0.0528441
0.55,0.1,0 1.1782e-12
0.55,0.1,0.05 0.0830755
0.55,0.1,0.1 0.381933
0.55,0.1,0.15 8.63789
0.55,0.1,0.2 45.559
0.55,0.1,0.25 29.563
0.55,0.1,0.3 48.2543
0.55,0.1,0.35 30.2559
0.55,0.1,0.4 0.700075
0.55,0.15,0 3.7974e-10
0.55,0.15,0.05 27.9619
0.55,0.15,0.1 112.324
0.55,0.15,0.15 101.004
0.55,0.15,0.2 358.834
0.55,0.15,0.25 347.819
0.55,0.15,0.3 221.766
0.55,0.15,0.35 36.5978
0.55,0.15,0.4 0.717443
0.55,0.2,0 1.13573e-09
0.55,0.2,0.05 96.6349
0.55,0.2,0.1 395.551
0.55,0.2,0.15 338.59
0.55,0.2,0.2 529.794
0.55,0.2,0.25 486.431
0.55,0.2,0.3 513.314
0.55,0.2,0.35 223.206
0.55,0.2,0.4 10.6797
0.55,0.25,0 8.16151e-09
0.55,0.25,0.05 64.8203
0.55,0.25,0.1 280.988
0.55,0.25,0.15 457.362
0.55,0.25,0.2 675.777
0.55,0.25,0.25 728.746
0.55,0.25,0.3 698.682
0.55,0.25,0.35 426.826
0.55,0.25,0.4 22.158
0.55,0.3,0 2.41498e-08
0.55,0.3,0.05 104.855
0.55,0.3,0.1 430.16
0.55,0.3,0.15 404.974
0.55,0.3,0.2 537.774
0.55,0.3,0.25 712.647
0.55,0.3,0.3 712.457
0.55,0.3,0.35 191.019
0.55,0.3,0.4 10.3186
0.55,0.3,0.45 1.04058
0.55,0.35,0 1.5491e-08
0.55,0.35,0.05 140.728
0.55,0.35,0.1 577.678
0.55,0.35,0.15 254.211
0.55,0.35,0.2 100.927
0.55,0.35,0.25 249.819
0.55,0.35,0.3 350.589
0.55,0.35,0.35 81.9573
0.55,0.35,0.4 71.0153
0.55,0.35,0.45 9.82062
0.55,0.4,0 6.96888e-09
0.55,0.4,0.05 84.667
0.55,0.4,0.1 345.338
0.55,0.4,0.15 119.944
0.55,0.4,0.2 127.284
0.55,0.4,0.25 390.45
0.55,0.4,0.3 130.178
0.55,0.4,0.35 69.5496
0.55,0.4,0.4 62.5967
0.55,0.4,0.45 5.57609
0.55,0.45,0 2.80218e-10
0.55,0.45,0.05 104.476
0.55,0.45,0.1 459.157
0.55,0.45,0.15 190.678
0.55,0.45,0.2 413.533
0.55,0.45,0.25 340.343
0.55,0.45,0.3 60.0463
0.55,0.45,0.35 14.306
0.55,0.45,0.4 7.15769
0.55,0.45,0.45 0.112962
0.55,0.5,0 1.73774e-09
0.55,0.5,0.05 83.4311
0.55,0.5,0.1 416.277
0.55,0.5,0.15 264.454
0.55,0.5,0.2 783.663
0.55,0.5,0.25 452.307
0.55,0.5,0.3 209.48
0.55,0.5,0.35 25.3245
0.55,0.5,0.4 0.279788
0.55,0.5,0.45 0.00685305
0.55,0.55,0 1.74893e-09
0.55,0.55,0.05 37.92
0.55,0.55,0.1 292.405
0.55,0.55,0.15 400.945
0.55,0.55,0.2 715.763
0.55,0.55,0.25 360.504
0.55,0.55,0.3 210.119
0.55,0.55,0.35 25.3378
0.55,0.55,0.4 0.177727
0.55,0.55,0.45 0.00410548
0.55,0.6,0 5.26559e-10
0.55,0.6,0.05 9.44615
0.55,0.6,0.1 232.93
0.55,0.6,0.15 352.089
0.55,0.6,0.2 452.112
0.55,0.6,0.25 291.272
0.55,0.6,0.3 23.3119
0.55,0.6,0.35 1.12804
0.55,0.6,0.4 0.00334912
0.55,0.6,0.45 6.24421e-05
0.55,0.65,0 8.4364e-09
0.55,0.65,0.05 29.6494
0.55,0.65,0.1 192.169
0.55,0.65,0.15 280.492
0.55,0.65,0.2 436.803
0.55,0.65,0.25 584.196
0.55,0.65,0.3 108.232
0.55,0.65,0.35 0.098256
0.55,0.7,0 7.51379e-09
0.55,0.7,0.05 28.8726
0.55,0.7,0.1 230.238
0.55,0.7,0.15 412.745
0.55,0.7,0.2 686.697
0.55,0.7,0.25 625.965
0.55,0.7,0.3 106.152
0.55,0.7,0.35 0.104268
0.55,0.75,0 1.45626e-08
0.55,0.75,0.05 71.2234
0.55,0.75,0.1 388.409
0.55,0.75,0.15 372.379
0.55,0.75,0.2 334.609
0.55,0.75,0.25 103.587
0.55,0.75,0.3 6.44295
0.55,0.75,0.35 0.0050331
0.55,0.8,0 4.45858e-07
0.55,0.8,0.05 145.027
0.55,0.8,0.1 587.075
0.55,0.8,0.15 170.055
0.55,0.8,0.2 27.5775
0.55,0.8,0.25 5.88554
0.55,0.8,0.3 0.17414
0.55,0.85,0 5.23551e-07
0.55,0.85,0.05 89.3176
0.55,0.85,0.1 355.454
0.55,0.85,0.15 88.4149
0.55,0.85,0.2 0.00244584
0.55,0.85,0.25 5.63959e-05
0.55,0.9,0 2.99179e-08
0.55,0.9,0.05 5.75641
0.55,0.9,0.1 22.9211
0.55,0.9,0.15 5.70429
0.55,0.95,0 9.51499e-18
0.55,0.95,0.05 1.11451e-05
0.55,0.95,0.1 4.45676e-05
0.55,0.95,0.15 1.11387e-05
0.6,0.1,0 1.57595e-12
0.6,0.1,0.05 0.11112
0.6,0.1,0.1 0.444158
0.6,0.1,0.15 12.149
0.6,0.1,0.2 64.8988
0.6,0.1,0.25 22.3403
0.6,0.1,0.3 0.103451
0.6,0.1,0.35 0.00429064
0.6,0.15,0 4.824e-10
0.6,0.15,0.05 34.1958
0.6,0.15,0.1 137.696
0.6,0.15,0.15 126.703
0.6,0.15,0.2 485.66
0.6,0.15,0.25 167.606
0.6,0.15,0.3 15.362
0.6,0.15,0.35 11.0249
0.6,0.15,0.4 0.367143
0.6,0.2,0 1.16145e-09
0.6,0.2,0.05 97.2424
0.6,0.2,0.1 481.963
0.6,0.2,0.15 296.169
0.6,0.2,0.2 294.178
0.6,0.2,0.25 111.821
0.6,0.2,0.3 239.036
0.6,0.2,0.35 199.756
0.6,0.2,0.4 6.94338
0.6,0.25,0 7.49007e-10
0.6,0.25,0.05 41.1739
0.6,0.25,0.1 348.029
0.6,0.25,0.15 597.178
0.6,0.25,0.2 494.216
0.6,0.25,0.25 471.292
0.6,0.25,0.3 465.866
0.6,0.25,0.35 224.793
0.6,0.25,0.4 6.89151
0.6,0.3,0 1.70267e-09
0.6,0.3,0.05 15.751
0.6,0.3,0.1 116.679
0.6,0.3,0.15 485.163
0.6,0.3,0.2 769.76
0.6,0.3,0.25 754.243
0.6,0.3,0.3 495.762
0.6,0.3,0.35 100.001
0.6,0.3,0.4 0.546791
0.6,0.35,0 3.20313e-10
0.6,0.35,0.05 45.5343
0.6,0.35,0.1 303.85
0.6,0.35,0.15 728.378
0.6,0.35,0.2 343.664
0.6,0.35,0.25 180.826
0.6,0.35,0.3 182.007
0.6,0.35,0.35 23.4478
0.6,0.35,0.4 0.0184173
0.6,0.4,0 4.37258e-11
0.6,0.4,0.05 35.1702
0.6,0.4,0.1 208.266
0.6,0.4,0.15 344.339
0.6,0.4,0.2 149.303
0.6,0.4,0.25 76.3465
0.6,0.4,0.3 25.8738
0.6,0.4,0.35 1.1127
0.6,0.45,0 1.26109e-10
0.6,0.45,0.05 119.889
0.6,0.45,0.1 607.892
0.6,0.45,0.15 300.17
0.6,0.45,0.2 593.678
0.6,0.45,0.25 372.116
0.6,0.45,0.3 28.0386
0.6,0.45,0.35 0.055285
0.6,0.5,0 2.82043e-11
0.6,0.5,0.05 99.4309
0.6,0.5,0.1 556.418
0.6,0.5,0.15 303.197
0.6,0.5,0.2 742.534
0.6,0.5,0.25 480.32
0.6,0.5,0.3 92.5826
0.6,0.5,0.35 5.42994
0.6,0.55,0 2.58914e-12
0.6,0.55,0.05 11.5004
0.6,0.55,0.1 82.3741
0.6,0.55,0.15 80.5779
0.6,0.55,0.2 366.753
0.6,0.55,0.25 395.928
0.6,0.55,0.3 205.29
0.6,0.55,0.35 13.3915
0.6,0.6,0 1.19215e-09
0.6,0.6,0.05 5.11008
0.6,0.6,0.1 46.5143
0.6,0.6,0.15 91.7593
0.6,0.6,0.2 699.29
0.6,0.6,0.25 718.96
0.6,0.6,0.3 91.9894
0.6,0.6,0.35 2.23122
0.6,0.65,0 2.24436e-08
0.6,0.65,0.05 77.4213
0.6,0.65,0.1 400.572
0.6,0.65,0.15 377.263
0.6,0.65,0.2 514.184
0.6,0.65,0.25 709.312
0.6,0.65,0.3 114.409
0.6,0.65,0.35 0.0712357
0.6,0.7,0 1.99888e-08
0.6,0.7,0.05 71.1184
0.6,0.7,0.1 463.204
0.6,0.7,0.15 587.236
0.6,0.7,0.2 366.531
0.6,0.7,0.25 386.741
0.6,0.7,0.3 92.1533
0.6,0.7,0.35 0.0754947
0.6,0.75,0 4.17184e-09
0.6,0.75,0.05 79.8631
0.6,0.75,0.1 455.388
0.6,0.75,0.15 458.167
0.6,0.75,0.2 233.197
0.6,0.75,0.25 263.327
0.6,0.75,0.3 52.7117
0.6,0.75,0.35 0.003636
0.6,0.8,0 9.40025e-08
0.6,0.8,0.05 157.083
0.6,0.8,0.1 644.215
0.6,0.8,0.15 261.822
0.6,0.8,0.2 77.2696
0.6,0.8,0.25 45.8098
0.6,0.8,0.3 9.28904
0.6,0.85,0 1.09315e-07
0.6,0.85,0.05 109.325
0.6,0.85,0.1 437.042
0.6,0.85,0.15 112.438
0.6,0.85,0.2 2.46819
0.6,0.85,0.25 0.0569112
0.6,0.9,0 6.2527e-09
0.6,0.9,0.05 22.1589
0.6,0.9,0.1 88.5901
0.6,0.9,0.15 22.1361
0.6,0.95,0 1.77506e-16
0.6,0.95,0.05 0.000207916
0.6,0.95,0.1 0.000831427
0.6,0.95,0.15 0.000207798
0.65,0.1,0 1.10019e-13
0.65,0.1,0.05 0.00775746
0.65,0.1,0.1 0.0310073
0.65,0.1,0.15 9.329
0.65,0.1,0.2 41.9577
0.65,0.1,0.25 11.8429
0.65,0.1,0.3 0.00175177
0.65,0.15,0 3.36725e-11
0.65,0.15,0.05 2.5257
0.65,0.15,0.1 10.9516
0.65,0.15,0.15 81.0409
0.65,0.15,0.2 351.413
0.65,0.15,0.25 99.5681
0.65,0.15,0.3 1.26529
0.65,0.15,0.35 1.0916
0.65,0.15,0.4 0.0367225
0.65,0.2,0 8.0988e-11
0.65,0.2,0.05 18.768
0.65,0.2,0.1 150.091
0.65,0.2,0.15 155.272
0.65,0.2,0.2 279.587
0.65,0.2,0.25 76.6204
0.65,0.2,0.3 22.521
0.65,0.2,0.35 19.303
0.65,0.2,0.4 0.649096
0.65,0.25,0 1.19281e-11
0.65,0.25,0.05 23.7701
0.65,0.25,0.1 239.955
0.65,0.25,0.15 383.751
0.65,0.25,0.2 434.402
0.65,0.25,0.25 165.391
0.65,0.25,0.3 41.8217
0.65,0.25,0.35 17.3766
0.65,0.25,0.4 0.557544
0.65,0.3,0.05 2.36416
0.65,0.3,0.1 74.2611
0.65,0.3,0.15 537.955
0.65,0.3,0.2 630.457
0.65,0.3,0.25 384.231
0.65,0.3,0.3 54.0282
0.65,0.3,0.35 2.21992
0.65,0.3,0.4 0.0209131
0.65,0.35,0 4.04506e-14
0.65,0.35,0.05 0.306024
0.65,0.35,0.1 101.959
0.65,0.35,0.15 543.246
