0.45,0.55,0.45 78.885
0.45,0.55,0.5 0.185237
0.45,0.6,0 1.23695e-08
0.45,0.6,0.05 66.2177
0.45,0.6,0.1 428.902
0.45,0.6,0.15 376.768
0.45,0.6,0.2 557.729
0.45,0.6,0.25 623.962
0.45,0.6,0.3 174.296
0.45,0.6,0.35 216.313
0.45,0.6,0.4 471.706
0.45,0.6,0.45 167.027
0.45,0.6,0.5 1.37995
0.45,0.65,0 2.77989e-09
0.45,0.65,0.05 31.5195
0.45,0.65,0.1 294.412
0.45,0.65,0.15 322.994
0.45,0.65,0.2 498.489
0.45,0.65,0.25 297.823
0.45,0.65,0.3 215.932
0.45,0.65,0.35 133.4
0.45,0.65,0.4 415.888
0.45,0.65,0.45 138.88
0.45,0.65,0.5 0.66692
0.45,0.7,0 7.13216e-11
0.45,0.7,0.05 1.07024
0.45,0.7,0.1 12.9245
0.45,0.7,0.15 45.8565
0.45,0.7,0.2 91.8265
0.45,0.7,0.25 50.5885
0.45,0.7,0.3 120.716
0.45,0.7,0.35 90.2727
0.45,0.7,0.4 187.355
0.45,0.7,0.45 58.1484
0.45,0.7,0.5 0.188178
0.45,0.75,0 2.42916e-07
0.45,0.75,0.05 25.0314
0.45,0.75,0.1 99.4857
0.45,0.75,0.15 24.7246
0.45,0.75,0.2 0.0276965
0.45,0.75,0.25 12.0987
0.45,0.75,0.3 58.261
0.45,0.75,0.35 29.2322
0.45,0.75,0.4 13.0823
0.45,0.75,0.45 5.84454
0.45,0.75,0.5 0.0554068
0.45,0.8,0 7.85732e-07
0.45,0.8,0.05 80.9672
0.45,0.8,0.1 321.799
0.45,0.8,0.15 79.9354
0.45,0.8,0.25 0.221497
0.45,0.8,0.3 0.97442
0.45,0.8,0.35 0.359245
0.45,0.8,0.4 0.013087
0.45,0.8,0.45 0.000987787
0.45,0.8,0.5 1.05088e-05
0.45,0.85,0 1.58594e-07
0.45,0.85,0.05 16.3439
0.45,0.85,0.1 64.9577
0.45,0.85,0.15 16.1356
0.45,0.9,0 1.66874e-12
0.45,0.9,0.05 0.000257712
0.45,0.9,0.1 0.00102509
0.45,0.9,0.15 0.00025484
0.5,0.1,0.05 3.71619e-07
0.5,0.1,0.1 1.24896
0.5,0.1,0.15 15.9418
0.5,0.1,0.2 15.6057
0.5,0.1,0.25 7.9027
0.5,0.1,0.3 12.3719
0.5,0.1,0.35 8.73346
0.5,0.1,0.4 6.07317
0.5,0.1,0.45 0.363793
0.5,0.15,0.05 0.000114659
0.5,0.15,0.1 13.3343
0.5,0.15,0.15 119.664
0.5,0.15,0.2 254.607
0.5,0.15,0.25 265.707
0.5,0.15,0.3 290.308
0.5,0.15,0.35 224.756
0.5,0.15,0.4 145.956
0.5,0.15,0.45 8.68833
0.5,0.2,0 7.033e-10
0.5,0.2,0.05 0.0276376
0.5,0.2,0.1 73.2036
0.5,0.2,0.15 453.791
0.5,0.2,0.2 629.911
0.5,0.2,0.25 703.593
0.5,0.2,0.3 798.531
0.5,0.2,0.35 515.488
0.5,0.2,0.4 182.181
0.5,0.2,0.45 9.67717
0.5,0.25,0 1.47071e-08
0.5,0.25,0.05 8.51618
0.5,0.25,0.1 95.0897
0.5,0.25,0.15 353.277
0.5,0.25,0.2 455.709
0.5,0.25,0.25 639.845
0.5,0.25,0.3 710.244
0.5,0.25,0.35 496.204
0.5,0.25,0.4 221.075
0.5,0.25,0.45 8.19908
0.5,0.3,0 1.39347e-08
0.5,0.3,0.05 74.8228
0.5,0.3,0.1 419.597
0.5,0.3,0.15 526.823
0.5,0.3,0.2 693.078
0.5,0.3,0.25 354.769
0.5,0.3,0.3 321.533
0.5,0.3,0.35 723.675
0.5,0.3,0.4 407.394
0.5,0.3,0.45 21.1268
0.5,0.35,0 5.5006e-10
0.5,0.35,0.05 77.7257
0.5,0.35,0.1 556.065
0.5,0.35,0.15 690.769
0.5,0.35,0.2 580.222
0.5,0.35,0.25 267.244
0.5,0.35,0.3 349.507
0.5,0.35,0.35 599.908
0.5,0.35,0.4 503.263
0.5,0.35,0.45 92.8487
0.5,0.4,0 5.76974e-10
0.5,0.4,0.05 38.1647
0.5,0.4,0.1 338.787
0.5,0.4,0.15 334.808
0.5,0.4,0.2 316.405
0.5,0.4,0.25 354.094
0.5,0.4,0.3 721.752
0.5,0.4,0.35 609.538
0.5,0.4,0.4 606.67
0.5,0.4,0.45 109.028
0.5,0.4,0.5 0.00498188
0.5,0.45,0 4.01778e-08
0.5,0.45,0.05 36.0244
0.5,0.45,0.1 264.624
0.5,0.45,0.15 307.002
0.5,0.45,0.2 555.988
0.5,0.45,0.25 607.881
0.5,0.45,0.3 395.638
0.5,0.45,0.35 322.315
0.5,0.45,0.4 447.638
0.5,0.45,0.45 97.438
0.5,0.45,0.5 0.0665178
0.5,0.5,0 6.57567e-08
0.5,0.5,0.05 74.6422
0.5,0.5,0.1 459.345
0.5,0.5,0.15 473.988
0.5,0.5,0.2 631.514
0.5,0.5,0.25 622.495
0.5,0.5,0.3 396.909
0.5,0.5,0.35 379.701
0.5,0.5,0.4 503.92
0.5,0.5,0.45 89.5391
0.5,0.5,0.5 0.047388
0.5,0.55,0 6.10596e-09
0.5,0.55,0.05 31.8745
0.5,0.55,0.1 312.078
0.5,0.55,0.15 701.749
0.5,0.55,0.2 946.922
0.5,0.55,0.25 650.288
0.5,0.55,0.3 447.278
0.5,0.55,0.35 414.748
0.5,0.55,0.4 280.342
0.5,0.55,0.45 33.9016
0.5,0.55,0.5 0.0129065
0.5,0.6,0 7.94165e-11
0.5,0.6,0.05 4.4511
0.5,0.6,0.1 97.7298
0.5,0.6,0.15 398.735
0.5,0.6,0.2 499.51
0.5,0.6,0.25 467.357
0.5,0.6,0.3 303.071
0.5,0.6,0.35 150.509
0.5,0.6,0.4 33.8787
0.5,0.6,0.45 10.7543
0.5,0.6,0.5 0.0894304
0.5,0.65,0 1.78479e-11
0.5,0.65,0.05 2.82445
0.5,0.65,0.1 44.2503
0.5,0.65,0.15 193.119
0.5,0.65,0.2 351.142
0.5,0.65,0.25 292.367
0.5,0.65,0.3 447.991
0.5,0.65,0.35 124.157
0.5,0.65,0.4 22.2807
0.5,0.65,0.45 6.49376
0.5,0.65,0.5 0.0407122
0.5,0.7,0 4.11456e-12
0.5,0.7,0.05 0.139855
0.5,0.7,0.1 1.85534
0.5,0.7,0.15 42.3419
0.5,0.7,0.2 94.4284
0.5,0.7,0.25 137.032
0.5,0.7,0.3 653.855
0.5,0.7,0.35 423.93
0.5,0.7,0.4 32.4645
0.5,0.7,0.45 1.30089
0.5,0.7,0.5 0.000211841
0.5,0.75,0 1.82775e-08
0.5,0.75,0.05 2.10251
0.5,0.75,0.1 8.60239
0.5,0.75,0.15 4.25198
0.5,0.75,0.2 1.18797
0.5,0.75,0.25 60.8513
0.5,0.75,0.3 339.472
0.5,0.75,0.35 212.959
0.5,0.75,0.4 12.8369
0.5,0.75,0.45 0.0235952
0.5,0.75,0.5 8.95794e-08
0.5,0.8,0 1.78866e-07
0.5,0.8,0.05 25.2937
0.5,0.8,0.1 100.956
0.5,0.8,0.15 28.1453
0.5,0.8,0.2 1.62092
0.5,0.8,0.25 1.11672
0.5,0.8,0.3 5.2537
0.5,0.8,0.35 2.43218
0.5,0.8,0.4 0.109945
0.5,0.85,0 1.65992e-07
0.5,0.85,0.05 25.1649
0.5,0.85,0.1 100.124
0.5,0.85,0.15 25.1384
0.5,0.85,0.2 0.130777
0.5,0.85,0.25 0.00105963
0.5,0.9,0 8.96276e-09
0.5,0.9,0.05 1.38416
0.5,0.9,0.1 5.50572
0.5,0.9,0.15 1.36874
0.55,0.1,0.05 0.000533098
0.55,0.1,0.1 0.0801728
0.55,0.1,0.15 0.186682
0.55,0.1,0.2 0.657027
0.55,0.1,0.25 0.837112
0.55,0.1,0.3 0.586691
0.55,0.1,0.35 0.295488
0.55,0.1,0.4 0.156765
0.55,0.1,0.45 0.00938915
0.55,0.15,0.05 0.164481
0.55,0.15,0.1 27.3401
0.55,0.15,0.15 71.1554
0.55,0.15,0.2 49.7047
0.55,0.15,0.25 80.9086
0.55,0.15,0.3 60.5716
0.55,0.15,0.35 11.5097
0.55,0.15,0.4 3.83605
0.55,0.15,0.45 0.224715
0.55,0.2,0.05 0.396365
0.55,0.2,0.1 89.335
0.55,0.2,0.15 346.943
0.55,0.2,0.2 309.004
0.55,0.2,0.25 520.213
0.55,0.2,0.3 357.406
0.55,0.2,0.35 146.2
0.55,0.2,0.4 83.2277
0.55,0.2,0.45 2.49506
0.55,0.25,0.05 2.80798
0.55,0.25,0.1 117.755
0.55,0.25,0.15 405.144
0.55,0.25,0.2 439.063
0.55,0.25,0.25 629.945
0.55,0.25,0.3 472.355
0.55,0.25,0.35 480.202
0.55,0.25,0.4 288.923
0.55,0.25,0.45 8.58896
0.55,0.3,0 2.01904e-17
0.55,0.3,0.05 13.8888
0.55,0.3,0.1 330.136
0.55,0.3,0.15 742.037
0.55,0.3,0.2 453.185
0.55,0.3,0.25 501.975
0.55,0.3,0.3 901.095
0.55,0.3,0.35 627.831
0.55,0.3,0.4 167.346
0.55,0.3,0.45 6.78831
0.55,0.35,0 4.5549e-16
0.55,0.35,0.05 13.4491
0.55,0.35,0.1 242.715
0.55,0.35,0.15 591.408
0.55,0.35,0.2 488.376
0.55,0.35,0.25 512.564
0.55,0.35,0.3 484.843
0.55,0.35,0.35 560.82
0.55,0.35,0.4 227.861
0.55,0.35,0.45 30.7301
0.55,0.4,0 1.0331e-11
0.55,0.4,0.05 8.76652
0.55,0.4,0.1 184.911
0.55,0.4,0.15 328.519
0.55,0.4,0.2 330.809
0.55,0.4,0.25 357.216
0.55,0.4,0.3 197.352
0.55,0.4,0.35 296.055
0.55,0.4,0.4 229.783
0.55,0.4,0.45 34.4223
0.55,0.4,0.5 5.83265e-05
0.55,0.45,0 7.21098e-10
0.55,0.45,0.05 5.48636
0.55,0.45,0.1 244.929
0.55,0.45,0.15 415.582
0.55,0.45,0.2 170.404
0.55,0.45,0.25 433.232
0.55,0.45,0.3 542.077
0.55,0.45,0.35 102.508
0.55,0.45,0.4 76.8001
0.55,0.45,0.45 11.3552
0.55,0.45,0.5 0.000778771
0.55,0.5,0 1.18018e-09
0.55,0.5,0.05 16.6039
0.55,0.5,0.1 247.994
0.55,0.5,0.15 427.254
0.55,0.5,0.2 424.826
0.55,0.5,0.25 731.183
0.55,0.5,0.3 566.666
0.55,0.5,0.35 84.8649
0.55,0.5,0.4 12.7101
0.55,0.5,0.45 1.46141
0.55,0.5,0.5 0.000554806
0.55,0.55,0 1.09191e-10
0.55,0.55,0.05 17.7663
0.55,0.55,0.1 209.031
0.55,0.55,0.15 351.693
0.55,0.55,0.2 644.146
0.55,0.55,0.25 663.747
0.55,0.55,0.3 471.839
0.55,0.55,0.35 229.198
0.55,0.55,0.4 18.0618
0.55,0.55,0.45 0.620145
0.55,0.55,0.5 1.19124e-05
0.55,0.6,0.05 1.10412
0.55,0.6,0.1 140.391
0.55,0.6,0.15 455.853
0.55,0.6,0.2 275.875
0.55,0.6,0.25 462.44
0.55,0.6,0.3 645.967
0.55,0.6,0.35 286.674
0.55,0.6,0.4 32.3177
0.55,0.6,0.45 0.200941
0.55,0.65,0.05 0.0124253
0.55,0.65,0.1 37.933
0.55,0.65,0.15 136.047
0.55,0.65,0.2 94.9278
0.55,0.65,0.25 130.119
0.55,0.65,0.3 535.433
0.55,0.65,0.35 433.275
0.55,0.65,0.4 139.073
0.55,0.65,0.45 3.38586
0.55,0.7,0.05 0.0145146
0.55,0.7,0.1 0.997718
0.55,0.7,0.15 35.9942
0.55,0.7,0.2 93.804
0.55,0.7,0.25 82.9962
0.55,0.7,0.3 466.866
0.55,0.7,0.35 492.677
0.55,0.7,0.4 152.416
0.55,0.7,0.45 4.0356
0.55,0.75,0 1.42316e-08
0.55,0.75,0.05 5.14801
0.55,0.75,0.1 37.3453
0.55,0.75,0.15 233.198
0.55,0.75,0.2 262.725
0.55,0.75,0.25 58.9519
0.55,0.75,0.3 138.413
0.55,0.75,0.35 128.763
0.55,0.75,0.4 19.7194
0.55,0.75,0.45 0.258339
0.55,0.8,0 4.45739e-07
0.55,0.8,0.05 76.3513
0.55,0.8,0.1 325.643
0.55,0.8,0.15 287.462
0.55,0.8,0.2 159.491
0.55,0.8,0.25 16.3118
0.55,0.8,0.3 2.40982
0.55,0.8,0.35 4.78396
0.55,0.8,0.4 1.58758
0.55,0.8,0.45 0.00481699
0.55,0.85,0 5.23534e-07
0.55,0.85,0.05 85.9709
0.55,0.85,0.1 343.801
0.55,0.85,0.15 100.016
0.55,0.85,0.2 7.79801
0.55,0.85,0.25 0.117444
0.55,0.85,0.3 0.000868299
0.55,0.85,0.35 0.00544454
0.55,0.85,0.4 0.00224911
0.55,0.85,0.45 7.10111e-06
0.55,0.9,0 2.9917e-08
0.55,0.9,0.05 5.75541
0.55,0.9,0.1 22.918
0.55,0.9,0.15 5.70375
0.55,0.95,0 2.06297e-19
0.55,0.95,0.05 1.19122e-05
0.55,0.95,0.1 4.7645e-05
0.55,0.95,0.15 1.19103e-05
0.6,0.1,0.05 0.00159709
0.6,0.1,0.1 0.240187
0.6,0.1,0.15 0.494137
0.6,0.1,0.2 0.0625975
0.6,0.1,0.25 0.273787
0.6,0.1,0.3 0.56776
0.6,0.1,0.35 0.0705577
0.6,0.15,0.05 0.492763
0.6,0.15,0.1 74.1801
0.6,0.15,0.15 153.003
0.6,0.15,0.2 20.5991
0.6,0.15,0.25 81.4727
0.6,0.15,0.3 139.558
0.6,0.15,0.35 15.0316
0.6,0.15,0.4 0.00296708
0.6,0.15,0.45 8.51912e-05
0.6,0.2,0.05 1.18705
0.6,0.2,0.1 179.361
0.6,0.2,0.15 379.706
0.6,0.2,0.2 91.7168
0.6,0.2,0.25 314.69
0.6,0.2,0.3 425.227
0.6,0.2,0.35 55.7713
0.6,0.2,0.4 13.9364
0.6,0.2,0.45 0.400139
0.6,0.25,0.05 0.942739
0.6,0.25,0.1 55.5531
0.6,0.25,0.15 164.945
0.6,0.25,0.2 414.907
0.6,0.25,0.25 452.945
0.6,0.25,0.3 251.189
0.6,0.25,0.35 100.396
0.6,0.25,0.4 46.3413
0.6,0.25,0.45 1.32403
0.6,0.3,0.05 2.69736
0.6,0.3,0.1 102.407
0.6,0.3,0.15 229.53
0.6,0.3,0.2 412.331
0.6,0.3,0.25 761.746
0.6,0.3,0.3 650.012
0.6,0.3,0.35 192.682
0.6,0.3,0.4 11.8728
0.6,0.3,0.45 0.275214
0.6,0.35,0.05 0.684275
0.6,0.35,0.1 49.2936
0.6,0.35,0.15 331.229
0.6,0.35,0.2 608.007
0.6,0.35,0.25 756.793
0.6,0.35,0.3 412.617
0.6,0.35,0.35 118.113
0.6,0.35,0.4 11.6725
0.6,0.35,0.45 0.0211204
0.6,0.4,0.05 0.200417
0.6,0.4,0.1 47.5175
0.6,0.4,0.15 448.223
0.6,0.4,0.2 453.7
0.6,0.4,0.25 201.618
0.6,0.4,0.3 86.0288
0.6,0.4,0.35 55.465
0.6,0.4,0.4 9.84011
0.6,0.4,0.45 0.0210174
0.6,0.45,0.05 0.490469
0.6,0.45,0.1 75.3883
0.6,0.45,0.15 484.1
0.6,0.45,0.2 315.63
0.6,0.45,0.25 240.86
0.6,0.45,0.3 507.846
0.6,0.45,0.35 178.134
0.6,0.45,0.4 10.9922
0.6,0.45,0.45 0.0459182
0.6,0.5,0.05 0.380268
0.6,0.5,0.1 113.079
0.6,0.5,0.15 584.145
0.6,0.5,0.2 390.088
0.6,0.5,0.25 416.688
0.6,0.5,0.3 547.299
0.6,0.5,0.35 252.226
0.6,0.5,0.4 90.9705
0.6,0.5,0.45 2.57587
0.6,0.55,0.05 0.311376
0.6,0.55,0.1 33.0898
0.6,0.55,0.15 135.175
0.6,0.55,0.2 168.951
0.6,0.55,0.25 437.001
0.6,0.55,0.3 654.246
0.6,0.55,0.35 313.813
0.6,0.55,0.4 147.791
0.6,0.55,0.45 4.73348
0.6,0.6,0.05 0.0286723
0.6,0.6,0.1 30.9028
0.6,0.6,0.15 100.965
0.6,0.6,0.2 91.2632
0.6,0.6,0.25 442.204
0.6,0.6,0.3 984.091
0.6,0.6,0.35 536.815
0.6,0.6,0.4 136.37
0.6,0.6,0.45 1.06035
0.6,0.65,0.05 0.00297189
0.6,0.65,0.1 9.05154
0.6,0.65,0.15 69.1752
0.6,0.65,0.2 287.699
0.6,0.65,0.25 194.881
0.6,0.65,0.3 391.391
0.6,0.65,0.35 628.942
0.6,0.65,0.4 273.602
0.6,0.65,0.45 4.60091
0.6,0.7,0.05 0.184631
0.6,0.7,0.1 3.10592
0.6,0.7,0.15 120.259
0.6,0.7,0.2 419.172
0.6,0.7,0.25 149.724
0.6,0.7,0.3 164.132
0.6,0.7,0.35 542.745
0.6,0.7,0.4 239.129
0.6,0.7,0.45 5.17376
0.6,0.75,0 2.96582e-09
0.6,0.75,0.05 37.9896
0.6,0.75,0.1 181.554
0.6,0.75,0.15 562.056
0.6,0.75,0.2 820.946
0.6,0.75,0.25 162.44
0.6,0.75,0.3 65.3069
0.6,0.75,0.35 348.256
0.6,0.75,0.4 133.348
0.6,0.75,0.45 0.66184
0.6,0.8,0 9.2891e-08
0.6,0.8,0.05 115.854
0.6,0.8,0.1 497.494
0.6,0.8,0.15 492.472
0.6,0.8,0.2 393.821
0.6,0.8,0.25 65.4838
0.6,0.8,0.3 14.6919
0.6,0.8,0.35 98.5705
0.6,0.8,0.4 40.7161
0.6,0.8,0.45 0.12855
0.6,0.85,0 1.09104e-07
0.6,0.85,0.05 107.301
0.6,0.85,0.1 431.455
0.6,0.85,0.15 130.121
0.6,0.85,0.2 12.4177
0.6,0.85,0.25 0.338496
0.6,0.85,0.3 0.0218198
0.6,0.85,0.35 0.145298
0.6,0.85,0.4 0.0600218
0.6,0.85,0.45 0.000189507
0.6,0.9,0 6.23497e-09
0.6,0.9,0.05 22.1762
0.6,0.9,0.1 88.6769
0.6,0.9,0.15 22.1623
0.6,0.95,0 3.8551e-18
0.6,0.95,0.05 0.000222605
0.6,0.95,0.1 0.000890351
0.6,0.95,0.15 0.000222571
0.65,0.1,0.05 0.000297815
0.65,0.1,0.1 0.0447885
0.65,0.1,0.15 0.0921433
0.65,0.1,0.2 0.0134683
0.65,0.1,0.25 0.329764
0.65,0.1,0.3 0.68384
0.65,0.1,0.35 0.0849834
0.65,0.15,0.05 0.0918872
0.65,0.15,0.1 13.819
0.65,0.15,0.15 28.4297
0.65,0.15,0.2 3.93477
0.65,0.15,0.25 64.0635
0.65,0.15,0.3 132.165
0.65,0.15,0.35 16.3702
0.65,0.2,0.05 0.221342
0.65,0.2,0.1 33.2948
0.65,0.2,0.15 83.3879
0.65,0.2,0.2 58.7248
0.65,0.2,0.25 167.864
0.65,0.2,0.3 331.969
0.65,0.2,0.35 46.3087
0.65,0.2,0.4 0.000583449
0.65,0.25,0.05 0.0337852
0.65,0.25,0.1 5.00867
0.65,0.25,0.15 132.724
0.65,0.25,0.2 437.636
0.65,0.25,0.25 390.956
0.65,0.25,0.3 360.225
0.65,0.25,0.35 55.7244
0.65,0.25,0.4 0.00946021
0.65,0.3,0.05 0.003964
0.65,0.3,0.1 0.207128
0.65,0.3,0.15 64.064
0.65,0.3,0.2 358.063
0.65,0.3,0.25 573.636
0.65,0.3,0.3 298.027
0.65,0.3,0.35 31.9352
0.65,0.3,0.4 1.65489
0.65,0.35,0.05 0.000868643
0.65,0.35,0.1 3.37373
0.65,0.35,0.15 49.8682
0.65,0.35,0.2 298.661
0.65,0.35,0.25 434.09
0.65,0.35,0.3 220.76
0.65,0.35,0.35 247.773
0.65,0.35,0.4 52.0149
0.65,0.4,0.1 16.8335
0.65,0.4,0.15 201.391
0.65,0.4,0.2 322.119
0.65,0.4,0.25 401.927
0.65,0.4,0.3 343.941
0.65,0.4,0.35 370.536
0.65,0.4,0.4 66.7259
0.65,0.45,0.1 19.4379
0.65,0.45,0.15 302.736
0.65,0.45,0.2 581.52
0.65,0.45,0.25 436.653
0.65,0.45,0.3 695.664
0.65,0.45,0.35 569.282
0.65,0.45,0.4 61.8628
0.65,0.45,0.45 0.23165
0.65,0.5,0.1 18.9409
0.65,0.5,0.15 240.237
0.65,0.5,0.2 540.654
0.65,0.5,0.25 223.657
0.65,0.5,0.3 410.655
0.65,0.5,0.35 710.616
0.65,0.5,0.4 308.127
0.65,0.5,0.45 5.88884
0.65,0.55,0.1 2.81275
0.65,0.55,0.15 51.1537
0.65,0.55,0.2 230.456
0.65,0.55,0.25 212.844
0.65,0.55,0.3 286.665
0.65,0.55,0.35 466.118
0.65,0.55,0.4 321.319
0.65,0.55,0.45 8.8829
0.65,0.6,0.1 1.40335e-06
0.65,0.6,0.15 1.20116
0.65,0.6,0.2 10.7979
0.65,0.6,0.25 107.051
0.65,0.6,0.3 226.913
0.65,0.6,0.35 152.267
0.65,0.6,0.4 62.8823
0.65,0.6,0.45 1.04674
0.65,0.65,0.15 14.6548
0.65,0.65,0.2 101.535
0.65,0.65,0.25 49.6848
0.65,0.65,0.3 65.4922
0.65,0.65,0.35 187.131
0.65,0.65,0.4 60.9643
0.65,0.65,0.45 0.399189
0.65,0.7,0.05 0.127139
0.65,0.7,0.1 0.904482
0.65,0.7,0.15 30.1388
0.65,0.7,0.2 133
0.65,0.7,0.25 49.8959
0.65,0.7,0.3 127.517
0.65,0.7,0.35 406.78
