0.25,0.15,0.35 174.165
0.25,0.15,0.4 16.2951
0.25,0.15,0.45 0.0119532
0.25,0.2,0 3.41939e-10
0.25,0.2,0.05 19.0534
0.25,0.2,0.1 259.612
0.25,0.2,0.15 504.573
0.25,0.2,0.2 559.906
0.25,0.2,0.25 356.02
0.25,0.2,0.3 507.742
0.25,0.2,0.35 514.137
0.25,0.2,0.4 100.362
0.25,0.2,0.45 0.0653192
0.25,0.25,0 1.75922e-13
0.25,0.25,0.05 49.7653
0.25,0.25,0.1 293.423
0.25,0.25,0.15 327.138
0.25,0.25,0.2 573.38
0.25,0.25,0.25 290.679
0.25,0.25,0.3 531.568
0.25,0.25,0.35 579.453
0.25,0.25,0.4 90.9112
0.25,0.25,0.45 0.119889
0.25,0.3,0 1.6538e-13
0.25,0.3,0.05 37.7134
0.25,0.3,0.1 183.397
0.25,0.3,0.15 254.172
0.25,0.3,0.2 647.932
0.25,0.3,0.25 323.989
0.25,0.3,0.3 171.042
0.25,0.3,0.35 266.137
0.25,0.3,0.4 86.9367
0.25,0.3,0.45 0.320896
0.25,0.35,0 8.36812e-13
0.25,0.35,0.05 71.5281
0.25,0.35,0.1 382.288
0.25,0.35,0.15 387.942
0.25,0.35,0.2 159.769
0.25,0.35,0.25 45.6676
0.25,0.35,0.3 21.132
0.25,0.35,0.35 37.8669
0.25,0.35,0.4 16.3125
0.25,0.35,0.45 0.0657732
0.25,0.4,0 9.17517e-11
0.25,0.4,0.05 100.095
0.25,0.4,0.1 464.542
0.25,0.4,0.15 412.643
0.25,0.4,0.2 180.029
0.25,0.4,0.25 72.2327
0.25,0.4,0.3 8.3168
0.25,0.4,0.35 0.465521
0.25,0.4,0.4 0.0557374
0.25,0.4,0.45 0.000465143
0.25,0.4,0.5 4.89147e-06
0.25,0.45,0 8.79379e-10
0.25,0.45,0.05 148.728
0.25,0.45,0.1 641.796
0.25,0.45,0.15 451.531
0.25,0.45,0.2 306.713
0.25,0.45,0.25 415.035
0.25,0.45,0.3 208.292
0.25,0.45,0.35 134.737
0.25,0.45,0.4 115.225
0.25,0.45,0.45 16.5122
0.25,0.45,0.5 0.00619866
0.25,0.5,0 1.46034e-09
0.25,0.5,0.05 175.309
0.25,0.5,0.1 733.885
0.25,0.5,0.15 351.591
0.25,0.5,0.2 307.514
0.25,0.5,0.25 468.439
0.25,0.5,0.3 770.763
0.25,0.5,0.35 559.845
0.25,0.5,0.4 522.22
0.25,0.5,0.45 89.2234
0.25,0.5,0.5 0.0688509
0.25,0.55,0 2.23998e-09
0.25,0.55,0.05 75.0205
0.25,0.55,0.1 348.552
0.25,0.55,0.15 353.658
0.25,0.55,0.2 370.013
0.25,0.55,0.25 332.212
0.25,0.55,0.3 654.78
0.25,0.55,0.35 654.84
0.25,0.55,0.4 538.633
0.25,0.55,0.45 84.2676
0.25,0.55,0.5 0.0439564
0.25,0.6,0 1.73335e-08
0.25,0.6,0.05 11.0364
0.25,0.6,0.1 73.31
0.25,0.6,0.15 357.792
0.25,0.6,0.2 611.519
0.25,0.6,0.25 523.974
0.25,0.6,0.3 473.277
0.25,0.6,0.35 495.604
0.25,0.6,0.4 333.514
0.25,0.6,0.45 39.865
0.25,0.6,0.5 0.000721408
0.25,0.65,0 1.10698e-08
0.25,0.65,0.05 77.8858
0.25,0.65,0.1 333.689
0.25,0.65,0.15 439.962
0.25,0.65,0.2 458.242
0.25,0.65,0.25 203.974
0.25,0.65,0.3 435.424
0.25,0.65,0.35 351.441
0.25,0.65,0.4 74.9478
0.25,0.65,0.45 5.22437
0.25,0.7,0 2.14309e-09
0.25,0.7,0.05 95.1179
0.25,0.7,0.1 433.313
0.25,0.7,0.15 480.644
0.25,0.7,0.2 440.228
0.25,0.7,0.25 245.456
0.25,0.7,0.3 262.482
0.25,0.7,0.35 95.8672
0.25,0.7,0.4 3.4824
0.25,0.7,0.45 0.0861958
0.25,0.75,0 1.56936e-10
0.25,0.75,0.05 8.95134
0.25,0.75,0.1 59.8296
0.25,0.75,0.15 437.65
0.25,0.75,0.2 732.357
0.25,0.75,0.25 444.721
0.25,0.75,0.3 242.211
0.25,0.75,0.35 93.9661
0.25,0.75,0.4 0.878779
0.25,0.8,0.1 3.92928
0.25,0.8,0.15 144.186
0.25,0.8,0.2 227.502
0.25,0.8,0.25 88.1559
0.25,0.8,0.3 70.3162
0.25,0.8,0.35 31.6832
0.25,0.8,0.4 0.317545
0.25,0.85,0.1 0.0198952
0.25,0.85,0.15 0.54104
0.25,0.85,0.2 0.632149
0.25,0.85,0.25 0.169672
0.25,0.85,0.3 0.119795
0.25,0.85,0.35 0.0449199
0.25,0.85,0.4 0.000450169
0.3,0.05,0 3.73392e-15
0.3,0.05,0.05 0.00466182
0.3,0.05,0.1 0.348272
0.3,0.05,0.15 25.945
0.3,0.05,0.2 72.6358
0.3,0.05,0.25 81.5435
0.3,0.05,0.3 72.7245
0.3,0.05,0.35 4.22325
0.3,0.05,0.4 0.0113156
0.3,0.1,0 2.52885e-12
0.3,0.1,0.05 0.559152
0.3,0.1,0.1 34.8648
0.3,0.1,0.15 192.67
0.3,0.1,0.2 406.732
0.3,0.1,0.25 383.43
0.3,0.1,0.3 357.388
0.3,0.1,0.35 45.4657
0.3,0.1,0.4 0.413354
0.3,0.15,0 6.92181e-12
0.3,0.15,0.05 6.63569
0.3,0.15,0.1 96.1623
0.3,0.15,0.15 311.6
0.3,0.15,0.2 512.867
0.3,0.15,0.25 324.707
0.3,0.15,0.3 479.699
0.3,0.15,0.35 283.163
0.3,0.15,0.4 27.1635
0.3,0.15,0.45 0.026006
0.3,0.2,0 1.17379e-12
0.3,0.2,0.05 66.0348
0.3,0.2,0.1 333.112
0.3,0.2,0.15 424.114
0.3,0.2,0.2 652.039
0.3,0.2,0.25 307.439
0.3,0.2,0.3 602.223
0.3,0.2,0.35 579.238
0.3,0.2,0.4 138.545
0.3,0.2,0.45 0.142108
0.3,0.25,0 3.37568e-12
0.3,0.25,0.05 71.3724
0.3,0.25,0.1 413.967
0.3,0.25,0.15 278.993
0.3,0.25,0.2 331.457
0.3,0.25,0.25 281.056
0.3,0.25,0.3 535.932
0.3,0.25,0.35 547.885
0.3,0.25,0.4 119.97
0.3,0.25,0.45 0.242059
0.3,0.3,0 1.26379e-11
0.3,0.3,0.05 27.6012
0.3,0.3,0.1 158.151
0.3,0.3,0.15 337.308
0.3,0.3,0.2 503.113
0.3,0.3,0.25 471.949
0.3,0.3,0.3 478.472
0.3,0.3,0.35 502.744
0.3,0.3,0.4 169.27
0.3,0.3,0.45 0.636484
0.3,0.35,0 1.09329e-11
0.3,0.35,0.05 34.3777
0.3,0.35,0.1 257.544
0.3,0.35,0.15 698.165
0.3,0.35,0.2 532.669
0.3,0.35,0.25 121.399
0.3,0.35,0.3 82.7886
0.3,0.35,0.35 80.6406
0.3,0.35,0.4 32.4041
0.3,0.35,0.45 0.130458
0.3,0.4,0 4.51779e-11
0.3,0.4,0.05 105.178
0.3,0.4,0.1 515.953
0.3,0.4,0.15 753.485
0.3,0.4,0.2 497.988
0.3,0.4,0.25 76.8606
0.3,0.4,0.3 6.08276
0.3,0.4,0.35 0.594065
0.3,0.4,0.4 2.15947
0.3,0.4,0.45 0.604118
0.3,0.4,0.5 5.15125e-05
0.3,0.45,0 5.24622e-10
0.3,0.45,0.05 76.6755
0.3,0.45,0.1 362.756
0.3,0.45,0.15 561.153
0.3,0.45,0.2 536.458
0.3,0.45,0.25 316.558
0.3,0.45,0.3 151.392
0.3,0.45,0.35 97.1638
0.3,0.45,0.4 31.1975
0.3,0.45,0.45 4.79784
0.3,0.45,0.5 0.000219011
0.3,0.5,0 8.73028e-10
0.3,0.5,0.05 106.841
0.3,0.5,0.1 494.042
0.3,0.5,0.15 236.121
0.3,0.5,0.2 204.954
0.3,0.5,0.25 299.052
0.3,0.5,0.3 709.833
0.3,0.5,0.35 483.952
0.3,0.5,0.4 92.1271
0.3,0.5,0.45 9.87681
0.3,0.5,0.5 5.81941e-05
0.3,0.55,0 6.17099e-08
0.3,0.55,0.05 66.061
0.3,0.55,0.1 326.898
0.3,0.55,0.15 235.101
0.3,0.55,0.2 314.193
0.3,0.55,0.25 262.218
0.3,0.55,0.3 691.02
0.3,0.55,0.35 338.972
0.3,0.55,0.4 130.083
0.3,0.55,0.45 13.7252
0.3,0.55,0.5 4.60269e-10
0.3,0.6,0 5.15612e-07
0.3,0.6,0.05 68.078
0.3,0.6,0.1 280.52
0.3,0.6,0.15 274.384
0.3,0.6,0.2 641.272
0.3,0.6,0.25 441.529
0.3,0.6,0.3 578.493
0.3,0.6,0.35 496.246
0.3,0.6,0.4 440.588
0.3,0.6,0.45 36.5677
0.3,0.65,0 2.57486e-07
0.3,0.65,0.05 78.9181
0.3,0.65,0.1 319.998
0.3,0.65,0.15 254.937
0.3,0.65,0.2 409.46
0.3,0.65,0.25 439.457
0.3,0.65,0.3 624.004
0.3,0.65,0.35 374.306
0.3,0.65,0.4 241.326
0.3,0.65,0.45 19.3266
0.3,0.7,0 2.71045e-09
0.3,0.7,0.05 67.9695
0.3,0.7,0.1 274.445
0.3,0.7,0.15 249.612
0.3,0.7,0.2 461.735
0.3,0.7,0.25 299.241
0.3,0.7,0.3 246.503
0.3,0.7,0.35 117.452
0.3,0.7,0.4 6.7907
0.3,0.7,0.45 0.343063
0.3,0.75,0 8.54123e-11
0.3,0.75,0.05 5.81105
0.3,0.75,0.1 30.8848
0.3,0.75,0.15 227.992
0.3,0.75,0.2 483.964
0.3,0.75,0.25 364.744
0.3,0.75,0.3 150.484
0.3,0.75,0.35 46.3751
0.3,0.75,0.4 0.805837
0.3,0.8,0.1 3.43221
0.3,0.8,0.15 93.1514
0.3,0.8,0.2 125.021
0.3,0.8,0.25 41.2828
0.3,0.8,0.3 14.5476
0.3,0.8,0.35 1.78118
0.3,0.8,0.4 0.00330584
0.3,0.85,0.1 0.0188488
0.3,0.85,0.15 0.493214
0.3,0.85,0.2 0.529848
0.3,0.85,0.25 0.0262989
0.3,0.85,0.3 0.000441981
0.3,0.85,0.35 0.000240586
0.3,0.85,0.4 2.41131e-06
0.35,0.05,0.05 0.0143107
0.35,0.05,0.1 0.972938
0.35,0.05,0.15 4.23906
0.35,0.05,0.2 8.41414
0.35,0.05,0.25 24.0228
0.35,0.05,0.3 23.1903
0.35,0.05,0.35 1.04123
0.35,0.1,0.05 1.60093
0.35,0.1,0.1 107.805
0.35,0.1,0.15 188.905
0.35,0.1,0.2 62.3959
0.35,0.1,0.25 161.126
0.35,0.1,0.3 157.801
0.35,0.1,0.35 13.2498
0.35,0.1,0.4 0.100915
0.35,0.15,0.05 9.61534
0.35,0.15,0.1 237.848
0.35,0.15,0.15 383.857
0.35,0.15,0.2 119.907
0.35,0.15,0.25 245.102
0.35,0.15,0.3 299.174
0.35,0.15,0.35 82.4072
0.35,0.15,0.4 4.07028
0.35,0.15,0.45 0.00341825
0.35,0.2,0 2.23496e-16
0.35,0.2,0.05 79.6916
0.35,0.2,0.1 406.907
0.35,0.2,0.15 387.921
0.35,0.2,0.2 503.981
0.35,0.2,0.25 406.509
0.35,0.2,0.3 496.622
0.35,0.2,0.35 169.332
0.35,0.2,0.4 21.9835
0.35,0.2,0.45 0.0186781
0.35,0.25,0 1.83846e-11
0.35,0.25,0.05 115.904
0.35,0.25,0.1 663.057
0.35,0.25,0.15 584.617
0.35,0.25,0.2 388.496
0.35,0.25,0.25 273.529
0.35,0.25,0.3 597.888
0.35,0.25,0.35 380.148
0.35,0.25,0.4 41.7586
0.35,0.25,0.45 0.0291833
0.35,0.3,0 6.89522e-11
0.35,0.3,0.05 119.769
0.35,0.3,0.1 541.767
0.35,0.3,0.15 472.645
0.35,0.3,0.2 361.728
0.35,0.3,0.25 505.025
0.35,0.3,0.3 878.408
0.35,0.3,0.35 293.886
0.35,0.3,0.4 32.1902
0.35,0.3,0.45 0.0750127
0.35,0.35,0 7.47098e-11
0.35,0.35,0.05 84.4959
0.35,0.35,0.1 371.196
0.35,0.35,0.15 518.746
0.35,0.35,0.2 443.232
0.35,0.35,0.25 246.846
0.35,0.35,0.3 244.19
0.35,0.35,0.35 42.7694
0.35,0.35,0.4 3.87852
0.35,0.35,0.45 0.0153749
0.35,0.4,0 1.85584e-10
0.35,0.4,0.05 164.335
0.35,0.4,0.1 763.471
0.35,0.4,0.15 804.971
0.35,0.4,0.2 490.574
0.35,0.4,0.25 50.4346
0.35,0.4,0.3 9.48998
0.35,0.4,0.35 20.1527
0.35,0.4,0.4 66.6703
0.35,0.4,0.45 18.6028
0.35,0.4,0.5 0.0015862
0.35,0.45,0 1.92638e-09
0.35,0.45,0.05 96.0908
0.35,0.45,0.1 468.806
0.35,0.45,0.15 643.158
0.35,0.45,0.2 708.52
0.35,0.45,0.25 274.475
0.35,0.45,0.3 137.742
0.35,0.45,0.35 267.509
0.35,0.45,0.4 344.561
0.35,0.45,0.45 79.3106
0.35,0.45,0.5 0.00674436
0.35,0.5,0 2.142e-09
0.35,0.5,0.05 110.584
0.35,0.5,0.1 589.708
0.35,0.5,0.15 425.442
0.35,0.5,0.2 579.9
0.35,0.5,0.25 720.286
0.35,0.5,0.3 579.227
0.35,0.5,0.35 433.147
0.35,0.5,0.4 163.329
0.35,0.5,0.45 21.3351
0.35,0.5,0.5 0.00179287
0.35,0.55,0 7.22371e-08
0.35,0.55,0.05 54.4834
0.35,0.55,0.1 356.521
0.35,0.55,0.15 444.71
0.35,0.55,0.2 619.518
0.35,0.55,0.25 455.737
0.35,0.55,0.3 471.334
0.35,0.55,0.35 230.69
0.35,0.55,0.4 103.23
0.35,0.55,0.45 4.63958
0.35,0.55,0.5 1.20404e-07
0.35,0.6,0 5.99459e-07
0.35,0.6,0.05 91.9274
0.35,0.6,0.1 412.219
0.35,0.6,0.15 600.9
0.35,0.6,0.2 955.444
0.35,0.6,0.25 536.347
0.35,0.6,0.3 582.04
0.35,0.6,0.35 679.397
0.35,0.6,0.4 507.348
0.35,0.6,0.45 22.1788
0.35,0.65,0 2.98019e-07
0.35,0.65,0.05 114.475
0.35,0.65,0.1 481.423
0.35,0.65,0.15 365.611
0.35,0.65,0.2 407.585
0.35,0.65,0.25 491.892
0.35,0.65,0.3 544.327
0.35,0.65,0.35 475.793
0.35,0.65,0.4 256.785
0.35,0.65,0.45 8.83612
0.35,0.7,0 2.2604e-09
0.35,0.7,0.05 76.3808
0.35,0.7,0.1 305.893
0.35,0.7,0.15 94.3255
0.35,0.7,0.2 88.037
0.35,0.7,0.25 381.377
0.35,0.7,0.3 696.637
0.35,0.7,0.35 352.21
0.35,0.7,0.4 22.9256
0.35,0.7,0.45 0.13666
0.35,0.75,0 6.48878e-09
0.35,0.75,0.05 4.14685
0.35,0.75,0.1 16.8685
0.35,0.75,0.15 14.6515
0.35,0.75,0.2 82.0556
0.35,0.75,0.25 288.938
0.35,0.75,0.3 519.726
0.35,0.75,0.35 150.733
0.35,0.75,0.4 3.67102
0.35,0.8,0 2.09747e-08
0.35,0.8,0.05 2.16134
0.35,0.8,0.1 8.72644
0.35,0.8,0.15 5.85459
0.35,0.8,0.2 10.6794
0.35,0.8,0.25 36.3359
0.35,0.8,0.3 59.0401
0.35,0.8,0.35 7.66666
0.35,0.8,0.4 0.00399557
0.35,0.85,0 4.23295e-09
0.35,0.85,0.05 0.436185
0.35,0.85,0.1 1.73434
0.35,0.85,0.15 0.450293
0.35,0.85,0.2 0.0210499
0.35,0.85,0.25 0.00103122
0.4,0.05,0.05 0.00278366
0.4,0.05,0.1 0.188488
0.4,0.05,0.15 0.305219
0.4,0.05,0.2 0.0492726
0.4,0.05,0.25 0.37067
0.4,0.05,0.3 0.350681
0.4,0.05,0.35 0.0401337
0.4,0.05,0.4 0.000722674
0.4,0.1,0.05 3.4307
0.4,0.1,0.1 57.719
0.4,0.1,0.15 67.4685
0.4,0.1,0.2 13.6549
0.4,0.1,0.25 119.425
0.4,0.1,0.3 100.388
0.4,0.1,0.35 3.50855
0.4,0.1,0.4 0.0103789
0.4,0.15,0.05 17.2039
0.4,0.15,0.1 293.496
0.4,0.15,0.15 439.195
0.4,0.15,0.2 126.172
0.4,0.15,0.25 405.994
0.4,0.15,0.3 288.371
0.4,0.15,0.35 8.66009
0.4,0.15,0.4 0.00806767
0.4,0.2,0 7.57586e-17
0.4,0.2,0.05 20.7734
0.4,0.2,0.1 262.205
0.4,0.2,0.15 502.936
0.4,0.2,0.2 404.037
0.4,0.2,0.25 534.375
0.4,0.2,0.3 254.832
0.4,0.2,0.35 11.3927
0.4,0.2,0.4 0.260259
0.4,0.25,0 1.06421e-09
0.4,0.25,0.05 83.7509
0.4,0.25,0.1 432.918
0.4,0.25,0.15 513.106
0.4,0.25,0.2 320.152
0.4,0.25,0.25 193.433
0.4,0.25,0.3 158.884
0.4,0.25,0.35 33.7729
0.4,0.25,0.4 1.93226
0.4,0.3,0 7.14512e-09
0.4,0.3,0.05 109.762
0.4,0.3,0.1 464.338
0.4,0.3,0.15 314.115
0.4,0.3,0.2 277.359
0.4,0.3,0.25 444.905
0.4,0.3,0.3 417.281
0.4,0.3,0.35 66.1954
0.4,0.3,0.4 0.877181
0.4,0.3,0.45 0.000885422
0.4,0.35,0 2.96997e-09
0.4,0.35,0.05 57.1771
0.4,0.35,0.1 235.314
0.4,0.35,0.15 160.068
0.4,0.35,0.2 208.941
0.4,0.35,0.25 464.949
0.4,0.35,0.3 594.664
0.4,0.35,0.35 125.994
0.4,0.35,0.4 2.28205
0.4,0.35,0.45 0.00909188
0.4,0.4,0 1.04089e-10
0.4,0.4,0.05 63.2437
0.4,0.4,0.1 298.597
0.4,0.4,0.15 425.444
0.4,0.4,0.2 389.426
0.4,0.4,0.25 173.714
0.4,0.4,0.3 327.048
0.4,0.4,0.35 146.838
0.4,0.4,0.4 86.354
0.4,0.4,0.45 21.8368
0.4,0.4,0.5 0.00185087
0.4,0.45,0 1.18827e-09
0.4,0.45,0.05 53.7351
0.4,0.45,0.1 280.83
0.4,0.45,0.15 474.236
0.4,0.45,0.2 495.604
0.4,0.45,0.25 290.435
0.4,0.45,0.3 248.7
0.4,0.45,0.35 435.943
0.4,0.45,0.4 489.23
0.4,0.45,0.45 111.359
0.4,0.45,0.5 0.00823825
0.4,0.5,0 1.32218e-09
0.4,0.5,0.05 59.2252
0.4,0.5,0.1 319.273
0.4,0.5,0.15 468.644
0.4,0.5,0.2 585.774
0.4,0.5,0.25 590.669
0.4,0.5,0.3 360.172
0.4,0.5,0.35 648.222
0.4,0.5,0.4 402.689
0.4,0.5,0.45 62.1178
0.4,0.5,0.5 0.00282392
0.4,0.55,0 1.12705e-08
0.4,0.55,0.05 39.9774
0.4,0.55,0.1 231.918
0.4,0.55,0.15 373.726
0.4,0.55,0.2 400.746
0.4,0.55,0.25 356.508
0.4,0.55,0.3 115.191
0.4,0.55,0.35 163.79
0.4,0.55,0.4 93.7694
0.4,0.55,0.45 5.79136
0.4,0.55,0.5 8.36615e-05
0.4,0.6,0 6.01517e-08
0.4,0.6,0.05 147.079
0.4,0.6,0.1 609.037
0.4,0.6,0.15 376.385
0.4,0.6,0.2 599.175
0.4,0.6,0.25 435.586
0.4,0.6,0.3 297.217
0.4,0.6,0.35 244.427
0.4,0.6,0.4 144.399
0.4,0.6,0.45 4.11997
0.4,0.65,0 2.32439e-08
0.4,0.65,0.05 72.067
0.4,0.65,0.1 298.353
0.4,0.65,0.15 216.275
0.4,0.65,0.2 425.459
0.4,0.65,0.25 358.312
0.4,0.65,0.3 349.774
0.4,0.65,0.35 330.564
0.4,0.65,0.4 107.934
0.4,0.65,0.45 1.40366
0.4,0.7,0 2.16872e-10
0.4,0.7,0.05 17.1986
0.4,0.7,0.1 68.9138
0.4,0.7,0.15 21.9536
0.4,0.7,0.2 31.7553
0.4,0.7,0.25 178.695
0.4,0.7,0.3 383.579
0.4,0.7,0.35 430.701
0.4,0.7,0.4 54.0214
0.4,0.7,0.45 0.0293938
0.4,0.75,0 2.05596e-07
0.4,0.75,0.05 21.9332
0.4,0.75,0.1 87.1903
0.4,0.75,0.15 21.6633
0.4,0.75,0.2 0.810071
0.4,0.75,0.25 62.2085
0.4,0.75,0.3 166.64
0.4,0.75,0.35 89.5523
0.4,0.75,0.4 8.3194
0.4,0.8,0 6.64996e-07
0.4,0.8,0.05 68.5247
0.4,0.8,0.1 272.347
0.4,0.8,0.15 67.6515
0.4,0.8,0.2 0.0492398
0.4,0.8,0.25 8.27245
0.4,0.8,0.3 17.7
0.4,0.8,0.35 2.30042
0.4,0.8,0.4 0.000611358
0.4,0.85,0 1.34204e-07
0.4,0.85,0.05 13.8291
0.4,0.85,0.1 54.9628
0.4,0.85,0.15 13.6529
0.45,0.05,0.2 0.00259358
0.45,0.05,0.25 0.63125
0.45,0.05,0.3 8.37631
0.45,0.05,0.35 6.20006
0.45,0.05,0.4 0.147211
0.45,0.1,0.05 6.80781
0.45,0.1,0.1 74.1569
0.45,0.1,0.15 72.1029
0.45,0.1,0.2 31.2775
0.45,0.1,0.25 31.3739
0.45,0.1,0.3 134.055
0.45,0.1,0.35 89.1462
0.45,0.1,0.4 2.10607
