0.65,0.4,0.3 0.600707
0.65,0.4,0.35 0.00168807
0.65,0.45,0 1.44794e-10
0.65,0.45,0.05 158.112
0.65,0.45,0.1 648.109
0.65,0.45,0.15 220.51
0.65,0.45,0.2 231.394
0.65,0.45,0.25 194.381
0.65,0.45,0.3 16.1197
0.65,0.5,0 2.22665e-10
0.65,0.5,0.05 94.5953
0.65,0.5,0.1 379.778
0.65,0.5,0.15 125.335
0.65,0.5,0.2 275.851
0.65,0.5,0.25 424.862
0.65,0.5,0.3 50.5074
0.65,0.55,0 3.28757e-11
0.65,0.55,0.05 44.1129
0.65,0.55,0.1 176.817
0.65,0.55,0.15 100.098
0.65,0.55,0.2 442.5
0.65,0.55,0.25 505.008
0.65,0.55,0.3 63.9346
0.65,0.6,0 1.96043e-10
0.65,0.6,0.05 34.6375
0.65,0.6,0.1 139.678
0.65,0.6,0.15 150.892
0.65,0.6,0.2 649.294
0.65,0.6,0.25 321.834
0.65,0.6,0.3 11.7502
0.65,0.65,0 3.69108e-09
0.65,0.65,0.05 14.4492
0.65,0.65,0.1 84.2243
0.65,0.65,0.15 167.052
0.65,0.65,0.2 470.621
0.65,0.65,0.25 333.793
0.65,0.65,0.3 12.6388
0.65,0.7,0 3.28852e-09
0.65,0.7,0.05 11.8695
0.65,0.7,0.1 99.6497
0.65,0.7,0.15 415.165
0.65,0.7,0.2 541.59
0.65,0.7,0.25 366.944
0.65,0.7,0.3 26.0769
0.65,0.75,0 4.44503e-10
0.65,0.75,0.05 26.5856
0.65,0.75,0.1 153.29
0.65,0.75,0.15 410.951
0.65,0.75,0.2 398.006
0.65,0.75,0.25 300.31
0.65,0.75,0.3 26.7843
0.65,0.8,0 7.41904e-10
0.65,0.8,0.05 73.1742
0.65,0.8,0.1 325.05
0.65,0.8,0.15 353.099
0.65,0.8,0.2 156.689
0.65,0.8,0.25 21.4986
0.65,0.8,0.3 1.83496
0.65,0.85,0 1.7205e-10
0.65,0.85,0.05 77.8794
0.65,0.85,0.1 312.872
0.65,0.85,0.15 90.551
0.65,0.85,0.2 6.57184
0.65,0.85,0.25 0.054948
0.65,0.9,0 1.99767e-11
0.65,0.9,0.05 18.789
0.65,0.9,0.1 75.1345
0.65,0.9,0.15 18.7783
0.65,0.95,0 1.57188e-16
0.65,0.95,0.05 0.000184117
0.65,0.95,0.1 0.000736258
0.65,0.95,0.15 0.000184012
0.7,0.1,0.1 0.0199881
0.7,0.1,0.15 2.14938
0.7,0.1,0.2 4.03693
0.7,0.1,0.25 0.44519
0.7,0.15,0 3.25536e-13
0.7,0.15,0.05 0.0221914
0.7,0.15,0.1 3.74076
0.7,0.15,0.15 80.1937
0.7,0.15,0.2 88.19
0.7,0.15,0.25 5.67909
0.7,0.15,0.3 0.039717
0.7,0.15,0.35 0.0131751
0.7,0.15,0.4 8.64494e-06
0.7,0.2,0 1.17448e-11
0.7,0.2,0.05 0.800627
0.7,0.2,0.1 28.2577
0.7,0.2,0.15 391.35
0.7,0.2,0.2 321.478
0.7,0.2,0.25 10.9833
0.7,0.2,0.3 0.746323
0.7,0.2,0.35 0.247345
0.7,0.2,0.4 0.000162297
0.7,0.25,0 1.47501e-11
0.7,0.25,0.05 1.00602
0.7,0.25,0.1 49.4613
0.7,0.25,0.15 470.769
0.7,0.25,0.2 308.024
0.7,0.25,0.25 17.9429
0.7,0.25,0.3 1.30683
0.7,0.25,0.35 0.219872
0.7,0.25,0.4 0.00014427
0.7,0.3,0 6.80707e-12
0.7,0.3,0.05 0.354273
0.7,0.3,0.1 28.9991
0.7,0.3,0.15 165.551
0.7,0.3,0.2 113.079
0.7,0.3,0.25 36.8583
0.7,0.3,0.3 1.86057
0.7,0.3,0.35 0.00765671
0.7,0.3,0.4 5.024e-06
0.7,0.35,0 5.43025e-10
0.7,0.35,0.05 35.772
0.7,0.35,0.1 215.928
0.7,0.35,0.15 161.197
0.7,0.35,0.2 40.972
0.7,0.35,0.25 6.84285
0.7,0.35,0.3 0.32557
0.7,0.4,0 9.76096e-10
0.7,0.4,0.05 94.7848
0.7,0.4,0.1 616.054
0.7,0.4,0.15 372.88
0.7,0.4,0.2 52.1183
0.7,0.4,0.25 0.634482
0.7,0.4,0.3 0.0190011
0.7,0.45,0 1.05706e-10
0.7,0.45,0.05 79.6599
0.7,0.45,0.1 408.995
0.7,0.45,0.15 379.443
0.7,0.45,0.2 176.265
0.7,0.45,0.25 26.3941
0.7,0.45,0.3 1.02492
0.7,0.5,0 8.33656e-13
0.7,0.5,0.05 102.436
0.7,0.5,0.1 441.279
0.7,0.5,0.15 473.521
0.7,0.5,0.2 496.617
0.7,0.5,0.25 139.079
0.7,0.5,0.3 10.6115
0.7,0.55,0 8.62667e-17
0.7,0.55,0.05 85.2998
0.7,0.55,0.1 348.266
0.7,0.55,0.15 297.162
0.7,0.55,0.2 571.643
0.7,0.55,0.25 276.9
0.7,0.55,0.3 21.383
0.7,0.6,0.05 68.8001
0.7,0.6,0.1 275.756
0.7,0.6,0.15 146.469
0.7,0.6,0.2 485.437
0.7,0.6,0.25 218.151
0.7,0.6,0.3 4.11901
0.7,0.65,0.05 2.89089
0.7,0.65,0.1 12.5482
0.7,0.65,0.15 31.5626
0.7,0.65,0.2 246.247
0.7,0.65,0.25 211.163
0.7,0.65,0.3 8.39434
0.7,0.7,0 3.08274e-14
0.7,0.7,0.05 0.00239233
0.7,0.7,0.1 4.7013
0.7,0.7,0.15 72.648
0.7,0.7,0.2 218.389
0.7,0.7,0.25 192.489
0.7,0.7,0.3 11.1714
0.7,0.75,0 6.0956e-12
0.7,0.75,0.05 0.473042
0.7,0.75,0.1 11.3104
0.7,0.75,0.15 90.723
0.7,0.75,0.2 105.34
0.7,0.75,0.25 87.6379
0.7,0.75,0.3 7.75873
0.7,0.8,0 2.01839e-09
0.7,0.8,0.05 11.2981
0.7,0.8,0.1 53.5537
0.7,0.8,0.15 85.0092
0.7,0.8,0.2 41.6919
0.7,0.8,0.25 6.14914
0.7,0.8,0.3 0.527195
0.7,0.85,0 8.01202e-09
0.7,0.85,0.05 41.2806
0.7,0.85,0.1 165.23
0.7,0.85,0.15 44.506
0.7,0.85,0.2 1.73777
0.7,0.85,0.25 0.0145297
0.7,0.9,0 2.00013e-09
0.7,0.9,0.05 10.3149
0.7,0.9,0.1 41.1903
0.7,0.9,0.15 10.2803
0.7,0.95,0 5.43256e-18
0.7,0.95,0.05 6.36324e-06
0.7,0.95,0.1 2.54457e-05
0.7,0.95,0.15 6.35962e-06
0.75,0.15,0.1 1.82909
0.75,0.15,0.15 32.017
0.75,0.15,0.2 27.2641
0.75,0.15,0.25 0.870795
0.75,0.2,0.1 10.1239
0.75,0.2,0.15 168.296
0.75,0.2,0.2 139.896
0.75,0.2,0.25 4.31801
0.75,0.25,0.1 7.95402
0.75,0.25,0.15 102.709
0.75,0.25,0.2 73.4692
0.75,0.25,0.25 1.73144
0.75,0.3,0 1.05545e-11
0.75,0.3,0.05 0.509067
0.75,0.3,0.1 3.69127
0.75,0.3,0.15 17.6923
0.75,0.3,0.2 10.188
0.75,0.3,0.25 0.134403
0.75,0.35,0 9.76268e-10
0.75,0.35,0.05 49.6625
0.75,0.35,0.1 234.733
0.75,0.35,0.15 261.837
0.75,0.35,0.2 109.481
0.75,0.35,0.25 1.09714
0.75,0.4,0 1.75259e-09
0.75,0.4,0.05 94.9518
0.75,0.4,0.1 476.947
0.75,0.4,0.15 488.831
0.75,0.4,0.2 187.74
0.75,0.4,0.25 1.83128
0.75,0.45,0 1.82687e-10
0.75,0.45,0.05 15.5944
0.75,0.45,0.1 116.763
0.75,0.45,0.15 328.891
0.75,0.45,0.2 208.19
0.75,0.45,0.25 20.0585
0.75,0.45,0.3 3.09959e-05
0.75,0.5,0 6.94168e-17
0.75,0.5,0.05 11.7115
0.75,0.5,0.1 81.2199
0.75,0.5,0.15 451.06
0.75,0.5,0.2 573.985
0.75,0.5,0.25 82.9086
0.75,0.5,0.3 0.00919921
0.75,0.55,0 5.10305e-15
0.75,0.55,0.05 19.8507
0.75,0.55,0.1 88.1042
0.75,0.55,0.15 242.761
0.75,0.55,0.2 337.364
0.75,0.55,0.25 53.7658
0.75,0.55,0.3 0.0888487
0.75,0.6,0 1.25757e-13
0.75,0.6,0.05 28.0427
0.75,0.6,0.1 112.63
0.75,0.6,0.15 51.8519
0.75,0.6,0.2 99.847
0.75,0.6,0.25 36.8206
0.75,0.6,0.3 0.132127
0.75,0.65,0 1.30601e-13
0.75,0.65,0.05 11.6493
0.75,0.65,0.1 46.5954
0.75,0.65,0.15 13.0235
0.75,0.65,0.2 16.3361
0.75,0.65,0.25 12.631
0.75,0.65,0.3 0.440582
0.75,0.7,0 6.07228e-15
0.75,0.7,0.05 0.506462
0.75,0.7,0.1 2.02571
0.75,0.7,0.15 0.812699
0.75,0.7,0.2 6.85849
0.75,0.7,0.25 6.75755
0.75,0.7,0.3 0.286128
0.75,0.75,0 2.65197e-11
0.75,0.75,0.05 0.114227
0.75,0.75,0.1 0.456119
0.75,0.75,0.15 0.119691
0.75,0.75,0.2 0.125058
0.75,0.75,0.25 0.125832
0.75,0.75,0.3 0.00568017
0.75,0.8,0 6.47176e-09
0.75,0.8,0.05 30.6451
0.75,0.8,0.1 122.361
0.75,0.8,0.15 30.5362
0.75,0.8,0.2 0.000553385
0.75,0.8,0.25 0.000512774
0.75,0.8,0.3 4.61841e-05
0.75,0.85,0 2.26947e-08
0.75,0.85,0.05 108.816
0.75,0.85,0.1 434.491
0.75,0.85,0.15 108.43
0.75,0.85,0.2 1.07652e-05
0.75,0.85,0.25 9.00094e-08
0.75,0.9,0 5.3693e-09
0.75,0.9,0.05 25.8896
0.75,0.9,0.1 103.375
0.75,0.9,0.15 25.7978
0.8,0.05,0 1.96048e-11
0.8,0.05,0.05 1.15495
0.8,0.05,0.1 4.61623
0.8,0.05,0.15 1.15317
0.8,0.1,0 2.31151e-10
0.8,0.1,0.05 13.6174
0.8,0.1,0.1 54.4276
0.8,0.1,0.15 13.5964
0.8,0.15,0 1.50684e-10
0.8,0.15,0.05 8.87703
0.8,0.15,0.1 35.4971
0.8,0.15,0.15 9.15045
0.8,0.15,0.2 0.244486
0.8,0.15,0.25 0.00780872
0.8,0.2,0 2.58221e-12
0.8,0.2,0.05 0.152121
0.8,0.2,0.1 0.687216
0.8,0.2,0.15 1.53822
0.8,0.2,0.2 1.18053
0.8,0.2,0.25 0.0377053
0.8,0.25,0.1 0.0238733
0.8,0.25,0.15 0.417886
0.8,0.25,0.2 0.355851
0.8,0.25,0.25 0.0113656
0.8,0.3,0 1.10221e-12
0.8,0.3,0.05 0.0531622
0.8,0.3,0.1 0.294815
0.8,0.3,0.15 0.820912
0.8,0.3,0.2 0.41815
0.8,0.3,0.25 0.004198
0.8,0.35,0 1.01952e-10
0.8,0.35,0.05 4.98287
0.8,0.35,0.1 26.0211
0.8,0.35,0.15 59.9702
0.8,0.35,0.2 29.8651
0.8,0.35,0.25 0.299706
0.8,0.4,0 1.8304e-10
0.8,0.4,0.05 10.9244
0.8,0.4,0.1 60.6611
0.8,0.4,0.15 107.088
0.8,0.4,0.2 49.6323
0.8,0.4,0.25 0.495487
0.8,0.45,0 2.02566e-11
0.8,0.45,0.05 3.66676
0.8,0.45,0.1 25.8439
0.8,0.45,0.15 31.6288
0.8,0.45,0.2 15.4027
0.8,0.45,0.25 1.31735
0.8,0.5,0 1.97552e-12
0.8,0.5,0.05 3.59798
0.8,0.5,0.1 16.6922
0.8,0.5,0.15 29.8431
0.8,0.5,0.2 36.0969
0.8,0.5,0.25 5.28814
0.8,0.5,0.3 4.48869e-08
0.8,0.55,0 2.22957e-13
0.8,0.55,0.05 73.1354
0.8,0.55,0.1 293.12
0.8,0.55,0.15 87.3275
0.8,0.55,0.2 17.8523
0.8,0.55,0.25 1.71221
0.8,0.55,0.3 1.73069e-06
0.8,0.6,0 8.46966e-13
0.8,0.6,0.05 141.364
0.8,0.6,0.1 565.473
0.8,0.6,0.15 142.04
0.8,0.6,0.2 0.688596
0.8,0.6,0.25 0.0310186
0.8,0.6,0.3 2.24e-06
0.8,0.65,0 9.59746e-13
0.8,0.65,0.05 77.0165
0.8,0.65,0.1 308.047
0.8,0.65,0.15 77.0068
0.8,0.65,0.2 0.000141638
0.8,0.65,0.25 5.66104e-05
0.8,0.65,0.3 1.48878e-07
0.8,0.7,0 2.27173e-13
0.8,0.7,0.05 4.71673
0.8,0.7,0.1 18.8652
0.8,0.7,0.15 4.71587
0.8,0.75,0 2.78316e-10
0.8,0.75,0.05 1.40664
0.8,0.75,0.1 5.61753
0.8,0.75,0.15 1.40214
0.8,0.8,0 1.35993e-08
0.8,0.8,0.05 59.6748
0.8,0.8,0.1 238.266
0.8,0.8,0.15 59.5057
0.8,0.8,0.2 0.0417078
0.8,0.8,0.25 0.00135946
0.8,0.85,0 2.1173e-08
0.8,0.85,0.05 93.7068
0.8,0.85,0.1 374.163
0.8,0.85,0.15 93.7002
0.8,0.85,0.2 0.287603
0.8,0.85,0.25 0.0093744
0.8,0.9,0 2.16719e-09
0.8,0.9,0.05 9.81897
0.8,0.9,0.1 39.2127
0.8,0.9,0.15 9.92444
0.8,0.9,0.2 0.121248
0.8,0.9,0.25 0.00395206
0.8,0.95,0.1 2.78299e-05
0.8,0.95,0.15 0.000495023
0.8,0.95,0.2 0.000425754
0.8,0.95,0.25 1.38774e-05
0.85,0.05,0 1.24806e-10
0.85,0.05,0.05 7.35247
0.85,0.05,0.1 29.3872
0.85,0.05,0.15 7.34114
0.85,0.1,0 1.47152e-09
0.85,0.1,0.05 86.6892
0.85,0.1,0.1 346.489
0.85,0.1,0.15 86.5556
0.85,0.15,0 9.59267e-10
0.85,0.15,0.05 56.5117
0.85,0.15,0.1 225.873
0.85,0.15,0.15 56.4246
0.85,0.2,0 1.64385e-11
0.85,0.2,0.05 0.968414
0.85,0.2,0.1 3.87067
0.85,0.2,0.15 0.966922
0.85,0.3,0.1 1.95161e-06
0.85,0.3,0.15 1.81979e-05
0.85,0.3,0.2 9.9096e-06
0.85,0.3,0.25 9.94493e-08
0.85,0.35,0.05 0.89955
0.85,0.35,0.1 6.67984
0.85,0.35,0.15 3.00752
0.85,0.35,0.2 0.015155
0.85,0.35,0.25 7.10386e-06
0.85,0.4,0 1.61239e-12
0.85,0.4,0.05 29.1349
0.85,0.4,0.1 215.112
0.85,0.4,0.15 96.5261
0.85,0.4,0.2 0.463311
0.85,0.4,0.25 1.17198e-05
0.85,0.45,0 1.20671e-10
0.85,0.45,0.05 61.0602
0.85,0.45,0.1 361.158
0.85,0.45,0.15 141
0.85,0.45,0.2 0.548505
0.85,0.45,0.25 1.09581e-06
0.85,0.5,0 2.02275e-10
0.85,0.5,0.05 48.492
0.85,0.5,0.1 200.673
0.85,0.5,0.15 53.0926
0.85,0.5,0.2 0.0318561
0.85,0.55,0 1.93252e-11
0.85,0.55,0.05 37.9641
0.85,0.55,0.1 151.851
0.85,0.55,0.15 37.9612
0.85,0.55,0.2 4.3266e-14
0.85,0.6,0 3.63834e-13
0.85,0.6,0.05 61.9529
0.85,0.6,0.1 247.807
0.85,0.6,0.15 61.9505
0.85,0.6,0.2 4.35856e-14
0.85,0.65,0 4.01528e-12
0.85,0.65,0.05 57.3262
0.85,0.65,0.1 229.281
0.85,0.65,0.15 57.3142
0.85,0.65,0.2 1.92022e-15
0.85,0.7,0 8.47068e-12
0.85,0.7,0.05 60.7193
0.85,0.7,0.1 242.84
0.85,0.7,0.15 60.7005
0.85,0.75,0 1.79695e-10
0.85,0.75,0.05 10.525
0.85,0.75,0.1 42.0858
0.85,0.75,0.15 10.5179
0.85,0.8,0 7.95205e-09
0.85,0.8,0.05 72.5733
0.85,0.8,0.1 290.93
0.85,0.8,0.15 89.7779
0.85,0.8,0.2 14.9431
0.85,0.8,0.25 0.487068
0.85,0.85,0 1.09868e-08
0.85,0.85,0.05 89.5657
0.85,0.85,0.1 364.553
0.85,0.85,0.15 209.151
0.85,0.85,0.2 103.043
0.85,0.85,0.25 3.35866
0.85,0.9,0 8.06315e-10
0.85,0.9,0.05 5.64828
0.85,0.9,0.1 25.4021
0.85,0.9,0.15 56.1415
0.85,0.9,0.2 43.4408
0.85,0.9,0.25 1.41595
0.85,0.95,0.1 0.00997091
0.85,0.95,0.15 0.177357
0.85,0.95,0.2 0.152539
0.85,0.95,0.25 0.004972
0.9,0.05,0 4.89436e-11
0.9,0.05,0.05 2.88334
0.9,0.05,0.1 11.5245
0.9,0.05,0.15 2.87889
0.9,0.1,0 5.77069e-10
0.9,0.1,0.05 33.9959
0.9,0.1,0.1 135.879
0.9,0.1,0.15 33.9435
0.9,0.15,0 3.76185e-10
0.9,0.15,0.05 22.1616
0.9,0.15,0.1 88.578
0.9,0.15,0.15 22.1274
0.9,0.2,0 6.4465e-12
0.9,0.2,0.05 0.379772
0.9,0.2,0.1 1.51792
0.9,0.2,0.15 0.379187
0.9,0.35,0.05 0.653946
0.9,0.35,0.1 4.85595
0.9,0.35,0.15 2.18543
0.9,0.35,0.2 0.0105026
0.9,0.4,0 2.98509e-12
0.9,0.4,0.05 21.5846
0.9,0.4,0.1 157.997
0.9,0.4,0.15 70.5741
0.9,0.4,0.2 0.335965
0.9,0.45,0 2.23404e-10
0.9,0.45,0.05 74.6508
0.9,0.45,0.1 383.539
0.9,0.45,0.15 132.735
0.9,0.45,0.2 0.398667
0.9,0.5,0 3.74481e-10
0.9,0.5,0.05 84.9732
0.9,0.5,0.1 344.667
0.9,0.5,0.15 88.2675
0.9,0.5,0.2 0.0231584
0.9,0.55,0 3.57514e-11
0.9,0.55,0.05 8.15348
0.9,0.55,0.1 32.5982
0.9,0.55,0.15 8.1456
0.9,0.55,0.2 2.34266e-16
0.9,0.6,0 2.1227e-14
0.9,0.6,0.05 0.409794
0.9,0.6,0.1 1.63908
0.9,0.6,0.15 0.409746
0.9,0.6,0.2 2.35996e-16
0.9,0.65,0 5.07309e-12
0.9,0.65,0.05 35.6879
0.9,0.65,0.1 142.729
0.9,0.65,0.15 35.6767
0.9,0.65,0.2 1.03972e-17
0.9,0.7,0 1.17393e-11
0.9,0.7,0.05 82.3675
0.9,0.7,0.1 329.418
0.9,0.7,0.15 82.3416
0.9,0.75,0 2.30819e-11
0.9,0.75,0.05 13.8493
0.9,0.75,0.1 55.3843
0.9,0.75,0.15 13.8429
0.9,0.8,0 6.31785e-10
0.9,0.8,0.05 61.7132
0.9,0.8,0.1 249.117
0.9,0.8,0.15 104.653
0.9,0.8,0.2 36.9973
0.9,0.8,0.25 1.20592
0.9,0.85,0 7.26178e-10
0.9,0.85,0.05 68.1559
0.9,0.85,0.1 289.129
0.9,0.85,0.15 364.7
0.9,0.85,0.2 255.122
0.9,0.85,0.25 8.31566
0.9,0.9,0 4.0616e-11
0.9,0.9,0.05 3.52351
0.9,0.9,0.1 21.1155
0.9,0.9,0.15 128.572
0.9,0.9,0.2 107.554
0.9,0.9,0.25 3.50572
0.9,0.95,0.1 0.0246868
0.9,0.95,0.15 0.439115
0.9,0.95,0.2 0.37767
0.9,0.95,0.25 0.0123101
0.95,0.05,0 1.15116e-13
0.95,0.05,0.05 0.00678165
0.95,0.05,0.1 0.0271057
0.95,0.05,0.15 0.0067712
0.95,0.1,0 1.35728e-12
0.95,0.1,0.05 0.079959
0.95,0.1,0.1 0.319589
0.95,0.1,0.15 0.0798357
0.95,0.15,0 8.84793e-13
0.95,0.15,0.05 0.0521244
0.95,0.15,0.1 0.208337
0.95,0.15,0.15 0.052044
0.95,0.2,0 1.51623e-14
0.95,0.2,0.05 0.000893231
0.95,0.2,0.1 0.00357017
0.95,0.2,0.15 0.000891854
0.95,0.35,0.05 0.0147392
0.95,0.35,0.1 0.109448
0.95,0.35,0.15 0.0492573
0.95,0.35,0.2 0.000236718
0.95,0.4,0 3.23381e-13
0.95,0.4,0.05 0.543614
0.95,0.4,0.1 3.78944
0.95,0.4,0.15 1.64773
0.95,0.4,0.2 0.00757227
0.95,0.45,0 2.42019e-11
0.95,0.45,0.05 5.95743
0.95,0.45,0.1 25.7356
0.95,0.45,0.15 7.26236
0.95,0.45,0.2 0.00898553
0.95,0.5,0 4.05683e-11
0.95,0.5,0.05 9.0808
0.95,0.5,0.1 36.4166
0.95,0.5,0.15 9.14796
0.95,0.5,0.2 0.000521966
0.95,0.55,0 3.87302e-12
0.95,0.55,0.05 0.863833
0.95,0.55,0.1 3.45362
0.95,0.55,0.15 0.862979
0.95,0.6,0 1.48447e-15
0.95,0.6,0.05 0.0104151
0.95,0.6,0.1 0.041654
0.95,0.6,0.15 0.0104119
0.95,0.65,0 3.7401e-13
0.95,0.65,0.05 2.62407
0.95,0.65,0.1 10.4946
0.95,0.65,0.15 2.62325
0.95,0.7,0 8.6566e-13
0.95,0.7,0.05 6.07352
0.95,0.7,0.1 24.2903
0.95,0.7,0.15 6.07161
0.95,0.75,0 1.75853e-12
0.95,0.75,0.05 1.04604
0.95,0.75,0.1 4.18317
0.95,0.75,0.15 1.04554
0.95,0.8,0 4.51572e-11
0.95,0.8,0.05 5.22184
0.95,0.8,0.1 21.2423
0.95,0.8,0.15 11.7576
0.95,0.8,0.2 5.62676
0.95,0.8,0.25 0.183403
0.95,0.85,0 4.97777e-11
0.95,0.85,0.05 5.75614
0.95,0.85,0.1 25.5466
0.95,0.85,0.15 50.862
0.95,0.85,0.2 38.8003
0.95,0.85,0.25 1.26469
0.95,0.9,0 2.56326e-12
0.95,0.9,0.05 0.296408
0.95,0.9,0.1 2.25413
0.95,0.9,0.15 19.3148
0.95,0.9,0.2 16.3575
0.95,0.9,0.25 0.533169
0.95,0.95,0.1 0.00375451
0.95,0.95,0.15 0.0667831
0.95,0.95,0.2 0.0574381
0.95,0.95,0.25 0.00187219
