0.55,0.25,0.4 257.211
0.55,0.25,0.45 160.185
0.55,0.25,0.5 305.817
0.55,0.25,0.55 623.829
0.55,0.25,0.6 319.599
0.55,0.25,0.65 71.9353
0.55,0.25,0.7 0.841952
0.55,0.25,0.75 0.000325689
0.55,0.3,0.05 0.184096
0.55,0.3,0.1 42.8531
0.55,0.3,0.15 113.012
0.55,0.3,0.2 240.076
0.55,0.3,0.25 747.516
0.55,0.3,0.3 642.02
0.55,0.3,0.35 586.002
0.55,0.3,0.4 346.439
0.55,0.3,0.45 28.8005
0.55,0.3,0.5 243.505
0.55,0.3,0.55 634.43
0.55,0.3,0.6 359.886
0.55,0.3,0.65 92.4835
0.55,0.3,0.7 5.28114
0.55,0.3,0.75 0.0257632
0.55,0.35,0.05 0.557294
0.55,0.35,0.1 147.134
0.55,0.35,0.15 473.461
0.55,0.35,0.2 592.652
0.55,0.35,0.25 503.246
0.55,0.35,0.3 259.372
0.55,0.35,0.35 593.55
0.55,0.35,0.4 308.741
0.55,0.35,0.45 86.2047
0.55,0.35,0.5 312.13
0.55,0.35,0.55 658.782
0.55,0.35,0.6 467.586
0.55,0.35,0.65 121.443
0.55,0.35,0.7 8.6789
0.55,0.35,0.75 0.0439928
0.55,0.4,0 3.57239e-07
0.55,0.4,0.05 4.90685
0.55,0.4,0.1 123.856
0.55,0.4,0.15 359.07
0.55,0.4,0.2 420.904
0.55,0.4,0.25 114.587
0.55,0.4,0.3 216.149
0.55,0.4,0.35 813.605
0.55,0.4,0.4 417.964
0.55,0.4,0.45 78.7549
0.55,0.4,0.5 83.5683
0.55,0.4,0.55 77.5737
0.55,0.4,0.6 67.8159
0.55,0.4,0.65 14.9615
0.55,0.4,0.7 0.837131
0.55,0.4,0.75 0.00430213
0.55,0.45,0 4.54114e-06
0.55,0.45,0.05 57.3492
0.55,0.45,0.1 230.807
0.55,0.45,0.15 78.963
0.55,0.45,0.2 220.147
0.55,0.45,0.25 249.489
0.55,0.45,0.3 548.169
0.55,0.45,0.35 476.387
0.55,0.45,0.4 119.71
0.55,0.45,0.45 319.398
0.55,0.45,0.5 278.479
0.55,0.45,0.55 212.222
0.55,0.45,0.6 184.693
0.55,0.45,0.65 26.7421
0.55,0.45,0.7 0.00188338
0.55,0.5,0 3.12532e-06
0.55,0.5,0.05 48.762
0.55,0.5,0.1 308.782
0.55,0.5,0.15 306.406
0.55,0.5,0.2 495.671
0.55,0.5,0.25 337.68
0.55,0.5,0.3 491.575
0.55,0.5,0.35 639.027
0.55,0.5,0.4 246.517
0.55,0.5,0.45 521.238
0.55,0.5,0.5 561.988
0.55,0.5,0.55 682.236
0.55,0.5,0.6 732.252
0.55,0.5,0.65 131.783
0.55,0.5,0.7 0.585336
0.55,0.55,0 6.16234e-08
0.55,0.55,0.05 18.3226
0.55,0.55,0.1 301.137
0.55,0.55,0.15 546.479
0.55,0.55,0.2 552.405
0.55,0.55,0.25 130.514
0.55,0.55,0.3 376.916
0.55,0.55,0.35 692.331
0.55,0.55,0.4 334.203
0.55,0.55,0.45 397.302
0.55,0.55,0.5 288.094
0.55,0.55,0.55 342.974
0.55,0.55,0.6 477.314
0.55,0.55,0.65 174.612
0.55,0.55,0.7 3.83852
0.55,0.6,0.05 14.307
0.55,0.6,0.1 151.233
0.55,0.6,0.15 195.61
0.55,0.6,0.2 329.568
0.55,0.6,0.25 128.946
0.55,0.6,0.3 240.136
0.55,0.6,0.35 339.357
0.55,0.6,0.4 102.995
0.55,0.6,0.45 309.655
0.55,0.6,0.5 596.04
0.55,0.6,0.55 388.985
0.55,0.6,0.6 91.0342
0.55,0.6,0.65 46.2709
0.55,0.6,0.7 1.61569
0.55,0.65,0.05 7.05079
0.55,0.65,0.1 67.4526
0.55,0.65,0.15 105.298
0.55,0.65,0.2 382.601
0.55,0.65,0.25 192.223
0.55,0.65,0.3 243.63
0.55,0.65,0.35 385.347
0.55,0.65,0.4 272.992
0.55,0.65,0.45 602.699
0.55,0.65,0.5 753.226
0.55,0.65,0.55 623.606
0.55,0.65,0.6 136.932
0.55,0.65,0.65 17.5188
0.55,0.65,0.7 0.00597152
0.55,0.7,0.05 0.0794102
0.55,0.7,0.1 0.910095
0.55,0.7,0.15 16.3854
0.55,0.7,0.2 129.625
0.55,0.7,0.25 70.4395
0.55,0.7,0.3 77.8266
0.55,0.7,0.35 258.906
0.55,0.7,0.4 262.18
0.55,0.7,0.45 273.472
0.55,0.7,0.5 485.787
0.55,0.7,0.55 652.916
0.55,0.7,0.6 375.4
0.55,0.7,0.65 47.7305
0.55,0.75,0.05 1.13464e-05
0.55,0.75,0.1 0.00041683
0.55,0.75,0.15 5.72939
0.55,0.75,0.2 38.1374
0.55,0.75,0.25 15.5918
0.55,0.75,0.3 30.5188
0.55,0.75,0.35 225.427
0.55,0.75,0.4 120.392
0.55,0.75,0.45 31.307
0.55,0.75,0.5 272.303
0.55,0.75,0.55 284.673
0.55,0.75,0.6 90.9867
0.55,0.75,0.65 8.29629
0.55,0.8,0.05 0.0531396
0.55,0.8,0.1 1.95217
0.55,0.8,0.15 36.1924
0.55,0.8,0.2 223.875
0.55,0.8,0.25 91.0952
0.55,0.8,0.3 39.5764
0.55,0.8,0.35 353.392
0.55,0.8,0.4 186.845
0.55,0.8,0.45 3.99701
0.55,0.8,0.5 31.0567
0.55,0.8,0.55 22.3657
0.55,0.8,0.6 0.51669
0.55,0.8,0.65 0.000388277
0.55,0.85,0.05 0.175801
0.55,0.85,0.1 6.45833
0.55,0.85,0.15 20.5718
0.55,0.85,0.2 82.7494
0.55,0.85,0.25 33.4807
0.55,0.85,0.3 5.01236
0.55,0.85,0.35 44.1857
0.55,0.85,0.4 23.363
0.55,0.85,0.45 0.212115
0.55,0.9,0.05 0.0363053
0.55,0.9,0.1 1.33373
0.55,0.9,0.15 1.70805
0.55,0.9,0.2 0.235296
0.55,0.9,0.25 0.0515929
0.55,0.9,0.3 0.000150656
0.6,0.1,0.1 0.00027168
0.6,0.1,0.15 0.00579535
0.6,0.1,0.2 0.00555418
0.6,0.1,0.25 0.375134
0.6,0.1,0.3 1.84048
0.6,0.1,0.35 0.563854
0.6,0.1,0.4 0.000151874
0.6,0.1,0.45 0.170552
0.6,0.1,0.5 0.795442
0.6,0.1,0.55 0.409566
0.6,0.1,0.6 0.0212279
0.6,0.1,0.65 1.97905e-05
0.6,0.15,0.1 0.298971
0.6,0.15,0.15 8.73507
0.6,0.15,0.2 17.2029
0.6,0.15,0.25 52.9329
0.6,0.15,0.3 206.609
0.6,0.15,0.35 65.3638
0.6,0.15,0.4 6.74767
0.6,0.15,0.45 44.9757
0.6,0.15,0.5 115.764
0.6,0.15,0.55 80.0809
0.6,0.15,0.6 20.5136
0.6,0.15,0.65 0.618725
0.6,0.15,0.7 0.00535226
0.6,0.2,0.05 0.000300549
0.6,0.2,0.1 0.934809
0.6,0.2,0.15 85.173
0.6,0.2,0.2 311.294
0.6,0.2,0.25 321.35
0.6,0.2,0.3 648.235
0.6,0.2,0.35 208.531
0.6,0.2,0.4 90.8734
0.6,0.2,0.45 345.46
0.6,0.2,0.5 384.088
0.6,0.2,0.55 323.846
0.6,0.2,0.6 152.973
0.6,0.2,0.65 87.1509
0.6,0.2,0.7 5.34681
0.6,0.25,0.05 0.278377
0.6,0.25,0.1 61.0162
0.6,0.25,0.15 221.016
0.6,0.25,0.2 356.218
0.6,0.25,0.25 312.077
0.6,0.25,0.3 400.367
0.6,0.25,0.35 365.417
0.6,0.25,0.4 209.007
0.6,0.25,0.45 377.522
0.6,0.25,0.5 630.93
0.6,0.25,0.55 730.718
0.6,0.25,0.6 338.318
0.6,0.25,0.65 252.53
0.6,0.25,0.7 16.3652
0.6,0.25,0.75 0.00527289
0.6,0.3,0.05 0.824795
0.6,0.3,0.1 209.462
0.6,0.3,0.15 594.45
0.6,0.3,0.2 316.822
0.6,0.3,0.25 429.436
0.6,0.3,0.3 422.289
0.6,0.3,0.35 687.137
0.6,0.3,0.4 256.029
0.6,0.3,0.45 164.802
0.6,0.3,0.5 333.632
0.6,0.3,0.55 528.917
0.6,0.3,0.6 492.861
0.6,0.3,0.65 342.634
0.6,0.3,0.7 79.491
0.6,0.3,0.75 0.417105
0.6,0.35,0 2.84175e-09
0.6,0.35,0.05 0.728774
0.6,0.35,0.1 183.998
0.6,0.35,0.15 695.556
0.6,0.35,0.2 943.516
0.6,0.35,0.25 699.34
0.6,0.35,0.3 341.625
0.6,0.35,0.35 654.869
0.6,0.35,0.4 249.264
0.6,0.35,0.45 481.919
0.6,0.35,0.5 682.261
0.6,0.35,0.55 599.873
0.6,0.35,0.6 624.261
0.6,0.35,0.65 483.316
0.6,0.35,0.7 131.285
0.6,0.35,0.75 0.712378
0.6,0.4,0 5.22009e-07
0.6,0.4,0.05 15.3238
0.6,0.4,0.1 113.09
0.6,0.4,0.15 263.448
0.6,0.4,0.2 536.781
0.6,0.4,0.25 228.102
0.6,0.4,0.3 182.033
0.6,0.4,0.35 518.141
0.6,0.4,0.4 255.001
0.6,0.4,0.45 420.33
0.6,0.4,0.5 360.69
0.6,0.4,0.55 124.953
0.6,0.4,0.6 60.3448
0.6,0.4,0.65 49.8437
0.6,0.4,0.7 14.3245
0.6,0.4,0.75 0.0700108
0.6,0.45,0 6.63877e-06
0.6,0.45,0.05 85.5825
0.6,0.45,0.1 355.031
0.6,0.45,0.15 153.182
0.6,0.45,0.2 360.597
0.6,0.45,0.25 404.349
0.6,0.45,0.3 436.226
0.6,0.45,0.35 198.022
0.6,0.45,0.4 184.466
0.6,0.45,0.45 298.722
0.6,0.45,0.5 336.912
0.6,0.45,0.55 355.656
0.6,0.45,0.6 270.606
0.6,0.45,0.65 38.3329
0.6,0.45,0.7 0.840386
0.6,0.45,0.75 5.83564e-05
0.6,0.5,0 5.73084e-06
0.6,0.5,0.05 86.5553
0.6,0.5,0.1 484.964
0.6,0.5,0.15 438.922
0.6,0.5,0.2 683.489
0.6,0.5,0.25 494.952
0.6,0.5,0.3 475.435
0.6,0.5,0.35 392.947
0.6,0.5,0.4 631.798
0.6,0.5,0.45 522.143
0.6,0.5,0.5 664.602
0.6,0.5,0.55 846.944
0.6,0.5,0.6 761.076
0.6,0.5,0.65 246.936
0.6,0.5,0.7 8.37042
0.6,0.5,0.75 0.00317724
0.6,0.55,0 2.94172e-07
0.6,0.55,0.05 23.9265
0.6,0.55,0.1 221.564
0.6,0.55,0.15 535.035
0.6,0.55,0.2 689.983
0.6,0.55,0.25 295.97
0.6,0.55,0.3 339.45
0.6,0.55,0.35 681.319
0.6,0.55,0.4 396.179
0.6,0.55,0.45 210.362
0.6,0.55,0.5 508.333
0.6,0.55,0.55 548.965
0.6,0.55,0.6 776.831
0.6,0.55,0.65 508.947
0.6,0.55,0.7 21.9372
0.6,0.55,0.75 0.0273559
0.6,0.6,0 1.46178e-10
0.6,0.6,0.05 36.0293
0.6,0.6,0.1 359.615
0.6,0.6,0.15 651.966
0.6,0.6,0.2 1028.46
0.6,0.6,0.25 419.806
0.6,0.6,0.3 104.608
0.6,0.6,0.35 207.249
0.6,0.6,0.4 174.679
0.6,0.6,0.45 539.766
0.6,0.6,0.5 560.765
0.6,0.6,0.55 385.545
0.6,0.6,0.6 207.264
0.6,0.6,0.65 152.523
0.6,0.6,0.7 7.85165
0.6,0.6,0.75 0.0139601
0.6,0.65,0.05 20.1469
0.6,0.65,0.1 194.778
0.6,0.65,0.15 324.426
0.6,0.65,0.2 554.296
0.6,0.65,0.25 200.318
0.6,0.65,0.3 192.363
0.6,0.65,0.35 394.443
0.6,0.65,0.4 414.534
0.6,0.65,0.45 840.483
0.6,0.65,0.5 563.656
0.6,0.65,0.55 635.155
0.6,0.65,0.6 255.5
0.6,0.65,0.65 62.7081
0.6,0.65,0.7 2.20782
0.6,0.65,0.75 0.000111687
0.6,0.7,0.05 0.226906
0.6,0.7,0.1 2.41554
0.6,0.7,0.15 18.0921
0.6,0.7,0.2 96.856
0.6,0.7,0.25 59.5358
0.6,0.7,0.3 92.9351
0.6,0.7,0.35 251.571
0.6,0.7,0.4 473.8
0.6,0.7,0.45 337.112
0.6,0.7,0.5 403.409
0.6,0.7,0.55 547.879
0.6,0.7,0.6 481.427
0.6,0.7,0.65 148.436
0.6,0.7,0.7 4.44541
0.6,0.75,0.05 0.000314189
0.6,0.75,0.1 0.0115422
0.6,0.75,0.15 8.50151
0.6,0.75,0.2 56.7009
0.6,0.75,0.25 24.2645
0.6,0.75,0.3 7.33955
0.6,0.75,0.35 70.0499
0.6,0.75,0.4 131.613
0.6,0.75,0.45 144.795
0.6,0.75,0.5 431.578
0.6,0.75,0.55 281.499
0.6,0.75,0.6 76.8861
0.6,0.75,0.65 22.0379
0.6,0.75,0.7 0.543549
0.6,0.8,0.05 1.47146
0.6,0.8,0.1 54.0566
0.6,0.8,0.15 118.634
0.6,0.8,0.2 339.798
0.6,0.8,0.25 142.405
0.6,0.8,0.3 17.6978
0.6,0.8,0.35 107.318
0.6,0.8,0.4 58.3384
0.6,0.8,0.45 17.8088
0.6,0.8,0.5 57.2608
0.6,0.8,0.55 32.472
0.6,0.8,0.6 0.606531
0.6,0.8,0.65 2.20811e-05
0.6,0.85,0.05 4.86802
0.6,0.85,0.1 178.835
0.6,0.85,0.15 244.908
0.6,0.85,0.2 138.18
0.6,0.85,0.25 53.4098
0.6,0.85,0.3 5.05345
0.6,0.85,0.35 14.4663
0.6,0.85,0.4 6.9402
0.6,0.85,0.45 0.0628242
0.6,0.9,0.05 1.00531
0.6,0.9,0.1 36.9318
0.6,0.9,0.15 46.7963
0.6,0.9,0.2 3.2054
0.6,0.9,0.25 0.110743
0.6,0.9,0.3 0.0652728
0.6,0.9,0.35 0.0245235
0.6,0.9,0.4 6.47811e-05
0.65,0.1,0.1 0.00366069
0.65,0.1,0.15 0.0780883
0.65,0.1,0.2 0.0748388
0.65,0.1,0.25 0.0369035
0.65,0.1,0.3 0.166385
0.65,0.1,0.35 0.0509741
0.65,0.1,0.4 2.60139e-05
0.65,0.1,0.45 0.375899
0.65,0.1,0.5 1.36051
0.65,0.1,0.55 0.310978
0.65,0.1,0.6 0.00279283
0.65,0.1,0.65 8.59366e-05
0.65,0.15,0.1 4.02843
0.65,0.15,0.15 86.6265
0.65,0.15,0.2 90.9236
0.65,0.15,0.25 64.7855
0.65,0.15,0.3 77.3216
0.65,0.15,0.35 21.754
0.65,0.15,0.4 1.1819
0.65,0.15,0.45 57.0772
0.65,0.15,0.5 212.648
0.65,0.15,0.55 138.9
0.65,0.15,0.6 75.5115
0.65,0.15,0.65 2.40067
0.65,0.15,0.7 0.0049225
0.65,0.2,0.05 0.160473
0.65,0.2,0.1 13.2517
0.65,0.2,0.15 270.576
0.65,0.2,0.2 379.362
0.65,0.2,0.25 527.864
0.65,0.2,0.3 577.16
0.65,0.2,0.35 206.817
0.65,0.2,0.4 32.2226
0.65,0.2,0.45 161.757
0.65,0.2,0.5 529.017
0.65,0.2,0.55 510.41
0.65,0.2,0.6 363.517
0.65,0.2,0.65 87.278
0.65,0.2,0.7 4.91748
0.65,0.25,0.05 2.33437
0.65,0.25,0.1 45.4643
0.65,0.25,0.15 151.442
0.65,0.25,0.2 253.937
0.65,0.25,0.25 615.232
0.65,0.25,0.3 527.181
0.65,0.25,0.35 508.111
0.65,0.25,0.4 256.8
0.65,0.25,0.45 334.514
0.65,0.25,0.5 463.222
0.65,0.25,0.55 623.707
0.65,0.25,0.6 504.151
0.65,0.25,0.65 239.593
0.65,0.25,0.7 15.6006
0.65,0.25,0.75 0.00427369
0.65,0.3,0.05 2.03314
0.65,0.3,0.1 117.862
0.65,0.3,0.15 504.472
0.65,0.3,0.2 340.301
0.65,0.3,0.25 268.762
0.65,0.3,0.3 234.97
0.65,0.3,0.35 599.271
0.65,0.3,0.4 301.212
0.65,0.3,0.45 255.67
0.65,0.3,0.5 265.295
0.65,0.3,0.55 408.221
0.65,0.3,0.6 389.846
0.65,0.3,0.65 266.04
0.65,0.3,0.7 76.5028
0.65,0.3,0.75 0.338077
0.65,0.35,0 2.04209e-08
0.65,0.35,0.05 7.84678
0.65,0.35,0.1 191.287
0.65,0.35,0.15 599.421
0.65,0.35,0.2 759.036
0.65,0.35,0.25 402.693
0.65,0.35,0.3 346.094
0.65,0.35,0.35 665.164
0.65,0.35,0.4 163.476
0.65,0.35,0.45 270.831
0.65,0.35,0.5 431.877
0.65,0.35,0.55 407.325
0.65,0.35,0.6 373.982
0.65,0.35,0.65 418.146
0.65,0.35,0.7 143.43
0.65,0.35,0.75 0.583557
0.65,0.4,0 1.04864e-06
0.65,0.4,0.05 77.169
0.65,0.4,0.1 413.126
0.65,0.4,0.15 280.981
0.65,0.4,0.2 466.169
0.65,0.4,0.25 488.441
0.65,0.4,0.3 671.853
0.65,0.4,0.35 858.321
0.65,0.4,0.4 168.501
0.65,0.4,0.45 246.971
0.65,0.4,0.5 268.749
0.65,0.4,0.55 278.102
0.65,0.4,0.6 179.907
0.65,0.4,0.65 270.328
0.65,0.4,0.7 83.3909
0.65,0.4,0.75 0.0729649
0.65,0.45,0 6.2454e-05
0.65,0.45,0.05 113.769
0.65,0.45,0.1 474.939
0.65,0.45,0.15 235.807
0.65,0.45,0.2 283.446
0.65,0.45,0.25 429.756
0.65,0.45,0.3 530.128
0.65,0.45,0.35 240.459
0.65,0.45,0.4 245.182
0.65,0.45,0.45 146.267
0.65,0.45,0.5 261.87
0.65,0.45,0.55 377.176
0.65,0.45,0.6 314.052
0.65,0.45,0.65 163.904
0.65,0.45,0.7 22.1379
0.65,0.45,0.75 0.00267999
0.65,0.5,0 0.00013067
0.65,0.5,0.05 115.582
0.65,0.5,0.1 584.775
0.65,0.5,0.15 551.845
0.65,0.5,0.2 682.039
0.65,0.5,0.25 535.308
0.65,0.5,0.3 590.628
0.65,0.5,0.35 321.197
0.65,0.5,0.4 744.139
0.65,0.5,0.45 467.95
0.65,0.5,0.5 741.491
0.65,0.5,0.55 575.2
0.65,0.5,0.6 608.007
0.65,0.5,0.65 527.049
0.65,0.5,0.7 50.2249
0.65,0.5,0.75 0.135872
0.65,0.55,0 3.06471e-05
0.65,0.55,0.05 51.2521
0.65,0.55,0.1 312.005
0.65,0.55,0.15 602.259
0.65,0.55,0.2 722.886
0.65,0.55,0.25 607.977
0.65,0.55,0.3 428.497
0.65,0.55,0.35 495.646
0.65,0.55,0.4 423.286
0.65,0.55,0.45 392.801
0.65,0.55,0.5 785.368
0.65,0.55,0.55 437.157
0.65,0.55,0.6 393.134
0.65,0.55,0.65 523.677
0.65,0.55,0.7 131.773
0.65,0.55,0.75 1.16986
0.65,0.6,0 1.52928e-06
0.65,0.6,0.05 8.91139
0.65,0.6,0.1 113.305
0.65,0.6,0.15 501.793
0.65,0.6,0.2 663.326
0.65,0.6,0.25 568.156
0.65,0.6,0.3 276.13
0.65,0.6,0.35 209.289
0.65,0.6,0.4 211.721
0.65,0.6,0.45 515.636
0.65,0.6,0.5 560.408
0.65,0.6,0.55 393.473
0.65,0.6,0.6 152.181
0.65,0.6,0.65 157.028
0.65,0.6,0.7 60.6074
0.65,0.6,0.75 0.596995
0.65,0.65,0.05 3.57524
0.65,0.65,0.1 40.3392
0.65,0.65,0.15 190.715
0.65,0.65,0.2 288.317
0.65,0.65,0.25 349.271
0.65,0.65,0.3 347.969
0.65,0.65,0.35 137.111
0.65,0.65,0.4 276.027
0.65,0.65,0.45 545.393
0.65,0.65,0.5 292.104
0.65,0.65,0.55 397.58
