0.45,0.15,0.3 365.436
0.45,0.15,0.35 69.4495
0.45,0.2,0 3.52565e-10
0.45,0.2,0.05 163.912
0.45,0.2,0.1 656.939
0.45,0.2,0.15 256.932
0.45,0.2,0.2 300.921
0.45,0.2,0.25 308.03
0.45,0.2,0.3 91.9195
0.45,0.2,0.35 8.9353
0.45,0.25,0 2.63944e-10
0.45,0.25,0.05 117.322
0.45,0.25,0.1 473.102
0.45,0.25,0.15 180.807
0.45,0.25,0.2 308.018
0.45,0.25,0.25 399.622
0.45,0.25,0.3 58.3924
0.45,0.25,0.35 0.264987
0.45,0.3,0 2.53232e-10
0.45,0.3,0.05 137.927
0.45,0.3,0.1 575.094
0.45,0.3,0.15 493.879
0.45,0.3,0.2 672.595
0.45,0.3,0.25 274.019
0.45,0.3,0.3 25.615
0.45,0.3,0.35 4.04476
0.45,0.3,0.4 0.671604
0.45,0.35,0 1.088e-09
0.45,0.35,0.05 143.218
0.45,0.35,0.1 587.226
0.45,0.35,0.15 389.483
0.45,0.35,0.2 524.818
0.45,0.35,0.25 460.81
0.45,0.35,0.3 360.463
0.45,0.35,0.35 129.025
0.45,0.35,0.4 8.47298
0.45,0.4,0 7.74027e-10
0.45,0.4,0.05 76.6845
0.45,0.4,0.1 318.822
0.45,0.4,0.15 254.958
0.45,0.4,0.2 304.954
0.45,0.4,0.25 413.611
0.45,0.4,0.3 749.675
0.45,0.4,0.35 369.779
0.45,0.4,0.4 25.7443
0.45,0.4,0.45 0.172466
0.45,0.45,0 1.20708e-10
0.45,0.45,0.05 73.9933
0.45,0.45,0.1 343.942
0.45,0.45,0.15 511.342
0.45,0.45,0.2 435.243
0.45,0.45,0.25 582.05
0.45,0.45,0.3 555.33
0.45,0.45,0.35 261.57
0.45,0.45,0.4 75.8817
0.45,0.45,0.45 0.972991
0.45,0.5,0 8.34813e-10
0.45,0.5,0.05 115.391
0.45,0.5,0.1 488.691
0.45,0.5,0.15 416.124
0.45,0.5,0.2 657.754
0.45,0.5,0.25 492.899
0.45,0.5,0.3 941.193
0.45,0.5,0.35 571.565
0.45,0.5,0.4 135.811
0.45,0.5,0.45 3.84999
0.45,0.55,0 4.47663e-09
0.45,0.55,0.05 109.876
0.45,0.55,0.1 455.278
0.45,0.55,0.15 350.482
0.45,0.55,0.2 640.901
0.45,0.55,0.25 313.494
0.45,0.55,0.3 732.143
0.45,0.55,0.35 565.807
0.45,0.55,0.4 211.588
0.45,0.55,0.45 7.09523
0.45,0.6,0 1.47217e-08
0.45,0.6,0.05 143.698
0.45,0.6,0.1 576.945
0.45,0.6,0.15 376.853
0.45,0.6,0.2 740.663
0.45,0.6,0.25 270.976
0.45,0.6,0.3 68.6693
0.45,0.6,0.35 51.3012
0.45,0.6,0.4 25.1457
0.45,0.6,0.45 0.852615
0.45,0.65,0 4.85193e-09
0.45,0.65,0.05 94.0173
0.45,0.65,0.1 376.327
0.45,0.65,0.15 186.708
0.45,0.65,0.2 314.834
0.45,0.65,0.25 106.947
0.45,0.65,0.3 29.1034
0.45,0.65,0.35 3.23017
0.45,0.65,0.4 0.298486
0.45,0.65,0.45 0.00827245
0.45,0.7,0 2.56568e-10
0.45,0.7,0.05 9.37476
0.45,0.7,0.1 41.1455
0.45,0.7,0.15 23.9509
0.45,0.7,0.2 40.4985
0.45,0.7,0.25 69.3601
0.45,0.7,0.3 19.3213
0.45,0.7,0.35 0.666009
0.45,0.7,0.4 0.077347
0.45,0.7,0.45 0.00214365
0.45,0.75,0 2.42916e-07
0.45,0.75,0.05 25.0469
0.45,0.75,0.1 107.09
0.45,0.75,0.15 45.8885
0.45,0.75,0.2 70.6337
0.45,0.75,0.25 241.537
0.45,0.75,0.3 56.6929
0.45,0.75,0.35 1.60369e-07
0.45,0.75,0.4 1.27688e-07
0.45,0.75,0.45 3.53883e-09
0.45,0.8,0 7.85732e-07
0.45,0.8,0.05 80.969
0.45,0.8,0.1 322.747
0.45,0.8,0.15 83.4037
0.45,0.8,0.2 20.2229
0.45,0.8,0.25 64.4647
0.45,0.8,0.3 15.0682
0.45,0.85,0 1.58594e-07
0.45,0.85,0.05 16.3439
0.45,0.85,0.1 64.9577
0.45,0.85,0.15 16.1712
0.45,0.85,0.2 0.104548
0.45,0.85,0.25 0.0196348
0.45,0.85,0.3 0.000141112
0.45,0.9,0 1.66874e-12
0.45,0.9,0.05 0.000257712
0.45,0.9,0.1 0.00102509
0.45,0.9,0.15 0.00025484
0.5,0.05,0.15 0.000404416
0.5,0.05,0.2 0.0122057
0.5,0.05,0.25 0.949007
0.5,0.05,0.3 3.12253
0.5,0.05,0.35 0.650582
0.5,0.1,0 1.59396e-11
0.5,0.1,0.05 5.55557
0.5,0.1,0.1 22.2531
0.5,0.1,0.15 12.7957
0.5,0.1,0.2 24.9048
0.5,0.1,0.25 88.5194
0.5,0.1,0.3 158.164
0.5,0.1,0.35 26.6447
0.5,0.15,0 1.57613e-10
0.5,0.15,0.05 38.4154
0.5,0.15,0.1 155.232
0.5,0.15,0.15 190.472
0.5,0.15,0.2 509.895
0.5,0.15,0.25 623.49
0.5,0.15,0.3 607.45
0.5,0.15,0.35 75.4776
0.5,0.2,0 7.81847e-10
0.5,0.2,0.05 114.475
0.5,0.2,0.1 467.527
0.5,0.2,0.15 446.633
0.5,0.2,0.2 813.224
0.5,0.2,0.25 600.09
0.5,0.2,0.3 386.18
0.5,0.2,0.35 46.0086
0.5,0.25,0 5.17739e-10
0.5,0.25,0.05 100.547
0.5,0.25,0.1 413.141
0.5,0.25,0.15 325.917
0.5,0.25,0.2 414.659
0.5,0.25,0.25 379.985
0.5,0.25,0.3 100.848
0.5,0.25,0.35 3.38087
0.5,0.3,0 2.41195e-10
0.5,0.3,0.05 158.475
0.5,0.3,0.1 680.239
0.5,0.3,0.15 791.049
0.5,0.3,0.2 606.812
0.5,0.3,0.25 183.201
0.5,0.3,0.3 53.8998
0.5,0.3,0.35 38.8714
0.5,0.3,0.4 7.59938
0.5,0.35,0 1.12393e-09
0.5,0.35,0.05 184.472
0.5,0.35,0.1 765.437
0.5,0.35,0.15 597.919
0.5,0.35,0.2 554.618
0.5,0.35,0.25 136.469
0.5,0.35,0.3 206.179
0.5,0.35,0.35 392.063
0.5,0.35,0.4 67.0906
0.5,0.4,0 1.06637e-09
0.5,0.4,0.05 97.1102
0.5,0.4,0.1 395.715
0.5,0.4,0.15 309.589
0.5,0.4,0.2 381.098
0.5,0.4,0.25 260.608
0.5,0.4,0.3 637.665
0.5,0.4,0.35 463.819
0.5,0.4,0.4 40.3126
0.5,0.4,0.45 0.000111308
0.5,0.45,0 1.66914e-09
0.5,0.45,0.05 106.812
0.5,0.45,0.1 438.498
0.5,0.45,0.15 371.514
0.5,0.45,0.2 442.273
0.5,0.45,0.25 559.661
0.5,0.45,0.3 369.869
0.5,0.45,0.35 111.815
0.5,0.45,0.4 2.59097
0.5,0.45,0.45 0.0205077
0.5,0.5,0 5.01305e-09
0.5,0.5,0.05 145.991
0.5,0.5,0.1 586.655
0.5,0.5,0.15 375.812
0.5,0.5,0.2 544.032
0.5,0.5,0.25 268.434
0.5,0.5,0.3 211.794
0.5,0.5,0.35 164.942
0.5,0.5,0.4 81.127
0.5,0.5,0.45 2.74475
0.5,0.55,0 6.35302e-09
0.5,0.55,0.05 177.253
0.5,0.55,0.1 717.168
0.5,0.55,0.15 643.168
0.5,0.55,0.2 830.217
0.5,0.55,0.25 142.163
0.5,0.55,0.3 230.932
0.5,0.55,0.35 274.929
0.5,0.55,0.4 162.694
0.5,0.55,0.45 5.52199
0.5,0.6,0 3.50025e-09
0.5,0.6,0.05 96.0384
0.5,0.6,0.1 391.131
0.5,0.6,0.15 428.938
0.5,0.6,0.2 547.914
0.5,0.6,0.25 74.8539
0.5,0.6,0.3 25.9198
0.5,0.6,0.35 31.627
0.5,0.6,0.4 19.4866
0.5,0.6,0.45 0.662037
0.5,0.65,0 2.35742e-09
0.5,0.65,0.05 114.507
0.5,0.65,0.1 462.08
0.5,0.65,0.15 245.868
0.5,0.65,0.2 187.154
0.5,0.65,0.25 18.9895
0.5,0.65,0.3 0.0339883
0.5,0.7,0 5.67027e-10
0.5,0.7,0.05 30.6809
0.5,0.7,0.1 185.024
0.5,0.7,0.15 315.711
0.5,0.7,0.2 172.281
0.5,0.7,0.25 9.9629
0.5,0.7,0.3 0.253271
0.5,0.75,0 1.82803e-08
0.5,0.75,0.05 8.64447
0.5,0.75,0.1 151.475
0.5,0.75,0.15 327.24
0.5,0.75,0.2 63.8669
0.5,0.75,0.25 5.27335
0.5,0.75,0.3 1.08056
0.5,0.8,0 1.78869e-07
0.5,0.8,0.05 31.9237
0.5,0.8,0.1 141.531
0.5,0.8,0.15 69.6737
0.5,0.8,0.2 6.49789
0.5,0.8,0.25 1.22275
0.5,0.8,0.3 0.288158
0.5,0.85,0 1.65992e-07
0.5,0.85,0.05 25.4838
0.5,0.85,0.1 101.369
0.5,0.85,0.15 25.2017
0.5,0.85,0.2 3.03721e-06
0.5,0.85,0.25 1.14526e-05
0.5,0.85,0.3 2.69895e-06
0.5,0.9,0 8.96276e-09
0.5,0.9,0.05 1.38416
0.5,0.9,0.1 5.50572
0.5,0.9,0.15 1.36874
0.55,0.05,0.2 1.08677e-06
0.55,0.05,0.25 0.00583875
0.55,0.05,0.3 0.0194897
0.55,0.05,0.35 0.00406166
0.55,0.1,0 2.16179e-12
0.55,0.1,0.05 0.10017
0.55,0.1,0.1 1.48581
0.55,0.1,0.15 22.2145
0.55,0.1,0.2 26.1901
0.55,0.1,0.25 40.2709
0.55,0.1,0.3 32.2877
0.55,0.1,0.35 1.63608
0.55,0.15,0 6.15279e-10
0.55,0.15,0.05 30.3185
0.55,0.15,0.1 129.263
0.55,0.15,0.15 208.168
0.55,0.15,0.2 291.341
0.55,0.15,0.25 361.44
0.55,0.15,0.3 303.459
0.55,0.15,0.35 25.347
0.55,0.2,0 1.68041e-09
0.55,0.2,0.05 103.84
0.55,0.2,0.1 434.226
0.55,0.2,0.15 548.689
0.55,0.2,0.2 723.996
0.55,0.2,0.25 369.802
0.55,0.2,0.3 327.109
0.55,0.2,0.35 48.3109
0.55,0.25,0 4.16931e-10
0.55,0.25,0.05 61.4433
0.55,0.25,0.1 271.915
0.55,0.25,0.15 555.63
0.55,0.25,0.2 686.48
0.55,0.25,0.25 792.632
0.55,0.25,0.3 516.547
0.55,0.25,0.35 61.3635
0.55,0.25,0.4 0.00466499
0.55,0.3,0 3.4556e-10
0.55,0.3,0.05 102.187
0.55,0.3,0.1 431.675
0.55,0.3,0.15 468.207
0.55,0.3,0.2 563.726
0.55,0.3,0.25 704.375
0.55,0.3,0.3 314.255
0.55,0.3,0.35 45.5646
0.55,0.3,0.4 4.84727
0.55,0.35,0 1.66415e-09
0.55,0.35,0.05 147.391
0.55,0.35,0.1 601.857
0.55,0.35,0.15 230.051
0.55,0.35,0.2 207.458
0.55,0.35,0.25 107.899
0.55,0.35,0.3 98.7688
0.55,0.35,0.35 217.853
0.55,0.35,0.4 41.2579
0.55,0.4,0 1.13908e-09
0.55,0.4,0.05 78.2845
0.55,0.4,0.1 316.946
0.55,0.4,0.15 128.354
0.55,0.4,0.2 117.442
0.55,0.4,0.25 134.153
0.55,0.4,0.3 122.203
0.55,0.4,0.35 129.174
0.55,0.4,0.4 21.1094
0.55,0.45,0 1.94604e-09
0.55,0.45,0.05 112.884
0.55,0.45,0.1 453.132
0.55,0.45,0.15 287.113
0.55,0.45,0.2 470.434
0.55,0.45,0.25 409.369
0.55,0.45,0.3 115.585
0.55,0.45,0.35 11.9996
0.55,0.45,0.4 0.2222
0.55,0.45,0.45 0.000524509
0.55,0.5,0 2.97876e-09
0.55,0.5,0.05 100.754
0.55,0.5,0.1 409.212
0.55,0.5,0.15 482.382
0.55,0.5,0.2 772.329
0.55,0.5,0.25 176.145
0.55,0.5,0.3 18.7477
0.55,0.5,0.35 2.67505
0.55,0.5,0.4 2.12763
0.55,0.5,0.45 0.0723521
0.55,0.55,0 4.29293e-09
0.55,0.55,0.05 85.3651
0.55,0.55,0.1 383.747
0.55,0.55,0.15 646.186
0.55,0.55,0.2 771.301
0.55,0.55,0.25 160.236
0.55,0.55,0.3 10.9828
0.55,0.55,0.35 5.23356
0.55,0.55,0.4 4.28075
0.55,0.55,0.45 0.145571
0.55,0.6,0 4.28921e-09
0.55,0.6,0.05 89.2133
0.55,0.6,0.1 387.238
0.55,0.6,0.15 405.497
0.55,0.6,0.2 359.971
0.55,0.6,0.25 83.6606
0.55,0.6,0.3 5.22122
0.55,0.6,0.35 0.635106
0.55,0.6,0.4 0.51324
0.55,0.6,0.45 0.0174527
0.55,0.65,0 8.54032e-10
0.55,0.65,0.05 60.0807
0.55,0.65,0.1 278.002
0.55,0.65,0.15 483.06
0.55,0.65,0.2 606.535
0.55,0.65,0.25 82.9548
0.55,0.65,0.3 0.335661
0.55,0.7,0 1.304e-10
0.55,0.7,0.05 39.8961
0.55,0.7,0.1 326.932
0.55,0.7,0.15 756.279
0.55,0.7,0.2 695.515
0.55,0.7,0.25 69.4488
0.55,0.7,0.3 0.0197359
0.55,0.75,0 1.43001e-08
0.55,0.75,0.05 77.7217
0.55,0.75,0.1 513.975
0.55,0.75,0.15 472.938
0.55,0.75,0.2 87.9716
0.55,0.75,0.25 3.80236
0.55,0.8,0 4.45858e-07
0.55,0.8,0.05 145.489
0.55,0.8,0.1 599.354
0.55,0.8,0.15 182.76
0.55,0.8,0.2 5.13732
0.55,0.8,0.25 7.74152e-10
0.55,0.85,0 5.23551e-07
0.55,0.85,0.05 89.3176
0.55,0.85,0.1 355.453
0.55,0.85,0.15 88.4116
0.55,0.9,0 2.99179e-08
0.55,0.9,0.05 5.75641
0.55,0.9,0.1 22.9211
0.55,0.9,0.15 5.70429
0.55,0.95,0 9.51499e-18
0.55,0.95,0.05 1.11451e-05
0.55,0.95,0.1 4.45676e-05
0.55,0.95,0.15 1.11387e-05
0.6,0.1,0 2.62714e-12
0.6,0.1,0.05 0.121429
0.6,0.1,0.1 3.24694
0.6,0.1,0.15 55.5257
0.6,0.1,0.2 51.3555
0.6,0.1,0.25 3.02118
0.6,0.1,0.3 0.852076
0.6,0.1,0.35 0.0276153
0.6,0.15,0 7.21784e-10
0.6,0.15,0.05 35.409
0.6,0.15,0.1 159.927
0.6,0.15,0.15 409.915
0.6,0.15,0.2 352.285
0.6,0.15,0.25 25.4394
0.6,0.15,0.3 9.40012
0.6,0.15,0.35 0.492065
0.6,0.2,0 1.72605e-09
0.6,0.2,0.05 137.784
0.6,0.2,0.1 567.074
0.6,0.2,0.15 406.531
0.6,0.2,0.2 266.494
0.6,0.2,0.25 171.497
0.6,0.2,0.3 216.498
0.6,0.2,0.35 36.0195
0.6,0.25,0 2.77164e-10
0.6,0.25,0.05 81.1643
0.6,0.25,0.1 428.801
0.6,0.25,0.15 624.032
0.6,0.25,0.2 489.095
0.6,0.25,0.25 676.451
0.6,0.25,0.3 586.817
0.6,0.25,0.35 98.0352
0.6,0.25,0.4 0.0547042
0.6,0.3,0 1.02468e-10
0.6,0.3,0.05 29.9676
0.6,0.3,0.1 284.626
0.6,0.3,0.15 554.863
0.6,0.3,0.2 697.867
0.6,0.3,0.25 754.669
0.6,0.3,0.3 534.285
0.6,0.3,0.35 146.074
0.6,0.3,0.4 0.55811
0.6,0.35,0 5.7752e-10
0.6,0.35,0.05 109.07
0.6,0.35,0.1 672.673
0.6,0.35,0.15 382.641
0.6,0.35,0.2 301.094
0.6,0.35,0.25 175.35
0.6,0.35,0.3 174.708
0.6,0.35,0.35 72.5941
0.6,0.35,0.4 0.901184
0.6,0.4,0 2.65865e-10
0.6,0.4,0.05 58.4325
0.6,0.4,0.1 314.654
0.6,0.4,0.15 177.622
0.6,0.4,0.2 168.752
0.6,0.4,0.25 37.4483
0.6,0.4,0.3 3.86882
0.6,0.4,0.35 2.2691
0.6,0.4,0.4 0.332745
0.6,0.45,0 9.10978e-10
0.6,0.45,0.05 154.988
0.6,0.45,0.1 620.344
0.6,0.45,0.15 371.52
0.6,0.45,0.2 593.629
0.6,0.45,0.25 131.124
0.6,0.45,0.3 6.1265
0.6,0.45,0.35 0.0132164
0.6,0.45,0.4 0.00260853
0.6,0.5,0 1.8648e-09
0.6,0.5,0.05 144.22
0.6,0.5,0.1 582.955
0.6,0.5,0.15 382.418
0.6,0.5,0.2 584.386
0.6,0.5,0.25 158.168
0.6,0.5,0.3 6.25907
0.6,0.55,0 5.1768e-10
0.6,0.55,0.05 20.6988
0.6,0.55,0.1 145.696
0.6,0.55,0.15 450.743
0.6,0.55,0.2 512.852
0.6,0.55,0.25 391.504
0.6,0.55,0.3 40.6743
0.6,0.6,0 3.70083e-10
0.6,0.6,0.05 11.5447
0.6,0.6,0.1 109.092
0.6,0.6,0.15 563.738
0.6,0.6,0.2 668.267
0.6,0.6,0.25 325.078
0.6,0.6,0.3 22.0247
0.6,0.65,0 3.70421e-11
0.6,0.65,0.05 78.4265
0.6,0.65,0.1 439.14
0.6,0.65,0.15 755.293
0.6,0.65,0.2 866.743
0.6,0.65,0.25 231.431
0.6,0.65,0.3 2.69416
0.6,0.7,0 3.41557e-12
0.6,0.7,0.05 79.6816
0.6,0.7,0.1 593.808
0.6,0.7,0.15 853.665
0.6,0.7,0.2 529.172
0.6,0.7,0.25 66.8735
0.6,0.7,0.3 0.167019
0.6,0.75,0 3.47347e-09
0.6,0.75,0.05 90.4316
0.6,0.75,0.1 573.254
0.6,0.75,0.15 397.384
0.6,0.75,0.2 49.873
0.6,0.75,0.25 2.4095
0.6,0.8,0 9.40025e-08
0.6,0.8,0.05 157.869
0.6,0.8,0.1 659.516
0.6,0.8,0.15 209.593
0.6,0.8,0.2 6.07595
0.6,0.8,0.25 7.09426e-06
0.6,0.85,0 1.09315e-07
0.6,0.85,0.05 109.327
0.6,0.85,0.1 437.334
0.6,0.85,0.15 110.334
0.6,0.85,0.2 0.181149
0.6,0.9,0 6.2527e-09
0.6,0.9,0.05 22.1589
0.6,0.9,0.1 88.5901
0.6,0.9,0.15 22.1361
0.6,0.95,0 1.77506e-16
0.6,0.95,0.05 0.000207916
0.6,0.95,0.1 0.000831427
0.6,0.95,0.15 0.000207798
0.65,0.1,0 1.58572e-13
0.65,0.1,0.05 0.00733368
0.65,0.1,0.1 1.25594
0.65,0.1,0.15 26.7676
0.65,0.1,0.2 26.0076
0.65,0.1,0.25 1.0758
0.65,0.15,0 4.41996e-11
0.65,0.15,0.05 4.62718
0.65,0.15,0.1 36.2518
0.65,0.15,0.15 300.012
0.65,0.15,0.2 287.295
0.65,0.15,0.25 21.5855
0.65,0.15,0.3 6.19809
0.65,0.15,0.35 0.112587
0.65,0.2,0 1.22201e-10
0.65,0.2,0.05 52.972
0.65,0.2,0.1 254.411
0.65,0.2,0.15 284.931
0.65,0.2,0.2 218.961
0.65,0.2,0.25 252.731
0.65,0.2,0.3 166.365
0.65,0.2,0.35 5.19662
0.65,0.25,0 3.68252e-11
0.65,0.25,0.05 61.8439
0.65,0.25,0.1 442.598
0.65,0.25,0.15 423.051
0.65,0.25,0.2 230.038
0.65,0.25,0.25 342.571
0.65,0.25,0.3 219.896
0.65,0.25,0.35 18.6216
0.65,0.25,0.4 0.0355192
0.65,0.3,0 1.4236e-12
0.65,0.3,0.05 23.937
0.65,0.3,0.1 368.947
0.65,0.3,0.15 719.962
0.65,0.3,0.2 656.449
0.65,0.3,0.25 268.527
0.65,0.3,0.3 226.074
0.65,0.3,0.35 87.4184
0.65,0.3,0.4 0.313117
0.65,0.35,0 3.25703e-11
0.65,0.35,0.05 78.3294
0.65,0.35,0.1 625.558
0.65,0.35,0.15 494.573
0.65,0.35,0.2 228.029
0.65,0.35,0.25 71.883
0.65,0.35,0.3 106.87
0.65,0.35,0.35 44.959
0.65,0.35,0.4 0.16292
0.65,0.4,0 1.74425e-10
0.65,0.4,0.05 79.1947
0.65,0.4,0.1 424.214
0.65,0.4,0.15 173.888
0.65,0.4,0.2 39.9354
0.65,0.4,0.25 6.59562
0.65,0.4,0.3 0.912268
0.65,0.4,0.35 0.385763
0.65,0.4,0.4 0.00139793
0.65,0.45,0 3.40044e-10
0.65,0.45,0.05 159.551
0.65,0.45,0.1 639.24
0.65,0.45,0.15 223.355
0.65,0.45,0.2 259.105
0.65,0.45,0.25 80.9391
0.65,0.45,0.3 0.200785
0.65,0.5,0 4.43228e-10
0.65,0.5,0.05 93.532
0.65,0.5,0.1 375.246
0.65,0.5,0.15 251.6
