0.45,0.1,0.35 110.077
0.45,0.1,0.4 1.63393
0.45,0.15,0 2.18181e-12
0.45,0.15,0.05 98.5254
0.45,0.15,0.1 588.321
0.45,0.15,0.15 363.848
0.45,0.15,0.2 302.549
0.45,0.15,0.25 274.133
0.45,0.15,0.3 334.697
0.45,0.15,0.35 163.892
0.45,0.15,0.4 2.40249
0.45,0.2,0 2.73125e-11
0.45,0.2,0.05 138.332
0.45,0.2,0.1 660.687
0.45,0.2,0.15 320.788
0.45,0.2,0.2 265.035
0.45,0.2,0.25 421.568
0.45,0.2,0.3 193.164
0.45,0.2,0.35 15.6149
0.45,0.2,0.4 0.192175
0.45,0.25,0 1.97727e-11
0.45,0.25,0.05 113.629
0.45,0.25,0.1 460.713
0.45,0.25,0.15 212.138
0.45,0.25,0.2 240.041
0.45,0.25,0.25 303.873
0.45,0.25,0.3 125.723
0.45,0.25,0.35 0.947023
0.45,0.3,0 1.4829e-11
0.45,0.3,0.05 137.608
0.45,0.3,0.1 572.479
0.45,0.3,0.15 577.556
0.45,0.3,0.2 722.862
0.45,0.3,0.25 184.618
0.45,0.3,0.3 39.4109
0.45,0.3,0.35 7.89906
0.45,0.3,0.4 2.61141
0.45,0.3,0.45 0.0836887
0.45,0.35,0 8.72236e-11
0.45,0.35,0.05 142.991
0.45,0.35,0.1 584.71
0.45,0.35,0.15 444.303
0.45,0.35,0.2 563.993
0.45,0.35,0.25 370.177
0.45,0.35,0.3 487.037
0.45,0.35,0.35 220.16
0.45,0.35,0.4 39.0261
0.45,0.35,0.45 1.00879
0.45,0.4,0 6.41191e-11
0.45,0.4,0.05 77.7091
0.45,0.4,0.1 324.689
0.45,0.4,0.15 290.659
0.45,0.4,0.2 351.342
0.45,0.4,0.25 282.892
0.45,0.4,0.3 689.718
0.45,0.4,0.35 544.599
0.45,0.4,0.4 63.7245
0.45,0.4,0.45 1.9423
0.45,0.45,0 1.20326e-10
0.45,0.45,0.05 74.0293
0.45,0.45,0.1 343.694
0.45,0.45,0.15 493.705
0.45,0.45,0.2 500.494
0.45,0.45,0.25 572.957
0.45,0.45,0.3 519.738
0.45,0.45,0.35 291.119
0.45,0.45,0.4 121.371
0.45,0.45,0.45 14.7657
0.45,0.5,0 8.36729e-10
0.45,0.5,0.05 100.13
0.45,0.5,0.1 471.599
0.45,0.5,0.15 402.922
0.45,0.5,0.2 690.612
0.45,0.5,0.25 630.685
0.45,0.5,0.3 605.755
0.45,0.5,0.35 921.333
0.45,0.5,0.4 507.904
0.45,0.5,0.45 63.4305
0.45,0.55,0 4.41203e-09
0.45,0.55,0.05 70.7527
0.45,0.55,0.1 435.339
0.45,0.55,0.15 401.894
0.45,0.55,0.2 530.351
0.45,0.55,0.25 212.137
0.45,0.55,0.3 268.082
0.45,0.55,0.35 701.126
0.45,0.55,0.4 267.952
0.45,0.55,0.45 24.0821
0.45,0.6,0 1.45626e-08
0.45,0.6,0.05 131.876
0.45,0.6,0.1 567.883
0.45,0.6,0.15 349.293
0.45,0.6,0.2 791.963
0.45,0.6,0.25 346.271
0.45,0.6,0.3 31.4759
0.45,0.6,0.35 38.7809
0.45,0.6,0.4 9.12002
0.45,0.6,0.45 0.118726
0.45,0.65,0 4.32448e-09
0.45,0.65,0.05 69.97
0.45,0.65,0.1 347.497
0.45,0.65,0.15 204.867
0.45,0.65,0.2 282.762
0.45,0.65,0.25 111.06
0.45,0.65,0.3 25.2343
0.45,0.65,0.35 6.44441
0.45,0.65,0.4 1.29686
0.45,0.65,0.45 0.0581212
0.45,0.7,0 1.04913e-10
0.45,0.7,0.05 2.47661
0.45,0.7,0.1 30.9643
0.45,0.7,0.15 33.8028
0.45,0.7,0.2 18.5588
0.45,0.7,0.25 16.5112
0.45,0.7,0.3 85.1826
0.45,0.7,0.35 43.15
0.45,0.7,0.4 0.399781
0.45,0.7,0.45 0.00193506
0.45,0.75,0 2.42916e-07
0.45,0.75,0.05 25.0317
0.45,0.75,0.1 100.46
0.45,0.75,0.15 36.1728
0.45,0.75,0.2 8.10574
0.45,0.75,0.25 9.90669
0.45,0.75,0.3 69.977
0.45,0.75,0.35 35.9154
0.45,0.75,0.4 0.298845
0.45,0.8,0 7.85732e-07
0.45,0.8,0.05 80.9672
0.45,0.8,0.1 321.91
0.45,0.8,0.15 81.2418
0.45,0.8,0.2 0.921566
0.45,0.8,0.25 0.490799
0.45,0.8,0.3 2.19432
0.45,0.8,0.35 1.10854
0.45,0.8,0.4 0.00922396
0.45,0.85,0 1.58594e-07
0.45,0.85,0.05 16.3439
0.45,0.85,0.1 64.9577
0.45,0.85,0.15 16.1356
0.45,0.9,0 1.66874e-12
0.45,0.9,0.05 0.000257712
0.45,0.9,0.1 0.00102509
0.45,0.9,0.15 0.00025484
0.5,0.05,0.25 0.209044
0.5,0.05,0.3 2.29903
0.5,0.05,0.35 1.42328
0.5,0.05,0.4 0.0211669
0.5,0.1,0 1.05038e-13
0.5,0.1,0.05 3.85582
0.5,0.1,0.1 19.6641
0.5,0.1,0.15 19.0102
0.5,0.1,0.2 34.834
0.5,0.1,0.25 47.8602
0.5,0.1,0.3 155.38
0.5,0.1,0.35 77.154
0.5,0.1,0.4 1.10623
0.5,0.15,0 4.53577e-11
0.5,0.15,0.05 29.6277
0.5,0.15,0.1 142.44
0.5,0.15,0.15 193.171
0.5,0.15,0.2 489.985
0.5,0.15,0.25 631.584
0.5,0.15,0.3 613.826
0.5,0.15,0.35 138.261
0.5,0.15,0.4 1.62752
0.5,0.2,0 2.50919e-10
0.5,0.2,0.05 110.939
0.5,0.2,0.1 456.391
0.5,0.2,0.15 424.724
0.5,0.2,0.2 828.28
0.5,0.2,0.25 843.16
0.5,0.2,0.3 501.611
0.5,0.2,0.35 43.2154
0.5,0.2,0.4 0.486437
0.5,0.25,0 1.65864e-10
0.5,0.25,0.05 98.7881
0.5,0.25,0.1 401.834
0.5,0.25,0.15 358.027
0.5,0.25,0.2 558.518
0.5,0.25,0.25 529.128
0.5,0.25,0.3 220.246
0.5,0.25,0.35 31.7239
0.5,0.25,0.4 0.89059
0.5,0.3,0 2.0866e-10
0.5,0.3,0.05 152.846
0.5,0.3,0.1 646.685
0.5,0.3,0.15 761.737
0.5,0.3,0.2 677.984
0.5,0.3,0.25 271.573
0.5,0.3,0.3 80.3264
0.5,0.3,0.35 26.7034
0.5,0.3,0.4 18.7133
0.5,0.3,0.45 0.595452
0.5,0.35,0 6.57477e-10
0.5,0.35,0.05 178.125
0.5,0.35,0.1 732.325
0.5,0.35,0.15 557.916
0.5,0.35,0.2 501.004
0.5,0.35,0.25 87.7361
0.5,0.35,0.3 108.864
0.5,0.35,0.35 362.951
0.5,0.35,0.4 231.08
0.5,0.35,0.45 7.17759
0.5,0.4,0 7.80703e-10
0.5,0.4,0.05 96.6429
0.5,0.4,0.1 388.492
0.5,0.4,0.15 261.951
0.5,0.4,0.2 390.057
0.5,0.4,0.25 234.027
0.5,0.4,0.3 431.17
0.5,0.4,0.35 647.868
0.5,0.4,0.4 183.467
0.5,0.4,0.45 4.75497
0.5,0.45,0 1.664e-09
0.5,0.45,0.05 106.808
0.5,0.45,0.1 431.635
0.5,0.45,0.15 292.633
0.5,0.45,0.2 456.664
0.5,0.45,0.25 453.822
0.5,0.45,0.3 259.058
0.5,0.45,0.35 168.02
0.5,0.45,0.4 33.2803
0.5,0.45,0.45 3.05089
0.5,0.5,0 4.97947e-09
0.5,0.5,0.05 130.853
0.5,0.5,0.1 575.323
0.5,0.5,0.15 402.733
0.5,0.5,0.2 537.96
0.5,0.5,0.25 315.501
0.5,0.5,0.3 127.119
0.5,0.5,0.35 205.838
0.5,0.5,0.4 148.221
0.5,0.5,0.45 18.5866
0.5,0.55,0 4.82499e-09
0.5,0.55,0.05 119.116
0.5,0.55,0.1 680.012
0.5,0.55,0.15 751.069
0.5,0.55,0.2 872.471
0.5,0.55,0.25 156.007
0.5,0.55,0.3 93.5826
0.5,0.55,0.35 203.714
0.5,0.55,0.4 85.4492
0.5,0.55,0.45 7.18443
0.5,0.6,0 5.08459e-10
0.5,0.6,0.05 35.9584
0.5,0.6,0.1 330.364
0.5,0.6,0.15 423.684
0.5,0.6,0.2 491.216
0.5,0.6,0.25 96.644
0.5,0.6,0.3 11.3605
0.5,0.6,0.35 12.1088
0.5,0.6,0.4 2.82452
0.5,0.6,0.45 0.0154725
0.5,0.65,0 1.85934e-10
0.5,0.65,0.05 22.4039
0.5,0.65,0.1 349.016
0.5,0.65,0.15 385.945
0.5,0.65,0.2 220.835
0.5,0.65,0.25 44.917
0.5,0.65,0.3 0.192854
0.5,0.65,0.35 0.000108553
0.5,0.65,0.4 9.03248e-07
0.5,0.7,0 2.10608e-11
0.5,0.7,0.05 5.07781
0.5,0.7,0.1 109.998
0.5,0.7,0.15 337.701
0.5,0.7,0.2 336.396
0.5,0.7,0.25 43.9794
0.5,0.7,0.3 0.0737362
0.5,0.7,0.35 0.00185053
0.5,0.7,0.4 1.53979e-05
0.5,0.75,0 1.82807e-08
0.5,0.75,0.05 8.35713
0.5,0.75,0.1 57.1277
0.5,0.75,0.15 269.672
0.5,0.75,0.2 183.854
0.5,0.75,0.25 6.14115
0.5,0.75,0.3 0.00535909
0.5,0.75,0.35 0.00154993
0.5,0.75,0.4 1.28966e-05
0.5,0.8,0 1.78869e-07
0.5,0.8,0.05 31.8916
0.5,0.8,0.1 129.571
0.5,0.8,0.15 59.8166
0.5,0.8,0.2 18.1245
0.5,0.8,0.25 0.307353
0.5,0.8,0.3 9.27359e-05
0.5,0.8,0.35 4.78391e-05
0.5,0.8,0.4 3.9806e-07
0.5,0.85,0 1.65992e-07
0.5,0.85,0.05 25.4838
0.5,0.85,0.1 101.369
0.5,0.85,0.15 25.2017
0.5,0.9,0 8.96276e-09
0.5,0.9,0.05 1.38416
0.5,0.9,0.1 5.50572
0.5,0.9,0.15 1.36874
0.55,0.05,0.25 0.00395417
0.55,0.05,0.3 0.0434873
0.55,0.05,0.35 0.026922
0.55,0.05,0.4 0.000400382
0.55,0.1,0 3.91551e-12
0.55,0.1,0.05 0.0882006
0.55,0.1,0.1 0.614938
0.55,0.1,0.15 20.3076
0.55,0.1,0.2 36.6123
0.55,0.1,0.25 23.034
0.55,0.1,0.3 26.7361
0.55,0.1,0.35 3.36331
0.55,0.1,0.4 0.0209248
0.55,0.15,0 1.1739e-09
0.55,0.15,0.05 29.1302
0.55,0.15,0.1 118.63
0.55,0.15,0.15 181.821
0.55,0.15,0.2 312.192
0.55,0.15,0.25 313.231
0.55,0.15,0.3 287.274
0.55,0.15,0.35 22.2179
0.55,0.15,0.4 0.0383591
0.55,0.2,0 2.8941e-09
0.55,0.2,0.05 101.185
0.55,0.2,0.1 412.772
0.55,0.2,0.15 429.219
0.55,0.2,0.2 599.255
0.55,0.2,0.25 399.944
0.55,0.2,0.3 394.095
0.55,0.2,0.35 115.983
0.55,0.2,0.4 2.8719
0.55,0.25,0 5.33883e-10
0.55,0.25,0.05 61.4271
0.55,0.25,0.1 261.776
0.55,0.25,0.15 484.303
0.55,0.25,0.2 739.867
0.55,0.25,0.25 786.839
0.55,0.25,0.3 564.63
0.55,0.25,0.35 258.234
0.55,0.25,0.4 7.21647
0.55,0.3,0 4.0335e-10
0.55,0.3,0.05 102.506
0.55,0.3,0.1 424.431
0.55,0.3,0.15 397.682
0.55,0.3,0.2 533.845
0.55,0.3,0.25 810.753
0.55,0.3,0.3 376.132
0.55,0.3,0.35 88.8705
0.55,0.3,0.4 9.33672
0.55,0.3,0.45 0.258119
0.55,0.35,0 1.62992e-09
0.55,0.35,0.05 144.665
0.55,0.35,0.1 599.602
0.55,0.35,0.15 217.326
0.55,0.35,0.2 108.471
0.55,0.35,0.25 245.387
0.55,0.35,0.3 102.855
0.55,0.35,0.35 134.961
0.55,0.35,0.4 97.9255
0.55,0.35,0.45 3.11138
0.55,0.4,0 1.11919e-09
0.55,0.4,0.05 78.0055
0.55,0.4,0.1 317.829
0.55,0.4,0.15 112.073
0.55,0.4,0.2 98.6625
0.55,0.4,0.25 244.41
0.55,0.4,0.3 139.46
0.55,0.4,0.35 132.762
0.55,0.4,0.4 68.7023
0.55,0.4,0.45 2.06121
0.55,0.45,0 1.94599e-09
0.55,0.45,0.05 112.902
0.55,0.45,0.1 451.657
0.55,0.45,0.15 245.508
0.55,0.45,0.2 450.986
0.55,0.45,0.25 352.284
0.55,0.45,0.3 122.553
0.55,0.45,0.35 20.9342
0.55,0.45,0.4 2.63701
0.55,0.45,0.45 0.0373744
0.55,0.5,0 2.94912e-09
0.55,0.5,0.05 99.7477
0.55,0.5,0.1 403.452
0.55,0.5,0.15 401.924
0.55,0.5,0.2 791.85
0.55,0.5,0.25 242.986
0.55,0.5,0.3 82.9577
0.55,0.5,0.35 3.42584
0.55,0.5,0.4 0.109333
0.55,0.5,0.45 0.00324487
0.55,0.55,0 1.91045e-09
0.55,0.55,0.05 51.9528
0.55,0.55,0.1 321.494
0.55,0.55,0.15 494.449
0.55,0.55,0.2 722.439
0.55,0.55,0.25 373.625
0.55,0.55,0.3 270.537
0.55,0.55,0.35 11.3313
0.55,0.55,0.4 0.126611
0.55,0.55,0.45 0.00125433
0.55,0.6,0 5.26559e-10
0.55,0.6,0.05 29.5379
0.55,0.6,0.1 316.578
0.55,0.6,0.15 400.444
0.55,0.6,0.2 386.981
0.55,0.6,0.25 119.032
0.55,0.6,0.3 60.7528
0.55,0.6,0.35 2.45841
0.55,0.6,0.4 0.00843585
0.55,0.6,0.45 2.70727e-06
0.55,0.65,0 8.4364e-09
0.55,0.65,0.05 36.2804
0.55,0.65,0.1 282.092
0.55,0.65,0.15 404.605
0.55,0.65,0.2 660.71
0.55,0.65,0.25 236.851
0.55,0.65,0.3 3.40126
0.55,0.7,0 7.51379e-09
0.55,0.7,0.05 31.8675
0.55,0.7,0.1 298.967
0.55,0.7,0.15 684.106
0.55,0.7,0.2 879.713
0.55,0.7,0.25 231.755
0.55,0.7,0.3 2.59667
0.55,0.75,0 1.45626e-08
0.55,0.75,0.05 72.2289
0.55,0.75,0.1 421.922
0.55,0.75,0.15 528.886
0.55,0.75,0.2 233.437
0.55,0.75,0.25 15.293
0.55,0.75,0.3 0.0820292
0.55,0.8,0 4.45858e-07
0.55,0.8,0.05 145.092
0.55,0.8,0.1 589.301
0.55,0.8,0.15 185.248
0.55,0.8,0.2 18.6669
0.55,0.8,0.25 0.294369
0.55,0.85,0 5.23551e-07
0.55,0.85,0.05 89.3176
0.55,0.85,0.1 355.453
0.55,0.85,0.15 88.4116
0.55,0.9,0 2.99179e-08
0.55,0.9,0.05 5.75641
0.55,0.9,0.1 22.9211
0.55,0.9,0.15 5.70429
0.55,0.95,0 9.51499e-18
0.55,0.95,0.05 1.11451e-05
0.55,0.95,0.1 4.45676e-05
0.55,0.95,0.15 1.11387e-05
0.6,0.1,0 4.99136e-12
0.6,0.1,0.05 0.112435
0.6,0.1,0.1 1.00356
0.6,0.1,0.15 38.6518
0.6,0.1,0.2 63.1534
0.6,0.1,0.25 6.20558
0.6,0.1,0.3 0.506241
0.6,0.1,0.35 0.0412143
0.6,0.15,0 1.49974e-09
0.6,0.15,0.05 35.1871
0.6,0.15,0.1 144.725
0.6,0.15,0.15 312.39
0.6,0.15,0.2 449.662
0.6,0.15,0.25 47.7207
0.6,0.15,0.3 15.6589
0.6,0.15,0.35 2.98578
0.6,0.15,0.4 0.00366319
0.6,0.2,0 3.95406e-09
0.6,0.2,0.05 136.71
0.6,0.2,0.1 555.091
0.6,0.2,0.15 349.098
0.6,0.2,0.2 276.389
0.6,0.2,0.25 117.131
0.6,0.2,0.3 313.886
0.6,0.2,0.35 106.448
0.6,0.2,0.4 1.3846
0.6,0.25,0 1.0035e-09
0.6,0.25,0.05 82.064
0.6,0.25,0.1 386.483
0.6,0.25,0.15 581.195
0.6,0.25,0.2 520.87
0.6,0.25,0.25 574.193
0.6,0.25,0.3 594.854
0.6,0.25,0.35 220.784
0.6,0.25,0.4 3.64791
0.6,0.3,0 1.33883e-10
0.6,0.3,0.05 16.5668
0.6,0.3,0.1 192.452
0.6,0.3,0.15 580.747
0.6,0.3,0.2 675.14
0.6,0.3,0.25 778.666
0.6,0.3,0.3 579.026
0.6,0.3,0.35 195.395
0.6,0.3,0.4 1.32668
0.6,0.3,0.45 0.0010411
0.6,0.35,0 5.78336e-10
0.6,0.35,0.05 46.4662
0.6,0.35,0.1 493.718
0.6,0.35,0.15 599.889
0.6,0.35,0.2 214.038
0.6,0.35,0.25 288.63
0.6,0.35,0.3 166.085
0.6,0.35,0.35 44.8541
0.6,0.35,0.4 0.585462
0.6,0.35,0.45 0.0125495
0.6,0.4,0 2.62195e-10
0.6,0.4,0.05 36.6533
0.6,0.4,0.1 260.863
0.6,0.4,0.15 258.463
0.6,0.4,0.2 130.42
0.6,0.4,0.25 51.3297
0.6,0.4,0.3 10.3752
0.6,0.4,0.35 0.327573
0.6,0.4,0.4 0.259365
0.6,0.4,0.45 0.00831372
0.6,0.45,0 8.99464e-10
0.6,0.45,0.05 155.693
0.6,0.45,0.1 623.44
0.6,0.45,0.15 336.219
0.6,0.45,0.2 635.991
0.6,0.45,0.25 241.428
0.6,0.45,0.3 17.0947
0.6,0.45,0.35 0.0329657
0.6,0.45,0.4 0.00463773
0.6,0.45,0.45 0.000148659
0.6,0.5,0 1.85994e-09
0.6,0.5,0.05 144.377
0.6,0.5,0.1 578.159
0.6,0.5,0.15 337.955
0.6,0.5,0.2 648.623
0.6,0.5,0.25 339.642
0.6,0.5,0.3 54.7285
0.6,0.5,0.35 1.52945
0.6,0.55,0 3.03679e-10
0.6,0.55,0.05 17.8909
0.6,0.55,0.1 84.0986
0.6,0.55,0.15 265.871
0.6,0.55,0.2 497.011
0.6,0.55,0.25 259.35
0.6,0.55,0.3 140.499
0.6,0.55,0.35 5.4586
0.6,0.6,0 1.19227e-09
0.6,0.6,0.05 6.83646
0.6,0.6,0.1 55.1446
0.6,0.6,0.15 409.474
0.6,0.6,0.2 788.253
0.6,0.6,0.25 216.941
0.6,0.6,0.3 33.3837
0.6,0.6,0.35 1.21851
0.6,0.65,0 2.24436e-08
0.6,0.65,0.05 80.4846
0.6,0.65,0.1 478.479
0.6,0.65,0.15 526.957
0.6,0.65,0.2 789.881
0.6,0.65,0.25 398.014
0.6,0.65,0.3 8.51398
0.6,0.7,0 1.99888e-08
0.6,0.7,0.05 75.1189
0.6,0.7,0.1 576.336
0.6,0.7,0.15 693.676
0.6,0.7,0.2 450.384
0.6,0.7,0.25 214.395
0.6,0.7,0.3 5.75341
0.6,0.75,0 4.17184e-09
0.6,0.75,0.05 81.2579
0.6,0.75,0.1 487.426
0.6,0.75,0.15 447.139
0.6,0.75,0.2 112.066
0.6,0.75,0.25 37.8986
0.6,0.75,0.3 2.15759
0.6,0.8,0 9.40025e-08
0.6,0.8,0.05 157.169
0.6,0.8,0.1 646.679
0.6,0.8,0.15 232.538
0.6,0.8,0.2 27.9152
0.6,0.8,0.25 1.57801
0.6,0.8,0.3 0.0957156
0.6,0.85,0 1.09315e-07
0.6,0.85,0.05 109.325
0.6,0.85,0.1 437.123
0.6,0.85,0.15 111.37
0.6,0.85,0.2 0.992956
0.6,0.85,0.25 0.00397626
0.6,0.9,0 6.2527e-09
0.6,0.9,0.05 22.1589
0.6,0.9,0.1 88.5901
0.6,0.9,0.15 22.1361
0.6,0.95,0 1.77506e-16
0.6,0.95,0.05 0.000207916
0.6,0.95,0.1 0.000831427
0.6,0.95,0.15 0.000207798
0.65,0.1,0 3.24191e-13
0.65,0.1,0.05 0.00730271
0.65,0.1,0.1 0.406226
0.65,0.1,0.15 21.9656
0.65,0.1,0.2 33.7012
0.65,0.1,0.25 2.86407
0.65,0.15,0 1.04717e-10
0.65,0.15,0.05 3.3356
0.65,0.15,0.1 18.0827
0.65,0.15,0.15 222.329
0.65,0.15,0.2 325.637
0.65,0.15,0.25 29.0821
0.65,0.15,0.3 7.2477
0.65,0.15,0.35 1.73786
0.65,0.15,0.4 2.36603e-05
0.65,0.2,0 5.05556e-10
0.65,0.2,0.05 44.6288
0.65,0.2,0.1 192.553
0.65,0.2,0.15 250.629
0.65,0.2,0.2 221.472
0.65,0.2,0.25 62.9814
0.65,0.2,0.3 174.685
0.65,0.2,0.35 42.0098
0.65,0.2,0.4 0.008943
0.65,0.25,0 3.69054e-10
0.65,0.25,0.05 49.0258
0.65,0.25,0.1 286.845
0.65,0.25,0.15 471.824
0.65,0.25,0.2 280.263
0.65,0.25,0.25 171.902
0.65,0.25,0.3 212.758
0.65,0.25,0.35 54.6849
0.65,0.25,0.4 0.0713874
0.65,0.3,0 2.06135e-11
0.65,0.3,0.05 4.1705
0.65,0.3,0.1 204.768
0.65,0.3,0.15 705.338
0.65,0.3,0.2 658.754
0.65,0.3,0.25 340.774
0.65,0.3,0.3 128.655
0.65,0.3,0.35 47.7323
0.65,0.3,0.4 0.203028
0.65,0.35,0 1.26858e-12
0.65,0.35,0.05 9.55505
0.65,0.35,0.1 346.084
0.65,0.35,0.15 610.005
0.65,0.35,0.2 212.626
0.65,0.35,0.25 76.4444
0.65,0.35,0.3 31.5685
0.65,0.35,0.35 11.6205
0.65,0.35,0.4 0.0507758
0.65,0.4,0 2.06765e-11
