0.65,0.3,0.15 200.221
0.65,0.3,0.2 584.084
0.65,0.3,0.25 412.934
0.65,0.3,0.3 53.1353
0.65,0.3,0.35 0.483627
0.65,0.35,0.05 0.0623122
0.65,0.35,0.1 15.3546
0.65,0.35,0.15 221.135
0.65,0.35,0.2 408.394
0.65,0.35,0.25 188.942
0.65,0.35,0.3 75.7314
0.65,0.35,0.35 4.05246
0.65,0.4,0.05 0.405561
0.65,0.4,0.1 62.4245
0.65,0.4,0.15 343.243
0.65,0.4,0.2 379.986
0.65,0.4,0.25 237.176
0.65,0.4,0.3 172.181
0.65,0.4,0.35 10.4573
0.65,0.45,0.05 3.22039
0.65,0.45,0.1 244.181
0.65,0.45,0.15 580.787
0.65,0.45,0.2 312.346
0.65,0.45,0.25 433.73
0.65,0.45,0.3 263.919
0.65,0.45,0.35 14.1684
0.65,0.45,0.4 4.81722e-07
0.65,0.5,0.05 2.18367
0.65,0.5,0.1 126.579
0.65,0.5,0.15 483.442
0.65,0.5,0.2 318.183
0.65,0.5,0.25 394.549
0.65,0.5,0.3 465.446
0.65,0.5,0.35 71.4171
0.65,0.5,0.4 0.316486
0.65,0.55,0.05 0.167581
0.65,0.55,0.1 8.87793
0.65,0.55,0.15 157.418
0.65,0.55,0.2 274.343
0.65,0.55,0.25 231.769
0.65,0.55,0.3 587.817
0.65,0.55,0.35 196.105
0.65,0.55,0.4 1.22252
0.65,0.6,0 1.40613e-13
0.65,0.6,0.05 0.663917
0.65,0.6,0.1 2.7245
0.65,0.6,0.15 57.5647
0.65,0.6,0.2 181.338
0.65,0.6,0.25 237.989
0.65,0.6,0.3 359.832
0.65,0.6,0.35 72.9756
0.65,0.6,0.4 0.295143
0.65,0.65,0 2.68021e-12
0.65,0.65,0.05 12.655
0.65,0.65,0.1 51.6792
0.65,0.65,0.15 27.1475
0.65,0.65,0.2 47.0854
0.65,0.65,0.25 178.366
0.65,0.65,0.3 273.456
0.65,0.65,0.35 41.1688
0.65,0.7,0 4.07046e-12
0.65,0.7,0.05 11.511
0.65,0.7,0.1 52.3025
0.65,0.7,0.15 52.197
0.65,0.7,0.2 200.785
0.65,0.7,0.25 364.388
0.65,0.7,0.3 289.057
0.65,0.7,0.35 43.1215
0.65,0.75,0 3.29514e-10
0.65,0.75,0.05 26.3305
0.65,0.75,0.1 116.406
0.65,0.75,0.15 170.76
0.65,0.75,0.2 347.666
0.65,0.75,0.25 249.285
0.65,0.75,0.3 121.492
0.65,0.75,0.35 6.25316
0.65,0.8,0 7.41671e-10
0.65,0.8,0.05 72.9726
0.65,0.8,0.1 294.061
0.65,0.8,0.15 183.194
0.65,0.8,0.2 249.995
0.65,0.8,0.25 62.5785
0.65,0.8,0.3 24.2644
0.65,0.8,0.35 0.847341
0.65,0.85,0 1.72038e-10
0.65,0.85,0.05 77.8681
0.65,0.85,0.1 311.412
0.65,0.85,0.15 81.7681
0.65,0.85,0.2 9.1464
0.65,0.85,0.25 1.29634
0.65,0.9,0 1.99767e-11
0.65,0.9,0.05 18.789
0.65,0.9,0.1 75.1345
0.65,0.9,0.15 18.7783
0.65,0.95,0 1.57188e-16
0.65,0.95,0.05 0.000184117
0.65,0.95,0.1 0.000736258
0.65,0.95,0.15 0.000184012
0.7,0.1,0.15 0.00107708
0.7,0.1,0.2 0.164706
0.7,0.1,0.25 0.340278
0.7,0.1,0.3 0.042101
0.7,0.15,0.05 2.54801e-09
0.7,0.15,0.1 0.000780068
0.7,0.15,0.15 0.024625
0.7,0.15,0.2 5.49753
0.7,0.15,0.25 19.412
0.7,0.15,0.3 5.3308
0.7,0.15,0.35 0.005533
0.7,0.2,0.05 5.53923e-06
0.7,0.2,0.1 1.69583
0.7,0.2,0.15 6.53729
0.7,0.2,0.2 60.4421
0.7,0.2,0.25 305.947
0.7,0.2,0.3 104.764
0.7,0.2,0.35 0.126272
0.7,0.25,0.05 1.72712e-05
0.7,0.25,0.1 5.28901
0.7,0.25,0.15 26.4421
0.7,0.25,0.2 134.522
0.7,0.25,0.25 419.583
0.7,0.25,0.3 118.651
0.7,0.25,0.35 0.125726
0.7,0.3,0.05 3.35666e-06
0.7,0.3,0.1 1.03979
0.7,0.3,0.15 50.8159
0.7,0.3,0.2 202.66
0.7,0.3,0.25 135.079
0.7,0.3,0.3 15.5605
0.7,0.3,0.35 0.0303699
0.7,0.35,0.1 0.117693
0.7,0.35,0.15 55.1967
0.7,0.35,0.2 342.94
0.7,0.35,0.25 367.447
0.7,0.35,0.3 136.128
0.7,0.35,0.35 7.56564
0.7,0.4,0.05 0.0338147
0.7,0.4,0.1 13.6374
0.7,0.4,0.15 168.034
0.7,0.4,0.2 545.127
0.7,0.4,0.25 551.714
0.7,0.4,0.3 315.334
0.7,0.4,0.35 18.5416
0.7,0.45,0.05 0.18954
0.7,0.45,0.1 76.4201
0.7,0.45,0.15 264.222
0.7,0.45,0.2 354.633
0.7,0.45,0.25 544.155
0.7,0.45,0.3 270.378
0.7,0.45,0.35 14.0069
0.7,0.45,0.4 2.75174e-07
0.7,0.5,0.05 0.0661337
0.7,0.5,0.1 36.7391
0.7,0.5,0.15 249.762
0.7,0.5,0.2 236.201
0.7,0.5,0.25 409.898
0.7,0.5,0.3 476.687
0.7,0.5,0.35 58.5084
0.7,0.5,0.4 0.180786
0.7,0.55,0.05 7.44575e-05
0.7,0.55,0.1 3.42675
0.7,0.55,0.15 144.063
0.7,0.55,0.2 306.731
0.7,0.55,0.25 207.331
0.7,0.55,0.3 433.532
0.7,0.55,0.35 121.708
0.7,0.55,0.4 0.698338
0.7,0.6,0.1 0.0722155
0.7,0.6,0.15 74.7839
0.7,0.6,0.2 216.384
0.7,0.6,0.25 53.6916
0.7,0.6,0.3 64.7871
0.7,0.6,0.35 25.5066
0.7,0.6,0.4 0.168594
0.7,0.65,0.1 0.00214962
0.7,0.65,0.15 2.26852
0.7,0.65,0.2 7.70496
0.7,0.65,0.25 6.99031
0.7,0.65,0.3 10.9561
0.7,0.65,0.35 1.78759
0.7,0.7,0 3.08274e-14
0.7,0.7,0.05 0.00239233
0.7,0.7,0.1 0.0120612
0.7,0.7,0.15 0.797591
0.7,0.7,0.2 9.08204
0.7,0.7,0.25 15.4455
0.7,0.7,0.3 12.7876
0.7,0.7,0.35 2.05532
0.7,0.75,0 6.0956e-12
0.7,0.75,0.05 0.473042
0.7,0.75,0.1 1.94012
0.7,0.75,0.15 13.2025
0.7,0.75,0.2 32.3993
0.7,0.75,0.25 8.82512
0.7,0.75,0.3 1.24039
0.7,0.75,0.35 0.14201
0.7,0.8,0 2.01839e-09
0.7,0.8,0.05 11.2981
0.7,0.8,0.1 45.1652
0.7,0.8,0.15 22.8637
0.7,0.8,0.2 26.9716
0.7,0.8,0.25 3.86164
0.7,0.8,0.3 0.0280101
0.7,0.8,0.35 0.000953325
0.7,0.85,0 8.01202e-09
0.7,0.85,0.05 41.2806
0.7,0.85,0.1 164.846
0.7,0.85,0.15 41.5699
0.7,0.85,0.2 0.99477
0.7,0.85,0.25 0.140992
0.7,0.9,0 2.00013e-09
0.7,0.9,0.05 10.3149
0.7,0.9,0.1 41.1903
0.7,0.9,0.15 10.2803
0.7,0.95,0 5.43256e-18
0.7,0.95,0.05 6.36324e-06
0.7,0.95,0.1 2.54457e-05
0.7,0.95,0.15 6.35962e-06
0.75,0.15,0.2 0.363418
0.75,0.15,0.25 2.08928
0.75,0.15,0.3 0.745165
0.75,0.15,0.35 0.00091932
0.75,0.2,0.15 7.07042e-05
0.75,0.2,0.2 8.30624
0.75,0.2,0.25 47.7074
0.75,0.2,0.3 17.0093
0.75,0.2,0.35 0.0209804
0.75,0.25,0.1 4.24016e-06
0.75,0.25,0.15 0.0176683
0.75,0.25,0.2 8.44116
0.75,0.25,0.25 47.7593
0.75,0.25,0.3 16.9676
0.75,0.25,0.35 0.0208896
0.75,0.3,0.1 3.34009e-05
0.75,0.3,0.15 0.31182
0.75,0.3,0.2 7.12433
0.75,0.3,0.25 10.0962
0.75,0.3,0.3 1.27965
0.75,0.3,0.35 0.00370072
0.75,0.35,0.1 0.00409116
0.75,0.35,0.15 5.01447
0.75,0.35,0.2 105.106
0.75,0.35,0.25 134.661
0.75,0.35,0.3 21.217
0.75,0.35,0.35 0.849042
0.75,0.4,0.05 0.000269172
0.75,0.4,0.1 0.126188
0.75,0.4,0.15 12.6383
0.75,0.4,0.2 109.698
0.75,0.4,0.25 134.786
0.75,0.4,0.3 39.8125
0.75,0.4,0.35 2.06991
0.75,0.45,0.05 0.00149966
0.75,0.45,0.1 0.637252
0.75,0.45,0.15 5.31122
0.75,0.45,0.2 28.0666
0.75,0.45,0.25 50.8166
0.75,0.45,0.3 23.9977
0.75,0.45,0.35 1.22894
0.75,0.45,0.4 3.22237e-09
0.75,0.5,0 8.90658e-13
0.75,0.5,0.05 0.31976
0.75,0.5,0.1 1.65391
0.75,0.5,0.15 4.03152
0.75,0.5,0.2 9.27099
0.75,0.5,0.25 32.0043
0.75,0.5,0.3 32.2884
0.75,0.5,0.35 2.66491
0.75,0.5,0.4 0.00211706
0.75,0.55,0 2.19994e-11
0.75,0.55,0.05 8.30911
0.75,0.55,0.1 33.2802
0.75,0.55,0.15 15.316
0.75,0.55,0.2 18.6846
0.75,0.55,0.25 12.4172
0.75,0.55,0.3 17.7419
0.75,0.55,0.35 2.70228
0.75,0.55,0.4 0.00817774
0.75,0.6,0 2.29927e-11
0.75,0.6,0.05 18.6851
0.75,0.6,0.1 74.7288
0.75,0.6,0.15 23.7915
0.75,0.6,0.2 14.7987
0.75,0.6,0.25 3.13065
0.75,0.6,0.3 1.28052
0.75,0.6,0.35 0.351156
0.75,0.6,0.4 0.00197429
0.75,0.65,0 1.19587e-12
0.75,0.65,0.05 11.2747
0.75,0.65,0.1 45.0954
0.75,0.65,0.15 11.4264
0.75,0.65,0.2 0.444029
0.75,0.65,0.25 0.0798178
0.75,0.7,0 6.07228e-15
0.75,0.7,0.05 0.506462
0.75,0.7,0.1 2.02571
0.75,0.7,0.15 0.506394
0.75,0.75,0 2.65197e-11
0.75,0.75,0.05 0.114227
0.75,0.75,0.1 0.456068
0.75,0.75,0.15 0.113807
0.75,0.8,0 6.47176e-09
0.75,0.8,0.05 30.6451
0.75,0.8,0.1 122.361
0.75,0.8,0.15 30.5357
0.75,0.85,0 2.26947e-08
0.75,0.85,0.05 108.816
0.75,0.85,0.1 434.491
0.75,0.85,0.15 108.43
0.75,0.9,0 5.3693e-09
0.75,0.9,0.05 25.8896
0.75,0.9,0.1 103.375
0.75,0.9,0.15 25.7978
0.8,0.05,0 1.96048e-11
0.8,0.05,0.05 1.15495
0.8,0.05,0.1 4.61623
0.8,0.05,0.15 1.15317
0.8,0.1,0 2.31151e-10
0.8,0.1,0.05 13.6174
0.8,0.1,0.1 54.4276
0.8,0.1,0.15 13.5964
0.8,0.15,0 1.50684e-10
0.8,0.15,0.05 8.87703
0.8,0.15,0.1 35.4807
0.8,0.15,0.15 8.86335
0.8,0.2,0 2.58221e-12
0.8,0.2,0.05 0.152121
0.8,0.2,0.1 0.608017
0.8,0.2,0.15 0.151887
0.8,0.3,0.15 0.00137377
0.8,0.3,0.2 0.048297
0.8,0.3,0.25 0.0599345
0.8,0.3,0.3 0.00373533
0.8,0.35,0.05 1.97277e-06
0.8,0.35,0.1 0.00200421
0.8,0.35,0.15 0.0275112
0.8,0.35,0.2 0.765074
0.8,0.35,0.25 0.948139
0.8,0.35,0.3 0.0590914
0.8,0.4,0 1.57474e-14
0.8,0.4,0.05 0.00495237
0.8,0.4,0.1 1.47707
0.8,0.4,0.15 4.23921
0.8,0.4,0.2 1.36579
0.8,0.4,0.25 0.757062
0.8,0.4,0.3 0.0471828
0.8,0.45,0 1.17854e-12
0.8,0.45,0.05 0.266842
0.8,0.45,0.1 5.09665
0.8,0.45,0.15 11.9281
0.8,0.45,0.2 2.10683
0.8,0.45,0.25 0.0211114
0.8,0.45,0.3 0.00131574
0.8,0.5,0 9.62276e-12
0.8,0.5,0.05 3.18232
0.8,0.5,0.1 13.4145
0.8,0.5,0.15 5.17841
0.8,0.5,0.2 0.358219
0.8,0.55,0 1.89067e-10
0.8,0.55,0.05 70.5956
0.8,0.55,0.1 282.267
0.8,0.55,0.15 70.538
0.8,0.6,0 1.97184e-10
0.8,0.6,0.05 140.991
0.8,0.6,0.1 563.826
0.8,0.6,0.15 140.922
0.8,0.65,0 1.01062e-11
0.8,0.65,0.05 77.1781
0.8,0.65,0.1 308.687
0.8,0.65,0.15 77.1654
0.8,0.7,0 2.27173e-13
0.8,0.7,0.05 4.71673
0.8,0.7,0.1 18.8652
0.8,0.7,0.15 4.71587
0.8,0.75,0 2.78104e-10
0.8,0.75,0.05 1.4018
0.8,0.75,0.1 5.6306
0.8,0.75,0.15 1.41658
0.8,0.75,0.2 4.18821e-05
0.8,0.8,0 1.35934e-08
0.8,0.8,0.05 59.5284
0.8,0.8,0.1 238.551
0.8,0.8,0.15 59.9113
0.8,0.8,0.2 0.211115
0.8,0.8,0.25 0.0334947
0.8,0.85,0 2.11666e-08
0.8,0.85,0.05 93.5382
0.8,0.85,0.1 374.422
0.8,0.85,0.15 94.198
0.8,0.85,0.2 1.1273
0.8,0.85,0.25 0.179619
0.8,0.9,0 2.16686e-09
0.8,0.9,0.05 9.80967
0.8,0.9,0.1 39.2158
0.8,0.9,0.15 9.94801
0.8,0.9,0.2 0.375931
0.8,0.9,0.25 0.0599545
0.8,0.95,0.1 2.18616e-07
0.8,0.95,0.15 0.000101298
0.8,0.95,0.2 0.000261973
0.8,0.95,0.25 4.1787e-05
0.85,0.05,0 1.24806e-10
0.85,0.05,0.05 7.35247
0.85,0.05,0.1 29.3872
0.85,0.05,0.15 7.34114
0.85,0.1,0 1.47152e-09
0.85,0.1,0.05 86.6892
0.85,0.1,0.1 346.489
0.85,0.1,0.15 86.5556
0.85,0.15,0 9.59267e-10
0.85,0.15,0.05 56.5117
0.85,0.15,0.1 225.873
0.85,0.15,0.15 56.4246
0.85,0.2,0 1.64385e-11
0.85,0.2,0.05 0.968414
0.85,0.2,0.1 3.87067
0.85,0.2,0.15 0.966922
0.85,0.35,0.05 4.79977e-05
0.85,0.35,0.1 0.0487627
0.85,0.35,0.15 0.140597
0.85,0.35,0.2 0.0251883
0.85,0.4,0 1.61239e-12
0.85,0.4,0.05 0.394663
0.85,0.4,0.1 37.0336
0.85,0.4,0.15 102.992
0.85,0.4,0.2 18.387
0.85,0.45,0 1.20671e-10
0.85,0.45,0.05 27.0113
0.85,0.45,0.1 206.038
0.85,0.45,0.15 310.7
0.85,0.45,0.2 50.8456
0.85,0.5,0 2.06168e-10
0.85,0.5,0.05 46.5273
0.85,0.5,0.1 202.824
0.85,0.5,0.15 95.1136
0.85,0.5,0.2 8.71552
0.85,0.55,0 1.15474e-10
0.85,0.55,0.05 39.9523
0.85,0.55,0.1 159.742
0.85,0.55,0.15 39.9188
0.85,0.6,0 1.00327e-10
0.85,0.6,0.05 65.0686
0.85,0.6,0.1 260.206
0.85,0.6,0.15 65.0344
0.85,0.65,0 8.67211e-12
0.85,0.65,0.05 57.5541
0.85,0.65,0.1 230.19
0.85,0.65,0.15 57.5406
0.85,0.7,0 8.47068e-12
0.85,0.7,0.05 60.7193
0.85,0.7,0.1 242.84
0.85,0.7,0.15 60.7005
0.85,0.75,0 1.67221e-10
0.85,0.75,0.05 10.1404
0.85,0.75,0.1 42.2922
0.85,0.75,0.15 11.1712
0.85,0.75,0.2 0.00225434
0.85,0.8,0 7.60783e-09
0.85,0.8,0.05 61.2644
0.85,0.8,0.1 291.739
0.85,0.8,0.15 101.929
0.85,0.8,0.2 33.3662
0.85,0.8,0.25 5.31252
0.85,0.85,0 1.06073e-08
0.85,0.85,0.05 76.7093
0.85,0.85,0.1 357.7
0.85,0.85,0.15 175.983
0.85,0.85,0.2 178.67
0.85,0.85,0.25 28.489
0.85,0.9,0 7.86776e-10
0.85,0.9,0.05 4.95295
0.85,0.9,0.1 22.4106
0.85,0.9,0.15 29.5242
0.85,0.9,0.2 59.6191
0.85,0.9,0.25 9.50925
0.85,0.95,0.1 3.46742e-05
0.85,0.95,0.15 0.0160667
0.85,0.95,0.2 0.0415509
0.85,0.95,0.25 0.00662774
0.9,0.05,0 4.89436e-11
0.9,0.05,0.05 2.88334
0.9,0.05,0.1 11.5245
0.9,0.05,0.15 2.87889
0.9,0.1,0 5.77069e-10
0.9,0.1,0.05 33.9959
0.9,0.1,0.1 135.879
0.9,0.1,0.15 33.9435
0.9,0.15,0 3.76185e-10
0.9,0.15,0.05 22.1616
0.9,0.15,0.1 88.578
0.9,0.15,0.15 22.1274
0.9,0.2,0 6.4465e-12
0.9,0.2,0.05 0.379772
0.9,0.2,0.1 1.51792
0.9,0.2,0.15 0.379187
0.9,0.35,0.05 4.95025e-05
0.9,0.35,0.1 0.0502914
0.9,0.35,0.15 0.145005
0.9,0.35,0.2 0.025978
0.9,0.4,0 2.98509e-12
0.9,0.4,0.05 0.701927
0.9,0.4,0.1 39.3736
0.9,0.4,0.15 106.516
0.9,0.4,0.2 18.9634
0.9,0.45,0 2.23404e-10
0.9,0.45,0.05 49.9277
0.9,0.45,0.1 300.732
0.9,0.45,0.15 342.489
0.9,0.45,0.2 52.4397
0.9,0.5,0 3.74512e-10
0.9,0.5,0.05 83.5519
0.9,0.5,0.1 351.375
0.9,0.5,0.15 133.626
0.9,0.5,0.2 8.98875
0.9,0.55,0 3.65142e-11
0.9,0.55,0.05 8.25105
0.9,0.55,0.1 32.988
0.9,0.55,0.15 8.24293
0.9,0.6,0 8.14264e-13
0.9,0.6,0.05 0.51691
0.9,0.6,0.1 2.06705
0.9,0.6,0.15 0.516613
0.9,0.65,0 5.11004e-12
0.9,0.65,0.05 35.6933
0.9,0.65,0.1 142.751
0.9,0.65,0.15 35.6821
0.9,0.7,0 1.17393e-11
0.9,0.7,0.05 82.3675
0.9,0.7,0.1 329.418
0.9,0.7,0.15 82.3416
0.9,0.75,0 3.87989e-12
0.9,0.75,0.05 13.2024
0.9,0.75,0.1 55.3916
0.9,0.75,0.15 14.7397
0.9,0.75,0.2 0.00335313
0.9,0.8,0 1.019e-10
0.9,0.8,0.05 42.8233
0.9,0.8,0.1 241.1
0.9,0.8,0.15 111.181
0.9,0.8,0.2 69.5288
0.9,0.8,0.25 11.0761
0.9,0.85,0 1.42075e-10
0.9,0.85,0.05 46.7525
0.9,0.85,0.1 263.25
0.9,0.85,0.15 235.924
0.9,0.85,0.2 372.469
0.9,0.85,0.25 59.3965
0.9,0.9,0 1.05381e-11
0.9,0.9,0.05 2.37183
0.9,0.9,0.1 13.4193
0.9,0.9,0.15 52.7109
0.9,0.9,0.2 124.298
0.9,0.9,0.25 19.8258
0.9,0.95,0.1 7.22921e-05
0.9,0.95,0.15 0.0334974
0.9,0.95,0.2 0.0866292
0.9,0.95,0.25 0.0138181
0.95,0.05,0 1.15116e-13
0.95,0.05,0.05 0.00678165
0.95,0.05,0.1 0.0271057
0.95,0.05,0.15 0.0067712
0.95,0.1,0 1.35728e-12
0.95,0.1,0.05 0.079959
0.95,0.1,0.1 0.319589
0.95,0.1,0.15 0.0798357
0.95,0.15,0 8.84793e-13
0.95,0.15,0.05 0.0521244
0.95,0.15,0.1 0.208337
0.95,0.15,0.15 0.052044
0.95,0.2,0 1.51623e-14
0.95,0.2,0.05 0.000893231
0.95,0.2,0.1 0.00357017
0.95,0.2,0.15 0.000891854
0.95,0.35,0.05 2.27381e-06
0.95,0.35,0.1 0.00231004
0.95,0.35,0.15 0.00666054
0.95,0.35,0.2 0.00119325
0.95,0.4,0 3.23381e-13
0.95,0.4,0.05 0.0737864
0.95,0.4,0.1 1.97465
0.95,0.4,0.15 4.93412
0.95,0.4,0.2 0.871049
0.95,0.45,0 2.42019e-11
0.95,0.45,0.05 5.40254
0.95,0.45,0.1 26.2442
0.95,0.45,0.15 18.8377
0.95,0.45,0.2 2.40872
0.95,0.5,0 4.05683e-11
0.95,0.5,0.05 9.04908
0.95,0.5,0.1 36.9746
0.95,0.5,0.15 11.344
0.95,0.5,0.2 0.412882
0.95,0.55,0 3.87302e-12
0.95,0.55,0.05 0.863833
0.95,0.55,0.1 3.45362
0.95,0.55,0.15 0.862979
0.95,0.6,0 1.48447e-15
0.95,0.6,0.05 0.0104151
0.95,0.6,0.1 0.041654
0.95,0.6,0.15 0.0104119
0.95,0.65,0 3.7401e-13
0.95,0.65,0.05 2.62407
0.95,0.65,0.1 10.4946
0.95,0.65,0.15 2.62325
0.95,0.7,0 8.6566e-13
0.95,0.7,0.05 6.07352
0.95,0.7,0.1 24.2903
0.95,0.7,0.15 6.07161
0.95,0.75,0 1.22122e-13
0.95,0.75,0.05 0.984716
0.95,0.75,0.1 4.14882
0.95,0.75,0.15 1.10971
0.95,0.75,0.2 0.000272559
0.95,0.8,0.05 3.44521
0.95,0.8,0.1 19.4579
0.95,0.8,0.15 10.1772
0.95,0.8,0.2 8.69155
0.95,0.8,0.25 1.38521
0.95,0.85,0.05 3.75052
0.95,0.85,0.1 21.2132
0.95,0.85,0.15 25.431
0.95,0.85,0.2 46.578
0.95,0.85,0.25 7.42833
0.95,0.9,0.05 0.189104
0.95,0.9,0.1 1.0806
0.95,0.9,0.15 6.38496
0.95,0.9,0.2 15.5449
0.95,0.9,0.25 2.47948
0.95,0.95,0.1 9.0411e-06
0.95,0.95,0.15 0.0041893
0.95,0.95,0.2 0.0108341
0.95,0.95,0.25 0.00172814
