0.65,0.35,0.35 5.60356
0.65,0.35,0.4 0.0162667
0.65,0.4,0 1.08701e-10
0.65,0.4,0.05 45.8075
0.65,0.4,0.1 344.741
0.65,0.4,0.15 338.148
0.65,0.4,0.2 58.7341
0.65,0.4,0.25 8.70225
0.65,0.4,0.3 0.605394
0.65,0.4,0.35 0.00178737
0.65,0.45,0 5.345e-09
0.65,0.45,0.05 158.211
0.65,0.45,0.1 648.284
0.65,0.45,0.15 220.603
0.65,0.45,0.2 231.548
0.65,0.45,0.25 194.54
0.65,0.45,0.3 16.1413
0.65,0.5,0 1.39113e-08
0.65,0.5,0.05 94.8733
0.65,0.5,0.1 380.188
0.65,0.5,0.15 125.391
0.65,0.5,0.2 275.236
0.65,0.5,0.25 424.753
0.65,0.5,0.3 50.9028
0.65,0.55,0 2.74478e-09
0.65,0.55,0.05 44.2376
0.65,0.55,0.1 176.986
0.65,0.55,0.15 99.2506
0.65,0.55,0.2 440.043
0.65,0.55,0.25 506.911
0.65,0.55,0.3 65.0142
0.65,0.6,0 6.77356e-10
0.65,0.6,0.05 34.7595
0.65,0.6,0.1 139.948
0.65,0.6,0.15 149.45
0.65,0.6,0.2 648.213
0.65,0.6,0.25 324.408
0.65,0.6,0.3 11.9894
0.65,0.65,0 3.71134e-09
0.65,0.65,0.05 14.4534
0.65,0.65,0.1 84.0963
0.65,0.65,0.15 166.33
0.65,0.65,0.2 469.599
0.65,0.65,0.25 335.117
0.65,0.65,0.3 12.8644
0.65,0.7,0 3.28852e-09
0.65,0.7,0.05 11.8655
0.65,0.7,0.1 99.1631
0.65,0.7,0.15 413.76
0.65,0.7,0.2 542.141
0.65,0.7,0.25 367.996
0.65,0.7,0.3 26.3192
0.65,0.75,0 4.44503e-10
0.65,0.75,0.05 26.585
0.65,0.75,0.1 153.023
0.65,0.75,0.15 410.218
0.65,0.75,0.2 398.468
0.65,0.75,0.25 301.418
0.65,0.75,0.3 27.0295
0.65,0.8,0 7.41904e-10
0.65,0.8,0.05 73.1742
0.65,0.8,0.1 324.941
0.65,0.8,0.15 353.066
0.65,0.8,0.2 157.138
0.65,0.8,0.25 21.723
0.65,0.8,0.3 1.86432
0.65,0.85,0 1.7205e-10
0.65,0.85,0.05 77.8794
0.65,0.85,0.1 312.87
0.65,0.85,0.15 90.572
0.65,0.85,0.2 6.60047
0.65,0.85,0.25 0.0557235
0.65,0.9,0 1.99767e-11
0.65,0.9,0.05 18.789
0.65,0.9,0.1 75.1345
0.65,0.9,0.15 18.7783
0.65,0.95,0 1.57188e-16
0.65,0.95,0.05 0.000184117
0.65,0.95,0.1 0.000736258
0.65,0.95,0.15 0.000184012
0.7,0.1,0.1 0.0196516
0.7,0.1,0.15 2.14405
0.7,0.1,0.2 4.04389
0.7,0.1,0.25 0.448273
0.7,0.15,0 3.25536e-13
0.7,0.15,0.05 0.0221914
0.7,0.15,0.1 3.66407
0.7,0.15,0.15 79.744
0.7,0.15,0.2 88.3721
0.7,0.15,0.25 5.73902
0.7,0.15,0.3 0.0379787
0.7,0.15,0.35 0.0126621
0.7,0.15,0.4 8.72685e-06
0.7,0.2,0 1.17448e-11
0.7,0.2,0.05 0.800627
0.7,0.2,0.1 27.8442
0.7,0.2,0.15 389.899
0.7,0.2,0.2 323.033
0.7,0.2,0.25 11.2022
0.7,0.2,0.3 0.713325
0.7,0.2,0.35 0.237587
0.7,0.2,0.4 0.000163748
0.7,0.25,0 1.47501e-11
0.7,0.25,0.05 1.00598
0.7,0.25,0.1 48.986
0.7,0.25,0.15 469.819
0.7,0.25,0.2 309.544
0.7,0.25,0.25 18.0942
0.7,0.25,0.3 1.28425
0.7,0.25,0.35 0.211131
0.7,0.25,0.4 0.000145514
0.7,0.3,0 4.91759e-11
0.7,0.3,0.05 0.354342
0.7,0.3,0.1 28.9026
0.7,0.3,0.15 165.533
0.7,0.3,0.2 113.222
0.7,0.3,0.25 36.8908
0.7,0.3,0.3 1.87728
0.7,0.3,0.35 0.00734765
0.7,0.3,0.4 5.06409e-06
0.7,0.35,0 4.46119e-09
0.7,0.35,0.05 35.6992
0.7,0.35,0.1 215.832
0.7,0.35,0.15 161.529
0.7,0.35,0.2 40.9503
0.7,0.35,0.25 6.83651
0.7,0.35,0.3 0.328318
0.7,0.4,0 8.02922e-09
0.7,0.4,0.05 94.378
0.7,0.4,0.1 615.259
0.7,0.4,0.15 374.022
0.7,0.4,0.2 52.2173
0.7,0.4,0.25 0.635241
0.7,0.4,0.3 0.0190575
0.7,0.45,0 1.10599e-08
0.7,0.45,0.05 79.6837
0.7,0.45,0.1 408.684
0.7,0.45,0.15 379.748
0.7,0.45,0.2 177.121
0.7,0.45,0.25 26.611
0.7,0.45,0.3 1.0234
0.7,0.5,0 2.69483e-08
0.7,0.5,0.05 102.691
0.7,0.5,0.1 440.821
0.7,0.5,0.15 472.709
0.7,0.5,0.2 497.618
0.7,0.5,0.25 139.473
0.7,0.5,0.3 10.7111
0.7,0.55,0 5.36485e-09
0.7,0.55,0.05 85.3616
0.7,0.55,0.1 347.767
0.7,0.55,0.15 295.806
0.7,0.55,0.2 570.331
0.7,0.55,0.25 277.749
0.7,0.55,0.3 21.6887
0.7,0.6,0 9.73423e-10
0.7,0.6,0.05 68.9079
0.7,0.6,0.1 275.76
0.7,0.6,0.15 145.46
0.7,0.6,0.2 484.767
0.7,0.6,0.25 220.003
0.7,0.6,0.3 4.21503
0.7,0.65,0 4.09734e-11
0.7,0.65,0.05 2.90048
0.7,0.65,0.1 12.5521
0.7,0.65,0.15 31.2265
0.7,0.65,0.2 244.719
0.7,0.65,0.25 211.723
0.7,0.65,0.3 8.56854
0.7,0.7,0 3.08274e-14
0.7,0.7,0.05 0.00239233
0.7,0.7,0.1 4.62188
0.7,0.7,0.15 72.2471
0.7,0.7,0.2 217.473
0.7,0.7,0.25 192.641
0.7,0.7,0.3 11.2865
0.7,0.75,0 6.0956e-12
0.7,0.75,0.05 0.473042
0.7,0.75,0.1 11.2302
0.7,0.75,0.15 90.3567
0.7,0.75,0.2 104.952
0.7,0.75,0.25 87.3557
0.7,0.75,0.3 7.77542
0.7,0.8,0 2.01839e-09
0.7,0.8,0.05 11.2981
0.7,0.8,0.1 53.5022
0.7,0.8,0.15 84.7994
0.7,0.8,0.2 41.682
0.7,0.8,0.25 6.16984
0.7,0.8,0.3 0.531762
0.7,0.85,0 8.01202e-09
0.7,0.85,0.05 41.2806
0.7,0.85,0.1 165.228
0.7,0.85,0.15 44.5024
0.7,0.85,0.2 1.74059
0.7,0.85,0.25 0.0146947
0.7,0.9,0 2.00013e-09
0.7,0.9,0.05 10.3149
0.7,0.9,0.1 41.1903
0.7,0.9,0.15 10.2803
0.7,0.95,0 5.43256e-18
0.7,0.95,0.05 6.36324e-06
0.7,0.95,0.1 2.54457e-05
0.7,0.95,0.15 6.35962e-06
0.75,0.15,0.1 1.78908
0.75,0.15,0.15 31.7943
0.75,0.15,0.2 27.3299
0.75,0.15,0.25 0.889798
0.75,0.2,0.1 9.93332
0.75,0.2,0.15 167.505
0.75,0.2,0.2 140.528
0.75,0.2,0.25 4.42181
0.75,0.25,0.1 7.84156
0.75,0.25,0.15 102.388
0.75,0.25,0.2 73.8483
0.75,0.25,0.25 1.77555
0.75,0.3,0 8.67127e-11
0.75,0.3,0.05 0.509594
0.75,0.3,0.1 3.67458
0.75,0.3,0.15 17.6388
0.75,0.3,0.2 10.2151
0.75,0.3,0.25 0.137178
0.75,0.35,0 8.0192e-09
0.75,0.35,0.05 49.6772
0.75,0.35,0.1 234.726
0.75,0.35,0.15 261.823
0.75,0.35,0.2 109.432
0.75,0.35,0.25 1.09631
0.75,0.4,0 1.43975e-08
0.75,0.4,0.05 94.9025
0.75,0.4,0.1 476.773
0.75,0.4,0.15 489.094
0.75,0.4,0.2 187.762
0.75,0.4,0.25 1.83121
0.75,0.45,0 2.69408e-09
0.75,0.45,0.05 15.5696
0.75,0.45,0.1 116.461
0.75,0.45,0.15 328.206
0.75,0.45,0.2 208.513
0.75,0.45,0.25 20.2817
0.75,0.45,0.3 3.0019e-05
0.75,0.5,0 3.14893e-09
0.75,0.5,0.05 11.6983
0.75,0.5,0.1 80.7786
0.75,0.5,0.15 448.988
0.75,0.5,0.2 573.713
0.75,0.5,0.25 83.3813
0.75,0.5,0.3 0.00913758
0.75,0.55,0 6.69752e-10
0.75,0.55,0.05 19.8046
0.75,0.55,0.1 87.6815
0.75,0.55,0.15 241.513
0.75,0.55,0.2 337.081
0.75,0.55,0.25 53.9754
0.75,0.55,0.3 0.0929574
0.75,0.6,0 1.57272e-10
0.75,0.6,0.05 28.0159
0.75,0.6,0.1 112.447
0.75,0.6,0.15 51.6132
0.75,0.6,0.2 99.6575
0.75,0.6,0.25 37.0695
0.75,0.6,0.3 0.138511
0.75,0.65,0 6.82557e-12
0.75,0.65,0.05 11.6493
0.75,0.65,0.1 46.5924
0.75,0.65,0.15 12.9982
0.75,0.65,0.2 16.178
0.75,0.65,0.25 12.5959
0.75,0.65,0.3 0.446546
0.75,0.7,0 6.07228e-15
0.75,0.7,0.05 0.506462
0.75,0.7,0.1 2.02571
0.75,0.7,0.15 0.802963
0.75,0.7,0.2 6.76558
0.75,0.7,0.25 6.73582
0.75,0.7,0.3 0.290629
0.75,0.75,0 2.65197e-11
0.75,0.75,0.05 0.114227
0.75,0.75,0.1 0.456111
0.75,0.75,0.15 0.119492
0.75,0.75,0.2 0.123736
0.75,0.75,0.25 0.125396
0.75,0.75,0.3 0.00570923
0.75,0.8,0 6.47176e-09
0.75,0.8,0.05 30.6451
0.75,0.8,0.1 122.361
0.75,0.8,0.15 30.5361
0.75,0.8,0.2 0.000475403
0.75,0.8,0.25 0.000440788
0.75,0.8,0.3 3.99214e-05
0.75,0.85,0 2.26947e-08
0.75,0.85,0.05 108.816
0.75,0.85,0.1 434.491
0.75,0.85,0.15 108.43
0.75,0.85,0.2 9.30997e-06
0.75,0.85,0.25 7.8598e-08
0.75,0.9,0 5.3693e-09
0.75,0.9,0.05 25.8896
0.75,0.9,0.1 103.375
0.75,0.9,0.15 25.7978
0.8,0.05,0 1.96048e-11
0.8,0.05,0.05 1.15495
0.8,0.05,0.1 4.61623
0.8,0.05,0.15 1.15317
0.8,0.1,0 2.31151e-10
0.8,0.1,0.05 13.6174
0.8,0.1,0.1 54.4276
0.8,0.1,0.15 13.5964
0.8,0.15,0 1.50684e-10
0.8,0.15,0.05 8.87703
0.8,0.15,0.1 35.4967
0.8,0.15,0.15 9.14773
0.8,0.15,0.2 0.24445
0.8,0.15,0.25 0.00795872
0.8,0.2,0 2.58221e-12
0.8,0.2,0.05 0.152121
0.8,0.2,0.1 0.685455
0.8,0.2,0.15 1.52807
0.8,0.2,0.2 1.18294
0.8,0.2,0.25 0.0385139
0.8,0.25,0.1 0.0233928
0.8,0.25,0.15 0.41572
0.8,0.25,0.2 0.357347
0.8,0.25,0.25 0.0116344
0.8,0.3,0 9.05364e-12
0.8,0.3,0.05 0.0532065
0.8,0.3,0.1 0.294606
0.8,0.3,0.15 0.818854
0.8,0.3,0.2 0.417022
0.8,0.3,0.25 0.00418568
0.8,0.35,0 8.37281e-10
0.8,0.35,0.05 4.98527
0.8,0.35,0.1 26.0108
0.8,0.35,0.15 59.9222
0.8,0.35,0.2 29.8393
0.8,0.35,0.25 0.299367
0.8,0.4,0 1.50301e-09
0.8,0.4,0.05 10.9109
0.8,0.4,0.1 60.6148
0.8,0.4,0.15 107.08
0.8,0.4,0.2 49.6188
0.8,0.4,0.25 0.495242
0.8,0.45,0 1.57835e-10
0.8,0.45,0.05 3.64811
0.8,0.45,0.1 25.8051
0.8,0.45,0.15 31.5532
0.8,0.45,0.2 15.3609
0.8,0.45,0.25 1.32338
0.8,0.5,0 1.49417e-11
0.8,0.5,0.05 3.59214
0.8,0.5,0.1 16.6437
0.8,0.5,0.15 29.5788
0.8,0.5,0.2 35.8804
0.8,0.5,0.25 5.28611
0.8,0.5,0.3 4.27349e-08
0.8,0.55,0 3.02841e-10
0.8,0.55,0.05 73.1133
0.8,0.55,0.1 292.876
0.8,0.55,0.15 87.1126
0.8,0.55,0.2 17.7864
0.8,0.55,0.25 1.71119
0.8,0.55,0.3 1.66175e-06
0.8,0.6,0 3.05927e-10
0.8,0.6,0.05 141.394
0.8,0.6,0.1 565.449
0.8,0.6,0.15 141.997
0.8,0.6,0.2 0.692261
0.8,0.6,0.25 0.0315452
0.8,0.6,0.3 2.15893e-06
0.8,0.65,0 1.44184e-11
0.8,0.65,0.05 77.022
0.8,0.65,0.1 308.062
0.8,0.65,0.15 77.0091
0.8,0.65,0.2 0.00012846
0.8,0.65,0.25 5.18571e-05
0.8,0.65,0.3 1.4431e-07
0.8,0.7,0 2.27173e-13
0.8,0.7,0.05 4.71673
0.8,0.7,0.1 18.8652
0.8,0.7,0.15 4.71587
0.8,0.75,0 2.78316e-10
0.8,0.75,0.05 1.40664
0.8,0.75,0.1 5.61753
0.8,0.75,0.15 1.40214
0.8,0.8,0 1.35993e-08
0.8,0.8,0.05 59.6748
0.8,0.8,0.1 238.266
0.8,0.8,0.15 59.5057
0.8,0.8,0.2 0.041858
0.8,0.8,0.25 0.00137173
0.8,0.85,0 2.1173e-08
0.8,0.85,0.05 93.7068
0.8,0.85,0.1 374.163
0.8,0.85,0.15 93.7001
0.8,0.85,0.2 0.288302
0.8,0.85,0.25 0.00944798
0.8,0.9,0 2.16719e-09
0.8,0.9,0.05 9.81897
0.8,0.9,0.1 39.2127
0.8,0.9,0.15 9.92426
0.8,0.9,0.2 0.121415
0.8,0.9,0.25 0.00397892
0.8,0.95,0.1 2.75274e-05
0.8,0.95,0.15 0.000491752
0.8,0.95,0.2 0.000424066
0.8,0.95,0.25 1.38971e-05
0.85,0.05,0 1.24806e-10
0.85,0.05,0.05 7.35247
0.85,0.05,0.1 29.3872
0.85,0.05,0.15 7.34114
0.85,0.1,0 1.47152e-09
0.85,0.1,0.05 86.6892
0.85,0.1,0.1 346.489
0.85,0.1,0.15 86.5556
0.85,0.15,0 9.59267e-10
0.85,0.15,0.05 56.5117
0.85,0.15,0.1 225.873
0.85,0.15,0.15 56.4246
0.85,0.2,0 1.64385e-11
0.85,0.2,0.05 0.968414
0.85,0.2,0.1 3.87067
0.85,0.2,0.15 0.966922
0.85,0.3,0.1 1.9227e-06
0.85,0.3,0.15 1.79265e-05
0.85,0.3,0.2 9.76104e-06
0.85,0.3,0.25 9.79324e-08
0.85,0.35,0.05 0.889615
0.85,0.35,0.1 6.65033
0.85,0.35,0.15 3.01168
0.85,0.35,0.2 0.015548
0.85,0.35,0.25 7.0084e-06
0.85,0.4,0 1.61239e-12
0.85,0.4,0.05 28.8888
0.85,0.4,0.1 214.704
0.85,0.4,0.15 96.902
0.85,0.4,0.2 0.477361
0.85,0.4,0.25 1.15697e-05
0.85,0.45,0 1.20671e-10
0.85,0.45,0.05 60.8092
0.85,0.45,0.1 360.981
0.85,0.45,0.15 141.586
0.85,0.45,0.2 0.56588
0.85,0.45,0.25 1.08267e-06
0.85,0.5,0 2.08284e-10
0.85,0.5,0.05 48.482
0.85,0.5,0.1 200.692
0.85,0.5,0.15 53.1389
0.85,0.5,0.2 0.0329292
0.85,0.55,0 1.59572e-10
0.85,0.55,0.05 38.026
0.85,0.55,0.1 152.031
0.85,0.55,0.15 37.9898
0.85,0.6,0 1.41752e-10
0.85,0.6,0.05 62.0396
0.85,0.6,0.1 248.087
0.85,0.6,0.15 62.0037
0.85,0.65,0 1.02526e-11
0.85,0.65,0.05 57.332
0.85,0.65,0.1 229.301
0.85,0.65,0.15 57.3185
0.85,0.7,0 8.47068e-12
0.85,0.7,0.05 60.7193
0.85,0.7,0.1 242.84
0.85,0.7,0.15 60.7005
0.85,0.75,0 1.79695e-10
0.85,0.75,0.05 10.525
0.85,0.75,0.1 42.0858
0.85,0.75,0.15 10.5179
0.85,0.8,0 7.95205e-09
0.85,0.8,0.05 72.5733
0.85,0.8,0.1 290.927
0.85,0.8,0.15 89.7827
0.85,0.8,0.2 14.987
0.85,0.8,0.25 0.491141
0.85,0.85,0 1.09868e-08
0.85,0.85,0.05 89.5657
0.85,0.85,0.1 364.519
0.85,0.85,0.15 209.044
0.85,0.85,0.2 103.225
0.85,0.85,0.25 3.38279
0.85,0.9,0 8.06315e-10
0.85,0.9,0.05 5.64828
0.85,0.9,0.1 25.3845
0.85,0.9,0.15 56.0438
0.85,0.9,0.2 43.4721
0.85,0.9,0.25 1.42463
0.85,0.95,0.1 0.00985602
0.85,0.95,0.15 0.176069
0.85,0.95,0.2 0.151834
0.85,0.95,0.25 0.00497578
0.9,0.05,0 4.89436e-11
0.9,0.05,0.05 2.88334
0.9,0.05,0.1 11.5245
0.9,0.05,0.15 2.87889
0.9,0.1,0 5.77069e-10
0.9,0.1,0.05 33.9959
0.9,0.1,0.1 135.879
0.9,0.1,0.15 33.9435
0.9,0.15,0 3.76185e-10
0.9,0.15,0.05 22.1616
0.9,0.15,0.1 88.578
0.9,0.15,0.15 22.1274
0.9,0.2,0 6.4465e-12
0.9,0.2,0.05 0.379772
0.9,0.2,0.1 1.51792
0.9,0.2,0.15 0.379187
0.9,0.35,0.05 0.646878
0.9,0.35,0.1 4.83565
0.9,0.35,0.15 2.18899
0.9,0.35,0.2 0.0107977
0.9,0.4,0 2.98509e-12
0.9,0.4,0.05 21.4106
0.9,0.4,0.1 157.737
0.9,0.4,0.15 70.8641
0.9,0.4,0.2 0.346272
0.9,0.45,0 2.23404e-10
0.9,0.45,0.05 74.4743
0.9,0.45,0.1 383.454
0.9,0.45,0.15 133.18
0.9,0.45,0.2 0.411398
0.9,0.5,0 3.74514e-10
0.9,0.5,0.05 84.9658
0.9,0.5,0.1 344.683
0.9,0.5,0.15 88.3029
0.9,0.5,0.2 0.0239443
0.9,0.55,0 3.6518e-11
0.9,0.55,0.05 8.1555
0.9,0.55,0.1 32.6059
0.9,0.55,0.15 8.14744
0.9,0.6,0 7.94095e-13
0.9,0.6,0.05 0.411961
0.9,0.6,0.1 1.64738
0.9,0.6,0.15 0.411729
0.9,0.65,0 5.10719e-12
0.9,0.65,0.05 35.688
0.9,0.65,0.1 142.729
0.9,0.65,0.15 35.6768
0.9,0.7,0 1.17393e-11
0.9,0.7,0.05 82.3675
0.9,0.7,0.1 329.418
0.9,0.7,0.15 82.3416
0.9,0.75,0 2.30819e-11
0.9,0.75,0.05 13.8493
0.9,0.75,0.1 55.3843
0.9,0.75,0.15 13.8429
0.9,0.8,0 6.31785e-10
0.9,0.8,0.05 61.7132
0.9,0.8,0.1 249.107
0.9,0.8,0.15 104.66
0.9,0.8,0.2 37.1017
0.9,0.8,0.25 1.21587
0.9,0.85,0 7.26178e-10
0.9,0.85,0.05 68.1559
0.9,0.85,0.1 289.041
0.9,0.85,0.15 364.401
0.9,0.85,0.2 255.543
0.9,0.85,0.25 8.37442
0.9,0.9,0 4.0616e-11
0.9,0.9,0.05 3.52351
0.9,0.9,0.1 21.071
0.9,0.9,0.15 128.316
0.9,0.9,0.2 107.619
0.9,0.9,0.25 3.52681
0.9,0.95,0.1 0.0243995
0.9,0.95,0.15 0.435875
0.9,0.95,0.2 0.37588
0.9,0.95,0.25 0.012318
0.95,0.05,0 1.15116e-13
0.95,0.05,0.05 0.00678165
0.95,0.05,0.1 0.0271057
0.95,0.05,0.15 0.0067712
0.95,0.1,0 1.35728e-12
0.95,0.1,0.05 0.079959
0.95,0.1,0.1 0.319589
0.95,0.1,0.15 0.0798357
0.95,0.15,0 8.84793e-13
0.95,0.15,0.05 0.0521244
0.95,0.15,0.1 0.208337
0.95,0.15,0.15 0.052044
0.95,0.2,0 1.51623e-14
0.95,0.2,0.05 0.000893231
0.95,0.2,0.1 0.00357017
0.95,0.2,0.15 0.000891854
0.95,0.35,0.05 0.0145882
0.95,0.35,0.1 0.109052
0.95,0.35,0.15 0.0493653
0.95,0.35,0.2 0.000243505
0.95,0.4,0 3.23381e-13
0.95,0.4,0.05 0.539956
0.95,0.4,0.1 3.78556
0.95,0.4,0.15 1.65516
0.95,0.4,0.2 0.007809
0.95,0.45,0 2.42019e-11
0.95,0.45,0.05 5.95377
0.95,0.45,0.1 25.7361
0.95,0.45,0.15 7.27346
0.95,0.45,0.2 0.0092777
0.95,0.5,0 4.05683e-11
0.95,0.5,0.05 9.08065
0.95,0.5,0.1 36.4171
0.95,0.5,0.15 9.14882
0.95,0.5,0.2 0.000539983
0.95,0.55,0 3.87302e-12
0.95,0.55,0.05 0.863833
0.95,0.55,0.1 3.45362
0.95,0.55,0.15 0.862979
0.95,0.6,0 1.48447e-15
0.95,0.6,0.05 0.0104151
0.95,0.6,0.1 0.041654
0.95,0.6,0.15 0.0104119
0.95,0.65,0 3.7401e-13
0.95,0.65,0.05 2.62407
0.95,0.65,0.1 10.4946
0.95,0.65,0.15 2.62325
0.95,0.7,0 8.6566e-13
0.95,0.7,0.05 6.07352
0.95,0.7,0.1 24.2903
0.95,0.7,0.15 6.07161
0.95,0.75,0 1.75853e-12
0.95,0.75,0.05 1.04604
0.95,0.75,0.1 4.18317
0.95,0.75,0.15 1.04554
0.95,0.8,0 4.51572e-11
0.95,0.8,0.05 5.22184
0.95,0.8,0.1 21.2407
0.95,0.8,0.15 11.7578
0.95,0.8,0.2 5.6419
0.95,0.8,0.25 0.184892
0.95,0.85,0 4.97777e-11
0.95,0.85,0.05 5.75614
0.95,0.85,0.1 25.5329
0.95,0.85,0.15 50.8107
0.95,0.85,0.2 38.8593
0.95,0.85,0.25 1.27346
0.95,0.9,0 2.56326e-12
0.95,0.9,0.05 0.296408
0.95,0.9,0.1 2.24722
0.95,0.9,0.15 19.2733
0.95,0.9,0.2 16.3652
0.95,0.9,0.25 0.536307
0.95,0.95,0.1 0.00371033
0.95,0.95,0.15 0.0662816
0.95,0.95,0.2 0.0571585
0.95,0.95,0.25 0.00187315
