0.45,0.15,0.3 416.353
0.45,0.15,0.35 344.185
0.45,0.15,0.4 54.0552
0.45,0.15,0.45 1.08762e-09
0.45,0.2,0 7.65432e-11
0.45,0.2,0.05 9.3679
0.45,0.2,0.1 321.139
0.45,0.2,0.15 596.24
0.45,0.2,0.2 415.018
0.45,0.2,0.25 528.573
0.45,0.2,0.3 634.855
0.45,0.2,0.35 134.337
0.45,0.2,0.4 13.8579
0.45,0.2,0.45 8.39944e-08
0.45,0.25,0 1.64953e-09
0.45,0.25,0.05 51.404
0.45,0.25,0.1 345.263
0.45,0.25,0.15 339.037
0.45,0.25,0.2 312.337
0.45,0.25,0.25 372.333
0.45,0.25,0.3 403.104
0.45,0.25,0.35 219.807
0.45,0.25,0.4 44.4713
0.45,0.25,0.45 1.42289e-07
0.45,0.3,0 2.81539e-09
0.45,0.3,0.05 114.049
0.45,0.3,0.1 497.447
0.45,0.3,0.15 655.427
0.45,0.3,0.2 884.105
0.45,0.3,0.25 342.864
0.45,0.3,0.3 148.902
0.45,0.3,0.35 124.021
0.45,0.3,0.4 61.4768
0.45,0.3,0.45 7.26616
0.45,0.35,0 1.7686e-08
0.45,0.35,0.05 120.825
0.45,0.35,0.1 557.049
0.45,0.35,0.15 733.588
0.45,0.35,0.2 677.074
0.45,0.35,0.25 301.615
0.45,0.35,0.3 663.823
0.45,0.35,0.35 325.734
0.45,0.35,0.4 305.619
0.45,0.35,0.45 45.6406
0.45,0.35,0.5 1.099e-05
0.45,0.4,0 1.42297e-08
0.45,0.4,0.05 75.3228
0.45,0.4,0.1 339.025
0.45,0.4,0.15 341.416
0.45,0.4,0.2 414.252
0.45,0.4,0.25 264.058
0.45,0.4,0.3 806.066
0.45,0.4,0.35 530.383
0.45,0.4,0.4 284.636
0.45,0.4,0.45 35.4381
0.45,0.4,0.5 0.0704373
0.45,0.45,0 6.05118e-10
0.45,0.45,0.05 72.2123
0.45,0.45,0.1 330.982
0.45,0.45,0.15 432.012
0.45,0.45,0.2 568.307
0.45,0.45,0.25 521.802
0.45,0.45,0.3 594.986
0.45,0.45,0.35 514.247
0.45,0.45,0.4 488.044
0.45,0.45,0.45 119.761
0.45,0.45,0.5 0.274852
0.45,0.5,0 1.11953e-09
0.45,0.5,0.05 87.036
0.45,0.5,0.1 393.929
0.45,0.5,0.15 526.411
0.45,0.5,0.2 484.588
0.45,0.5,0.25 541.692
0.45,0.5,0.3 447.849
0.45,0.5,0.35 846.06
0.45,0.5,0.4 916.787
0.45,0.5,0.45 126.258
0.45,0.5,0.5 0.0859337
0.45,0.55,0 4.41476e-09
0.45,0.55,0.05 34.0957
0.45,0.55,0.1 203.802
0.45,0.55,0.15 621.814
0.45,0.55,0.2 601.576
0.45,0.55,0.25 424.757
0.45,0.55,0.3 235.807
0.45,0.55,0.35 237.425
0.45,0.55,0.4 274
0.45,0.55,0.45 21.8508
0.45,0.55,0.5 0.00106105
0.45,0.6,0 1.24128e-08
0.45,0.6,0.05 112.8
0.45,0.6,0.1 518.584
0.45,0.6,0.15 387.907
0.45,0.6,0.2 612.815
0.45,0.6,0.25 501.247
0.45,0.6,0.3 79.4064
0.45,0.6,0.35 19.7502
0.45,0.6,0.4 6.1406
0.45,0.6,0.45 0.22725
0.45,0.65,0 2.77989e-09
0.45,0.65,0.05 57.7223
0.45,0.65,0.1 266.014
0.45,0.65,0.15 226.306
0.45,0.65,0.2 354.004
0.45,0.65,0.25 237.425
0.45,0.65,0.3 72.7001
0.45,0.65,0.35 93.3372
0.45,0.65,0.4 47.5662
0.45,0.65,0.45 0.488281
0.45,0.7,0 7.13216e-11
0.45,0.7,0.05 1.05303
0.45,0.7,0.1 6.11306
0.45,0.7,0.15 48.6079
0.45,0.7,0.2 214.765
0.45,0.7,0.25 315.146
0.45,0.7,0.3 79.0984
0.45,0.7,0.35 80.6378
0.45,0.7,0.4 41.5226
0.45,0.7,0.45 0.39635
0.45,0.75,0 2.42916e-07
0.45,0.75,0.05 25.0314
0.45,0.75,0.1 99.4868
0.45,0.75,0.15 25.2973
0.45,0.75,0.2 41.0644
0.45,0.75,0.25 118.528
0.45,0.75,0.3 29.665
0.45,0.75,0.35 2.96942
0.45,0.75,0.4 1.4541
0.45,0.75,0.45 0.0138474
0.45,0.8,0 7.85732e-07
0.45,0.8,0.05 80.9672
0.45,0.8,0.1 321.799
0.45,0.8,0.15 79.9354
0.45,0.8,0.2 1.23423
0.45,0.8,0.25 6.01175
0.45,0.8,0.3 1.8277
0.45,0.8,0.35 0.000424913
0.45,0.85,0 1.58594e-07
0.45,0.85,0.05 16.3439
0.45,0.85,0.1 64.9577
0.45,0.85,0.15 16.1356
0.45,0.9,0 1.66874e-12
0.45,0.9,0.05 0.000257712
0.45,0.9,0.1 0.00102509
0.45,0.9,0.15 0.00025484
0.5,0.05,0.25 0.000185604
0.5,0.05,0.3 0.158503
0.5,0.05,0.35 0.447388
0.5,0.05,0.4 0.0783725
0.5,0.1,0.05 0.0401333
0.5,0.1,0.1 2.62572
0.5,0.1,0.15 10.9746
0.5,0.1,0.2 24.4349
0.5,0.1,0.25 22.5196
0.5,0.1,0.3 49.5007
0.5,0.1,0.35 108.69
0.5,0.1,0.4 18.9828
0.5,0.15,0.05 0.935881
0.5,0.15,0.1 34.6362
0.5,0.15,0.15 136.748
0.5,0.15,0.2 325.188
0.5,0.15,0.25 388.522
0.5,0.15,0.3 415.969
0.5,0.15,0.35 282.323
0.5,0.15,0.4 43.9251
0.5,0.15,0.45 1.23354e-07
0.5,0.2,0 5.70595e-13
0.5,0.2,0.05 6.57786
0.5,0.2,0.1 257.822
0.5,0.2,0.15 528.776
0.5,0.2,0.2 765.771
0.5,0.2,0.25 747.64
0.5,0.2,0.3 808.107
0.5,0.2,0.35 276.922
0.5,0.2,0.4 44.4419
0.5,0.2,0.45 9.52631e-06
0.5,0.25,0 1.17013e-11
0.5,0.25,0.05 22.5139
0.5,0.25,0.1 282.906
0.5,0.25,0.15 470.554
0.5,0.25,0.2 705.467
0.5,0.25,0.25 535.808
0.5,0.25,0.3 598.542
0.5,0.25,0.35 606.9
0.5,0.25,0.4 130.011
0.5,0.25,0.45 1.61378e-05
0.5,0.3,0 2.37794e-10
0.5,0.3,0.05 95.0021
0.5,0.3,0.1 537.588
0.5,0.3,0.15 589.973
0.5,0.3,0.2 754.829
0.5,0.3,0.25 431.47
0.5,0.3,0.3 635.27
0.5,0.3,0.35 403.898
0.5,0.3,0.4 102.673
0.5,0.3,0.45 10.1303
0.5,0.35,0 3.65447e-09
0.5,0.35,0.05 88.337
0.5,0.35,0.1 573.064
0.5,0.35,0.15 509.836
0.5,0.35,0.2 448.808
0.5,0.35,0.25 296.932
0.5,0.35,0.3 459.305
0.5,0.35,0.35 508.325
0.5,0.35,0.4 455.066
0.5,0.35,0.45 65.0772
0.5,0.4,0 2.95436e-09
0.5,0.4,0.05 52.0912
0.5,0.4,0.1 388.962
0.5,0.4,0.15 281.353
0.5,0.4,0.2 363.815
0.5,0.4,0.25 331.788
0.5,0.4,0.3 284.01
0.5,0.4,0.35 436.53
0.5,0.4,0.4 414.062
0.5,0.4,0.45 39.7779
0.5,0.4,0.5 0.000370037
0.5,0.45,0 3.81963e-10
0.5,0.45,0.05 54.4522
0.5,0.45,0.1 380.528
0.5,0.45,0.15 270.271
0.5,0.45,0.2 474.643
0.5,0.45,0.25 501.208
0.5,0.45,0.3 223.522
0.5,0.45,0.35 141.609
0.5,0.45,0.4 130.198
0.5,0.45,0.45 18.1156
0.5,0.45,0.5 0.00582916
0.5,0.5,0 5.67498e-09
0.5,0.5,0.05 109.314
0.5,0.5,0.1 489.947
0.5,0.5,0.15 420.636
0.5,0.5,0.2 666.308
0.5,0.5,0.25 724.06
0.5,0.5,0.3 344.358
0.5,0.5,0.35 292.972
0.5,0.5,0.4 340.609
0.5,0.5,0.45 32.2463
0.5,0.5,0.5 0.00464166
0.5,0.55,0 5.72663e-09
0.5,0.55,0.05 76.3111
0.5,0.55,0.1 379.526
0.5,0.55,0.15 655.272
0.5,0.55,0.2 892.125
0.5,0.55,0.25 452.685
0.5,0.55,0.3 526.421
0.5,0.55,0.35 241.11
0.5,0.55,0.4 134.543
0.5,0.55,0.45 10.1749
0.5,0.55,0.5 0.000128667
0.5,0.6,0 3.34617e-10
0.5,0.6,0.05 10.3411
0.5,0.6,0.1 148.128
0.5,0.6,0.15 413.86
0.5,0.6,0.2 415.524
0.5,0.6,0.25 217.297
0.5,0.6,0.3 161.428
0.5,0.6,0.35 56.7489
0.5,0.6,0.4 1.1082
0.5,0.6,0.45 0.0475046
0.5,0.65,0 1.78479e-11
0.5,0.65,0.05 4.72214
0.5,0.65,0.1 40.5175
0.5,0.65,0.15 279.297
0.5,0.65,0.2 434.18
0.5,0.65,0.25 549.337
0.5,0.65,0.3 279.51
0.5,0.65,0.35 6.60248
0.5,0.65,0.4 0.0128822
0.5,0.65,0.45 9.87809e-05
0.5,0.7,0 4.11456e-12
0.5,0.7,0.05 0.260267
0.5,0.7,0.1 4.78508
0.5,0.7,0.15 94.5233
0.5,0.7,0.2 401.896
0.5,0.7,0.25 845.162
0.5,0.7,0.3 293.199
0.5,0.7,0.35 4.77291
0.5,0.7,0.4 0.00920388
0.5,0.7,0.45 8.79672e-05
0.5,0.75,0 1.82775e-08
0.5,0.75,0.05 5.13094
0.5,0.75,0.1 34.1865
0.5,0.75,0.15 19.4202
0.5,0.75,0.2 108.882
0.5,0.75,0.25 396.543
0.5,0.75,0.3 111.778
0.5,0.75,0.35 0.197394
0.5,0.75,0.4 0.00032165
0.5,0.75,0.45 3.07421e-06
0.5,0.8,0 1.78866e-07
0.5,0.8,0.05 28.2562
0.5,0.8,0.1 124.587
0.5,0.8,0.15 37.0689
0.5,0.8,0.2 5.0777
0.5,0.8,0.25 23.8984
0.5,0.8,0.3 7.3229
0.5,0.8,0.35 0.0110246
0.5,0.85,0 1.65992e-07
0.5,0.85,0.05 25.2889
0.5,0.85,0.1 101.088
0.5,0.85,0.15 25.3606
0.5,0.85,0.2 0.00303487
0.5,0.9,0 8.96276e-09
0.5,0.9,0.05 1.38416
0.5,0.9,0.1 5.50572
0.5,0.9,0.15 1.36874
0.55,0.05,0.25 5.28543e-06
0.55,0.05,0.3 0.00451368
0.55,0.05,0.35 0.0127402
0.55,0.05,0.4 0.0022318
0.55,0.1,0.05 0.0376753
0.55,0.1,0.1 0.256316
0.55,0.1,0.15 0.394846
0.55,0.1,0.2 2.59648
0.55,0.1,0.25 8.3534
0.55,0.1,0.3 3.80906
0.55,0.1,0.35 3.11114
0.55,0.1,0.4 0.540572
0.55,0.15,0.05 13.3754
0.55,0.15,0.1 97.4481
0.55,0.15,0.15 53.822
0.55,0.15,0.2 78.7641
0.55,0.15,0.25 289.72
0.55,0.15,0.3 108.817
0.55,0.15,0.35 12.8749
0.55,0.15,0.4 1.89989
0.55,0.15,0.45 2.35259e-07
0.55,0.2,0.05 34.6115
0.55,0.2,0.1 311.523
0.55,0.2,0.15 269.088
0.55,0.2,0.2 334.176
0.55,0.2,0.25 495.963
0.55,0.2,0.3 243.436
0.55,0.2,0.35 216.485
0.55,0.2,0.4 52.3819
0.55,0.2,0.45 1.81684e-05
0.55,0.25,0.05 19.0953
0.55,0.25,0.1 221.723
0.55,0.25,0.15 387.03
0.55,0.25,0.2 549.001
0.55,0.25,0.25 431.249
0.55,0.25,0.3 534.697
0.55,0.25,0.35 450.626
0.55,0.25,0.4 95.8549
0.55,0.25,0.45 3.07778e-05
0.55,0.3,0.05 38.8306
0.55,0.3,0.1 410.07
0.55,0.3,0.15 575.245
0.55,0.3,0.2 519.956
0.55,0.3,0.25 671.083
0.55,0.3,0.3 1011.95
0.55,0.3,0.35 309.032
0.55,0.3,0.4 19.0632
0.55,0.3,0.45 0.751418
0.55,0.35,0.05 27.208
0.55,0.35,0.1 419.498
0.55,0.35,0.15 507.347
0.55,0.35,0.2 358.168
0.55,0.35,0.25 380.893
0.55,0.35,0.3 402.682
0.55,0.35,0.35 257.06
0.55,0.35,0.4 43.9223
0.55,0.35,0.45 5.01752
0.55,0.4,0 9.8318e-15
0.55,0.4,0.05 20.1353
0.55,0.4,0.1 259.777
0.55,0.4,0.15 275.098
0.55,0.4,0.2 196.672
0.55,0.4,0.25 247.337
0.55,0.4,0.3 99.2018
0.55,0.4,0.35 76.1195
0.55,0.4,0.4 39.8251
0.55,0.4,0.45 3.3887
0.55,0.45,0 8.67379e-11
0.55,0.45,0.05 26.6017
0.55,0.45,0.1 364.993
0.55,0.45,0.15 313.395
0.55,0.45,0.2 145.538
0.55,0.45,0.25 507.04
0.55,0.45,0.3 335.053
0.55,0.45,0.35 20.5604
0.55,0.45,0.4 4.96926
0.55,0.45,0.45 0.322155
0.55,0.5,0 2.0487e-09
0.55,0.5,0.05 36.0444
0.55,0.5,0.1 343.838
0.55,0.5,0.15 360.743
0.55,0.5,0.2 438.12
0.55,0.5,0.25 834.215
0.55,0.5,0.3 403.325
0.55,0.5,0.35 34.8843
0.55,0.5,0.4 2.59268
0.55,0.5,0.45 0.175949
0.55,0.55,0 2.08202e-09
0.55,0.55,0.05 28.2187
0.55,0.55,0.1 207.696
0.55,0.55,0.15 366.442
0.55,0.55,0.2 652.623
0.55,0.55,0.25 480.16
0.55,0.55,0.3 400.697
0.55,0.55,0.35 165.293
0.55,0.55,0.4 2.54523
0.55,0.55,0.45 0.0759805
0.55,0.6,0 9.31946e-11
0.55,0.6,0.05 2.68171
0.55,0.6,0.1 151.366
0.55,0.6,0.15 368.647
0.55,0.6,0.2 358.493
0.55,0.6,0.25 657.486
0.55,0.6,0.3 425.967
0.55,0.6,0.35 84.9635
0.55,0.6,0.4 0.701375
0.55,0.6,0.45 0.000351054
0.55,0.65,0.05 16.1212
0.55,0.65,0.1 129.992
0.55,0.65,0.15 170.118
0.55,0.65,0.2 162.807
0.55,0.65,0.25 589.202
0.55,0.65,0.3 471.391
0.55,0.65,0.35 26.9694
0.55,0.65,0.4 0.0586808
0.55,0.7,0 2.02185e-13
0.55,0.7,0.05 15.494
0.55,0.7,0.1 144.724
0.55,0.7,0.15 303.101
0.55,0.7,0.2 275.108
0.55,0.7,0.25 389.615
0.55,0.7,0.3 325.027
0.55,0.7,0.35 28.0546
0.55,0.7,0.4 0.0576883
0.55,0.75,0 1.42716e-08
0.55,0.75,0.05 37.1744
0.55,0.75,0.1 361.825
0.55,0.75,0.15 380.472
0.55,0.75,0.2 100.356
0.55,0.75,0.25 174.769
0.55,0.75,0.3 184.388
0.55,0.75,0.35 21.951
0.55,0.75,0.4 0.00271545
0.55,0.8,0 4.45828e-07
0.55,0.8,0.05 107.251
0.55,0.8,0.1 564.125
0.55,0.8,0.15 230.18
0.55,0.8,0.2 11.1673
0.55,0.8,0.25 19.3197
0.55,0.8,0.3 26.882
0.55,0.8,0.35 3.54266
0.55,0.85,0 5.23549e-07
0.55,0.85,0.05 87.2938
0.55,0.85,0.1 352.499
0.55,0.85,0.15 90.0528
0.55,0.85,0.2 0.240718
0.55,0.85,0.25 0.16018
0.55,0.85,0.3 0.00406242
0.55,0.9,0 2.99179e-08
0.55,0.9,0.05 5.75641
0.55,0.9,0.1 22.9211
0.55,0.9,0.15 5.70429
0.55,0.95,0 9.51499e-18
0.55,0.95,0.05 1.11451e-05
0.55,0.95,0.1 4.45676e-05
0.55,0.95,0.15 1.11387e-05
0.6,0.1,0.05 0.0554404
0.6,0.1,0.1 0.377082
0.6,0.1,0.15 0.157301
0.6,0.1,0.2 3.63112
0.6,0.1,0.25 13.4567
0.6,0.1,0.3 3.17896
0.6,0.1,0.35 0.000243358
0.6,0.15,0.05 19.4269
0.6,0.15,0.1 132.161
0.6,0.15,0.15 55.079
0.6,0.15,0.2 92.1825
0.6,0.15,0.25 350.691
0.6,0.15,0.3 85.7552
0.6,0.15,0.35 0.29933
0.6,0.15,0.4 0.0740413
0.6,0.15,0.45 2.64373e-08
0.6,0.2,0.05 47.9161
0.6,0.2,0.1 335.21
0.6,0.2,0.15 229.599
0.6,0.2,0.2 218.47
0.6,0.2,0.25 409.09
0.6,0.2,0.3 103.273
0.6,0.2,0.35 22.4742
0.6,0.2,0.4 5.71802
0.6,0.2,0.45 2.04169e-06
0.6,0.25,0.05 8.38294
0.6,0.25,0.1 93.0797
0.6,0.25,0.15 394.685
0.6,0.25,0.2 575.066
0.6,0.25,0.25 304.264
0.6,0.25,0.3 133.745
0.6,0.25,0.35 54.4989
0.6,0.25,0.4 9.68714
0.6,0.25,0.45 3.45867e-06
0.6,0.3,0.05 3.71814
0.6,0.3,0.1 61.2789
0.6,0.3,0.15 205.617
0.6,0.3,0.2 613.593
0.6,0.3,0.25 796.576
0.6,0.3,0.3 343.391
0.6,0.3,0.35 52.7071
0.6,0.3,0.4 1.00605
0.6,0.3,0.45 3.34757e-07
0.6,0.35,0.05 3.86759
0.6,0.35,0.1 144.634
0.6,0.35,0.15 491.436
0.6,0.35,0.2 678.718
0.6,0.35,0.25 395.15
0.6,0.35,0.3 105.11
0.6,0.35,0.35 16.0762
0.6,0.35,0.4 0.258482
0.6,0.4,0.05 1.71771
0.6,0.4,0.1 110.8
0.6,0.4,0.15 502.684
0.6,0.4,0.2 326.853
0.6,0.4,0.25 72.2137
0.6,0.4,0.3 58.4554
0.6,0.4,0.35 7.42353
0.6,0.4,0.4 0.0632742
0.6,0.45,0 1.27272e-13
0.6,0.45,0.05 5.13868
0.6,0.45,0.1 279.099
0.6,0.45,0.15 516.238
0.6,0.45,0.2 119.452
0.6,0.45,0.25 457.551
0.6,0.45,0.3 503.356
0.6,0.45,0.35 34.3851
0.6,0.45,0.4 0.00132517
0.6,0.5,0 3.01477e-12
0.6,0.5,0.05 7.12856
0.6,0.5,0.1 312.362
0.6,0.5,0.15 492.371
0.6,0.5,0.2 153.103
0.6,0.5,0.25 551.09
0.6,0.5,0.3 487.673
0.6,0.5,0.35 48.8864
0.6,0.5,0.4 1.32445
0.6,0.55,0 3.06421e-12
0.6,0.55,0.05 1.24898
0.6,0.55,0.1 49.6002
0.6,0.55,0.15 86.957
0.6,0.55,0.2 141.633
0.6,0.55,0.25 308.916
0.6,0.55,0.3 279.586
0.6,0.55,0.35 101.661
0.6,0.55,0.4 4.0515
0.6,0.6,0 1.3716e-13
0.6,0.6,0.05 2.46688
0.6,0.6,0.1 28.5188
0.6,0.6,0.15 37.7929
0.6,0.6,0.2 167.018
0.6,0.6,0.25 831.859
0.6,0.6,0.3 729.522
0.6,0.6,0.35 92.654
0.6,0.6,0.4 0.815296
0.6,0.65,0.05 43.9583
0.6,0.65,0.1 303.374
0.6,0.65,0.15 202.146
0.6,0.65,0.2 139.524
0.6,0.65,0.25 466.316
0.6,0.65,0.3 561.243
0.6,0.65,0.35 130.637
0.6,0.65,0.4 0.592146
0.6,0.7,0 2.48195e-12
0.6,0.7,0.05 39.4767
0.6,0.7,0.1 324.627
0.6,0.7,0.15 459.15
0.6,0.7,0.2 393.695
0.6,0.7,0.25 473.657
0.6,0.7,0.3 491.138
0.6,0.7,0.35 137.697
0.6,0.7,0.4 0.619039
0.6,0.75,0 3.45659e-09
0.6,0.75,0.05 58.5262
0.6,0.75,0.1 441.501
0.6,0.75,0.15 497.769
0.6,0.75,0.2 279.638
0.6,0.75,0.25 415.804
0.6,0.75,0.3 419.059
0.6,0.75,0.35 58.5369
0.6,0.75,0.4 0.0291388
0.6,0.8,0 9.39846e-08
0.6,0.8,0.05 134.675
0.6,0.8,0.1 631.493
0.6,0.8,0.15 251.077
0.6,0.8,0.2 167.932
0.6,0.8,0.25 148.966
0.6,0.8,0.3 65.7742
0.6,0.8,0.35 8.85897
0.6,0.85,0 1.09314e-07
0.6,0.85,0.05 108.126
0.6,0.85,0.1 435.035
0.6,0.85,0.15 110.697
0.6,0.85,0.2 9.90205
0.6,0.85,0.25 7.56067
0.6,0.85,0.3 0.19175
0.6,0.9,0 6.2527e-09
0.6,0.9,0.05 22.1589
0.6,0.9,0.1 88.5901
0.6,0.9,0.15 22.1361
0.6,0.95,0 1.77506e-16
0.6,0.95,0.05 0.000207916
0.6,0.95,0.1 0.000831427
0.6,0.95,0.15 0.000207798
0.65,0.1,0.05 0.00443953
0.65,0.1,0.1 0.0301958
0.65,0.1,0.15 0.0127752
0.65,0.1,0.2 2.24022
0.65,0.1,0.25 7.79072
0.65,0.1,0.3 1.69276
0.65,0.1,0.35 8.27308e-07
0.65,0.15,0.05 1.5556
0.65,0.15,0.1 10.5812
0.65,0.15,0.15 4.41546
0.65,0.15,0.2 52.1719
0.65,0.15,0.25 184.317
0.65,0.15,0.3 41.9212
0.65,0.15,0.35 0.0525587
0.65,0.2,0.05 3.83618
0.65,0.2,0.1 37.3995
0.65,0.2,0.15 101.03
0.65,0.2,0.2 119.887
0.65,0.2,0.25 328.78
0.65,0.2,0.3 123.516
0.65,0.2,0.35 1.47497
0.65,0.2,0.4 7.92356e-15
0.65,0.25,0.05 0.58087
0.65,0.25,0.1 44.1328
0.65,0.25,0.15 331.343
0.65,0.25,0.2 341.265
