0.65,0.45,0.3 0.0898039
0.65,0.5,0 4.42861e-10
0.65,0.5,0.05 93.5433
0.65,0.5,0.1 375.412
0.65,0.5,0.15 267.531
0.65,0.5,0.2 675.167
0.65,0.5,0.25 199.768
0.65,0.5,0.3 1.35849
0.65,0.55,0 8.6382e-11
0.65,0.55,0.05 43.7427
0.65,0.55,0.1 182.017
0.65,0.55,0.15 288.227
0.65,0.55,0.2 663.606
0.65,0.55,0.25 209.634
0.65,0.55,0.3 9.70997
0.65,0.6,0 1.89026e-11
0.65,0.6,0.05 36.7983
0.65,0.6,0.1 187.459
0.65,0.6,0.15 361.85
0.65,0.6,0.2 635.134
0.65,0.6,0.25 187.847
0.65,0.6,0.3 5.76931
0.65,0.65,0 8.30426e-13
0.65,0.65,0.05 31.0854
0.65,0.65,0.1 311.695
0.65,0.65,0.15 426.08
0.65,0.65,0.2 296.391
0.65,0.65,0.25 93.4012
0.65,0.65,0.3 1.16914
0.65,0.7,0 1.72209e-12
0.65,0.7,0.05 18.5344
0.65,0.7,0.1 249.723
0.65,0.7,0.15 607.292
0.65,0.7,0.2 205.612
0.65,0.7,0.25 10.8753
0.65,0.7,0.3 0.0696647
0.65,0.75,0 3.2965e-10
0.65,0.75,0.05 28.4721
0.65,0.75,0.1 289.142
0.65,0.75,0.15 466.524
0.65,0.75,0.2 86.566
0.65,0.75,0.25 0.983368
0.65,0.8,0 7.41904e-10
0.65,0.8,0.05 73.9417
0.65,0.8,0.1 410.378
0.65,0.8,0.15 320.535
0.65,0.8,0.2 31.361
0.65,0.8,0.25 0.00134244
0.65,0.85,0 1.7205e-10
0.65,0.85,0.05 77.9015
0.65,0.85,0.1 315.12
0.65,0.85,0.15 85.6606
0.65,0.85,0.2 0.995719
0.65,0.9,0 1.99767e-11
0.65,0.9,0.05 18.789
0.65,0.9,0.1 75.1345
0.65,0.9,0.15 18.7783
0.65,0.95,0 1.57188e-16
0.65,0.95,0.05 0.000184117
0.65,0.95,0.1 0.000736258
0.65,0.95,0.15 0.000184012
0.7,0.1,0.05 9.1626e-05
0.7,0.1,0.1 0.19796
0.7,0.1,0.15 4.13512
0.7,0.1,0.2 3.92179
0.7,0.1,0.25 0.154719
0.7,0.15,0 1.44708e-14
0.7,0.15,0.05 14.9721
0.7,0.15,0.1 97.7602
0.7,0.15,0.15 89.3174
0.7,0.15,0.2 49.6043
0.7,0.15,0.25 3.87578
0.7,0.15,0.3 0.937634
0.7,0.15,0.35 0.00620004
0.7,0.2,0 4.1016e-13
0.7,0.2,0.05 69.2503
0.7,0.2,0.1 457.937
0.7,0.2,0.15 221.373
0.7,0.2,0.2 39.7198
0.7,0.2,0.25 45.7526
0.7,0.2,0.3 21.5638
0.7,0.2,0.35 0.142589
0.7,0.25,0 4.58364e-13
0.7,0.25,0.05 65.0261
0.7,0.25,0.1 496.351
0.7,0.25,0.15 246.264
0.7,0.25,0.2 41.6965
0.7,0.25,0.25 56.1369
0.7,0.25,0.3 22.1349
0.7,0.25,0.35 0.374535
0.7,0.25,0.4 0.000808114
0.7,0.3,0 2.41489e-14
0.7,0.3,0.05 15.1411
0.7,0.3,0.1 137.867
0.7,0.3,0.15 147.743
0.7,0.3,0.2 156.059
0.7,0.3,0.25 50.7421
0.7,0.3,0.3 5.85377
0.7,0.3,0.35 2.03898
0.7,0.3,0.4 0.00708212
0.7,0.35,0 2.7434e-10
0.7,0.35,0.05 46.7725
0.7,0.35,0.1 213.836
0.7,0.35,0.15 126.26
0.7,0.35,0.2 66.3058
0.7,0.35,0.25 13.1103
0.7,0.35,0.3 2.52313
0.7,0.35,0.35 1.0526
0.7,0.35,0.4 0.00366721
0.7,0.4,0 1.34455e-09
0.7,0.4,0.05 152.746
0.7,0.4,0.1 634.228
0.7,0.4,0.15 242.224
0.7,0.4,0.2 45.2595
0.7,0.4,0.25 0.660574
0.7,0.4,0.3 0.0211538
0.7,0.4,0.35 0.00887785
0.7,0.4,0.4 3.093e-05
0.7,0.45,0 5.86024e-10
0.7,0.45,0.05 106.053
0.7,0.45,0.1 528.964
0.7,0.45,0.15 254.824
0.7,0.45,0.2 62.7969
0.7,0.45,0.25 14.2493
0.7,0.45,0.3 0.0193974
0.7,0.5,0 4.17902e-10
0.7,0.5,0.05 107.52
0.7,0.5,0.1 540.045
0.7,0.5,0.15 392.139
0.7,0.5,0.2 301.807
0.7,0.5,0.25 57.2372
0.7,0.5,0.3 0.0467444
0.7,0.55,0 1.09267e-10
0.7,0.55,0.05 87.4345
0.7,0.55,0.1 419.139
0.7,0.55,0.15 445.868
0.7,0.55,0.2 544.638
0.7,0.55,0.25 81.6098
0.7,0.55,0.3 0.00743108
0.7,0.6,0 3.93614e-11
0.7,0.6,0.05 73.2247
0.7,0.6,0.1 336.027
0.7,0.6,0.15 308.149
0.7,0.6,0.2 465.128
0.7,0.6,0.25 70.8964
0.7,0.6,0.3 0.00728424
0.7,0.65,0 1.6194e-12
0.7,0.65,0.05 26.117
0.7,0.65,0.1 306.664
0.7,0.65,0.15 264.794
0.7,0.65,0.2 94.344
0.7,0.65,0.25 10.7128
0.7,0.65,0.3 0.00875582
0.7,0.7,0 3.08274e-14
0.7,0.7,0.05 7.89017
0.7,0.7,0.1 125.168
0.7,0.7,0.15 356.186
0.7,0.7,0.2 339.956
0.7,0.7,0.25 30.7976
0.7,0.7,0.3 0.000538515
0.7,0.75,0 6.0956e-12
0.7,0.75,0.05 0.822916
0.7,0.75,0.1 66.9595
0.7,0.75,0.15 219.301
0.7,0.75,0.2 137.74
0.7,0.75,0.25 11.3472
0.7,0.8,0 2.01839e-09
0.7,0.8,0.05 11.5902
0.7,0.8,0.1 94.1794
0.7,0.8,0.15 115.089
0.7,0.8,0.2 13.3654
0.7,0.8,0.25 0.0179573
0.7,0.85,0 8.01202e-09
0.7,0.85,0.05 41.2899
0.7,0.85,0.1 166.405
0.7,0.85,0.15 44.4413
0.7,0.85,0.2 0.419476
0.7,0.9,0 2.00013e-09
0.7,0.9,0.05 10.3149
0.7,0.9,0.1 41.1903
0.7,0.9,0.15 10.2803
0.7,0.95,0 5.43256e-18
0.7,0.95,0.05 6.36324e-06
0.7,0.95,0.1 2.54457e-05
0.7,0.95,0.15 6.35962e-06
0.75,0.1,0.05 5.2643e-05
0.75,0.1,0.1 0.000335266
0.75,0.1,0.15 0.000131527
0.75,0.1,0.2 3.10052e-07
0.75,0.15,0.05 8.58461
0.75,0.15,0.1 54.6726
0.75,0.15,0.15 21.4484
0.75,0.15,0.2 0.0505609
0.75,0.2,0.05 35.5879
0.75,0.2,0.1 231.105
0.75,0.2,0.15 92.5412
0.75,0.2,0.2 0.257175
0.75,0.25,0.05 20.8451
0.75,0.25,0.1 151.59
0.75,0.25,0.15 67.4034
0.75,0.25,0.2 0.335672
0.75,0.25,0.25 0.00447689
0.75,0.25,0.3 8.14822e-06
0.75,0.3,0.05 3.82299
0.75,0.3,0.1 28.5407
0.75,0.3,0.15 13.4873
0.75,0.3,0.2 0.363618
0.75,0.3,0.25 0.0218309
0.75,0.3,0.3 3.36757e-05
0.75,0.35,0 1.16497e-10
0.75,0.35,0.05 54.3268
0.75,0.35,0.1 230.705
0.75,0.35,0.15 196.517
0.75,0.35,0.2 85.8004
0.75,0.35,0.25 1.18998
0.75,0.35,0.3 8.69856e-06
0.75,0.4,0 5.67033e-10
0.75,0.4,0.05 133.865
0.75,0.4,0.1 585.161
0.75,0.4,0.15 504.722
0.75,0.4,0.2 213.039
0.75,0.4,0.25 2.93119
0.75,0.4,0.3 1.0885e-11
0.75,0.45,0 1.90514e-10
0.75,0.45,0.05 38.037
0.75,0.45,0.1 354.712
0.75,0.45,0.15 366.74
0.75,0.45,0.2 95.004
0.75,0.45,0.25 3.10757
0.75,0.5,0 4.97388e-11
0.75,0.5,0.05 19.6833
0.75,0.5,0.1 313.416
0.75,0.5,0.15 642.032
0.75,0.5,0.2 337.841
0.75,0.5,0.25 16.0723
0.75,0.55,0 1.50462e-11
0.75,0.55,0.05 22.159
0.75,0.55,0.1 254.306
0.75,0.55,0.15 489.624
0.75,0.55,0.2 247.887
0.75,0.55,0.25 19.0837
0.75,0.6,0 6.74582e-12
0.75,0.6,0.05 29.0172
0.75,0.6,0.1 133.629
0.75,0.6,0.15 115.145
0.75,0.6,0.2 123.436
0.75,0.6,0.25 15.966
0.75,0.65,0 4.06947e-13
0.75,0.65,0.05 13.4224
0.75,0.65,0.1 68.8851
0.75,0.65,0.15 50.4541
0.75,0.65,0.2 43.6658
0.75,0.65,0.25 4.63045
0.75,0.7,0 6.07228e-15
0.75,0.7,0.05 1.10252
0.75,0.7,0.1 10.8917
0.75,0.7,0.15 128.578
0.75,0.7,0.2 216.402
0.75,0.7,0.25 21.966
0.75,0.75,0 2.65197e-11
0.75,0.75,0.05 0.115897
0.75,0.75,0.1 1.18781
0.75,0.75,0.15 45.9242
0.75,0.75,0.2 79.8573
0.75,0.75,0.25 8.10417
0.75,0.8,0 6.47176e-09
0.75,0.8,0.05 30.6461
0.75,0.8,0.1 122.534
0.75,0.8,0.15 30.9704
0.75,0.8,0.2 0.172466
0.75,0.8,0.25 0.0128293
0.75,0.85,0 2.26947e-08
0.75,0.85,0.05 108.816
0.75,0.85,0.1 434.496
0.75,0.85,0.15 108.441
0.75,0.85,0.2 0.00146758
0.75,0.9,0 5.3693e-09
0.75,0.9,0.05 25.8896
0.75,0.9,0.1 103.375
0.75,0.9,0.15 25.7978
0.8,0.05,0 1.96048e-11
0.8,0.05,0.05 1.15495
0.8,0.05,0.1 4.61623
0.8,0.05,0.15 1.15317
0.8,0.1,0 2.31151e-10
0.8,0.1,0.05 13.6174
0.8,0.1,0.1 54.4276
0.8,0.1,0.15 13.5964
0.8,0.1,0.2 3.69676e-09
0.8,0.15,0 1.50684e-10
0.8,0.15,0.05 8.97938
0.8,0.15,0.1 36.1326
0.8,0.15,0.15 9.11908
0.8,0.15,0.2 0.000602839
0.8,0.2,0 2.58221e-12
0.8,0.2,0.05 0.53929
0.8,0.2,0.1 3.07379
0.8,0.2,0.15 1.11923
0.8,0.2,0.2 0.00228053
0.8,0.25,0.05 0.0915813
0.8,0.25,0.1 0.583335
0.8,0.25,0.15 0.228881
0.8,0.25,0.2 0.000540284
0.8,0.3,0.05 0.0461638
0.8,0.3,0.1 0.195952
0.8,0.3,0.15 0.165168
0.8,0.3,0.2 0.0717665
0.8,0.3,0.25 0.000991481
0.8,0.35,0 1.60449e-12
0.8,0.35,0.05 6.32231
0.8,0.35,0.1 29.279
0.8,0.35,0.15 48.6776
0.8,0.35,0.2 25.555
0.8,0.35,0.25 0.353053
0.8,0.4,0 3.26573e-11
0.8,0.4,0.05 17.2581
0.8,0.4,0.1 80.7355
0.8,0.4,0.15 124.14
0.8,0.4,0.2 63.2985
0.8,0.4,0.25 0.873161
0.8,0.45,0 3.44211e-11
0.8,0.45,0.05 8.07398
0.8,0.45,0.1 56.1157
0.8,0.45,0.15 63.9045
0.8,0.45,0.2 26.6977
0.8,0.45,0.25 0.941959
0.8,0.5,0 4.11764e-12
0.8,0.5,0.05 4.63476
0.8,0.5,0.1 50.0248
0.8,0.5,0.15 134.325
0.8,0.5,0.2 96.8222
0.8,0.5,0.25 4.71794
0.8,0.55,0 1.29552e-11
0.8,0.55,0.05 73.924
0.8,0.55,0.1 320.307
0.8,0.55,0.15 151.419
0.8,0.55,0.2 39.1451
0.8,0.55,0.25 1.73945
0.8,0.6,0 1.35796e-11
0.8,0.6,0.05 141.441
0.8,0.6,0.1 567.821
0.8,0.6,0.15 145.83
0.8,0.6,0.2 0.851576
0.8,0.6,0.25 0.0446031
0.8,0.65,0 1.51337e-12
0.8,0.65,0.05 76.9784
0.8,0.65,0.1 307.897
0.8,0.65,0.15 77.4221
0.8,0.65,0.2 0.803489
0.8,0.65,0.25 0.0821803
0.8,0.7,0 2.27173e-13
0.8,0.7,0.05 4.71673
0.8,0.7,0.1 18.8959
0.8,0.7,0.15 7.37526
0.8,0.7,0.2 4.67677
0.8,0.7,0.25 0.474937
0.8,0.75,0 2.78316e-10
0.8,0.75,0.05 1.40664
0.8,0.75,0.1 5.62886
0.8,0.75,0.15 2.38329
0.8,0.75,0.2 1.72545
0.8,0.75,0.25 0.175224
0.8,0.8,0 1.35993e-08
0.8,0.8,0.05 59.6748
0.8,0.8,0.1 238.268
0.8,0.8,0.15 59.4813
0.8,0.8,0.2 0.0105587
0.8,0.8,0.25 0.000285277
0.8,0.85,0 2.1173e-08
0.8,0.85,0.05 93.7068
0.8,0.85,0.1 374.19
0.8,0.85,0.15 93.6223
0.8,0.85,0.2 0.0892076
0.8,0.85,0.25 8.99199e-05
0.8,0.9,0 2.16719e-09
0.8,0.9,0.05 9.81897
0.8,0.9,0.1 39.2339
0.8,0.9,0.15 9.94654
0.8,0.9,0.2 0.0567174
0.8,0.9,0.25 5.71702e-05
0.8,0.95,0.1 0.000466535
0.8,0.95,0.15 0.00261189
0.8,0.95,0.2 0.000908434
0.8,0.95,0.25 9.15688e-07
0.85,0.05,0 1.24806e-10
0.85,0.05,0.05 7.35247
0.85,0.05,0.1 29.3872
0.85,0.05,0.15 7.34114
0.85,0.1,0 1.47152e-09
0.85,0.1,0.05 86.6892
0.85,0.1,0.1 346.489
0.85,0.1,0.15 86.5556
0.85,0.15,0 9.59267e-10
0.85,0.15,0.05 56.5117
0.85,0.15,0.1 225.873
0.85,0.15,0.15 56.4246
0.85,0.2,0 1.64385e-11
0.85,0.2,0.05 0.968414
0.85,0.2,0.1 3.87067
0.85,0.2,0.15 0.966922
0.85,0.3,0.1 1.90125e-06
0.85,0.3,0.15 2.02131e-05
0.85,0.3,0.2 1.21964e-05
0.85,0.3,0.25 1.68499e-07
0.85,0.35,0 1.48767e-11
0.85,0.35,0.05 2.36458
0.85,0.35,0.1 9.45374
0.85,0.35,0.15 2.36916
0.85,0.35,0.2 0.00434297
0.85,0.35,0.25 6.00001e-05
0.85,0.4,0 3.87071e-10
0.85,0.4,0.05 61.6265
0.85,0.4,0.1 246.371
0.85,0.4,0.15 61.5761
0.85,0.4,0.2 0.0107409
0.85,0.4,0.25 0.000148391
0.85,0.45,0 5.31838e-10
0.85,0.45,0.05 92.2673
0.85,0.45,0.1 368.871
0.85,0.45,0.15 92.1745
0.85,0.45,0.2 0.00547073
0.85,0.45,0.25 0.000217725
0.85,0.5,0 2.2255e-10
0.85,0.5,0.05 49.6911
0.85,0.5,0.1 198.668
0.85,0.5,0.15 49.663
0.85,0.5,0.2 0.0223752
0.85,0.5,0.25 0.00113756
0.85,0.55,0 2.50876e-11
0.85,0.55,0.05 37.5337
0.85,0.55,0.1 150.105
0.85,0.55,0.15 37.5258
0.85,0.55,0.2 0.00808386
0.85,0.55,0.25 0.000410987
0.85,0.6,0 6.1264e-12
0.85,0.6,0.05 61.2836
0.85,0.6,0.1 245.105
0.85,0.6,0.15 61.2689
0.85,0.6,0.2 1.09977e-05
0.85,0.6,0.25 5.59125e-07
0.85,0.65,0 4.26584e-12
0.85,0.65,0.05 57.2783
0.85,0.65,0.1 229.088
0.85,0.65,0.15 57.2658
0.85,0.7,0 8.47068e-12
0.85,0.7,0.05 60.7193
0.85,0.7,0.1 242.84
0.85,0.7,0.15 60.7005
0.85,0.75,0 1.79695e-10
0.85,0.75,0.05 10.525
0.85,0.75,0.1 42.0858
0.85,0.75,0.15 10.5179
0.85,0.8,0 7.95205e-09
0.85,0.8,0.05 72.5733
0.85,0.8,0.1 292.01
0.85,0.8,0.15 83.9153
0.85,0.8,0.2 4.00384
0.85,0.8,0.25 0.00403581
0.85,0.85,0 1.09868e-08
0.85,0.85,0.05 89.5657
0.85,0.85,0.1 381.253
0.85,0.85,0.15 220.543
0.85,0.85,0.2 45.6321
0.85,0.85,0.25 0.0459965
0.85,0.9,0 8.06315e-10
0.85,0.9,0.05 5.64828
0.85,0.9,0.1 37.4622
0.85,0.9,0.15 89.0483
0.85,0.9,0.2 29.0125
0.85,0.9,0.25 0.0292442
0.85,0.95,0.1 0.238645
0.85,0.95,0.15 1.33605
0.85,0.95,0.2 0.464689
0.85,0.95,0.25 0.0004684
0.9,0.05,0 4.89436e-11
0.9,0.05,0.05 2.88334
0.9,0.05,0.1 11.5245
0.9,0.05,0.15 2.87889
0.9,0.1,0 5.77069e-10
0.9,0.1,0.05 33.9959
0.9,0.1,0.1 135.879
0.9,0.1,0.15 33.9435
0.9,0.15,0 3.76185e-10
0.9,0.15,0.05 22.1616
0.9,0.15,0.1 88.578
0.9,0.15,0.15 22.1274
0.9,0.2,0 6.4465e-12
0.9,0.2,0.05 0.379772
0.9,0.2,0.1 1.51792
0.9,0.2,0.15 0.379187
0.9,0.35,0 1.01782e-11
0.9,0.35,0.05 1.61777
0.9,0.35,0.1 6.46751
0.9,0.35,0.15 1.61598
0.9,0.4,0 2.66705e-10
0.9,0.4,0.05 42.5828
0.9,0.4,0.1 170.237
0.9,0.4,0.15 42.5357
0.9,0.45,0 5.04712e-10
0.9,0.45,0.05 94.5404
0.9,0.45,0.1 377.964
0.9,0.45,0.15 94.4416
0.9,0.5,0 3.88182e-10
0.9,0.5,0.05 85.7082
0.9,0.5,0.1 342.663
0.9,0.5,0.15 85.6232
0.9,0.55,0 3.57798e-11
0.9,0.55,0.05 8.13557
0.9,0.55,0.1 32.5264
0.9,0.55,0.15 8.12763
0.9,0.6,0 4.9626e-14
0.9,0.6,0.05 0.390584
0.9,0.6,0.1 1.56212
0.9,0.6,0.15 0.390474
0.9,0.65,0 5.07433e-12
0.9,0.65,0.05 35.6869
0.9,0.65,0.1 142.725
0.9,0.65,0.15 35.6757
0.9,0.7,0 1.17393e-11
0.9,0.7,0.05 82.3675
0.9,0.7,0.1 329.418
0.9,0.7,0.15 82.3416
0.9,0.75,0 2.30819e-11
0.9,0.75,0.05 13.8493
0.9,0.75,0.1 55.3843
0.9,0.75,0.15 13.8429
0.9,0.8,0 6.31785e-10
0.9,0.8,0.05 61.7132
0.9,0.8,0.1 252.1
0.9,0.8,0.15 91.8753
0.9,0.8,0.2 10.5174
0.9,0.8,0.25 0.0106014
0.9,0.85,0 7.26178e-10
0.9,0.85,0.05 68.1559
0.9,0.85,0.1 334.012
0.9,0.85,0.15 412.709
0.9,0.85,0.2 119.868
0.9,0.85,0.25 0.120825
0.9,0.9,0 4.0616e-11
0.9,0.9,0.05 3.52351
0.9,0.9,0.1 53.224
0.9,0.9,0.15 222.637
0.9,0.9,0.2 76.211
0.9,0.9,0.25 0.0768195
0.9,0.95,0.1 0.626881
0.9,0.95,0.15 3.50958
0.9,0.95,0.2 1.22066
0.9,0.95,0.25 0.00123041
0.95,0.05,0 1.15116e-13
0.95,0.05,0.05 0.00678165
0.95,0.05,0.1 0.0271057
0.95,0.05,0.15 0.0067712
0.95,0.1,0 1.35728e-12
0.95,0.1,0.05 0.079959
0.95,0.1,0.1 0.319589
0.95,0.1,0.15 0.0798357
0.95,0.15,0 8.84793e-13
0.95,0.15,0.05 0.0521244
0.95,0.15,0.1 0.208337
0.95,0.15,0.15 0.052044
0.95,0.2,0 1.51623e-14
0.95,0.2,0.05 0.000893231
0.95,0.2,0.1 0.00357017
0.95,0.2,0.15 0.000891854
0.95,0.35,0 1.97724e-13
0.95,0.35,0.05 0.0314273
0.95,0.35,0.1 0.125639
0.95,0.35,0.15 0.0313925
0.95,0.4,0 5.44647e-12
0.95,0.4,0.05 0.886416
0.95,0.4,0.1 3.54372
0.95,0.4,0.15 0.885444
0.95,0.45,0 2.96666e-11
0.95,0.45,0.05 6.26655
0.95,0.45,0.1 25.0536
0.95,0.45,0.15 6.26025
0.95,0.5,0 4.08344e-11
0.95,0.5,0.05 9.0906
0.95,0.5,0.1 36.3444
0.95,0.5,0.15 9.0816
0.95,0.55,0 3.87302e-12
0.95,0.55,0.05 0.863833
0.95,0.55,0.1 3.45362
0.95,0.55,0.15 0.862979
0.95,0.6,0 1.48447e-15
0.95,0.6,0.05 0.0104151
0.95,0.6,0.1 0.041654
0.95,0.6,0.15 0.0104119
0.95,0.65,0 3.7401e-13
0.95,0.65,0.05 2.62407
0.95,0.65,0.1 10.4946
0.95,0.65,0.15 2.62325
0.95,0.7,0 8.6566e-13
0.95,0.7,0.05 6.07352
0.95,0.7,0.1 24.2903
0.95,0.7,0.15 6.07161
0.95,0.75,0 1.75853e-12
0.95,0.75,0.05 1.04604
0.95,0.75,0.1 4.18317
0.95,0.75,0.15 1.04554
0.95,0.8,0 4.51572e-11
0.95,0.8,0.05 5.22184
0.95,0.8,0.1 21.7508
0.95,0.8,0.15 10.1211
0.95,0.8,0.2 1.70622
0.95,0.8,0.25 0.00171985
0.95,0.85,0 4.97777e-11
0.95,0.85,0.05 5.75614
0.95,0.85,0.1 32.9971
0.95,0.85,0.15 61.6592
0.95,0.85,0.2 19.446
0.95,0.85,0.25 0.0196013
0.95,0.9,0 2.56326e-12
0.95,0.9,0.05 0.296408
0.95,0.9,0.1 7.53434
0.95,0.9,0.15 35.8432
0.95,0.9,0.2 12.3636
0.95,0.9,0.25 0.0124623
0.95,0.95,0.1 0.101698
0.95,0.95,0.15 0.569354
0.95,0.95,0.2 0.198026
0.95,0.95,0.25 0.000199607
