0.15,0.15,0.25 2.26225e-06
0.15,0.15,0.3 4.17195e-05
0.15,0.15,0.35 3.66862e-05
0.15,0.15,0.4 1.25036e-06
0.15,0.2,0.25 0.000126919
0.15,0.2,0.3 0.00234059
0.15,0.2,0.35 0.0020582
0.15,0.2,0.4 7.0149e-05
0.15,0.25,0.25 0.0013028
0.15,0.25,0.3 0.0170972
0.15,0.25,0.35 0.012175
0.15,0.25,0.4 0.000271949
0.15,0.3,0.25 0.00633047
0.15,0.3,0.3 0.0773638
0.15,0.3,0.35 0.0517776
0.15,0.3,0.4 0.000951915
0.15,0.35,0.25 0.516705
0.15,0.35,0.3 5.65243
0.15,0.35,0.35 3.48537
0.15,0.35,0.4 0.0512586
0.15,0.4,0.25 3.52183
0.15,0.4,0.3 38.5073
0.15,0.4,0.35 23.7345
0.15,0.4,0.4 0.348614
0.15,0.4,0.45 4.63865e-07
0.15,0.45,0.2 0.0132594
0.15,0.45,0.25 1.58278
0.15,0.45,0.3 16.1822
0.15,0.45,0.35 9.95234
0.15,0.45,0.4 0.17146
0.15,0.45,0.45 0.00426758
0.15,0.5,0.2 0.323203
0.15,0.5,0.25 2.67113
0.15,0.5,0.3 2.39941
0.15,0.5,0.35 1.20678
0.15,0.5,0.4 0.142277
0.15,0.5,0.45 0.0146938
0.15,0.55,0.2 0.333672
0.15,0.55,0.25 2.82181
0.15,0.55,0.3 4.19217
0.15,0.55,0.35 3.06074
0.15,0.55,0.4 0.165227
0.15,0.55,0.45 0.0031601
0.15,0.6,0.2 0.0153538
0.15,0.6,0.25 0.143387
0.15,0.6,0.3 0.538987
0.15,0.6,0.35 0.506994
0.15,0.6,0.4 0.0243633
0.15,0.6,0.45 3.96342e-10
0.2,0.15,0.25 0.0485656
0.2,0.15,0.3 0.895627
0.2,0.15,0.35 0.789382
0.2,0.15,0.4 0.179574
0.2,0.15,0.45 0.266313
0.2,0.15,0.5 0.0267525
0.2,0.2,0.15 5.33281e-06
0.2,0.2,0.2 0.192017
0.2,0.2,0.25 3.42413
0.2,0.2,0.3 50.4066
0.2,0.2,0.35 44.2043
0.2,0.2,0.4 3.12169
0.2,0.2,0.45 2.8175
0.2,0.2,0.5 0.283077
0.2,0.25,0.15 8.65002e-05
0.2,0.25,0.2 3.30765
0.2,0.25,0.25 19.6879
0.2,0.25,0.3 100.475
0.2,0.25,0.35 80.2851
0.2,0.25,0.4 3.58281
0.2,0.25,0.45 2.029
0.2,0.25,0.5 0.251557
0.2,0.3,0.15 0.000152223
0.2,0.3,0.2 3.95627
0.2,0.3,0.25 37.9706
0.2,0.3,0.3 136.316
0.2,0.3,0.35 82.3082
0.2,0.3,0.4 1.86554
0.2,0.3,0.45 0.997414
0.2,0.3,0.5 0.238772
0.2,0.35,0.15 0.123545
0.2,0.35,0.2 2.35794
0.2,0.35,0.25 17.5976
0.2,0.35,0.3 93.6717
0.2,0.35,0.35 56.1745
0.2,0.35,0.4 0.969362
0.2,0.35,0.45 0.175804
0.2,0.35,0.5 0.0426658
0.2,0.4,0.15 0.44444
0.2,0.4,0.2 5.70517
0.2,0.4,0.25 33.863
0.2,0.4,0.3 325.665
0.2,0.4,0.35 200.34
0.2,0.4,0.4 2.94691
0.2,0.4,0.45 0.000755751
0.2,0.45,0.15 0.814513
0.2,0.45,0.2 9.41298
0.2,0.45,0.25 30.3469
0.2,0.45,0.3 192.158
0.2,0.45,0.35 137.156
0.2,0.45,0.4 49.6262
0.2,0.45,0.45 6.70353
0.2,0.45,0.5 0.000163743
0.2,0.5,0.15 0.437887
0.2,0.5,0.2 23.4407
0.2,0.5,0.25 167.802
0.2,0.5,0.3 198.873
0.2,0.5,0.35 224.856
0.2,0.5,0.4 199.464
0.2,0.5,0.45 24.7423
0.2,0.5,0.5 0.295819
0.2,0.5,0.55 0.000303838
0.2,0.55,0.15 0.00560187
0.2,0.55,0.2 19.5849
0.2,0.55,0.25 174.726
0.2,0.55,0.3 269.928
0.2,0.55,0.35 223.291
0.2,0.55,0.4 64.7466
0.2,0.55,0.45 11.7663
0.2,0.55,0.5 2.19933
0.2,0.55,0.55 0.00285891
0.2,0.6,0.2 0.899832
0.2,0.6,0.25 10.0898
0.2,0.6,0.3 35.3109
0.2,0.6,0.35 29.3611
0.2,0.6,0.4 2.01116
0.2,0.6,0.45 3.11956
0.2,0.6,0.5 1.11859
0.2,0.6,0.55 0.00156813
0.2,0.65,0.25 0.000101305
0.2,0.65,0.3 0.00356095
0.2,0.65,0.35 0.00477983
0.2,0.65,0.4 0.00645939
0.2,0.65,0.45 0.0306761
0.2,0.65,0.5 0.0111172
0.2,0.65,0.55 1.612e-05
0.2,0.7,0.25 0.000774435
0.2,0.7,0.3 0.0272206
0.2,0.7,0.35 0.0355978
0.2,0.7,0.4 0.0071376
0.2,0.7,0.45 0.00085971
0.2,0.75,0.25 0.000357433
0.2,0.75,0.3 0.012563
0.2,0.75,0.35 0.0161614
0.2,0.75,0.4 0.00255438
0.2,0.75,0.45 0.000270411
0.2,0.8,0.25 1.91956e-06
0.2,0.8,0.3 6.74646e-05
0.2,0.8,0.35 8.39186e-05
0.2,0.8,0.4 5.79512e-06
0.2,0.8,0.45 9.89419e-08
0.25,0.1,0.2 0.0111887
0.25,0.1,0.25 0.969989
0.25,0.1,0.3 1.74051
0.25,0.1,0.35 3.11749
0.25,0.1,0.4 5.16559
0.25,0.1,0.45 0.523037
0.25,0.15,0.2 0.138748
0.25,0.15,0.25 12.2024
0.25,0.15,0.3 24.5029
0.25,0.15,0.35 16.9902
0.25,0.15,0.4 30.7145
0.25,0.15,0.45 19.0781
0.25,0.15,0.5 1.70401
0.25,0.2,0.15 0.000113696
0.25,0.2,0.2 4.18763
0.25,0.2,0.25 32.8321
0.25,0.2,0.3 198.493
0.25,0.2,0.35 164.823
0.25,0.2,0.4 113.672
0.25,0.2,0.45 180.038
0.25,0.2,0.5 18.0397
0.25,0.25,0.15 0.00184419
0.25,0.25,0.2 69.1344
0.25,0.25,0.25 298.256
0.25,0.25,0.3 421.65
0.25,0.25,0.35 315.332
0.25,0.25,0.4 108.647
0.25,0.25,0.45 179.922
0.25,0.25,0.5 27.0921
0.25,0.25,0.55 1.7585
0.25,0.25,0.6 0.314933
0.25,0.3,0.1 8.24166e-06
0.25,0.3,0.15 0.00520659
0.25,0.3,0.2 74.1221
0.25,0.3,0.25 495.103
0.25,0.3,0.3 627.616
0.25,0.3,0.35 387.519
0.25,0.3,0.4 143.495
0.25,0.3,0.45 236.235
0.25,0.3,0.5 56.7046
0.25,0.3,0.55 10.7914
0.25,0.3,0.6 1.60378
0.25,0.35,0.1 0.00554029
0.25,0.35,0.15 5.27763
0.25,0.35,0.2 80.2017
0.25,0.35,0.25 188.157
0.25,0.35,0.3 240.16
0.25,0.35,0.35 133.271
0.25,0.35,0.4 35.9111
0.25,0.35,0.45 56.8114
0.25,0.35,0.5 40.248
0.25,0.35,0.55 11.7507
0.25,0.35,0.6 0.510398
0.25,0.4,0.1 0.0151488
0.25,0.4,0.15 17.9683
0.25,0.4,0.2 234.218
0.25,0.4,0.25 185.835
0.25,0.4,0.3 182.001
0.25,0.4,0.35 108.4
0.25,0.4,0.4 2.13553
0.25,0.4,0.45 2.20049
0.25,0.4,0.5 9.18442
0.25,0.4,0.55 2.69651
0.25,0.4,0.6 0.000613571
0.25,0.45,0.1 0.00257027
0.25,0.45,0.15 26.4378
0.25,0.45,0.2 285.147
0.25,0.45,0.25 249.804
0.25,0.45,0.3 445.595
0.25,0.45,0.35 413.957
0.25,0.45,0.4 212.302
0.25,0.45,0.45 59.7789
0.25,0.45,0.5 10.7486
0.25,0.45,0.55 0.178251
0.25,0.45,0.6 0.00369837
0.25,0.5,0.1 0.0432177
0.25,0.5,0.15 42.7961
0.25,0.5,0.2 273.108
0.25,0.5,0.25 434.957
0.25,0.5,0.3 724.846
0.25,0.5,0.35 966.757
0.25,0.5,0.4 780.007
0.25,0.5,0.45 245.199
0.25,0.5,0.5 50.749
0.25,0.5,0.55 3.36537
0.25,0.5,0.6 0.790693
0.25,0.5,0.65 0.00294948
0.25,0.55,0.1 0.157132
0.25,0.55,0.15 46.4938
0.25,0.55,0.2 161.118
0.25,0.55,0.25 399.517
0.25,0.55,0.3 733.092
0.25,0.55,0.35 522.457
0.25,0.55,0.4 297.932
0.25,0.55,0.45 427.846
0.25,0.55,0.5 131.907
0.25,0.55,0.55 10.6877
0.25,0.55,0.6 4.19659
0.25,0.55,0.65 0.0162208
0.25,0.6,0.1 0.186482
0.25,0.6,0.15 8.21752
0.25,0.6,0.2 19.1273
0.25,0.6,0.25 36.8334
0.25,0.6,0.3 111.202
0.25,0.6,0.35 60.2891
0.25,0.6,0.4 31.2343
0.25,0.6,0.45 152.009
0.25,0.6,0.5 52.5782
0.25,0.6,0.55 3.39905
0.25,0.6,0.6 1.43004
0.25,0.6,0.65 0.0055467
0.25,0.65,0.1 0.137788
0.25,0.65,0.15 0.587442
0.25,0.65,0.2 3.37728
0.25,0.65,0.25 6.76378
0.25,0.65,0.3 15.309
0.25,0.65,0.35 29.5597
0.25,0.65,0.4 24.7042
0.25,0.65,0.45 5.30084
0.25,0.65,0.5 0.642015
0.25,0.65,0.55 0.00912973
0.25,0.65,0.6 0.00124548
0.25,0.65,0.65 4.83116e-06
0.25,0.7,0.1 0.00483459
0.25,0.7,0.15 0.0826398
0.25,0.7,0.2 8.25032
0.25,0.7,0.25 18.5941
0.25,0.7,0.3 80.9093
0.25,0.7,0.35 140.219
0.25,0.7,0.4 119.409
0.25,0.7,0.45 21.687
0.25,0.7,0.5 2.04798
0.25,0.7,0.55 0.0635698
0.25,0.75,0.15 0.00987899
0.25,0.75,0.2 1.29512
0.25,0.75,0.25 3.5946
0.25,0.75,0.3 36.3062
0.25,0.75,0.35 57.5238
0.25,0.75,0.4 38.3191
0.25,0.75,0.45 7.60691
0.25,0.75,0.5 1.30461
0.25,0.75,0.55 0.0404961
0.25,0.8,0.25 0.00549796
0.25,0.8,0.3 0.193236
0.25,0.8,0.35 0.24446
0.25,0.8,0.4 0.0293673
0.25,0.8,0.45 0.0272285
0.25,0.8,0.5 0.0210076
0.25,0.8,0.55 0.000652096
0.3,0.1,0.2 0.141218
0.3,0.1,0.25 12.2427
0.3,0.1,0.3 22.0334
0.3,0.1,0.35 44.9872
0.3,0.1,0.4 75.0926
0.3,0.1,0.45 7.60343
0.3,0.15,0.1 0.0148303
0.3,0.15,0.15 2.85796
0.3,0.15,0.2 7.99262
0.3,0.15,0.25 152.686
0.3,0.15,0.3 269.986
0.3,0.15,0.35 201.522
0.3,0.15,0.4 321.085
0.3,0.15,0.45 59.5588
0.3,0.15,0.5 2.79102
0.3,0.2,0.05 1.76394e-05
0.3,0.2,0.1 0.115545
0.3,0.2,0.15 20.9018
0.3,0.2,0.2 50.6768
0.3,0.2,0.25 127.482
0.3,0.2,0.3 285.884
0.3,0.2,0.35 169.777
0.3,0.2,0.4 284.825
0.3,0.2,0.45 332.152
0.3,0.2,0.5 30.4701
0.3,0.2,0.55 4.17702e-06
0.3,0.2,0.6 1.1514e-08
0.3,0.25,0.05 0.0107943
0.3,0.25,0.1 4.19992
0.3,0.25,0.15 26.8145
0.3,0.25,0.2 102.948
0.3,0.25,0.25 275.943
0.3,0.25,0.3 334.411
0.3,0.25,0.35 397.739
0.3,0.25,0.4 381.607
0.3,0.25,0.45 420.985
0.3,0.25,0.5 74.0653
0.3,0.25,0.55 53.1684
0.3,0.25,0.6 9.52025
0.3,0.3,0.05 0.0291246
0.3,0.3,0.1 11.1199
0.3,0.3,0.15 32.2499
0.3,0.3,0.2 82.3287
0.3,0.3,0.25 399.54
0.3,0.3,0.3 453.819
0.3,0.3,0.35 761.439
0.3,0.3,0.4 759.089
0.3,0.3,0.45 775.193
0.3,0.3,0.5 285.077
0.3,0.3,0.55 292.317
0.3,0.3,0.6 48.4762
0.3,0.35,0.05 0.00487041
0.3,0.35,0.1 5.72555
0.3,0.35,0.15 58.675
0.3,0.35,0.2 197.583
0.3,0.35,0.25 255.134
0.3,0.35,0.3 180.047
0.3,0.35,0.35 249.531
0.3,0.35,0.4 179.673
0.3,0.35,0.45 261.19
0.3,0.35,0.5 409.411
0.3,0.35,0.55 190.816
0.3,0.35,0.6 15.4064
0.3,0.4,0 3.3355e-08
0.3,0.4,0.05 0.0907676
0.3,0.4,0.1 11.074
0.3,0.4,0.15 153.052
0.3,0.4,0.2 507.344
0.3,0.4,0.25 404.668
0.3,0.4,0.3 35.2144
0.3,0.4,0.35 9.83474
0.3,0.4,0.4 2.36858
0.3,0.4,0.45 25.3551
0.3,0.4,0.5 109.361
0.3,0.4,0.55 33.2529
0.3,0.4,0.6 0.0650355
0.3,0.45,0 1.22154e-06
0.3,0.45,0.05 3.32353
0.3,0.45,0.1 16.4257
0.3,0.45,0.15 100.161
0.3,0.45,0.2 563.08
0.3,0.45,0.25 584.092
0.3,0.45,0.3 406.318
0.3,0.45,0.35 349.721
0.3,0.45,0.4 220.294
0.3,0.45,0.45 261.77
0.3,0.45,0.5 88.9601
0.3,0.45,0.55 18.6789
0.3,0.45,0.6 0.433955
0.3,0.5,0 1.54468e-06
0.3,0.5,0.05 4.20271
0.3,0.5,0.1 17.7849
0.3,0.5,0.15 180.368
0.3,0.5,0.2 708.278
0.3,0.5,0.25 460.269
0.3,0.5,0.3 627.617
0.3,0.5,0.35 644.703
0.3,0.5,0.4 562.362
0.3,0.5,0.45 771.603
0.3,0.5,0.5 498.872
0.3,0.5,0.55 198.322
0.3,0.5,0.6 24.0246
0.3,0.5,0.65 0.0811862
0.3,0.55,0 9.91006e-08
0.3,0.55,0.05 0.269631
0.3,0.55,0.1 3.55858
0.3,0.55,0.15 230.065
0.3,0.55,0.2 618.777
0.3,0.55,0.25 290.583
0.3,0.55,0.3 387.232
0.3,0.55,0.35 216.873
0.3,0.55,0.4 282.948
0.3,0.55,0.45 813.441
0.3,0.55,0.5 451.108
0.3,0.55,0.55 346.121
0.3,0.55,0.6 116.62
0.3,0.55,0.65 0.446488
0.3,0.6,0.05 1.73575e-07
0.3,0.6,0.1 33.0098
0.3,0.6,0.15 171.864
0.3,0.6,0.2 121.905
0.3,0.6,0.25 34.5927
0.3,0.6,0.3 226.812
0.3,0.6,0.35 311.665
0.3,0.6,0.4 103.639
0.3,0.6,0.45 243.229
0.3,0.6,0.5 91.5155
0.3,0.6,0.55 92.4329
0.3,0.6,0.6 39.3718
0.3,0.6,0.65 0.152676
0.3,0.65,0.1 29.4761
0.3,0.65,0.15 121.256
0.3,0.65,0.2 89.3715
0.3,0.65,0.25 118.387
0.3,0.65,0.3 251.05
0.3,0.65,0.35 536.374
0.3,0.65,0.4 232.75
0.3,0.65,0.45 69.3187
0.3,0.65,0.5 12.5859
0.3,0.65,0.55 0.474676
0.3,0.65,0.6 0.0348343
0.3,0.65,0.65 0.000132981
0.3,0.7,0.1 1.34409
0.3,0.7,0.15 7.38867
0.3,0.7,0.2 148.093
0.3,0.7,0.25 297.114
0.3,0.7,0.3 338.647
0.3,0.7,0.35 632.578
0.3,0.7,0.4 554.943
0.3,0.7,0.45 272.966
0.3,0.7,0.5 130.182
0.3,0.7,0.55 4.02307
0.3,0.7,0.6 1.67574e-05
0.3,0.75,0.1 0.0358146
0.3,0.75,0.15 0.408103
0.3,0.75,0.2 22.9199
0.3,0.75,0.25 48.6047
0.3,0.75,0.3 128.349
0.3,0.75,0.35 207.823
0.3,0.75,0.4 149.726
0.3,0.75,0.45 123.13
0.3,0.75,0.5 82.5446
0.3,0.75,0.55 2.56093
0.3,0.8,0.25 0.0212643
0.3,0.8,0.3 1.37017
0.3,0.8,0.35 2.44631
0.3,0.8,0.4 0.409134
0.3,0.8,0.45 1.58977
0.3,0.8,0.5 1.3285
0.3,0.8,0.55 0.0412378
0.35,0.1,0.2 0.11492
0.35,0.1,0.25 8.71456
0.35,0.1,0.3 15.9
0.35,0.1,0.35 36.1999
0.35,0.1,0.4 57.4217
0.35,0.1,0.45 5.95574
0.35,0.1,0.5 1.01346
0.35,0.1,0.55 0.299273
0.35,0.1,0.6 4.3954e-05
0.35,0.15,0.1 0.118596
0.35,0.15,0.15 22.8548
0.35,0.15,0.2 52.4828
0.35,0.15,0.25 135.508
0.35,0.15,0.3 213.981
0.35,0.15,0.35 185.172
0.35,0.15,0.4 256.069
0.35,0.15,0.45 43.6791
0.35,0.15,0.5 32.7574
0.35,0.15,0.55 9.45102
0.35,0.15,0.6 0.00138806
0.35,0.2,0.05 0.000600289
0.35,0.2,0.1 1.02581
0.35,0.2,0.15 174.526
0.35,0.2,0.2 383.554
0.35,0.2,0.25 175.709
0.35,0.2,0.3 339.696
0.35,0.2,0.35 457.616
0.35,0.2,0.4 452.199
0.35,0.2,0.45 270.172
0.35,0.2,0.5 50.9111
0.35,0.2,0.55 11.1528
0.35,0.2,0.6 0.00165561
0.35,0.25,0.05 0.14002
0.35,0.25,0.1 51.5536
0.35,0.25,0.15 325.747
0.35,0.25,0.2 454.636
0.35,0.25,0.25 127.031
0.35,0.25,0.3 389.544
0.35,0.25,0.35 624.914
0.35,0.25,0.4 517.144
0.35,0.25,0.45 303.404
0.35,0.25,0.5 85.7734
0.35,0.25,0.55 78.7523
0.35,0.25,0.6 11.0344
0.35,0.3,0.05 0.362578
0.35,0.3,0.1 135.28
0.35,0.3,0.15 409.396
0.35,0.3,0.2 221.154
0.35,0.3,0.25 85.6051
0.35,0.3,0.3 286.094
0.35,0.3,0.35 616.053
0.35,0.3,0.4 522.835
0.35,0.3,0.45 276.318
0.35,0.3,0.5 315.933
0.35,0.3,0.55 379.193
0.35,0.3,0.6 56.0955
0.35,0.35,0.05 0.223575
0.35,0.35,0.1 55.886
0.35,0.35,0.15 235.035
0.35,0.35,0.2 315.239
0.35,0.35,0.25 353.722
0.35,0.35,0.3 276.8
0.35,0.35,0.35 475.503
0.35,0.35,0.4 218.543
0.35,0.35,0.45 126.969
0.35,0.35,0.5 301.957
0.35,0.35,0.55 181.974
0.35,0.35,0.6 17.9521
0.35,0.4,0 5.36103e-07
0.35,0.4,0.05 1.84034
0.35,0.4,0.1 97.9187
0.35,0.4,0.15 517.382
0.35,0.4,0.2 636.58
0.35,0.4,0.25 432.568
0.35,0.4,0.3 78.153
0.35,0.4,0.35 60.8764
0.35,0.4,0.4 21.8106
0.35,0.4,0.45 38.862
0.35,0.4,0.5 193.558
0.35,0.4,0.55 127.121
0.35,0.4,0.6 3.83177
0.35,0.45,0 1.96334e-05
0.35,0.45,0.05 53.5155
0.35,0.45,0.1 262.126
0.35,0.45,0.15 460.575
0.35,0.45,0.2 502.294
0.35,0.45,0.25 359.725
0.35,0.45,0.3 321.062
0.35,0.45,0.35 143.161
0.35,0.45,0.4 379.575
0.35,0.45,0.45 417.676
0.35,0.45,0.5 247.237
0.35,0.45,0.55 146.094
0.35,0.45,0.6 4.71566
0.35,0.5,0 2.48271e-05
0.35,0.5,0.05 67.6783
0.35,0.5,0.1 301.429
0.35,0.5,0.15 343.251
0.35,0.5,0.2 393.357
0.35,0.5,0.25 417.141
0.35,0.5,0.3 463.175
0.35,0.5,0.35 225.648
0.35,0.5,0.4 799.625
0.35,0.5,0.45 793.549
0.35,0.5,0.5 688.732
0.35,0.5,0.55 334.243
0.35,0.5,0.6 28.9501
0.35,0.5,0.65 0.0893769
0.35,0.55,0 1.59281e-06
0.35,0.55,0.05 5.07478
0.35,0.55,0.1 68.7527
0.35,0.55,0.15 232.917
0.35,0.55,0.2 388.77
0.35,0.55,0.25 384.78
0.35,0.55,0.3 283.192
0.35,0.55,0.35 208.35
0.35,0.55,0.4 597.506
0.35,0.55,0.45 422.392
0.35,0.55,0.5 433.52
0.35,0.55,0.55 452.894
0.35,0.55,0.6 129.889
0.35,0.55,0.65 0.491533
0.35,0.6,0.05 3.94988
0.35,0.6,0.1 113.511
0.35,0.6,0.15 406.037
0.35,0.6,0.2 254.178
0.35,0.6,0.25 81.0523
0.35,0.6,0.3 347.748
0.35,0.6,0.35 543.024
0.35,0.6,0.4 456.291
0.35,0.6,0.45 256.747
0.35,0.6,0.5 196.339
0.35,0.6,0.55 209.674
0.35,0.6,0.6 45.3202
0.35,0.6,0.65 0.168079
0.35,0.65,0.05 1.75371
0.35,0.65,0.1 96.2063
0.35,0.65,0.15 401.641
0.35,0.65,0.2 308.048
0.35,0.65,0.25 271.254
0.35,0.65,0.3 401.649
0.35,0.65,0.35 768.671
0.35,0.65,0.4 420.234
0.35,0.65,0.45 204.578
0.35,0.65,0.5 171.152
0.35,0.65,0.55 79.948
0.35,0.65,0.6 0.902331
0.35,0.65,0.65 0.000146397
0.35,0.7,0 1.90395e-12
0.35,0.7,0.05 0.00830497
0.35,0.7,0.1 30.8389
0.35,0.7,0.15 198.419
0.35,0.7,0.2 277.707
