0.7,0.9,0.45 0.189876
0.75,0.1,0.2 0.0025549
0.75,0.1,0.25 0.0191965
0.75,0.1,0.3 0.00872841
0.75,0.1,0.35 4.39112e-05
0.75,0.1,0.4 3.19331e-10
0.75,0.1,0.45 7.76463e-11
0.75,0.1,0.5 0.00442924
0.75,0.1,0.55 0.110238
0.75,0.1,0.6 0.115097
0.75,0.1,0.65 0.00540146
0.75,0.15,0.2 8.18578
0.75,0.15,0.25 61.5153
0.75,0.15,0.3 35.1558
0.75,0.15,0.35 26.3143
0.75,0.15,0.4 13.1151
0.75,0.15,0.45 4.75753
0.75,0.15,0.5 4.50658
0.75,0.15,0.55 102.588
0.75,0.15,0.6 132.527
0.75,0.15,0.65 92.4002
0.75,0.15,0.7 21.2253
0.75,0.15,0.75 0.0033461
0.75,0.15,0.8 1.1733e-05
0.75,0.2,0.1 0.0417478
0.75,0.2,0.15 10.1344
0.75,0.2,0.2 49.6468
0.75,0.2,0.25 218.839
0.75,0.2,0.3 268.057
0.75,0.2,0.35 359.605
0.75,0.2,0.4 267.749
0.75,0.2,0.45 175.605
0.75,0.2,0.5 51.392
0.75,0.2,0.55 350.219
0.75,0.2,0.6 491.954
0.75,0.2,0.65 463.323
0.75,0.2,0.7 158.09
0.75,0.2,0.75 22.1553
0.75,0.2,0.8 0.0776838
0.75,0.25,0.1 0.583818
0.75,0.25,0.15 142.045
0.75,0.25,0.2 343.243
0.75,0.25,0.25 258.369
0.75,0.25,0.3 617.589
0.75,0.25,0.35 956.587
0.75,0.25,0.4 725.654
0.75,0.25,0.45 579.34
0.75,0.25,0.5 243.734
0.75,0.25,0.55 310.79
0.75,0.25,0.6 362.689
0.75,0.25,0.65 523.115
0.75,0.25,0.7 303.792
0.75,0.25,0.75 79.5823
0.75,0.25,0.8 0.484125
0.75,0.3,0.1 0.430972
0.75,0.3,0.15 112.385
0.75,0.3,0.2 320.223
0.75,0.3,0.25 479.573
0.75,0.3,0.3 529.438
0.75,0.3,0.35 547.411
0.75,0.3,0.4 592.671
0.75,0.3,0.45 750.864
0.75,0.3,0.5 313.156
0.75,0.3,0.55 296.411
0.75,0.3,0.6 274.821
0.75,0.3,0.65 400.784
0.75,0.3,0.7 269.563
0.75,0.3,0.75 177.811
0.75,0.3,0.8 16.4805
0.75,0.35,0.05 0.000394333
0.75,0.35,0.1 0.242581
0.75,0.35,0.15 123.153
0.75,0.35,0.2 444.239
0.75,0.35,0.25 565.349
0.75,0.35,0.3 683.584
0.75,0.35,0.35 311.35
0.75,0.35,0.4 429.032
0.75,0.35,0.45 392.333
0.75,0.35,0.5 134.028
0.75,0.35,0.55 271.795
0.75,0.35,0.6 387.297
0.75,0.35,0.65 401.697
0.75,0.35,0.7 347.916
0.75,0.35,0.75 346.923
0.75,0.35,0.8 38.0898
0.75,0.4,0.05 0.0108091
0.75,0.4,0.1 4.24196
0.75,0.4,0.15 151.267
0.75,0.4,0.2 446.521
0.75,0.4,0.25 305.279
0.75,0.4,0.3 530.649
0.75,0.4,0.35 603.442
0.75,0.4,0.4 843.085
0.75,0.4,0.45 426.587
0.75,0.4,0.5 141.009
0.75,0.4,0.55 219.307
0.75,0.4,0.6 305.159
0.75,0.4,0.65 315.517
0.75,0.4,0.7 248.588
0.75,0.4,0.75 243.835
0.75,0.4,0.8 17.2845
0.75,0.45,0.05 0.0478733
0.75,0.45,0.1 34.8664
0.75,0.45,0.15 299.684
0.75,0.45,0.2 360.389
0.75,0.45,0.25 291.182
0.75,0.45,0.3 492.86
0.75,0.45,0.35 631.519
0.75,0.45,0.4 456.576
0.75,0.45,0.45 237.031
0.75,0.45,0.5 225.57
0.75,0.45,0.55 140.165
0.75,0.45,0.6 307.428
0.75,0.45,0.65 415.28
0.75,0.45,0.7 275.946
0.75,0.45,0.75 105.978
0.75,0.45,0.8 3.30813
0.75,0.5,0.05 2.68361
0.75,0.5,0.1 108.639
0.75,0.5,0.15 512.802
0.75,0.5,0.2 559.115
0.75,0.5,0.25 577.768
0.75,0.5,0.3 471.065
0.75,0.5,0.35 754.977
0.75,0.5,0.4 597.842
0.75,0.5,0.45 425.854
0.75,0.5,0.5 527.708
0.75,0.5,0.55 464.846
0.75,0.5,0.6 707.792
0.75,0.5,0.65 421.347
0.75,0.5,0.7 661.735
0.75,0.5,0.75 305.796
0.75,0.5,0.8 6.51157
0.75,0.55,0.05 4.53575
0.75,0.55,0.1 100.221
0.75,0.55,0.15 259.482
0.75,0.55,0.2 342.717
0.75,0.55,0.25 532.824
0.75,0.55,0.3 475.455
0.75,0.55,0.35 696.483
0.75,0.55,0.4 408.566
0.75,0.55,0.45 428.485
0.75,0.55,0.5 284.775
0.75,0.55,0.55 675.06
0.75,0.55,0.6 720.835
0.75,0.55,0.65 288.336
0.75,0.55,0.7 512.004
0.75,0.55,0.75 386.002
0.75,0.55,0.8 29.5934
0.75,0.6,0.05 2.61358
0.75,0.6,0.1 44.0325
0.75,0.6,0.15 230.373
0.75,0.6,0.2 203.674
0.75,0.6,0.25 410.686
0.75,0.6,0.3 846.785
0.75,0.6,0.35 696.664
0.75,0.6,0.4 200.142
0.75,0.6,0.45 222.414
0.75,0.6,0.5 244.217
0.75,0.6,0.55 516.799
0.75,0.6,0.6 519.394
0.75,0.6,0.65 298.377
0.75,0.6,0.7 170.781
0.75,0.6,0.75 140.186
0.75,0.6,0.8 15.8579
0.75,0.65,0.05 3.37418
0.75,0.65,0.1 35.8957
0.75,0.65,0.15 40.2716
0.75,0.65,0.2 18.4895
0.75,0.65,0.25 183.611
0.75,0.65,0.3 704.788
0.75,0.65,0.35 699.547
0.75,0.65,0.4 211.54
0.75,0.65,0.45 232.134
0.75,0.65,0.5 292.578
0.75,0.65,0.55 326.872
0.75,0.65,0.6 283.034
0.75,0.65,0.65 301.275
0.75,0.65,0.7 236.844
0.75,0.65,0.75 108.954
0.75,0.65,0.8 1.44188
0.75,0.7,0.05 0.289009
0.75,0.7,0.1 2.96393
0.75,0.7,0.15 1.73964
0.75,0.7,0.2 0.0927767
0.75,0.7,0.25 8.40339
0.75,0.7,0.3 75.6041
0.75,0.7,0.35 269.459
0.75,0.7,0.4 282.881
0.75,0.7,0.45 570.581
0.75,0.7,0.5 333.535
0.75,0.7,0.55 230.28
0.75,0.7,0.6 626.412
0.75,0.7,0.65 545.743
0.75,0.7,0.7 391.591
0.75,0.7,0.75 196.775
0.75,0.7,0.8 2.31708
0.75,0.75,0.2 13.2112
0.75,0.75,0.25 84.2208
0.75,0.75,0.3 62.7117
0.75,0.75,0.35 192.28
0.75,0.75,0.4 539.362
0.75,0.75,0.45 485.42
0.75,0.75,0.5 265.982
0.75,0.75,0.55 379.359
0.75,0.75,0.6 519.918
0.75,0.75,0.65 315.027
0.75,0.75,0.7 53.1185
0.75,0.75,0.75 21.1264
0.75,0.75,0.8 0.245724
0.75,0.8,0.2 59.9178
0.75,0.8,0.25 383.091
0.75,0.8,0.3 307.848
0.75,0.8,0.35 468.97
0.75,0.8,0.4 864.339
0.75,0.8,0.45 328.869
0.75,0.8,0.5 36.3018
0.75,0.8,0.55 56.1523
0.75,0.8,0.6 50.7778
0.75,0.8,0.65 23.9983
0.75,0.8,0.7 0.845874
0.75,0.85,0.2 16.9787
0.75,0.85,0.25 108.967
0.75,0.85,0.3 103.184
0.75,0.85,0.35 147.338
0.75,0.85,0.4 242.455
0.75,0.85,0.45 70.5652
0.75,0.85,0.5 0.4095
0.75,0.9,0.2 0.00111081
0.75,0.9,0.25 0.0102475
0.75,0.9,0.3 0.147937
0.75,0.9,0.35 0.636941
0.75,0.9,0.4 1.5125
0.75,0.9,0.45 0.324749
0.8,0.05,0.35 0.00693909
0.8,0.05,0.4 2.06215
0.8,0.05,0.45 4.93201
0.8,0.05,0.5 0.721858
0.8,0.1,0.2 2.90548e-05
0.8,0.1,0.25 0.000218306
0.8,0.1,0.3 9.9261e-05
0.8,0.1,0.35 0.0775788
0.8,0.1,0.4 23.0547
0.8,0.1,0.45 55.1395
0.8,0.1,0.5 8.0704
0.8,0.1,0.55 0.00225979
0.8,0.1,0.6 0.00235938
0.8,0.1,0.65 0.000110725
0.8,0.15,0.2 0.0930901
0.8,0.15,0.25 0.800165
0.8,0.15,0.3 0.932617
0.8,0.15,0.35 0.449398
0.8,0.15,0.4 16.1743
0.8,0.15,0.45 39.7526
0.8,0.15,0.5 8.54445
0.8,0.15,0.55 58.7145
0.8,0.15,0.6 71.7341
0.8,0.15,0.65 24.1111
0.8,0.15,0.7 4.49706
0.8,0.15,0.75 2.10474e-05
0.8,0.15,0.8 7.3802e-08
0.8,0.2,0.1 0.0118383
0.8,0.2,0.15 2.87379
0.8,0.2,0.2 6.90887
0.8,0.2,0.25 33.0163
0.8,0.2,0.3 141.377
0.8,0.2,0.35 73.5481
0.8,0.2,0.4 168.229
0.8,0.2,0.45 304.07
0.8,0.2,0.5 195.515
0.8,0.2,0.55 330.036
0.8,0.2,0.6 390.389
0.8,0.2,0.65 315.537
0.8,0.2,0.7 61.041
0.8,0.2,0.75 0.139431
0.8,0.2,0.8 0.00048864
0.8,0.25,0.1 0.165552
0.8,0.25,0.15 43.494
0.8,0.25,0.2 138.206
0.8,0.25,0.25 193.633
0.8,0.25,0.3 473.298
0.8,0.25,0.35 420.06
0.8,0.25,0.4 681.323
0.8,0.25,0.45 674.608
0.8,0.25,0.5 500.317
0.8,0.25,0.55 493.22
0.8,0.25,0.6 375.635
0.8,0.25,0.65 347.682
0.8,0.25,0.7 79.7392
0.8,0.25,0.75 15.0523
0.8,0.25,0.8 0.540689
0.8,0.3,0.1 0.12188
0.8,0.3,0.15 60.0741
0.8,0.3,0.2 411.654
0.8,0.3,0.25 601.965
0.8,0.3,0.3 538.644
0.8,0.3,0.35 463.992
0.8,0.3,0.4 753.279
0.8,0.3,0.45 590.092
0.8,0.3,0.5 493.74
0.8,0.3,0.55 631.315
0.8,0.3,0.6 776.31
0.8,0.3,0.65 459.886
0.8,0.3,0.7 287.328
0.8,0.3,0.75 229.626
0.8,0.3,0.8 8.62053
0.8,0.35,0.1 0.00815135
0.8,0.35,0.15 92.0779
0.8,0.35,0.2 499.069
0.8,0.35,0.25 835.543
0.8,0.35,0.3 915.789
0.8,0.35,0.35 556.875
0.8,0.35,0.4 472.579
0.8,0.35,0.45 544.429
0.8,0.35,0.5 411.035
0.8,0.35,0.55 714.724
0.8,0.35,0.6 741.263
0.8,0.35,0.65 588.956
0.8,0.35,0.7 365.829
0.8,0.35,0.75 278.399
0.8,0.35,0.8 12.8712
0.8,0.4,0.05 7.65392e-08
0.8,0.4,0.1 0.303311
0.8,0.4,0.15 77.8693
0.8,0.4,0.2 299.927
0.8,0.4,0.25 429.802
0.8,0.4,0.3 526.823
0.8,0.4,0.35 561.435
0.8,0.4,0.4 386.624
0.8,0.4,0.45 358.847
0.8,0.4,0.5 421.206
0.8,0.4,0.55 474.515
0.8,0.4,0.6 481.826
0.8,0.4,0.65 484.179
0.8,0.4,0.7 300.767
0.8,0.4,0.75 249.279
0.8,0.4,0.8 15.1188
0.8,0.4,0.85 1.28536
0.8,0.4,0.9 1.91454
0.8,0.4,0.95 0.155927
0.8,0.45,0.05 0.000156044
0.8,0.45,0.1 6.68215
0.8,0.45,0.15 254.656
0.8,0.45,0.2 438.183
0.8,0.45,0.25 221.266
0.8,0.45,0.3 376.369
0.8,0.45,0.35 359.657
0.8,0.45,0.4 459.035
0.8,0.45,0.45 491.118
0.8,0.45,0.5 398.311
0.8,0.45,0.55 372.387
0.8,0.45,0.6 353.811
0.8,0.45,0.65 651.445
0.8,0.45,0.7 331.562
0.8,0.45,0.75 121.347
0.8,0.45,0.8 4.23891
0.8,0.45,0.85 14.4021
0.8,0.45,0.9 21.452
0.8,0.45,0.95 1.74712
0.8,0.5,0.05 0.00117441
0.8,0.5,0.1 9.09372
0.8,0.5,0.15 219.548
0.8,0.5,0.2 540.718
0.8,0.5,0.25 632.851
0.8,0.5,0.3 311.145
0.8,0.5,0.35 327.014
0.8,0.5,0.4 535.573
0.8,0.5,0.45 533.01
0.8,0.5,0.5 464.022
0.8,0.5,0.55 590.401
0.8,0.5,0.6 589.298
0.8,0.5,0.65 271.656
0.8,0.5,0.7 372.74
0.8,0.5,0.75 234.876
0.8,0.5,0.8 8.42191
0.8,0.5,0.85 9.04148
0.8,0.5,0.9 13.4673
0.8,0.5,0.95 1.09682
0.8,0.55,0.05 0.312721
0.8,0.55,0.1 4.36807
0.8,0.55,0.15 40.5264
0.8,0.55,0.2 359.478
0.8,0.55,0.25 581.226
0.8,0.55,0.3 370.345
0.8,0.55,0.35 586.498
0.8,0.55,0.4 450.3
0.8,0.55,0.45 551.443
0.8,0.55,0.5 691.971
0.8,0.55,0.55 760.146
0.8,0.55,0.6 508.643
0.8,0.55,0.65 301.112
0.8,0.55,0.7 355.91
0.8,0.55,0.75 346.222
0.8,0.55,0.8 43.1816
0.8,0.55,0.85 0.139838
0.8,0.55,0.9 0.208288
0.8,0.55,0.95 0.0169636
0.8,0.6,0.05 18.5274
0.8,0.6,0.1 190.563
0.8,0.6,0.15 128.21
0.8,0.6,0.2 88.2874
0.8,0.6,0.25 306.04
0.8,0.6,0.3 722.539
0.8,0.6,0.35 647.013
0.8,0.6,0.4 384.781
0.8,0.6,0.45 456.994
0.8,0.6,0.5 574.867
0.8,0.6,0.55 664.506
0.8,0.6,0.6 493.045
0.8,0.6,0.65 539.385
0.8,0.6,0.7 388.051
0.8,0.6,0.75 175.65
0.8,0.6,0.8 23.7382
0.8,0.65,0.05 28.6286
0.8,0.65,0.1 294.08
0.8,0.65,0.15 174.669
0.8,0.65,0.2 10.1242
0.8,0.65,0.25 101.349
0.8,0.65,0.3 645.011
0.8,0.65,0.35 655.958
0.8,0.65,0.4 256.256
0.8,0.65,0.45 344.976
0.8,0.65,0.5 514.934
0.8,0.65,0.55 674.339
0.8,0.65,0.6 382.708
0.8,0.65,0.65 322.091
0.8,0.65,0.7 229.475
0.8,0.65,0.75 37.5735
0.8,0.65,0.8 0.659967
0.8,0.7,0.05 2.45598
0.8,0.7,0.1 26.1656
0.8,0.7,0.15 17.1242
0.8,0.7,0.2 0.627535
0.8,0.7,0.25 8.43221
0.8,0.7,0.3 86.5275
0.8,0.7,0.35 163.235
0.8,0.7,0.4 206.009
0.8,0.7,0.45 632.425
0.8,0.7,0.5 487.242
0.8,0.7,0.55 553.625
0.8,0.7,0.6 502.204
0.8,0.7,0.65 207.614
0.8,0.7,0.7 120.971
0.8,0.7,0.75 60.8807
0.8,0.7,0.8 0.733662
0.8,0.75,0.05 0.000558327
0.8,0.75,0.1 0.142326
0.8,0.75,0.15 0.330209
0.8,0.75,0.2 8.73494
0.8,0.75,0.25 76.1545
0.8,0.75,0.3 60.0988
0.8,0.75,0.35 242.73
0.8,0.75,0.4 431.152
0.8,0.75,0.45 480.771
0.8,0.75,0.5 198.436
0.8,0.75,0.55 162.249
0.8,0.75,0.6 325.985
0.8,0.75,0.65 181.558
0.8,0.75,0.7 19.2078
0.8,0.75,0.75 6.44379
0.8,0.75,0.8 0.0778042
0.8,0.8,0.2 40.6774
0.8,0.8,0.25 364.522
0.8,0.8,0.3 225.782
0.8,0.8,0.35 216.884
0.8,0.8,0.4 327.834
0.8,0.8,0.45 91.4033
0.8,0.8,0.5 8.63988
0.8,0.8,0.55 6.86648
0.8,0.8,0.6 15.5485
0.8,0.8,0.65 12.935
0.8,0.8,0.7 0.618899
0.8,0.85,0.2 11.9222
0.8,0.85,0.25 109.305
0.8,0.85,0.3 67.1803
0.8,0.85,0.35 17.6286
0.8,0.85,0.4 37.4206
0.8,0.85,0.45 11.0686
0.8,0.85,0.5 0.857305
0.8,0.85,0.55 3.19064
0.8,0.85,0.6 0.832567
0.8,0.85,0.65 2.32398e-06
0.8,0.9,0.2 0.00201004
0.8,0.9,0.25 0.025902
0.8,0.9,0.3 0.0231358
0.8,0.9,0.35 0.0489431
0.8,0.9,0.4 0.148696
0.8,0.9,0.45 0.0359237
0.8,0.9,0.5 0.182993
0.8,0.9,0.55 0.761203
0.8,0.9,0.6 0.198629
0.8,0.9,0.65 5.54442e-07
0.85,0.05,0.35 0.0425138
0.85,0.05,0.4 12.6342
0.85,0.05,0.45 30.217
0.85,0.05,0.5 4.42261
0.85,0.1,0.35 0.4753
0.85,0.1,0.4 141.249
0.85,0.1,0.45 337.823
0.85,0.1,0.5 49.4444
0.85,0.15,0.25 1.01331
0.85,0.15,0.3 5.7753
0.85,0.15,0.35 2.34173
0.85,0.15,0.4 88.703
0.85,0.15,0.45 212.355
0.85,0.15,0.5 31.6179
0.85,0.15,0.55 4.51744
0.85,0.15,0.6 7.17609
0.85,0.15,0.65 7.04059
0.85,0.15,0.7 1.31006
0.85,0.2,0.1 7.79596e-07
0.85,0.2,0.15 0.000189249
0.85,0.2,0.2 0.000521256
0.85,0.2,0.25 40.7714
0.85,0.2,0.3 229.466
0.85,0.2,0.35 87.329
0.85,0.2,0.4 104.515
0.85,0.2,0.45 131.891
0.85,0.2,0.5 117.717
0.85,0.2,0.55 82.2674
0.85,0.2,0.6 91.1742
0.85,0.2,0.65 162.498
0.85,0.2,0.7 31.1961
0.85,0.25,0.1 1.09022e-05
0.85,0.25,0.15 1.95759
0.85,0.25,0.2 32.4094
0.85,0.25,0.25 98.0845
0.85,0.25,0.3 335.482
0.85,0.25,0.35 186.57
0.85,0.25,0.4 385.732
0.85,0.25,0.45 371.672
0.85,0.25,0.5 300.676
0.85,0.25,0.55 294.949
0.85,0.25,0.6 187.896
0.85,0.25,0.65 183.625
0.85,0.25,0.7 35.8793
0.85,0.25,0.75 3.18052
0.85,0.25,0.8 0.117438
0.85,0.3,0.1 1.03953e-05
0.85,0.3,0.15 14.668
0.85,0.3,0.2 272.099
0.85,0.3,0.25 455.77
0.85,0.3,0.3 325.932
0.85,0.3,0.35 437.379
0.85,0.3,0.4 436.598
0.85,0.3,0.45 285.133
0.85,0.3,0.5 200.175
0.85,0.3,0.55 273.833
0.85,0.3,0.6 345.106
0.85,0.3,0.65 164.041
0.85,0.3,0.7 63.2105
0.85,0.3,0.75 49.7958
0.85,0.3,0.8 1.83895
0.85,0.35,0.1 2.8374e-05
0.85,0.35,0.15 16.7318
0.85,0.35,0.2 220.306
0.85,0.35,0.25 415.204
0.85,0.35,0.3 349.206
0.85,0.35,0.35 437.893
