0.45,0.1,0.25 101.308
0.45,0.1,0.3 203.981
0.45,0.1,0.35 94.5059
0.45,0.1,0.4 0.711699
0.45,0.15,0 3.44476e-11
0.45,0.15,0.05 127.811
0.45,0.15,0.1 605.906
0.45,0.15,0.15 288.547
0.45,0.15,0.2 319.183
0.45,0.15,0.25 295.082
0.45,0.15,0.3 372.416
0.45,0.15,0.35 155.537
0.45,0.15,0.4 1.15124
0.45,0.2,0 1.19787e-11
0.45,0.2,0.05 149.321
0.45,0.2,0.1 660.62
0.45,0.2,0.15 277.471
0.45,0.2,0.2 281.526
0.45,0.2,0.25 387.414
0.45,0.2,0.3 161.984
0.45,0.2,0.35 16.97
0.45,0.2,0.4 0.104875
0.45,0.25,0 1.69562e-11
0.45,0.25,0.05 115.712
0.45,0.25,0.1 468.126
0.45,0.25,0.15 206.763
0.45,0.25,0.2 255.314
0.45,0.25,0.25 346.553
0.45,0.25,0.3 112.157
0.45,0.25,0.35 0.392952
0.45,0.3,0 3.04088e-11
0.45,0.3,0.05 138.938
0.45,0.3,0.1 578.407
0.45,0.3,0.15 566.79
0.45,0.3,0.2 712.515
0.45,0.3,0.25 196.952
0.45,0.3,0.3 33.0668
0.45,0.3,0.35 4.68043
0.45,0.3,0.4 1.05645
0.45,0.3,0.45 0.0112404
0.45,0.35,0 1.37164e-10
0.45,0.35,0.05 143.749
0.45,0.35,0.1 588.037
0.45,0.35,0.15 432.654
0.45,0.35,0.2 559.643
0.45,0.35,0.25 399.959
0.45,0.35,0.3 449.04
0.45,0.35,0.35 176.399
0.45,0.35,0.4 18.25
0.45,0.35,0.45 0.146329
0.45,0.4,0 1.21903e-10
0.45,0.4,0.05 77.1224
0.45,0.4,0.1 319.939
0.45,0.4,0.15 270.83
0.45,0.4,0.2 332.869
0.45,0.4,0.25 310.808
0.45,0.4,0.3 743.903
0.45,0.4,0.35 477.278
0.45,0.4,0.4 41.9624
0.45,0.4,0.45 1.16877
0.45,0.45,0 1.2237e-10
0.45,0.45,0.05 73.9935
0.45,0.45,0.1 341.813
0.45,0.45,0.15 494.878
0.45,0.45,0.2 477.615
0.45,0.45,0.25 568.232
0.45,0.45,0.3 538.929
0.45,0.45,0.35 265.568
0.45,0.45,0.4 96.359
0.45,0.45,0.45 7.88735
0.45,0.5,0 8.36729e-10
0.45,0.5,0.05 109.51
0.45,0.5,0.1 482.285
0.45,0.5,0.15 391.143
0.45,0.5,0.2 696.953
0.45,0.5,0.25 585.676
0.45,0.5,0.3 687.202
0.45,0.5,0.35 863.826
0.45,0.5,0.4 395.734
0.45,0.5,0.45 39.3213
0.45,0.55,0 4.41203e-09
0.45,0.55,0.05 94.3836
0.45,0.55,0.1 449.206
0.45,0.55,0.15 350.994
0.45,0.55,0.2 551.903
0.45,0.55,0.25 219.895
0.45,0.55,0.3 388.987
0.45,0.55,0.35 714.756
0.45,0.55,0.4 260.494
0.45,0.55,0.45 23.0526
0.45,0.6,0 1.45626e-08
0.45,0.6,0.05 137.033
0.45,0.6,0.1 572.867
0.45,0.6,0.15 357.268
0.45,0.6,0.2 792.185
0.45,0.6,0.25 314.743
0.45,0.6,0.3 37.2783
0.45,0.6,0.35 46.0762
0.45,0.6,0.4 9.37884
0.45,0.6,0.45 0.379135
0.45,0.65,0 4.32448e-09
0.45,0.65,0.05 76.3907
0.45,0.65,0.1 364.432
0.45,0.65,0.15 191.431
0.45,0.65,0.2 287.762
0.45,0.65,0.25 107.156
0.45,0.65,0.3 24.1262
0.45,0.65,0.35 5.03446
0.45,0.65,0.4 1.84424
0.45,0.65,0.45 0.0792133
0.45,0.7,0 1.04913e-10
0.45,0.7,0.05 4.31741
0.45,0.7,0.1 35.6099
0.45,0.7,0.15 27.9395
0.45,0.7,0.2 18.43
0.45,0.7,0.25 28.0974
0.45,0.7,0.3 69.6971
0.45,0.7,0.35 14.6509
0.45,0.7,0.4 0.121048
0.45,0.7,0.45 0.00519913
0.45,0.75,0 2.42916e-07
0.45,0.75,0.05 25.0318
0.45,0.75,0.1 101.603
0.45,0.75,0.15 39.6411
0.45,0.75,0.2 8.15619
0.45,0.75,0.25 34.5194
0.45,0.75,0.3 109.488
0.45,0.75,0.35 23.2029
0.45,0.8,0 7.85732e-07
0.45,0.8,0.05 80.9672
0.45,0.8,0.1 322.058
0.45,0.8,0.15 81.7553
0.45,0.8,0.2 0.877058
0.45,0.8,0.25 3.11176
0.45,0.8,0.3 10.1188
0.45,0.8,0.35 2.14566
0.45,0.85,0 1.58594e-07
0.45,0.85,0.05 16.3439
0.45,0.85,0.1 64.9577
0.45,0.85,0.15 16.1356
0.45,0.9,0 1.66874e-12
0.45,0.9,0.05 0.000257712
0.45,0.9,0.1 0.00102509
0.45,0.9,0.15 0.00025484
0.5,0.05,0.15 2.59793e-08
0.5,0.05,0.2 3.40772e-05
0.5,0.05,0.25 0.181142
0.5,0.05,0.3 1.52963
0.5,0.05,0.35 0.768454
0.5,0.05,0.4 0.00580156
0.5,0.1,0 1.74396e-12
0.5,0.1,0.05 5.15112
0.5,0.1,0.1 20.6932
0.5,0.1,0.15 13.928
0.5,0.1,0.2 31.4022
0.5,0.1,0.25 52.2314
0.5,0.1,0.3 143.337
0.5,0.1,0.35 54.9674
0.5,0.1,0.4 0.391664
0.5,0.15,0 1.64193e-11
0.5,0.15,0.05 36.3802
0.5,0.15,0.1 147.17
0.5,0.15,0.15 164.829
0.5,0.15,0.2 508.974
0.5,0.15,0.25 603.155
0.5,0.15,0.3 631.427
0.5,0.15,0.35 119.162
0.5,0.15,0.4 0.633761
0.5,0.2,0 2.03711e-11
0.5,0.2,0.05 112.956
0.5,0.2,0.1 458.24
0.5,0.2,0.15 418.239
0.5,0.2,0.2 837.119
0.5,0.2,0.25 740.278
0.5,0.2,0.3 485.806
0.5,0.2,0.35 44.8032
0.5,0.2,0.4 0.158316
0.5,0.25,0 2.98645e-12
0.5,0.25,0.05 99.9386
0.5,0.25,0.1 407.657
0.5,0.25,0.15 350.212
0.5,0.25,0.2 511.131
0.5,0.25,0.25 482.628
0.5,0.25,0.3 192.7
0.5,0.25,0.35 18.1324
0.5,0.25,0.4 0.261927
0.5,0.3,0 4.32472e-11
0.5,0.3,0.05 155.907
0.5,0.3,0.1 662.368
0.5,0.3,0.15 769.054
0.5,0.3,0.2 646.058
0.5,0.3,0.25 235.872
0.5,0.3,0.3 74.9456
0.5,0.3,0.35 23.9341
0.5,0.3,0.4 11.7221
0.5,0.3,0.45 0.124283
0.5,0.35,0 2.76777e-10
0.5,0.35,0.05 181.803
0.5,0.35,0.1 749.385
0.5,0.35,0.15 571.424
0.5,0.35,0.2 514.564
0.5,0.35,0.25 94.0215
0.5,0.35,0.3 128.042
0.5,0.35,0.35 350.67
0.5,0.35,0.4 155.076
0.5,0.35,0.45 1.61794
0.5,0.4,0 6.15545e-10
0.5,0.4,0.05 96.74
0.5,0.4,0.1 389.573
0.5,0.4,0.15 275.729
0.5,0.4,0.2 390.009
0.5,0.4,0.25 231.333
0.5,0.4,0.3 540.609
0.5,0.4,0.35 587.794
0.5,0.4,0.4 120.822
0.5,0.4,0.45 1.13241
0.5,0.45,0 1.66333e-09
0.5,0.45,0.05 106.803
0.5,0.45,0.1 432.438
0.5,0.45,0.15 315.544
0.5,0.45,0.2 458.803
0.5,0.45,0.25 492.122
0.5,0.45,0.3 324.89
0.5,0.45,0.35 159.904
0.5,0.45,0.4 19.3972
0.5,0.45,0.45 1.44888
0.5,0.5,0 4.97947e-09
0.5,0.5,0.05 140.083
0.5,0.5,0.1 585.74
0.5,0.5,0.15 391.795
0.5,0.5,0.2 540.596
0.5,0.5,0.25 299.851
0.5,0.5,0.3 138.191
0.5,0.5,0.35 201.502
0.5,0.5,0.4 143.796
0.5,0.5,0.45 15.1341
0.5,0.55,0 4.82499e-09
0.5,0.55,0.05 145.904
0.5,0.55,0.1 704.519
0.5,0.55,0.15 708.741
0.5,0.55,0.2 866.847
0.5,0.55,0.25 124.339
0.5,0.55,0.3 100.795
0.5,0.55,0.35 220.279
0.5,0.55,0.4 100.207
0.5,0.55,0.45 9.12162
0.5,0.6,0 5.07654e-10
0.5,0.6,0.05 51.7468
0.5,0.6,0.1 367.87
0.5,0.6,0.15 425.061
0.5,0.6,0.2 523.533
0.5,0.6,0.25 88.4725
0.5,0.6,0.3 9.58667
0.5,0.6,0.35 16.0917
0.5,0.6,0.4 3.15309
0.5,0.6,0.45 0.12561
0.5,0.65,0 1.70765e-10
0.5,0.65,0.05 47.0167
0.5,0.65,0.1 418.151
0.5,0.65,0.15 329.157
0.5,0.65,0.2 212.75
0.5,0.65,0.25 34.8261
0.5,0.65,0.3 0.0836069
0.5,0.65,0.35 7.76208e-05
0.5,0.7,0 7.5524e-12
0.5,0.7,0.05 11.9157
0.5,0.7,0.1 136.223
0.5,0.7,0.15 332.223
0.5,0.7,0.2 264.006
0.5,0.7,0.25 25.1575
0.5,0.7,0.3 0.0195673
0.5,0.7,0.35 0.00301488
0.5,0.75,0 1.82802e-08
0.5,0.75,0.05 8.3488
0.5,0.75,0.1 76.1777
0.5,0.75,0.15 306.093
0.5,0.75,0.2 138.23
0.5,0.75,0.25 2.11137
0.5,0.75,0.3 0.0233873
0.5,0.75,0.35 0.00493238
0.5,0.8,0 1.78869e-07
0.5,0.8,0.05 31.891
0.5,0.8,0.1 132.083
0.5,0.8,0.15 66.4142
0.5,0.8,0.2 14.7846
0.5,0.8,0.25 0.0563464
0.5,0.8,0.3 0.00214898
0.5,0.8,0.35 0.000456117
0.5,0.85,0 1.65992e-07
0.5,0.85,0.05 25.4838
0.5,0.85,0.1 101.369
0.5,0.85,0.15 25.2017
0.5,0.9,0 8.96276e-09
0.5,0.9,0.05 1.38416
0.5,0.9,0.1 5.50572
0.5,0.9,0.15 1.36874
0.55,0.05,0.25 0.00188138
0.55,0.05,0.3 0.0158957
0.55,0.05,0.35 0.00798578
0.55,0.05,0.4 6.02898e-05
0.55,0.1,0 9.83e-13
0.55,0.1,0.05 0.097702
0.55,0.1,0.1 0.866137
0.55,0.1,0.15 21.0377
0.55,0.1,0.2 32.303
0.55,0.1,0.25 24.9701
0.55,0.1,0.3 29.1386
0.55,0.1,0.35 2.71367
0.55,0.1,0.4 0.00407017
0.55,0.15,0 2.69265e-10
0.55,0.15,0.05 29.5443
0.55,0.15,0.1 121.847
0.55,0.15,0.15 190.438
0.55,0.15,0.2 304.441
0.55,0.15,0.25 306.948
0.55,0.15,0.3 301.32
0.55,0.15,0.35 24.0471
0.55,0.15,0.4 0.00906879
0.55,0.2,0 6.35888e-10
0.55,0.2,0.05 101.273
0.55,0.2,0.1 415.274
0.55,0.2,0.15 454.282
0.55,0.2,0.2 640.08
0.55,0.2,0.25 374.43
0.55,0.2,0.3 380.661
0.55,0.2,0.35 93.5402
0.55,0.2,0.4 1.20168
0.55,0.25,0 9.37115e-11
0.55,0.25,0.05 60.875
0.55,0.25,0.1 260.534
0.55,0.25,0.15 500.023
0.55,0.25,0.2 740.095
0.55,0.25,0.25 788.306
0.55,0.25,0.3 571.448
0.55,0.25,0.35 199.847
0.55,0.25,0.4 3.1499
0.55,0.3,0 2.51052e-10
0.55,0.3,0.05 101.911
0.55,0.3,0.1 423.872
0.55,0.3,0.15 405.44
0.55,0.3,0.2 539.806
0.55,0.3,0.25 806.777
0.55,0.3,0.3 355.178
0.55,0.3,0.35 74.0545
0.55,0.3,0.4 7.88988
0.55,0.3,0.45 0.0772509
0.55,0.35,0 1.48822e-09
0.55,0.35,0.05 145.286
0.55,0.35,0.1 601.453
0.55,0.35,0.15 212.448
0.55,0.35,0.2 141.275
0.55,0.35,0.25 221.229
0.55,0.35,0.3 83.6311
0.55,0.35,0.35 186.663
0.55,0.35,0.4 94.7097
0.55,0.35,0.45 1.00567
0.55,0.4,0 1.0636e-09
0.55,0.4,0.05 77.7313
0.55,0.4,0.1 316.423
0.55,0.4,0.15 116.783
0.55,0.4,0.2 110.365
0.55,0.4,0.25 207.352
0.55,0.4,0.3 134.135
0.55,0.4,0.35 160.261
0.55,0.4,0.4 67.1791
0.55,0.4,0.45 0.703873
0.55,0.45,0 1.9456e-09
0.55,0.45,0.05 112.889
0.55,0.45,0.1 451.838
0.55,0.45,0.15 266.814
0.55,0.45,0.2 478.147
0.55,0.45,0.25 381.815
0.55,0.45,0.3 131.948
0.55,0.45,0.35 20.0606
0.55,0.45,0.4 1.82255
0.55,0.45,0.45 0.0180106
0.55,0.5,0 2.94912e-09
0.55,0.5,0.05 100.164
0.55,0.5,0.1 404.689
0.55,0.5,0.15 435.886
0.55,0.5,0.2 787.41
0.55,0.5,0.25 195.028
0.55,0.5,0.3 36.8449
0.55,0.5,0.35 0.927875
0.55,0.5,0.4 0.362866
0.55,0.5,0.45 0.0375593
0.55,0.55,0 1.91045e-09
0.55,0.55,0.05 57.5415
0.55,0.55,0.1 329.687
0.55,0.55,0.15 550.815
0.55,0.55,0.2 725.068
0.55,0.55,0.25 313.325
0.55,0.55,0.3 149.314
0.55,0.55,0.35 2.87506
0.55,0.55,0.4 0.263414
0.55,0.55,0.45 0.0226378
0.55,0.6,0 7.86628e-11
0.55,0.6,0.05 40.0304
0.55,0.6,0.1 337.497
0.55,0.6,0.15 407.058
0.55,0.6,0.2 358.497
0.55,0.6,0.25 126.745
0.55,0.6,0.3 53.4212
0.55,0.6,0.35 0.865109
0.55,0.6,0.4 0.00966349
0.55,0.6,0.45 0.000311736
0.55,0.65,0 3.47628e-12
0.55,0.65,0.05 42.1799
0.55,0.65,0.1 292.315
0.55,0.65,0.15 439.811
0.55,0.65,0.2 698.799
0.55,0.65,0.25 176.931
0.55,0.65,0.3 0.580289
0.55,0.65,0.35 0.00101502
0.55,0.7,0 4.42713e-12
0.55,0.7,0.05 32.8865
0.55,0.7,0.1 301.693
0.55,0.7,0.15 717.142
0.55,0.7,0.2 808.978
0.55,0.7,0.25 157.635
0.55,0.7,0.3 0.241536
0.55,0.75,0 1.43002e-08
0.55,0.75,0.05 72.101
0.55,0.75,0.1 433.023
0.55,0.75,0.15 539.59
0.55,0.75,0.2 173.031
0.55,0.75,0.25 7.53219
0.55,0.75,0.3 0.00609364
0.55,0.8,0 4.45858e-07
0.55,0.8,0.05 145.083
0.55,0.8,0.1 591.054
0.55,0.8,0.15 188.977
0.55,0.8,0.2 14.5176
0.55,0.8,0.25 0.0498528
0.55,0.85,0 5.23551e-07
0.55,0.85,0.05 89.3176
0.55,0.85,0.1 355.453
0.55,0.85,0.15 88.4116
0.55,0.9,0 2.99179e-08
0.55,0.9,0.05 5.75641
0.55,0.9,0.1 22.9211
0.55,0.9,0.15 5.70429
0.55,0.95,0 9.51499e-18
0.55,0.95,0.05 1.11451e-05
0.55,0.95,0.1 4.45676e-05
0.55,0.95,0.15 1.11387e-05
0.6,0.1,0 1.24547e-12
0.6,0.1,0.05 0.123754
0.6,0.1,0.1 1.52926
0.6,0.1,0.15 43.288
0.6,0.1,0.2 57.8873
0.6,0.1,0.25 4.47183
0.6,0.1,0.3 0.588708
0.6,0.1,0.35 0.0458702
0.6,0.15,0 3.42016e-10
0.6,0.15,0.05 35.7903
0.6,0.15,0.1 150.696
0.6,0.15,0.15 348.622
0.6,0.15,0.2 417.108
0.6,0.15,0.25 35.3621
0.6,0.15,0.3 11.8895
0.6,0.15,0.35 1.53639
0.6,0.15,0.4 0.00163476
0.6,0.2,0 8.31782e-10
0.6,0.2,0.05 137.861
0.6,0.2,0.1 561.617
0.6,0.2,0.15 376.02
0.6,0.2,0.2 275.722
0.6,0.2,0.25 122.235
0.6,0.2,0.3 273.8
0.6,0.2,0.35 78.8921
0.6,0.2,0.4 0.79016
0.6,0.25,0 1.49077e-10
0.6,0.25,0.05 80.3414
0.6,0.25,0.1 389.615
0.6,0.25,0.15 593.255
0.6,0.25,0.2 520.532
0.6,0.25,0.25 593.61
0.6,0.25,0.3 593.499
0.6,0.25,0.35 190.754
0.6,0.25,0.4 2.18727
0.6,0.3,0 9.91542e-11
0.6,0.3,0.05 18.6432
0.6,0.3,0.1 223.507
0.6,0.3,0.15 581.289
0.6,0.3,0.2 668.581
0.6,0.3,0.25 778.579
0.6,0.3,0.3 564.271
0.6,0.3,0.35 190.571
0.6,0.3,0.4 1.1687
0.6,0.3,0.45 0.00116198
0.6,0.35,0 5.76765e-10
0.6,0.35,0.05 58.1511
0.6,0.35,0.1 559.586
0.6,0.35,0.15 529.677
0.6,0.35,0.2 233.2
0.6,0.35,0.25 278.759
0.6,0.35,0.3 167.967
0.6,0.35,0.35 61.0751
0.6,0.35,0.4 1.67556
0.6,0.35,0.45 0.0151269
0.6,0.4,0 2.81083e-10
0.6,0.4,0.05 40.1777
0.6,0.4,0.1 274.611
0.6,0.4,0.15 225.092
0.6,0.4,0.2 146.288
0.6,0.4,0.25 48.8841
0.6,0.4,0.3 6.70057
0.6,0.4,0.35 1.86173
0.6,0.4,0.4 0.995253
0.6,0.4,0.45 0.0105874
0.6,0.45,0 9.59118e-10
0.6,0.45,0.05 155.092
0.6,0.45,0.1 620.731
0.6,0.45,0.15 343.055
0.6,0.45,0.2 621.605
0.6,0.45,0.25 195.89
0.6,0.45,0.3 11.4451
0.6,0.45,0.35 0.0481695
0.6,0.45,0.4 0.0204584
0.6,0.45,0.45 0.000217691
0.6,0.5,0 1.87168e-09
0.6,0.5,0.05 144.213
0.6,0.5,0.1 578.334
0.6,0.5,0.15 340.997
0.6,0.5,0.2 610.603
0.6,0.5,0.25 279.826
0.6,0.5,0.3 37.369
0.6,0.5,0.35 0.452557
0.6,0.55,0 3.03679e-10
0.6,0.55,0.05 18.1628
0.6,0.55,0.1 93.7675
0.6,0.55,0.15 359.708
0.6,0.55,0.2 470.66
0.6,0.55,0.25 346.96
0.6,0.55,0.3 171.415
0.6,0.55,0.35 2.59968
0.6,0.6,0 7.26456e-13
0.6,0.6,0.05 7.32401
0.6,0.6,0.1 65.0881
0.6,0.6,0.15 494.983
0.6,0.6,0.2 699.227
0.6,0.6,0.25 242.419
0.6,0.6,0.3 62.671
0.6,0.6,0.35 0.928495
0.6,0.65,0 9.33982e-12
0.6,0.65,0.05 79.6909
0.6,0.65,0.1 475.982
0.6,0.65,0.15 596.423
0.6,0.65,0.2 830.098
0.6,0.65,0.25 315.243
0.6,0.65,0.3 3.52673
0.6,0.65,0.35 0.00115787
0.6,0.7,0 1.1504e-11
0.6,0.7,0.05 74.769
0.6,0.7,0.1 594.702
0.6,0.7,0.15 767.813
0.6,0.7,0.2 459.567
0.6,0.7,0.25 138.23
0.6,0.7,0.3 1.08352
0.6,0.75,0 3.47376e-09
0.6,0.75,0.05 81.2502
0.6,0.75,0.1 498.325
0.6,0.75,0.15 459.54
0.6,0.75,0.2 81.7286
0.6,0.75,0.25 12.6606
0.6,0.75,0.3 0.45014
0.6,0.8,0 9.40025e-08
0.6,0.8,0.05 157.167
0.6,0.8,0.1 648.11
0.6,0.8,0.15 223.96
0.6,0.8,0.2 17.7865
0.6,0.8,0.25 0.305089
0.6,0.8,0.3 0.0146616
0.6,0.85,0 1.09315e-07
0.6,0.85,0.05 109.325
0.6,0.85,0.1 437.14
0.6,0.85,0.15 110.837
0.6,0.85,0.2 0.570075
0.6,0.85,0.25 0.000289246
0.6,0.9,0 6.2527e-09
0.6,0.9,0.05 22.1589
0.6,0.9,0.1 88.5901
0.6,0.9,0.15 22.1361
0.6,0.95,0 1.77506e-16
0.6,0.95,0.05 0.000207916
0.6,0.95,0.1 0.000831427
0.6,0.95,0.15 0.000207798
0.65,0.1,0 8.0146e-14
0.65,0.1,0.05 0.00796356
0.65,0.1,0.1 0.619036
0.65,0.1,0.15 22.4876
0.65,0.1,0.2 29.0167
0.65,0.1,0.25 1.92196
0.65,0.15,0 2.26098e-11
0.65,0.15,0.05 3.50701
0.65,0.15,0.1 23.0812
0.65,0.15,0.15 250.442
0.65,0.15,0.2 307.588
0.65,0.15,0.25 22.7472
0.65,0.15,0.3 6.77232
0.65,0.15,0.35 1.08137
0.65,0.15,0.4 2.87014e-05
0.65,0.2,0 7.19407e-11
0.65,0.2,0.05 45.7474
0.65,0.2,0.1 210.022
0.65,0.2,0.15 277.4
0.65,0.2,0.2 213.072
0.65,0.2,0.25 92.1322
0.65,0.2,0.3 201.889
0.65,0.2,0.35 32.7826
0.65,0.2,0.4 0.0138728
0.65,0.25,0 3.09879e-11
0.65,0.25,0.05 48.4004
0.65,0.25,0.1 322.908
0.65,0.25,0.15 470.05
0.65,0.25,0.2 242.535
0.65,0.25,0.25 198.823
0.65,0.25,0.3 263.68
0.65,0.25,0.35 49.3001
0.65,0.25,0.4 0.0822473
0.65,0.3,0 1.53608e-12
0.65,0.3,0.05 6.5287
0.65,0.3,0.1 254.392
0.65,0.3,0.15 717.018
0.65,0.3,0.2 654.347
0.65,0.3,0.25 321.577
0.65,0.3,0.3 160.588
0.65,0.3,0.35 61.9331
0.65,0.3,0.4 0.264501
0.65,0.35,0 1.30441e-12
0.65,0.35,0.05 21.2461
0.65,0.35,0.1 438.28
0.65,0.35,0.15 596.273
0.65,0.35,0.2 216.814
0.65,0.35,0.25 80.0964
0.65,0.35,0.3 50.2426
0.65,0.35,0.35 20.7586
