0.45,0.05,0.15 0.790093
0.45,0.05,0.2 8.9406
0.45,0.05,0.25 40.1177
0.45,0.05,0.3 15.2897
0.45,0.05,0.35 0.0328281
0.45,0.1,0 4.32236e-12
0.45,0.1,0.05 23.2283
0.45,0.1,0.1 93.1121
0.45,0.1,0.15 62.4366
0.45,0.1,0.2 187.654
0.45,0.1,0.25 399.605
0.45,0.1,0.3 153.989
0.45,0.1,0.35 2.73212
0.45,0.15,0 5.85599e-11
0.45,0.15,0.05 152.652
0.45,0.15,0.1 614.88
0.45,0.15,0.15 298.182
0.45,0.15,0.2 371.319
0.45,0.15,0.25 372.4
0.45,0.15,0.3 154.58
0.45,0.15,0.35 10.8933
0.45,0.2,0 2.31435e-10
0.45,0.2,0.05 163.691
0.45,0.2,0.1 659.693
0.45,0.2,0.15 281.218
0.45,0.2,0.2 285.272
0.45,0.2,0.25 181.711
0.45,0.2,0.3 28.8173
0.45,0.2,0.35 2.95672
0.45,0.25,0 2.25946e-10
0.45,0.25,0.05 117.509
0.45,0.25,0.1 473.322
0.45,0.25,0.15 183.872
0.45,0.25,0.2 402.172
0.45,0.25,0.25 266.545
0.45,0.25,0.3 13.798
0.45,0.25,0.35 0.145322
0.45,0.25,0.4 6.57286e-09
0.45,0.3,0 7.57744e-10
0.45,0.3,0.05 137.91
0.45,0.3,0.1 573.613
0.45,0.3,0.15 458.26
0.45,0.3,0.2 638.539
0.45,0.3,0.25 260.722
0.45,0.3,0.3 34.7573
0.45,0.3,0.35 9.29794
0.45,0.3,0.4 0.132154
0.45,0.35,0 1.35148e-09
0.45,0.35,0.05 142.918
0.45,0.35,0.1 586.741
0.45,0.35,0.15 359.717
0.45,0.35,0.2 497.97
0.45,0.35,0.25 467.095
0.45,0.35,0.3 351.291
0.45,0.35,0.35 135.466
0.45,0.35,0.4 2.31227
0.45,0.4,0 7.69426e-10
0.45,0.4,0.05 76.6614
0.45,0.4,0.1 322.971
0.45,0.4,0.15 259.681
0.45,0.4,0.2 337.638
0.45,0.4,0.25 516.345
0.45,0.4,0.3 651.625
0.45,0.4,0.35 229.949
0.45,0.4,0.4 6.34324
0.45,0.45,0 1.19874e-10
0.45,0.45,0.05 74.0149
0.45,0.45,0.1 353.345
0.45,0.45,0.15 562.009
0.45,0.45,0.2 496.042
0.45,0.45,0.25 577.367
0.45,0.45,0.3 508.587
0.45,0.45,0.35 169.553
0.45,0.45,0.4 14.174
0.45,0.45,0.45 0.0362998
0.45,0.5,0 8.34616e-10
0.45,0.5,0.05 115.433
0.45,0.5,0.1 504.778
0.45,0.5,0.15 463.919
0.45,0.5,0.2 580.185
0.45,0.5,0.25 464.817
0.45,0.5,0.3 1060.02
0.45,0.5,0.35 431.254
0.45,0.5,0.4 134.45
0.45,0.5,0.45 7.2541
0.45,0.55,0 4.47662e-09
0.45,0.55,0.05 109.886
0.45,0.55,0.1 473.554
0.45,0.55,0.15 429.817
0.45,0.55,0.2 711.883
0.45,0.55,0.25 388.728
0.45,0.55,0.3 749.226
0.45,0.55,0.35 442.806
0.45,0.55,0.4 285.512
0.45,0.55,0.45 15.9732
0.45,0.6,0 1.47217e-08
0.45,0.6,0.05 143.701
0.45,0.6,0.1 580.028
0.45,0.6,0.15 372.612
0.45,0.6,0.2 706.615
0.45,0.6,0.25 242.615
0.45,0.6,0.3 52.2172
0.45,0.6,0.35 41.9024
0.45,0.6,0.4 38.0143
0.45,0.6,0.45 2.12887
0.45,0.65,0 4.85193e-09
0.45,0.65,0.05 94.03
0.45,0.65,0.1 379.192
0.45,0.65,0.15 241.708
0.45,0.65,0.2 367.383
0.45,0.65,0.25 86.8806
0.45,0.65,0.3 25.464
0.45,0.65,0.35 1.58014
0.45,0.7,0 1.85246e-10
0.45,0.7,0.05 10.834
0.45,0.7,0.1 52.2069
0.45,0.7,0.15 103.213
0.45,0.7,0.2 131.375
0.45,0.7,0.25 24.938
0.45,0.7,0.3 10.0589
0.45,0.7,0.35 0.628389
0.45,0.75,0 8.09479e-13
0.45,0.75,0.05 32.8621
0.45,0.75,0.1 155.897
0.45,0.75,0.15 315.553
0.45,0.75,0.2 320.924
0.45,0.75,0.25 35.3369
0.45,0.75,0.3 0.0364336
0.45,0.75,0.35 0.00160523
0.45,0.8,0 2.48629e-11
0.45,0.8,0.05 80.6223
0.45,0.8,0.1 327.304
0.45,0.8,0.15 152.116
0.45,0.8,0.2 81.9215
0.45,0.8,0.25 8.91024
0.45,0.8,0.3 0.00269475
0.45,0.85,0 2.92023e-11
0.45,0.85,0.05 13.348
0.45,0.85,0.1 53.3927
0.45,0.85,0.15 13.3484
0.45,0.85,0.2 4.41222e-05
0.45,0.85,0.25 1.64674e-06
0.45,0.85,0.3 3.13781e-12
0.45,0.9,0 1.66874e-12
0.45,0.9,0.05 0.000257712
0.45,0.9,0.1 0.00102509
0.45,0.9,0.15 0.00025484
0.5,0.05,0.1 1.08632e-06
0.5,0.05,0.15 0.00535361
0.5,0.05,0.2 2.80406
0.5,0.05,0.25 17.4559
0.5,0.05,0.3 6.74276
0.5,0.05,0.35 0.0144771
0.5,0.1,0 5.81337e-13
0.5,0.1,0.05 5.65237
0.5,0.1,0.1 23.084
0.5,0.1,0.15 16.5692
0.5,0.1,0.2 59.223
0.5,0.1,0.25 265.986
0.5,0.1,0.3 164.78
0.5,0.1,0.35 13.037
0.5,0.15,0 3.30206e-11
0.5,0.15,0.05 39.2845
0.5,0.15,0.1 168.52
0.5,0.15,0.15 287.341
0.5,0.15,0.2 502
0.5,0.15,0.25 768.28
0.5,0.15,0.3 506.839
0.5,0.15,0.35 56.8706
0.5,0.2,0 1.0546e-10
0.5,0.2,0.05 115.113
0.5,0.2,0.1 487.135
0.5,0.2,0.15 531.779
0.5,0.2,0.2 714.842
0.5,0.2,0.25 494.814
0.5,0.2,0.3 148.824
0.5,0.2,0.35 15.6237
0.5,0.25,0 1.372e-10
0.5,0.25,0.05 99.4113
0.5,0.25,0.1 415.174
0.5,0.25,0.15 310.309
0.5,0.25,0.2 400.552
0.5,0.25,0.25 246.202
0.5,0.25,0.3 22.0474
0.5,0.25,0.35 0.0429096
0.5,0.25,0.4 4.53598e-08
0.5,0.3,0 8.03702e-10
0.5,0.3,0.05 158.949
0.5,0.3,0.1 694.862
0.5,0.3,0.15 804.37
0.5,0.3,0.2 526.478
0.5,0.3,0.25 114.483
0.5,0.3,0.3 102.298
0.5,0.3,0.35 54.871
0.5,0.3,0.4 0.770437
0.5,0.35,0 1.3749e-09
0.5,0.35,0.05 184.609
0.5,0.35,0.1 778.66
0.5,0.35,0.15 641.689
0.5,0.35,0.2 562.124
0.5,0.35,0.25 232.29
0.5,0.35,0.3 540.674
0.5,0.35,0.35 314.359
0.5,0.35,0.4 4.88723
0.5,0.4,0 1.06742e-09
0.5,0.4,0.05 97.109
0.5,0.4,0.1 399.095
0.5,0.4,0.15 297.656
0.5,0.4,0.2 370.381
0.5,0.4,0.25 358.32
0.5,0.4,0.3 701.47
0.5,0.4,0.35 274.743
0.5,0.4,0.4 4.02795
0.5,0.45,0 1.66914e-09
0.5,0.45,0.05 106.812
0.5,0.45,0.1 446.064
0.5,0.45,0.15 419.375
0.5,0.45,0.2 485.842
0.5,0.45,0.25 484.651
0.5,0.45,0.3 254.813
0.5,0.45,0.35 49.0455
0.5,0.45,0.4 0.627489
0.5,0.45,0.45 0.0168004
0.5,0.5,0 5.01305e-09
0.5,0.5,0.05 145.991
0.5,0.5,0.1 589.851
0.5,0.5,0.15 390.23
0.5,0.5,0.2 556.612
0.5,0.5,0.25 233.148
0.5,0.5,0.3 219.741
0.5,0.5,0.35 109.173
0.5,0.5,0.4 60.0083
0.5,0.5,0.45 3.35737
0.5,0.55,0 6.35302e-09
0.5,0.55,0.05 177.253
0.5,0.55,0.1 727.413
0.5,0.55,0.15 637.31
0.5,0.55,0.2 751.773
0.5,0.55,0.25 170.426
0.5,0.55,0.3 225.43
0.5,0.55,0.35 165.46
0.5,0.55,0.4 132.038
0.5,0.55,0.45 7.39281
0.5,0.6,0 3.50025e-09
0.5,0.6,0.05 96.0386
0.5,0.6,0.1 402.139
0.5,0.6,0.15 465.16
0.5,0.6,0.2 506.577
0.5,0.6,0.25 70.1166
0.5,0.6,0.3 19.5052
0.5,0.6,0.35 18.7299
0.5,0.6,0.4 17.5936
0.5,0.6,0.45 0.985291
0.5,0.65,0 2.35742e-09
0.5,0.65,0.05 114.641
0.5,0.65,0.1 460.172
0.5,0.65,0.15 190.04
0.5,0.65,0.2 140.846
0.5,0.65,0.25 18.6054
0.5,0.65,0.3 0.0139839
0.5,0.7,0 5.62913e-10
0.5,0.7,0.05 49.9143
0.5,0.7,0.1 272.483
0.5,0.7,0.15 156.757
0.5,0.7,0.2 81.9947
0.5,0.7,0.25 6.4823
0.5,0.75,0 4.26643e-09
0.5,0.75,0.05 49.0411
0.5,0.75,0.1 347.485
0.5,0.75,0.15 178.094
0.5,0.75,0.2 25.9403
0.5,0.75,0.25 1.2759
0.5,0.8,0 1.33541e-07
0.5,0.8,0.05 37.1951
0.5,0.8,0.1 167.57
0.5,0.8,0.15 55.0872
0.5,0.8,0.2 4.55286
0.5,0.8,0.25 0.165446
0.5,0.85,0 1.56845e-07
0.5,0.85,0.05 25.357
0.5,0.85,0.1 100.887
0.5,0.85,0.15 25.087
0.5,0.85,0.2 3.21595e-06
0.5,0.85,0.25 1.19598e-07
0.5,0.9,0 8.96276e-09
0.5,0.9,0.05 1.38416
0.5,0.9,0.1 5.50572
0.5,0.9,0.15 1.36874
0.55,0.05,0.2 0.0121964
0.55,0.05,0.25 0.0763935
0.55,0.05,0.3 0.029515
0.55,0.05,0.35 6.33707e-05
0.55,0.1,0 3.04537e-12
0.55,0.1,0.05 0.0979386
0.55,0.1,0.1 2.42931
0.55,0.1,0.15 24.6739
0.55,0.1,0.2 38.6229
0.55,0.1,0.25 89.3051
0.55,0.1,0.3 46.7019
0.55,0.1,0.35 4.25195
0.55,0.15,0 8.59366e-10
0.55,0.15,0.05 30.6322
0.55,0.15,0.1 137.56
0.55,0.15,0.15 249.932
0.55,0.15,0.2 362.827
0.55,0.15,0.25 484.954
0.55,0.15,0.3 210.884
0.55,0.15,0.35 18.7297
0.55,0.2,0 2.03476e-09
0.55,0.2,0.05 105.73
0.55,0.2,0.1 472.411
0.55,0.2,0.15 712.077
0.55,0.2,0.2 706.97
0.55,0.2,0.25 346.163
0.55,0.2,0.3 121.83
0.55,0.2,0.35 6.84535
0.55,0.25,0 3.17831e-10
0.55,0.25,0.05 62.1244
0.55,0.25,0.1 292.896
0.55,0.25,0.15 621.384
0.55,0.25,0.2 583.062
0.55,0.25,0.25 703.343
0.55,0.25,0.3 298.341
0.55,0.25,0.35 3.89056
0.55,0.25,0.4 7.98234e-06
0.55,0.3,0 3.64119e-10
0.55,0.3,0.05 102.775
0.55,0.3,0.1 435.035
0.55,0.3,0.15 506.253
0.55,0.3,0.2 527.971
0.55,0.3,0.25 576.912
0.55,0.3,0.3 224.87
0.55,0.3,0.35 24.4216
0.55,0.3,0.4 0.315763
0.55,0.35,0 1.68032e-09
0.55,0.35,0.05 148.87
0.55,0.35,0.1 602.664
0.55,0.35,0.15 268.774
0.55,0.35,0.2 164.007
0.55,0.35,0.25 75.0898
0.55,0.35,0.3 170.026
0.55,0.35,0.35 95.3528
0.55,0.35,0.4 1.33221
0.55,0.4,0 1.14169e-09
0.55,0.4,0.05 78.8098
0.55,0.4,0.1 316.59
0.55,0.4,0.15 123.192
0.55,0.4,0.2 111.477
0.55,0.4,0.25 112.086
0.55,0.4,0.3 108.637
0.55,0.4,0.35 38.4724
0.55,0.4,0.4 0.458156
0.55,0.45,0 1.94604e-09
0.55,0.45,0.05 112.884
0.55,0.45,0.1 456.199
0.55,0.45,0.15 282.553
0.55,0.45,0.2 454.646
0.55,0.45,0.25 363.357
0.55,0.45,0.3 58.6333
0.55,0.45,0.35 4.66453
0.55,0.45,0.4 0.0163201
0.55,0.45,0.45 9.13099e-05
0.55,0.5,0 2.97876e-09
0.55,0.5,0.05 100.755
0.55,0.5,0.1 422.999
0.55,0.5,0.15 566.989
0.55,0.5,0.2 715.342
0.55,0.5,0.25 163.8
0.55,0.5,0.3 9.6166
0.55,0.5,0.35 0.362059
0.55,0.5,0.4 0.325821
0.55,0.5,0.45 0.0182472
0.55,0.55,0 4.29293e-09
0.55,0.55,0.05 85.3735
0.55,0.55,0.1 419.782
0.55,0.55,0.15 756.051
0.55,0.55,0.2 719.385
0.55,0.55,0.25 106.433
0.55,0.55,0.3 2.79171
0.55,0.55,0.35 0.745287
0.55,0.55,0.4 0.717446
0.55,0.55,0.45 0.0401797
0.55,0.6,0 4.28921e-09
0.55,0.6,0.05 89.218
0.55,0.6,0.1 420.903
0.55,0.6,0.15 503.703
0.55,0.6,0.2 336.963
0.55,0.6,0.25 53.1182
0.55,0.6,0.3 1.23653
0.55,0.6,0.35 0.0970438
0.55,0.6,0.4 0.095619
0.55,0.6,0.45 0.00535504
0.55,0.65,0 8.54032e-10
0.55,0.65,0.05 60.95
0.55,0.65,0.1 266.372
0.55,0.65,0.15 417.776
0.55,0.65,0.2 409.103
0.55,0.65,0.25 33.8946
0.55,0.65,0.3 0.038827
0.55,0.7,0 1.304e-10
0.55,0.7,0.05 76.73
0.55,0.7,0.1 431.663
0.55,0.7,0.15 627.311
0.55,0.7,0.2 590.035
0.55,0.7,0.25 41.0737
0.55,0.7,0.3 0.000924787
0.55,0.75,0 1.43001e-08
0.55,0.75,0.05 131.702
0.55,0.75,0.1 696.028
0.55,0.75,0.15 285.56
0.55,0.75,0.2 54.9173
0.55,0.75,0.25 3.87271
0.55,0.8,0 4.45858e-07
0.55,0.8,0.05 150.348
0.55,0.8,0.1 616.573
0.55,0.8,0.15 160.97
0.55,0.8,0.2 0.0788756
0.55,0.85,0 5.23551e-07
0.55,0.85,0.05 89.3176
0.55,0.85,0.1 355.453
0.55,0.85,0.15 88.4116
0.55,0.9,0 2.99179e-08
0.55,0.9,0.05 5.75641
0.55,0.9,0.1 22.9211
0.55,0.9,0.15 5.70429
0.55,0.95,0 9.51499e-18
0.55,0.95,0.05 1.11451e-05
0.55,0.95,0.1 4.45676e-05
0.55,0.95,0.15 1.11387e-05
0.6,0.1,0 3.64916e-12
0.6,0.1,0.05 0.1168
0.6,0.1,0.1 7.45136
0.6,0.1,0.15 78.5343
0.6,0.1,0.2 50.7904
0.6,0.1,0.25 4.64585
0.6,0.1,0.3 0.901698
0.6,0.1,0.35 0.00259612
0.6,0.15,0 1.02977e-09
0.6,0.15,0.05 35.0376
0.6,0.15,0.1 182.033
0.6,0.15,0.15 477.272
0.6,0.15,0.2 288.438
0.6,0.15,0.25 30.6079
0.6,0.15,0.3 6.25231
0.6,0.15,0.35 0.0916815
0.6,0.2,0 2.43834e-09
0.6,0.2,0.05 138.402
0.6,0.2,0.1 581.893
0.6,0.2,0.15 432.647
0.6,0.2,0.2 283.86
0.6,0.2,0.25 267.241
0.6,0.2,0.3 170.903
0.6,0.2,0.35 6.19356
0.6,0.25,0 3.5401e-10
0.6,0.25,0.05 109.217
0.6,0.25,0.1 490.256
0.6,0.25,0.15 578.475
0.6,0.25,0.2 545.77
0.6,0.25,0.25 873.791
0.6,0.25,0.3 487.059
0.6,0.25,0.35 18.3773
0.6,0.25,0.4 0.000677635
0.6,0.3,0 1.75636e-10
0.6,0.3,0.05 69.5904
0.6,0.3,0.1 341.179
0.6,0.3,0.15 609.469
0.6,0.3,0.2 773.757
0.6,0.3,0.25 765.173
0.6,0.3,0.3 405.447
0.6,0.3,0.35 58.8846
0.6,0.3,0.4 0.00670085
0.6,0.35,0 1.03206e-09
0.6,0.35,0.05 173.314
0.6,0.35,0.1 712.306
0.6,0.35,0.15 372.439
0.6,0.35,0.2 266.41
0.6,0.35,0.25 109.861
0.6,0.35,0.3 108.712
0.6,0.35,0.35 28.3767
0.6,0.35,0.4 0.00713673
0.6,0.4,0 4.36567e-10
0.6,0.4,0.05 80.76
0.6,0.4,0.1 323.861
0.6,0.4,0.15 166.437
0.6,0.4,0.2 175.859
0.6,0.4,0.25 27.2684
0.6,0.4,0.3 1.44909
0.6,0.4,0.35 0.274323
0.6,0.4,0.4 0.00110187
0.6,0.45,0 9.10802e-10
0.6,0.45,0.05 154.982
0.6,0.45,0.1 621.765
0.6,0.45,0.15 412.164
0.6,0.45,0.2 570.887
0.6,0.45,0.25 101.5
0.6,0.45,0.3 2.65822
0.6,0.5,0 1.86352e-09
0.6,0.5,0.05 144.181
0.6,0.5,0.1 586.768
0.6,0.5,0.15 427.764
0.6,0.5,0.2 570.681
0.6,0.5,0.25 113.217
0.6,0.5,0.3 1.90167
0.6,0.55,0 5.17471e-10
0.6,0.55,0.05 20.7104
0.6,0.55,0.1 168.623
0.6,0.55,0.15 452.584
0.6,0.55,0.2 552.491
0.6,0.55,0.25 294.274
0.6,0.55,0.3 11.2065
0.6,0.6,0 3.71389e-10
0.6,0.6,0.05 12.2034
0.6,0.6,0.1 162.06
0.6,0.6,0.15 656.328
0.6,0.6,0.2 671.205
0.6,0.6,0.25 262.414
0.6,0.6,0.3 6.42469
0.6,0.65,0 4.31997e-11
0.6,0.65,0.05 82.5421
0.6,0.65,0.1 417.376
0.6,0.65,0.15 914.831
0.6,0.65,0.2 844.281
0.6,0.65,0.25 126.779
0.6,0.65,0.3 0.392486
0.6,0.7,0 5.22762e-12
0.6,0.7,0.05 110.115
0.6,0.7,0.1 594.09
0.6,0.7,0.15 915.033
0.6,0.7,0.2 676.046
0.6,0.7,0.25 39.7581
0.6,0.7,0.3 0.0110644
0.6,0.75,0 3.47347e-09
0.6,0.75,0.05 123.98
0.6,0.75,0.1 613.363
0.6,0.75,0.15 256.662
0.6,0.75,0.2 47.0835
0.6,0.75,0.25 2.58488
0.6,0.8,0 9.40025e-08
0.6,0.8,0.05 160.575
0.6,0.8,0.1 664.684
0.6,0.8,0.15 183.116
0.6,0.8,0.2 0.799906
0.6,0.85,0 1.09315e-07
0.6,0.85,0.05 109.348
0.6,0.85,0.1 437.258
0.6,0.85,0.15 109.499
0.6,0.85,0.2 0.0158626
0.6,0.9,0 6.2527e-09
0.6,0.9,0.05 22.1589
0.6,0.9,0.1 88.5901
0.6,0.9,0.15 22.1361
0.6,0.95,0 1.77506e-16
0.6,0.95,0.05 0.000207916
0.6,0.95,0.1 0.000831427
0.6,0.95,0.15 0.000207798
0.65,0.1,0 2.15294e-13
0.65,0.1,0.05 0.00694888
0.65,0.1,0.1 4.04816
0.65,0.1,0.15 33.6482
0.65,0.1,0.2 17.4717
0.65,0.1,0.25 0.188055
0.65,0.15,0 6.07531e-11
0.65,0.15,0.05 5.92463
0.65,0.15,0.1 75.6075
0.65,0.15,0.15 391.551
0.65,0.15,0.2 201.186
0.65,0.15,0.25 26.5601
0.65,0.15,0.3 1.63294
0.65,0.15,0.35 0.0188359
0.65,0.2,0 1.43897e-10
0.65,0.2,0.05 63.1559
0.65,0.2,0.1 294.751
0.65,0.2,0.15 367.592
0.65,0.2,0.2 391.493
0.65,0.2,0.25 307.464
0.65,0.2,0.3 49.0207
0.65,0.2,0.35 1.43823
0.65,0.25,0 2.08789e-11
0.65,0.25,0.05 132.161
0.65,0.25,0.1 582.786
0.65,0.25,0.15 347.5
0.65,0.25,0.2 390.111
0.65,0.25,0.25 291.614
0.65,0.25,0.3 119.943
0.65,0.25,0.35 14.5419
0.65,0.25,0.4 0.00118494
0.65,0.3,0 1.20744e-10
0.65,0.3,0.05 96.8751
0.65,0.3,0.1 496.385
0.65,0.3,0.15 648.56
0.65,0.3,0.2 565.712
0.65,0.3,0.25 205.61
0.65,0.3,0.3 362.194
0.65,0.3,0.35 99.8125
0.65,0.3,0.4 0.009779
0.65,0.35,0 7.34368e-10
0.65,0.35,0.05 162.998
0.65,0.35,0.1 699.051
0.65,0.35,0.15 441.991
0.65,0.35,0.2 175.469
0.65,0.35,0.25 58.5776
0.65,0.35,0.3 170.807
0.65,0.35,0.35 49.0317
0.65,0.35,0.4 0.00481728
0.65,0.4,0 3.15546e-10
0.65,0.4,0.05 99.8773
0.65,0.4,0.1 400.604
0.65,0.4,0.15 131.718
0.65,0.4,0.2 56.0978
0.65,0.4,0.25 6.93781
0.65,0.4,0.3 1.18883
0.65,0.4,0.35 0.343496
