0.05,0.1,0.05 0.00315869
0.05,0.1,0.1 4.74331
0.05,0.1,0.15 14.2775
0.05,0.1,0.2 2.6755
0.05,0.1,0.25 1.06896e-05
0.05,0.15,0 1.83915e-16
0.05,0.15,0.05 0.0173006
0.05,0.15,0.1 25.5105
0.05,0.15,0.15 78.6349
0.05,0.15,0.2 18.8857
0.05,0.15,0.25 0.663485
0.05,0.15,0.3 0.0115928
0.05,0.15,0.35 0.033548
0.05,0.15,0.4 0.00603334
0.05,0.2,0 6.19752e-15
0.05,0.2,0.05 0.0375518
0.05,0.2,0.1 8.68412
0.05,0.2,0.15 32.6853
0.05,0.2,0.2 21.7857
0.05,0.2,0.25 12.2598
0.05,0.2,0.3 15.7362
0.05,0.2,0.35 6.01537
0.05,0.2,0.4 0.886948
0.05,0.25,0 5.6899e-14
0.05,0.25,0.05 0.366605
0.05,0.25,0.1 1.48046
0.05,0.25,0.15 3.17727
0.05,0.25,0.2 7.67016
0.05,0.25,0.25 40.6554
0.05,0.25,0.3 60.2995
0.05,0.25,0.35 14.4748
0.05,0.25,0.4 1.81419
0.05,0.3,0 3.84023e-14
0.05,0.3,0.05 0.250637
0.05,0.3,0.1 1.00559
0.05,0.3,0.15 1.52784
0.05,0.3,0.2 3.42656
0.05,0.3,0.25 10.526
0.05,0.3,0.3 14.8031
0.05,0.3,0.35 2.3436
0.05,0.3,0.4 0.221819
0.05,0.35,0 2.9298e-10
0.05,0.35,0.05 1.34787
0.05,0.35,0.1 5.38195
0.05,0.35,0.15 1.40574
0.05,0.35,0.2 0.158203
0.05,0.35,0.25 0.0245621
0.05,0.35,0.3 9.41588e-07
0.05,0.35,0.35 7.27097e-08
0.05,0.4,0 1.17859e-09
0.05,0.4,0.05 5.4024
0.05,0.4,0.1 21.5717
0.05,0.4,0.15 5.46501
0.05,0.4,0.2 0.3022
0.05,0.4,0.25 0.0877366
0.05,0.4,0.3 4.3851e-05
0.05,0.45,0 2.96324e-10
0.05,0.45,0.05 1.38647
0.05,0.45,0.1 5.62993
0.05,0.45,0.15 15.066
0.05,0.45,0.2 58.5266
0.05,0.45,0.25 16.4865
0.05,0.45,0.3 0.18855
0.05,0.45,0.35 0.0107342
0.05,0.45,0.4 0.000763086
0.05,0.45,0.45 6.06002e-05
0.05,0.5,0 1.9949e-18
0.05,0.5,0.05 0.544803
0.05,0.5,0.1 3.53776
0.05,0.5,0.15 34.4147
0.05,0.5,0.2 141.651
0.05,0.5,0.25 45.4128
0.05,0.5,0.3 6.95043
0.05,0.5,0.35 0.48782
0.05,0.5,0.4 0.014054
0.05,0.5,0.45 0.000313634
0.05,0.55,0.05 0.492856
0.05,0.55,0.1 3.1796
0.05,0.55,0.15 6.42563
0.05,0.55,0.2 26.6708
0.05,0.55,0.25 66.2004
0.05,0.55,0.3 49.0594
0.05,0.55,0.35 5.10468
0.05,0.55,0.4 0.279399
0.05,0.55,0.45 0.000114034
0.05,0.6,0.05 0.0177635
0.05,0.6,0.1 0.114563
0.05,0.6,0.15 0.062912
0.05,0.6,0.2 4.91697
0.05,0.6,0.25 56.6009
0.05,0.6,0.3 45.825
0.05,0.6,0.35 12.812
0.05,0.6,0.4 2.73491
0.05,0.6,0.45 0.000649954
0.05,0.65,0.15 0.470987
0.05,0.65,0.2 6.36789
0.05,0.65,0.25 6.82518
0.05,0.65,0.3 4.45198
0.05,0.65,0.35 12.0753
0.05,0.65,0.4 3.64803
0.05,0.65,0.45 0.000942569
0.05,0.7,0.15 5.69733
0.05,0.7,0.2 74.3951
0.05,0.7,0.25 52.1811
0.05,0.7,0.3 1.26842
0.05,0.7,0.35 0.931872
0.05,0.7,0.4 0.285472
0.05,0.7,0.45 7.39555e-05
0.05,0.75,0.15 3.78967
0.05,0.75,0.2 49.4851
0.05,0.75,0.25 34.7091
0.05,0.75,0.3 0.717437
0.05,0.8,0.15 0.0684849
0.05,0.8,0.2 0.894268
0.05,0.8,0.25 0.627243
0.05,0.8,0.3 0.0129651
0.1,0,0.1 2.01027e-19
0.1,0,0.15 6.84176e-17
0.1,0,0.2 1.67834e-16
0.1,0,0.25 2.52659e-17
0.1,0.05,0.1 2.64753e-06
0.1,0.05,0.15 0.000901064
0.1,0.05,0.2 0.112106
0.1,0.05,0.25 1.63111
0.1,0.05,0.3 1.24846
0.1,0.05,0.35 0.031718
0.1,0.1,0.05 0.0165226
0.1,0.1,0.1 24.8115
0.1,0.1,0.15 74.7248
0.1,0.1,0.2 14.9915
0.1,0.1,0.25 7.73245
0.1,0.1,0.3 5.72181
0.1,0.1,0.35 0.17346
0.1,0.1,0.4 0.000171478
0.1,0.15,0 1.61724e-12
0.1,0.15,0.05 2.8801
0.1,0.15,0.1 144.677
0.1,0.15,0.15 439.146
0.1,0.15,0.2 163.676
0.1,0.15,0.25 18.9144
0.1,0.15,0.3 9.0753
0.1,0.15,0.35 4.24912
0.1,0.15,0.4 0.177126
0.1,0.2,0 1.6235e-11
0.1,0.2,0.05 30.4883
0.1,0.2,0.1 166.864
0.1,0.2,0.15 296.434
0.1,0.2,0.2 355.415
0.1,0.2,0.25 116.596
0.1,0.2,0.3 143.405
0.1,0.2,0.35 142.004
0.1,0.2,0.4 23.2669
0.1,0.25,0 1.52925e-11
0.1,0.25,0.05 57.363
0.1,0.25,0.1 229.696
0.1,0.25,0.15 151.882
0.1,0.25,0.2 248.106
0.1,0.25,0.25 285.501
0.1,0.25,0.3 437.527
0.1,0.25,0.35 291.288
0.1,0.25,0.4 47.5206
0.1,0.3,0 4.52776e-12
0.1,0.3,0.05 29.4396
0.1,0.3,0.1 117.91
0.1,0.3,0.15 97.4887
0.1,0.3,0.2 173.327
0.1,0.3,0.25 88.5885
0.1,0.3,0.3 98.3083
0.1,0.3,0.35 38.9773
0.1,0.3,0.4 5.8098
0.1,0.35,0 4.53774e-09
0.1,0.35,0.05 21.5211
0.1,0.35,0.1 85.9422
0.1,0.35,0.15 24.785
0.1,0.35,0.2 8.42386
0.1,0.35,0.25 1.30783
0.1,0.35,0.3 5.65309e-06
0.1,0.35,0.35 4.36533e-07
0.1,0.4,0 1.82539e-08
0.1,0.4,0.05 83.6724
0.1,0.4,0.1 334.343
0.1,0.4,0.15 88.9741
0.1,0.4,0.2 7.18372
0.1,0.4,0.25 0.923081
0.1,0.4,0.3 0.000712441
0.1,0.45,0 4.59412e-09
0.1,0.45,0.05 23.584
0.1,0.45,0.1 102.218
0.1,0.45,0.15 199.944
0.1,0.45,0.2 438.395
0.1,0.45,0.25 109.337
0.1,0.45,0.3 5.74281
0.1,0.45,0.35 13.0829
0.1,0.45,0.4 18.7049
0.1,0.45,0.45 1.48545
0.1,0.5,0 2.21604e-11
0.1,0.5,0.05 32.7546
0.1,0.5,0.1 202.58
0.1,0.5,0.15 357.009
0.1,0.5,0.2 886.365
0.1,0.5,0.25 368.171
0.1,0.5,0.3 169.205
0.1,0.5,0.35 95.4031
0.1,0.5,0.4 99.2662
0.1,0.5,0.45 7.68901
0.1,0.55,0 6.57192e-12
0.1,0.55,0.05 26.4081
0.1,0.55,0.1 167.553
0.1,0.55,0.15 138.496
0.1,0.55,0.2 277.639
0.1,0.55,0.25 552.925
0.1,0.55,0.3 519.67
0.1,0.55,0.35 272.689
0.1,0.55,0.4 53.8804
0.1,0.55,0.45 2.48167
0.1,0.6,0 1.03767e-15
0.1,0.6,0.05 2.20581
0.1,0.6,0.1 21.094
0.1,0.6,0.15 19.5478
0.1,0.6,0.2 117.727
0.1,0.6,0.25 404.907
0.1,0.6,0.3 377.934
0.1,0.6,0.35 359.839
0.1,0.6,0.4 67.7261
0.1,0.6,0.45 0.0153313
0.1,0.65,0.05 1.57813
0.1,0.65,0.1 19.843
0.1,0.65,0.15 31.1688
0.1,0.65,0.2 53.2361
0.1,0.65,0.25 56.2194
0.1,0.65,0.3 91.7196
0.1,0.65,0.35 264.35
0.1,0.65,0.4 78.6662
0.1,0.65,0.45 0.0202766
0.1,0.7,0.05 0.0936056
0.1,0.7,0.1 7.8166
0.1,0.7,0.15 81.1892
0.1,0.7,0.2 342.256
0.1,0.7,0.25 256.359
0.1,0.7,0.3 69.6265
0.1,0.7,0.35 24.9924
0.1,0.7,0.4 6.14109
0.1,0.7,0.45 0.00159094
0.1,0.75,0.1 1.85318
0.1,0.75,0.15 29.6612
0.1,0.75,0.2 206.451
0.1,0.75,0.25 146.753
0.1,0.75,0.3 12.7406
0.1,0.75,0.35 0.712208
0.1,0.8,0.1 5.78415e-05
0.1,0.8,0.15 0.395197
0.1,0.8,0.2 4.17256
0.1,0.8,0.25 2.69267
0.1,0.8,0.3 0.0521686
0.1,0.8,0.35 9.22306e-07
0.1,0.85,0.15 0.00348167
0.1,0.85,0.2 0.0171511
0.1,0.85,0.25 0.00534712
0.1,0.85,0.3 3.63659e-05
0.1,0.85,0.35 1.29473e-07
0.15,0,0.1 2.5992e-15
0.15,0,0.15 8.84613e-13
0.15,0,0.2 2.17003e-12
0.15,0,0.25 3.26679e-13
0.15,0.05,0 3.77742e-13
0.15,0.05,0.05 0.00767793
0.15,0.05,0.1 0.0649096
0.15,0.05,0.15 11.6581
0.15,0.05,0.2 31.9918
0.15,0.05,0.25 55.0685
0.15,0.05,0.3 38.9352
0.15,0.05,0.35 0.993571
0.15,0.1,0 2.55832e-10
0.15,0.1,0.05 5.20537
0.15,0.1,0.1 28.9996
0.15,0.1,0.15 77.6389
0.15,0.1,0.2 154.186
0.15,0.1,0.25 264.717
0.15,0.1,0.3 180.958
0.15,0.1,0.35 5.18479
0.15,0.1,0.4 0.00340144
0.15,0.15,0 7.0896e-10
0.15,0.15,0.05 24.0042
0.15,0.15,0.1 139.46
0.15,0.15,0.15 217.263
0.15,0.15,0.2 345.647
0.15,0.15,0.25 243.782
0.15,0.15,0.3 203.248
0.15,0.15,0.35 72.0496
0.15,0.15,0.4 0.580866
0.15,0.2,0 2.0535e-10
0.15,0.2,0.05 104.135
0.15,0.2,0.1 431.443
0.15,0.2,0.15 324.247
0.15,0.2,0.2 685.74
0.15,0.2,0.25 356.167
0.15,0.2,0.3 420.351
0.15,0.2,0.35 286.252
0.15,0.2,0.4 25.8146
0.15,0.25,0 6.20458e-11
0.15,0.25,0.05 149.866
0.15,0.25,0.1 599.729
0.15,0.25,0.15 304.046
0.15,0.25,0.2 543.924
0.15,0.25,0.25 474.987
0.15,0.25,0.3 398.504
0.15,0.25,0.35 317.412
0.15,0.25,0.4 51.1405
0.15,0.3,0 1.0722e-11
0.15,0.3,0.05 110.089
0.15,0.3,0.1 440.559
0.15,0.3,0.15 212.374
0.15,0.3,0.2 269.637
0.15,0.3,0.25 121.401
0.15,0.3,0.3 73.9495
0.15,0.3,0.35 37.8161
0.15,0.3,0.4 6.23711
0.15,0.35,0 3.57402e-09
0.15,0.35,0.05 35.8796
0.15,0.35,0.1 143.413
0.15,0.35,0.15 40.8245
0.15,0.35,0.2 12.6225
0.15,0.35,0.25 1.97369
0.15,0.35,0.3 3.16509e-06
0.15,0.35,0.35 1.62161e-07
0.15,0.4,0 1.43752e-08
0.15,0.4,0.05 66.0034
0.15,0.4,0.1 270.055
0.15,0.4,0.15 116.315
0.15,0.4,0.2 30.2355
0.15,0.4,0.25 1.22509
0.15,0.4,0.3 0.023599
0.15,0.45,0 3.68656e-09
0.15,0.45,0.05 36.1308
0.15,0.45,0.1 188.234
0.15,0.45,0.15 525.478
0.15,0.45,0.2 526.975
0.15,0.45,0.25 138.648
0.15,0.45,0.3 24.9561
0.15,0.45,0.35 57.5988
0.15,0.45,0.4 69.3505
0.15,0.45,0.45 5.53757
0.15,0.5,0 3.43376e-10
0.15,0.5,0.05 122.81
0.15,0.5,0.1 609.803
0.15,0.5,0.15 659.927
0.15,0.5,0.2 834.876
0.15,0.5,0.25 510.461
0.15,0.5,0.3 327.096
0.15,0.5,0.35 416.169
0.15,0.5,0.4 430.242
0.15,0.5,0.45 37.2758
0.15,0.55,0 1.01832e-10
0.15,0.55,0.05 61.0687
0.15,0.55,0.1 340.453
0.15,0.55,0.15 363.952
0.15,0.55,0.2 556.974
0.15,0.55,0.25 698.998
0.15,0.55,0.3 829.691
0.15,0.55,0.35 756.536
0.15,0.55,0.4 280.198
0.15,0.55,0.45 22.706
0.15,0.6,0 8.35669e-11
0.15,0.6,0.05 22.4637
0.15,0.6,0.1 222.487
0.15,0.6,0.15 168.916
0.15,0.6,0.2 223.281
0.15,0.6,0.25 455.107
0.15,0.6,0.3 491.312
0.15,0.6,0.35 525.713
0.15,0.6,0.4 92.7347
0.15,0.6,0.45 1.0893
0.15,0.65,0 4.39741e-10
0.15,0.65,0.05 42.4961
0.15,0.65,0.1 339.362
0.15,0.65,0.15 352.152
0.15,0.65,0.2 292.96
0.15,0.65,0.25 227.613
0.15,0.65,0.3 367.45
0.15,0.65,0.35 293.496
0.15,0.65,0.4 75.9759
0.15,0.65,0.45 0.0207468
0.15,0.7,0 1.44158e-10
0.15,0.7,0.05 8.53915
0.15,0.7,0.1 109.375
0.15,0.7,0.15 542.678
0.15,0.7,0.2 548.157
0.15,0.7,0.25 463.946
0.15,0.7,0.3 582.732
0.15,0.7,0.35 82.0985
0.15,0.7,0.4 5.91399
0.15,0.7,0.45 0.0015321
0.15,0.75,0 8.39596e-14
0.15,0.75,0.05 0.629952
0.15,0.75,0.1 55.2294
0.15,0.75,0.15 222.742
0.15,0.75,0.2 288.38
0.15,0.75,0.25 194.482
0.15,0.75,0.3 96.6145
0.15,0.75,0.35 6.75317
0.15,0.8,0.05 0.31505
0.15,0.8,0.1 19.9356
0.15,0.8,0.15 67.9274
0.15,0.8,0.2 146.677
0.15,0.8,0.25 137.727
0.15,0.8,0.3 42.8331
0.15,0.8,0.35 0.158003
0.15,0.85,0.05 0.00239919
0.15,0.85,0.1 0.187741
0.15,0.85,0.15 1.73998
0.15,0.85,0.2 6.12141
0.15,0.85,0.25 15.0974
0.15,0.85,0.3 5.9874
0.15,0.85,0.35 0.0221804
0.2,0,0.1 1.21643e-14
0.2,0,0.15 3.22306e-12
0.2,0,0.2 7.76518e-12
0.2,0,0.25 1.15536e-12
0.2,0.05,0 2.59192e-12
0.2,0.05,0.05 0.0526829
0.2,0.05,0.1 0.335276
0.2,0.05,0.15 41.5566
0.2,0.05,0.2 108.022
0.2,0.05,0.25 101.672
0.2,0.05,0.3 67.5336
0.2,0.05,0.35 1.81879
0.2,0.1,0 1.75541e-09
0.2,0.1,0.05 35.6807
0.2,0.1,0.1 145.051
0.2,0.1,0.15 222.575
0.2,0.1,0.2 518.63
0.2,0.1,0.25 573.644
0.2,0.1,0.3 381.641
0.2,0.1,0.35 10.9927
0.2,0.1,0.4 0.00316473
0.2,0.15,0 4.92556e-09
0.2,0.15,0.05 105.564
0.2,0.15,0.1 435.618
0.2,0.15,0.15 262.905
0.2,0.15,0.2 524.657
0.2,0.15,0.25 424.071
0.2,0.15,0.3 346.148
0.2,0.15,0.35 103.601
0.2,0.15,0.4 0.865622
0.2,0.2,0 2.02103e-09
0.2,0.2,0.05 101.2
0.2,0.2,0.1 411.424
0.2,0.2,0.15 342.066
0.2,0.2,0.2 737.009
0.2,0.2,0.25 404.719
0.2,0.2,0.3 754.517
0.2,0.2,0.35 368.148
0.2,0.2,0.4 4.67837
0.2,0.25,0 7.042e-10
0.2,0.25,0.05 146.539
0.2,0.25,0.1 588.192
0.2,0.25,0.15 344.777
0.2,0.25,0.2 594.256
0.2,0.25,0.25 484.735
0.2,0.25,0.3 518.706
0.2,0.25,0.35 205.543
0.2,0.25,0.4 4.42037
0.2,0.3,0 1.80979e-11
0.2,0.3,0.05 157.634
0.2,0.3,0.1 632.064
0.2,0.3,0.15 270.703
0.2,0.3,0.2 292.103
0.2,0.3,0.25 130.903
0.2,0.3,0.3 62.913
0.2,0.3,0.35 16.3888
0.2,0.3,0.4 0.456186
0.2,0.35,0 9.75665e-11
0.2,0.35,0.05 65.9561
0.2,0.35,0.1 264.481
0.2,0.35,0.15 71.4325
0.2,0.35,0.2 12.6964
0.2,0.35,0.25 2.76004
0.2,0.35,0.3 0.134139
0.2,0.35,0.35 0.0904874
0.2,0.35,0.4 0.00169804
0.2,0.4,0 3.89162e-10
0.2,0.4,0.05 37.3399
0.2,0.4,0.1 188.167
0.2,0.4,0.15 210.157
0.2,0.4,0.2 56.128
0.2,0.4,0.25 1.87014
0.2,0.4,0.3 0.0966705
0.2,0.45,0 2.27733e-10
0.2,0.45,0.05 43.1652
0.2,0.45,0.1 293.27
0.2,0.45,0.15 721.747
0.2,0.45,0.2 400.071
0.2,0.45,0.25 171.929
0.2,0.45,0.3 68.7668
0.2,0.45,0.35 68.5847
0.2,0.45,0.4 25.0293
0.2,0.45,0.45 1.9141
0.2,0.5,0 4.68854e-10
0.2,0.5,0.05 91.0132
0.2,0.5,0.1 402.551
0.2,0.5,0.15 487.23
0.2,0.5,0.2 663.719
0.2,0.5,0.25 692.586
0.2,0.5,0.3 555.372
0.2,0.5,0.35 594.94
0.2,0.5,0.4 400.185
0.2,0.5,0.45 40.7458
0.2,0.55,0 1.29243e-10
0.2,0.55,0.05 36.795
0.2,0.55,0.1 206.977
0.2,0.55,0.15 232.672
0.2,0.55,0.2 349.42
0.2,0.55,0.25 607.127
0.2,0.55,0.3 729.972
0.2,0.55,0.35 680.678
0.2,0.55,0.4 521.025
0.2,0.55,0.45 52.4656
0.2,0.6,0 3.89944e-10
0.2,0.6,0.05 42.6281
0.2,0.6,0.1 343.295
0.2,0.6,0.15 284.262
0.2,0.6,0.2 280.624
0.2,0.6,0.25 468.412
0.2,0.6,0.3 415.526
0.2,0.6,0.35 313.857
0.2,0.6,0.4 140.45
0.2,0.6,0.45 6.13495
0.2,0.65,0 2.13141e-09
0.2,0.65,0.05 123.113
0.2,0.65,0.1 642.757
0.2,0.65,0.15 566.943
0.2,0.65,0.2 544.875
0.2,0.65,0.25 313.099
0.2,0.65,0.3 448.176
0.2,0.65,0.35 107.276
0.2,0.65,0.4 17.0666
0.2,0.65,0.45 0.28186
0.2,0.7,0 8.67071e-10
0.2,0.7,0.05 47.9451
0.2,0.7,0.1 348.472
0.2,0.7,0.15 758.499
0.2,0.7,0.2 580.305
0.2,0.7,0.25 533.357
0.2,0.7,0.3 680.563
0.2,0.7,0.35 105.961
0.2,0.7,0.4 0.845082
0.2,0.7,0.45 0.00402269
0.2,0.75,0 2.19276e-10
0.2,0.75,0.05 25.5463
0.2,0.75,0.1 336.431
0.2,0.75,0.15 718.944
0.2,0.75,0.2 693.604
0.2,0.75,0.25 559.038
0.2,0.75,0.3 165.82
0.2,0.75,0.35 9.05366
0.2,0.8,0 7.06467e-11
0.2,0.8,0.05 9.1203
0.2,0.8,0.1 144.956
0.2,0.8,0.15 422.398
0.2,0.8,0.2 513.246
0.2,0.8,0.25 481.108
0.2,0.8,0.3 163.809
0.2,0.8,0.35 0.5982
0.2,0.85,0 7.48324e-14
0.2,0.85,0.05 0.0210104
0.2,0.85,0.1 1.40117
0.2,0.85,0.15 14.2108
0.2,0.85,0.2 25.6442
0.2,0.85,0.25 55.8267
0.2,0.85,0.3 22.6679
0.2,0.85,0.35 0.083975
0.25,0,0.1 4.4342e-13
0.25,0,0.15 1.88157e-11
0.25,0,0.2 3.02295e-11
0.25,0,0.25 9.49296e-11
0.25,0,0.3 8.83967e-11
0.25,0,0.35 3.50098e-12
0.25,0.05,0 1.08787e-12
0.25,0.05,0.05 0.0221119
0.25,0.05,0.1 0.824246
0.25,0.05,0.15 40.5348
0.25,0.05,0.2 73.3049
0.25,0.05,0.25 55.1638
0.25,0.05,0.3 40.034
0.25,0.05,0.35 1.31561
0.25,0.1,0 7.36776e-10
0.25,0.1,0.05 14.9795
0.25,0.1,0.1 79.311
0.25,0.1,0.15 291.311
0.25,0.1,0.2 557.926
0.25,0.1,0.25 397.536
0.25,0.1,0.3 261.589
0.25,0.1,0.35 10.0131
0.25,0.1,0.4 0.00233384
0.25,0.15,0 2.17013e-09
0.25,0.15,0.05 48.6625
0.25,0.15,0.1 309.405
0.25,0.15,0.15 593.391
0.25,0.15,0.2 624.665
0.25,0.15,0.25 298.047
0.25,0.15,0.3 268.22
0.25,0.15,0.35 109.297
0.25,0.15,0.4 10.191
0.25,0.2,0 1.87484e-09
0.25,0.2,0.05 86.8067
0.25,0.2,0.1 402.266
0.25,0.2,0.15 442.925
0.25,0.2,0.2 429.26
0.25,0.2,0.25 256.998
0.25,0.2,0.3 628.757
0.25,0.2,0.35 422.823
0.25,0.2,0.4 34.6433
0.25,0.25,0 8.86408e-10
0.25,0.25,0.05 89.3991
0.25,0.25,0.1 364.457
0.25,0.25,0.15 385.443
0.25,0.25,0.2 613.284
0.25,0.25,0.25 283.74
0.25,0.25,0.3 502.711
0.25,0.25,0.35 260.867
0.25,0.25,0.4 9.12439
0.25,0.3,0 1.46373e-11
0.25,0.3,0.05 46.0233
0.25,0.3,0.1 201.951
0.25,0.3,0.15 349.741
0.25,0.3,0.2 575.865
