0.25,0.1,0 7.36776e-10
0.25,0.1,0.05 14.9756
0.25,0.1,0.1 63.1661
0.25,0.1,0.15 203.205
0.25,0.1,0.2 413.374
0.25,0.1,0.25 341.084
0.25,0.1,0.3 386.117
0.25,0.1,0.35 62.024
0.25,0.1,0.4 0.000949303
0.25,0.15,0 2.1702e-09
0.25,0.15,0.05 48.6379
0.25,0.15,0.1 204.334
0.25,0.15,0.15 366.729
0.25,0.15,0.2 734
0.25,0.15,0.25 476.305
0.25,0.15,0.3 318.907
0.25,0.15,0.35 132.398
0.25,0.15,0.4 13.8832
0.25,0.2,0 1.87577e-09
0.25,0.2,0.05 86.866
0.25,0.2,0.1 364.047
0.25,0.2,0.15 409.01
0.25,0.2,0.2 472.942
0.25,0.2,0.25 255.197
0.25,0.2,0.3 556.333
0.25,0.2,0.35 483.75
0.25,0.2,0.4 58.6284
0.25,0.25,0 8.87189e-10
0.25,0.25,0.05 89.4911
0.25,0.25,0.1 360.909
0.25,0.25,0.15 317.86
0.25,0.25,0.2 624.152
0.25,0.25,0.25 312.714
0.25,0.25,0.3 521.53
0.25,0.25,0.35 414.505
0.25,0.25,0.4 31.1572
0.25,0.3,0 1.53387e-11
0.25,0.3,0.05 45.4034
0.25,0.3,0.1 195.993
0.25,0.3,0.15 279.995
0.25,0.3,0.2 604.474
0.25,0.3,0.25 250.397
0.25,0.3,0.3 173.824
0.25,0.3,0.35 223.554
0.25,0.3,0.4 27.1756
0.25,0.35,0 1.88357e-11
0.25,0.35,0.05 75.2211
0.25,0.35,0.1 392.796
0.25,0.35,0.15 341.052
0.25,0.35,0.2 137.572
0.25,0.35,0.25 24.6999
0.25,0.35,0.3 22.6035
0.25,0.35,0.35 40.1849
0.25,0.35,0.4 5.54311
0.25,0.4,0 1.09307e-10
0.25,0.4,0.05 101.963
0.25,0.4,0.1 480.37
0.25,0.4,0.15 386.294
0.25,0.4,0.2 142.414
0.25,0.4,0.25 37.2857
0.25,0.4,0.3 2.5806
0.25,0.4,0.35 0.0210157
0.25,0.4,0.4 0.00161465
0.25,0.45,0 8.89484e-10
0.25,0.45,0.05 149.105
0.25,0.45,0.1 651.004
0.25,0.45,0.15 458.528
0.25,0.45,0.2 331.322
0.25,0.45,0.25 341.163
0.25,0.45,0.3 124.123
0.25,0.45,0.35 93.9801
0.25,0.45,0.4 44.5141
0.25,0.45,0.45 3.55258
0.25,0.5,0 1.69868e-09
0.25,0.5,0.05 181.487
0.25,0.5,0.1 734.158
0.25,0.5,0.15 340.587
0.25,0.5,0.2 383.695
0.25,0.5,0.25 607.986
0.25,0.5,0.3 671.031
0.25,0.5,0.35 566.93
0.25,0.5,0.4 395.742
0.25,0.5,0.45 38.0487
0.25,0.55,0 2.49174e-09
0.25,0.55,0.05 82.655
0.25,0.55,0.1 417.986
0.25,0.55,0.15 347.611
0.25,0.55,0.2 348.39
0.25,0.55,0.25 466.217
0.25,0.55,0.3 677.334
0.25,0.55,0.35 660.038
0.25,0.55,0.4 441.557
0.25,0.55,0.45 36.7218
0.25,0.6,0 1.73455e-08
0.25,0.6,0.05 12.9629
0.25,0.6,0.1 199.869
0.25,0.6,0.15 417.483
0.25,0.6,0.2 564.904
0.25,0.6,0.25 476.874
0.25,0.6,0.3 441.559
0.25,0.6,0.35 540.414
0.25,0.6,0.4 344.904
0.25,0.6,0.45 21.2834
0.25,0.65,0 1.10698e-08
0.25,0.65,0.05 78.0529
0.25,0.65,0.1 346.795
0.25,0.65,0.15 398.746
0.25,0.65,0.2 514.922
0.25,0.65,0.25 248.181
0.25,0.65,0.3 418.774
0.25,0.65,0.35 292.703
0.25,0.65,0.4 115.964
0.25,0.65,0.45 8.06232
0.25,0.7,0 2.14309e-09
0.25,0.7,0.05 96.2572
0.25,0.7,0.1 470.053
0.25,0.7,0.15 448.771
0.25,0.7,0.2 407.847
0.25,0.7,0.25 309.013
0.25,0.7,0.3 240.474
0.25,0.7,0.35 61.4702
0.25,0.7,0.4 5.19033
0.25,0.7,0.45 0.329647
0.25,0.75,0 1.56936e-10
0.25,0.75,0.05 18.916
0.25,0.75,0.1 315.867
0.25,0.75,0.15 560.107
0.25,0.75,0.2 542.889
0.25,0.75,0.25 307.753
0.25,0.75,0.3 191.174
0.25,0.75,0.35 22.0826
0.25,0.75,0.4 0.000571022
0.25,0.8,0.05 5.23882
0.25,0.8,0.1 141.938
0.25,0.8,0.15 273.213
0.25,0.8,0.2 233.169
0.25,0.8,0.25 110.824
0.25,0.8,0.3 85.7531
0.25,0.8,0.35 12.786
0.25,0.85,0.05 0.046709
0.25,0.85,0.1 1.3193
0.25,0.85,0.15 3.01971
0.25,0.85,0.2 1.93546
0.25,0.85,0.25 1.12589
0.25,0.85,0.3 1.17109
0.25,0.85,0.35 0.172731
0.3,0,0.1 8.98235e-13
0.3,0,0.15 3.69085e-11
0.3,0,0.2 7.2462e-11
0.3,0,0.25 4.93977e-10
0.3,0,0.3 4.6626e-10
0.3,0,0.35 1.84664e-11
0.3,0.05,0 3.73392e-15
0.3,0.05,0.05 0.160752
0.3,0.05,0.1 2.58934
0.3,0.05,0.15 59.8366
0.3,0.05,0.2 82.6922
0.3,0.05,0.25 82.2396
0.3,0.05,0.3 74.2028
0.3,0.05,0.35 3.22889
0.3,0.1,0 2.52885e-12
0.3,0.1,0.05 7.26159
0.3,0.1,0.1 57.6321
0.3,0.1,0.15 278.338
0.3,0.1,0.2 382.834
0.3,0.1,0.25 376.805
0.3,0.1,0.3 371.792
0.3,0.1,0.35 32.5057
0.3,0.1,0.4 0.00129708
0.3,0.15,0 1.98852e-11
0.3,0.15,0.05 15.5242
0.3,0.15,0.1 111.325
0.3,0.15,0.15 374.24
0.3,0.15,0.2 479.03
0.3,0.15,0.25 296.313
0.3,0.15,0.3 555.241
0.3,0.15,0.35 224.448
0.3,0.15,0.4 23.1222
0.3,0.2,0 1.42686e-10
0.3,0.2,0.05 78.8847
0.3,0.2,0.1 351.731
0.3,0.2,0.15 564.938
0.3,0.2,0.2 659.829
0.3,0.2,0.25 341.678
0.3,0.2,0.3 680.474
0.3,0.2,0.35 507.929
0.3,0.2,0.4 86.0242
0.3,0.25,0 1.05117e-10
0.3,0.25,0.05 99.1209
0.3,0.25,0.1 403.245
0.3,0.25,0.15 230.626
0.3,0.25,0.2 268.11
0.3,0.25,0.25 386.07
0.3,0.25,0.3 590.402
0.3,0.25,0.35 420.75
0.3,0.25,0.4 42.9164
0.3,0.3,0 1.13093e-11
0.3,0.3,0.05 33.7077
0.3,0.3,0.1 162.826
0.3,0.3,0.15 385.129
0.3,0.3,0.2 467.703
0.3,0.3,0.25 463.312
0.3,0.3,0.3 443.654
0.3,0.3,0.35 430.839
0.3,0.3,0.4 52.8061
0.3,0.35,0 8.78948e-11
0.3,0.35,0.05 37.8865
0.3,0.35,0.1 312.325
0.3,0.35,0.15 762.186
0.3,0.35,0.2 555.226
0.3,0.35,0.25 82.6027
0.3,0.35,0.3 62.8727
0.3,0.35,0.35 79.4723
0.3,0.35,0.4 10.7782
0.3,0.35,0.45 3.93987e-07
0.3,0.4,0 1.93687e-10
0.3,0.4,0.05 107.247
0.3,0.4,0.1 557.804
0.3,0.4,0.15 767.061
0.3,0.4,0.2 459.557
0.3,0.4,0.25 47.7524
0.3,0.4,0.3 1.80001
0.3,0.4,0.35 0.314282
0.3,0.4,0.4 0.488583
0.3,0.4,0.45 0.0565578
0.3,0.45,0 5.52149e-10
0.3,0.45,0.05 77.0453
0.3,0.45,0.1 368.22
0.3,0.45,0.15 542.523
0.3,0.45,0.2 508.481
0.3,0.45,0.25 249.222
0.3,0.45,0.3 106.302
0.3,0.45,0.35 68.0144
0.3,0.45,0.4 12.3983
0.3,0.45,0.45 0.616195
0.3,0.5,0 1.13733e-09
0.3,0.5,0.05 120.555
0.3,0.5,0.1 485.813
0.3,0.5,0.15 209.057
0.3,0.5,0.2 227.25
0.3,0.5,0.25 348.408
0.3,0.5,0.3 605.03
0.3,0.5,0.35 376.123
0.3,0.5,0.4 64.8867
0.3,0.5,0.45 3.43804
0.3,0.55,0 6.19814e-08
0.3,0.55,0.05 80.8542
0.3,0.55,0.1 332.009
0.3,0.55,0.15 232.855
0.3,0.55,0.2 295.136
0.3,0.55,0.25 392.146
0.3,0.55,0.3 667.452
0.3,0.55,0.35 243.778
0.3,0.55,0.4 68.353
0.3,0.55,0.45 4.04393
0.3,0.6,0 5.15624e-07
0.3,0.6,0.05 68.9182
0.3,0.6,0.1 293.351
0.3,0.6,0.15 300.774
0.3,0.6,0.2 580.926
0.3,0.6,0.25 428.685
0.3,0.6,0.3 670.573
0.3,0.6,0.35 477.608
0.3,0.6,0.4 303.85
0.3,0.6,0.45 19.9782
0.3,0.65,0 2.57486e-07
0.3,0.65,0.05 78.9301
0.3,0.65,0.1 321.579
0.3,0.65,0.15 226.368
0.3,0.65,0.2 434.467
0.3,0.65,0.25 426.538
0.3,0.65,0.3 644.514
0.3,0.65,0.35 506.147
0.3,0.65,0.4 281.938
0.3,0.65,0.45 18.3745
0.3,0.7,0 2.71045e-09
0.3,0.7,0.05 68.4327
0.3,0.7,0.1 284.203
0.3,0.7,0.15 204.738
0.3,0.7,0.2 456.075
0.3,0.7,0.25 222.082
0.3,0.7,0.3 140.095
0.3,0.7,0.35 42.3612
0.3,0.7,0.4 13.1959
0.3,0.7,0.45 0.802303
0.3,0.75,0 8.54123e-11
0.3,0.75,0.05 9.94772
0.3,0.75,0.1 129.497
0.3,0.75,0.15 261.633
0.3,0.75,0.2 463.423
0.3,0.75,0.25 210.287
0.3,0.75,0.3 147.53
0.3,0.75,0.35 14.0527
0.3,0.75,0.4 1.90635e-05
0.3,0.8,0.05 2.17588
0.3,0.8,0.1 55.8552
0.3,0.8,0.15 93.3736
0.3,0.8,0.2 108.109
0.3,0.8,0.25 39.0323
0.3,0.8,0.3 23.5794
0.3,0.8,0.35 2.29094
0.3,0.85,0.05 0.0194
0.3,0.85,0.1 0.498822
0.3,0.85,0.15 0.559736
0.3,0.85,0.2 0.0644407
0.3,0.85,0.25 0.00831394
0.3,0.85,0.3 0.00316009
0.3,0.85,0.35 0.00048537
0.35,0,0.1 1.0915e-13
0.35,0,0.15 4.48499e-12
0.35,0,0.2 1.36352e-11
0.35,0,0.25 1.61573e-10
0.35,0,0.3 1.53173e-10
0.35,0,0.35 6.06646e-12
0.35,0.05,0.05 0.740963
0.35,0.05,0.1 5.45545
0.35,0.05,0.15 9.50233
0.35,0.05,0.2 11.0333
0.35,0.05,0.25 26.6517
0.35,0.05,0.3 23.9989
0.35,0.05,0.35 0.939584
0.35,0.1,0.05 33.3213
0.35,0.1,0.1 239.155
0.35,0.1,0.15 133.392
0.35,0.1,0.2 59.9038
0.35,0.1,0.25 173.737
0.35,0.1,0.3 131.684
0.35,0.1,0.35 9.05023
0.35,0.1,0.4 0.000251343
0.35,0.15,0 3.48036e-12
0.35,0.15,0.05 52.8717
0.35,0.15,0.1 374.693
0.35,0.15,0.15 227.138
0.35,0.15,0.2 148.206
0.35,0.15,0.25 279.4
0.35,0.15,0.3 223.909
0.35,0.15,0.35 48.7532
0.35,0.15,0.4 2.58947
0.35,0.2,0 5.29687e-11
0.35,0.2,0.05 100.47
0.35,0.2,0.1 441.327
0.35,0.2,0.15 420.842
0.35,0.2,0.2 479.61
0.35,0.2,0.25 368.811
0.35,0.2,0.3 469.058
0.35,0.2,0.35 141.867
0.35,0.2,0.4 11.7144
0.35,0.25,0 7.35987e-11
0.35,0.25,0.05 166.826
0.35,0.25,0.1 716.317
0.35,0.25,0.15 551.065
0.35,0.25,0.2 289.169
0.35,0.25,0.25 363.027
0.35,0.25,0.3 698.783
0.35,0.25,0.35 312.405
0.35,0.25,0.4 15.446
0.35,0.3,0 3.52893e-11
0.35,0.3,0.05 130.234
0.35,0.3,0.1 549.481
0.35,0.3,0.15 495.23
0.35,0.3,0.2 379.17
0.35,0.3,0.25 627.6
0.35,0.3,0.3 763.888
0.35,0.3,0.35 179.237
0.35,0.3,0.4 9.41157
0.35,0.35,0 5.8515e-10
0.35,0.35,0.05 91.2883
0.35,0.35,0.1 399.842
0.35,0.35,0.15 501.32
0.35,0.35,0.2 445.583
0.35,0.35,0.25 213.265
0.35,0.35,0.3 141.25
0.35,0.35,0.35 22.7164
0.35,0.35,0.4 1.2419
0.35,0.35,0.45 4.30656e-05
0.35,0.4,0 1.17922e-09
0.35,0.4,0.05 165.133
0.35,0.4,0.1 794.99
0.35,0.4,0.15 754.562
0.35,0.4,0.2 411.383
0.35,0.4,0.25 43.7545
0.35,0.4,0.3 13.6746
0.35,0.4,0.35 27.795
0.35,0.4,0.4 50.297
0.35,0.4,0.45 6.17858
0.35,0.45,0 2.05377e-09
0.35,0.45,0.05 97.0208
0.35,0.45,0.1 516.189
0.35,0.45,0.15 713.927
0.35,0.45,0.2 672.082
0.35,0.45,0.25 193.296
0.35,0.45,0.3 121.212
0.35,0.45,0.35 280.367
0.35,0.45,0.4 244.016
0.35,0.45,0.45 23.3749
0.35,0.5,0 2.49667e-09
0.35,0.5,0.05 144.99
0.35,0.5,0.1 606.694
0.35,0.5,0.15 404.602
0.35,0.5,0.2 592.473
0.35,0.5,0.25 634.102
0.35,0.5,0.3 602.295
0.35,0.5,0.35 486.272
0.35,0.5,0.4 149.063
0.35,0.5,0.45 5.61635
0.35,0.55,0 7.25879e-08
0.35,0.55,0.05 90.4856
0.35,0.55,0.1 387.972
0.35,0.55,0.15 444.902
0.35,0.55,0.2 622.122
0.35,0.55,0.25 439.328
0.35,0.55,0.3 427.894
0.35,0.55,0.35 141.087
0.35,0.55,0.4 27.4488
0.35,0.55,0.45 0.738827
0.35,0.6,0 5.99473e-07
0.35,0.6,0.05 93.6075
0.35,0.6,0.1 422.532
0.35,0.6,0.15 626.302
0.35,0.6,0.2 947.054
0.35,0.6,0.25 489.441
0.35,0.6,0.3 574.319
0.35,0.6,0.35 559.151
0.35,0.6,0.4 311.407
0.35,0.6,0.45 12.5605
0.35,0.65,0 2.98019e-07
0.35,0.65,0.05 114.475
0.35,0.65,0.1 492.261
0.35,0.65,0.15 416.478
0.35,0.65,0.2 508.907
0.35,0.65,0.25 631.964
0.35,0.65,0.3 601.466
0.35,0.65,0.35 640.156
0.35,0.65,0.4 303.932
0.35,0.65,0.45 10.7009
0.35,0.7,0 2.2604e-09
0.35,0.7,0.05 76.3823
0.35,0.7,0.1 306.291
0.35,0.7,0.15 104.953
0.35,0.7,0.2 176.615
0.35,0.7,0.25 517.28
0.35,0.7,0.3 357.175
0.35,0.7,0.35 96.5048
0.35,0.7,0.4 15.0662
0.35,0.7,0.45 0.348857
0.35,0.75,0 6.48878e-09
0.35,0.75,0.05 4.16029
0.35,0.75,0.1 16.9381
0.35,0.75,0.15 55.1824
0.35,0.75,0.2 258.72
0.35,0.75,0.25 603.851
0.35,0.75,0.3 487.826
0.35,0.75,0.35 65.3039
0.35,0.75,0.4 0.356611
0.35,0.8,0 2.09747e-08
0.35,0.8,0.05 2.16841
0.35,0.8,0.1 8.77782
0.35,0.8,0.15 14.3382
0.35,0.8,0.2 51.1438
0.35,0.8,0.25 90.4979
0.35,0.8,0.3 69.7826
0.35,0.8,0.35 6.53249
0.35,0.8,0.4 0.00863892
0.35,0.85,0 4.23295e-09
0.35,0.85,0.05 0.436248
0.35,0.85,0.1 1.7352
0.35,0.85,0.15 0.432337
0.35,0.85,0.2 8.23657e-05
0.4,0,0.2 4.56167e-15
0.4,0,0.25 9.59092e-14
0.4,0,0.3 9.1156e-14
0.4,0,0.35 3.61026e-15
0.4,0.05,0.05 0.213449
0.4,0.05,0.1 1.521
0.4,0.05,0.15 0.660209
0.4,0.05,0.2 0.868271
0.4,0.05,0.25 3.75301
0.4,0.05,0.3 1.28455
0.4,0.05,0.35 0.174199
0.4,0.05,0.4 0.00276504
0.4,0.1,0.05 14.0067
0.4,0.1,0.1 103.729
0.4,0.1,0.15 51.6145
0.4,0.1,0.2 58.076
0.4,0.1,0.25 240.602
0.4,0.1,0.3 76.6582
0.4,0.1,0.35 8.37399
0.4,0.1,0.4 0.133301
0.4,0.15,0 2.06599e-13
0.4,0.15,0.05 46.4048
0.4,0.15,0.1 433.257
0.4,0.15,0.15 317.656
0.4,0.15,0.2 226.436
0.4,0.15,0.25 642.963
0.4,0.15,0.3 172.022
0.4,0.15,0.35 12.5266
0.4,0.15,0.4 0.189777
0.4,0.2,0 3.63677e-12
0.4,0.2,0.05 52.9133
0.4,0.2,0.1 371.978
0.4,0.2,0.15 451.194
0.4,0.2,0.2 409.133
0.4,0.2,0.25 411.623
0.4,0.2,0.3 135.483
0.4,0.2,0.35 10.34
0.4,0.2,0.4 0.178546
0.4,0.25,0 7.33088e-12
0.4,0.25,0.05 93.8494
0.4,0.25,0.1 430.104
0.4,0.25,0.15 483.364
0.4,0.25,0.2 281.093
0.4,0.25,0.25 160.184
0.4,0.25,0.3 169.469
0.4,0.25,0.35 30.7526
0.4,0.25,0.4 0.826784
0.4,0.3,0 9.54662e-12
0.4,0.3,0.05 108.915
0.4,0.3,0.1 453.154
0.4,0.3,0.15 276.366
0.4,0.3,0.2 312.434
0.4,0.3,0.25 493.16
0.4,0.3,0.3 350.471
0.4,0.3,0.35 39.0915
0.4,0.3,0.4 0.260504
0.4,0.35,0 2.44474e-10
0.4,0.35,0.05 55.2341
0.4,0.35,0.1 225.971
0.4,0.35,0.15 149.317
0.4,0.35,0.2 266.009
0.4,0.35,0.25 555.94
0.4,0.35,0.3 486.13
0.4,0.35,0.35 91.6961
0.4,0.35,0.4 0.951937
0.4,0.35,0.45 8.127e-05
0.4,0.4,0 5.06634e-10
0.4,0.4,0.05 57.5721
0.4,0.4,0.1 280.127
0.4,0.4,0.15 410.541
0.4,0.4,0.2 364.56
0.4,0.4,0.25 238.361
0.4,0.4,0.3 359.812
0.4,0.4,0.35 156.653
0.4,0.4,0.4 97.9751
0.4,0.4,0.45 11.659
0.4,0.45,0 1.21981e-09
0.4,0.45,0.05 53.4599
0.4,0.45,0.1 288.345
0.4,0.45,0.15 533.128
0.4,0.45,0.2 554.556
0.4,0.45,0.25 286.792
0.4,0.45,0.3 254.453
0.4,0.45,0.35 413.951
0.4,0.45,0.4 421.221
0.4,0.45,0.45 46.5117
0.4,0.5,0 1.37084e-09
0.4,0.5,0.05 67.4914
0.4,0.5,0.1 335.435
0.4,0.5,0.15 478.079
0.4,0.5,0.2 707.295
0.4,0.5,0.25 575.121
0.4,0.5,0.3 458.376
0.4,0.5,0.35 680.679
0.4,0.5,0.4 289.43
0.4,0.5,0.45 24.8293
0.4,0.55,0 1.13367e-08
0.4,0.55,0.05 49.3826
0.4,0.55,0.1 259.063
0.4,0.55,0.15 395.735
0.4,0.55,0.2 474.543
0.4,0.55,0.25 330.074
0.4,0.55,0.3 160.606
0.4,0.55,0.35 237.869
0.4,0.55,0.4 75.6312
0.4,0.55,0.45 5.53547
0.4,0.6,0 6.01546e-08
0.4,0.6,0.05 147.696
0.4,0.6,0.1 613.238
0.4,0.6,0.15 378.564
0.4,0.6,0.2 609.228
0.4,0.6,0.25 366.451
0.4,0.6,0.3 236.456
0.4,0.6,0.35 227.776
0.4,0.6,0.4 142.584
0.4,0.6,0.45 5.6797
0.4,0.65,0 2.32439e-08
0.4,0.65,0.05 72.0671
0.4,0.65,0.1 302.524
0.4,0.65,0.15 242.722
0.4,0.65,0.2 507.971
0.4,0.65,0.25 447.196
0.4,0.65,0.3 374.975
0.4,0.65,0.35 259.489
0.4,0.65,0.4 128.649
0.4,0.65,0.45 4.60638
0.4,0.7,0 2.16872e-10
0.4,0.7,0.05 17.1986
0.4,0.7,0.1 69.1111
0.4,0.7,0.15 25.2617
0.4,0.7,0.2 81.8531
0.4,0.7,0.25 268.582
0.4,0.7,0.3 404.43
0.4,0.7,0.35 192.796
0.4,0.7,0.4 7.51333
0.4,0.7,0.45 0.133195
0.4,0.75,0 2.05596e-07
0.4,0.75,0.05 21.9332
0.4,0.75,0.1 87.1903
0.4,0.75,0.15 21.7624
0.4,0.75,0.2 52.521
0.4,0.75,0.25 245.148
0.4,0.75,0.3 326.873
0.4,0.75,0.35 137.074
0.4,0.75,0.4 1.60399
0.4,0.8,0 6.64996e-07
0.4,0.8,0.05 68.5247
0.4,0.8,0.1 272.347
0.4,0.8,0.15 67.6753
0.4,0.8,0.2 7.34495
0.4,0.8,0.25 32.114
0.4,0.8,0.3 20.603
0.4,0.8,0.35 4.10932
0.4,0.8,0.4 0.0388569
0.4,0.85,0 1.34204e-07
0.4,0.85,0.05 13.8291
0.4,0.85,0.1 54.9628
0.4,0.85,0.15 13.6529
0.45,0.05,0.05 1.97427e-05
0.45,0.05,0.1 0.000140683
0.45,0.05,0.15 6.10652e-05
0.45,0.05,0.2 0.195667
0.45,0.05,0.25 1.16241
0.45,0.05,0.3 3.88682
0.45,0.05,0.35 2.32297
0.45,0.05,0.4 0.0369935
0.45,0.1,0.05 15.0669
0.45,0.1,0.1 87.1042
0.45,0.1,0.15 45.1931
0.45,0.1,0.2 36.5201
0.45,0.1,0.25 75.7537
0.45,0.1,0.3 193.436
