0,0.4,0.15 1.71373e-14
0,0.4,0.2 7.33012e-14
0,0.4,0.25 1.95945e-14
0,0.4,0.3 2.04337e-19
0,0.45,0.15 1.61833e-11
0,0.45,0.2 6.92205e-11
0,0.45,0.25 1.85037e-11
0,0.45,0.3 1.92962e-16
0,0.5,0.15 4.6253e-11
0,0.5,0.2 1.97838e-10
0,0.5,0.25 5.2885e-11
0,0.5,0.3 5.515e-16
0,0.55,0.15 8.21008e-12
0,0.55,0.2 3.51169e-11
0,0.55,0.25 9.38728e-12
0,0.55,0.3 9.78933e-17
0,0.65,0.15 4.31381e-14
0,0.65,0.2 5.93819e-13
0,0.65,0.25 4.32066e-13
0,0.65,0.3 9.75849e-15
0,0.7,0.15 5.30933e-13
0,0.7,0.2 7.30859e-12
0,0.7,0.25 5.31777e-12
0,0.7,0.3 1.20105e-13
0,0.75,0.15 3.57062e-13
0,0.75,0.2 4.91516e-12
0,0.75,0.25 3.5763e-12
0,0.75,0.3 8.07729e-14
0,0.8,0.15 6.639e-15
0,0.8,0.2 9.13895e-14
0,0.8,0.25 6.64955e-14
0,0.8,0.3 1.50184e-15
0.05,0.1,0.1 0.47031
0.05,0.1,0.15 10.9002
0.05,0.1,0.2 10.9465
0.05,0.1,0.25 0.479576
0.05,0.15,0 2.60567e-15
0.05,0.15,0.05 0.000318574
0.05,0.15,0.1 2.37292
0.05,0.15,0.15 55.2945
0.05,0.15,0.2 58.7604
0.05,0.15,0.25 4.60331
0.05,0.15,0.3 0.0328001
0.05,0.15,0.35 0.00724164
0.05,0.15,0.4 0.00293659
0.05,0.15,0.45 8.3816e-06
0.05,0.2,0 2.50833e-14
0.05,0.2,0.05 0.0324465
0.05,0.2,0.1 0.875848
0.05,0.2,0.15 19.2481
0.05,0.2,0.2 38.0968
0.05,0.2,0.25 17.2164
0.05,0.2,0.3 9.02435
0.05,0.2,0.35 7.46799
0.05,0.2,0.4 2.63247
0.05,0.2,0.45 0.00751358
0.05,0.25,0 1.40105e-14
0.05,0.25,0.05 0.370161
0.05,0.25,0.1 1.48326
0.05,0.25,0.15 2.07591
0.05,0.25,0.2 10.9502
0.05,0.25,0.25 28.4856
0.05,0.25,0.3 51.0395
0.05,0.25,0.35 24.4216
0.05,0.25,0.4 7.47575
0.05,0.25,0.45 0.0213372
0.05,0.3,0 1.52802e-16
0.05,0.3,0.05 0.251161
0.05,0.3,0.1 1.00633
0.05,0.3,0.15 1.42708
0.05,0.3,0.2 3.98924
0.05,0.3,0.25 9.62772
0.05,0.3,0.3 18.745
0.05,0.3,0.35 5.51809
0.05,0.3,0.4 1.31804
0.05,0.3,0.45 0.00376193
0.05,0.35,0 2.9298e-10
0.05,0.35,0.05 1.34779
0.05,0.35,0.1 5.3815
0.05,0.35,0.15 1.40809
0.05,0.35,0.2 0.217669
0.05,0.35,0.25 0.0620481
0.05,0.35,0.3 0.0345646
0.05,0.35,0.35 0.00429448
0.05,0.4,0 1.17859e-09
0.05,0.4,0.05 5.4024
0.05,0.4,0.1 21.5716
0.05,0.4,0.15 5.49596
0.05,0.4,0.2 0.614586
0.05,0.4,0.25 0.257233
0.05,0.4,0.3 0.00124242
0.05,0.45,0 2.96324e-10
0.05,0.45,0.05 1.36875
0.05,0.45,0.1 5.64079
0.05,0.45,0.15 13.6082
0.05,0.45,0.2 60.3149
0.05,0.45,0.25 21.3761
0.05,0.45,0.3 1.62149
0.05,0.45,0.35 0.156259
0.05,0.5,0 1.9949e-18
0.05,0.5,0.05 0.186041
0.05,0.5,0.1 3.58896
0.05,0.5,0.15 31.9468
0.05,0.5,0.2 135.984
0.05,0.5,0.25 53.7251
0.05,0.5,0.3 19.4773
0.05,0.5,0.35 4.10816
0.05,0.5,0.4 0.490158
0.05,0.55,0.05 0.159942
0.05,0.55,0.1 3.07448
0.05,0.55,0.15 7.34947
0.05,0.55,0.2 21.8725
0.05,0.55,0.25 49.8155
0.05,0.55,0.3 61.796
0.05,0.55,0.35 16.5262
0.05,0.55,0.4 3.47011
0.05,0.55,0.45 0.045492
0.05,0.6,0.05 0.00520887
0.05,0.6,0.1 0.100115
0.05,0.6,0.15 0.090263
0.05,0.6,0.2 0.934974
0.05,0.6,0.25 32.8468
0.05,0.6,0.3 43.6525
0.05,0.6,0.35 17.5061
0.05,0.6,0.4 11.6239
0.05,0.6,0.45 0.44145
0.05,0.65,0.15 0.431787
0.05,0.65,0.2 5.97204
0.05,0.65,0.25 5.37475
0.05,0.65,0.3 1.75073
0.05,0.65,0.35 6.48181
0.05,0.65,0.4 6.14056
0.05,0.65,0.45 0.248145
0.05,0.7,0.15 5.31433
0.05,0.7,0.2 73.1546
0.05,0.7,0.25 53.2277
0.05,0.7,0.3 1.2055
0.05,0.7,0.35 0.0711352
0.05,0.7,0.4 0.0683447
0.05,0.7,0.45 0.00276192
0.05,0.75,0.15 3.57398
0.05,0.75,0.2 49.1978
0.05,0.75,0.25 35.7966
0.05,0.75,0.3 0.808489
0.05,0.8,0.15 0.0664524
0.05,0.8,0.2 0.914754
0.05,0.8,0.25 0.66558
0.05,0.8,0.3 0.0150325
0.1,0,0.1 2.01027e-19
0.1,0,0.15 6.84176e-17
0.1,0,0.2 1.67834e-16
0.1,0,0.25 2.52659e-17
0.1,0.05,0.1 2.64753e-06
0.1,0.05,0.15 0.000901064
0.1,0.05,0.2 0.00610301
0.1,0.05,0.25 0.786036
0.1,0.05,0.3 1.73398
0.1,0.05,0.35 0.231698
0.1,0.1,0.1 2.50591
0.1,0.1,0.15 58.1239
0.1,0.1,0.2 58.7227
0.1,0.1,0.25 6.66563
0.1,0.1,0.3 8.65615
0.1,0.1,0.35 1.16638
0.1,0.1,0.4 0.000751631
0.1,0.15,0 2.31124e-11
0.1,0.15,0.05 2.82576
0.1,0.15,0.1 23.9328
0.1,0.15,0.15 300.704
0.1,0.15,0.2 348.035
0.1,0.15,0.25 47.3412
0.1,0.15,0.3 6.84793
0.1,0.15,0.35 5.22061
0.1,0.15,0.4 0.37115
0.1,0.15,0.45 0.000140479
0.1,0.2,0 2.2249e-10
0.1,0.2,0.05 30.5606
0.1,0.2,0.1 126.171
0.1,0.2,0.15 151.384
0.1,0.2,0.2 397.043
0.1,0.2,0.25 224.659
0.1,0.2,0.3 88.2534
0.1,0.2,0.35 128.156
0.1,0.2,0.4 44.9433
0.1,0.2,0.45 0.125931
0.1,0.25,0 1.24274e-10
0.1,0.25,0.05 57.3658
0.1,0.25,0.1 229.76
0.1,0.25,0.15 115.983
0.1,0.25,0.2 273.567
0.1,0.25,0.25 281.9
0.1,0.25,0.3 408.952
0.1,0.25,0.35 355.329
0.1,0.25,0.4 125.426
0.1,0.25,0.45 0.357621
0.1,0.3,0 1.35536e-12
0.1,0.3,0.05 29.1883
0.1,0.3,0.1 117.392
0.1,0.3,0.15 85.7627
0.1,0.3,0.2 188.518
0.1,0.3,0.25 105.23
0.1,0.3,0.3 143.956
0.1,0.3,0.35 71.3077
0.1,0.3,0.4 22.0909
0.1,0.3,0.45 0.0630515
0.1,0.35,0 4.53765e-09
0.1,0.35,0.05 21.4687
0.1,0.35,0.1 85.9003
0.1,0.35,0.15 24.6131
0.1,0.35,0.2 10.4145
0.1,0.35,0.25 2.29562
0.1,0.35,0.3 0.256412
0.1,0.35,0.35 0.031858
0.1,0.4,0 1.82539e-08
0.1,0.4,0.05 83.6723
0.1,0.4,0.1 334.349
0.1,0.4,0.15 91.363
0.1,0.4,0.2 13.2689
0.1,0.4,0.25 2.75287
0.1,0.4,0.3 0.0192803
0.1,0.4,0.35 0.0553404
0.1,0.4,0.4 0.214469
0.1,0.4,0.45 0.0519475
0.1,0.45,0 4.58965e-09
0.1,0.45,0.05 22.6553
0.1,0.45,0.1 100.452
0.1,0.45,0.15 194.637
0.1,0.45,0.2 481.154
0.1,0.45,0.25 162.19
0.1,0.45,0.3 26.8124
0.1,0.45,0.35 13.6228
0.1,0.45,0.4 42.8776
0.1,0.45,0.45 10.3856
0.1,0.45,0.5 4.2874e-09
0.1,0.5,0 1.00188e-12
0.1,0.5,0.05 13.8452
0.1,0.5,0.1 175.607
0.1,0.5,0.15 369.355
0.1,0.5,0.2 845.824
0.1,0.5,0.25 438.714
0.1,0.5,0.3 307.687
0.1,0.5,0.35 134.321
0.1,0.5,0.4 111.811
0.1,0.5,0.45 22.8747
0.1,0.5,0.5 6.38988e-08
0.1,0.55,0 3.22651e-13
0.1,0.55,0.05 8.61528
0.1,0.55,0.1 135.799
0.1,0.55,0.15 165.969
0.1,0.55,0.2 199.68
0.1,0.55,0.25 486.47
0.1,0.55,0.3 579.639
0.1,0.55,0.35 430.132
0.1,0.55,0.4 111.347
0.1,0.55,0.45 3.89094
0.1,0.55,0.5 4.90602e-08
0.1,0.6,0 1.55456e-16
0.1,0.6,0.05 0.399694
0.1,0.6,0.1 12.7554
0.1,0.6,0.15 20.1912
0.1,0.6,0.2 33.483
0.1,0.6,0.25 268.892
0.1,0.6,0.3 305.185
0.1,0.6,0.35 334.706
0.1,0.6,0.4 223.605
0.1,0.6,0.45 8.1415
0.1,0.6,0.5 1.25456e-09
0.1,0.65,0.05 0.936924
0.1,0.65,0.1 44.1342
0.1,0.65,0.15 77.8691
0.1,0.65,0.2 56.9268
0.1,0.65,0.25 37.7632
0.1,0.65,0.3 93.3716
0.1,0.65,0.35 156.245
0.1,0.65,0.4 113.493
0.1,0.65,0.45 4.57639
0.1,0.7,0.05 0.300153
0.1,0.7,0.1 14.1664
0.1,0.7,0.15 57.5115
0.1,0.7,0.2 335.553
0.1,0.7,0.25 227.541
0.1,0.7,0.3 61.6326
0.1,0.7,0.35 26.5128
0.1,0.7,0.4 1.38895
0.1,0.7,0.45 0.0509365
0.1,0.75,0.05 0.000136321
0.1,0.75,0.1 0.00982601
0.1,0.75,0.15 17.5184
0.1,0.75,0.2 206.396
0.1,0.75,0.25 146.111
0.1,0.75,0.3 5.77928
0.1,0.75,0.35 0.969464
0.1,0.75,0.4 0.00272707
0.1,0.8,0.1 3.41617e-07
0.1,0.8,0.15 0.266961
0.1,0.8,0.2 3.89651
0.1,0.8,0.25 3.22336
0.1,0.8,0.3 0.141357
0.1,0.85,0.15 1.1916e-05
0.1,0.85,0.2 0.00336438
0.1,0.85,0.25 0.00796695
0.1,0.85,0.3 0.00115317
0.15,0,0.1 2.5992e-15
0.15,0,0.15 8.84613e-13
0.15,0,0.2 2.17003e-12
0.15,0,0.25 3.26679e-13
0.15,0.05,0 3.77742e-13
0.15,0.05,0.05 0.00767793
0.15,0.05,0.1 0.0649096
0.15,0.05,0.15 11.6581
0.15,0.05,0.2 28.6969
0.15,0.05,0.25 28.3091
0.15,0.05,0.3 53.5535
0.15,0.05,0.35 7.3036
0.15,0.1,0 2.55832e-10
0.15,0.1,0.05 5.19999
0.15,0.1,0.1 21.7453
0.15,0.1,0.15 73.6967
0.15,0.1,0.2 157.42
0.15,0.1,0.25 150.559
0.15,0.1,0.3 270.367
0.15,0.1,0.35 37.3996
0.15,0.1,0.4 0.0151676
0.15,0.15,0 7.7967e-10
0.15,0.15,0.05 24.0613
0.15,0.15,0.1 100.551
0.15,0.15,0.15 162.345
0.15,0.15,0.2 370.338
0.15,0.15,0.25 183.152
0.15,0.15,0.3 164.612
0.15,0.15,0.35 114.037
0.15,0.15,0.4 7.13549
0.15,0.15,0.45 0.000116405
0.15,0.2,0 8.83366e-10
0.15,0.2,0.05 104.069
0.15,0.2,0.1 418.965
0.15,0.2,0.15 196.534
0.15,0.2,0.2 506.214
0.15,0.2,0.25 465.012
0.15,0.2,0.3 317.793
0.15,0.2,0.35 382.707
0.15,0.2,0.4 57.211
0.15,0.2,0.45 0.10435
0.15,0.25,0 4.27808e-10
0.15,0.25,0.05 147.301
0.15,0.25,0.1 599.009
0.15,0.25,0.15 242.859
0.15,0.25,0.2 439.349
0.15,0.25,0.25 533.451
0.15,0.25,0.3 399.813
0.15,0.25,0.35 338.942
0.15,0.25,0.4 108.214
0.15,0.25,0.45 0.296334
0.15,0.3,0 5.20031e-12
0.15,0.3,0.05 96.4984
0.15,0.3,0.1 438.052
0.15,0.3,0.15 207.896
0.15,0.3,0.2 278.035
0.15,0.3,0.25 130.933
0.15,0.3,0.3 100.439
0.15,0.3,0.35 54.198
0.15,0.3,0.4 18.3308
0.15,0.3,0.45 0.0522462
0.15,0.35,0 3.57349e-09
0.15,0.35,0.05 31.02
0.15,0.35,0.1 143.276
0.15,0.35,0.15 46.8396
0.15,0.35,0.2 15.1427
0.15,0.35,0.25 3.23817
0.15,0.35,0.3 0.115347
0.15,0.35,0.35 0.0143256
0.15,0.4,0 1.43752e-08
0.15,0.4,0.05 66.2546
0.15,0.4,0.1 270.092
0.15,0.4,0.15 132.165
0.15,0.4,0.2 55.809
0.15,0.4,0.25 4.76479
0.15,0.4,0.3 0.316535
0.15,0.4,0.35 0.2958
0.15,0.4,0.4 0.899392
0.15,0.4,0.45 0.216514
0.15,0.45,0 3.61696e-09
0.15,0.45,0.05 33.6174
0.15,0.45,0.1 167.993
0.15,0.45,0.15 519.786
0.15,0.45,0.2 643.476
0.15,0.45,0.25 234.982
0.15,0.45,0.3 72.9676
0.15,0.45,0.35 80.6208
0.15,0.45,0.4 187.953
0.15,0.45,0.45 45.0952
0.15,0.45,0.5 2.46378e-05
0.15,0.5,0 1.39311e-11
0.15,0.5,0.05 95.368
0.15,0.5,0.1 549.402
0.15,0.5,0.15 645.017
0.15,0.5,0.2 831.091
0.15,0.5,0.25 586.15
0.15,0.5,0.3 475.251
0.15,0.5,0.35 411.266
0.15,0.5,0.4 537.063
0.15,0.5,0.45 122.27
0.15,0.5,0.5 0.000367198
0.15,0.55,0 4.48659e-12
0.15,0.55,0.05 36.2771
0.15,0.55,0.1 282.9
0.15,0.55,0.15 354.354
0.15,0.55,0.2 480.954
0.15,0.55,0.25 707.954
0.15,0.55,0.3 831.141
0.15,0.55,0.35 835.512
0.15,0.55,0.4 299.821
0.15,0.55,0.45 34.1601
0.15,0.55,0.5 0.000281927
0.15,0.6,0 2.51649e-10
0.15,0.6,0.05 5.49873
0.15,0.6,0.1 72.2879
0.15,0.6,0.15 120.557
0.15,0.6,0.2 129.853
0.15,0.6,0.25 354.12
0.15,0.6,0.3 381.251
0.15,0.6,0.35 421.723
0.15,0.6,0.4 219.082
0.15,0.6,0.45 7.72146
0.15,0.6,0.5 7.20938e-06
0.15,0.65,0 1.34118e-09
0.15,0.65,0.05 27.4706
0.15,0.65,0.1 336.044
0.15,0.65,0.15 566.758
0.15,0.65,0.2 408.422
0.15,0.65,0.25 140.747
0.15,0.65,0.3 605.044
0.15,0.65,0.35 382.086
0.15,0.65,0.4 101.458
0.15,0.65,0.45 4.0257
0.15,0.7,0 4.45021e-10
0.15,0.7,0.05 9.05934
0.15,0.7,0.1 122.46
0.15,0.7,0.15 369.518
0.15,0.7,0.2 592.07
0.15,0.7,0.25 234.655
0.15,0.7,0.3 486.626
0.15,0.7,0.35 203.014
0.15,0.7,0.4 2.07604
0.15,0.7,0.45 0.0447924
0.15,0.75,0 2.92762e-13
0.15,0.75,0.05 0.00640596
0.15,0.75,0.1 4.0154
0.15,0.75,0.15 63.7172
0.15,0.75,0.2 242.392
0.15,0.75,0.25 240.683
0.15,0.75,0.3 103.789
0.15,0.75,0.35 20.8152
0.15,0.75,0.4 0.0240682
0.15,0.8,0.1 0.329046
0.15,0.8,0.15 7.27315
0.15,0.8,0.2 50.3524
0.15,0.8,0.25 104.753
0.15,0.8,0.3 40.3618
0.15,0.8,0.35 5.96954
0.15,0.85,0.1 0.00389018
0.15,0.85,0.15 0.0823309
0.15,0.85,0.2 0.64189
0.15,0.85,0.25 1.40024
0.15,0.85,0.3 0.400957
0.15,0.85,0.35 0.0463867
0.2,0,0.1 9.10015e-15
0.2,0,0.15 3.09715e-12
0.2,0,0.2 7.59759e-12
0.2,0,0.25 1.14375e-12
0.2,0.05,0 2.59192e-12
0.2,0.05,0.05 0.0526829
0.2,0.05,0.1 0.334674
0.2,0.05,0.15 41.0396
0.2,0.05,0.2 100.523
0.2,0.05,0.25 51.6685
0.2,0.05,0.3 96.707
0.2,0.05,0.35 17.092
0.2,0.1,0 1.75541e-09
0.2,0.1,0.05 35.6802
0.2,0.1,0.1 143.065
0.2,0.1,0.15 205.719
0.2,0.1,0.2 468.297
0.2,0.1,0.25 332.372
0.2,0.1,0.3 574.476
0.2,0.1,0.35 106.856
0.2,0.1,0.4 0.0140759
0.2,0.15,0 4.82184e-09
0.2,0.15,0.05 104.231
0.2,0.15,0.1 422.054
0.2,0.15,0.15 221.094
0.2,0.15,0.2 557.743
0.2,0.15,0.25 396.041
0.2,0.15,0.3 329.212
0.2,0.15,0.35 180.794
0.2,0.15,0.4 10.7202
0.2,0.15,0.45 3.5133e-06
0.2,0.2,0 9.79287e-10
0.2,0.2,0.05 87.6931
0.2,0.2,0.1 403.585
0.2,0.2,0.15 325.196
0.2,0.2,0.2 640.099
0.2,0.2,0.25 442.776
0.2,0.2,0.3 541.929
0.2,0.2,0.35 628.532
0.2,0.2,0.4 50.8706
0.2,0.2,0.45 0.00314946
0.2,0.25,0 9.87803e-11
0.2,0.25,0.05 134.472
0.2,0.25,0.1 584.391
0.2,0.25,0.15 319.098
0.2,0.25,0.2 556.116
0.2,0.25,0.25 594.606
0.2,0.25,0.3 552.471
0.2,0.25,0.35 354.736
0.2,0.25,0.4 26.6867
0.2,0.25,0.45 0.0089439
0.2,0.3,0 6.21766e-12
0.2,0.3,0.05 131.658
0.2,0.3,0.1 625.612
0.2,0.3,0.15 272.519
0.2,0.3,0.2 330.888
0.2,0.3,0.25 165.72
0.2,0.3,0.3 88.2037
0.2,0.3,0.35 31.9562
0.2,0.3,0.4 2.21697
0.2,0.3,0.45 0.00157688
0.2,0.35,0 9.72504e-11
0.2,0.35,0.05 63.7197
0.2,0.35,0.1 293.297
0.2,0.35,0.15 93.7121
0.2,0.35,0.2 17.5807
0.2,0.35,0.25 4.68121
0.2,0.35,0.3 0.116057
0.2,0.35,0.35 0.324782
0.2,0.35,0.4 0.0607856
0.2,0.4,0 4.12131e-10
0.2,0.4,0.05 45.3071
0.2,0.4,0.1 217.502
0.2,0.4,0.15 251.623
0.2,0.4,0.2 89.5583
0.2,0.4,0.25 6.30738
0.2,0.4,0.3 0.773361
0.2,0.4,0.35 0.356235
0.2,0.4,0.4 0.257844
0.2,0.4,0.45 0.0564003
0.2,0.45,0 2.51702e-10
0.2,0.45,0.05 45.39
0.2,0.45,0.1 265.096
0.2,0.45,0.15 656.193
0.2,0.45,0.2 438.419
0.2,0.45,0.25 234.364
0.2,0.45,0.3 179.2
0.2,0.45,0.35 171.951
0.2,0.45,0.4 99.5205
0.2,0.45,0.45 18.9178
0.2,0.45,0.5 8.25882e-05
0.2,0.5,0 2.25835e-10
0.2,0.5,0.05 86.3443
0.2,0.5,0.1 372.034
0.2,0.5,0.15 406.208
0.2,0.5,0.2 555.108
0.2,0.5,0.25 606.617
0.2,0.5,0.3 763.052
0.2,0.5,0.35 643.581
0.2,0.5,0.4 609.41
0.2,0.5,0.45 126.137
0.2,0.5,0.5 0.00123088
0.2,0.55,0 5.23116e-11
0.2,0.55,0.05 28.5338
0.2,0.55,0.1 178.146
0.2,0.55,0.15 315.849
0.2,0.55,0.2 392.323
0.2,0.55,0.25 449.63
0.2,0.55,0.3 676.7
0.2,0.55,0.35 561.167
0.2,0.55,0.4 476.559
0.2,0.55,0.45 85.0701
0.2,0.55,0.5 0.000945047
0.2,0.6,0 1.15922e-09
0.2,0.6,0.05 20.1968
0.2,0.6,0.1 186.592
0.2,0.6,0.15 351.043
0.2,0.6,0.2 324.897
0.2,0.6,0.25 484.239
0.2,0.6,0.3 407.211
0.2,0.6,0.35 288.908
0.2,0.6,0.4 130.918
0.2,0.6,0.45 9.68974
0.2,0.6,0.5 2.41665e-05
0.2,0.65,0 6.25721e-09
0.2,0.65,0.05 109.658
0.2,0.65,0.1 558.605
0.2,0.65,0.15 633.163
0.2,0.65,0.2 526.347
0.2,0.65,0.25 249.9
0.2,0.65,0.3 605.402
0.2,0.65,0.35 319.223
0.2,0.65,0.4 12.6369
0.2,0.65,0.45 0.452471
0.2,0.7,0 2.20837e-09
0.2,0.7,0.05 43.9464
0.2,0.7,0.1 321.453
0.2,0.7,0.15 666.777
0.2,0.7,0.2 553.553
0.2,0.7,0.25 431.117
0.2,0.7,0.3 580.29
0.2,0.7,0.35 162.117
0.2,0.7,0.4 1.5089
0.2,0.7,0.45 0.00194759
0.2,0.75,0 1.83253e-11
0.2,0.75,0.05 1.10301
0.2,0.75,0.1 58.2241
0.2,0.75,0.15 382.238
0.2,0.75,0.2 681.367
0.2,0.75,0.25 691.882
0.2,0.75,0.3 500.131
0.2,0.75,0.35 89.4582
0.2,0.75,0.4 0.0126395
0.2,0.8,0.05 0.0559113
0.2,0.8,0.1 15.1866
0.2,0.8,0.15 148.314
0.2,0.8,0.2 279.844
0.2,0.8,0.25 306.706
0.2,0.8,0.3 215.343
0.2,0.8,0.35 41.5601
0.2,0.85,0.05 0.000538232
0.2,0.85,0.1 0.159153
0.2,0.85,0.15 1.63389
0.2,0.85,0.2 2.5991
0.2,0.85,0.25 3.30362
0.2,0.85,0.3 1.85234
0.2,0.85,0.35 0.322943
0.25,0,0.1 1.99043e-15
0.25,0,0.15 6.77425e-13
0.25,0,0.2 6.08537e-12
0.25,0,0.25 9.32561e-11
0.25,0,0.3 8.83967e-11
0.25,0,0.35 3.50098e-12
0.25,0.05,0 1.08787e-12
0.25,0.05,0.05 0.0221119
0.25,0.05,0.1 0.732187
