0.05,0.1,0.05 1.04878
0.05,0.1,0.1 11.8115
0.05,0.1,0.15 7.44507
0.05,0.1,0.2 0.120392
0.05,0.1,0.25 0.000608991
0.05,0.15,0 1.83915e-16
0.05,0.15,0.05 6.14546
0.05,0.15,0.1 69.2151
0.05,0.15,0.15 45.7418
0.05,0.15,0.2 5.90298
0.05,0.15,0.25 0.803707
0.05,0.15,0.3 0.14509
0.05,0.15,0.35 0.199661
0.05,0.15,0.4 0.016034
0.05,0.2,0 6.19752e-15
0.05,0.2,0.05 2.26319
0.05,0.2,0.1 25.2756
0.05,0.2,0.15 22.215
0.05,0.2,0.2 17.4045
0.05,0.2,0.25 20.8882
0.05,0.2,0.3 17.4487
0.05,0.2,0.35 8.41714
0.05,0.2,0.4 0.660664
0.05,0.25,0 5.6899e-14
0.05,0.25,0.05 0.369752
0.05,0.25,0.1 1.50921
0.05,0.25,0.15 2.80948
0.05,0.25,0.2 10.5464
0.05,0.25,0.25 55.2203
0.05,0.25,0.3 42.3406
0.05,0.25,0.35 11.5344
0.05,0.25,0.4 0.880475
0.05,0.3,0 3.84023e-14
0.05,0.3,0.05 0.250637
0.05,0.3,0.1 1.00709
0.05,0.3,0.15 1.67803
0.05,0.3,0.2 4.28235
0.05,0.3,0.25 10.424
0.05,0.3,0.3 6.89905
0.05,0.3,0.35 0.866596
0.05,0.3,0.4 0.0611363
0.05,0.35,0 2.9298e-10
0.05,0.35,0.05 1.34787
0.05,0.35,0.1 5.38205
0.05,0.35,0.15 1.42007
0.05,0.35,0.2 0.185019
0.05,0.35,0.25 0.027203
0.05,0.4,0 1.17859e-09
0.05,0.4,0.05 5.4024
0.05,0.4,0.1 21.5787
0.05,0.4,0.15 5.5917
0.05,0.4,0.2 0.369774
0.05,0.4,0.25 0.06099
0.05,0.4,0.3 4.22886e-07
0.05,0.45,0 2.96394e-10
0.05,0.45,0.05 1.40132
0.05,0.45,0.1 5.7237
0.05,0.45,0.15 17.3394
0.05,0.45,0.2 56.7645
0.05,0.45,0.25 13.9609
0.05,0.45,0.3 0.00108955
0.05,0.45,0.35 0.00419506
0.05,0.45,0.4 0.0015643
0.05,0.45,0.45 2.6731e-06
0.05,0.5,0 1.42835e-12
0.05,0.5,0.05 0.876939
0.05,0.5,0.1 3.60958
0.05,0.5,0.15 35.1926
0.05,0.5,0.2 134.934
0.05,0.5,0.25 37.6983
0.05,0.5,0.3 1.97767
0.05,0.5,0.35 0.168607
0.05,0.5,0.4 0.0510698
0.05,0.5,0.45 8.72688e-05
0.05,0.55,0 1.33311e-12
0.05,0.55,0.05 0.818467
0.05,0.55,0.1 3.27569
0.05,0.55,0.15 7.28002
0.05,0.55,0.2 33.6733
0.05,0.55,0.25 73.6581
0.05,0.55,0.3 35.6509
0.05,0.55,0.35 0.517118
0.05,0.55,0.4 0.0611987
0.05,0.55,0.45 0.000104577
0.05,0.6,0 5.10195e-14
0.05,0.6,0.05 0.0313236
0.05,0.6,0.1 0.125271
0.05,0.6,0.15 2.38298
0.05,0.6,0.2 17.4596
0.05,0.6,0.25 78.5597
0.05,0.6,0.3 45.2423
0.05,0.6,0.35 3.37341
0.05,0.6,0.4 0.0292278
0.05,0.6,0.45 6.17033e-06
0.05,0.65,0.1 1.80915e-06
0.05,0.65,0.15 0.887662
0.05,0.65,0.2 6.21057
0.05,0.65,0.25 9.70352
0.05,0.65,0.3 28.0433
0.05,0.65,0.35 13.375
0.05,0.65,0.4 0.113421
0.05,0.7,0.15 10.7112
0.05,0.7,0.2 77.2001
0.05,0.7,0.25 34.6588
0.05,0.7,0.3 7.26532
0.05,0.7,0.35 3.69464
0.05,0.7,0.4 0.03138
0.05,0.75,0.15 8.47239
0.05,0.75,0.2 61.0643
0.05,0.75,0.25 26.7735
0.05,0.75,0.3 0.114286
0.05,0.75,0.35 0.000129479
0.05,0.75,0.4 1.09972e-06
0.05,0.8,0.15 0.23146
0.05,0.8,0.2 1.66824
0.05,0.8,0.25 0.731435
0.05,0.8,0.3 0.00311541
0.1,0,0.1 2.01027e-19
0.1,0,0.15 6.84176e-17
0.1,0,0.2 2.02121e-14
0.1,0,0.25 1.40043e-13
0.1,0,0.3 5.97136e-14
0.1,0,0.35 2.22277e-16
0.1,0.05,0.1 2.64753e-06
0.1,0.05,0.15 0.000901064
0.1,0.05,0.2 0.275795
0.1,0.05,0.25 1.91144
0.1,0.05,0.3 0.81503
0.1,0.05,0.35 0.00303385
0.1,0.1,0.05 5.31573
0.1,0.1,0.1 59.8667
0.1,0.1,0.15 37.7716
0.1,0.1,0.2 2.00825
0.1,0.1,0.25 7.94408
0.1,0.1,0.3 3.35834
0.1,0.1,0.35 0.0256123
0.1,0.15,0 1.61724e-12
0.1,0.15,0.05 33.9379
0.1,0.15,0.1 362.072
0.1,0.15,0.15 266.021
0.1,0.15,0.2 110.244
0.1,0.15,0.25 23.3438
0.1,0.15,0.3 7.80599
0.1,0.15,0.35 4.57461
0.1,0.15,0.4 0.316514
0.1,0.2,0 1.6235e-11
0.1,0.2,0.05 41.768
0.1,0.2,0.1 249.635
0.1,0.2,0.15 243.31
0.1,0.2,0.2 334.161
0.1,0.2,0.25 175.524
0.1,0.2,0.3 192.854
0.1,0.2,0.35 164.417
0.1,0.2,0.4 13.0416
0.1,0.25,0 1.52925e-11
0.1,0.25,0.05 57.379
0.1,0.25,0.1 229.92
0.1,0.25,0.15 149.175
0.1,0.25,0.2 249.671
0.1,0.25,0.25 390.586
0.1,0.25,0.3 374.407
0.1,0.25,0.35 220.038
0.1,0.25,0.4 17.3807
0.1,0.3,0 4.52776e-12
0.1,0.3,0.05 29.4396
0.1,0.3,0.1 117.982
0.1,0.3,0.15 102.885
0.1,0.3,0.2 182.093
0.1,0.3,0.25 91.5818
0.1,0.3,0.3 51.9878
0.1,0.3,0.35 15.6976
0.1,0.3,0.4 1.20684
0.1,0.35,0 4.53774e-09
0.1,0.35,0.05 21.5211
0.1,0.35,0.1 85.9469
0.1,0.35,0.15 25.4082
0.1,0.35,0.2 9.51528
0.1,0.35,0.25 1.39901
0.1,0.4,0 1.82539e-08
0.1,0.4,0.05 83.6724
0.1,0.4,0.1 334.634
0.1,0.4,0.15 93.1045
0.1,0.4,0.2 9.66329
0.1,0.4,0.25 0.688454
0.1,0.4,0.3 1.30884e-05
0.1,0.45,0 4.59333e-09
0.1,0.45,0.05 24.2029
0.1,0.45,0.1 105.22
0.1,0.45,0.15 255.759
0.1,0.45,0.2 454.161
0.1,0.45,0.25 84.6222
0.1,0.45,0.3 0.500504
0.1,0.45,0.35 2.89268
0.1,0.45,0.4 1.07906
0.1,0.45,0.45 0.00184392
0.1,0.5,0 7.41507e-11
0.1,0.5,0.05 48.4075
0.1,0.5,0.1 200.764
0.1,0.5,0.15 386.563
0.1,0.5,0.2 907.135
0.1,0.5,0.25 261.724
0.1,0.5,0.3 63.5048
0.1,0.5,0.35 95.8938
0.1,0.5,0.4 35.287
0.1,0.5,0.45 0.061684
0.1,0.55,0 6.84532e-11
0.1,0.55,0.05 42.7024
0.1,0.55,0.1 171.666
0.1,0.55,0.15 160.969
0.1,0.55,0.2 390.891
0.1,0.55,0.25 545.546
0.1,0.55,0.3 358.616
0.1,0.55,0.35 159.594
0.1,0.55,0.4 45.04
0.1,0.55,0.45 0.0823212
0.1,0.6,0 2.61038e-12
0.1,0.6,0.05 1.88755
0.1,0.6,0.1 10.0906
0.1,0.6,0.15 72.9702
0.1,0.6,0.2 289.836
0.1,0.6,0.25 467.12
0.1,0.6,0.3 441.311
0.1,0.6,0.35 136.261
0.1,0.6,0.4 7.78775
0.1,0.6,0.45 0.00852694
0.1,0.65,0.05 2.13485
0.1,0.65,0.1 25.9391
0.1,0.65,0.15 26.5415
0.1,0.65,0.2 47.8567
0.1,0.65,0.25 86.1982
0.1,0.65,0.3 377.587
0.1,0.65,0.35 181.421
0.1,0.65,0.4 1.96268
0.1,0.65,0.45 1.45976e-05
0.1,0.7,0.05 5.86925
0.1,0.7,0.1 70.8471
0.1,0.7,0.15 95.6836
0.1,0.7,0.2 339.663
0.1,0.7,0.25 180.656
0.1,0.7,0.3 117.267
0.1,0.7,0.35 49.0838
0.1,0.7,0.4 0.39338
0.1,0.75,0.05 1.14477
0.1,0.75,0.1 14.2536
0.1,0.75,0.15 56.3714
0.1,0.75,0.2 270.206
0.1,0.75,0.25 130.127
0.1,0.75,0.3 12.6714
0.1,0.75,0.35 0.705245
0.1,0.75,0.4 1.37861e-05
0.1,0.8,0.1 0.335208
0.1,0.8,0.15 9.53147
0.1,0.8,0.2 16.6897
0.1,0.8,0.25 4.90002
0.1,0.8,0.3 0.339496
0.1,0.8,0.35 0.00160897
0.1,0.85,0.1 0.00831789
0.1,0.85,0.15 0.227871
0.1,0.85,0.2 0.787838
0.1,0.85,0.25 0.721909
0.1,0.85,0.3 0.0455504
0.1,0.9,0.15 0.000426414
0.1,0.9,0.2 0.0155817
0.1,0.9,0.25 0.0196837
0.1,0.9,0.3 0.00126087
0.15,0,0.1 2.5992e-15
0.15,0,0.15 8.84613e-13
0.15,0,0.2 2.8455e-12
0.15,0,0.25 5.0451e-12
0.15,0,0.3 2.01227e-12
0.15,0,0.35 7.49043e-15
0.15,0.05,0 3.77742e-13
0.15,0.05,0.05 0.00767793
0.15,0.05,0.1 0.0649096
0.15,0.05,0.15 11.6629
0.15,0.05,0.2 38.4337
0.15,0.05,0.25 69.9671
0.15,0.05,0.3 27.6149
0.15,0.05,0.35 0.102237
0.15,0.1,0 2.55832e-10
0.15,0.1,0.05 6.88012
0.15,0.1,0.1 39.8359
0.15,0.1,0.15 64.0864
0.15,0.1,0.2 163.257
0.15,0.1,0.25 291.838
0.15,0.1,0.3 114.296
0.15,0.1,0.35 0.909557
0.15,0.15,0 7.0896e-10
0.15,0.15,0.05 33.8197
0.15,0.15,0.1 207.028
0.15,0.15,0.15 167.367
0.15,0.15,0.2 313.359
0.15,0.15,0.25 305.943
0.15,0.15,0.3 197.869
0.15,0.15,0.35 29.0536
0.15,0.15,0.4 0.28994
0.15,0.2,0 2.0535e-10
0.15,0.2,0.05 107.7
0.15,0.2,0.1 458.658
0.15,0.2,0.15 409.026
0.15,0.2,0.2 717.323
0.15,0.2,0.25 429.048
0.15,0.2,0.3 426.271
0.15,0.2,0.35 189.552
0.15,0.2,0.4 11.9466
0.15,0.25,0 6.20458e-11
0.15,0.25,0.05 149.871
0.15,0.25,0.1 600.676
0.15,0.25,0.15 347.935
0.15,0.25,0.2 476.835
0.15,0.25,0.25 485.528
0.15,0.25,0.3 389.461
0.15,0.25,0.35 204.959
0.15,0.25,0.4 15.9214
0.15,0.3,0 1.0722e-11
0.15,0.3,0.05 110.086
0.15,0.3,0.1 440.657
0.15,0.3,0.15 218.431
0.15,0.3,0.2 269.044
0.15,0.3,0.25 123.721
0.15,0.3,0.3 56.5407
0.15,0.3,0.35 14.2893
0.15,0.3,0.4 1.10551
0.15,0.35,0 3.57402e-09
0.15,0.35,0.05 35.802
0.15,0.35,0.1 143.107
0.15,0.35,0.15 41.5591
0.15,0.35,0.2 13.9854
0.15,0.35,0.25 2.06683
0.15,0.35,0.3 2.99296e-06
0.15,0.4,0 1.43752e-08
0.15,0.4,0.05 65.9721
0.15,0.4,0.1 274.789
0.15,0.4,0.15 115.412
0.15,0.4,0.2 23.5578
0.15,0.4,0.25 0.692874
0.15,0.4,0.3 0.00426894
0.15,0.45,0 3.62577e-09
0.15,0.45,0.05 40.6886
0.15,0.45,0.1 223.505
0.15,0.45,0.15 548.835
0.15,0.45,0.2 460.51
0.15,0.45,0.25 89.3284
0.15,0.45,0.3 8.53325
0.15,0.45,0.35 9.68043
0.15,0.45,0.4 3.14235
0.15,0.45,0.45 0.00505986
0.15,0.5,0 1.29619e-10
0.15,0.5,0.05 141.716
0.15,0.5,0.1 597.928
0.15,0.5,0.15 681.477
0.15,0.5,0.2 849.129
0.15,0.5,0.25 377.691
0.15,0.5,0.3 165.738
0.15,0.5,0.35 334.447
0.15,0.5,0.4 118.338
0.15,0.5,0.45 0.828772
0.15,0.55,0 1.04748e-10
0.15,0.55,0.05 79.1674
0.15,0.55,0.1 325.084
0.15,0.55,0.15 342.787
0.15,0.55,0.2 655.499
0.15,0.55,0.25 783.844
0.15,0.55,0.3 637.026
0.15,0.55,0.35 672.645
0.15,0.55,0.4 242.011
0.15,0.55,0.45 4.74712
0.15,0.6,0 3.81026e-12
0.15,0.6,0.05 18.1001
0.15,0.6,0.1 180.933
0.15,0.6,0.15 201.561
0.15,0.6,0.2 353.005
0.15,0.6,0.25 565.85
0.15,0.6,0.3 837.62
0.15,0.6,0.35 470.943
0.15,0.6,0.4 74.3809
0.15,0.6,0.45 1.91951
0.15,0.65,0 3.90585e-16
0.15,0.65,0.05 41.1109
0.15,0.65,0.1 341.272
0.15,0.65,0.15 220.685
0.15,0.65,0.2 111.535
0.15,0.65,0.25 156.568
0.15,0.65,0.3 449.894
0.15,0.65,0.35 178.607
0.15,0.65,0.4 3.54966
0.15,0.65,0.45 0.00652163
0.15,0.7,0 7.31742e-11
0.15,0.7,0.05 37.687
0.15,0.7,0.1 390.553
0.15,0.7,0.15 349.004
0.15,0.7,0.2 466.713
0.15,0.7,0.25 521.936
0.15,0.7,0.3 504.814
0.15,0.7,0.35 80.5655
0.15,0.7,0.4 0.268176
0.15,0.7,0.45 2.63995e-09
0.15,0.75,0 8.07812e-10
0.15,0.75,0.05 13.684
0.15,0.75,0.1 114.808
0.15,0.75,0.15 329.656
0.15,0.75,0.2 472.36
0.15,0.75,0.25 337.64
0.15,0.75,0.3 186.206
0.15,0.75,0.35 12.8444
0.15,0.75,0.4 9.39427e-06
0.15,0.8,0 5.02554e-10
0.15,0.8,0.05 4.97887
0.15,0.8,0.1 46.8235
0.15,0.8,0.15 259.198
0.15,0.8,0.2 324.702
0.15,0.8,0.25 146.457
0.15,0.8,0.3 11.5352
0.15,0.8,0.35 0.0254643
0.15,0.85,0 7.6256e-12
0.15,0.85,0.05 0.0755582
0.15,0.85,0.1 4.96824
0.15,0.85,0.15 25.2149
0.15,0.85,0.2 86.9864
0.15,0.85,0.25 97.7986
0.15,0.85,0.3 6.24187
0.15,0.9,0.15 0.0584324
0.15,0.9,0.2 2.1352
0.15,0.9,0.25 2.6973
0.15,0.9,0.3 0.17278
0.2,0,0.1 1.21643e-14
0.2,0,0.15 3.22306e-12
0.2,0,0.2 8.58693e-12
0.2,0,0.25 6.89561e-12
0.2,0,0.3 2.44805e-12
0.2,0,0.35 9.11257e-15
0.2,0.05,0 2.59192e-12
0.2,0.05,0.05 0.0526829
0.2,0.05,0.1 2.46048
0.2,0.05,0.15 53.6734
0.2,0.05,0.2 138.623
0.2,0.05,0.25 138.311
0.2,0.05,0.3 38.7224
0.2,0.05,0.35 0.124377
0.2,0.1,0 1.75541e-09
0.2,0.1,0.05 35.8813
0.2,0.1,0.1 160.995
0.2,0.1,0.15 296.368
0.2,0.1,0.2 612.788
0.2,0.1,0.25 628.653
0.2,0.1,0.3 166.905
0.2,0.1,0.35 1.13864
0.2,0.1,0.4 0.000216084
0.2,0.15,0 4.92556e-09
0.2,0.15,0.05 108.406
0.2,0.15,0.1 455.091
0.2,0.15,0.15 251.059
0.2,0.15,0.2 458.183
0.2,0.15,0.25 495.358
0.2,0.15,0.3 345.166
0.2,0.15,0.35 50.1115
0.2,0.15,0.4 0.0742687
0.2,0.2,0 2.02103e-09
0.2,0.2,0.05 103.309
0.2,0.2,0.1 425.232
0.2,0.2,0.15 371.112
0.2,0.2,0.2 779.516
0.2,0.2,0.25 605.423
0.2,0.2,0.3 792.179
0.2,0.2,0.35 137.954
0.2,0.2,0.4 0.592873
0.2,0.25,0 7.042e-10
0.2,0.25,0.05 146.589
0.2,0.25,0.1 590.128
0.2,0.25,0.15 368.003
0.2,0.25,0.2 489.759
0.2,0.25,0.25 436.432
0.2,0.25,0.3 400.263
0.2,0.25,0.35 55.2511
0.2,0.25,0.4 0.610086
0.2,0.3,0 1.80979e-11
0.2,0.3,0.05 157.162
0.2,0.3,0.1 630.677
0.2,0.3,0.15 263.905
0.2,0.3,0.2 260.732
0.2,0.3,0.25 116.916
0.2,0.3,0.3 43.2743
0.2,0.3,0.35 3.01514
0.2,0.3,0.4 0.0408231
0.2,0.35,0 9.75765e-11
0.2,0.35,0.05 54.7258
0.2,0.35,0.1 219.168
0.2,0.35,0.15 59.6385
0.2,0.35,0.2 16.4367
0.2,0.35,0.25 4.30281
0.2,0.35,0.3 0.0463647
0.2,0.35,0.35 0.00771775
0.2,0.4,0 3.99728e-10
0.2,0.4,0.05 24.183
0.2,0.4,0.1 154.492
0.2,0.4,0.15 173.448
0.2,0.4,0.2 31.2115
0.2,0.4,0.25 0.635746
0.2,0.4,0.3 0.0188952
0.2,0.45,0 1.70118e-10
0.2,0.45,0.05 40.7807
0.2,0.45,0.1 368.432
0.2,0.45,0.15 783.566
0.2,0.45,0.2 355.455
0.2,0.45,0.25 141.787
0.2,0.45,0.3 20.9002
0.2,0.45,0.35 9.08609
0.2,0.45,0.4 1.29307
0.2,0.45,0.45 0.000860229
0.2,0.5,0 1.27339e-10
0.2,0.5,0.05 98.887
0.2,0.5,0.1 457.732
0.2,0.5,0.15 655.234
0.2,0.5,0.2 762.198
0.2,0.5,0.25 656.218
0.2,0.5,0.3 255.56
0.2,0.5,0.35 358.853
0.2,0.5,0.4 90.4748
0.2,0.5,0.45 1.73863
0.2,0.55,0 5.16535e-11
0.2,0.55,0.05 46.1065
0.2,0.55,0.1 194.711
0.2,0.55,0.15 182.419
0.2,0.55,0.2 429.777
0.2,0.55,0.25 842.518
0.2,0.55,0.3 613.198
0.2,0.55,0.35 888.507
0.2,0.55,0.4 388.224
0.2,0.55,0.45 11.7593
0.2,0.6,0 3.46351e-11
0.2,0.6,0.05 60.9672
0.2,0.6,0.1 393.001
0.2,0.6,0.15 219.49
0.2,0.6,0.2 188.303
0.2,0.6,0.25 507.392
0.2,0.6,0.3 500.933
0.2,0.6,0.35 473.585
0.2,0.6,0.4 182.667
0.2,0.6,0.45 4.91987
0.2,0.65,0 2.88751e-11
0.2,0.65,0.05 128.1
0.2,0.65,0.1 688.113
0.2,0.65,0.15 485.421
0.2,0.65,0.2 440.752
0.2,0.65,0.25 238.955
0.2,0.65,0.3 221.37
0.2,0.65,0.35 108.54
0.2,0.65,0.4 18.7405
0.2,0.65,0.45 0.0172098
0.2,0.7,0 1.34233e-09
0.2,0.7,0.05 70.9989
0.2,0.7,0.1 393.379
0.2,0.7,0.15 541.734
0.2,0.7,0.2 623.722
0.2,0.7,0.25 495.092
0.2,0.7,0.3 669.686
0.2,0.7,0.35 110.863
0.2,0.7,0.4 0.128052
0.2,0.7,0.45 2.85763e-06
0.2,0.75,0 1.22752e-08
0.2,0.75,0.05 123.94
0.2,0.75,0.1 562.876
0.2,0.75,0.15 721.911
0.2,0.75,0.2 728.072
0.2,0.75,0.25 319.913
0.2,0.75,0.3 259.207
0.2,0.75,0.35 36.4302
0.2,0.75,0.4 1.80652e-07
0.2,0.8,0 6.91188e-09
0.2,0.8,0.05 68.2401
0.2,0.8,0.1 375.894
0.2,0.8,0.15 699.063
0.2,0.8,0.2 668.162
0.2,0.8,0.25 295.855
0.2,0.8,0.3 18.7306
0.2,0.8,0.35 0.0881196
0.2,0.85,0 8.5906e-11
0.2,0.85,0.05 0.850154
0.2,0.85,0.1 24.3335
0.2,0.85,0.15 97.742
0.2,0.85,0.2 186.228
0.2,0.85,0.25 196.679
0.2,0.85,0.3 12.5367
0.2,0.9,0.15 0.117361
0.2,0.9,0.2 4.28854
0.2,0.9,0.25 5.4175
0.2,0.9,0.3 0.347027
0.25,0,0.1 4.4342e-13
0.25,0,0.15 1.88157e-11
0.25,0,0.2 3.02791e-11
0.25,0,0.25 9.52765e-11
0.25,0,0.3 8.85446e-11
0.25,0,0.35 3.50153e-12
0.25,0.05,0 1.08787e-12
0.25,0.05,0.05 0.0221119
0.25,0.05,0.1 9.4635
0.25,0.05,0.15 88.9617
0.25,0.05,0.2 108.584
0.25,0.05,0.25 81.1078
0.25,0.05,0.3 22.3303
0.25,0.05,0.35 0.549752
0.25,0.1,0 7.36776e-10
0.25,0.1,0.05 17.1208
0.25,0.1,0.1 147.62
0.25,0.1,0.15 566.921
0.25,0.1,0.2 563.056
0.25,0.1,0.25 417.148
0.25,0.1,0.3 107.697
0.25,0.1,0.35 3.15256
0.25,0.1,0.4 0.0135889
0.25,0.15,0 2.17013e-09
0.25,0.15,0.05 79.0485
0.25,0.15,0.1 500.743
