0.25,0.25,0.05 89.4101
0.25,0.25,0.1 363.677
0.25,0.25,0.15 378.633
0.25,0.25,0.2 614.441
0.25,0.25,0.25 282.676
0.25,0.25,0.3 498.006
0.25,0.25,0.35 282.546
0.25,0.25,0.4 11.0628
0.25,0.3,0 1.46327e-11
0.25,0.3,0.05 45.9999
0.25,0.3,0.1 199.766
0.25,0.3,0.15 338.564
0.25,0.3,0.2 576.77
0.25,0.3,0.25 197.964
0.25,0.3,0.3 190.256
0.25,0.3,0.35 136.429
0.25,0.3,0.4 3.80947
0.25,0.35,0 1.69346e-13
0.25,0.35,0.05 79.1065
0.25,0.35,0.1 407.278
0.25,0.35,0.15 305.132
0.25,0.35,0.2 124.026
0.25,0.35,0.25 20.9833
0.25,0.35,0.3 32.3449
0.25,0.35,0.35 25.6918
0.25,0.35,0.4 0.775177
0.25,0.4,0 7.10962e-12
0.25,0.4,0.05 107.097
0.25,0.4,0.1 506.051
0.25,0.4,0.15 357.07
0.25,0.4,0.2 126.633
0.25,0.4,0.25 21.9973
0.25,0.4,0.3 0.874992
0.25,0.45,0 5.94578e-10
0.25,0.45,0.05 149.273
0.25,0.45,0.1 657.182
0.25,0.45,0.15 451.264
0.25,0.45,0.2 329.247
0.25,0.45,0.25 271.254
0.25,0.45,0.3 78.1036
0.25,0.45,0.35 50.7118
0.25,0.45,0.4 9.96545
0.25,0.45,0.45 0.442927
0.25,0.5,0 1.63398e-09
0.25,0.5,0.05 181.245
0.25,0.5,0.1 736.047
0.25,0.5,0.15 342.727
0.25,0.5,0.2 436.137
0.25,0.5,0.25 634.249
0.25,0.5,0.3 577.135
0.25,0.5,0.35 495.503
0.25,0.5,0.4 245.759
0.25,0.5,0.45 14.1195
0.25,0.55,0 2.49163e-09
0.25,0.55,0.05 92.8975
0.25,0.55,0.1 494.555
0.25,0.55,0.15 293.526
0.25,0.55,0.2 226.033
0.25,0.55,0.25 547.18
0.25,0.55,0.3 681.68
0.25,0.55,0.35 667.638
0.25,0.55,0.4 401.87
0.25,0.55,0.45 20.4668
0.25,0.6,0 1.73455e-08
0.25,0.6,0.05 30.5275
0.25,0.6,0.1 335.47
0.25,0.6,0.15 463.382
0.25,0.6,0.2 504.119
0.25,0.6,0.25 462.752
0.25,0.6,0.3 476.83
0.25,0.6,0.35 565.226
0.25,0.6,0.4 289.474
0.25,0.6,0.45 8.06867
0.25,0.65,0 1.10698e-08
0.25,0.65,0.05 79.9473
0.25,0.65,0.1 358.956
0.25,0.65,0.15 404.509
0.25,0.65,0.2 573.277
0.25,0.65,0.25 256.631
0.25,0.65,0.3 312.742
0.25,0.65,0.35 314.55
0.25,0.65,0.4 149.09
0.25,0.65,0.45 2.60254
0.25,0.7,0 2.20483e-09
0.25,0.7,0.05 113.115
0.25,0.7,0.1 519.576
0.25,0.7,0.15 441.768
0.25,0.7,0.2 412.535
0.25,0.7,0.25 321.934
0.25,0.7,0.3 246.419
0.25,0.7,0.35 81.2869
0.25,0.7,0.4 19.5446
0.25,0.7,0.45 0.306629
0.25,0.75,0 5.0652e-10
0.25,0.75,0.05 110.802
0.25,0.75,0.1 520.524
0.25,0.75,0.15 470.295
0.25,0.75,0.2 339.959
0.25,0.75,0.25 276.351
0.25,0.75,0.3 74.7734
0.25,0.75,0.35 3.23088
0.25,0.8,0 1.22902e-10
0.25,0.8,0.05 35.8333
0.25,0.8,0.1 175.023
0.25,0.8,0.15 239.281
0.25,0.8,0.2 208.801
0.25,0.8,0.25 120.123
0.25,0.8,0.3 55.784
0.25,0.8,0.35 0.79712
0.25,0.85,0 1.35324e-13
0.25,0.85,0.05 0.0401242
0.25,0.85,0.1 0.592224
0.25,0.85,0.15 6.40785
0.25,0.85,0.2 8.59985
0.25,0.85,0.25 9.55943
0.25,0.85,0.3 5.3765
0.25,0.85,0.35 0.0786979
0.3,0,0.1 8.98235e-13
0.3,0,0.15 3.69085e-11
0.3,0,0.2 7.2462e-11
0.3,0,0.25 4.93977e-10
0.3,0,0.3 4.6626e-10
0.3,0,0.35 1.84664e-11
0.3,0.05,0 8.01219e-13
0.3,0.05,0.05 0.302368
0.3,0.05,0.1 2.65306
0.3,0.05,0.15 59.9929
0.3,0.05,0.2 84.5896
0.3,0.05,0.25 83.2377
0.3,0.05,0.3 73.3911
0.3,0.05,0.35 2.91615
0.3,0.1,0 3.75156e-11
0.3,0.1,0.05 13.3133
0.3,0.1,0.1 64.8627
0.3,0.1,0.15 294.463
0.3,0.1,0.2 420.317
0.3,0.1,0.25 383.159
0.3,0.1,0.3 359.899
0.3,0.1,0.35 22.8927
0.3,0.1,0.4 0.003101
0.3,0.15,0 6.5408e-11
0.3,0.15,0.05 23.7074
0.3,0.15,0.1 146.058
0.3,0.15,0.15 446.73
0.3,0.15,0.2 534.161
0.3,0.15,0.25 350.63
0.3,0.15,0.3 547.683
0.3,0.15,0.35 178.642
0.3,0.15,0.4 16.0651
0.3,0.2,0 1.11393e-10
0.3,0.2,0.05 77.9943
0.3,0.2,0.1 376.963
0.3,0.2,0.15 624.334
0.3,0.2,0.2 564.417
0.3,0.2,0.25 444.63
0.3,0.2,0.3 695.179
0.3,0.2,0.35 427.126
0.3,0.2,0.4 54.1211
0.3,0.25,0 6.21894e-11
0.3,0.25,0.05 96.0636
0.3,0.25,0.1 402.597
0.3,0.25,0.15 263.265
0.3,0.25,0.2 239.233
0.3,0.25,0.25 438.257
0.3,0.25,0.3 591.825
0.3,0.25,0.35 301.523
0.3,0.25,0.4 16.0224
0.3,0.3,0 8.79453e-13
0.3,0.3,0.05 34.2927
0.3,0.3,0.1 177.802
0.3,0.3,0.15 430.763
0.3,0.3,0.2 492.958
0.3,0.3,0.25 455.132
0.3,0.3,0.3 484.878
0.3,0.3,0.35 299.517
0.3,0.3,0.4 8.44613
0.3,0.35,0 1.14418e-15
0.3,0.35,0.05 43.702
0.3,0.35,0.1 375.666
0.3,0.35,0.15 748.084
0.3,0.35,0.2 520.96
0.3,0.35,0.25 80.518
0.3,0.35,0.3 80.2407
0.3,0.35,0.35 56.4404
0.3,0.35,0.4 1.6857
0.3,0.4,0 8.54484e-12
0.3,0.4,0.05 115.454
0.3,0.4,0.1 623.251
0.3,0.4,0.15 765.181
0.3,0.4,0.2 473.683
0.3,0.4,0.25 41.7849
0.3,0.4,0.3 0.589908
0.3,0.4,0.35 0.0383475
0.3,0.4,0.4 0.0122832
0.3,0.4,0.45 5.56937e-06
0.3,0.45,0 4.5765e-10
0.3,0.45,0.05 83.0858
0.3,0.45,0.1 392.309
0.3,0.45,0.15 514.562
0.3,0.45,0.2 487.94
0.3,0.45,0.25 191.448
0.3,0.45,0.3 74.4071
0.3,0.45,0.35 45.591
0.3,0.45,0.4 3.96491
0.3,0.45,0.45 0.0309952
0.3,0.5,0 1.03732e-09
0.3,0.5,0.05 121.016
0.3,0.5,0.1 488.26
0.3,0.5,0.15 210.77
0.3,0.5,0.2 244.19
0.3,0.5,0.25 354.718
0.3,0.5,0.3 547.065
0.3,0.5,0.35 310.19
0.3,0.5,0.4 36.1378
0.3,0.5,0.45 0.823723
0.3,0.55,0 6.18982e-08
0.3,0.55,0.05 82.3185
0.3,0.55,0.1 351.668
0.3,0.55,0.15 266.124
0.3,0.55,0.2 284.995
0.3,0.55,0.25 455.799
0.3,0.55,0.3 611.743
0.3,0.55,0.35 216.327
0.3,0.55,0.4 48.5936
0.3,0.55,0.45 1.37856
0.3,0.6,0 5.15621e-07
0.3,0.6,0.05 71.4907
0.3,0.6,0.1 322.915
0.3,0.6,0.15 328.788
0.3,0.6,0.2 525.735
0.3,0.6,0.25 487.561
0.3,0.6,0.3 752.31
0.3,0.6,0.35 411.195
0.3,0.6,0.4 126.257
0.3,0.6,0.45 2.47091
0.3,0.65,0 2.57486e-07
0.3,0.65,0.05 79.1817
0.3,0.65,0.1 326.314
0.3,0.65,0.15 202.613
0.3,0.65,0.2 324.126
0.3,0.65,0.25 492.685
0.3,0.65,0.3 661.762
0.3,0.65,0.35 655.278
0.3,0.65,0.4 243.536
0.3,0.65,0.45 4.04784
0.3,0.7,0 2.72939e-09
0.3,0.7,0.05 73.4813
0.3,0.7,0.1 333.77
0.3,0.7,0.15 346.512
0.3,0.7,0.2 518.316
0.3,0.7,0.25 269.268
0.3,0.7,0.3 97.4511
0.3,0.7,0.35 90.7772
0.3,0.7,0.4 37.3943
0.3,0.7,0.45 0.598718
0.3,0.75,0 1.92677e-10
0.3,0.75,0.05 37.0198
0.3,0.75,0.1 230.893
0.3,0.75,0.15 434.536
0.3,0.75,0.2 234.768
0.3,0.75,0.25 75.1919
0.3,0.75,0.3 4.42641
0.3,0.75,0.35 0.0565517
0.3,0.8,0 3.77107e-11
0.3,0.8,0.05 10.9719
0.3,0.8,0.1 54.4857
0.3,0.8,0.15 63.2258
0.3,0.8,0.2 47.951
0.3,0.8,0.25 34.2887
0.3,0.8,0.3 1.84507
0.3,0.8,0.35 1.86741e-05
0.3,0.85,0 4.15224e-14
0.3,0.85,0.05 0.0120815
0.3,0.85,0.1 0.0533906
0.3,0.85,0.15 0.222354
0.3,0.85,0.2 1.56737
0.3,0.85,0.25 1.55772
0.3,0.85,0.3 0.0827562
0.3,0.85,0.35 1.84365e-06
0.35,0,0.1 1.0915e-13
0.35,0,0.15 4.48499e-12
0.35,0,0.2 1.36352e-11
0.35,0,0.25 1.61573e-10
0.35,0,0.3 1.53173e-10
0.35,0,0.35 6.06646e-12
0.35,0.05,0 3.76251e-12
0.35,0.05,0.05 1.42621
0.35,0.05,0.1 5.87794
0.35,0.05,0.15 8.64127
0.35,0.05,0.2 11.3833
0.35,0.05,0.25 26.7402
0.35,0.05,0.3 23.8453
0.35,0.05,0.35 0.939581
0.35,0.1,0 1.65066e-10
0.35,0.1,0.05 63.3077
0.35,0.1,0.1 254.601
0.35,0.1,0.15 93.139
0.35,0.1,0.2 68.6401
0.35,0.1,0.25 155.091
0.35,0.1,0.3 118.633
0.35,0.1,0.35 7.07538
0.35,0.1,0.4 0.000264142
0.35,0.15,0 2.2661e-10
0.35,0.15,0.05 99.8391
0.35,0.15,0.1 413.197
0.35,0.15,0.15 182.982
0.35,0.15,0.2 178.016
0.35,0.15,0.25 258.833
0.35,0.15,0.3 197.764
0.35,0.15,0.35 32.5299
0.35,0.15,0.4 1.36809
0.35,0.2,0 2.38812e-11
0.35,0.2,0.05 107.12
0.35,0.2,0.1 471.748
0.35,0.2,0.15 474.209
0.35,0.2,0.2 373.016
0.35,0.2,0.25 404.177
0.35,0.2,0.3 434.456
0.35,0.2,0.35 96.9801
0.35,0.2,0.4 5.41345
0.35,0.25,0 5.45347e-12
0.35,0.25,0.05 165.164
0.35,0.25,0.1 749.098
0.35,0.25,0.15 606.927
0.35,0.25,0.2 242.562
0.35,0.25,0.25 461.808
0.35,0.25,0.3 722.449
0.35,0.25,0.35 247.549
0.35,0.25,0.4 5.24289
0.35,0.3,0 2.29805e-13
0.35,0.3,0.05 130.565
0.35,0.3,0.1 559.147
0.35,0.3,0.15 510.544
0.35,0.3,0.2 499.473
0.35,0.3,0.25 689.477
0.35,0.3,0.3 644.344
0.35,0.3,0.35 127.965
0.35,0.3,0.4 2.17892
0.35,0.35,0 6.91604e-21
0.35,0.35,0.05 94.7554
0.35,0.35,0.1 415.644
0.35,0.35,0.15 421.52
0.35,0.35,0.2 455.967
0.35,0.35,0.25 191.213
0.35,0.35,0.3 86.2297
0.35,0.35,0.35 12.8291
0.35,0.35,0.4 0.221562
0.35,0.4,0 6.72284e-11
0.35,0.4,0.05 166.674
0.35,0.4,0.1 833.636
0.35,0.4,0.15 690.123
0.35,0.4,0.2 353.804
0.35,0.4,0.25 38.1053
0.35,0.4,0.3 13.6508
0.35,0.4,0.35 18.4399
0.35,0.4,0.4 14.7772
0.35,0.4,0.45 0.553894
0.35,0.45,0 1.91633e-09
0.35,0.45,0.05 101.068
0.35,0.45,0.1 587.078
0.35,0.45,0.15 743.766
0.35,0.45,0.2 637.167
0.35,0.45,0.25 138.39
0.35,0.45,0.3 84.0841
0.35,0.45,0.35 228.701
0.35,0.45,0.4 114.795
0.35,0.45,0.45 2.73461
0.35,0.5,0 2.2366e-09
0.35,0.5,0.05 145.09
0.35,0.5,0.1 612.107
0.35,0.5,0.15 409.006
0.35,0.5,0.2 543.914
0.35,0.5,0.25 552.074
0.35,0.5,0.3 565.412
0.35,0.5,0.35 463.585
0.35,0.5,0.4 116.008
0.35,0.5,0.45 0.873039
0.35,0.55,0 7.2331e-08
0.35,0.55,0.05 90.5766
0.35,0.55,0.1 393.112
0.35,0.55,0.15 488.264
0.35,0.55,0.2 618.995
0.35,0.55,0.25 451.884
0.35,0.55,0.3 434.621
0.35,0.55,0.35 140.913
0.35,0.55,0.4 12.8801
0.35,0.55,0.45 0.0198956
0.35,0.6,0 5.99463e-07
0.35,0.6,0.05 93.6247
0.35,0.6,0.1 417.929
0.35,0.6,0.15 656.183
0.35,0.6,0.2 968.196
0.35,0.6,0.25 399.735
0.35,0.6,0.3 540.905
0.35,0.6,0.35 363.199
0.35,0.6,0.4 136.687
0.35,0.6,0.45 3.94759
0.35,0.65,0 2.98019e-07
0.35,0.65,0.05 114.475
0.35,0.65,0.1 504.7
0.35,0.65,0.15 495.796
0.35,0.65,0.2 538.56
0.35,0.65,0.25 541.107
0.35,0.65,0.3 628.581
0.35,0.65,0.35 795.438
0.35,0.65,0.4 340.603
0.35,0.65,0.45 9.32367
0.35,0.7,0 2.2604e-09
0.35,0.7,0.05 76.3822
0.35,0.7,0.1 324.239
0.35,0.7,0.15 223.313
0.35,0.7,0.2 565.559
0.35,0.7,0.25 627.006
0.35,0.7,0.3 173.219
0.35,0.7,0.35 130.317
0.35,0.7,0.4 52.8352
0.35,0.7,0.45 1.34572
0.35,0.75,0 6.48881e-09
0.35,0.75,0.05 4.15512
0.35,0.75,0.1 50.3625
0.35,0.75,0.15 181.1
0.35,0.75,0.2 385.804
0.35,0.75,0.25 369.977
0.35,0.75,0.3 53.757
0.35,0.75,0.35 0.866914
0.35,0.8,0 2.09747e-08
0.35,0.8,0.05 2.16425
0.35,0.8,0.1 12.8866
0.35,0.8,0.15 28.42
0.35,0.8,0.2 203.806
0.35,0.8,0.25 230.85
0.35,0.8,0.3 18.2324
0.35,0.8,0.35 0.175445
0.35,0.85,0 4.23295e-09
0.35,0.85,0.05 0.436189
0.35,0.85,0.1 1.7336
0.35,0.85,0.15 0.744155
0.35,0.85,0.2 9.04156
0.35,0.85,0.25 10.1931
0.35,0.85,0.3 0.544878
0.4,0,0.2 4.56167e-15
0.4,0,0.25 9.59092e-14
0.4,0,0.3 9.1156e-14
0.4,0,0.35 3.61026e-15
0.4,0.05,0 1.10857e-12
0.4,0.05,0.05 0.42021
0.4,0.05,0.1 1.68014
0.4,0.05,0.15 0.454589
0.4,0.05,0.2 3.63594
0.4,0.05,0.25 6.88789
0.4,0.05,0.3 1.26736
0.4,0.05,0.35 0.166736
0.4,0.05,0.4 8.45774e-05
0.4,0.1,0 4.93642e-11
0.4,0.1,0.05 28.8881
0.4,0.1,0.1 121.547
0.4,0.1,0.15 33.679
0.4,0.1,0.2 138.582
0.4,0.1,0.25 263.839
0.4,0.1,0.3 55.094
0.4,0.1,0.35 8.62873
0.4,0.1,0.4 0.00439019
0.4,0.15,0 7.04216e-11
0.4,0.15,0.05 118.38
0.4,0.15,0.1 541.681
0.4,0.15,0.15 193.046
0.4,0.15,0.2 361.301
0.4,0.15,0.25 621.195
0.4,0.15,0.3 112.962
0.4,0.15,0.35 12.9334
0.4,0.15,0.4 0.00643796
0.4,0.2,0 6.5396e-12
0.4,0.2,0.05 88.5789
0.4,0.2,0.1 416.49
0.4,0.2,0.15 386.501
0.4,0.2,0.2 414.107
0.4,0.2,0.25 334.778
0.4,0.2,0.3 91.7056
0.4,0.2,0.35 7.22231
0.4,0.2,0.4 0.0742723
0.4,0.25,0 5.15142e-12
0.4,0.25,0.05 93.1617
0.4,0.25,0.1 440.64
0.4,0.25,0.15 453.917
0.4,0.25,0.2 240.272
0.4,0.25,0.25 220.214
0.4,0.25,0.3 178.693
0.4,0.25,0.35 26.3598
0.4,0.25,0.4 0.344851
0.4,0.3,0 3.4407e-11
0.4,0.3,0.05 106.605
0.4,0.3,0.1 447.133
0.4,0.3,0.15 261.563
0.4,0.3,0.2 397.205
0.4,0.3,0.25 540.843
0.4,0.3,0.3 278.308
0.4,0.3,0.35 20.6944
0.4,0.3,0.4 0.1007
0.4,0.35,0 1.50565e-11
0.4,0.35,0.05 51.5278
0.4,0.35,0.1 209.232
0.4,0.35,0.15 124.671
0.4,0.35,0.2 348.43
0.4,0.35,0.25 558.991
0.4,0.35,0.3 343.989
0.4,0.35,0.35 47.8293
0.4,0.35,0.4 0.229571
0.4,0.4,0 4.10086e-11
0.4,0.4,0.05 52.1809
0.4,0.4,0.1 269.295
0.4,0.4,0.15 373.037
0.4,0.4,0.2 321.639
0.4,0.4,0.25 272.371
0.4,0.4,0.3 363.057
0.4,0.4,0.35 139.165
0.4,0.4,0.4 59.6888
0.4,0.4,0.45 2.23136
0.4,0.45,0 1.16487e-09
0.4,0.45,0.05 53.9053
0.4,0.45,0.1 313.184
0.4,0.45,0.15 591.112
0.4,0.45,0.2 599.116
0.4,0.45,0.25 302.895
0.4,0.45,0.3 285.434
0.4,0.45,0.35 484.229
0.4,0.45,0.4 328.161
0.4,0.45,0.45 10.9832
0.4,0.5,0 1.32151e-09
0.4,0.5,0.05 68.3299
0.4,0.5,0.1 344.998
0.4,0.5,0.15 519.132
0.4,0.5,0.2 771.238
0.4,0.5,0.25 524.187
0.4,0.5,0.3 548.776
0.4,0.5,0.35 637.946
0.4,0.5,0.4 195.043
0.4,0.5,0.45 4.28625
0.4,0.55,0 1.12892e-08
0.4,0.55,0.05 51.342
0.4,0.55,0.1 269.749
0.4,0.55,0.15 436.212
0.4,0.55,0.2 572.47
0.4,0.55,0.25 349.836
0.4,0.55,0.3 267.652
0.4,0.55,0.35 205.279
0.4,0.55,0.4 34.377
0.4,0.55,0.45 1.1111
0.4,0.6,0 6.01528e-08
0.4,0.6,0.05 147.995
0.4,0.6,0.1 611.57
0.4,0.6,0.15 386.464
0.4,0.6,0.2 610.408
0.4,0.6,0.25 288.246
0.4,0.6,0.3 158.685
0.4,0.6,0.35 109.639
0.4,0.6,0.4 60.6407
0.4,0.6,0.45 2.04682
0.4,0.65,0 2.32439e-08
0.4,0.65,0.05 72.0674
0.4,0.65,0.1 308.193
0.4,0.65,0.15 283.464
0.4,0.65,0.2 560.314
0.4,0.65,0.25 420.998
0.4,0.65,0.3 367.067
0.4,0.65,0.35 258.683
0.4,0.65,0.4 143.379
0.4,0.65,0.45 4.67094
0.4,0.7,0 2.16872e-10
0.4,0.7,0.05 17.1987
0.4,0.7,0.1 70.0152
0.4,0.7,0.15 55.8979
0.4,0.7,0.2 303.25
0.4,0.7,0.25 400.497
0.4,0.7,0.3 165.697
0.4,0.7,0.35 43.7542
0.4,0.7,0.4 21.3854
0.4,0.7,0.45 0.673119
0.4,0.75,0 2.05596e-07
0.4,0.75,0.05 21.9332
0.4,0.75,0.1 87.2908
0.4,0.75,0.15 33.3666
0.4,0.75,0.2 173.947
0.4,0.75,0.25 453.114
0.4,0.75,0.3 255.591
0.4,0.75,0.35 6.83221
0.4,0.8,0 6.64996e-07
0.4,0.8,0.05 68.5247
0.4,0.8,0.1 272.359
0.4,0.8,0.15 70.4942
0.4,0.8,0.2 84.1043
0.4,0.8,0.25 152.778
0.4,0.8,0.3 54.6252
0.4,0.8,0.35 1.38269
0.4,0.85,0 1.34204e-07
0.4,0.85,0.05 13.8291
0.4,0.85,0.1 54.9628
0.4,0.85,0.15 13.7798
0.4,0.85,0.2 3.66138
0.4,0.85,0.25 4.1277
0.4,0.85,0.3 0.220648
0.45,0.05,0 1.5661e-16
0.45,0.05,0.05 5.9364e-05
0.45,0.05,0.1 0.000237358
0.45,0.05,0.15 0.0131117
0.45,0.05,0.2 1.36632
0.45,0.05,0.25 3.36406
0.45,0.05,0.3 4.52661
0.45,0.05,0.35 1.37512
0.45,0.05,0.4 0.000699883
0.45,0.1,0 3.25007e-12
0.45,0.1,0.05 22.7137
0.45,0.1,0.1 93.7801
0.45,0.1,0.15 29.822
0.45,0.1,0.2 64.6376
0.45,0.1,0.25 141.443
0.45,0.1,0.3 233.671
0.45,0.1,0.35 71.5701
0.45,0.1,0.4 0.0363291
0.45,0.15,0 1.7717e-11
0.45,0.15,0.05 145.083
0.45,0.15,0.1 613.152
0.45,0.15,0.15 243.711
0.45,0.15,0.2 330.187
0.45,0.15,0.25 325.008
0.45,0.15,0.3 383.765
0.45,0.15,0.35 108.449
0.45,0.15,0.4 0.0532745
