0.8,0.25,0.35 557.318
0.8,0.25,0.4 861.314
0.8,0.25,0.45 691.856
0.8,0.25,0.5 494.945
0.8,0.25,0.55 286.902
0.8,0.25,0.6 504.073
0.8,0.25,0.65 637.162
0.8,0.25,0.7 598.666
0.8,0.25,0.75 417.705
0.8,0.25,0.8 72.4655
0.8,0.25,0.85 0.0109827
0.8,0.3,0.2 47.0768
0.8,0.3,0.25 376.219
0.8,0.3,0.3 512.723
0.8,0.3,0.35 591.786
0.8,0.3,0.4 595.063
0.8,0.3,0.45 494.332
0.8,0.3,0.5 605.529
0.8,0.3,0.55 445.106
0.8,0.3,0.6 552.771
0.8,0.3,0.65 653.447
0.8,0.3,0.7 500.972
0.8,0.3,0.75 398.136
0.8,0.3,0.8 108.787
0.8,0.3,0.85 4.16803
0.8,0.35,0.15 3.26005e-14
0.8,0.35,0.2 54.9536
0.8,0.35,0.25 432.453
0.8,0.35,0.3 544.504
0.8,0.35,0.35 743.416
0.8,0.35,0.4 354.437
0.8,0.35,0.45 349.005
0.8,0.35,0.5 651.224
0.8,0.35,0.55 300.259
0.8,0.35,0.6 441.274
0.8,0.35,0.65 406.601
0.8,0.35,0.7 587.452
0.8,0.35,0.75 608.784
0.8,0.35,0.8 354.331
0.8,0.35,0.85 31.8803
0.8,0.4,0.1 0.000325709
0.8,0.4,0.15 0.00781384
0.8,0.4,0.2 72.3544
0.8,0.4,0.25 482.217
0.8,0.4,0.3 411.958
0.8,0.4,0.35 505.297
0.8,0.4,0.4 609.67
0.8,0.4,0.45 717.869
0.8,0.4,0.5 764.02
0.8,0.4,0.55 451.11
0.8,0.4,0.6 720.014
0.8,0.4,0.65 547.59
0.8,0.4,0.7 336.146
0.8,0.4,0.75 253.143
0.8,0.4,0.8 156.988
0.8,0.4,0.85 21.5402
0.8,0.4,0.9 3.08247
0.8,0.4,0.95 0.0175768
0.8,0.45,0.1 0.713387
0.8,0.45,0.15 8.19365
0.8,0.45,0.2 154.582
0.8,0.45,0.25 493.341
0.8,0.45,0.3 293.311
0.8,0.45,0.35 397.578
0.8,0.45,0.4 642.22
0.8,0.45,0.45 605.905
0.8,0.45,0.5 383.079
0.8,0.45,0.55 307.42
0.8,0.45,0.6 276.486
0.8,0.45,0.65 494.963
0.8,0.45,0.7 523.905
0.8,0.45,0.75 280.376
0.8,0.45,0.8 66.614
0.8,0.45,0.85 196.912
0.8,0.45,0.9 92.0464
0.8,0.45,0.95 0.524866
0.8,0.5,0.1 2.22579
0.8,0.5,0.15 25.3645
0.8,0.5,0.2 154.321
0.8,0.5,0.25 471.197
0.8,0.5,0.3 385.405
0.8,0.5,0.35 384.785
0.8,0.5,0.4 722.1
0.8,0.5,0.45 618.638
0.8,0.5,0.5 431.423
0.8,0.5,0.55 663.616
0.8,0.5,0.6 460.102
0.8,0.5,0.65 759.092
0.8,0.5,0.7 784.78
0.8,0.5,0.75 717.94
0.8,0.5,0.8 243.832
0.8,0.5,0.85 228.26
0.8,0.5,0.9 105.6
0.8,0.5,0.95 0.602148
0.8,0.55,0.1 0.43288
0.8,0.55,0.15 5.04802
0.8,0.55,0.2 58.4595
0.8,0.55,0.25 447.14
0.8,0.55,0.3 483.283
0.8,0.55,0.35 445.82
0.8,0.55,0.4 681.7
0.8,0.55,0.45 498.187
0.8,0.55,0.5 510.412
0.8,0.55,0.55 396.671
0.8,0.55,0.6 472.503
0.8,0.55,0.65 712.607
0.8,0.55,0.7 528.463
0.8,0.55,0.75 673.773
0.8,0.55,0.8 350.335
0.8,0.55,0.85 21.8017
0.8,0.55,0.9 5.80913
0.8,0.55,0.95 0.0331247
0.8,0.6,0.15 5.2007
0.8,0.6,0.2 162.331
0.8,0.6,0.25 322.876
0.8,0.6,0.3 335.441
0.8,0.6,0.35 763.287
0.8,0.6,0.4 708.052
0.8,0.6,0.45 275.78
0.8,0.6,0.5 303.971
0.8,0.6,0.55 306.687
0.8,0.6,0.6 535.043
0.8,0.6,0.65 474.032
0.8,0.6,0.7 331.368
0.8,0.6,0.75 158.932
0.8,0.6,0.8 93.0234
0.8,0.6,0.85 3.0322
0.8,0.65,0.15 10.2281
0.8,0.65,0.2 235.896
0.8,0.65,0.25 249.537
0.8,0.65,0.3 114.622
0.8,0.65,0.35 598.423
0.8,0.65,0.4 832.444
0.8,0.65,0.45 438.789
0.8,0.65,0.5 402.718
0.8,0.65,0.55 487.785
0.8,0.65,0.6 587.348
0.8,0.65,0.65 428.702
0.8,0.65,0.7 535.299
0.8,0.65,0.75 330.917
0.8,0.65,0.8 113.864
0.8,0.65,0.85 1.24044
0.8,0.7,0.15 2.38635
0.8,0.7,0.2 37.3608
0.8,0.7,0.25 31.7192
0.8,0.7,0.3 53.9766
0.8,0.7,0.35 155.339
0.8,0.7,0.4 303.767
0.8,0.7,0.45 395.623
0.8,0.7,0.5 397.7
0.8,0.7,0.55 311.762
0.8,0.7,0.6 330.357
0.8,0.7,0.65 578.835
0.8,0.7,0.7 504.906
0.8,0.7,0.75 376.368
0.8,0.7,0.8 119.13
0.8,0.7,0.85 0.950355
0.8,0.75,0.15 0.0166688
0.8,0.75,0.2 0.205501
0.8,0.75,0.25 1.38763
0.8,0.75,0.3 203.901
0.8,0.75,0.35 453.56
0.8,0.75,0.4 414.591
0.8,0.75,0.45 692.505
0.8,0.75,0.5 430.135
0.8,0.75,0.55 212.584
0.8,0.75,0.6 437.934
0.8,0.75,0.65 439.694
0.8,0.75,0.7 192.216
0.8,0.75,0.75 27.4688
0.8,0.75,0.8 6.55743
0.8,0.75,0.85 0.0242706
0.8,0.8,0.25 0.44593
0.8,0.8,0.3 65.8643
0.8,0.8,0.35 145.743
0.8,0.8,0.4 191.168
0.8,0.8,0.45 438.032
0.8,0.8,0.5 245.365
0.8,0.8,0.55 50.1472
0.8,0.8,0.6 77.5039
0.8,0.8,0.65 28.7306
0.8,0.8,0.7 10.5738
0.8,0.8,0.75 0.269969
0.8,0.85,0.25 0.00130294
0.8,0.85,0.3 0.176782
0.8,0.85,0.35 0.414559
0.8,0.85,0.4 1.94813
0.8,0.85,0.45 14.5787
0.8,0.85,0.5 10.3621
0.8,0.85,0.55 5.47023
0.8,0.85,0.6 7.17274
0.8,0.85,0.65 0.520234
0.8,0.9,0.4 0.0172959
0.8,0.9,0.45 0.181556
0.8,0.9,0.5 0.108489
0.8,0.9,0.55 0.00145666
0.85,0.05,0.4 3.39593e-16
0.85,0.05,0.45 7.49007e-08
0.85,0.05,0.5 2.98116e-07
0.85,0.05,0.55 7.41594e-08
0.85,0.1,0.4 9.32948e-08
0.85,0.1,0.45 20.5771
0.85,0.1,0.5 81.9
0.85,0.1,0.55 20.3734
0.85,0.15,0.25 0.000559386
0.85,0.15,0.3 0.262429
0.85,0.15,0.35 0.683521
0.85,0.15,0.4 0.150664
0.85,0.15,0.45 82.453
0.85,0.15,0.5 327.617
0.85,0.15,0.55 85.9897
0.85,0.15,0.6 59.5138
0.85,0.15,0.65 52.3977
0.85,0.15,0.7 13.1496
0.85,0.15,0.75 1.7477
0.85,0.2,0.2 0.00919045
0.85,0.2,0.25 0.0962843
0.85,0.2,0.3 34.6082
0.85,0.2,0.35 118.696
0.85,0.2,0.4 74.4567
0.85,0.2,0.45 200.696
0.85,0.2,0.5 314.136
0.85,0.2,0.55 136.473
0.85,0.2,0.6 397.068
0.85,0.2,0.65 383.463
0.85,0.2,0.7 237.23
0.85,0.2,0.75 38.8238
0.85,0.2,0.8 1.05098
0.85,0.25,0.2 3.02024
0.85,0.25,0.25 40.5042
0.85,0.25,0.3 140.82
0.85,0.25,0.35 395.292
0.85,0.25,0.4 417.521
0.85,0.25,0.45 772.205
0.85,0.25,0.5 731.064
0.85,0.25,0.55 368.445
0.85,0.25,0.6 356.478
0.85,0.25,0.65 434.617
0.85,0.25,0.7 474.894
0.85,0.25,0.75 180.302
0.85,0.25,0.8 32.9981
0.85,0.25,0.85 0.148217
0.85,0.3,0.2 24.549
0.85,0.3,0.25 356.321
0.85,0.3,0.3 486.236
0.85,0.3,0.35 525.794
0.85,0.3,0.4 513.024
0.85,0.3,0.45 703.451
0.85,0.3,0.5 631.74
0.85,0.3,0.55 488.37
0.85,0.3,0.6 411.555
0.85,0.3,0.65 518.75
0.85,0.3,0.7 530.667
0.85,0.3,0.75 451.328
0.85,0.3,0.8 191.96
0.85,0.3,0.85 4.6083
0.85,0.35,0.15 2.36722e-07
0.85,0.35,0.2 31.7238
0.85,0.35,0.25 322.604
0.85,0.35,0.3 629.778
0.85,0.35,0.35 889.067
0.85,0.35,0.4 546.587
0.85,0.35,0.45 496.273
0.85,0.35,0.5 569.99
0.85,0.35,0.55 245.001
0.85,0.35,0.6 406.309
0.85,0.35,0.65 448.406
0.85,0.35,0.7 511.462
0.85,0.35,0.75 458.826
0.85,0.35,0.8 353.828
0.85,0.35,0.85 28.0473
0.85,0.4,0.1 0.00397416
0.85,0.4,0.15 0.0466532
0.85,0.4,0.2 51.4806
0.85,0.4,0.25 278.194
0.85,0.4,0.3 475.599
0.85,0.4,0.35 586.913
0.85,0.4,0.4 590.506
0.85,0.4,0.45 605.516
0.85,0.4,0.5 480.621
0.85,0.4,0.55 233.978
0.85,0.4,0.6 394.801
0.85,0.4,0.65 499.438
0.85,0.4,0.7 372.951
0.85,0.4,0.75 264.217
0.85,0.4,0.8 199.779
0.85,0.4,0.85 19.9371
0.85,0.4,0.9 2.80802
0.85,0.4,0.95 0.0160119
0.85,0.45,0.1 8.70444
0.85,0.45,0.15 97.8293
0.85,0.45,0.2 139.828
0.85,0.45,0.25 401.312
0.85,0.45,0.3 376.833
0.85,0.45,0.35 428.428
0.85,0.45,0.4 527.254
0.85,0.45,0.45 515.83
0.85,0.45,0.5 399.755
0.85,0.45,0.55 322.344
0.85,0.45,0.6 235.94
0.85,0.45,0.65 339.92
0.85,0.45,0.7 452.814
0.85,0.45,0.75 290.263
0.85,0.45,0.8 109.061
0.85,0.45,0.85 181.444
0.85,0.45,0.9 83.8512
0.85,0.45,0.95 0.478136
0.85,0.5,0.1 27.1582
0.85,0.5,0.15 305.192
0.85,0.5,0.2 231.68
0.85,0.5,0.25 346.709
0.85,0.5,0.3 622.385
0.85,0.5,0.35 399.428
0.85,0.5,0.4 522.807
0.85,0.5,0.45 599.638
0.85,0.5,0.5 594.21
0.85,0.5,0.55 528.541
0.85,0.5,0.6 571.714
0.85,0.5,0.65 650.004
0.85,0.5,0.7 427.693
0.85,0.5,0.75 652.641
0.85,0.5,0.8 327.903
0.85,0.5,0.85 212.231
0.85,0.5,0.9 96.1977
0.85,0.5,0.95 0.548537
0.85,0.55,0.1 5.28181
0.85,0.55,0.15 59.3609
0.85,0.55,0.2 98.0513
0.85,0.55,0.25 412.949
0.85,0.55,0.3 468.853
0.85,0.55,0.35 425.557
0.85,0.55,0.4 664.876
0.85,0.55,0.45 513.149
0.85,0.55,0.5 465.597
0.85,0.55,0.55 476.322
0.85,0.55,0.6 640.231
0.85,0.55,0.65 661.51
0.85,0.55,0.7 376.767
0.85,0.55,0.75 550.755
0.85,0.55,0.8 399.892
0.85,0.55,0.85 27.3488
0.85,0.55,0.9 5.29192
0.85,0.55,0.95 0.0301755
0.85,0.6,0.15 3.17029
0.85,0.6,0.2 109.74
0.85,0.6,0.25 384.017
0.85,0.6,0.3 281.594
0.85,0.6,0.35 705.487
0.85,0.6,0.4 726.361
0.85,0.6,0.45 351.857
0.85,0.6,0.5 326.374
0.85,0.6,0.55 327.983
0.85,0.6,0.6 459.435
0.85,0.6,0.65 482.336
0.85,0.6,0.7 386.16
0.85,0.6,0.75 205.69
0.85,0.6,0.8 134.196
0.85,0.6,0.85 7.1255
0.85,0.65,0.15 25.5987
0.85,0.65,0.2 333.656
0.85,0.65,0.25 300.909
0.85,0.65,0.3 87.5064
0.85,0.65,0.35 482.131
0.85,0.65,0.4 662.146
0.85,0.65,0.45 340.173
0.85,0.65,0.5 471.867
0.85,0.65,0.55 428.14
0.85,0.65,0.6 426.996
0.85,0.65,0.65 337.132
0.85,0.65,0.7 359.114
0.85,0.65,0.75 346.921
0.85,0.65,0.8 194.337
0.85,0.65,0.85 3.65449
0.85,0.7,0.15 13.179
0.85,0.7,0.2 163.296
0.85,0.7,0.25 112.693
0.85,0.7,0.3 29.6719
0.85,0.7,0.35 129.49
0.85,0.7,0.4 221.218
0.85,0.7,0.45 366.288
0.85,0.7,0.5 808.39
0.85,0.7,0.55 437.876
0.85,0.7,0.6 267.81
0.85,0.7,0.65 508.916
0.85,0.7,0.7 466.75
0.85,0.7,0.75 258.752
0.85,0.7,0.8 150.459
0.85,0.7,0.85 2.76165
0.85,0.75,0.15 0.114848
0.85,0.75,0.2 1.4159
0.85,0.75,0.25 1.94288
0.85,0.75,0.3 141.662
0.85,0.75,0.35 366.016
0.85,0.75,0.4 324.478
0.85,0.75,0.45 365.092
0.85,0.75,0.5 393.763
0.85,0.75,0.55 229.655
0.85,0.75,0.6 281.477
0.85,0.75,0.65 371.597
0.85,0.75,0.7 281.893
0.85,0.75,0.75 19.0036
0.85,0.75,0.8 4.06355
0.85,0.75,0.85 0.0705283
0.85,0.8,0.25 0.410319
0.85,0.8,0.3 56.9272
0.85,0.8,0.35 130.653
0.85,0.8,0.4 123.571
0.85,0.8,0.45 252.613
0.85,0.8,0.5 130.185
0.85,0.8,0.55 231.855
0.85,0.8,0.6 321.964
0.85,0.8,0.65 46.6766
0.85,0.8,0.7 19.9954
0.85,0.8,0.75 0.86679
0.85,0.85,0.25 0.00132819
0.85,0.85,0.3 0.180208
0.85,0.85,0.35 0.385004
0.85,0.85,0.4 16.2971
0.85,0.85,0.45 167.174
0.85,0.85,0.5 101.291
0.85,0.85,0.55 55.0693
0.85,0.85,0.6 73.7289
0.85,0.85,0.65 5.34754
0.85,0.9,0.4 1.02556
0.85,0.9,0.45 10.7653
0.85,0.9,0.5 6.43282
0.85,0.9,0.55 0.0863722
0.9,0.05,0.4 2.00268e-17
0.9,0.05,0.45 4.41711e-09
0.9,0.05,0.5 1.75808e-08
0.9,0.05,0.55 4.3734e-09
0.9,0.1,0.4 5.50186e-09
0.9,0.1,0.45 1.21349
0.9,0.1,0.5 4.82988
0.9,0.1,0.55 1.20148
0.9,0.15,0.25 0.00228552
0.9,0.15,0.3 1.07222
0.9,0.15,0.35 2.77844
0.9,0.15,0.4 0.444433
0.9,0.15,0.45 5.00103
0.9,0.15,0.5 21.4153
0.9,0.15,0.55 9.27305
0.9,0.15,0.6 24.5929
0.9,0.15,0.65 25.1081
0.9,0.15,0.7 12.2588
0.9,0.15,0.75 1.64594
0.9,0.2,0.25 0.174406
0.9,0.2,0.3 82.1598
0.9,0.2,0.35 213.515
0.9,0.2,0.4 50.1076
0.9,0.2,0.45 134.649
0.9,0.2,0.5 242.149
0.9,0.2,0.55 234.271
0.9,0.2,0.6 237.975
0.9,0.2,0.65 251.305
0.9,0.2,0.7 259.239
0.9,0.2,0.75 36.16
0.9,0.25,0.2 1.36749
0.9,0.25,0.25 25.0171
0.9,0.25,0.3 164.41
0.9,0.25,0.35 397.472
0.9,0.25,0.4 199.968
0.9,0.25,0.45 571.985
0.9,0.25,0.5 604.777
0.9,0.25,0.55 500.134
0.9,0.25,0.6 520.952
0.9,0.25,0.65 408.521
0.9,0.25,0.7 324.374
0.9,0.25,0.75 66.896
0.9,0.25,0.8 13.853
0.9,0.25,0.85 0.106379
0.9,0.3,0.2 16.2202
0.9,0.3,0.25 297.02
0.9,0.3,0.3 348.681
0.9,0.3,0.35 450.309
0.9,0.3,0.4 543.856
0.9,0.3,0.45 670.358
0.9,0.3,0.5 460.645
0.9,0.3,0.55 524.545
