0.25,0.15,0.25 287.564
0.25,0.15,0.3 243.6
0.25,0.15,0.35 101.941
0.25,0.15,0.4 7.54319
0.25,0.2,0 1.87484e-09
0.25,0.2,0.05 91.3772
0.25,0.2,0.1 483.119
0.25,0.2,0.15 409.037
0.25,0.2,0.2 399.628
0.25,0.2,0.25 334.037
0.25,0.2,0.3 734.929
0.25,0.2,0.35 345.395
0.25,0.2,0.4 20.6614
0.25,0.25,0 8.86408e-10
0.25,0.25,0.05 89.4603
0.25,0.25,0.1 368.497
0.25,0.25,0.15 399.321
0.25,0.25,0.2 590.148
0.25,0.25,0.25 300.965
0.25,0.25,0.3 534.139
0.25,0.25,0.35 174.557
0.25,0.25,0.4 3.56885
0.25,0.3,0 1.46373e-11
0.25,0.3,0.05 46.1536
0.25,0.3,0.1 214.77
0.25,0.3,0.15 376.681
0.25,0.3,0.2 575.649
0.25,0.3,0.25 186.926
0.25,0.3,0.3 171.255
0.25,0.3,0.35 54.6841
0.25,0.3,0.4 0.0390895
0.25,0.35,0 1.72771e-13
0.25,0.35,0.05 82.6244
0.25,0.35,0.1 415.264
0.25,0.35,0.15 277.578
0.25,0.35,0.2 110.707
0.25,0.35,0.25 20.896
0.25,0.35,0.3 21.4143
0.25,0.35,0.35 7.04637
0.25,0.35,0.4 0.00509872
0.25,0.4,0 1.31741e-11
0.25,0.4,0.05 112.69
0.25,0.4,0.1 526.752
0.25,0.4,0.15 335.679
0.25,0.4,0.2 125.416
0.25,0.4,0.25 16.2035
0.25,0.4,0.3 0.280269
0.25,0.45,0 6.10143e-10
0.25,0.45,0.05 147.855
0.25,0.45,0.1 656.012
0.25,0.45,0.15 433.035
0.25,0.45,0.2 311.484
0.25,0.45,0.25 202.869
0.25,0.45,0.3 32.9428
0.25,0.45,0.35 16.1425
0.25,0.45,0.4 0.617185
0.25,0.45,0.45 0.000687653
0.25,0.5,0 1.57477e-09
0.25,0.5,0.05 180.338
0.25,0.5,0.1 735.412
0.25,0.5,0.15 346.778
0.25,0.5,0.2 461.004
0.25,0.5,0.25 596.953
0.25,0.5,0.3 418.254
0.25,0.5,0.35 322.993
0.25,0.5,0.4 77.8048
0.25,0.5,0.45 2.19543
0.25,0.55,0 2.42604e-09
0.25,0.55,0.05 128.47
0.25,0.55,0.1 550.911
0.25,0.55,0.15 200.271
0.25,0.55,0.2 203.847
0.25,0.55,0.25 665.595
0.25,0.55,0.3 667.889
0.25,0.55,0.35 716.771
0.25,0.55,0.4 290.459
0.25,0.55,0.45 7.34605
0.25,0.6,0 1.70045e-08
0.25,0.6,0.05 87.3724
0.25,0.6,0.1 420.936
0.25,0.6,0.15 237.825
0.25,0.6,0.2 328.991
0.25,0.6,0.25 567.996
0.25,0.6,0.3 516.09
0.25,0.6,0.35 595.375
0.25,0.6,0.4 234.114
0.25,0.6,0.45 2.4511
0.25,0.65,0 8.73044e-09
0.25,0.65,0.05 87.8282
0.25,0.65,0.1 393.225
0.25,0.65,0.15 568.396
0.25,0.65,0.2 678.079
0.25,0.65,0.25 336.019
0.25,0.65,0.3 407.149
0.25,0.65,0.35 382.355
0.25,0.65,0.4 64.2824
0.25,0.65,0.45 0.266642
0.25,0.7,0 4.36051e-09
0.25,0.7,0.05 119.686
0.25,0.7,0.1 537.885
0.25,0.7,0.15 499.026
0.25,0.7,0.2 359.523
0.25,0.7,0.25 201.252
0.25,0.7,0.3 426.17
0.25,0.7,0.35 197.059
0.25,0.7,0.4 10.6777
0.25,0.7,0.45 6.60271e-06
0.25,0.75,0 2.3531e-08
0.25,0.75,0.05 155.144
0.25,0.75,0.1 661.38
0.25,0.75,0.15 341.851
0.25,0.75,0.2 264.793
0.25,0.75,0.25 127.444
0.25,0.75,0.3 72.8435
0.25,0.75,0.35 11.983
0.25,0.75,0.4 0.163611
0.25,0.75,0.45 9.21346e-08
0.25,0.8,0 8.8469e-09
0.25,0.8,0.05 54.663
0.25,0.8,0.1 247.51
0.25,0.8,0.15 219.514
0.25,0.8,0.2 152.932
0.25,0.8,0.25 84.3323
0.25,0.8,0.3 6.11962
0.25,0.8,0.35 4.79558e-06
0.25,0.85,0 1.61321e-11
0.25,0.85,0.05 0.0992366
0.25,0.85,0.1 4.49166
0.25,0.85,0.15 23.1255
0.25,0.85,0.2 19.8073
0.25,0.85,0.25 21.861
0.25,0.85,0.3 2.41689
0.25,0.9,0.15 0.000309967
0.25,0.9,0.2 0.0339825
0.25,0.9,0.25 0.064184
0.25,0.9,0.3 0.00712717
0.3,0,0.1 8.98235e-13
0.3,0,0.15 3.69085e-11
0.3,0,0.2 7.2462e-11
0.3,0,0.25 4.93977e-10
0.3,0,0.3 4.6626e-10
0.3,0,0.35 1.84664e-11
0.3,0.05,0 8.01219e-13
0.3,0.05,0.05 0.302368
0.3,0.05,0.1 2.81507
0.3,0.05,0.15 65.003
0.3,0.05,0.2 89.4761
0.3,0.05,0.25 84.1294
0.3,0.05,0.3 73.0131
0.3,0.05,0.35 2.86092
0.3,0.1,0 3.75156e-11
0.3,0.1,0.05 13.7682
0.3,0.1,0.1 73.8606
0.3,0.1,0.15 335.122
0.3,0.1,0.2 437.229
0.3,0.1,0.25 392.092
0.3,0.1,0.3 371.052
0.3,0.1,0.35 20.6324
0.3,0.1,0.4 0.0171815
0.3,0.15,0 6.5408e-11
0.3,0.15,0.05 28.4733
0.3,0.15,0.1 244.263
0.3,0.15,0.15 455.048
0.3,0.15,0.2 534.723
0.3,0.15,0.25 416.045
0.3,0.15,0.3 536.47
0.3,0.15,0.35 161.59
0.3,0.15,0.4 11.5469
0.3,0.2,0 1.11971e-10
0.3,0.2,0.05 80.7965
0.3,0.2,0.1 432.847
0.3,0.2,0.15 588.511
0.3,0.2,0.2 494.876
0.3,0.2,0.25 501.631
0.3,0.2,0.3 635.438
0.3,0.2,0.35 373.897
0.3,0.2,0.4 31.8055
0.3,0.25,0 6.45324e-11
0.3,0.25,0.05 95.8637
0.3,0.25,0.1 412.124
0.3,0.25,0.15 284.508
0.3,0.25,0.2 300.663
0.3,0.25,0.25 485.246
0.3,0.25,0.3 580.974
0.3,0.25,0.35 212.988
0.3,0.25,0.4 6.08257
0.3,0.3,0 2.40436e-12
0.3,0.3,0.05 35.848
0.3,0.3,0.1 254.304
0.3,0.3,0.15 511.24
0.3,0.3,0.2 458.213
0.3,0.3,0.25 439.911
0.3,0.3,0.3 491.992
0.3,0.3,0.35 150.504
0.3,0.3,0.4 0.22434
0.3,0.35,0 3.4317e-13
0.3,0.35,0.05 52.77
0.3,0.35,0.1 454.558
0.3,0.35,0.15 710.872
0.3,0.35,0.2 416.387
0.3,0.35,0.25 75.3186
0.3,0.35,0.3 64.4291
0.3,0.35,0.35 20.2966
0.3,0.35,0.4 0.0146115
0.3,0.4,0 4.78011e-12
0.3,0.4,0.05 132.474
0.3,0.4,0.1 718.063
0.3,0.4,0.15 791.909
0.3,0.4,0.2 496.364
0.3,0.4,0.25 42.423
0.3,0.4,0.3 0.197539
0.3,0.4,0.35 0.0139658
0.3,0.4,0.4 0.00271133
0.3,0.45,0 2.85408e-10
0.3,0.45,0.05 92.9801
0.3,0.45,0.1 436.545
0.3,0.45,0.15 500.104
0.3,0.45,0.2 490.157
0.3,0.45,0.25 155.544
0.3,0.45,0.3 45.6134
0.3,0.45,0.35 21.4354
0.3,0.45,0.4 0.824457
0.3,0.45,0.45 8.13788e-07
0.3,0.5,0 7.81797e-10
0.3,0.5,0.05 121.046
0.3,0.5,0.1 490.179
0.3,0.5,0.15 209.222
0.3,0.5,0.2 273.548
0.3,0.5,0.25 366.225
0.3,0.5,0.3 528.844
0.3,0.5,0.35 230.12
0.3,0.5,0.4 10.3873
0.3,0.5,0.45 0.0286771
0.3,0.55,0 6.18278e-08
0.3,0.55,0.05 89.4915
0.3,0.55,0.1 384.333
0.3,0.55,0.15 281.244
0.3,0.55,0.2 225.934
0.3,0.55,0.25 548.856
0.3,0.55,0.3 573.688
0.3,0.55,0.35 217.31
0.3,0.55,0.4 34.2413
0.3,0.55,0.45 0.147722
0.3,0.6,0 5.15624e-07
0.3,0.6,0.05 83.3266
0.3,0.6,0.1 360.932
0.3,0.6,0.15 297.604
0.3,0.6,0.2 481.429
0.3,0.6,0.25 684.556
0.3,0.6,0.3 674.708
0.3,0.6,0.35 223.547
0.3,0.6,0.4 43.983
0.3,0.6,0.45 0.247888
0.3,0.65,0 2.57394e-07
0.3,0.65,0.05 80.6145
0.3,0.65,0.1 334.375
0.3,0.65,0.15 216.984
0.3,0.65,0.2 378.847
0.3,0.65,0.25 560.843
0.3,0.65,0.3 823.068
0.3,0.65,0.35 517.936
0.3,0.65,0.4 75.6449
0.3,0.65,0.45 0.53976
0.3,0.7,0 2.40926e-09
0.3,0.7,0.05 83.584
0.3,0.7,0.1 410.306
0.3,0.7,0.15 276.569
0.3,0.7,0.2 421.9
0.3,0.7,0.25 150.701
0.3,0.7,0.3 198.567
0.3,0.7,0.35 240.405
0.3,0.7,0.4 42.4156
0.3,0.7,0.45 0.319547
0.3,0.75,0 3.4237e-10
0.3,0.75,0.05 63.2225
0.3,0.75,0.1 443.699
0.3,0.75,0.15 334.134
0.3,0.75,0.2 295.248
0.3,0.75,0.25 68.0473
0.3,0.75,0.3 4.58481
0.3,0.75,0.35 3.56066
0.3,0.75,0.4 0.676722
0.3,0.75,0.45 0.00542613
0.3,0.8,0 1.16445e-10
0.3,0.8,0.05 13.9589
0.3,0.8,0.1 86.484
0.3,0.8,0.15 50.9616
0.3,0.8,0.2 12.7483
0.3,0.8,0.25 2.31449
0.3,0.8,0.3 0.0100519
0.3,0.85,0 2.13256e-13
0.3,0.85,0.05 0.0153795
0.3,0.85,0.1 0.0698675
0.3,0.85,0.15 0.0619382
0.3,0.85,0.2 0.0166214
0.3,0.85,0.25 0.000305293
0.3,0.85,0.3 1.91244e-06
0.35,0,0.1 1.0915e-13
0.35,0,0.15 4.48499e-12
0.35,0,0.2 1.36352e-11
0.35,0,0.25 1.61573e-10
0.35,0,0.3 1.53173e-10
0.35,0,0.35 6.06646e-12
0.35,0.05,0 3.76251e-12
0.35,0.05,0.05 1.42621
0.35,0.05,0.1 5.87795
0.35,0.05,0.15 8.74269
0.35,0.05,0.2 11.6621
0.35,0.05,0.25 26.0554
0.35,0.05,0.3 23.7265
0.35,0.05,0.35 0.939581
0.35,0.1,0 1.65787e-10
0.35,0.1,0.05 63.5445
0.35,0.1,0.1 254.942
0.35,0.1,0.15 96.2969
0.35,0.1,0.2 78.6475
0.35,0.1,0.25 146.897
0.35,0.1,0.3 130.159
0.35,0.1,0.35 7.71434
0.35,0.1,0.4 0.00145329
0.35,0.15,0 2.34673e-10
0.35,0.15,0.05 102.504
0.35,0.15,0.1 417.753
0.35,0.15,0.15 197.026
0.35,0.15,0.2 211.173
0.35,0.15,0.25 306.721
0.35,0.15,0.3 213.733
0.35,0.15,0.35 29.4539
0.35,0.15,0.4 0.976982
0.35,0.2,0 3.00627e-11
0.35,0.2,0.05 108.873
0.35,0.2,0.1 481.622
0.35,0.2,0.15 500.054
0.35,0.2,0.2 468.341
0.35,0.2,0.25 525.964
0.35,0.2,0.3 278.915
0.35,0.2,0.35 91.8585
0.35,0.2,0.4 3.11583
0.35,0.25,0 1.11532e-11
0.35,0.25,0.05 163.652
0.35,0.25,0.1 780.307
0.35,0.25,0.15 626.543
0.35,0.25,0.2 301.692
0.35,0.25,0.25 577.466
0.35,0.25,0.3 687.981
0.35,0.25,0.35 201.263
0.35,0.25,0.4 1.79412
0.35,0.3,0 6.74072e-12
0.35,0.3,0.05 129.979
0.35,0.3,0.1 587.947
0.35,0.3,0.15 506.793
0.35,0.3,0.2 583.027
0.35,0.3,0.25 613.703
0.35,0.3,0.3 500.612
0.35,0.3,0.35 69.9088
0.35,0.3,0.4 0.265961
0.35,0.35,0 1.63523e-12
0.35,0.35,0.05 95.4741
0.35,0.35,0.1 431.352
0.35,0.35,0.15 352.198
0.35,0.35,0.2 412.253
0.35,0.35,0.25 130.606
0.35,0.35,0.3 55.0493
0.35,0.35,0.35 5.99086
0.35,0.35,0.4 0.00260088
0.35,0.4,0 1.37479e-13
0.35,0.4,0.05 173.75
0.35,0.4,0.1 871.284
0.35,0.4,0.15 612.442
0.35,0.4,0.2 306.85
0.35,0.4,0.25 37.4579
0.35,0.4,0.3 24.7927
0.35,0.4,0.35 19.7172
0.35,0.4,0.4 4.9948
0.35,0.4,0.45 0.000590459
0.35,0.45,0 6.99381e-12
0.35,0.45,0.05 112.056
0.35,0.45,0.1 671.092
0.35,0.45,0.15 710.715
0.35,0.45,0.2 606.867
0.35,0.45,0.25 107.467
0.35,0.45,0.3 90.6887
0.35,0.45,0.35 204.643
0.35,0.45,0.4 46.6904
0.35,0.45,0.45 0.00302402
0.35,0.5,0 4.36707e-11
0.35,0.5,0.05 145.997
0.35,0.5,0.1 619.991
0.35,0.5,0.15 393.213
0.35,0.5,0.2 543.182
0.35,0.5,0.25 501.538
0.35,0.5,0.3 502.003
0.35,0.5,0.35 370.949
0.35,0.5,0.4 57.3725
0.35,0.5,0.45 0.000965502
0.35,0.55,0 7.21605e-08
0.35,0.55,0.05 92.1967
0.35,0.55,0.1 418.739
0.35,0.55,0.15 526.392
0.35,0.55,0.2 554.254
0.35,0.55,0.25 501.03
0.35,0.55,0.3 377.794
0.35,0.55,0.35 104.14
0.35,0.55,0.4 6.93222
0.35,0.55,0.45 4.21902e-07
0.35,0.6,0 5.99493e-07
0.35,0.6,0.05 93.9307
0.35,0.6,0.1 441.554
0.35,0.6,0.15 721.081
0.35,0.6,0.2 863.872
0.35,0.6,0.25 403.77
0.35,0.6,0.3 452.293
0.35,0.6,0.35 133.66
0.35,0.6,0.4 16.9907
0.35,0.6,0.45 0.154903
0.35,0.65,0 2.98784e-07
0.35,0.65,0.05 114.814
0.35,0.65,0.1 534.101
0.35,0.65,0.15 587.552
0.35,0.65,0.2 567.184
0.35,0.65,0.25 424.17
0.35,0.65,0.3 773.888
0.35,0.65,0.35 686.019
0.35,0.65,0.4 193.756
0.35,0.65,0.45 1.81787
0.35,0.7,0 3.03207e-09
0.35,0.7,0.05 85.0522
0.35,0.7,0.1 419.313
0.35,0.7,0.15 396.349
0.35,0.7,0.2 617.738
0.35,0.7,0.25 233.707
0.35,0.7,0.3 215.203
0.35,0.7,0.35 365.797
0.35,0.7,0.4 123.699
0.35,0.7,0.45 1.181
0.35,0.75,0 3.82363e-11
0.35,0.75,0.05 27.0111
0.35,0.75,0.1 314.329
0.35,0.75,0.15 566.631
0.35,0.75,0.2 439.087
0.35,0.75,0.25 180.687
0.35,0.75,0.3 6.01833
0.35,0.75,0.35 4.8161
0.35,0.75,0.4 2.02788
0.35,0.75,0.45 0.0200543
0.35,0.8,0 6.02621e-14
0.35,0.8,0.05 5.73284
0.35,0.8,0.1 60.3974
0.35,0.8,0.15 107.798
0.35,0.8,0.2 58.8948
0.35,0.8,0.25 26.8257
0.35,0.8,0.3 0.831274
0.35,0.85,0 1.17816e-14
0.35,0.85,0.05 0.421145
0.35,0.85,0.1 1.68443
0.35,0.85,0.15 0.423206
0.35,0.85,0.2 0.00956743
0.35,0.85,0.25 0.00267802
0.35,0.85,0.3 1.28728e-07
0.4,0,0.2 4.56167e-15
0.4,0,0.25 9.59092e-14
0.4,0,0.3 9.1156e-14
0.4,0,0.35 3.61026e-15
0.4,0.05,0 1.10857e-12
0.4,0.05,0.05 0.42021
0.4,0.05,0.1 1.68014
0.4,0.05,0.15 1.42645
0.4,0.05,0.2 8.27343
0.4,0.05,0.25 5.06716
0.4,0.05,0.3 1.556
0.4,0.05,0.35 0.125375
0.4,0.1,0 8.50028e-11
0.4,0.1,0.05 30.3359
0.4,0.1,0.1 121.296
0.4,0.1,0.15 59.3846
0.4,0.1,0.2 259.014
0.4,0.1,0.25 181.276
0.4,0.1,0.3 39.4227
0.4,0.1,0.35 2.77576
0.4,0.15,0 2.972e-10
0.4,0.15,0.05 135.812
0.4,0.15,0.1 544.766
0.4,0.15,0.15 210.913
0.4,0.15,0.2 492.626
0.4,0.15,0.25 516.84
0.4,0.15,0.3 76.8909
0.4,0.15,0.35 2.77882
0.4,0.15,0.4 3.51348e-05
0.4,0.2,0 1.62844e-10
0.4,0.2,0.05 99.4811
0.4,0.2,0.1 422.688
0.4,0.2,0.15 389.089
0.4,0.2,0.2 394.395
0.4,0.2,0.25 281.937
0.4,0.2,0.3 51.5721
0.4,0.2,0.35 6.94876
0.4,0.2,0.4 0.0506869
0.4,0.25,0 5.53562e-11
0.4,0.25,0.05 91.8992
0.4,0.25,0.1 449.115
0.4,0.25,0.15 424.852
0.4,0.25,0.2 243.14
0.4,0.25,0.25 290.159
0.4,0.25,0.3 207.026
0.4,0.25,0.35 25.3545
0.4,0.25,0.4 0.15194
0.4,0.3,0 6.12753e-11
0.4,0.3,0.05 102.404
0.4,0.3,0.1 435.277
0.4,0.3,0.15 299.036
0.4,0.3,0.2 562.682
0.4,0.3,0.25 542.596
0.4,0.3,0.3 282.004
0.4,0.3,0.35 11.3635
0.4,0.3,0.4 0.0285142
0.4,0.35,0 2.0519e-10
0.4,0.35,0.05 48.6923
0.4,0.35,0.1 196.078
0.4,0.35,0.15 137.154
0.4,0.35,0.2 389.873
0.4,0.35,0.25 459.887
0.4,0.35,0.3 275.837
0.4,0.35,0.35 28.0919
0.4,0.35,0.4 0.1713
0.4,0.4,0 1.39557e-10
0.4,0.4,0.05 51.7075
0.4,0.4,0.1 269.605
0.4,0.4,0.15 332.147
0.4,0.4,0.2 284.432
0.4,0.4,0.25 332.494
0.4,0.4,0.3 375.993
0.4,0.4,0.35 132.298
0.4,0.4,0.4 23.9601
0.4,0.4,0.45 0.00281234
0.4,0.45,0 7.28429e-12
0.4,0.45,0.05 58.2178
0.4,0.45,0.1 347.984
0.4,0.45,0.15 613.832
0.4,0.45,0.2 596.217
0.4,0.45,0.25 295.361
0.4,0.45,0.3 407.861
0.4,0.45,0.35 581.171
0.4,0.45,0.4 146.046
0.4,0.45,0.45 0.0151076
0.4,0.5,0 1.19835e-11
0.4,0.5,0.05 70.3622
0.4,0.5,0.1 365.096
0.4,0.5,0.15 559.585
0.4,0.5,0.2 776.345
0.4,0.5,0.25 476.325
0.4,0.5,0.3 613.121
0.4,0.5,0.35 590.094
0.4,0.5,0.4 106.893
0.4,0.5,0.45 0.342383
0.4,0.55,0 1.12098e-08
0.4,0.55,0.05 52.2886
0.4,0.55,0.1 286.047
0.4,0.55,0.15 487.427
0.4,0.55,0.2 626.601
0.4,0.55,0.25 350.907
0.4,0.55,0.3 281.149
0.4,0.55,0.35 151.01
0.4,0.55,0.4 30.1401
0.4,0.55,0.45 0.878393
0.4,0.6,0 6.01594e-08
0.4,0.6,0.05 148.077
0.4,0.6,0.1 625.292
0.4,0.6,0.15 475.288
0.4,0.6,0.2 600.403
0.4,0.6,0.25 238.039
0.4,0.6,0.3 107.208
0.4,0.6,0.35 26.0676
0.4,0.6,0.4 7.21474
0.4,0.6,0.45 0.17673
0.4,0.65,0 2.34111e-08
0.4,0.65,0.05 72.1309
0.4,0.65,0.1 334.867
0.4,0.65,0.15 436.24
0.4,0.65,0.2 601.826
0.4,0.65,0.25 334.237
0.4,0.65,0.3 357.489
0.4,0.65,0.35 142.731
0.4,0.65,0.4 43.273
0.4,0.65,0.45 0.419875
0.4,0.7,0 3.26171e-10
0.4,0.7,0.05 17.2739
0.4,0.7,0.1 84.7279
0.4,0.7,0.15 150.599
0.4,0.7,0.2 381.802
0.4,0.7,0.25 205.551
0.4,0.7,0.3 101.937
0.4,0.7,0.35 75.8623
0.4,0.7,0.4 27.8019
0.4,0.7,0.45 0.272777
0.4,0.75,0 8.88419e-12
0.4,0.75,0.05 22.7979
0.4,0.75,0.1 128.379
0.4,0.75,0.15 258.833
0.4,0.75,0.2 622.989
0.4,0.75,0.25 329.282
0.4,0.75,0.3 8.40771
0.4,0.75,0.35 0.997672
0.4,0.75,0.4 0.461732
0.4,0.75,0.45 0.00463195
0.4,0.8,0 1.90273e-12
0.4,0.8,0.05 68.0738
0.4,0.8,0.1 280.057
0.4,0.8,0.15 127.525
0.4,0.8,0.2 168.319
0.4,0.8,0.25 74.9356
0.4,0.8,0.3 1.48415
0.4,0.85,0 3.71995e-13
0.4,0.85,0.05 13.2973
0.4,0.85,0.1 53.1846
0.4,0.85,0.15 13.3552
0.4,0.85,0.2 0.269601
0.4,0.85,0.25 0.0754642
0.4,0.85,0.3 3.62743e-06
0.45,0.05,0 1.5661e-16
0.45,0.05,0.05 5.9364e-05
0.45,0.05,0.1 0.000237358
