0.45,0.05,0.25 9.99801
0.45,0.05,0.3 11.2932
0.45,0.05,0.35 0.875003
0.45,0.1,0 4.7889e-12
0.45,0.1,0.05 23.1872
0.45,0.1,0.1 92.801
0.45,0.1,0.15 44.1256
0.45,0.1,0.2 146.442
0.45,0.1,0.25 244.167
0.45,0.1,0.3 248.72
0.45,0.1,0.35 19.4008
0.45,0.15,0 6.47797e-11
0.45,0.15,0.05 152.665
0.45,0.15,0.1 612.017
0.45,0.15,0.15 260.079
0.45,0.15,0.2 348.076
0.45,0.15,0.25 365.831
0.45,0.15,0.3 293.923
0.45,0.15,0.35 25.7376
0.45,0.2,0 2.78528e-10
0.45,0.2,0.05 163.944
0.45,0.2,0.1 657.92
0.45,0.2,0.15 265.683
0.45,0.2,0.2 291.919
0.45,0.2,0.25 248.223
0.45,0.2,0.3 61.6768
0.45,0.2,0.35 6.22291
0.45,0.25,0 2.57115e-10
0.45,0.25,0.05 117.707
0.45,0.25,0.1 474.208
0.45,0.25,0.15 174.585
0.45,0.25,0.2 362.007
0.45,0.25,0.25 365.923
0.45,0.25,0.3 31.5745
0.45,0.25,0.35 0.220427
0.45,0.3,0 7.5833e-10
0.45,0.3,0.05 137.92
0.45,0.3,0.1 573.442
0.45,0.3,0.15 451.491
0.45,0.3,0.2 648.694
0.45,0.3,0.25 292.058
0.45,0.3,0.3 29.4229
0.45,0.3,0.35 7.29283
0.45,0.3,0.4 0.608808
0.45,0.35,0 1.35215e-09
0.45,0.35,0.05 142.926
0.45,0.35,0.1 585.924
0.45,0.35,0.15 363.741
0.45,0.35,0.2 504.624
0.45,0.35,0.25 472.531
0.45,0.35,0.3 334.115
0.45,0.35,0.35 137.681
0.45,0.35,0.4 6.17092
0.45,0.4,0 7.70772e-10
0.45,0.4,0.05 76.6645
0.45,0.4,0.1 320.643
0.45,0.4,0.15 256.977
0.45,0.4,0.2 318.598
0.45,0.4,0.25 468.393
0.45,0.4,0.3 704.222
0.45,0.4,0.35 320.999
0.45,0.4,0.4 15.5511
0.45,0.4,0.45 0.000405486
0.45,0.45,0 1.20036e-10
0.45,0.45,0.05 74.0114
0.45,0.45,0.1 347.826
0.45,0.45,0.15 534.173
0.45,0.45,0.2 460.341
0.45,0.45,0.25 578.973
0.45,0.45,0.3 535.289
0.45,0.45,0.35 236.292
0.45,0.45,0.4 37.3397
0.45,0.45,0.45 0.0104645
0.45,0.5,0 8.34616e-10
0.45,0.5,0.05 115.426
0.45,0.5,0.1 494.678
0.45,0.5,0.15 443.989
0.45,0.5,0.2 624.075
0.45,0.5,0.25 476.623
0.45,0.5,0.3 1019.16
0.45,0.5,0.35 476.904
0.45,0.5,0.4 111.215
0.45,0.5,0.45 3.99868
0.45,0.55,0 4.47662e-09
0.45,0.55,0.05 109.88
0.45,0.55,0.1 462.021
0.45,0.55,0.15 388.038
0.45,0.55,0.2 685.063
0.45,0.55,0.25 377.712
0.45,0.55,0.3 756.055
0.45,0.55,0.35 487.487
0.45,0.55,0.4 250.297
0.45,0.55,0.45 10.3831
0.45,0.6,0 1.47217e-08
0.45,0.6,0.05 143.698
0.45,0.6,0.1 577.801
0.45,0.6,0.15 373.312
0.45,0.6,0.2 721.158
0.45,0.6,0.25 264.866
0.45,0.6,0.3 60.8543
0.45,0.6,0.35 52.4723
0.45,0.6,0.4 39.9554
0.45,0.6,0.45 1.66378
0.45,0.65,0 4.85193e-09
0.45,0.65,0.05 94.0186
0.45,0.65,0.1 376.809
0.45,0.65,0.15 208.488
0.45,0.65,0.2 358.838
0.45,0.65,0.25 101.304
0.45,0.65,0.3 25.5821
0.45,0.65,0.35 2.10138
0.45,0.7,0 1.85259e-10
0.45,0.7,0.05 9.55959
0.45,0.7,0.1 44.3627
0.45,0.7,0.15 40.3267
0.45,0.7,0.2 97.2781
0.45,0.7,0.25 34.6785
0.45,0.7,0.3 6.68202
0.45,0.7,0.35 0.532635
0.45,0.75,0 2.76742e-11
0.45,0.75,0.05 26.0722
0.45,0.75,0.1 116.475
0.45,0.75,0.15 119.504
0.45,0.75,0.2 339.658
0.45,0.75,0.25 105.267
0.45,0.75,0.3 0.801926
0.45,0.75,0.35 5.09579e-08
0.45,0.8,0 1.08719e-10
0.45,0.8,0.05 80.2543
0.45,0.8,0.1 322.384
0.45,0.8,0.15 111.746
0.45,0.8,0.2 126.109
0.45,0.8,0.25 35.8215
0.45,0.8,0.3 0.149123
0.45,0.85,0 4.55182e-11
0.45,0.85,0.05 15.6102
0.45,0.85,0.1 62.4217
0.45,0.85,0.15 15.668
0.45,0.85,0.2 0.277906
0.45,0.85,0.25 0.0716472
0.45,0.85,0.3 7.49742e-08
0.45,0.9,0 1.66874e-12
0.45,0.9,0.05 0.000257712
0.45,0.9,0.1 0.00102509
0.45,0.9,0.15 0.00025484
0.5,0.05,0.15 0.0060563
0.5,0.05,0.2 0.118249
0.5,0.05,0.25 3.51024
0.5,0.05,0.3 5.01751
0.5,0.05,0.35 0.389194
0.5,0.1,0 7.10959e-13
0.5,0.1,0.05 5.60302
0.5,0.1,0.1 22.5372
0.5,0.1,0.15 13.8903
0.5,0.1,0.2 26.1419
0.5,0.1,0.25 141.558
0.5,0.1,0.3 156.905
0.5,0.1,0.35 12.5666
0.5,0.15,0 5.94427e-11
0.5,0.15,0.05 38.9931
0.5,0.15,0.1 159.766
0.5,0.15,0.15 226.263
0.5,0.15,0.2 492.932
0.5,0.15,0.25 673.367
0.5,0.15,0.3 570.547
0.5,0.15,0.35 64.0875
0.5,0.2,0 4.23049e-10
0.5,0.2,0.05 115.022
0.5,0.2,0.1 475.396
0.5,0.2,0.15 476.126
0.5,0.2,0.2 787.872
0.5,0.2,0.25 572.387
0.5,0.2,0.3 305.725
0.5,0.2,0.35 40.6735
0.5,0.25,0 3.50925e-10
0.5,0.25,0.05 99.9351
0.5,0.25,0.1 413.668
0.5,0.25,0.15 311.581
0.5,0.25,0.2 389.257
0.5,0.25,0.25 328.524
0.5,0.25,0.3 53.7674
0.5,0.25,0.35 1.06343
0.5,0.3,0 8.0769e-10
0.5,0.3,0.05 158.985
0.5,0.3,0.1 688.482
0.5,0.3,0.15 806.101
0.5,0.3,0.2 569.89
0.5,0.3,0.25 145.401
0.5,0.3,0.3 58.743
0.5,0.3,0.35 56.7713
0.5,0.3,0.4 5.09634
0.5,0.35,0 1.3749e-09
0.5,0.35,0.05 184.609
0.5,0.35,0.1 771.818
0.5,0.35,0.15 623.066
0.5,0.35,0.2 560.95
0.5,0.35,0.25 165.579
0.5,0.35,0.3 330.69
0.5,0.35,0.35 401.492
0.5,0.35,0.4 31.6704
0.5,0.4,0 1.06742e-09
0.5,0.4,0.05 97.109
0.5,0.4,0.1 398.02
0.5,0.4,0.15 308.811
0.5,0.4,0.2 373.251
0.5,0.4,0.25 307.076
0.5,0.4,0.3 677.043
0.5,0.4,0.35 379.931
0.5,0.4,0.4 16.6515
0.5,0.4,0.45 5.61401e-08
0.5,0.45,0 1.66914e-09
0.5,0.45,0.05 106.812
0.5,0.45,0.1 442.477
0.5,0.45,0.15 394.33
0.5,0.45,0.2 447.387
0.5,0.45,0.25 540.487
0.5,0.45,0.3 319.37
0.5,0.45,0.35 77.7652
0.5,0.45,0.4 1.22319
0.5,0.45,0.45 0.00530574
0.5,0.5,0 5.01305e-09
0.5,0.5,0.05 145.991
0.5,0.5,0.1 587.361
0.5,0.5,0.15 373.228
0.5,0.5,0.2 546.461
0.5,0.5,0.25 255.735
0.5,0.5,0.3 234.229
0.5,0.5,0.35 126.891
0.5,0.5,0.4 60.7303
0.5,0.5,0.45 2.52381
0.5,0.55,0 6.35302e-09
0.5,0.55,0.05 177.253
0.5,0.55,0.1 722.071
0.5,0.55,0.15 637.496
0.5,0.55,0.2 788.615
0.5,0.55,0.25 170.907
0.5,0.55,0.3 246.158
0.5,0.55,0.35 222.334
0.5,0.55,0.4 157.452
0.5,0.55,0.45 6.55448
0.5,0.6,0 3.50025e-09
0.5,0.6,0.05 96.0384
0.5,0.6,0.1 396.393
0.5,0.6,0.15 449.64
0.5,0.6,0.2 516.579
0.5,0.6,0.25 70.9294
0.5,0.6,0.3 24.0631
0.5,0.6,0.35 30.5421
0.5,0.6,0.4 25.2192
0.5,0.6,0.45 1.05028
0.5,0.65,0 2.35742e-09
0.5,0.65,0.05 114.53
0.5,0.65,0.1 461.133
0.5,0.65,0.15 215.817
0.5,0.65,0.2 153.982
0.5,0.65,0.25 16.6194
0.5,0.65,0.3 0.0272323
0.5,0.7,0 5.62913e-10
0.5,0.7,0.05 33.4265
0.5,0.7,0.1 226.96
0.5,0.7,0.15 247.981
0.5,0.7,0.2 109.79
0.5,0.7,0.25 6.03276
0.5,0.7,0.3 6.98613e-07
0.5,0.75,0 4.26798e-09
0.5,0.75,0.05 14.085
0.5,0.75,0.1 235.732
0.5,0.75,0.15 273.679
0.5,0.75,0.2 41.8856
0.5,0.75,0.25 4.72523
0.5,0.75,0.3 4.43374e-06
0.5,0.8,0 1.33546e-07
0.5,0.8,0.05 32.5044
0.5,0.8,0.1 150.811
0.5,0.8,0.15 63.2026
0.5,0.8,0.2 8.33712
0.5,0.8,0.25 1.65689
0.5,0.8,0.3 1.73383e-06
0.5,0.85,0 1.56846e-07
0.5,0.85,0.05 25.4393
0.5,0.85,0.1 101.215
0.5,0.85,0.15 25.1723
0.5,0.85,0.2 0.0148608
0.5,0.85,0.25 0.00383127
0.5,0.85,0.3 4.00917e-09
0.5,0.9,0 8.96276e-09
0.5,0.9,0.05 1.38416
0.5,0.9,0.1 5.50572
0.5,0.9,0.15 1.36874
0.55,0.05,0.2 0.000321114
0.55,0.05,0.25 0.0158858
0.55,0.05,0.3 0.0228538
0.55,0.05,0.35 0.00177275
0.55,0.1,0 3.04537e-12
0.55,0.1,0.05 0.097872
0.55,0.1,0.1 1.93115
0.55,0.1,0.15 24.3384
0.55,0.1,0.2 27.369
0.55,0.1,0.25 54.4563
0.55,0.1,0.3 34.2641
0.55,0.1,0.35 1.9777
0.55,0.15,0 8.70238e-10
0.55,0.15,0.05 30.5529
0.55,0.15,0.1 133.379
0.55,0.15,0.15 227.127
0.55,0.15,0.2 307.473
0.55,0.15,0.25 405.745
0.55,0.15,0.3 274.579
0.55,0.15,0.35 25.4308
0.55,0.2,0 2.17004e-09
0.55,0.2,0.05 105.235
0.55,0.2,0.1 451.933
0.55,0.2,0.15 625.365
0.55,0.2,0.2 752.762
0.55,0.2,0.25 379.565
0.55,0.2,0.3 245.837
0.55,0.2,0.35 27.3252
0.55,0.25,0 4.0988e-10
0.55,0.25,0.05 61.8055
0.55,0.25,0.1 281.594
0.55,0.25,0.15 581.45
0.55,0.25,0.2 630.034
0.55,0.25,0.25 772.053
0.55,0.25,0.3 404.267
0.55,0.25,0.35 19.6621
0.55,0.25,0.4 0.000983506
0.55,0.3,0 3.64787e-10
0.55,0.3,0.05 102.481
0.55,0.3,0.1 435.294
0.55,0.3,0.15 506.933
0.55,0.3,0.2 558.645
0.55,0.3,0.25 638.07
0.55,0.3,0.3 261.372
0.55,0.3,0.35 35.4485
0.55,0.3,0.4 2.55691
0.55,0.35,0 1.67346e-09
0.55,0.35,0.05 148.603
0.55,0.35,0.1 602.019
0.55,0.35,0.15 254.088
0.55,0.35,0.2 196.297
0.55,0.35,0.25 71.3731
0.55,0.35,0.3 126.282
0.55,0.35,0.35 169.815
0.55,0.35,0.4 14.8506
0.55,0.4,0 1.13912e-09
0.55,0.4,0.05 78.7871
0.55,0.4,0.1 317.218
0.55,0.4,0.15 127.175
0.55,0.4,0.2 109.557
0.55,0.4,0.25 118.856
0.55,0.4,0.3 117.945
0.55,0.4,0.35 77.2292
0.55,0.4,0.4 5.48703
0.55,0.45,0 1.94604e-09
0.55,0.45,0.05 112.885
0.55,0.45,0.1 454.162
0.55,0.45,0.15 281.899
0.55,0.45,0.2 438.424
0.55,0.45,0.25 393.981
0.55,0.45,0.3 94.2608
0.55,0.45,0.35 7.11595
0.55,0.45,0.4 0.0384713
0.55,0.45,0.45 8.33219e-05
0.55,0.5,0 2.97876e-09
0.55,0.5,0.05 100.754
0.55,0.5,0.1 413.904
0.55,0.5,0.15 516.689
0.55,0.5,0.2 734.796
0.55,0.5,0.25 169.565
0.55,0.5,0.3 16.9405
0.55,0.5,0.35 1.12057
0.55,0.5,0.4 0.951711
0.55,0.5,0.45 0.0396364
0.55,0.55,0 4.29293e-09
0.55,0.55,0.05 85.3651
0.55,0.55,0.1 401.466
0.55,0.55,0.15 713.281
0.55,0.55,0.2 766.848
0.55,0.55,0.25 131.261
0.55,0.55,0.3 5.71736
0.55,0.55,0.35 2.76369
0.55,0.55,0.4 2.47165
0.55,0.55,0.45 0.102938
0.55,0.6,0 4.28921e-09
0.55,0.6,0.05 89.2115
0.55,0.6,0.1 400.624
0.55,0.6,0.15 451.216
0.55,0.6,0.2 353.978
0.55,0.6,0.25 68.7506
0.55,0.6,0.3 2.6771
0.55,0.6,0.35 0.434793
0.55,0.6,0.4 0.396054
0.55,0.6,0.45 0.0164947
0.55,0.65,0 8.54032e-10
0.55,0.65,0.05 60.1926
0.55,0.65,0.1 269.773
0.55,0.65,0.15 471.56
0.55,0.65,0.2 493.138
0.55,0.65,0.25 48.8696
0.55,0.65,0.3 0.162943
0.55,0.7,0 1.304e-10
0.55,0.7,0.05 47.2491
0.55,0.7,0.1 369.52
0.55,0.7,0.15 747.288
0.55,0.7,0.2 642.021
0.55,0.7,0.25 46.1633
0.55,0.7,0.3 0.00679541
0.55,0.75,0 1.43001e-08
0.55,0.75,0.05 88.4748
0.55,0.75,0.1 599.44
0.55,0.75,0.15 411.746
0.55,0.75,0.2 64.8834
0.55,0.75,0.25 3.4057
0.55,0.8,0 4.45858e-07
0.55,0.8,0.05 146.387
0.55,0.8,0.1 607.252
0.55,0.8,0.15 174.047
0.55,0.8,0.2 1.57041
0.55,0.85,0 5.23551e-07
0.55,0.85,0.05 89.3176
0.55,0.85,0.1 355.453
0.55,0.85,0.15 88.4116
0.55,0.9,0 2.99179e-08
0.55,0.9,0.05 5.75641
0.55,0.9,0.1 22.9211
0.55,0.9,0.15 5.70429
0.55,0.95,0 9.51499e-18
0.55,0.95,0.05 1.11451e-05
0.55,0.95,0.1 4.45676e-05
0.55,0.95,0.15 1.11387e-05
0.6,0.1,0 3.64916e-12
0.6,0.1,0.05 0.1168
0.6,0.1,0.1 4.75562
0.6,0.1,0.15 65.6632
0.6,0.1,0.2 51.3969
0.6,0.1,0.25 3.16743
0.6,0.1,0.3 0.916974
0.6,0.1,0.35 0.0139082
0.6,0.15,0 1.0308e-09
0.6,0.15,0.05 35.058
0.6,0.15,0.1 166.51
0.6,0.15,0.15 440.511
0.6,0.15,0.2 325.018
0.6,0.15,0.25 26.4343
0.6,0.15,0.3 8.06024
0.6,0.15,0.35 0.322021
0.6,0.2,0 2.46686e-09
0.6,0.2,0.05 137.638
0.6,0.2,0.1 570.921
0.6,0.2,0.15 408.514
0.6,0.2,0.2 273.031
0.6,0.2,0.25 221.044
0.6,0.2,0.3 202.976
0.6,0.2,0.35 20.6914
0.6,0.25,0 3.85678e-10
0.6,0.25,0.05 87.1443
0.6,0.25,0.1 467.357
0.6,0.25,0.15 615.381
0.6,0.25,0.2 492.045
0.6,0.25,0.25 764.777
0.6,0.25,0.3 552.761
0.6,0.25,0.35 52.3479
0.6,0.25,0.4 0.02457
0.6,0.3,0 1.02462e-10
0.6,0.3,0.05 42.8716
0.6,0.3,0.1 311.727
0.6,0.3,0.15 570.099
0.6,0.3,0.2 728.68
0.6,0.3,0.25 767.155
0.6,0.3,0.3 489.226
0.6,0.3,0.35 106.422
0.6,0.3,0.4 0.223371
0.6,0.35,0 5.7752e-10
0.6,0.35,0.05 155.153
0.6,0.35,0.1 700.14
0.6,0.35,0.15 336.678
0.6,0.35,0.2 299.53
0.6,0.35,0.25 129.53
0.6,0.35,0.3 143.093
0.6,0.35,0.35 51.2993
0.6,0.35,0.4 0.211322
0.6,0.4,0 2.65865e-10
0.6,0.4,0.05 77.0466
0.6,0.4,0.1 332.313
0.6,0.4,0.15 166.092
0.6,0.4,0.2 178.584
0.6,0.4,0.25 31.9762
0.6,0.4,0.3 2.46079
0.6,0.4,0.35 0.799433
0.6,0.4,0.4 0.0402794
0.6,0.45,0 9.10659e-10
0.6,0.45,0.05 155.025
0.6,0.45,0.1 620.939
0.6,0.45,0.15 396.493
0.6,0.45,0.2 592.405
0.6,0.45,0.25 114.336
0.6,0.45,0.3 4.72535
0.6,0.45,0.35 0.000579521
0.6,0.45,0.4 5.21433e-05
0.6,0.5,0 1.86397e-09
0.6,0.5,0.05 144.21
0.6,0.5,0.1 584.841
0.6,0.5,0.15 409.068
0.6,0.5,0.2 576.344
0.6,0.5,0.25 125.715
0.6,0.5,0.3 3.55559
0.6,0.55,0 5.17547e-10
0.6,0.55,0.05 20.7
0.6,0.55,0.1 158.024
0.6,0.55,0.15 451.484
0.6,0.55,0.2 523.092
0.6,0.55,0.25 340.087
0.6,0.55,0.3 22.2954
0.6,0.6,0 3.70083e-10
0.6,0.6,0.05 11.9556
0.6,0.6,0.1 127.73
0.6,0.6,0.15 592.721
0.6,0.6,0.2 675.334
0.6,0.6,0.25 307.594
0.6,0.6,0.3 13.1996
0.6,0.65,0 3.70421e-11
0.6,0.65,0.05 80.4656
0.6,0.65,0.1 423.034
0.6,0.65,0.15 848.488
0.6,0.65,0.2 870.574
0.6,0.65,0.25 182.944
0.6,0.65,0.3 1.48264
0.6,0.7,0 3.41557e-12
0.6,0.7,0.05 87.5697
0.6,0.7,0.1 576.353
0.6,0.7,0.15 869.122
0.6,0.7,0.2 606.195
0.6,0.7,0.25 54.4195
0.6,0.7,0.3 0.0663157
0.6,0.75,0 3.47347e-09
0.6,0.75,0.05 100.109
0.6,0.75,0.1 598.255
0.6,0.75,0.15 330.213
0.6,0.75,0.2 42.9333
0.6,0.75,0.25 2.71535
0.6,0.8,0 9.40025e-08
0.6,0.8,0.05 158.741
0.6,0.8,0.1 663.605
0.6,0.8,0.15 197.222
0.6,0.8,0.2 2.64158
0.6,0.85,0 1.09315e-07
0.6,0.85,0.05 109.334
0.6,0.85,0.1 437.302
0.6,0.85,0.15 109.832
0.6,0.85,0.2 0.0626474
0.6,0.9,0 6.2527e-09
0.6,0.9,0.05 22.1589
0.6,0.9,0.1 88.5901
0.6,0.9,0.15 22.1361
0.6,0.95,0 1.77506e-16
0.6,0.95,0.05 0.000207916
0.6,0.95,0.1 0.000831427
0.6,0.95,0.15 0.000207798
0.65,0.1,0 2.15294e-13
0.65,0.1,0.05 0.00694888
0.65,0.1,0.1 2.08241
0.65,0.1,0.15 31.6589
0.65,0.1,0.2 24.8393
0.65,0.1,0.25 0.666938
0.65,0.15,0 6.14486e-11
0.65,0.15,0.05 5.93852
0.65,0.15,0.1 45.2392
0.65,0.15,0.15 337.676
0.65,0.15,0.2 266.875
0.65,0.15,0.25 26.4211
0.65,0.15,0.3 3.93695
0.65,0.15,0.35 0.0242439
0.65,0.2,0 1.63611e-10
0.65,0.2,0.05 60.657
0.65,0.2,0.1 266.417
0.65,0.2,0.15 292.375
0.65,0.2,0.2 279.282
0.65,0.2,0.25 339.471
0.65,0.2,0.3 86.0581
0.65,0.2,0.35 2.7792
0.65,0.25,0 4.29095e-11
0.65,0.25,0.05 83.8039
0.65,0.25,0.1 512.867
0.65,0.25,0.15 399.041
0.65,0.25,0.2 296.746
0.65,0.25,0.25 359.675
0.65,0.25,0.3 138.062
0.65,0.25,0.35 18.0265
0.65,0.25,0.4 0.0257044
0.65,0.3,0 1.38024e-12
0.65,0.3,0.05 46.5562
0.65,0.3,0.1 425.158
0.65,0.3,0.15 701.171
0.65,0.3,0.2 626.891
0.65,0.3,0.25 229.666
0.65,0.3,0.3 295.036
0.65,0.3,0.35 106.173
0.65,0.3,0.4 0.213864
0.65,0.35,0 8.34816e-12
0.65,0.35,0.05 139.779
0.65,0.35,0.1 678.187
0.65,0.35,0.15 430.435
0.65,0.35,0.2 209.069
0.65,0.35,0.25 59.9186
0.65,0.35,0.3 137.897
0.65,0.35,0.35 52.3503
0.65,0.35,0.4 0.106073
0.65,0.4,0 7.13166e-11
0.65,0.4,0.05 99.7306
0.65,0.4,0.1 429.78
0.65,0.4,0.15 139.171
0.65,0.4,0.2 48.0681
0.65,0.4,0.25 6.88175
0.65,0.4,0.3 0.983458
0.65,0.4,0.35 0.376487
0.65,0.4,0.4 0.000762861
0.65,0.45,0 2.67024e-10
0.65,0.45,0.05 157.518
0.65,0.45,0.1 631.061
0.65,0.45,0.15 251.982
0.65,0.45,0.2 294.321
0.65,0.45,0.25 61.9977
