0,0.4,0.15 1.03082e-14
0,0.4,0.2 4.40348e-14
0,0.4,0.25 1.17562e-14
0,0.4,0.3 1.15865e-19
0,0.45,0.15 9.74797e-12
0,0.45,0.2 4.16416e-11
0,0.45,0.25 1.11173e-11
0,0.45,0.3 1.09568e-16
0,0.5,0.15 2.78652e-11
0,0.5,0.2 1.19035e-10
0,0.5,0.25 3.17794e-11
0,0.5,0.3 3.13208e-16
0,0.55,0.15 4.94706e-12
0,0.55,0.2 2.1133e-11
0,0.55,0.25 5.64197e-12
0,0.55,0.3 5.56056e-17
0,0.65,0.15 4.31381e-14
0,0.65,0.2 5.93819e-13
0,0.65,0.25 4.32066e-13
0,0.65,0.3 9.75849e-15
0,0.7,0.15 5.30933e-13
0,0.7,0.2 7.30859e-12
0,0.7,0.25 5.31777e-12
0,0.7,0.3 1.20105e-13
0,0.75,0.15 3.57062e-13
0,0.75,0.2 4.91516e-12
0,0.75,0.25 3.5763e-12
0,0.75,0.3 8.07729e-14
0,0.8,0.15 6.639e-15
0,0.8,0.2 9.13895e-14
0,0.8,0.25 6.64955e-14
0,0.8,0.3 1.50184e-15
0.05,0.1,0.1 1.86129
0.05,0.1,0.15 14.8289
0.05,0.1,0.2 7.09066
0.05,0.1,0.25 0.0441517
0.05,0.15,0 1.83915e-16
0.05,0.15,0.05 0.000317428
0.05,0.15,0.1 9.42045
0.05,0.15,0.15 76.1653
0.05,0.15,0.2 40.2637
0.05,0.15,0.25 1.29214
0.05,0.15,0.3 0.00397892
0.05,0.15,0.35 0.0166229
0.05,0.15,0.4 0.0043403
0.05,0.15,0.45 1.26467e-08
0.05,0.2,0 6.19752e-15
0.05,0.2,0.05 0.0318688
0.05,0.2,0.1 3.10006
0.05,0.2,0.15 28.9899
0.05,0.2,0.2 31.9514
0.05,0.2,0.25 11.6264
0.05,0.2,0.3 12.7185
0.05,0.2,0.35 7.01895
0.05,0.2,0.4 1.53999
0.05,0.2,0.45 4.48721e-06
0.05,0.25,0 5.6899e-14
0.05,0.25,0.05 0.366601
0.05,0.25,0.1 1.46885
0.05,0.25,0.15 3.02926
0.05,0.25,0.2 9.47298
0.05,0.25,0.25 34.1909
0.05,0.25,0.3 59.0674
0.05,0.25,0.35 20.0875
0.05,0.25,0.4 3.80622
0.05,0.25,0.45 1.10905e-05
0.05,0.3,0 3.84023e-14
0.05,0.3,0.05 0.250637
0.05,0.3,0.1 1.00412
0.05,0.3,0.15 1.51811
0.05,0.3,0.2 3.62629
0.05,0.3,0.25 10.4793
0.05,0.3,0.3 17.5783
0.05,0.3,0.35 3.90299
0.05,0.3,0.4 0.577763
0.05,0.3,0.45 1.68348e-06
0.05,0.35,0 2.9298e-10
0.05,0.35,0.05 1.34787
0.05,0.35,0.1 5.38189
0.05,0.35,0.15 1.41041
0.05,0.35,0.2 0.186354
0.05,0.35,0.25 0.0345448
0.05,0.35,0.3 0.00449932
0.05,0.35,0.35 0.000446068
0.05,0.4,0 1.17859e-09
0.05,0.4,0.05 5.4024
0.05,0.4,0.1 21.5716
0.05,0.4,0.15 5.48332
0.05,0.4,0.2 0.447276
0.05,0.4,0.25 0.150753
0.05,0.4,0.3 0.000209416
0.05,0.4,0.35 1.28902e-07
0.05,0.4,0.4 2.82186e-07
0.05,0.4,0.45 3.73567e-08
0.05,0.45,0 2.96324e-10
0.05,0.45,0.05 1.37391
0.05,0.45,0.1 5.61939
0.05,0.45,0.15 14.3578
0.05,0.45,0.2 59.8137
0.05,0.45,0.25 18.6069
0.05,0.45,0.3 0.665359
0.05,0.45,0.35 0.0518614
0.05,0.45,0.4 0.0010048
0.05,0.45,0.45 0.000133018
0.05,0.5,0 1.9949e-18
0.05,0.5,0.05 0.302726
0.05,0.5,0.1 3.41174
0.05,0.5,0.15 32.8022
0.05,0.5,0.2 139.815
0.05,0.5,0.25 49.7403
0.05,0.5,0.3 12.4624
0.05,0.5,0.35 1.89881
0.05,0.5,0.4 0.143107
0.05,0.5,0.45 0.000431672
0.05,0.55,0.05 0.274301
0.05,0.55,0.1 3.07436
0.05,0.55,0.15 6.74368
0.05,0.55,0.2 23.7832
0.05,0.55,0.25 57.2732
0.05,0.55,0.3 57.798
0.05,0.55,0.35 12.4367
0.05,0.55,0.4 1.513
0.05,0.55,0.45 0.00249598
0.05,0.6,0.05 0.00991728
0.05,0.6,0.1 0.111126
0.05,0.6,0.15 0.0699802
0.05,0.6,0.2 2.0561
0.05,0.6,0.25 42.274
0.05,0.6,0.3 45.677
0.05,0.6,0.35 16.4905
0.05,0.6,0.4 5.84163
0.05,0.6,0.45 0.0493679
0.05,0.65,0.15 0.431794
0.05,0.65,0.2 6.01786
0.05,0.65,0.25 5.86886
0.05,0.65,0.3 2.65562
0.05,0.65,0.35 9.1484
0.05,0.65,0.4 4.85198
0.05,0.65,0.45 0.0462339
0.05,0.7,0.15 5.31433
0.05,0.7,0.2 73.1546
0.05,0.7,0.25 53.2277
0.05,0.7,0.3 1.2402
0.05,0.7,0.35 0.347973
0.05,0.7,0.4 0.186663
0.05,0.7,0.45 0.00178093
0.05,0.75,0.15 3.57398
0.05,0.75,0.2 49.1978
0.05,0.75,0.25 35.7966
0.05,0.75,0.3 0.808489
0.05,0.8,0.15 0.0664524
0.05,0.8,0.2 0.914754
0.05,0.8,0.25 0.66558
0.05,0.8,0.3 0.0150325
0.1,0,0.1 2.01027e-19
0.1,0,0.15 6.84176e-17
0.1,0,0.2 1.67834e-16
0.1,0,0.25 2.52659e-17
0.1,0.05,0.1 2.64753e-06
0.1,0.05,0.15 0.000901064
0.1,0.05,0.2 0.035522
0.1,0.05,0.25 1.26901
0.1,0.05,0.3 1.63299
0.1,0.05,0.35 0.107633
0.1,0.1,0.1 9.48771
0.1,0.1,0.15 75.6333
0.1,0.1,0.2 36.6949
0.1,0.1,0.25 6.40092
0.1,0.1,0.3 7.70519
0.1,0.1,0.35 0.528226
0.1,0.1,0.4 0.000577195
0.1,0.15,0 1.61724e-12
0.1,0.15,0.05 2.79127
0.1,0.15,0.1 59.1753
0.1,0.15,0.15 403.759
0.1,0.15,0.2 257.311
0.1,0.15,0.25 22.8943
0.1,0.15,0.3 8.56506
0.1,0.15,0.35 5.24785
0.1,0.15,0.4 0.211313
0.1,0.15,0.45 2.58746e-07
0.1,0.2,0 1.6235e-11
0.1,0.2,0.05 30.4585
0.1,0.2,0.1 136.96
0.1,0.2,0.15 238.047
0.1,0.2,0.2 404.575
0.1,0.2,0.25 137.381
0.1,0.2,0.3 116.253
0.1,0.2,0.35 138.487
0.1,0.2,0.4 31.7808
0.1,0.2,0.45 9.1806e-05
0.1,0.25,0 1.52925e-11
0.1,0.25,0.05 57.363
0.1,0.25,0.1 229.494
0.1,0.25,0.15 139.993
0.1,0.25,0.2 267.038
0.1,0.25,0.25 270.005
0.1,0.25,0.3 431.861
0.1,0.25,0.35 335.046
0.1,0.25,0.4 77.9104
0.1,0.25,0.45 0.000226907
0.1,0.3,0 4.52776e-12
0.1,0.3,0.05 29.4396
0.1,0.3,0.1 117.829
0.1,0.3,0.15 94.309
0.1,0.3,0.2 180.517
0.1,0.3,0.25 95.0631
0.1,0.3,0.3 120.567
0.1,0.3,0.35 56.1178
0.1,0.3,0.4 11.8207
0.1,0.3,0.45 3.44432e-05
0.1,0.35,0 4.53774e-09
0.1,0.35,0.05 21.5211
0.1,0.35,0.1 85.9385
0.1,0.35,0.15 24.8944
0.1,0.35,0.2 9.53637
0.1,0.35,0.25 1.65133
0.1,0.35,0.3 0.0288583
0.1,0.35,0.35 0.00286104
0.1,0.4,0 1.82539e-08
0.1,0.4,0.05 83.6724
0.1,0.4,0.1 334.366
0.1,0.4,0.15 89.9401
0.1,0.4,0.2 9.41785
0.1,0.4,0.25 1.54253
0.1,0.4,0.3 0.00312858
0.1,0.4,0.35 0.00424329
0.1,0.4,0.4 0.00928919
0.1,0.4,0.45 0.00122974
0.1,0.45,0 4.59514e-09
0.1,0.45,0.05 22.9611
0.1,0.45,0.1 101.283
0.1,0.45,0.15 198.912
0.1,0.45,0.2 458.483
0.1,0.45,0.25 130.61
0.1,0.45,0.3 14.5672
0.1,0.45,0.35 16.2228
0.1,0.45,0.4 33.0778
0.1,0.45,0.45 4.37904
0.1,0.5,0 2.93389e-11
0.1,0.5,0.05 20.472
0.1,0.5,0.1 189.247
0.1,0.5,0.15 365.975
0.1,0.5,0.2 869.213
0.1,0.5,0.25 403.135
0.1,0.5,0.3 242.308
0.1,0.5,0.35 111.306
0.1,0.5,0.4 114.034
0.1,0.5,0.45 14.2151
0.1,0.55,0 9.42744e-12
0.1,0.55,0.05 14.9885
0.1,0.55,0.1 154.331
0.1,0.55,0.15 151.799
0.1,0.55,0.2 226.255
0.1,0.55,0.25 521.239
0.1,0.55,0.3 564.652
0.1,0.55,0.35 372.391
0.1,0.55,0.4 74.1327
0.1,0.55,0.45 2.9337
0.1,0.6,0 4.42965e-15
0.1,0.6,0.05 1.38455
0.1,0.6,0.1 21.0735
0.1,0.6,0.15 21.0795
0.1,0.6,0.2 60.1094
0.1,0.6,0.25 338.146
0.1,0.6,0.3 332.869
0.1,0.6,0.35 371.397
0.1,0.6,0.4 132.278
0.1,0.6,0.45 1.05616
0.1,0.65,0.05 2.20347
0.1,0.65,0.1 38.3197
0.1,0.65,0.15 47.799
0.1,0.65,0.2 54.206
0.1,0.65,0.25 53.5642
0.1,0.65,0.3 87.1047
0.1,0.65,0.35 204.47
0.1,0.65,0.4 103.816
0.1,0.65,0.45 0.988943
0.1,0.7,0.05 0.325916
0.1,0.7,0.1 6.90015
0.1,0.7,0.15 62.0814
0.1,0.7,0.2 338.823
0.1,0.7,0.25 242.851
0.1,0.7,0.3 75.8457
0.1,0.7,0.35 19.1872
0.1,0.7,0.4 3.99273
0.1,0.7,0.45 0.0380941
0.1,0.75,0.1 0.354274
0.1,0.75,0.15 23.2143
0.1,0.75,0.2 206.564
0.1,0.75,0.25 146.294
0.1,0.75,0.3 9.33591
0.1,0.75,0.35 0.996759
0.1,0.8,0.1 1.49277e-05
0.1,0.8,0.15 0.277383
0.1,0.8,0.2 3.92229
0.1,0.8,0.25 2.92813
0.1,0.8,0.3 0.0719132
0.1,0.85,0.15 0.000267078
0.1,0.85,0.2 0.00625996
0.1,0.85,0.25 0.00632575
0.1,0.85,0.3 0.000280237
0.15,0,0.1 2.5992e-15
0.15,0,0.15 8.84613e-13
0.15,0,0.2 2.17003e-12
0.15,0,0.25 3.26679e-13
0.15,0.05,0 3.77742e-13
0.15,0.05,0.05 0.00767793
0.15,0.05,0.1 0.0649096
0.15,0.05,0.15 11.6581
0.15,0.05,0.2 29.5603
0.15,0.05,0.25 42.1424
0.15,0.05,0.3 49.1877
0.15,0.05,0.35 3.31381
0.15,0.1,0 2.55832e-10
0.15,0.1,0.05 5.19999
0.15,0.1,0.1 23.9294
0.15,0.1,0.15 78.2722
0.15,0.1,0.2 153.481
0.15,0.1,0.25 209.644
0.15,0.1,0.3 235.614
0.15,0.1,0.35 16.4269
0.15,0.1,0.4 0.0102893
0.15,0.15,0 7.0896e-10
0.15,0.15,0.05 23.9752
0.15,0.15,0.1 111.174
0.15,0.15,0.15 196.546
0.15,0.15,0.2 354.209
0.15,0.15,0.25 196.522
0.15,0.15,0.3 188.182
0.15,0.15,0.35 95.6663
0.15,0.15,0.4 2.50464
0.15,0.15,0.45 2.42063e-07
0.15,0.2,0 2.0535e-10
0.15,0.2,0.05 104.125
0.15,0.2,0.1 421.571
0.15,0.2,0.15 255.792
0.15,0.2,0.2 604.979
0.15,0.2,0.25 401.95
0.15,0.2,0.3 380.374
0.15,0.2,0.35 340.769
0.15,0.2,0.4 35.8165
0.15,0.2,0.45 8.58867e-05
0.15,0.25,0 6.20458e-11
0.15,0.25,0.05 149.866
0.15,0.25,0.1 599.623
0.15,0.25,0.15 271.387
0.15,0.25,0.2 501.722
0.15,0.25,0.25 510.456
0.15,0.25,0.3 383.346
0.15,0.25,0.35 336.627
0.15,0.25,0.4 74.1481
0.15,0.25,0.45 0.000212277
0.15,0.3,0 1.0722e-11
0.15,0.3,0.05 110.097
0.15,0.3,0.1 440.462
0.15,0.3,0.15 206.268
0.15,0.3,0.2 277.118
0.15,0.3,0.25 121.886
0.15,0.3,0.3 80.7487
0.15,0.3,0.35 47.5565
0.15,0.3,0.4 11.0746
0.15,0.3,0.45 3.22224e-05
0.15,0.35,0 3.57402e-09
0.15,0.35,0.05 36.0363
0.15,0.35,0.1 144.04
0.15,0.35,0.15 41.1273
0.15,0.35,0.2 14.2073
0.15,0.35,0.25 2.46642
0.15,0.35,0.3 0.0113962
0.15,0.35,0.35 0.0011297
0.15,0.4,0 1.43752e-08
0.15,0.4,0.05 66.1562
0.15,0.4,0.1 270.459
0.15,0.4,0.15 125.999
0.15,0.4,0.2 41.3757
0.15,0.4,0.25 2.16103
0.15,0.4,0.3 0.0624507
0.15,0.4,0.35 0.0154804
0.15,0.4,0.4 0.0337434
0.15,0.4,0.45 0.00446643
0.15,0.45,0 3.69364e-09
0.15,0.45,0.05 34.1152
0.15,0.45,0.1 176.818
0.15,0.45,0.15 532.398
0.15,0.45,0.2 577.88
0.15,0.45,0.25 174.719
0.15,0.45,0.3 45.1284
0.15,0.45,0.35 76.3896
0.15,0.45,0.4 126.103
0.15,0.45,0.45 16.864
0.15,0.5,0 4.09198e-10
0.15,0.5,0.05 105.351
0.15,0.5,0.1 584.13
0.15,0.5,0.15 666.397
0.15,0.5,0.2 839.193
0.15,0.5,0.25 550.476
0.15,0.5,0.3 411.888
0.15,0.5,0.35 418.26
0.15,0.5,0.4 507.874
0.15,0.5,0.45 71.0809
0.15,0.55,0 1.31487e-10
0.15,0.55,0.05 45.7903
0.15,0.55,0.1 319.133
0.15,0.55,0.15 364.197
0.15,0.55,0.2 509.282
0.15,0.55,0.25 699.472
0.15,0.55,0.3 835.501
0.15,0.55,0.35 805.194
0.15,0.55,0.4 276.952
0.15,0.55,0.45 28.6476
0.15,0.6,0 2.51708e-10
0.15,0.6,0.05 11.9247
0.15,0.6,0.1 146.816
0.15,0.6,0.15 143.726
0.15,0.6,0.2 163.219
0.15,0.6,0.25 431.995
0.15,0.6,0.3 416.326
0.15,0.6,0.35 481.543
0.15,0.6,0.4 148.714
0.15,0.6,0.45 1.73793
0.15,0.65,0 1.34118e-09
0.15,0.65,0.05 39.3002
0.15,0.65,0.1 388.426
0.15,0.65,0.15 444.651
0.15,0.65,0.2 380.554
0.15,0.65,0.25 261.55
0.15,0.65,0.3 542.263
0.15,0.65,0.35 280.134
0.15,0.65,0.4 99.7497
0.15,0.65,0.45 0.951533
0.15,0.7,0 4.45021e-10
0.15,0.7,0.05 9.92452
0.15,0.7,0.1 97.7685
0.15,0.7,0.15 431.697
0.15,0.7,0.2 565.563
0.15,0.7,0.25 334.909
0.15,0.7,0.3 579.451
0.15,0.7,0.35 105.796
0.15,0.7,0.4 3.84587
0.15,0.7,0.45 0.0365661
0.15,0.75,0 2.92762e-13
0.15,0.75,0.05 0.00544429
0.15,0.75,0.1 12.5581
0.15,0.75,0.15 141.948
0.15,0.75,0.2 263.929
0.15,0.75,0.25 200.316
0.15,0.75,0.3 98.0241
0.15,0.75,0.35 10.763
0.15,0.75,0.4 0.000177202
0.15,0.8,0.1 4.20556
0.15,0.8,0.15 33.8122
0.15,0.8,0.2 93.9791
0.15,0.8,0.25 103.924
0.15,0.8,0.3 42.4435
0.15,0.8,0.35 2.98175
0.15,0.85,0.1 0.065166
0.15,0.85,0.15 0.552451
0.15,0.85,0.2 2.06988
0.15,0.85,0.25 2.67746
0.15,0.85,0.3 1.34157
0.15,0.85,0.35 0.0963137
0.2,0,0.1 1.21643e-14
0.2,0,0.15 3.22306e-12
0.2,0,0.2 7.76518e-12
0.2,0,0.25 1.15536e-12
0.2,0.05,0 2.59192e-12
0.2,0.05,0.05 0.0526829
0.2,0.05,0.1 0.335276
0.2,0.05,0.15 41.0716
0.2,0.05,0.2 101.988
0.2,0.05,0.25 74.5982
0.2,0.05,0.3 88.2681
0.2,0.05,0.35 7.61848
0.2,0.1,0 1.75541e-09
0.2,0.1,0.05 35.6802
0.2,0.1,0.1 143.457
0.2,0.1,0.15 214.052
0.2,0.1,0.2 494.017
0.2,0.1,0.25 440.747
0.2,0.1,0.3 512.202
0.2,0.1,0.35 47.5559
0.2,0.1,0.4 0.00887408
0.2,0.15,0 4.92556e-09
0.2,0.15,0.05 105.561
0.2,0.15,0.1 424.288
0.2,0.15,0.15 252.358
0.2,0.15,0.2 576.284
0.2,0.15,0.25 383.124
0.2,0.15,0.3 337.248
0.2,0.15,0.35 138.391
0.2,0.15,0.4 3.95817
0.2,0.15,0.45 9.30551e-09
0.2,0.2,0 2.02103e-09
0.2,0.2,0.05 101.198
0.2,0.2,0.1 407.912
0.2,0.2,0.15 340.408
0.2,0.2,0.2 668.444
0.2,0.2,0.25 409.147
0.2,0.2,0.3 647.064
0.2,0.2,0.35 512.897
0.2,0.2,0.4 19.2082
0.2,0.2,0.45 3.30171e-06
0.2,0.25,0 7.042e-10
0.2,0.25,0.05 146.539
0.2,0.25,0.1 587.598
0.2,0.25,0.15 339.208
0.2,0.25,0.2 606.154
0.2,0.25,0.25 566.104
0.2,0.25,0.3 534.524
0.2,0.25,0.35 292.589
0.2,0.25,0.4 11.9526
0.2,0.25,0.45 8.16045e-06
0.2,0.3,0 1.80979e-11
0.2,0.3,0.05 157.902
0.2,0.3,0.1 632.056
0.2,0.3,0.15 262.136
0.2,0.3,0.2 329.672
0.2,0.3,0.25 149.524
0.2,0.3,0.3 71.9277
0.2,0.3,0.35 24.3083
0.2,0.3,0.4 1.08571
0.2,0.3,0.45 1.23871e-06
0.2,0.35,0 9.75693e-11
0.2,0.35,0.05 71.2932
0.2,0.35,0.1 286.267
0.2,0.35,0.15 78.325
0.2,0.35,0.2 15.1029
0.2,0.35,0.25 3.29955
0.2,0.35,0.3 0.187744
0.2,0.35,0.35 0.273824
0.2,0.35,0.4 0.0217782
0.2,0.4,0 4.24282e-10
0.2,0.4,0.05 43.0363
0.2,0.4,0.1 210.245
0.2,0.4,0.15 236.174
0.2,0.4,0.2 72.2251
0.2,0.4,0.25 3.2954
0.2,0.4,0.3 0.219543
0.2,0.4,0.35 0.00382466
0.2,0.4,0.4 0.00768034
0.2,0.4,0.45 0.00101371
0.2,0.45,0 3.51768e-10
0.2,0.45,0.05 45.1271
0.2,0.45,0.1 280.785
0.2,0.45,0.15 686.748
0.2,0.45,0.2 413.427
0.2,0.45,0.25 199.391
0.2,0.45,0.3 118.101
0.2,0.45,0.35 116.344
0.2,0.45,0.4 57.1913
0.2,0.45,0.45 7.17571
0.2,0.5,0 5.25571e-10
0.2,0.5,0.05 87.228
0.2,0.5,0.1 381.541
0.2,0.5,0.15 433.556
0.2,0.5,0.2 612.922
0.2,0.5,0.25 677.419
0.2,0.5,0.3 672.954
0.2,0.5,0.35 629.555
0.2,0.5,0.4 530.324
0.2,0.5,0.45 80.6242
0.2,0.55,0 1.45559e-10
0.2,0.55,0.05 31.1433
0.2,0.55,0.1 197.33
0.2,0.55,0.15 274.284
0.2,0.55,0.2 376.901
0.2,0.55,0.25 507.568
0.2,0.55,0.3 696.667
0.2,0.55,0.35 606.665
0.2,0.55,0.4 491.987
0.2,0.55,0.45 68.6969
0.2,0.6,0 1.15927e-09
0.2,0.6,0.05 26.1857
0.2,0.6,0.1 250.609
0.2,0.6,0.15 295.104
0.2,0.6,0.2 337.411
0.2,0.6,0.25 491.646
0.2,0.6,0.3 384.097
0.2,0.6,0.35 296.675
0.2,0.6,0.4 138.92
0.2,0.6,0.45 7.09182
0.2,0.65,0 6.25721e-09
0.2,0.65,0.05 116.067
0.2,0.65,0.1 614.279
0.2,0.65,0.15 588.488
0.2,0.65,0.2 561.282
0.2,0.65,0.25 326.047
0.2,0.65,0.3 579.3
0.2,0.65,0.35 181.215
0.2,0.65,0.4 12.6866
0.2,0.65,0.45 0.394713
0.2,0.7,0 2.20837e-09
0.2,0.7,0.05 45.773
0.2,0.7,0.1 327.872
0.2,0.7,0.15 711.487
0.2,0.7,0.2 550.706
0.2,0.7,0.25 494.907
0.2,0.7,0.3 549.108
0.2,0.7,0.35 116.593
0.2,0.7,0.4 0.424094
0.2,0.7,0.45 0.00491392
0.2,0.75,0 1.83253e-11
0.2,0.75,0.05 9.89787
0.2,0.75,0.1 148.355
0.2,0.75,0.15 581.283
0.2,0.75,0.2 718.511
0.2,0.75,0.25 633.818
0.2,0.75,0.3 344.757
0.2,0.75,0.35 24.2616
0.2,0.75,0.4 0.00275238
0.2,0.8,0.05 3.89591
0.2,0.8,0.1 61.3931
0.2,0.8,0.15 286.475
0.2,0.8,0.2 428.067
0.2,0.8,0.25 365.767
0.2,0.8,0.3 234.225
0.2,0.8,0.35 17.2316
0.2,0.85,0.05 0.0164637
0.2,0.85,0.1 0.610632
0.2,0.85,0.15 4.42187
0.2,0.85,0.2 8.35248
0.2,0.85,0.25 9.81242
0.2,0.85,0.3 7.48574
0.2,0.85,0.35 0.556595
0.25,0,0.1 4.4342e-13
0.25,0,0.15 1.88157e-11
0.25,0,0.2 3.02295e-11
0.25,0,0.25 9.49296e-11
0.25,0,0.3 8.83967e-11
0.25,0,0.35 3.50098e-12
0.25,0.05,0 1.08787e-12
0.25,0.05,0.05 0.0221119
0.25,0.05,0.1 0.824246
0.25,0.05,0.15 38.2054
0.25,0.05,0.2 63.1594
0.25,0.05,0.25 41.7095
0.25,0.05,0.3 52.2259
