0,0.4,0.15 1.71373e-14
0,0.4,0.2 7.33012e-14
0,0.4,0.25 1.95945e-14
0,0.4,0.3 2.04337e-19
0,0.45,0.15 1.61833e-11
0,0.45,0.2 6.92205e-11
0,0.45,0.25 1.85037e-11
0,0.45,0.3 1.92962e-16
0,0.5,0.15 4.6253e-11
0,0.5,0.2 1.97838e-10
0,0.5,0.25 5.2885e-11
0,0.5,0.3 5.515e-16
0,0.55,0.15 8.21008e-12
0,0.55,0.2 3.51169e-11
0,0.55,0.25 9.38728e-12
0,0.55,0.3 9.78933e-17
0.05,0.1,0.1 7.20226e-06
0.05,0.1,0.15 4.06278
0.05,0.1,0.2 15.6648
0.05,0.1,0.25 3.77487
0.05,0.15,0.05 0.00112092
0.05,0.15,0.1 0.00452799
0.05,0.15,0.15 18.0688
0.05,0.15,0.2 70.231
0.05,0.15,0.25 19.2758
0.05,0.15,0.3 0.681717
0.05,0.15,0.35 1.77165e-05
0.05,0.2,0.05 0.0403073
0.05,0.2,0.1 0.161695
0.05,0.2,0.15 5.56505
0.05,0.2,0.2 24.3939
0.05,0.2,0.25 20.8375
0.05,0.2,0.3 6.23438
0.05,0.2,0.35 6.74063
0.05,0.2,0.4 4.35519
0.05,0.2,0.45 0.0803319
0.05,0.25,0.05 0.381963
0.05,0.25,0.1 1.5309
0.05,0.25,0.15 4.09868
0.05,0.25,0.2 12.7335
0.05,0.25,0.25 17.2919
0.05,0.25,0.3 28.8458
0.05,0.25,0.35 39.4665
0.05,0.25,0.4 23.8217
0.05,0.25,0.45 0.439393
0.05,0.3,0.05 0.251001
0.05,0.3,0.1 1.00636
0.05,0.3,0.15 1.91587
0.05,0.3,0.2 5.11245
0.05,0.3,0.25 8.49918
0.05,0.3,0.3 20.6553
0.05,0.3,0.35 15.2642
0.05,0.3,0.4 8.10357
0.05,0.3,0.45 0.149471
0.05,0.35,0.05 0.00942366
0.05,0.35,0.1 4.20618
0.05,0.35,0.15 11.8363
0.05,0.35,0.2 2.0961
0.05,0.35,0.25 0.219259
0.05,0.35,0.3 0.562672
0.05,0.35,0.35 0.100822
0.05,0.35,0.4 0.00673827
0.05,0.35,0.45 0.000124288
0.05,0.4,0.05 0.016293
0.05,0.4,0.1 13.942
0.05,0.4,0.15 39.4166
0.05,0.4,0.2 7.41497
0.05,0.4,0.25 0.443141
0.05,0.4,0.3 0.0176358
0.05,0.45,0.05 0.00529412
0.05,0.45,0.1 3.0894
0.05,0.45,0.15 18.0263
0.05,0.45,0.2 56.9189
0.05,0.45,0.25 29.6391
0.05,0.45,0.3 4.17706
0.05,0.45,0.35 0.544623
0.05,0.45,0.4 0.00663943
0.05,0.45,0.45 1.05086e-05
0.05,0.5,0.05 0.0274837
0.05,0.5,0.1 2.68133
0.05,0.5,0.15 30.1614
0.05,0.5,0.2 129.414
0.05,0.5,0.25 62.8158
0.05,0.5,0.3 25.8366
0.05,0.5,0.35 7.87365
0.05,0.5,0.4 1.63602
0.05,0.5,0.45 0.0194624
0.05,0.5,0.5 6.42751e-07
0.05,0.55,0.05 0.0206241
0.05,0.55,0.1 2.00967
0.05,0.55,0.15 8.00249
0.05,0.55,0.2 20.6602
0.05,0.55,0.25 35.3032
0.05,0.55,0.3 60.4166
0.05,0.55,0.35 20.1735
0.05,0.55,0.4 17.5451
0.05,0.55,0.45 3.87454
0.05,0.55,0.5 0.000146555
0.05,0.6,0.05 0.000500631
0.05,0.6,0.1 0.0492454
0.05,0.6,0.15 0.0908227
0.05,0.6,0.2 0.153913
0.05,0.6,0.25 19.1753
0.05,0.6,0.3 38.6914
0.05,0.6,0.35 13.0816
0.05,0.6,0.4 32.1096
0.05,0.6,0.45 8.77006
0.05,0.6,0.5 0.000332187
0.05,0.65,0.05 4.06872e-11
0.05,0.65,0.1 0.00466757
0.05,0.65,0.15 0.179795
0.05,0.65,0.2 5.64609
0.05,0.65,0.25 7.44961
0.05,0.65,0.3 1.38066
0.05,0.65,0.35 1.09451
0.05,0.65,0.4 4.35471
0.05,0.65,0.45 1.20813
0.05,0.65,0.5 4.5765e-05
0.05,0.7,0.05 2.35542e-11
0.05,0.7,0.1 0.00270211
0.05,0.7,0.15 1.41054
0.05,0.7,0.2 48.9496
0.05,0.7,0.25 60.5886
0.05,0.7,0.3 3.76142
0.05,0.75,0.05 2.8748e-13
0.05,0.75,0.1 3.29792e-05
0.05,0.75,0.15 0.719364
0.05,0.75,0.2 25.1495
0.05,0.75,0.25 31.1311
0.05,0.75,0.3 1.93266
0.05,0.8,0.15 0.00589902
0.05,0.8,0.2 0.206271
0.05,0.8,0.25 0.255332
0.05,0.8,0.3 0.0158513
0.1,0.05,0.1 3.04613e-10
0.1,0.05,0.15 0.00223689
0.1,0.05,0.2 0.00880983
0.1,0.05,0.25 0.175421
0.1,0.05,0.3 1.25102
0.1,0.05,0.35 0.549404
0.1,0.05,0.4 0.00235822
0.1,0.1,0.1 4.21002e-05
0.1,0.1,0.15 23.768
0.1,0.1,0.2 91.8083
0.1,0.1,0.25 23.4885
0.1,0.1,0.3 8.83266
0.1,0.1,0.35 3.87572
0.1,0.1,0.4 0.0166358
0.1,0.15,0.05 3.65059
0.1,0.15,0.1 14.6426
0.1,0.15,0.15 109.369
0.1,0.15,0.2 420.321
0.1,0.15,0.25 150.385
0.1,0.15,0.3 18.6467
0.1,0.15,0.35 5.57131
0.1,0.15,0.4 1.09824
0.1,0.15,0.45 5.19801e-05
0.1,0.2,0.05 33.2913
0.1,0.2,0.1 133.507
0.1,0.2,0.15 75.0811
0.1,0.2,0.2 223.383
0.1,0.2,0.25 370.424
0.1,0.2,0.3 123.675
0.1,0.2,0.35 80.4094
0.1,0.2,0.4 44.4264
0.1,0.2,0.45 0.720807
0.1,0.25,0.05 57.2061
0.1,0.25,0.1 229.652
0.1,0.25,0.15 147.989
0.1,0.25,0.2 306.162
0.1,0.25,0.25 306.443
0.1,0.25,0.3 356.239
0.1,0.25,0.35 369.885
0.1,0.25,0.4 215.317
0.1,0.25,0.45 3.94129
0.1,0.3,0.05 28.7315
0.1,0.3,0.1 117.691
0.1,0.3,0.15 71.5331
0.1,0.3,0.2 124.129
0.1,0.3,0.25 112.055
0.1,0.3,0.3 235.3
0.1,0.3,0.35 144.769
0.1,0.3,0.4 72.6868
0.1,0.3,0.45 1.34071
0.1,0.35,0.05 0.652005
0.1,0.35,0.1 42.4485
0.1,0.35,0.15 112.134
0.1,0.35,0.2 19.9741
0.1,0.35,0.25 2.56158
0.1,0.35,0.3 6.4198
0.1,0.35,0.35 1.1259
0.1,0.35,0.4 0.0604401
0.1,0.35,0.45 0.00111482
0.1,0.4,0.05 0.152397
0.1,0.4,0.1 130.636
0.1,0.4,0.15 379.092
0.1,0.4,0.2 82.7005
0.1,0.4,0.25 4.92536
0.1,0.4,0.3 0.200272
0.1,0.4,0.35 0.0718208
0.1,0.4,0.4 1.16497
0.1,0.4,0.45 0.967061
0.1,0.4,0.5 0.0293171
0.1,0.45,0 1.93879e-13
0.1,0.45,0.05 1.28961
0.1,0.45,0.1 41.5388
0.1,0.45,0.15 228.071
0.1,0.45,0.2 453.958
0.1,0.45,0.25 238.58
0.1,0.45,0.3 61.1888
0.1,0.45,0.35 10.8931
0.1,0.45,0.4 35.5222
0.1,0.45,0.45 29.3093
0.1,0.45,0.5 0.888519
0.1,0.5,0 1.00185e-12
0.1,0.5,0.05 7.18962
0.1,0.5,0.1 130.478
0.1,0.5,0.15 367.337
0.1,0.5,0.2 771.727
0.1,0.5,0.25 513.086
0.1,0.5,0.3 395.207
0.1,0.5,0.35 210.508
0.1,0.5,0.4 101.44
0.1,0.5,0.45 34.1957
0.1,0.5,0.5 1.02688
0.1,0.55,0 3.22651e-13
0.1,0.55,0.05 2.77589
0.1,0.55,0.1 86.4965
0.1,0.55,0.15 188.833
0.1,0.55,0.2 190.218
0.1,0.55,0.25 371.673
0.1,0.55,0.3 606.783
0.1,0.55,0.35 470.365
0.1,0.55,0.4 300.403
0.1,0.55,0.45 44.5049
0.1,0.55,0.5 0.0587704
0.1,0.6,0 1.55456e-16
0.1,0.6,0.05 0.0205285
0.1,0.6,0.1 4.70689
0.1,0.6,0.15 18.6829
0.1,0.6,0.2 16.0733
0.1,0.6,0.25 158.667
0.1,0.6,0.3 286.477
0.1,0.6,0.35 183.797
0.1,0.6,0.4 374.742
0.1,0.6,0.45 95.8793
0.1,0.6,0.5 0.00362926
0.1,0.65,0.05 2.41266e-07
0.1,0.65,0.1 27.9829
0.1,0.65,0.15 122.009
0.1,0.65,0.2 77.4792
0.1,0.65,0.25 44.2044
0.1,0.65,0.3 34.6069
0.1,0.65,0.35 130.796
0.1,0.65,0.4 87.1933
0.1,0.65,0.45 13.2806
0.1,0.65,0.5 0.000499998
0.1,0.7,0.05 1.39671e-07
0.1,0.7,0.1 16.1453
0.1,0.7,0.15 76.839
0.1,0.7,0.2 286.314
0.1,0.7,0.25 315.182
0.1,0.7,0.3 33.2764
0.1,0.7,0.35 50.7953
0.1,0.7,0.4 14.1568
0.1,0.7,0.45 0.0250834
0.1,0.75,0.05 1.70469e-09
0.1,0.75,0.1 0.195888
0.1,0.75,0.15 4.65353
0.1,0.75,0.2 128.49
0.1,0.75,0.25 157.49
0.1,0.75,0.3 10.251
0.1,0.75,0.35 0.663527
0.1,0.75,0.4 0.0941499
0.1,0.75,0.45 7.05601e-06
0.1,0.8,0.15 0.02934
0.1,0.8,0.2 1.06642
0.1,0.8,0.25 1.54493
0.1,0.8,0.3 0.193194
0.1,0.8,0.35 0.00037405
0.1,0.85,0.2 4.5192e-05
0.1,0.85,0.25 0.000306913
0.1,0.85,0.3 0.000127632
0.1,0.85,0.35 4.17481e-07
0.15,0.05,0 3.77742e-13
0.15,0.05,0.05 0.00767793
0.15,0.05,0.1 0.0306789
0.15,0.05,0.15 7.01603
0.15,0.05,0.2 27.6019
0.15,0.05,0.25 11.8265
0.15,0.05,0.3 36.6181
0.15,0.05,0.35 16.2741
0.15,0.05,0.4 0.080498
0.15,0.1,0 2.55832e-10
0.15,0.1,0.05 5.19999
0.15,0.1,0.1 20.7771
0.15,0.1,0.15 47.1836
0.15,0.1,0.2 178.181
0.15,0.1,0.25 90.9812
0.15,0.1,0.3 260.469
0.15,0.1,0.35 116.039
0.15,0.1,0.4 0.605285
0.15,0.15,0 7.00245e-10
0.15,0.15,0.05 26.0037
0.15,0.15,0.1 104.699
0.15,0.15,0.15 83.2368
0.15,0.15,0.2 345.887
0.15,0.15,0.25 250.997
0.15,0.15,0.3 149.773
0.15,0.15,0.35 119.704
0.15,0.15,0.4 19.4548
0.15,0.15,0.45 0.000877741
0.15,0.2,0 1.18779e-10
0.15,0.2,0.05 105.68
0.15,0.2,0.1 428.275
0.15,0.2,0.15 158.141
0.15,0.2,0.2 299.369
0.15,0.2,0.25 620.943
0.15,0.2,0.3 326.352
0.15,0.2,0.35 402.068
0.15,0.2,0.4 120.615
0.15,0.2,0.45 0.384576
0.15,0.25,0 6.85262e-13
0.15,0.25,0.05 138.626
0.15,0.25,0.1 583.879
0.15,0.25,0.15 273.367
0.15,0.25,0.2 390.901
0.15,0.25,0.25 621.402
0.15,0.25,0.3 587.891
0.15,0.25,0.35 348.416
0.15,0.25,0.4 147.459
0.15,0.25,0.45 2.08125
0.15,0.3,0 5.34648e-13
0.15,0.3,0.05 75.0203
0.15,0.3,0.1 438.438
0.15,0.3,0.15 244.222
0.15,0.3,0.2 146.277
0.15,0.3,0.25 145.899
0.15,0.3,0.3 235.684
0.15,0.3,0.35 90.2137
0.15,0.3,0.4 38.6848
0.15,0.3,0.45 0.707544
0.15,0.35,0 9.31746e-13
0.15,0.35,0.05 6.48119
0.15,0.35,0.1 91.9238
0.15,0.35,0.15 107.753
0.15,0.35,0.2 13.3104
0.15,0.35,0.25 2.21057
0.15,0.35,0.3 4.35576
0.15,0.35,0.35 0.734073
0.15,0.35,0.4 0.0320219
0.15,0.35,0.45 0.000588336
0.15,0.4,0 8.70078e-13
0.15,0.4,0.05 0.506855
0.15,0.4,0.1 77.3155
0.15,0.4,0.15 269.209
0.15,0.4,0.2 109.37
0.15,0.4,0.25 10.3218
0.15,0.4,0.3 1.65388
0.15,0.4,0.35 1.61673
0.15,0.4,0.4 7.16763
0.15,0.4,0.45 5.81125
0.15,0.4,0.5 0.176171
0.15,0.45,0 2.73002e-12
0.15,0.45,0.05 16.5856
0.15,0.45,0.1 105.391
0.15,0.45,0.15 506.632
0.15,0.45,0.2 693.717
0.15,0.45,0.25 325.758
0.15,0.45,0.3 143.885
0.15,0.45,0.35 109.609
0.15,0.45,0.4 232.757
0.15,0.45,0.45 180.527
0.15,0.45,0.5 5.37008
0.15,0.5,0 1.39311e-11
0.15,0.5,0.05 86.4278
0.15,0.5,0.1 481.82
0.15,0.5,0.15 622.325
0.15,0.5,0.2 764.273
0.15,0.5,0.25 627.564
0.15,0.5,0.3 590.453
0.15,0.5,0.35 504.978
0.15,0.5,0.4 451.255
0.15,0.5,0.45 243.327
0.15,0.5,0.5 6.4466
0.15,0.55,0 4.48659e-12
0.15,0.55,0.05 28.4342
0.15,0.55,0.1 212.679
0.15,0.55,0.15 353.67
0.15,0.55,0.2 452.55
0.15,0.55,0.25 592.443
0.15,0.55,0.3 840.67
0.15,0.55,0.35 796.711
0.15,0.55,0.4 427.658
0.15,0.55,0.45 58.9717
0.15,0.55,0.5 0.489946
0.15,0.6,0 1.73644e-12
0.15,0.6,0.05 4.17215
0.15,0.6,0.1 29.9646
0.15,0.6,0.15 101.048
0.15,0.6,0.2 102.462
0.15,0.6,0.25 198.833
0.15,0.6,0.3 307.1
0.15,0.6,0.35 285.836
0.15,0.6,0.4 292.602
0.15,0.6,0.45 59.4312
0.15,0.6,0.5 0.00354047
0.15,0.65,0 9.30224e-12
0.15,0.65,0.05 22.1709
0.15,0.65,0.1 188.457
0.15,0.65,0.15 608.886
0.15,0.65,0.2 471.631
0.15,0.65,0.25 107.159
0.15,0.65,0.3 215.055
0.15,0.65,0.35 712.997
0.15,0.65,0.4 226.413
0.15,0.65,0.45 8.48647
0.15,0.65,0.5 0.000307999
0.15,0.7,0 3.10562e-12
0.15,0.7,0.05 7.4019
0.15,0.7,0.1 91.4091
0.15,0.7,0.15 360.398
0.15,0.7,0.2 534.192
0.15,0.7,0.25 322.984
0.15,0.7,0.3 190.749
0.15,0.7,0.35 388.64
0.15,0.7,0.4 80.8854
0.15,0.7,0.45 0.109606
0.15,0.75,0 2.1689e-15
0.15,0.75,0.05 0.00516934
0.15,0.75,0.1 3.19177
0.15,0.75,0.15 21.8126
0.15,0.75,0.2 115.401
0.15,0.75,0.25 258.652
0.15,0.75,0.3 117.337
0.15,0.75,0.35 34.1562
0.15,0.75,0.4 1.54821
0.15,0.75,0.45 3.08325e-05
0.15,0.8,0.1 0.0114224
0.15,0.8,0.15 0.178583
0.15,0.8,0.2 9.59395
0.15,0.8,0.25 60.7411
0.15,0.8,0.3 35.254
0.15,0.8,0.35 7.68923
0.15,0.8,0.4 0.165062
0.15,0.85,0.2 0.00962403
0.15,0.85,0.25 0.0658317
0.15,0.85,0.3 0.0335209
0.15,0.85,0.35 0.00462501
0.15,0.85,0.4 9.83943e-05
0.2,0.05,0 2.59192e-12
0.2,0.05,0.05 0.0526829
0.2,0.05,0.1 0.210503
0.2,0.05,0.15 22.6804
0.2,0.05,0.2 89.145
0.2,0.05,0.25 28.6775
0.2,0.05,0.3 58.9675
0.2,0.05,0.35 33.0201
0.2,0.05,0.4 0.535153
0.2,0.1,0 1.75541e-09
0.2,0.1,0.05 35.6802
0.2,0.1,0.1 142.569
0.2,0.1,0.15 142.538
0.2,0.1,0.2 448.438
0.2,0.1,0.25 203.561
0.2,0.1,0.3 480.727
0.2,0.1,0.35 278.586
0.2,0.1,0.4 5.15823
0.2,0.15,0 4.8048e-09
0.2,0.15,0.05 100.101
0.2,0.15,0.1 416.135
0.2,0.15,0.15 195.582
0.2,0.15,0.2 448.162
0.2,0.15,0.25 479.224
0.2,0.15,0.3 327.205
0.2,0.15,0.35 224.536
0.2,0.15,0.4 24.3593
0.2,0.15,0.45 0.00100455
0.2,0.2,0 8.15173e-10
0.2,0.2,0.05 42.8846
0.2,0.2,0.1 286.739
0.2,0.2,0.15 417.983
0.2,0.2,0.2 555.02
0.2,0.2,0.25 442.714
0.2,0.2,0.3 349.346
0.2,0.2,0.35 659.498
0.2,0.2,0.4 156.48
0.2,0.2,0.45 0.00922124
0.2,0.25,0 6.88863e-12
0.2,0.25,0.05 100.238
0.2,0.25,0.1 490.695
0.2,0.25,0.15 384.762
0.2,0.25,0.2 582.608
0.2,0.25,0.25 491.83
0.2,0.25,0.3 617.758
0.2,0.25,0.35 577.16
0.2,0.25,0.4 102.797
0.2,0.25,0.45 0.0238813
0.2,0.3,0 8.81365e-12
0.2,0.3,0.05 85.5259
0.2,0.3,0.1 545.366
0.2,0.3,0.15 370.377
0.2,0.3,0.2 465.174
0.2,0.3,0.25 238.537
0.2,0.3,0.3 179.83
0.2,0.3,0.35 95.0672
0.2,0.3,0.4 11.1454
0.2,0.3,0.45 0.0180283
0.2,0.35,0 8.09082e-11
0.2,0.35,0.05 47.6348
0.2,0.35,0.1 259.738
0.2,0.35,0.15 129.343
0.2,0.35,0.2 44.753
0.2,0.35,0.25 13.7586
0.2,0.35,0.3 0.654446
0.2,0.35,0.35 0.437042
0.2,0.35,0.4 0.208331
0.2,0.35,0.45 0.0028653
0.2,0.4,0 9.88623e-11
0.2,0.4,0.05 44.4682
0.2,0.4,0.1 213.355
0.2,0.4,0.15 273.153
0.2,0.4,0.2 116.001
0.2,0.4,0.25 12.3989
0.2,0.4,0.3 3.35829
0.2,0.4,0.35 3.2967
0.2,0.4,0.4 3.10517
0.2,0.4,0.45 2.17168
0.2,0.4,0.5 0.0654979
0.2,0.45,0 8.38939e-11
0.2,0.45,0.05 44.7372
0.2,0.45,0.1 242.484
0.2,0.45,0.15 612.731
0.2,0.45,0.2 493.104
0.2,0.45,0.25 260.72
0.2,0.45,0.3 265.019
0.2,0.45,0.35 280.913
0.2,0.45,0.4 199.685
0.2,0.45,0.45 93.7682
0.2,0.45,0.5 2.12136
0.2,0.5,0 2.74752e-11
0.2,0.5,0.05 84.3788
0.2,0.5,0.1 365.321
0.2,0.5,0.15 395.336
0.2,0.5,0.2 504.743
0.2,0.5,0.25 450.16
0.2,0.5,0.3 788.892
0.2,0.5,0.35 706.943
0.2,0.5,0.4 672.477
0.2,0.5,0.45 277.543
0.2,0.5,0.5 3.51451
0.2,0.55,0 3.28718e-12
0.2,0.55,0.05 26.6936
0.2,0.55,0.1 134.46
0.2,0.55,0.15 356.212
0.2,0.55,0.2 443.999
0.2,0.55,0.25 400.019
0.2,0.55,0.3 690.275
0.2,0.55,0.35 502.791
0.2,0.55,0.4 434.136
0.2,0.55,0.45 127.453
0.2,0.55,0.5 0.770819
0.2,0.6,0 8.98153e-12
0.2,0.6,0.05 19.4219
0.2,0.6,0.1 98.6558
0.2,0.6,0.15 366.564
0.2,0.6,0.2 418.712
0.2,0.6,0.25 393.185
0.2,0.6,0.3 441.768
0.2,0.6,0.35 351.839
0.2,0.6,0.4 131.277
0.2,0.6,0.45 15.1896
0.2,0.6,0.5 0.00580309
0.2,0.65,0 1.32829e-10
0.2,0.65,0.05 107.704
0.2,0.65,0.1 472.706
0.2,0.65,0.15 581.916
0.2,0.65,0.2 523.524
0.2,0.65,0.25 149.855
0.2,0.65,0.3 366.563
0.2,0.65,0.35 636.984
0.2,0.65,0.4 106.236
0.2,0.65,0.45 0.317641
0.2,0.65,0.5 4.51627e-06
0.2,0.7,0 1.76311e-10
0.2,0.7,0.05 43.4979
0.2,0.7,0.1 250.739
0.2,0.7,0.15 546.062
0.2,0.7,0.2 555.747
0.2,0.7,0.25 458.814
0.2,0.7,0.3 515.442
0.2,0.7,0.35 465.95
0.2,0.7,0.4 42.3107
0.2,0.7,0.45 0.0299301
0.2,0.75,0 1.69891e-11
0.2,0.75,0.05 0.994056
0.2,0.75,0.1 32.0757
0.2,0.75,0.15 210.228
0.2,0.75,0.2 408.744
0.2,0.75,0.25 721.842
0.2,0.75,0.3 571.016
0.2,0.75,0.35 254.851
0.2,0.75,0.4 6.15239
0.2,0.75,0.45 8.41938e-06
0.2,0.8,0.1 0.127495
0.2,0.8,0.15 12.0908
0.2,0.8,0.2 67.1318
0.2,0.8,0.25 163.079
0.2,0.8,0.3 159.524
0.2,0.8,0.35 72.7072
0.2,0.8,0.4 1.57326
0.2,0.85,0.1 3.66136e-07
0.2,0.85,0.15 0.00218003
0.2,0.85,0.2 0.0288174
0.2,0.85,0.25 0.152006
0.2,0.85,0.3 0.121136
0.2,0.85,0.35 0.0434336
0.2,0.85,0.4 0.000937828
0.25,0.05,0 1.08787e-12
0.25,0.05,0.05 0.0221122
0.25,0.05,0.1 0.0886136
0.25,0.05,0.15 12.634
0.25,0.05,0.2 52.0716
0.25,0.05,0.25 25.4872
0.25,0.05,0.3 38.7079
0.25,0.05,0.35 21.0319
0.25,0.05,0.4 0.586118
0.25,0.1,0 7.36776e-10
0.25,0.1,0.05 14.9757
0.25,0.1,0.1 59.9783
0.25,0.1,0.15 88.8984
0.25,0.1,0.2 321.206
0.25,0.1,0.25 208.833
0.25,0.1,0.3 342.989
0.25,0.1,0.35 210.287
0.25,0.1,0.4 6.06927
0.25,0.15,0 2.01665e-09
0.25,0.15,0.05 41.265
0.25,0.15,0.1 186.786
