0.25,0.05,0.3 26.7487
0.25,0.05,0.35 0.549752
0.25,0.1,0 7.36776e-10
0.25,0.1,0.05 16.2834
0.25,0.1,0.1 108.548
0.25,0.1,0.15 505.094
0.25,0.1,0.2 571.736
0.25,0.1,0.25 430.103
0.25,0.1,0.3 141.143
0.25,0.1,0.35 3.41381
0.25,0.1,0.4 0.0153795
0.25,0.15,0 2.17013e-09
0.25,0.15,0.05 64.9782
0.25,0.15,0.1 459.38
0.25,0.15,0.15 525.778
0.25,0.15,0.2 468.099
0.25,0.15,0.25 298.005
0.25,0.15,0.3 235.255
0.25,0.15,0.35 96.72
0.25,0.15,0.4 5.73858
0.25,0.2,0 1.87484e-09
0.25,0.2,0.05 97.9064
0.25,0.2,0.1 521.871
0.25,0.2,0.15 380.578
0.25,0.2,0.2 389.04
0.25,0.2,0.25 402.635
0.25,0.2,0.3 744.654
0.25,0.2,0.35 298.268
0.25,0.2,0.4 14.314
0.25,0.25,0 8.86408e-10
0.25,0.25,0.05 89.614
0.25,0.25,0.1 371.163
0.25,0.25,0.15 397.132
0.25,0.25,0.2 578.053
0.25,0.25,0.25 318.986
0.25,0.25,0.3 531.54
0.25,0.25,0.35 138.799
0.25,0.25,0.4 2.20357
0.25,0.3,0 1.46373e-11
0.25,0.3,0.05 46.2164
0.25,0.3,0.1 223.263
0.25,0.3,0.15 379.494
0.25,0.3,0.2 574.935
0.25,0.3,0.25 186.439
0.25,0.3,0.3 175.994
0.25,0.3,0.35 41.1035
0.25,0.3,0.4 0.00170139
0.25,0.35,0 4.4705e-13
0.25,0.35,0.05 83.8459
0.25,0.35,0.1 420.44
0.25,0.35,0.15 271.795
0.25,0.35,0.2 114.641
0.25,0.35,0.25 21.8828
0.25,0.35,0.3 20.0977
0.25,0.35,0.35 4.71356
0.25,0.4,0 5.00375e-10
0.25,0.4,0.05 115.251
0.25,0.4,0.1 537.788
0.25,0.4,0.15 328.052
0.25,0.4,0.2 123.693
0.25,0.4,0.25 14.7331
0.25,0.4,0.3 0.179777
0.25,0.45,0 2.09885e-09
0.25,0.45,0.05 146.531
0.25,0.45,0.1 654.721
0.25,0.45,0.15 422.098
0.25,0.45,0.2 312.761
0.25,0.45,0.25 183.071
0.25,0.45,0.3 24.2295
0.25,0.45,0.35 10.6356
0.25,0.45,0.4 0.396225
0.25,0.5,0 1.75502e-09
0.25,0.5,0.05 179.333
0.25,0.5,0.1 732.325
0.25,0.5,0.15 346.363
0.25,0.5,0.2 467.63
0.25,0.5,0.25 558.932
0.25,0.5,0.3 365.532
0.25,0.5,0.35 262.66
0.25,0.5,0.4 47.7451
0.25,0.5,0.45 0.837304
0.25,0.55,0 2.35678e-09
0.25,0.55,0.05 136.937
0.25,0.55,0.1 549.044
0.25,0.55,0.15 181.89
0.25,0.55,0.2 218.322
0.25,0.55,0.25 719.206
0.25,0.55,0.3 665.54
0.25,0.55,0.35 693.703
0.25,0.55,0.4 230.752
0.25,0.55,0.45 4.15331
0.25,0.6,0 1.70764e-08
0.25,0.6,0.05 103.244
0.25,0.6,0.1 426.809
0.25,0.6,0.15 192.86
0.25,0.6,0.2 330.461
0.25,0.6,0.25 584.219
0.25,0.6,0.3 519.054
0.25,0.6,0.35 612.782
0.25,0.6,0.4 200.219
0.25,0.6,0.45 1.40044
0.25,0.65,0 8.47794e-09
0.25,0.65,0.05 89.3307
0.25,0.65,0.1 395.461
0.25,0.65,0.15 553.906
0.25,0.65,0.2 695.869
0.25,0.65,0.25 375.373
0.25,0.65,0.3 499.789
0.25,0.65,0.35 318.203
0.25,0.65,0.4 54.2494
0.25,0.65,0.45 0.0506327
0.25,0.7,0 2.64504e-09
0.25,0.7,0.05 120.002
0.25,0.7,0.1 535.946
0.25,0.7,0.15 549.683
0.25,0.7,0.2 363.447
0.25,0.7,0.25 207.638
0.25,0.7,0.3 541.275
0.25,0.7,0.35 155.827
0.25,0.7,0.4 0.904337
0.25,0.7,0.45 0.000348974
0.25,0.75,0 1.64989e-08
0.25,0.75,0.05 155.026
0.25,0.75,0.1 653.164
0.25,0.75,0.15 376.403
0.25,0.75,0.2 240.338
0.25,0.75,0.25 91.4338
0.25,0.75,0.3 101.633
0.25,0.75,0.35 17.0662
0.25,0.75,0.4 0.0236974
0.25,0.75,0.45 1.10359e-05
0.25,0.8,0 6.49047e-09
0.25,0.8,0.05 58.1783
0.25,0.8,0.1 263.724
0.25,0.8,0.15 220.958
0.25,0.8,0.2 140.86
0.25,0.8,0.25 67.3676
0.25,0.8,0.3 4.73157
0.25,0.8,0.35 0.00546064
0.25,0.85,0 1.55629e-11
0.25,0.85,0.05 0.163291
0.25,0.85,0.1 6.64046
0.25,0.85,0.15 28.1782
0.25,0.85,0.2 23.0973
0.25,0.85,0.25 24.4083
0.25,0.85,0.3 2.29517
0.25,0.9,0.15 0.00136974
0.25,0.9,0.2 0.09998
0.25,0.9,0.25 0.166173
0.25,0.9,0.3 0.0156892
0.3,0,0.1 8.98235e-13
0.3,0,0.15 3.69085e-11
0.3,0,0.2 7.2462e-11
0.3,0,0.25 4.93977e-10
0.3,0,0.3 4.6626e-10
0.3,0,0.35 1.84664e-11
0.3,0.05,0 8.01219e-13
0.3,0.05,0.05 0.302368
0.3,0.05,0.1 3.38999
0.3,0.05,0.15 68.7072
0.3,0.05,0.2 89.5367
0.3,0.05,0.25 84.4884
0.3,0.05,0.3 72.8481
0.3,0.05,0.35 2.8601
0.3,0.1,0 3.75156e-11
0.3,0.1,0.05 14.1214
0.3,0.1,0.1 78.3078
0.3,0.1,0.15 353.489
0.3,0.1,0.2 428.744
0.3,0.1,0.25 400.013
0.3,0.1,0.3 368.603
0.3,0.1,0.35 19.1149
0.3,0.1,0.4 0.0236836
0.3,0.15,0 6.5408e-11
0.3,0.15,0.05 33.8048
0.3,0.15,0.1 266.026
0.3,0.15,0.15 435.638
0.3,0.15,0.2 537.693
0.3,0.15,0.25 457.419
0.3,0.15,0.3 535.845
0.3,0.15,0.35 153.621
0.3,0.15,0.4 8.83744
0.3,0.2,0 1.11971e-10
0.3,0.2,0.05 84.821
0.3,0.2,0.1 456.916
0.3,0.2,0.15 569.478
0.3,0.2,0.2 482.755
0.3,0.2,0.25 533.635
0.3,0.2,0.3 628.49
0.3,0.2,0.35 347.085
0.3,0.2,0.4 22.3062
0.3,0.25,0 6.53657e-11
0.3,0.25,0.05 96.0285
0.3,0.25,0.1 418.043
0.3,0.25,0.15 282.751
0.3,0.25,0.2 325.846
0.3,0.25,0.25 483.421
0.3,0.25,0.3 576.338
0.3,0.25,0.35 196.809
0.3,0.25,0.4 4.12395
0.3,0.3,0 7.05146e-12
0.3,0.3,0.05 37.1709
0.3,0.3,0.1 290.668
0.3,0.3,0.15 508.776
0.3,0.3,0.2 460.546
0.3,0.3,0.25 431.062
0.3,0.3,0.3 469.65
0.3,0.3,0.35 109.789
0.3,0.3,0.4 0.128201
0.3,0.35,0 2.05955e-12
0.3,0.35,0.05 59.093
0.3,0.35,0.1 499.458
0.3,0.35,0.15 698.15
0.3,0.35,0.2 397.526
0.3,0.35,0.25 71.9047
0.3,0.35,0.3 55.2627
0.3,0.35,0.35 12.4997
0.3,0.4,0 1.94175e-10
0.3,0.4,0.05 143.27
0.3,0.4,0.1 766.154
0.3,0.4,0.15 784.892
0.3,0.4,0.2 484.915
0.3,0.4,0.25 38.7171
0.3,0.4,0.3 0.142067
0.3,0.4,0.35 0.0367495
0.3,0.4,0.4 0.00562842
0.3,0.45,0 8.61443e-10
0.3,0.45,0.05 98.7871
0.3,0.45,0.1 454.897
0.3,0.45,0.15 502.234
0.3,0.45,0.2 514.696
0.3,0.45,0.25 147.613
0.3,0.45,0.3 38.1581
0.3,0.45,0.35 16.8173
0.3,0.45,0.4 0.746213
0.3,0.5,0 8.10134e-10
0.3,0.5,0.05 121.466
0.3,0.5,0.1 492.093
0.3,0.5,0.15 208.43
0.3,0.5,0.2 287.712
0.3,0.5,0.25 367.981
0.3,0.5,0.3 513.854
0.3,0.5,0.35 189.84
0.3,0.5,0.4 6.14001
0.3,0.5,0.45 0.00469463
0.3,0.55,0 6.17519e-08
0.3,0.55,0.05 92.3827
0.3,0.55,0.1 397.766
0.3,0.55,0.15 273.721
0.3,0.55,0.2 212.588
0.3,0.55,0.25 603.907
0.3,0.55,0.3 571.843
0.3,0.55,0.35 199.541
0.3,0.55,0.4 25.4537
0.3,0.55,0.45 0.0284972
0.3,0.6,0 5.15625e-07
0.3,0.6,0.05 88.217
0.3,0.6,0.1 375.593
0.3,0.6,0.15 286.562
0.3,0.6,0.2 514.904
0.3,0.6,0.25 686.087
0.3,0.6,0.3 582.091
0.3,0.6,0.35 180.605
0.3,0.6,0.4 34.1548
0.3,0.6,0.45 0.0360224
0.3,0.65,0 2.57021e-07
0.3,0.65,0.05 79.6972
0.3,0.65,0.1 329.38
0.3,0.65,0.15 211.392
0.3,0.65,0.2 468.789
0.3,0.65,0.25 561.246
0.3,0.65,0.3 899.452
0.3,0.65,0.35 406.192
0.3,0.65,0.4 54.8754
0.3,0.65,0.45 0.112353
0.3,0.7,0 1.90583e-09
0.3,0.7,0.05 95.3042
0.3,0.7,0.1 399.159
0.3,0.7,0.15 272.707
0.3,0.7,0.2 391.512
0.3,0.7,0.25 132.866
0.3,0.7,0.3 288.421
0.3,0.7,0.35 245.51
0.3,0.7,0.4 46.3125
0.3,0.7,0.45 0.109628
0.3,0.75,0 1.41874e-10
0.3,0.75,0.05 100.023
0.3,0.75,0.1 446.139
0.3,0.75,0.15 292.393
0.3,0.75,0.2 295.558
0.3,0.75,0.25 47.758
0.3,0.75,0.3 9.6327
0.3,0.75,0.35 8.62291
0.3,0.75,0.4 2.17836
0.3,0.75,0.45 0.00532284
0.3,0.8,0 5.68801e-11
0.3,0.8,0.05 19.5445
0.3,0.8,0.1 87.6941
0.3,0.8,0.15 43.1239
0.3,0.8,0.2 15.1811
0.3,0.8,0.25 1.98854
0.3,0.8,0.3 0.00187117
0.3,0.8,0.35 0.000247663
0.3,0.85,0 1.53124e-13
0.3,0.85,0.05 0.0226997
0.3,0.85,0.1 0.097194
0.3,0.85,0.15 0.0524079
0.3,0.85,0.2 0.00886417
0.3,0.85,0.25 9.25121e-05
0.3,0.85,0.3 3.21111e-09
0.35,0,0.1 1.0915e-13
0.35,0,0.15 4.48499e-12
0.35,0,0.2 1.36352e-11
0.35,0,0.25 1.61573e-10
0.35,0,0.3 1.53173e-10
0.35,0,0.35 6.06646e-12
0.35,0.05,0 3.76251e-12
0.35,0.05,0.05 1.42621
0.35,0.05,0.1 5.87795
0.35,0.05,0.15 8.79926
0.35,0.05,0.2 11.5634
0.35,0.05,0.25 25.857
0.35,0.05,0.3 23.7236
0.35,0.05,0.35 0.939581
0.35,0.1,0 1.65787e-10
0.35,0.1,0.05 63.5497
0.35,0.1,0.1 254.932
0.35,0.1,0.15 99.002
0.35,0.1,0.2 83.8374
0.35,0.1,0.25 147.25
0.35,0.1,0.3 130.941
0.35,0.1,0.35 7.16834
0.35,0.1,0.4 0.00201933
0.35,0.15,0 2.34673e-10
0.35,0.15,0.05 102.582
0.35,0.15,0.1 418.789
0.35,0.15,0.15 208.575
0.35,0.15,0.2 233.993
0.35,0.15,0.25 295.895
0.35,0.15,0.3 206.53
0.35,0.15,0.35 26.4697
0.35,0.15,0.4 0.754081
0.35,0.2,0 3.00627e-11
0.35,0.2,0.05 108.967
0.35,0.2,0.1 486.625
0.35,0.2,0.15 513.59
0.35,0.2,0.2 513.785
0.35,0.2,0.25 491.521
0.35,0.2,0.3 252.829
0.35,0.2,0.35 90.0983
0.35,0.2,0.4 2.33089
0.35,0.25,0 1.48204e-11
0.35,0.25,0.05 163.154
0.35,0.25,0.1 793.875
0.35,0.25,0.15 624.587
0.35,0.25,0.2 336
0.35,0.25,0.25 616.822
0.35,0.25,0.3 654.623
0.35,0.25,0.35 185.371
0.35,0.25,0.4 1.54108
0.35,0.3,0 2.72007e-11
0.35,0.3,0.05 129.915
0.35,0.3,0.1 598.768
0.35,0.3,0.15 504.224
0.35,0.3,0.2 587.751
0.35,0.3,0.25 610.981
0.35,0.3,0.3 448.265
0.35,0.3,0.35 52.5164
0.35,0.3,0.4 0.215391
0.35,0.35,0 8.72632e-12
0.35,0.35,0.05 96.227
0.35,0.35,0.1 440.17
0.35,0.35,0.15 346.881
0.35,0.35,0.2 390.526
0.35,0.35,0.25 117.392
0.35,0.35,0.3 46.2106
0.35,0.35,0.35 3.83495
0.35,0.4,0 4.37346e-13
0.35,0.4,0.05 180.687
0.35,0.4,0.1 886.243
0.35,0.4,0.15 577.634
0.35,0.4,0.2 290.169
0.35,0.4,0.25 37.6638
0.35,0.4,0.3 29.696
0.35,0.4,0.35 26.2084
0.35,0.4,0.4 4.50895
0.35,0.45,0 2.95234e-12
0.35,0.45,0.05 123.377
0.35,0.45,0.1 700.172
0.35,0.45,0.15 679.591
0.35,0.45,0.2 603.715
0.35,0.45,0.25 98.1661
0.35,0.45,0.3 118.477
0.35,0.45,0.35 237.971
0.35,0.45,0.4 39.3199
0.35,0.5,0 5.87373e-12
0.35,0.5,0.05 147.23
0.35,0.5,0.1 624.243
0.35,0.5,0.15 386.513
0.35,0.5,0.2 539.984
0.35,0.5,0.25 480.697
0.35,0.5,0.3 490.75
0.35,0.5,0.35 347.866
0.35,0.5,0.4 43.7598
0.35,0.55,0 7.2126e-08
0.35,0.55,0.05 92.8476
0.35,0.55,0.1 439.106
0.35,0.55,0.15 544.264
0.35,0.55,0.2 526.918
0.35,0.55,0.25 525.085
0.35,0.55,0.3 358.094
0.35,0.55,0.35 82.9138
0.35,0.55,0.4 4.42496
0.35,0.6,0 5.99456e-07
0.35,0.6,0.05 94.1105
0.35,0.6,0.1 467.158
0.35,0.6,0.15 745.535
0.35,0.6,0.2 808.062
0.35,0.6,0.25 402.356
0.35,0.6,0.3 362.676
0.35,0.6,0.35 75.4721
0.35,0.6,0.4 4.72693
0.35,0.6,0.45 0.0103714
0.35,0.65,0 2.97945e-07
0.35,0.65,0.05 115.116
0.35,0.65,0.1 553.607
0.35,0.65,0.15 589.106
0.35,0.65,0.2 575.531
0.35,0.65,0.25 453.939
0.35,0.65,0.3 820.116
0.35,0.65,0.35 550.403
0.35,0.65,0.4 113.793
0.35,0.65,0.45 0.267883
0.35,0.7,0 2.17891e-09
0.35,0.7,0.05 98.8655
0.35,0.7,0.1 449.148
0.35,0.7,0.15 387.92
0.35,0.7,0.2 594.895
0.35,0.7,0.25 212.162
0.35,0.7,0.3 297.968
0.35,0.7,0.35 430.421
0.35,0.7,0.4 118.469
0.35,0.7,0.45 0.285275
0.35,0.75,0 -4.38859e-15
0.35,0.75,0.05 63.5566
0.35,0.75,0.1 421.388
0.35,0.75,0.15 553.724
0.35,0.75,0.2 399.846
0.35,0.75,0.25 104.206
0.35,0.75,0.3 5.08045
0.35,0.75,0.35 16.0114
0.35,0.75,0.4 5.62778
0.35,0.75,0.45 0.0138541
0.35,0.8,0.05 11.3808
0.35,0.8,0.1 85.6634
0.35,0.8,0.15 118.678
0.35,0.8,0.2 58.1168
0.35,0.8,0.25 17.4791
0.35,0.8,0.3 0.0972464
0.35,0.85,0.05 0.360507
0.35,0.85,0.1 1.44212
0.35,0.85,0.15 0.360982
0.35,0.85,0.2 0.000665485
0.35,0.85,0.25 5.64876e-05
0.4,0,0.2 4.56167e-15
0.4,0,0.25 9.59092e-14
0.4,0,0.3 9.1156e-14
0.4,0,0.35 3.61026e-15
0.4,0.05,0 1.10857e-12
0.4,0.05,0.05 0.42021
0.4,0.05,0.1 1.68014
0.4,0.05,0.15 1.92755
0.4,0.05,0.2 7.37233
0.4,0.05,0.25 4.98939
0.4,0.05,0.3 2.13306
0.4,0.05,0.35 0.0511142
0.4,0.1,0 5.4647e-11
0.4,0.1,0.05 30.3111
0.4,0.1,0.1 121.204
0.4,0.1,0.15 82.0688
0.4,0.1,0.2 280.956
0.4,0.1,0.25 163.002
0.4,0.1,0.3 32.6629
0.4,0.1,0.35 0.688485
0.4,0.15,0 1.37932e-10
0.4,0.15,0.05 135.63
0.4,0.15,0.1 544.492
0.4,0.15,0.15 247.179
0.4,0.15,0.2 574.686
0.4,0.15,0.25 470.574
0.4,0.15,0.3 50.3246
0.4,0.15,0.35 0.56284
0.4,0.15,0.4 5.81276e-05
0.4,0.2,0 1.1079e-10
0.4,0.2,0.05 99.4274
0.4,0.2,0.1 425.478
0.4,0.2,0.15 396.956
0.4,0.2,0.2 401.334
0.4,0.2,0.25 240.841
0.4,0.2,0.3 36.147
0.4,0.2,0.35 5.92938
0.4,0.2,0.4 0.0432754
0.4,0.25,0 5.63347e-11
0.4,0.25,0.05 91.5696
0.4,0.25,0.1 455.062
0.4,0.25,0.15 419.892
0.4,0.25,0.2 243.641
0.4,0.25,0.25 304.133
0.4,0.25,0.3 206.712
0.4,0.25,0.35 20.4058
0.4,0.25,0.4 0.119986
0.4,0.3,0 6.6901e-11
0.4,0.3,0.05 101.023
0.4,0.3,0.1 432.308
0.4,0.3,0.15 358.718
0.4,0.3,0.2 573.513
0.4,0.3,0.25 496.834
0.4,0.3,0.3 274.507
0.4,0.3,0.35 9.23957
0.4,0.3,0.4 0.0212782
0.4,0.35,0 2.0714e-10
0.4,0.35,0.05 47.4727
0.4,0.35,0.1 191.311
0.4,0.35,0.15 170.357
0.4,0.35,0.2 392.269
0.4,0.35,0.25 436.984
0.4,0.35,0.3 244.077
0.4,0.35,0.35 22.224
0.4,0.35,0.4 0.122204
0.4,0.4,0 1.39479e-10
0.4,0.4,0.05 53.1041
0.4,0.4,0.1 271.849
0.4,0.4,0.15 319.581
0.4,0.4,0.2 279.217
0.4,0.4,0.25 351.566
0.4,0.4,0.3 370.973
0.4,0.4,0.35 132.732
0.4,0.4,0.4 17.6165
0.4,0.45,0 4.5689e-12
0.4,0.45,0.05 62.5221
0.4,0.45,0.1 362.68
0.4,0.45,0.15 614.556
0.4,0.45,0.2 588.36
0.4,0.45,0.25 284.701
0.4,0.45,0.3 476.154
0.4,0.45,0.35 591.282
0.4,0.45,0.4 99.9613
0.4,0.45,0.45 0.00216288
0.4,0.5,0 2.68593e-12
0.4,0.5,0.05 71.0802
0.4,0.5,0.1 373.808
0.4,0.5,0.15 574.82
0.4,0.5,0.2 772.618
0.4,0.5,0.25 451.363
0.4,0.5,0.3 647.48
0.4,0.5,0.35 535.464
0.4,0.5,0.4 77.9367
0.4,0.5,0.45 0.643159
0.4,0.55,0 1.12031e-08
0.4,0.55,0.05 52.5462
0.4,0.55,0.1 296.219
0.4,0.55,0.15 512.811
0.4,0.55,0.2 636.219
0.4,0.55,0.25 344.197
0.4,0.55,0.3 273.991
0.4,0.55,0.35 132.182
0.4,0.55,0.4 35.5506
0.4,0.55,0.45 1.53841
0.4,0.6,0 6.01514e-08
0.4,0.6,0.05 148.127
0.4,0.6,0.1 641.671
0.4,0.6,0.15 532.88
0.4,0.6,0.2 585.494
0.4,0.6,0.25 212.401
0.4,0.6,0.3 76.9767
0.4,0.6,0.35 15.2442
0.4,0.6,0.4 5.20525
0.4,0.6,0.45 0.22686
0.4,0.65,0 2.32286e-08
0.4,0.65,0.05 72.3204
0.4,0.65,0.1 359.721
0.4,0.65,0.15 507.89
0.4,0.65,0.2 584.539
0.4,0.65,0.25 319.032
0.4,0.65,0.3 337.368
0.4,0.65,0.35 91.6292
0.4,0.65,0.4 18.0317
0.4,0.65,0.45 0.0430275
0.4,0.7,0 1.40883e-10
0.4,0.7,0.05 17.7943
0.4,0.7,0.1 92.7376
0.4,0.7,0.15 179.072
0.4,0.7,0.2 371.675
0.4,0.7,0.25 174.129
0.4,0.7,0.3 126.289
0.4,0.7,0.35 69.4991
0.4,0.7,0.4 18.8777
0.4,0.7,0.45 0.045821
0.4,0.75,0 -9.61189e-16
0.4,0.75,0.05 25.6212
0.4,0.75,0.1 159.811
0.4,0.75,0.15 368.203
0.4,0.75,0.2 647.87
0.4,0.75,0.25 202.994
0.4,0.75,0.3 1.78441
0.4,0.75,0.35 2.49688
0.4,0.75,0.4 0.901744
0.4,0.75,0.45 0.00222525
0.4,0.8,0.05 66.933
0.4,0.8,0.1 282.09
0.4,0.8,0.15 159.498
0.4,0.8,0.2 165.577
0.4,0.8,0.25 48.1035
0.4,0.8,0.3 0.249747
