0.65,0.4,0.3 0.211812
0.65,0.4,0.35 0.0613729
0.65,0.4,0.4 0.000256794
0.65,0.45,0 3.65276e-10
0.65,0.45,0.05 161.599
0.65,0.45,0.1 647.722
0.65,0.45,0.15 205.731
0.65,0.45,0.2 231.525
0.65,0.45,0.25 133.097
0.65,0.45,0.3 3.88365
0.65,0.5,0 4.55702e-10
0.65,0.5,0.05 93.5149
0.65,0.5,0.1 374.757
0.65,0.5,0.15 148.126
0.65,0.5,0.2 519.257
0.65,0.5,0.25 361.667
0.65,0.5,0.3 11.4281
0.65,0.5,0.35 0.0111449
0.65,0.55,0 8.64303e-11
0.65,0.55,0.05 43.737
0.65,0.55,0.1 178.899
0.65,0.55,0.15 256.78
0.65,0.55,0.2 657.966
0.65,0.55,0.25 258.06
0.65,0.55,0.3 16.868
0.65,0.55,0.35 0.0745735
0.65,0.6,0 1.92259e-11
0.65,0.6,0.05 33.7626
0.65,0.6,0.1 142.807
0.65,0.6,0.15 355.752
0.65,0.6,0.2 638.642
0.65,0.6,0.25 150.636
0.65,0.6,0.3 7.3262
0.65,0.6,0.35 0.0306006
0.65,0.65,0 6.99955e-12
0.65,0.65,0.05 14.5751
0.65,0.65,0.1 105.228
0.65,0.65,0.15 296.077
0.65,0.65,0.2 430.687
0.65,0.65,0.25 146.285
0.65,0.65,0.3 2.36299
0.65,0.65,0.35 9.32003e-05
0.65,0.7,0 7.26028e-12
0.65,0.7,0.05 12.209
0.65,0.7,0.1 181.657
0.65,0.7,0.15 530.283
0.65,0.7,0.2 353.597
0.65,0.7,0.25 164.639
0.65,0.7,0.3 5.74059
0.65,0.75,0 3.29847e-10
0.65,0.75,0.05 26.6607
0.65,0.75,0.1 217.103
0.65,0.75,0.15 486.4
0.65,0.75,0.2 243.508
0.65,0.75,0.25 113.867
0.65,0.75,0.3 4.35878
0.65,0.8,0 7.41904e-10
0.65,0.8,0.05 73.1782
0.65,0.8,0.1 355.286
0.65,0.8,0.15 351.855
0.65,0.8,0.2 80.913
0.65,0.8,0.25 3.04187
0.65,0.8,0.3 0.116455
0.65,0.85,0 1.7205e-10
0.65,0.85,0.05 77.8794
0.65,0.85,0.1 313.692
0.65,0.85,0.15 88.0192
0.65,0.85,0.2 2.85046
0.65,0.85,0.25 0.000134574
0.65,0.9,0 1.99767e-11
0.65,0.9,0.05 18.789
0.65,0.9,0.1 75.1345
0.65,0.9,0.15 18.7783
0.65,0.95,0 1.57188e-16
0.65,0.95,0.05 0.000184117
0.65,0.95,0.1 0.000736258
0.65,0.95,0.15 0.000184012
0.7,0.1,0.05 3.3101e-11
0.7,0.1,0.1 0.0841097
0.7,0.1,0.15 2.81134
0.7,0.1,0.2 3.40697
0.7,0.1,0.25 0.204616
0.7,0.15,0 3.12787e-15
0.7,0.15,0.05 0.227506
0.7,0.15,0.1 41.0436
0.7,0.15,0.15 121.541
0.7,0.15,0.2 52.3149
0.7,0.15,0.25 2.63766
0.7,0.15,0.3 0.425264
0.7,0.15,0.35 0.0538889
0.7,0.2,0 9.18283e-14
0.7,0.2,0.05 1.8732
0.7,0.2,0.1 207.644
0.7,0.2,0.15 470.79
0.7,0.2,0.2 86.322
0.7,0.2,0.25 7.76794
0.7,0.2,0.3 13.0058
0.7,0.2,0.35 1.64808
0.7,0.25,0 1.04459e-13
0.7,0.25,0.05 2.19102
0.7,0.25,0.1 234.268
0.7,0.25,0.15 506.346
0.7,0.25,0.2 86.7385
0.7,0.25,0.25 18.92
0.7,0.25,0.3 15.3581
0.7,0.25,0.35 1.94247
0.7,0.25,0.4 0.000122306
0.7,0.3,0 1.12599e-11
0.7,0.3,0.05 0.89732
0.7,0.3,0.1 71.9037
0.7,0.3,0.15 168.938
0.7,0.3,0.2 105.147
0.7,0.3,0.25 45.8338
0.7,0.3,0.3 2.01526
0.7,0.3,0.35 0.293871
0.7,0.3,0.4 0.000780679
0.7,0.35,0 9.8924e-10
0.7,0.35,0.05 46.3395
0.7,0.35,0.1 216.625
0.7,0.35,0.15 133.711
0.7,0.35,0.2 50.5715
0.7,0.35,0.25 11.3227
0.7,0.35,0.3 0.346086
0.7,0.35,0.35 0.0733469
0.7,0.35,0.4 0.000306895
0.7,0.4,0 1.76304e-09
0.7,0.4,0.05 155.254
0.7,0.4,0.1 647.95
0.7,0.4,0.15 269.796
0.7,0.4,0.2 49.2389
0.7,0.4,0.25 0.574885
0.7,0.4,0.3 0.0029244
0.7,0.4,0.35 0.000175043
0.7,0.4,0.4 7.32409e-07
0.7,0.45,0 3.78088e-10
0.7,0.45,0.05 100.76
0.7,0.45,0.1 474.62
0.7,0.45,0.15 317.279
0.7,0.45,0.2 81.9368
0.7,0.45,0.25 18.5315
0.7,0.45,0.3 0.491987
0.7,0.5,0 4.22249e-10
0.7,0.5,0.05 103.681
0.7,0.5,0.1 479.042
0.7,0.5,0.15 417.107
0.7,0.5,0.2 342.33
0.7,0.5,0.25 97.6873
0.7,0.5,0.3 1.40119
0.7,0.55,0 1.09361e-10
0.7,0.55,0.05 86.7909
0.7,0.55,0.1 379.134
0.7,0.55,0.15 433.141
0.7,0.55,0.2 600.901
0.7,0.55,0.25 129.888
0.7,0.55,0.3 0.652747
0.7,0.6,0 3.93614e-11
0.7,0.6,0.05 68.8859
0.7,0.6,0.1 278.605
0.7,0.6,0.15 286.002
0.7,0.6,0.2 464.2
0.7,0.6,0.25 66.7746
0.7,0.6,0.3 0.0647518
0.7,0.65,0 1.6194e-12
0.7,0.65,0.05 2.83408
0.7,0.65,0.1 17.0225
0.7,0.65,0.15 235.599
0.7,0.65,0.2 379.319
0.7,0.65,0.25 47.5274
0.7,0.65,0.3 0.502225
0.7,0.7,0 3.08274e-14
0.7,0.7,0.05 0.00239233
0.7,0.7,0.1 15.3499
0.7,0.7,0.15 160.32
0.7,0.7,0.2 361.611
0.7,0.7,0.25 200.381
0.7,0.7,0.3 7.17833
0.7,0.75,0 6.0956e-12
0.7,0.75,0.05 0.473042
0.7,0.75,0.1 32.1547
0.7,0.75,0.15 143.145
0.7,0.75,0.2 194.912
0.7,0.75,0.25 146.63
0.7,0.75,0.3 5.61842
0.7,0.8,0 2.01839e-09
0.7,0.8,0.05 11.2981
0.7,0.8,0.1 68.9997
0.7,0.8,0.15 118.367
0.7,0.8,0.2 34.094
0.7,0.8,0.25 3.9177
0.7,0.8,0.3 0.150112
0.7,0.85,0 8.01202e-09
0.7,0.85,0.05 41.2806
0.7,0.85,0.1 165.723
0.7,0.85,0.15 45.073
0.7,0.85,0.2 1.09961
0.7,0.85,0.25 5.19141e-05
0.7,0.9,0 2.00013e-09
0.7,0.9,0.05 10.3149
0.7,0.9,0.1 41.1903
0.7,0.9,0.15 10.2803
0.7,0.95,0 5.43256e-18
0.7,0.95,0.05 6.36324e-06
0.7,0.95,0.1 2.54457e-05
0.7,0.95,0.15 6.35962e-06
0.75,0.1,0.05 1.89595e-11
0.75,0.1,0.1 3.8132e-09
0.75,0.1,0.15 8.40864e-09
0.75,0.1,0.2 1.12254e-09
0.75,0.15,0.05 0.113706
0.75,0.15,0.1 22.8689
0.75,0.15,0.15 50.4292
0.75,0.15,0.2 6.73222
0.75,0.2,0.05 0.505453
0.75,0.2,0.1 101.228
0.75,0.2,0.15 223.014
0.75,0.2,0.2 29.7401
0.75,0.25,0.05 0.322953
0.75,0.25,0.1 63.1997
0.75,0.25,0.15 138.51
0.75,0.25,0.2 18.3607
0.75,0.3,0 2.36607e-11
0.75,0.3,0.05 0.616392
0.75,0.3,0.1 12.7121
0.75,0.3,0.15 24.6116
0.75,0.3,0.2 3.84078
0.75,0.3,0.25 0.00968367
0.75,0.35,0 2.07974e-09
0.75,0.35,0.05 55.6598
0.75,0.35,0.1 240.856
0.75,0.35,0.15 234.186
0.75,0.35,0.2 100.408
0.75,0.35,0.25 1.11766
0.75,0.4,0 3.67447e-09
0.75,0.4,0.05 116.948
0.75,0.4,0.1 515.433
0.75,0.4,0.15 493.771
0.75,0.4,0.2 198.284
0.75,0.4,0.25 2.14218
0.75,0.45,0 3.93666e-10
0.75,0.45,0.05 22.112
0.75,0.45,0.1 213.379
0.75,0.45,0.15 423.234
0.75,0.45,0.2 142.294
0.75,0.45,0.25 8.76297
0.75,0.45,0.3 2.08814e-05
0.75,0.5,0 4.97846e-11
0.75,0.5,0.05 12.2747
0.75,0.5,0.1 168.814
0.75,0.5,0.15 612.826
0.75,0.5,0.2 480.058
0.75,0.5,0.25 50.7228
0.75,0.5,0.3 0.00115934
0.75,0.55,0 1.50571e-11
0.75,0.55,0.05 20.6694
0.75,0.55,0.1 147.601
0.75,0.55,0.15 423.654
0.75,0.55,0.2 318.136
0.75,0.55,0.25 32.2957
0.75,0.55,0.3 0.00174515
0.75,0.6,0 6.74582e-12
0.75,0.6,0.05 28.567
0.75,0.6,0.1 118.195
0.75,0.6,0.15 89.56
0.75,0.6,0.2 105.976
0.75,0.6,0.25 14.5052
0.75,0.6,0.3 0.000144223
0.75,0.65,0 4.06947e-13
0.75,0.65,0.05 11.6588
0.75,0.65,0.1 47.1911
0.75,0.65,0.15 49.6475
0.75,0.65,0.2 62.9366
0.75,0.65,0.25 6.61192
0.75,0.65,0.3 0.0308704
0.75,0.7,0 6.07228e-15
0.75,0.7,0.05 0.506462
0.75,0.7,0.1 2.26539
0.75,0.7,0.15 16.6934
0.75,0.7,0.2 38.0941
0.75,0.7,0.25 14.598
0.75,0.7,0.3 0.473967
0.75,0.75,0 2.65197e-11
0.75,0.75,0.05 0.114227
0.75,0.75,0.1 0.512508
0.75,0.75,0.15 0.928811
0.75,0.75,0.2 10.5286
0.75,0.75,0.25 9.69074
0.75,0.75,0.3 0.371126
0.75,0.8,0 6.47176e-09
0.75,0.8,0.05 30.6451
0.75,0.8,0.1 122.412
0.75,0.8,0.15 30.7766
0.75,0.8,0.2 0.340533
0.75,0.8,0.25 0.258694
0.75,0.8,0.3 0.00991567
0.75,0.85,0 2.26947e-08
0.75,0.85,0.05 108.816
0.75,0.85,0.1 434.493
0.75,0.85,0.15 108.438
0.75,0.85,0.2 0.00233855
0.75,0.85,0.25 1.10406e-07
0.75,0.9,0 5.3693e-09
0.75,0.9,0.05 25.8896
0.75,0.9,0.1 103.375
0.75,0.9,0.15 25.7978
0.8,0.05,0 1.96048e-11
0.8,0.05,0.05 1.15495
0.8,0.05,0.1 4.61623
0.8,0.05,0.15 1.15317
0.8,0.1,0 2.31151e-10
0.8,0.1,0.05 13.6174
0.8,0.1,0.1 54.4276
0.8,0.1,0.15 13.5964
0.8,0.1,0.2 1.32568e-11
0.8,0.15,0 1.50684e-10
0.8,0.15,0.05 8.87837
0.8,0.15,0.1 35.7508
0.8,0.15,0.15 9.4589
0.8,0.15,0.2 0.0795051
0.8,0.2,0 2.58221e-12
0.8,0.2,0.05 0.157484
0.8,0.2,0.1 1.68653
0.8,0.2,0.15 2.53016
0.8,0.2,0.2 0.317496
0.8,0.25,0.05 0.0013384
0.8,0.25,0.1 0.269183
0.8,0.25,0.15 0.593586
0.8,0.25,0.2 0.0792429
0.8,0.3,0 2.98827e-12
0.8,0.3,0.05 0.0710977
0.8,0.3,0.1 0.326838
0.8,0.3,0.15 0.485741
0.8,0.3,0.2 0.233166
0.8,0.3,0.25 0.00259542
0.8,0.35,0 2.64577e-10
0.8,0.35,0.05 6.42931
0.8,0.35,0.1 30.624
0.8,0.35,0.15 54.2901
0.8,0.35,0.2 26.9114
0.8,0.35,0.25 0.299556
0.8,0.4,0 5.142e-10
0.8,0.4,0.05 15.7521
0.8,0.4,0.1 73.6426
0.8,0.4,0.15 110.867
0.8,0.4,0.2 52.1508
0.8,0.4,0.25 0.574147
0.8,0.45,0 1.02365e-10
0.8,0.45,0.05 6.45677
0.8,0.45,0.1 38.7609
0.8,0.45,0.15 53.9633
0.8,0.45,0.2 20.9812
0.8,0.45,0.25 1.34257
0.8,0.5,0 5.17551e-12
0.8,0.5,0.05 3.77712
0.8,0.5,0.1 28.2574
0.8,0.5,0.15 77.6663
0.8,0.5,0.2 67.8184
0.8,0.5,0.25 7.49253
0.8,0.55,0 1.29552e-11
0.8,0.55,0.05 73.7106
0.8,0.55,0.1 302.819
0.8,0.55,0.15 120.41
0.8,0.55,0.2 31.337
0.8,0.55,0.25 2.73076
0.8,0.6,0 1.35796e-11
0.8,0.6,0.05 141.422
0.8,0.6,0.1 566.087
0.8,0.6,0.15 143.619
0.8,0.6,0.2 0.727032
0.8,0.6,0.25 0.0113773
0.8,0.65,0 1.51337e-12
0.8,0.65,0.05 76.9784
0.8,0.65,0.1 307.891
0.8,0.65,0.15 76.9682
0.8,0.65,0.2 0.00211123
0.8,0.65,0.25 0.000314139
0.8,0.7,0 2.27173e-13
0.8,0.7,0.05 4.71673
0.8,0.7,0.1 18.8652
0.8,0.7,0.15 4.71587
0.8,0.75,0 2.78316e-10
0.8,0.75,0.05 1.40664
0.8,0.75,0.1 5.61753
0.8,0.75,0.15 1.40214
0.8,0.8,0 1.35993e-08
0.8,0.8,0.05 59.6748
0.8,0.8,0.1 238.267
0.8,0.8,0.15 59.4944
0.8,0.8,0.2 0.0211203
0.8,0.8,0.25 0.000243642
0.8,0.85,0 2.1173e-08
0.8,0.85,0.05 93.7068
0.8,0.85,0.1 374.177
0.8,0.85,0.15 93.6836
0.8,0.85,0.2 0.180659
0.8,0.85,0.25 0.00208406
0.8,0.9,0 2.16719e-09
0.8,0.9,0.05 9.81897
0.8,0.9,0.1 39.2212
0.8,0.9,0.15 9.94476
0.8,0.9,0.2 0.0916946
0.8,0.9,0.25 0.00105778
0.8,0.95,0.1 0.0001285
0.8,0.95,0.15 0.00126496
0.8,0.95,0.2 0.000719133
0.8,0.95,0.25 8.29584e-06
0.85,0.05,0 1.24806e-10
0.85,0.05,0.05 7.35247
0.85,0.05,0.1 29.3872
0.85,0.05,0.15 7.34114
0.85,0.1,0 1.47152e-09
0.85,0.1,0.05 86.6892
0.85,0.1,0.1 346.489
0.85,0.1,0.15 86.5556
0.85,0.15,0 9.59267e-10
0.85,0.15,0.05 56.5117
0.85,0.15,0.1 225.873
0.85,0.15,0.15 56.4246
0.85,0.2,0 1.64385e-11
0.85,0.2,0.05 0.968414
0.85,0.2,0.1 3.87067
0.85,0.2,0.15 0.966922
0.85,0.3,0.1 4.99231e-07
0.85,0.3,0.15 4.84465e-06
0.85,0.3,0.2 2.72331e-06
0.85,0.3,0.25 3.03138e-08
0.85,0.35,0 2.46841e-11
0.85,0.35,0.05 2.31665
0.85,0.35,0.1 9.26054
0.85,0.35,0.15 2.31415
0.85,0.35,0.2 0.000314317
0.85,0.35,0.25 3.49873e-06
0.85,0.4,0 6.48561e-10
0.85,0.4,0.05 61.0769
0.85,0.4,0.1 244.147
0.85,0.4,0.15 60.9975
0.85,0.4,0.2 0.000602439
0.85,0.4,0.25 6.70587e-06
0.85,0.45,0 8.1495e-10
0.85,0.45,0.05 92.0737
0.85,0.45,0.1 368.069
0.85,0.45,0.15 91.9612
0.85,0.45,0.2 6.81113e-05
0.85,0.45,0.25 7.58161e-07
0.85,0.5,0 2.3669e-10
0.85,0.5,0.05 49.7147
0.85,0.5,0.1 198.76
0.85,0.5,0.15 49.6654
0.85,0.55,0 2.50876e-11
0.85,0.55,0.05 37.5337
0.85,0.55,0.1 150.104
0.85,0.55,0.15 37.5184
0.85,0.6,0 6.1264e-12
0.85,0.6,0.05 61.2836
0.85,0.6,0.1 245.105
0.85,0.6,0.15 61.2689
0.85,0.65,0 4.26584e-12
0.85,0.65,0.05 57.2783
0.85,0.65,0.1 229.088
0.85,0.65,0.15 57.2658
0.85,0.7,0 8.47068e-12
0.85,0.7,0.05 60.7193
0.85,0.7,0.1 242.84
0.85,0.7,0.15 60.7005
0.85,0.75,0 1.79695e-10
0.85,0.75,0.05 10.525
0.85,0.75,0.1 42.0858
0.85,0.75,0.15 10.5179
0.85,0.8,0 7.95205e-09
0.85,0.8,0.05 72.5733
0.85,0.8,0.1 291.51
0.85,0.8,0.15 87.7242
0.85,0.8,0.2 8.70976
0.85,0.8,0.25 0.100475
0.85,0.85,0 1.09868e-08
0.85,0.85,0.05 89.5657
0.85,0.85,0.1 371.13
0.85,0.85,0.15 220.392
0.85,0.85,0.2 74.5013
0.85,0.85,0.25 0.859439
0.85,0.9,0 8.06315e-10
0.85,0.9,0.05 5.64828
0.85,0.9,0.1 29.3194
0.85,0.9,0.15 72.1477
0.85,0.9,0.2 37.8137
0.85,0.9,0.25 0.436215
0.85,0.95,0.1 0.0529917
0.85,0.95,0.15 0.521655
0.85,0.95,0.2 0.296561
0.85,0.95,0.25 0.0034211
0.9,0.05,0 4.89436e-11
0.9,0.05,0.05 2.88334
0.9,0.05,0.1 11.5245
0.9,0.05,0.15 2.87889
0.9,0.1,0 5.77069e-10
0.9,0.1,0.05 33.9959
0.9,0.1,0.1 135.879
0.9,0.1,0.15 33.9435
0.9,0.15,0 3.76185e-10
0.9,0.15,0.05 22.1616
0.9,0.15,0.1 88.578
0.9,0.15,0.15 22.1274
0.9,0.2,0 6.4465e-12
0.9,0.2,0.05 0.379772
0.9,0.2,0.1 1.51792
0.9,0.2,0.15 0.379187
0.9,0.35,0 1.71751e-11
0.9,0.35,0.05 1.61191
0.9,0.35,0.1 6.44338
0.9,0.35,0.15 1.60978
0.9,0.4,0 4.53128e-10
0.9,0.4,0.05 42.9125
0.9,0.4,0.1 171.537
0.9,0.4,0.15 42.8561
0.9,0.45,0 7.06479e-10
0.9,0.45,0.05 95.1652
0.9,0.45,0.1 380.443
0.9,0.45,0.15 95.0561
0.9,0.5,0 3.98254e-10
0.9,0.5,0.05 85.7616
0.9,0.5,0.1 342.875
0.9,0.5,0.15 85.676
0.9,0.55,0 3.57798e-11
0.9,0.55,0.05 8.13557
0.9,0.55,0.1 32.5264
0.9,0.55,0.15 8.12763
0.9,0.6,0 4.9626e-14
0.9,0.6,0.05 0.390584
0.9,0.6,0.1 1.56212
0.9,0.6,0.15 0.390474
0.9,0.65,0 5.07433e-12
0.9,0.65,0.05 35.6869
0.9,0.65,0.1 142.725
0.9,0.65,0.15 35.6757
0.9,0.7,0 1.17393e-11
0.9,0.7,0.05 82.3675
0.9,0.7,0.1 329.418
0.9,0.7,0.15 82.3416
0.9,0.75,0 2.30819e-11
0.9,0.75,0.05 13.8493
0.9,0.75,0.1 55.3843
0.9,0.75,0.15 13.8429
0.9,0.8,0 6.31785e-10
0.9,0.8,0.05 61.7132
0.9,0.8,0.1 250.647
0.9,0.8,0.15 100.504
0.9,0.8,0.2 22.0965
0.9,0.8,0.25 0.254903
0.9,0.85,0 7.26178e-10
0.9,0.85,0.05 68.1559
0.9,0.85,0.1 306.226
0.9,0.85,0.15 400.539
0.9,0.85,0.2 189.009
0.9,0.85,0.25 2.18038
0.9,0.9,0 4.0616e-11
0.9,0.9,0.05 3.52351
0.9,0.9,0.1 31.2271
0.9,0.9,0.15 172.266
0.9,0.9,0.2 95.9327
0.9,0.9,0.25 1.10667
0.9,0.95,0.1 0.134439
0.9,0.95,0.15 1.32343
0.9,0.95,0.2 0.752371
0.9,0.95,0.25 0.00867927
0.95,0.05,0 1.15116e-13
0.95,0.05,0.05 0.00678165
0.95,0.05,0.1 0.0271057
0.95,0.05,0.15 0.0067712
0.95,0.1,0 1.35728e-12
0.95,0.1,0.05 0.079959
0.95,0.1,0.1 0.319589
0.95,0.1,0.15 0.0798357
0.95,0.15,0 8.84793e-13
0.95,0.15,0.05 0.0521244
0.95,0.15,0.1 0.208337
0.95,0.15,0.15 0.052044
0.95,0.2,0 1.51623e-14
0.95,0.2,0.05 0.000893231
0.95,0.2,0.1 0.00357017
0.95,0.2,0.15 0.000891854
0.95,0.35,0 3.48028e-13
0.95,0.35,0.05 0.0326631
0.95,0.35,0.1 0.130566
0.95,0.35,0.15 0.0326199
0.95,0.4,0 9.44488e-12
0.95,0.4,0.05 0.928195
0.95,0.4,0.1 3.71038
0.95,0.4,0.15 0.926994
0.95,0.45,0 3.39907e-11
0.95,0.45,0.05 6.31665
0.95,0.45,0.1 25.2535
0.95,0.45,0.15 6.3101
0.95,0.5,0 4.105e-11
0.95,0.5,0.05 9.09351
0.95,0.5,0.1 36.356
0.95,0.5,0.15 9.0845
0.95,0.55,0 3.87302e-12
0.95,0.55,0.05 0.863833
0.95,0.55,0.1 3.45362
0.95,0.55,0.15 0.862979
0.95,0.6,0 1.48447e-15
0.95,0.6,0.05 0.0104151
0.95,0.6,0.1 0.041654
0.95,0.6,0.15 0.0104119
0.95,0.65,0 3.7401e-13
0.95,0.65,0.05 2.62407
0.95,0.65,0.1 10.4946
0.95,0.65,0.15 2.62325
0.95,0.7,0 8.6566e-13
0.95,0.7,0.05 6.07352
0.95,0.7,0.1 24.2903
0.95,0.7,0.15 6.07161
0.95,0.75,0 1.75853e-12
0.95,0.75,0.05 1.04604
0.95,0.75,0.1 4.18317
0.95,0.75,0.15 1.04554
0.95,0.8,0 4.51572e-11
0.95,0.8,0.05 5.22184
0.95,0.8,0.1 21.4913
0.95,0.8,0.15 11.2869
0.95,0.8,0.2 3.45167
0.95,0.8,0.25 0.039818
0.95,0.85,0 4.97777e-11
0.95,0.85,0.05 5.75614
0.95,0.85,0.1 28.2861
0.95,0.85,0.15 57.6835
0.95,0.85,0.2 29.5248
0.95,0.85,0.25 0.340595
0.95,0.9,0 2.56326e-12
0.95,0.9,0.05 0.296408
0.95,0.9,0.1 3.86262
0.95,0.9,0.15 26.6557
0.95,0.9,0.2 14.9855
0.95,0.9,0.25 0.172871
0.95,0.95,0.1 0.0210005
0.95,0.95,0.15 0.206731
0.95,0.95,0.2 0.117527
0.95,0.95,0.25 0.00135578
