0.25,0.1,0 7.36776e-10
0.25,0.1,0.05 14.9756
0.25,0.1,0.1 63.3364
0.25,0.1,0.15 207.599
0.25,0.1,0.2 421.527
0.25,0.1,0.25 344.133
0.25,0.1,0.3 381.536
0.25,0.1,0.35 57.6784
0.25,0.1,0.4 0.000908987
0.25,0.15,0 2.1702e-09
0.25,0.15,0.05 48.6379
0.25,0.15,0.1 205.33
0.25,0.15,0.15 380.554
0.25,0.15,0.2 736.937
0.25,0.15,0.25 464.254
0.25,0.15,0.3 316.473
0.25,0.15,0.35 130.516
0.25,0.15,0.4 13.6359
0.25,0.2,0 1.87674e-09
0.25,0.2,0.05 86.8625
0.25,0.2,0.1 365.107
0.25,0.2,0.15 412.171
0.25,0.2,0.2 465.145
0.25,0.2,0.25 252.478
0.25,0.2,0.3 559.286
0.25,0.2,0.35 480.81
0.25,0.2,0.4 56.7185
0.25,0.25,0 8.90709e-10
0.25,0.25,0.05 89.5567
0.25,0.25,0.1 361.136
0.25,0.25,0.15 322.38
0.25,0.25,0.2 622.173
0.25,0.25,0.25 310.576
0.25,0.25,0.3 519.503
0.25,0.25,0.35 404.408
0.25,0.25,0.4 28.9868
0.25,0.3,0 1.54816e-11
0.25,0.3,0.05 45.8923
0.25,0.3,0.1 195.886
0.25,0.3,0.15 283.268
0.25,0.3,0.2 603.48
0.25,0.3,0.25 247.112
0.25,0.3,0.3 174.951
0.25,0.3,0.35 219.114
0.25,0.3,0.4 24.7458
0.25,0.35,0 5.10273e-12
0.25,0.35,0.05 75.5012
0.25,0.35,0.1 392.715
0.25,0.35,0.15 338.672
0.25,0.35,0.2 136.885
0.25,0.35,0.25 24.3457
0.25,0.35,0.3 23.5745
0.25,0.35,0.35 40.2508
0.25,0.35,0.4 5.13593
0.25,0.4,0 1.14176e-10
0.25,0.4,0.05 102.103
0.25,0.4,0.1 481.299
0.25,0.4,0.15 384.992
0.25,0.4,0.2 140.483
0.25,0.4,0.25 35.7328
0.25,0.4,0.3 2.40674
0.25,0.4,0.35 0.0133815
0.25,0.4,0.4 0.0010088
0.25,0.45,0 8.95549e-10
0.25,0.45,0.05 149.12
0.25,0.45,0.1 651.48
0.25,0.45,0.15 458.313
0.25,0.45,0.2 331.414
0.25,0.45,0.25 336.757
0.25,0.45,0.3 120.489
0.25,0.45,0.35 90.6833
0.25,0.45,0.4 41.4971
0.25,0.45,0.45 3.20486
0.25,0.5,0 1.69868e-09
0.25,0.5,0.05 181.491
0.25,0.5,0.1 734.351
0.25,0.5,0.15 339.885
0.25,0.5,0.2 387.214
0.25,0.5,0.25 611.632
0.25,0.5,0.3 665.999
0.25,0.5,0.35 565.01
0.25,0.5,0.4 387
0.25,0.5,0.45 36.0515
0.25,0.55,0 2.49174e-09
0.25,0.55,0.05 82.9659
0.25,0.55,0.1 424.381
0.25,0.55,0.15 348.06
0.25,0.55,0.2 341.766
0.25,0.55,0.25 468.044
0.25,0.55,0.3 677.281
0.25,0.55,0.35 660.963
0.25,0.55,0.4 436.819
0.25,0.55,0.45 35.1575
0.25,0.6,0 1.73455e-08
0.25,0.6,0.05 13.4789
0.25,0.6,0.1 209.789
0.25,0.6,0.15 421.022
0.25,0.6,0.2 567.922
0.25,0.6,0.25 471.565
0.25,0.6,0.3 440.231
0.25,0.6,0.35 543.314
0.25,0.6,0.4 342.79
0.25,0.6,0.45 20.3163
0.25,0.65,0 1.10698e-08
0.25,0.65,0.05 78.1041
0.25,0.65,0.1 347.696
0.25,0.65,0.15 394.739
0.25,0.65,0.2 518.649
0.25,0.65,0.25 250.461
0.25,0.65,0.3 414.063
0.25,0.65,0.35 288.058
0.25,0.65,0.4 119.131
0.25,0.65,0.45 8.11623
0.25,0.7,0 2.14309e-09
0.25,0.7,0.05 96.7597
0.25,0.7,0.1 473.719
0.25,0.7,0.15 447.548
0.25,0.7,0.2 408.619
0.25,0.7,0.25 316.128
0.25,0.7,0.3 236.711
0.25,0.7,0.35 61.8784
0.25,0.7,0.4 5.55314
0.25,0.7,0.45 0.354744
0.25,0.75,0 1.56936e-10
0.25,0.75,0.05 23.0537
0.25,0.75,0.1 339.642
0.25,0.75,0.15 550.193
0.25,0.75,0.2 528.577
0.25,0.75,0.25 300.957
0.25,0.75,0.3 183.861
0.25,0.75,0.35 19.1554
0.25,0.75,0.4 0.000869087
0.25,0.8,0.05 7.27094
0.25,0.8,0.1 151.872
0.25,0.8,0.15 266.565
0.25,0.8,0.2 234.423
0.25,0.8,0.25 110.813
0.25,0.8,0.3 85.7502
0.25,0.8,0.35 11.6463
0.25,0.85,0.05 0.060458
0.25,0.85,0.1 1.33324
0.25,0.85,0.15 2.94435
0.25,0.85,0.2 2.09797
0.25,0.85,0.25 1.31263
0.25,0.85,0.3 1.32685
0.25,0.85,0.35 0.178952
0.3,0,0.1 8.98235e-13
0.3,0,0.15 3.69085e-11
0.3,0,0.2 7.2462e-11
0.3,0,0.25 4.93977e-10
0.3,0,0.3 4.6626e-10
0.3,0,0.35 1.84664e-11
0.3,0.05,0 3.73392e-15
0.3,0.05,0.05 0.173637
0.3,0.05,0.1 2.60544
0.3,0.05,0.15 59.8169
0.3,0.05,0.2 82.7106
0.3,0.05,0.25 82.2788
0.3,0.05,0.3 74.1523
0.3,0.05,0.35 3.19608
0.3,0.1,0 2.52885e-12
0.3,0.1,0.05 7.79703
0.3,0.1,0.1 58.146
0.3,0.1,0.15 278.722
0.3,0.1,0.2 383.968
0.3,0.1,0.25 377.303
0.3,0.1,0.3 371.035
0.3,0.1,0.35 31.4362
0.3,0.1,0.4 0.000965676
0.3,0.15,0 1.98893e-11
0.3,0.15,0.05 16.2394
0.3,0.15,0.1 113.212
0.3,0.15,0.15 379.483
0.3,0.15,0.2 476.265
0.3,0.15,0.25 298.529
0.3,0.15,0.3 555.816
0.3,0.15,0.35 219.868
0.3,0.15,0.4 22.5467
0.3,0.2,0 2.27353e-10
0.3,0.2,0.05 78.8264
0.3,0.2,0.1 354.86
0.3,0.2,0.15 576.379
0.3,0.2,0.2 655.943
0.3,0.2,0.25 348.445
0.3,0.2,0.3 684.51
0.3,0.2,0.35 502.28
0.3,0.2,0.4 83.1358
0.3,0.25,0 4.06573e-10
0.3,0.25,0.05 98.973
0.3,0.25,0.1 403.377
0.3,0.25,0.15 231.924
0.3,0.25,0.2 262.422
0.3,0.25,0.25 390.552
0.3,0.25,0.3 591.004
0.3,0.25,0.35 411.391
0.3,0.25,0.4 39.994
0.3,0.3,0 7.39191e-11
0.3,0.3,0.05 33.8136
0.3,0.3,0.1 163.486
0.3,0.3,0.15 386.526
0.3,0.3,0.2 467.246
0.3,0.3,0.25 465.228
0.3,0.3,0.3 444.742
0.3,0.3,0.35 424.661
0.3,0.3,0.4 48.2996
0.3,0.35,0 9.62548e-11
0.3,0.35,0.05 38.0654
0.3,0.35,0.1 314.612
0.3,0.35,0.15 764.461
0.3,0.35,0.2 555.036
0.3,0.35,0.25 82.22
0.3,0.35,0.3 64.1934
0.3,0.35,0.35 79.7808
0.3,0.35,0.4 10.0208
0.3,0.35,0.45 2.90581e-07
0.3,0.4,0 4.82694e-10
0.3,0.4,0.05 107.474
0.3,0.4,0.1 560.281
0.3,0.4,0.15 768.27
0.3,0.4,0.2 458.066
0.3,0.4,0.25 46.3939
0.3,0.4,0.3 1.67579
0.3,0.4,0.35 0.284186
0.3,0.4,0.4 0.402416
0.3,0.4,0.45 0.0427639
0.3,0.45,0 6.67136e-10
0.3,0.45,0.05 77.1675
0.3,0.45,0.1 368.729
0.3,0.45,0.15 541.215
0.3,0.45,0.2 506.245
0.3,0.45,0.25 244.973
0.3,0.45,0.3 103.645
0.3,0.45,0.35 66.1755
0.3,0.45,0.4 11.6427
0.3,0.45,0.45 0.517615
0.3,0.5,0 1.13735e-09
0.3,0.5,0.05 120.556
0.3,0.5,0.1 485.836
0.3,0.5,0.15 209.345
0.3,0.5,0.2 228.73
0.3,0.5,0.25 350.32
0.3,0.5,0.3 600.079
0.3,0.5,0.35 370.749
0.3,0.5,0.4 63.2003
0.3,0.5,0.45 3.18678
0.3,0.55,0 6.19814e-08
0.3,0.55,0.05 80.8841
0.3,0.55,0.1 332.968
0.3,0.55,0.15 234.268
0.3,0.55,0.2 295.323
0.3,0.55,0.25 397.11
0.3,0.55,0.3 663.846
0.3,0.55,0.35 241.066
0.3,0.55,0.4 66.0816
0.3,0.55,0.45 3.7471
0.3,0.6,0 5.15624e-07
0.3,0.6,0.05 68.9679
0.3,0.6,0.1 294.965
0.3,0.6,0.15 303.784
0.3,0.6,0.2 580.133
0.3,0.6,0.25 428.005
0.3,0.6,0.3 676.4
0.3,0.6,0.35 477.534
0.3,0.6,0.4 295.104
0.3,0.6,0.45 18.9462
0.3,0.65,0 2.57486e-07
0.3,0.65,0.05 78.9348
0.3,0.65,0.1 321.876
0.3,0.65,0.15 223.477
0.3,0.65,0.2 430.592
0.3,0.65,0.25 428.648
0.3,0.65,0.3 648.651
0.3,0.65,0.35 514.55
0.3,0.65,0.4 284.359
0.3,0.65,0.45 18.1533
0.3,0.7,0 2.71045e-09
0.3,0.7,0.05 68.6097
0.3,0.7,0.1 285.068
0.3,0.7,0.15 207.13
0.3,0.7,0.2 456.415
0.3,0.7,0.25 224.552
0.3,0.7,0.3 132.2
0.3,0.7,0.35 41.6936
0.3,0.7,0.4 14.1583
0.3,0.7,0.45 0.848352
0.3,0.75,0 8.54123e-11
0.3,0.75,0.05 11.3937
0.3,0.75,0.1 133.9
0.3,0.75,0.15 276.635
0.3,0.75,0.2 451.843
0.3,0.75,0.25 201.111
0.3,0.75,0.3 139.796
0.3,0.75,0.35 10.612
0.3,0.75,0.4 2.87185e-05
0.3,0.8,0.05 2.87932
0.3,0.8,0.1 56.9363
0.3,0.8,0.15 92.6952
0.3,0.8,0.2 104.811
0.3,0.8,0.25 38.2194
0.3,0.8,0.3 26.0365
0.3,0.8,0.35 2.03629
0.3,0.85,0.05 0.0239416
0.3,0.85,0.1 0.473594
0.3,0.85,0.15 0.462615
0.3,0.85,0.2 0.0594258
0.3,0.85,0.25 0.0106036
0.3,0.85,0.3 0.00328779
0.3,0.85,0.35 0.000459478
0.35,0,0.1 1.0915e-13
0.35,0,0.15 4.48499e-12
0.35,0,0.2 1.36352e-11
0.35,0,0.25 1.61573e-10
0.35,0,0.3 1.53173e-10
0.35,0,0.35 6.06646e-12
0.35,0.05,0.05 0.802422
0.35,0.05,0.1 5.54338
0.35,0.05,0.15 9.41266
0.35,0.05,0.2 11.0547
0.35,0.05,0.25 26.692
0.35,0.05,0.3 23.9938
0.35,0.05,0.35 0.939581
0.35,0.1,0.05 35.8987
0.35,0.1,0.1 241.917
0.35,0.1,0.15 128.828
0.35,0.1,0.2 60.6082
0.35,0.1,0.25 173.483
0.35,0.1,0.3 130.365
0.35,0.1,0.35 8.76954
0.35,0.1,0.4 0.000124707
0.35,0.15,0 3.48758e-12
0.35,0.15,0.05 56.5155
0.35,0.15,0.1 379.411
0.35,0.15,0.15 222.186
0.35,0.15,0.2 152.055
0.35,0.15,0.25 279.84
0.35,0.15,0.3 219.956
0.35,0.15,0.35 46.836
0.35,0.15,0.4 2.47684
0.35,0.2,0 2.01997e-10
0.35,0.2,0.05 100.774
0.35,0.2,0.1 443.291
0.35,0.2,0.15 424.55
0.35,0.2,0.2 473.913
0.35,0.2,0.25 366.5
0.35,0.2,0.3 466.399
0.35,0.2,0.35 138.755
0.35,0.2,0.4 11.0938
0.35,0.25,0 6.02766e-10
0.35,0.25,0.05 166.715
0.35,0.25,0.1 717.235
0.35,0.25,0.15 554.189
0.35,0.25,0.2 284.497
0.35,0.25,0.25 371.003
0.35,0.25,0.3 701.769
0.35,0.25,0.35 307.542
0.35,0.25,0.4 14.4086
0.35,0.3,0 1.30726e-10
0.35,0.3,0.05 130.248
0.35,0.3,0.1 549.991
0.35,0.3,0.15 497.781
0.35,0.3,0.2 383.982
0.35,0.3,0.25 637.363
0.35,0.3,0.3 753.619
0.35,0.3,0.35 174.745
0.35,0.3,0.4 8.69244
0.35,0.35,0 8.77572e-11
0.35,0.35,0.05 91.5059
0.35,0.35,0.1 401.064
0.35,0.35,0.15 499.786
0.35,0.35,0.2 446.642
0.35,0.35,0.25 213.617
0.35,0.35,0.3 136.783
0.35,0.35,0.35 21.8884
0.35,0.35,0.4 1.15938
0.35,0.35,0.45 3.73976e-05
0.35,0.4,0 4.80127e-10
0.35,0.4,0.05 165.129
0.35,0.4,0.1 797.271
0.35,0.4,0.15 751.579
0.35,0.4,0.2 408.135
0.35,0.4,0.25 43.5793
0.35,0.4,0.3 13.6208
0.35,0.4,0.35 27.9684
0.35,0.4,0.4 47.9583
0.35,0.4,0.45 5.49915
0.35,0.45,0 2.04939e-09
0.35,0.45,0.05 97.1378
0.35,0.45,0.1 520.225
0.35,0.45,0.15 717.771
0.35,0.45,0.2 668.938
0.35,0.45,0.25 188.489
0.35,0.45,0.3 119.295
0.35,0.45,0.35 280.662
0.35,0.45,0.4 235.585
0.35,0.45,0.45 20.8231
0.35,0.5,0 2.49668e-09
0.35,0.5,0.05 144.994
0.35,0.5,0.1 607.2
0.35,0.5,0.15 406.449
0.35,0.5,0.2 590.799
0.35,0.5,0.25 628.917
0.35,0.5,0.3 602.497
0.35,0.5,0.35 486.751
0.35,0.5,0.4 147.965
0.35,0.5,0.45 5.02031
0.35,0.55,0 7.25879e-08
0.35,0.55,0.05 90.4856
0.35,0.55,0.1 388.339
0.35,0.55,0.15 446.731
0.35,0.55,0.2 623.571
0.35,0.55,0.25 439.05
0.35,0.55,0.3 426.875
0.35,0.55,0.35 139.056
0.35,0.55,0.4 25.4351
0.35,0.55,0.45 0.628567
0.35,0.6,0 5.99473e-07
0.35,0.6,0.05 93.6075
0.35,0.6,0.1 422.667
0.35,0.6,0.15 628.002
0.35,0.6,0.2 948.867
0.35,0.6,0.25 482.485
0.35,0.6,0.3 573.425
0.35,0.6,0.35 549.68
0.35,0.6,0.4 298.263
0.35,0.6,0.45 11.8216
0.35,0.65,0 2.98019e-07
0.35,0.65,0.05 114.475
0.35,0.65,0.1 493.142
0.35,0.65,0.15 420.784
0.35,0.65,0.2 512.708
0.35,0.65,0.25 633.995
0.35,0.65,0.3 608.893
0.35,0.65,0.35 651.916
0.35,0.65,0.4 306.558
0.35,0.65,0.45 10.717
0.35,0.7,0 2.2604e-09
0.35,0.7,0.05 76.3824
0.35,0.7,0.1 306.39
0.35,0.7,0.15 108.121
0.35,0.7,0.2 188.944
0.35,0.7,0.25 526.28
0.35,0.7,0.3 330.827
0.35,0.7,0.35 89.7679
0.35,0.7,0.4 15.9934
0.35,0.7,0.45 0.392842
0.35,0.75,0 6.48878e-09
0.35,0.75,0.05 4.16076
0.35,0.75,0.1 17.0172
0.35,0.75,0.15 66.7048
0.35,0.75,0.2 272.433
0.35,0.75,0.25 619.059
0.35,0.75,0.3 466.834
0.35,0.75,0.35 56.2918
0.35,0.75,0.4 0.237211
0.35,0.8,0 2.09747e-08
0.35,0.8,0.05 2.16852
0.35,0.8,0.1 8.77416
0.35,0.8,0.15 17.1077
0.35,0.8,0.2 51.9835
0.35,0.8,0.25 95.4
0.35,0.8,0.3 75.3357
0.35,0.8,0.35 6.11198
0.35,0.8,0.4 0.00736427
0.35,0.85,0 4.23295e-09
0.35,0.85,0.05 0.436245
0.35,0.85,0.1 1.73476
0.35,0.85,0.15 0.431701
0.35,0.85,0.2 3.95664e-05
0.4,0,0.2 4.56167e-15
0.4,0,0.25 9.59092e-14
0.4,0,0.3 9.1156e-14
0.4,0,0.35 3.61026e-15
0.4,0.05,0.05 0.231736
0.4,0.05,0.1 1.55022
0.4,0.05,0.15 0.635977
0.4,0.05,0.2 0.9823
0.4,0.05,0.25 4.01262
0.4,0.05,0.3 1.2919
0.4,0.05,0.35 0.167451
0.4,0.05,0.4 0.00245173
0.4,0.1,0.05 15.0808
0.4,0.1,0.1 105.537
0.4,0.1,0.15 49.8033
0.4,0.1,0.2 62.5749
0.4,0.1,0.25 245.588
0.4,0.1,0.3 75.3393
0.4,0.1,0.35 8.78853
0.4,0.1,0.4 0.129069
0.4,0.15,0 2.11449e-13
0.4,0.15,0.05 50.372
0.4,0.15,0.1 444.199
0.4,0.15,0.15 308.105
0.4,0.15,0.2 236.066
0.4,0.15,0.25 648.838
0.4,0.15,0.3 167.5
0.4,0.15,0.35 13.5375
0.4,0.15,0.4 0.190324
0.4,0.2,0 1.95698e-11
0.4,0.2,0.05 55.7251
0.4,0.2,0.1 378.307
0.4,0.2,0.15 446.308
0.4,0.2,0.2 408.757
0.4,0.2,0.25 401.257
0.4,0.2,0.3 130.182
0.4,0.2,0.35 10.2708
0.4,0.2,0.4 0.170678
0.4,0.25,0 8.4759e-11
0.4,0.25,0.05 94.1388
0.4,0.25,0.1 429.111
0.4,0.25,0.15 481.183
0.4,0.25,0.2 278.703
0.4,0.25,0.25 162.666
0.4,0.25,0.3 169.738
0.4,0.25,0.35 30.2856
0.4,0.25,0.4 0.780552
0.4,0.3,0 4.29138e-11
0.4,0.3,0.05 108.707
0.4,0.3,0.1 452.109
0.4,0.3,0.15 275.084
0.4,0.3,0.2 314.32
0.4,0.3,0.25 496.094
0.4,0.3,0.3 343.696
0.4,0.3,0.35 37.1029
0.4,0.3,0.4 0.245056
0.4,0.35,0 4.97175e-12
0.4,0.35,0.05 54.9792
0.4,0.35,0.1 224.931
0.4,0.35,0.15 148.284
0.4,0.35,0.2 270.102
0.4,0.35,0.25 561.684
0.4,0.35,0.3 475.467
0.4,0.35,0.35 88.1222
0.4,0.35,0.4 0.872658
0.4,0.35,0.45 7.38672e-05
0.4,0.4,0 5.60266e-11
0.4,0.4,0.05 57.1385
0.4,0.4,0.1 279.06
0.4,0.4,0.15 407.508
0.4,0.4,0.2 362.214
0.4,0.4,0.25 241.549
0.4,0.4,0.3 359.395
0.4,0.4,0.35 156.814
0.4,0.4,0.4 97.4326
0.4,0.4,0.45 10.8611
0.4,0.45,0 1.17153e-09
0.4,0.45,0.05 53.4369
0.4,0.45,0.1 289.412
0.4,0.45,0.15 536.621
0.4,0.45,0.2 558.3
0.4,0.45,0.25 287.467
0.4,0.45,0.3 254.51
0.4,0.45,0.35 416.842
0.4,0.45,0.4 417.633
0.4,0.45,0.45 43.1258
0.4,0.5,0 1.37085e-09
0.4,0.5,0.05 67.555
0.4,0.5,0.1 336.107
0.4,0.5,0.15 479.98
0.4,0.5,0.2 714.27
0.4,0.5,0.25 572.32
0.4,0.5,0.3 464.058
0.4,0.5,0.35 678.006
0.4,0.5,0.4 281.182
0.4,0.5,0.45 22.7951
0.4,0.55,0 1.13367e-08
0.4,0.55,0.05 49.5366
0.4,0.55,0.1 260.15
0.4,0.55,0.15 398.162
0.4,0.55,0.2 479.787
0.4,0.55,0.25 329.571
0.4,0.55,0.3 166.939
0.4,0.55,0.35 239.379
0.4,0.55,0.4 73.0648
0.4,0.55,0.45 5.35621
0.4,0.6,0 6.01546e-08
0.4,0.6,0.05 147.719
0.4,0.6,0.1 613.199
0.4,0.6,0.15 378.391
0.4,0.6,0.2 610.291
0.4,0.6,0.25 360.157
0.4,0.6,0.3 230.239
0.4,0.6,0.35 223.417
0.4,0.6,0.4 139.264
0.4,0.6,0.45 5.50217
0.4,0.65,0 2.32439e-08
0.4,0.65,0.05 72.0671
0.4,0.65,0.1 302.772
0.4,0.65,0.15 244.344
0.4,0.65,0.2 511.966
0.4,0.65,0.25 447.335
0.4,0.65,0.3 375.569
0.4,0.65,0.35 261.413
0.4,0.65,0.4 132.674
0.4,0.65,0.45 4.78339
0.4,0.7,0 2.16872e-10
0.4,0.7,0.05 17.1986
0.4,0.7,0.1 69.1359
0.4,0.7,0.15 25.5174
0.4,0.7,0.2 88.5738
0.4,0.7,0.25 278.125
0.4,0.7,0.3 395.524
0.4,0.7,0.35 171.211
0.4,0.7,0.4 7.22269
0.4,0.7,0.45 0.159983
0.4,0.75,0 2.05596e-07
0.4,0.75,0.05 21.9332
0.4,0.75,0.1 87.1907
0.4,0.75,0.15 21.8252
0.4,0.75,0.2 61.5327
0.4,0.75,0.25 257.43
0.4,0.75,0.3 342.827
0.4,0.75,0.35 133.116
0.4,0.75,0.4 1.05794
0.4,0.8,0 6.64996e-07
0.4,0.8,0.05 68.5247
0.4,0.8,0.1 272.347
0.4,0.8,0.15 67.6879
0.4,0.8,0.2 8.01765
0.4,0.8,0.25 32.4982
0.4,0.8,0.3 22.9602
0.4,0.8,0.35 4.83272
0.4,0.8,0.4 0.032844
0.4,0.85,0 1.34204e-07
0.4,0.85,0.05 13.8291
0.4,0.85,0.1 54.9628
0.4,0.85,0.15 13.6529
0.45,0.05,0.05 2.25487e-05
0.45,0.05,0.1 0.000150842
0.45,0.05,0.15 6.18827e-05
0.45,0.05,0.2 0.228164
0.45,0.05,0.25 1.23334
0.45,0.05,0.3 3.60272
0.45,0.05,0.35 2.07615
0.45,0.05,0.4 0.0304998
0.45,0.1,0.05 15.8927
0.45,0.1,0.1 87.656
0.45,0.1,0.15 43.0842
0.45,0.1,0.2 37.3921
0.45,0.1,0.25 79.0854
0.45,0.1,0.3 194.202
