0,0.65,0.15 4.31381e-14
0,0.65,0.2 5.93819e-13
0,0.65,0.25 4.32066e-13
0,0.65,0.3 9.75849e-15
0,0.7,0.15 5.30933e-13
0,0.7,0.2 7.30859e-12
0,0.7,0.25 5.31777e-12
0,0.7,0.3 1.20105e-13
0,0.75,0.15 3.57062e-13
0,0.75,0.2 4.91516e-12
0,0.75,0.25 3.5763e-12
0,0.75,0.3 8.07729e-14
0,0.8,0.15 6.639e-15
0,0.8,0.2 9.13895e-14
0,0.8,0.25 6.64955e-14
0,0.8,0.3 1.50184e-15
0.05,0.1,0.1 2.62297
0.05,0.1,0.15 14.807
0.05,0.1,0.2 5.19078
0.05,0.1,0.25 0.00558423
0.05,0.15,0 1.83915e-16
0.05,0.15,0.05 0.000317428
0.05,0.15,0.1 13.6383
0.05,0.15,0.15 78.3467
0.05,0.15,0.2 31.5243
0.05,0.15,0.25 0.970864
0.05,0.15,0.3 0.00555142
0.05,0.15,0.35 0.0206996
0.05,0.15,0.4 0.00482361
0.05,0.2,0 6.19752e-15
0.05,0.2,0.05 0.0318688
0.05,0.2,0.1 4.54646
0.05,0.2,0.15 30.8504
0.05,0.2,0.2 28.3717
0.05,0.2,0.25 11.5829
0.05,0.2,0.3 13.7968
0.05,0.2,0.35 6.83131
0.05,0.2,0.4 1.32886
0.05,0.25,0 5.6899e-14
0.05,0.25,0.05 0.366601
0.05,0.25,0.1 1.47092
0.05,0.25,0.15 3.11892
0.05,0.25,0.2 8.82503
0.05,0.25,0.25 36.5166
0.05,0.25,0.3 60.5302
0.05,0.25,0.35 18.6765
0.05,0.25,0.4 3.13158
0.05,0.3,0 3.84023e-14
0.05,0.3,0.05 0.250637
0.05,0.3,0.1 1.00478
0.05,0.3,0.15 1.55364
0.05,0.3,0.2 3.60133
0.05,0.3,0.25 10.6899
0.05,0.3,0.3 17.0191
0.05,0.3,0.35 3.45289
0.05,0.3,0.4 0.450829
0.05,0.35,0 2.9298e-10
0.05,0.35,0.05 1.34787
0.05,0.35,0.1 5.38192
0.05,0.35,0.15 1.41039
0.05,0.35,0.2 0.178591
0.05,0.35,0.25 0.0303169
0.05,0.35,0.3 0.00172544
0.05,0.35,0.35 0.000158762
0.05,0.4,0 1.17859e-09
0.05,0.4,0.05 5.4024
0.05,0.4,0.1 21.5717
0.05,0.4,0.15 5.48086
0.05,0.4,0.2 0.417143
0.05,0.4,0.25 0.13447
0.05,0.4,0.3 0.000133517
0.05,0.4,0.35 1.78818e-08
0.05,0.4,0.4 3.50431e-08
0.05,0.4,0.45 4.07039e-09
0.05,0.45,0 2.96324e-10
0.05,0.45,0.05 1.37678
0.05,0.45,0.1 5.62452
0.05,0.45,0.15 14.5771
0.05,0.45,0.2 59.6298
0.05,0.45,0.25 18.0197
0.05,0.45,0.3 0.502399
0.05,0.45,0.35 0.0361352
0.05,0.45,0.4 0.000988513
0.05,0.45,0.45 0.00011482
0.05,0.5,0 1.9949e-18
0.05,0.5,0.05 0.356997
0.05,0.5,0.1 3.47488
0.05,0.5,0.15 33.2002
0.05,0.5,0.2 140.415
0.05,0.5,0.25 48.6608
0.05,0.5,0.3 10.9313
0.05,0.5,0.35 1.43879
0.05,0.5,0.4 0.0884668
0.05,0.5,0.45 0.000414841
0.05,0.55,0.05 0.322674
0.05,0.55,0.1 3.12249
0.05,0.55,0.15 6.64654
0.05,0.55,0.2 24.4044
0.05,0.55,0.25 59.3704
0.05,0.55,0.3 55.9982
0.05,0.55,0.35 10.8032
0.05,0.55,0.4 1.10976
0.05,0.55,0.45 0.00124341
0.05,0.6,0.05 0.0116099
0.05,0.6,0.1 0.112318
0.05,0.6,0.15 0.0640323
0.05,0.6,0.2 2.57032
0.05,0.6,0.25 45.2362
0.05,0.6,0.3 45.774
0.05,0.6,0.35 16.0673
0.05,0.6,0.4 5.06249
0.05,0.6,0.45 0.0279898
0.05,0.65,0.15 0.431827
0.05,0.65,0.2 6.04218
0.05,0.65,0.25 6.04928
0.05,0.65,0.3 2.95075
0.05,0.65,0.35 9.83278
0.05,0.65,0.4 4.6452
0.05,0.65,0.45 0.0288763
0.05,0.7,0.15 5.31433
0.05,0.7,0.2 73.1546
0.05,0.7,0.25 53.2277
0.05,0.7,0.3 1.25812
0.05,0.7,0.35 0.445662
0.05,0.7,0.4 0.213106
0.05,0.7,0.45 0.00132711
0.05,0.75,0.15 3.57398
0.05,0.75,0.2 49.1978
0.05,0.75,0.25 35.7966
0.05,0.75,0.3 0.808489
0.05,0.8,0.15 0.0664524
0.05,0.8,0.2 0.914754
0.05,0.8,0.25 0.66558
0.05,0.8,0.3 0.0150325
0.1,0,0.1 2.01027e-19
0.1,0,0.15 6.84176e-17
0.1,0,0.2 1.67834e-16
0.1,0,0.25 2.52659e-17
0.1,0.05,0.1 2.64753e-06
0.1,0.05,0.15 0.000901064
0.1,0.05,0.2 0.0518507
0.1,0.05,0.25 1.39093
0.1,0.05,0.3 1.54476
0.1,0.05,0.35 0.0805792
0.1,0.1,0.1 13.6527
0.1,0.1,0.15 77.1159
0.1,0.1,0.2 27.6737
0.1,0.1,0.25 6.75561
0.1,0.1,0.3 7.23886
0.1,0.1,0.35 0.400642
0.1,0.1,0.4 0.000459923
0.1,0.15,0 1.61724e-12
0.1,0.15,0.05 2.79127
0.1,0.15,0.1 82.1469
0.1,0.15,0.15 426.728
0.1,0.15,0.2 220.741
0.1,0.15,0.25 21.0218
0.1,0.15,0.3 9.01982
0.1,0.15,0.35 5.07219
0.1,0.15,0.4 0.187004
0.1,0.2,0 1.6235e-11
0.1,0.2,0.05 30.4585
0.1,0.2,0.1 144.823
0.1,0.2,0.15 260.975
0.1,0.2,0.2 390.385
0.1,0.2,0.25 128.783
0.1,0.2,0.3 124.697
0.1,0.2,0.35 140.24
0.1,0.2,0.4 28.9642
0.1,0.25,0 1.52925e-11
0.1,0.25,0.05 57.363
0.1,0.25,0.1 229.538
0.1,0.25,0.15 144.483
0.1,0.25,0.2 260.535
0.1,0.25,0.25 273.733
0.1,0.25,0.3 435.475
0.1,0.25,0.35 324.894
0.1,0.25,0.4 67.8623
0.1,0.3,0 4.52776e-12
0.1,0.3,0.05 29.4396
0.1,0.3,0.1 117.863
0.1,0.3,0.15 96.2139
0.1,0.3,0.2 178.325
0.1,0.3,0.25 92.9294
0.1,0.3,0.3 114.08
0.1,0.3,0.35 51.3345
0.1,0.3,0.4 9.76629
0.1,0.35,0 4.53774e-09
0.1,0.35,0.05 21.5211
0.1,0.35,0.1 85.9402
0.1,0.35,0.15 24.8973
0.1,0.35,0.2 9.14997
0.1,0.35,0.25 1.5057
0.1,0.35,0.3 0.0107047
0.1,0.35,0.35 0.000984967
0.1,0.4,0 1.82539e-08
0.1,0.4,0.05 83.6724
0.1,0.4,0.1 334.363
0.1,0.4,0.15 89.6488
0.1,0.4,0.2 8.77801
0.1,0.4,0.25 1.36989
0.1,0.4,0.3 0.00198427
0.1,0.4,0.35 0.000529274
0.1,0.4,0.4 0.00103722
0.1,0.4,0.45 0.000120477
0.1,0.45,0 4.59566e-09
0.1,0.45,0.05 23.0964
0.1,0.45,0.1 101.678
0.1,0.45,0.15 199.864
0.1,0.45,0.2 453.945
0.1,0.45,0.25 124.385
0.1,0.45,0.3 11.8275
0.1,0.45,0.35 15.7562
0.1,0.45,0.4 29.2593
0.1,0.45,0.45 3.39864
0.1,0.5,0 3.13102e-11
0.1,0.5,0.05 23.0739
0.1,0.5,0.1 193.778
0.1,0.5,0.15 364.57
0.1,0.5,0.2 873.529
0.1,0.5,0.25 394.351
0.1,0.5,0.3 224.079
0.1,0.5,0.35 106.453
0.1,0.5,0.4 110.822
0.1,0.5,0.45 12.2823
0.1,0.55,0 9.84866e-12
0.1,0.55,0.05 17.3892
0.1,0.55,0.1 158.31
0.1,0.55,0.15 147.236
0.1,0.55,0.2 237.093
0.1,0.55,0.25 531.25
0.1,0.55,0.3 559.481
0.1,0.55,0.35 350.786
0.1,0.55,0.4 66.6022
0.1,0.55,0.45 2.80057
0.1,0.6,0 3.60556e-15
0.1,0.6,0.05 1.72835
0.1,0.6,0.1 22.3418
0.1,0.6,0.15 20.4939
0.1,0.6,0.2 71.8824
0.1,0.6,0.25 356.627
0.1,0.6,0.3 342.444
0.1,0.6,0.35 375.127
0.1,0.6,0.4 116.234
0.1,0.6,0.45 0.601351
0.1,0.65,0.05 2.30393
0.1,0.65,0.1 33.7944
0.1,0.65,0.15 41.6551
0.1,0.65,0.2 53.8357
0.1,0.65,0.25 55.3233
0.1,0.65,0.3 84.0385
0.1,0.65,0.35 217.523
0.1,0.65,0.4 99.826
0.1,0.65,0.45 0.620222
0.1,0.7,0.05 0.269429
0.1,0.7,0.1 6.16397
0.1,0.7,0.15 66.2885
0.1,0.7,0.2 338.142
0.1,0.7,0.25 248.664
0.1,0.7,0.3 76.9915
0.1,0.7,0.35 19.1999
0.1,0.7,0.4 4.57722
0.1,0.7,0.45 0.0285044
0.1,0.75,0.1 0.621625
0.1,0.75,0.15 24.6762
0.1,0.75,0.2 205.894
0.1,0.75,0.25 147.226
0.1,0.75,0.3 10.6188
0.1,0.75,0.35 0.950128
0.1,0.8,0.1 1.57277e-05
0.1,0.8,0.15 0.284431
0.1,0.8,0.2 3.93845
0.1,0.8,0.25 2.87958
0.1,0.8,0.3 0.0658537
0.1,0.85,0.15 0.000459866
0.1,0.85,0.2 0.00699167
0.1,0.85,0.25 0.0054394
0.1,0.85,0.3 0.000143264
0.15,0,0.1 2.5992e-15
0.15,0,0.15 8.84613e-13
0.15,0,0.2 2.17003e-12
0.15,0,0.25 3.26679e-13
0.15,0.05,0 3.77742e-13
0.15,0.05,0.05 0.00767793
0.15,0.05,0.1 0.0649096
0.15,0.05,0.15 11.6581
0.15,0.05,0.2 30.0473
0.15,0.05,0.25 45.9091
0.15,0.05,0.3 46.6442
0.15,0.05,0.35 2.48613
0.15,0.1,0 2.55832e-10
0.15,0.1,0.05 5.19999
0.15,0.1,0.1 25.3419
0.15,0.1,0.15 79.0073
0.15,0.1,0.2 152.602
0.15,0.1,0.25 226.751
0.15,0.1,0.3 222.052
0.15,0.1,0.35 12.3856
0.15,0.1,0.4 0.00815756
0.15,0.15,0 7.0896e-10
0.15,0.15,0.05 23.9752
0.15,0.15,0.1 118.934
0.15,0.15,0.15 207.738
0.15,0.15,0.2 349.992
0.15,0.15,0.25 209.237
0.15,0.15,0.3 193.987
0.15,0.15,0.35 89.316
0.15,0.15,0.4 1.72427
0.15,0.2,0 2.0535e-10
0.15,0.2,0.05 104.125
0.15,0.2,0.1 424.177
0.15,0.2,0.15 273.823
0.15,0.2,0.2 627.985
0.15,0.2,0.25 390.077
0.15,0.2,0.3 395.598
0.15,0.2,0.35 325.747
0.15,0.2,0.4 31.9229
0.15,0.25,0 6.20458e-11
0.15,0.25,0.05 149.866
0.15,0.25,0.1 599.648
0.15,0.25,0.15 279.142
0.15,0.25,0.2 515.212
0.15,0.25,0.25 502.486
0.15,0.25,0.3 385.559
0.15,0.25,0.35 332.305
0.15,0.25,0.4 66.4162
0.15,0.3,0 1.07222e-11
0.15,0.3,0.05 110.094
0.15,0.3,0.1 440.502
0.15,0.3,0.15 209.118
0.15,0.3,0.2 274.353
0.15,0.3,0.25 120.558
0.15,0.3,0.3 77.8751
0.15,0.3,0.35 45.0259
0.15,0.3,0.4 9.45624
0.15,0.35,0 3.57402e-09
0.15,0.35,0.05 35.982
0.15,0.35,0.1 143.823
0.15,0.35,0.15 41.0651
0.15,0.35,0.2 13.6177
0.15,0.35,0.25 2.2562
0.15,0.35,0.3 0.0041
0.15,0.35,0.35 0.000377207
0.15,0.4,0 1.43752e-08
0.15,0.4,0.05 66.1039
0.15,0.4,0.1 270.386
0.15,0.4,0.15 123.744
0.15,0.4,0.2 38.0995
0.15,0.4,0.25 1.82377
0.15,0.4,0.3 0.0445469
0.15,0.4,0.35 0.00191545
0.15,0.4,0.4 0.00375371
0.15,0.4,0.45 0.000436008
0.15,0.45,0 3.70326e-09
0.15,0.45,0.05 34.6038
0.15,0.45,0.1 180.376
0.15,0.45,0.15 532.959
0.15,0.45,0.2 563.115
0.15,0.45,0.25 162.881
0.15,0.45,0.3 39.0253
0.15,0.45,0.35 72.8481
0.15,0.45,0.4 110.753
0.15,0.45,0.45 12.9995
0.15,0.5,0 4.48857e-10
0.15,0.5,0.05 108.981
0.15,0.5,0.1 592.214
0.15,0.5,0.15 667.043
0.15,0.5,0.2 839.328
0.15,0.5,0.25 539.804
0.15,0.5,0.3 391.909
0.15,0.5,0.35 420.588
0.15,0.5,0.4 491.979
0.15,0.5,0.45 61.1066
0.15,0.55,0 1.41189e-10
0.15,0.55,0.05 48.7771
0.15,0.55,0.1 324.337
0.15,0.55,0.15 362.552
0.15,0.55,0.2 520.565
0.15,0.55,0.25 697.341
0.15,0.55,0.3 836.007
0.15,0.55,0.35 793.211
0.15,0.55,0.4 274.324
0.15,0.55,0.45 27.0652
0.15,0.6,0 2.51698e-10
0.15,0.6,0.05 15.1499
0.15,0.6,0.1 171.757
0.15,0.6,0.15 149.98
0.15,0.6,0.2 175.307
0.15,0.6,0.25 441.373
0.15,0.6,0.3 426.056
0.15,0.6,0.35 492.178
0.15,0.6,0.4 134.161
0.15,0.6,0.45 1.37141
0.15,0.65,0 1.34118e-09
0.15,0.65,0.05 42.2948
0.15,0.65,0.1 385.325
0.15,0.65,0.15 413.736
0.15,0.65,0.2 363.134
0.15,0.65,0.25 268.534
0.15,0.65,0.3 496.358
0.15,0.65,0.35 276.027
0.15,0.65,0.4 96.1513
0.15,0.65,0.45 0.598904
0.15,0.7,0 4.45021e-10
0.15,0.7,0.05 9.74876
0.15,0.7,0.1 95.7176
0.15,0.7,0.15 459.368
0.15,0.7,0.2 555.042
0.15,0.7,0.25 376.022
0.15,0.7,0.3 590.904
0.15,0.7,0.35 94.1051
0.15,0.7,0.4 4.40934
0.15,0.7,0.45 0.0274259
0.15,0.75,0 2.92762e-13
0.15,0.75,0.05 0.00522822
0.15,0.75,0.1 19.6138
0.15,0.75,0.15 167.394
0.15,0.75,0.2 266.142
0.15,0.75,0.25 195.884
0.15,0.75,0.3 97.2741
0.15,0.75,0.35 8.82662
0.15,0.75,0.4 0.000135695
0.15,0.8,0.1 7.00392
0.15,0.8,0.15 43.539
0.15,0.8,0.2 104.525
0.15,0.8,0.25 106.056
0.15,0.8,0.3 44.4598
0.15,0.8,0.35 2.12211
0.15,0.85,0.1 0.0939211
0.15,0.85,0.15 0.69867
0.15,0.85,0.2 2.51436
0.15,0.85,0.25 3.58255
0.15,0.85,0.3 2.13639
0.15,0.85,0.35 0.104043
0.2,0,0.1 1.21643e-14
0.2,0,0.15 3.22306e-12
0.2,0,0.2 7.76518e-12
0.2,0,0.25 1.15536e-12
0.2,0.05,0 2.59192e-12
0.2,0.05,0.05 0.0526829
0.2,0.05,0.1 0.335276
0.2,0.05,0.15 41.1073
0.2,0.05,0.2 102.936
0.2,0.05,0.25 81.7556
0.2,0.05,0.3 83.8672
0.2,0.05,0.35 5.65179
0.2,0.1,0 1.75541e-09
0.2,0.1,0.05 35.6802
0.2,0.1,0.1 143.88
0.2,0.1,0.15 216.858
0.2,0.1,0.2 498.465
0.2,0.1,0.25 474.761
0.2,0.1,0.3 485.177
0.2,0.1,0.35 35.2596
0.2,0.1,0.4 0.00702402
0.2,0.15,0 4.92556e-09
0.2,0.15,0.05 105.561
0.2,0.15,0.1 426.45
0.2,0.15,0.15 261.084
0.2,0.15,0.2 563.883
0.2,0.15,0.25 388.161
0.2,0.15,0.3 340.865
0.2,0.15,0.35 127.902
0.2,0.15,0.4 2.78291
0.2,0.2,0 2.02103e-09
0.2,0.2,0.05 101.198
0.2,0.2,0.1 408.372
0.2,0.2,0.15 342.003
0.2,0.2,0.2 682.371
0.2,0.2,0.25 403.343
0.2,0.2,0.3 678.967
0.2,0.2,0.35 475.925
0.2,0.2,0.4 13.6118
0.2,0.25,0 7.042e-10
0.2,0.25,0.05 146.539
0.2,0.25,0.1 587.716
0.2,0.25,0.15 343.431
0.2,0.25,0.2 612.526
0.2,0.25,0.25 546.2
0.2,0.25,0.3 533.01
0.2,0.25,0.35 272.493
0.2,0.25,0.4 9.23071
0.2,0.3,0 1.8135e-11
0.2,0.3,0.05 157.821
0.2,0.3,0.1 631.964
0.2,0.3,0.15 267.424
0.2,0.3,0.2 324.121
0.2,0.3,0.25 143.978
0.2,0.3,0.3 69.3098
0.2,0.3,0.35 22.4734
0.2,0.3,0.4 0.876575
0.2,0.35,0 9.84013e-11
0.2,0.35,0.05 69.7965
0.2,0.35,0.1 280.113
0.2,0.35,0.15 76.4335
0.2,0.35,0.2 14.3583
0.2,0.35,0.25 3.03387
0.2,0.35,0.3 0.18726
0.2,0.35,0.35 0.223555
0.2,0.35,0.4 0.0131304
0.2,0.4,0 4.17009e-10
0.2,0.4,0.05 41.5435
0.2,0.4,0.1 204.513
0.2,0.4,0.15 229.793
0.2,0.4,0.2 67.7197
0.2,0.4,0.25 2.77361
0.2,0.4,0.3 0.171394
0.2,0.4,0.35 0.00043317
0.2,0.4,0.4 0.000848884
0.2,0.4,0.45 9.86012e-05
0.2,0.45,0 3.31172e-10
0.2,0.45,0.05 44.6641
0.2,0.45,0.1 284.257
0.2,0.45,0.15 696.646
0.2,0.45,0.2 409.177
0.2,0.45,0.25 190.958
0.2,0.45,0.3 104.3
0.2,0.45,0.35 103.977
0.2,0.45,0.4 47.7875
0.2,0.45,0.45 5.35311
0.2,0.5,0 5.54446e-10
0.2,0.5,0.05 88.1647
0.2,0.5,0.1 386.892
0.2,0.5,0.15 445.511
0.2,0.5,0.2 629.361
0.2,0.5,0.25 686.985
0.2,0.5,0.3 645.131
0.2,0.5,0.35 625.925
0.2,0.5,0.4 501.544
0.2,0.5,0.45 69.1446
0.2,0.55,0 1.54637e-10
0.2,0.55,0.05 32.0548
0.2,0.55,0.1 198.169
0.2,0.55,0.15 262.146
0.2,0.55,0.2 370.977
0.2,0.55,0.25 530.967
0.2,0.55,0.3 706.081
0.2,0.55,0.35 621.65
0.2,0.55,0.4 499.227
0.2,0.55,0.45 64.3885
0.2,0.6,0 1.15926e-09
0.2,0.6,0.05 29.4569
0.2,0.6,0.1 271.985
0.2,0.6,0.15 294.281
0.2,0.6,0.2 337.021
0.2,0.6,0.25 485.023
0.2,0.6,0.3 386.72
0.2,0.6,0.35 300.306
0.2,0.6,0.4 139.219
0.2,0.6,0.45 6.70989
0.2,0.65,0 6.25721e-09
0.2,0.65,0.05 118.559
0.2,0.65,0.1 625.01
0.2,0.65,0.15 577.819
0.2,0.65,0.2 563.754
0.2,0.65,0.25 329.971
0.2,0.65,0.3 554.219
0.2,0.65,0.35 156.789
0.2,0.65,0.4 13.6026
0.2,0.65,0.45 0.377415
0.2,0.7,0 2.20837e-09
0.2,0.7,0.05 46.6963
0.2,0.7,0.1 330.288
0.2,0.7,0.15 724.416
0.2,0.7,0.2 551.902
0.2,0.7,0.25 507.846
0.2,0.7,0.3 575.362
0.2,0.7,0.35 115.09
0.2,0.7,0.4 0.376516
0.2,0.7,0.45 0.00597058
0.2,0.75,0 1.83253e-11
0.2,0.75,0.05 14.7772
0.2,0.75,0.1 182.702
0.2,0.75,0.15 639.333
0.2,0.75,0.2 706.425
0.2,0.75,0.25 615.291
0.2,0.75,0.3 290.104
0.2,0.75,0.35 15.4127
0.2,0.75,0.4 0.00191311
0.2,0.8,0.05 5.46841
0.2,0.8,0.1 75.221
0.2,0.8,0.15 323.335
0.2,0.8,0.2 450.909
0.2,0.8,0.25 390.427
0.2,0.8,0.3 232.899
0.2,0.8,0.35 11.3389
0.2,0.85,0.05 0.0137882
0.2,0.85,0.1 0.67884
0.2,0.85,0.15 5.45268
0.2,0.85,0.2 10.8593
0.2,0.85,0.25 14.7962
0.2,0.85,0.3 11.2897
0.2,0.85,0.35 0.555924
0.25,0,0.1 4.4342e-13
0.25,0,0.15 1.88157e-11
0.25,0,0.2 3.02295e-11
0.25,0,0.25 9.49296e-11
0.25,0,0.3 8.83967e-11
0.25,0,0.35 3.50098e-12
0.25,0.05,0 1.08787e-12
0.25,0.05,0.05 0.0221119
0.25,0.05,0.1 0.824246
0.25,0.05,0.15 38.3635
0.25,0.05,0.2 64.5018
0.25,0.05,0.25 44.9643
0.25,0.05,0.3 49.6967
0.25,0.05,0.35 3.72944
0.25,0.1,0 7.36776e-10
0.25,0.1,0.05 14.9756
0.25,0.1,0.1 68.5217
0.25,0.1,0.15 252.956
0.25,0.1,0.2 489.858
0.25,0.1,0.25 371.056
0.25,0.1,0.3 333.192
0.25,0.1,0.35 28.4773
0.25,0.1,0.4 0.00165342
0.25,0.15,0 2.17013e-09
0.25,0.15,0.05 48.6363
0.25,0.15,0.1 229.232
0.25,0.15,0.15 519.439
0.25,0.15,0.2 711.781
0.25,0.15,0.25 359.956
0.25,0.15,0.3 293.479
0.25,0.15,0.35 118.642
0.25,0.15,0.4 11.7811
0.25,0.2,0 1.87718e-09
0.25,0.2,0.05 86.8116
0.25,0.2,0.1 371.615
0.25,0.2,0.15 428.432
0.25,0.2,0.2 437.648
0.25,0.2,0.25 239.906
