0.4,0.85,0.1 54.9628
0.4,0.85,0.15 13.6529
0.45,0.05,0.2 0.0148955
0.45,0.05,0.25 0.638261
0.45,0.05,0.3 7.22397
0.45,0.05,0.35 5.36519
0.45,0.05,0.4 0.130379
0.45,0.1,0.05 8.33821
0.45,0.1,0.1 78.3637
0.45,0.1,0.15 66.4674
0.45,0.1,0.2 30.3245
0.45,0.1,0.25 40.9473
0.45,0.1,0.3 154.671
0.45,0.1,0.35 104.627
0.45,0.1,0.4 2.53714
0.45,0.15,0 7.07947e-15
0.45,0.15,0.05 48.0523
0.45,0.15,0.1 497.697
0.45,0.15,0.15 541.288
0.45,0.15,0.2 266.377
0.45,0.15,0.25 221.231
0.45,0.15,0.3 217.05
0.45,0.15,0.35 96.9447
0.45,0.15,0.4 2.30448
0.45,0.2,0 4.84707e-11
0.45,0.2,0.05 72.6192
0.45,0.2,0.1 593.022
0.45,0.2,0.15 493.463
0.45,0.2,0.2 244.059
0.45,0.2,0.25 461.224
0.45,0.2,0.3 265.461
0.45,0.2,0.35 9.27152
0.45,0.2,0.4 0.0846458
0.45,0.25,0 1.39558e-09
0.45,0.25,0.05 86.3429
0.45,0.25,0.1 450.776
0.45,0.25,0.15 267.473
0.45,0.25,0.2 245.057
0.45,0.25,0.25 263.709
0.45,0.25,0.3 138.149
0.45,0.25,0.35 3.03005
0.45,0.25,0.4 0.00240691
0.45,0.3,0 2.47608e-09
0.45,0.3,0.05 131.748
0.45,0.3,0.1 550.568
0.45,0.3,0.15 607.54
0.45,0.3,0.2 763.788
0.45,0.3,0.25 193.31
0.45,0.3,0.3 58.5932
0.45,0.3,0.35 14.8286
0.45,0.3,0.4 8.23417
0.45,0.3,0.45 0.907912
0.45,0.35,0 1.02746e-08
0.45,0.35,0.05 138.04
0.45,0.35,0.1 564.72
0.45,0.35,0.15 469.974
0.45,0.35,0.2 586.338
0.45,0.35,0.25 328.525
0.45,0.35,0.3 552.836
0.45,0.35,0.35 277.81
0.45,0.35,0.4 111.329
0.45,0.35,0.45 9.92187
0.45,0.4,0 6.90129e-09
0.45,0.4,0.05 79.3851
0.45,0.4,0.1 336.5
0.45,0.4,0.15 318.163
0.45,0.4,0.2 380.706
0.45,0.4,0.25 260.968
0.45,0.4,0.3 619.45
0.45,0.4,0.35 624.486
0.45,0.4,0.4 149.492
0.45,0.4,0.45 7.45715
0.45,0.45,0 2.50025e-10
0.45,0.45,0.05 74.1213
0.45,0.45,0.1 353.144
0.45,0.45,0.15 502.694
0.45,0.45,0.2 527.581
0.45,0.45,0.25 587.92
0.45,0.45,0.3 532.71
0.45,0.45,0.35 360.804
0.45,0.45,0.4 217.081
0.45,0.45,0.45 39.6797
0.45,0.5,0 8.34436e-10
0.45,0.5,0.05 89.2676
0.45,0.5,0.1 430.11
0.45,0.5,0.15 438.695
0.45,0.5,0.2 646.183
0.45,0.5,0.25 684.272
0.45,0.5,0.3 502.129
0.45,0.5,0.35 945.224
0.45,0.5,0.4 688.043
0.45,0.5,0.45 98.9104
0.45,0.55,0 4.41203e-09
0.45,0.55,0.05 41.3741
0.45,0.55,0.1 355.824
0.45,0.55,0.15 518.265
0.45,0.55,0.2 517.023
0.45,0.55,0.25 221.306
0.45,0.55,0.3 119.128
0.45,0.55,0.35 584.37
0.45,0.55,0.4 299.657
0.45,0.55,0.45 18.1252
0.45,0.6,0 1.45626e-08
0.45,0.6,0.05 126.043
0.45,0.6,0.1 553.826
0.45,0.6,0.15 362.457
0.45,0.6,0.2 766.052
0.45,0.6,0.25 391.003
0.45,0.6,0.3 29.6031
0.45,0.6,0.35 24.3389
0.45,0.6,0.4 8.72821
0.45,0.6,0.45 0.0436189
0.45,0.65,0 4.32448e-09
0.45,0.65,0.05 65.8919
0.45,0.65,0.1 308.509
0.45,0.65,0.15 227.95
0.45,0.65,0.2 263.414
0.45,0.65,0.25 111.501
0.45,0.65,0.3 30.8168
0.45,0.65,0.35 29.2878
0.45,0.65,0.4 2.63829
0.45,0.65,0.45 0.0015738
0.45,0.7,0 1.04913e-10
0.45,0.7,0.05 1.24596
0.45,0.7,0.1 19.7798
0.45,0.7,0.15 46.92
0.45,0.7,0.2 29.3313
0.45,0.7,0.25 9.60553
0.45,0.7,0.3 70.3441
0.45,0.7,0.35 107.25
0.45,0.7,0.4 9.32347
0.45,0.7,0.45 5.33176e-05
0.45,0.75,0 2.42916e-07
0.45,0.75,0.05 25.0314
0.45,0.75,0.1 99.6651
0.45,0.75,0.15 33.6131
0.45,0.75,0.2 13.5297
0.45,0.75,0.25 1.80269
0.45,0.75,0.3 17.0869
0.45,0.75,0.35 26.2796
0.45,0.75,0.4 2.28173
0.45,0.8,0 7.85732e-07
0.45,0.8,0.05 80.9672
0.45,0.8,0.1 321.817
0.45,0.8,0.15 80.8585
0.45,0.8,0.2 1.33341
0.45,0.8,0.25 0.137663
0.45,0.8,0.3 0.0361027
0.45,0.8,0.35 0.00175489
0.45,0.85,0 1.58594e-07
0.45,0.85,0.05 16.3439
0.45,0.85,0.1 64.9577
0.45,0.85,0.15 16.1356
0.45,0.9,0 1.66874e-12
0.45,0.9,0.05 0.000257712
0.45,0.9,0.1 0.00102509
0.45,0.9,0.15 0.00025484
0.5,0.05,0.25 0.795471
0.5,0.05,0.3 11.4669
0.5,0.05,0.35 8.6096
0.5,0.05,0.4 0.209254
0.5,0.1,0 7.91476e-14
0.5,0.1,0.05 1.48541
0.5,0.1,0.1 13.7064
0.5,0.1,0.15 31.7208
0.5,0.1,0.2 41.0567
0.5,0.1,0.25 47.4345
0.5,0.1,0.3 242.696
0.5,0.1,0.35 168.706
0.5,0.1,0.4 4.07204
0.5,0.15,0 2.50577e-11
0.5,0.15,0.05 16.1843
0.5,0.15,0.1 110.55
0.5,0.15,0.15 261.794
0.5,0.15,0.2 429.717
0.5,0.15,0.25 636.075
0.5,0.15,0.3 570.754
0.5,0.15,0.35 170.551
0.5,0.15,0.4 3.70485
0.5,0.2,0 6.22929e-11
0.5,0.2,0.05 98.547
0.5,0.2,0.1 444.345
0.5,0.2,0.15 458.982
0.5,0.2,0.2 762.275
0.5,0.2,0.25 922.095
0.5,0.2,0.3 556.976
0.5,0.2,0.35 63.8945
0.5,0.2,0.4 2.92147
0.5,0.25,0 1.22991e-09
0.5,0.25,0.05 93.0093
0.5,0.25,0.1 396.329
0.5,0.25,0.15 373.379
0.5,0.25,0.2 635.125
0.5,0.25,0.25 573.552
0.5,0.25,0.3 250.741
0.5,0.25,0.35 105.229
0.5,0.25,0.4 7.16634
0.5,0.3,0 6.40534e-09
0.5,0.3,0.05 145.723
0.5,0.3,0.1 610.909
0.5,0.3,0.15 714.94
0.5,0.3,0.2 742.326
0.5,0.3,0.25 340.936
0.5,0.3,0.3 79.481
0.5,0.3,0.35 34.0216
0.5,0.3,0.4 31.4922
0.5,0.3,0.45 3.34759
0.5,0.35,0 2.49852e-08
0.5,0.35,0.05 167.558
0.5,0.35,0.1 685.795
0.5,0.35,0.15 522.146
0.5,0.35,0.2 490.778
0.5,0.35,0.25 97.5572
0.5,0.35,0.3 79.3235
0.5,0.35,0.35 303.097
0.5,0.35,0.4 363.108
0.5,0.35,0.45 36.5779
0.5,0.4,0 1.38784e-08
0.5,0.4,0.05 98.0465
0.5,0.4,0.1 393.584
0.5,0.4,0.15 236.099
0.5,0.4,0.2 376.857
0.5,0.4,0.25 238.016
0.5,0.4,0.3 240.465
0.5,0.4,0.35 624.899
0.5,0.4,0.4 339.762
0.5,0.4,0.45 22.5746
0.5,0.45,0 1.55542e-09
0.5,0.45,0.05 106.216
0.5,0.45,0.1 429.659
0.5,0.45,0.15 255.808
0.5,0.45,0.2 434.36
0.5,0.45,0.25 404.125
0.5,0.45,0.3 188.665
0.5,0.45,0.35 166.965
0.5,0.45,0.4 73.7239
0.5,0.45,0.45 7.11206
0.5,0.5,0 4.92288e-09
0.5,0.5,0.05 120.32
0.5,0.5,0.1 534.433
0.5,0.5,0.15 418.54
0.5,0.5,0.2 550.968
0.5,0.5,0.25 427.415
0.5,0.5,0.3 209.531
0.5,0.5,0.35 235.857
0.5,0.5,0.4 172.641
0.5,0.5,0.45 19.6036
0.5,0.55,0 4.82344e-09
0.5,0.55,0.05 86.4128
0.5,0.55,0.1 583.25
0.5,0.55,0.15 810.343
0.5,0.55,0.2 888.369
0.5,0.55,0.25 264.764
0.5,0.55,0.3 162.887
0.5,0.55,0.35 188.346
0.5,0.55,0.4 92.84
0.5,0.55,0.45 3.896
0.5,0.6,0 5.08459e-10
0.5,0.6,0.05 19.1905
0.5,0.6,0.1 245.4
0.5,0.6,0.15 418.999
0.5,0.6,0.2 433.653
0.5,0.6,0.25 101.001
0.5,0.6,0.3 11.7196
0.5,0.6,0.35 7.2985
0.5,0.6,0.4 2.71885
0.5,0.6,0.45 0.0166448
0.5,0.65,0 1.85934e-10
0.5,0.65,0.05 6.54135
0.5,0.65,0.1 190.709
0.5,0.65,0.15 461.206
0.5,0.65,0.2 288.463
0.5,0.65,0.25 93.4177
0.5,0.65,0.3 2.66181
0.5,0.65,0.35 0.00497028
0.5,0.65,0.4 0.000431721
0.5,0.7,0 2.10608e-11
0.5,0.7,0.05 0.558998
0.5,0.7,0.1 57.2084
0.5,0.7,0.15 317.37
0.5,0.7,0.2 556.197
0.5,0.7,0.25 155.951
0.5,0.7,0.3 2.83636
0.5,0.7,0.35 0.0194942
0.5,0.7,0.4 0.00169328
0.5,0.75,0 1.82807e-08
0.5,0.75,0.05 8.34414
0.5,0.75,0.1 39.7848
0.5,0.75,0.15 195.466
0.5,0.75,0.2 298.475
0.5,0.75,0.25 35.603
0.5,0.75,0.3 0.168041
0.5,0.75,0.35 0.00477871
0.5,0.75,0.4 0.000415081
0.5,0.8,0 1.78869e-07
0.5,0.8,0.05 31.8908
0.5,0.8,0.1 127.577
0.5,0.8,0.15 50.0089
0.5,0.8,0.2 25.9557
0.5,0.8,0.25 2.01825
0.5,0.85,0 1.65992e-07
0.5,0.85,0.05 25.4838
0.5,0.85,0.1 101.369
0.5,0.85,0.15 25.2017
0.5,0.9,0 8.96276e-09
0.5,0.9,0.05 1.38416
0.5,0.9,0.1 5.50572
0.5,0.9,0.15 1.36874
0.55,0.05,0.25 0.071714
0.55,0.05,0.3 1.03378
0.55,0.05,0.35 0.776181
0.55,0.05,0.4 0.0188648
0.55,0.1,0 2.94778e-12
0.55,0.1,0.05 0.0824722
0.55,0.1,0.1 0.371789
0.55,0.1,0.15 14.8565
0.55,0.1,0.2 46.5357
0.55,0.1,0.25 22.9433
0.55,0.1,0.3 32.1464
0.55,0.1,0.35 15.901
0.55,0.1,0.4 0.367106
0.55,0.15,0 9.31514e-10
0.55,0.15,0.05 29.0152
0.55,0.15,0.1 116.595
0.55,0.15,0.15 141.173
0.55,0.15,0.2 353.122
0.55,0.15,0.25 342.712
0.55,0.15,0.3 254.972
0.55,0.15,0.35 29.056
0.55,0.15,0.4 0.369842
0.55,0.2,0 2.25471e-09
0.55,0.2,0.05 100.688
0.55,0.2,0.1 411.908
0.55,0.2,0.15 379.312
0.55,0.2,0.2 564.262
0.55,0.2,0.25 508.337
0.55,0.2,0.3 477.167
0.55,0.2,0.35 178.52
0.55,0.2,0.4 9.18977
0.55,0.25,0 1.84083e-09
0.55,0.25,0.05 62.4125
0.55,0.25,0.1 270.073
0.55,0.25,0.15 464.863
0.55,0.25,0.2 730.071
0.55,0.25,0.25 777.157
0.55,0.25,0.3 597.949
0.55,0.25,0.35 393.376
0.55,0.25,0.4 23.2119
0.55,0.3,0 5.99243e-09
0.55,0.3,0.05 103.851
0.55,0.3,0.1 426.602
0.55,0.3,0.15 384.222
0.55,0.3,0.2 534.619
0.55,0.3,0.25 744.487
0.55,0.3,0.3 510.47
0.55,0.3,0.35 136.527
0.55,0.3,0.4 10.794
0.55,0.3,0.45 0.771358
0.55,0.35,0 1.06972e-08
0.55,0.35,0.05 143.029
0.55,0.35,0.1 589.06
0.55,0.35,0.15 233.28
0.55,0.35,0.2 80.449
0.55,0.35,0.25 236.489
0.55,0.35,0.3 220.547
0.55,0.35,0.35 70.9027
0.55,0.35,0.4 80.5997
0.55,0.35,0.45 8.42751
0.55,0.4,0 5.31565e-09
0.55,0.4,0.05 81.3841
0.55,0.4,0.1 330.725
0.55,0.4,0.15 110.888
0.55,0.4,0.2 85.4729
0.55,0.4,0.25 327.709
0.55,0.4,0.3 152.423
0.55,0.4,0.35 83.9181
0.55,0.4,0.4 65.1998
0.55,0.4,0.45 5.19613
0.55,0.45,0 1.40694e-09
0.55,0.45,0.05 113.007
0.55,0.45,0.1 455.25
0.55,0.45,0.15 189.173
0.55,0.45,0.2 369.261
0.55,0.45,0.25 333.353
0.55,0.45,0.3 99.1455
0.55,0.45,0.35 16.7637
0.55,0.45,0.4 5.63139
0.55,0.45,0.45 0.0779586
0.55,0.5,0 1.96277e-09
0.55,0.5,0.05 97.5281
0.55,0.5,0.1 403.803
0.55,0.5,0.15 297.141
0.55,0.5,0.2 781.97
0.55,0.5,0.25 389.294
0.55,0.5,0.3 194.522
0.55,0.5,0.35 13.7794
0.55,0.5,0.4 0.22609
0.55,0.5,0.45 0.0026868
0.55,0.55,0 1.74903e-09
0.55,0.55,0.05 43.9611
0.55,0.55,0.1 313.837
0.55,0.55,0.15 420.591
0.55,0.55,0.2 741.075
0.55,0.55,0.25 375.445
0.55,0.55,0.3 254.964
0.55,0.55,0.35 18.1424
0.55,0.55,0.4 0.173419
0.55,0.55,0.45 0.00206143
0.55,0.6,0 5.26559e-10
0.55,0.6,0.05 15.7804
0.55,0.6,0.1 271.421
0.55,0.6,0.15 362.795
0.55,0.6,0.2 459.64
0.55,0.6,0.25 175.847
0.55,0.6,0.3 21.0626
0.55,0.6,0.35 1.24747
0.55,0.6,0.4 0.00442987
0.55,0.6,0.45 5.2633e-05
0.55,0.65,0 8.4364e-09
0.55,0.65,0.05 30.5232
0.55,0.65,0.1 224.373
0.55,0.65,0.15 323.464
0.55,0.65,0.2 546.757
0.55,0.65,0.25 431.566
0.55,0.65,0.3 39.4853
0.55,0.7,0 7.51379e-09
0.55,0.7,0.05 29.4596
0.55,0.7,0.1 257.25
0.55,0.7,0.15 532.803
0.55,0.7,0.2 883.031
0.55,0.7,0.25 476.658
0.55,0.7,0.3 37.8132
0.55,0.75,0 1.45626e-08
0.55,0.75,0.05 71.6277
0.55,0.75,0.1 398.271
0.55,0.75,0.15 452.039
0.55,0.75,0.2 330.51
0.55,0.75,0.25 54.17
0.55,0.75,0.3 1.80967
0.55,0.8,0 4.45858e-07
0.55,0.8,0.05 145.053
0.55,0.8,0.1 587.159
0.55,0.8,0.15 176.286
0.55,0.8,0.2 25.2411
0.55,0.8,0.25 1.85757
0.55,0.8,0.3 0.0034686
0.55,0.85,0 5.23551e-07
0.55,0.85,0.05 89.3176
0.55,0.85,0.1 355.453
0.55,0.85,0.15 88.4119
0.55,0.85,0.2 0.000190234
0.55,0.85,0.25 2.75136e-06
0.55,0.9,0 2.99179e-08
0.55,0.9,0.05 5.75641
0.55,0.9,0.1 22.9211
0.55,0.9,0.15 5.70429
0.55,0.95,0 9.51499e-18
0.55,0.95,0.05 1.11451e-05
0.55,0.95,0.1 4.45676e-05
0.55,0.95,0.15 1.11387e-05
0.6,0.1,0 3.75622e-12
0.6,0.1,0.05 0.105091
0.6,0.1,0.1 0.440132
0.6,0.1,0.15 23.6937
0.6,0.1,0.2 71.5608
0.6,0.1,0.25 13.8007
0.6,0.1,0.3 0.217894
0.6,0.1,0.35 0.0154596
0.6,0.15,0 1.18696e-09
0.6,0.15,0.05 34.0018
0.6,0.15,0.1 137.26
0.6,0.15,0.15 201.932
0.6,0.15,0.2 499.83
0.6,0.15,0.25 101.236
0.6,0.15,0.3 24.9202
0.6,0.15,0.35 10.015
0.6,0.15,0.4 0.0680485
0.6,0.2,0 2.87213e-09
0.6,0.2,0.05 116.753
0.6,0.2,0.1 529.602
0.6,0.2,0.15 306.75
0.6,0.2,0.2 284.886
0.6,0.2,0.25 114.529
0.6,0.2,0.3 343.732
0.6,0.2,0.35 176.761
0.6,0.2,0.4 2.77749
0.6,0.25,0 5.21621e-10
0.6,0.25,0.05 64.4289
0.6,0.25,0.1 379.314
0.6,0.25,0.15 580.104
0.6,0.25,0.2 497.05
0.6,0.25,0.25 541.341
0.6,0.25,0.3 558.734
0.6,0.25,0.35 244.825
0.6,0.25,0.4 5.49401
0.6,0.3,0 4.94102e-10
0.6,0.3,0.05 15.8359
0.6,0.3,0.1 139.537
0.6,0.3,0.15 552.222
0.6,0.3,0.2 708.212
0.6,0.3,0.25 737.534
0.6,0.3,0.3 576.353
0.6,0.3,0.35 150.377
0.6,0.3,0.4 1.02822
0.6,0.35,0 1.23499e-09
0.6,0.35,0.05 43.331
0.6,0.35,0.1 369.347
0.6,0.35,0.15 713.775
0.6,0.35,0.2 253.709
0.6,0.35,0.25 231.107
0.6,0.35,0.3 210.502
0.6,0.35,0.35 23.7132
0.6,0.35,0.4 0.0371944
0.6,0.4,0 4.96128e-10
0.6,0.4,0.05 36.5203
0.6,0.4,0.1 230.973
0.6,0.4,0.15 314.463
0.6,0.4,0.2 108.821
0.6,0.4,0.25 62.4929
0.6,0.4,0.3 25.8928
0.6,0.4,0.35 0.461816
0.6,0.45,0 2.51648e-10
0.6,0.45,0.05 154.36
0.6,0.45,0.1 624.757
0.6,0.45,0.15 298.955
0.6,0.45,0.2 616.72
0.6,0.45,0.25 306.932
0.6,0.45,0.3 25.3835
0.6,0.45,0.35 0.0719579
0.6,0.5,0 1.0414e-10
0.6,0.5,0.05 139.642
0.6,0.5,0.1 576.38
0.6,0.5,0.15 325.465
0.6,0.5,0.2 776.382
0.6,0.5,0.25 407.322
0.6,0.5,0.3 54.8436
0.6,0.5,0.35 1.56695
0.6,0.55,0 3.15769e-12
0.6,0.55,0.05 16.7192
0.6,0.55,0.1 85.1878
0.6,0.55,0.15 120.476
0.6,0.55,0.2 450.378
0.6,0.55,0.25 286.843
0.6,0.55,0.3 72.1313
0.6,0.55,0.35 2.16758
0.6,0.6,0 1.19215e-09
0.6,0.6,0.05 5.94939
0.6,0.6,0.1 51.8954
0.6,0.6,0.15 175.837
0.6,0.6,0.2 845.098
0.6,0.6,0.25 453.546
0.6,0.6,0.3 22.7462
0.6,0.6,0.35 0.165492
0.6,0.65,0 2.24436e-08
0.6,0.65,0.05 78.0736
0.6,0.65,0.1 433.864
0.6,0.65,0.15 424.11
0.6,0.65,0.2 656.951
0.6,0.65,0.25 608.298
0.6,0.65,0.3 52.1214
0.6,0.7,0 1.99888e-08
0.6,0.7,0.05 72.0892
0.6,0.7,0.1 504.004
0.6,0.7,0.15 616.776
0.6,0.7,0.2 396.695
0.6,0.7,0.25 356.502
0.6,0.7,0.3 44.7732
0.6,0.75,0 4.17184e-09
0.6,0.75,0.05 80.3696
0.6,0.75,0.1 464.799
0.6,0.75,0.15 443.617
0.6,0.75,0.2 184.833
0.6,0.75,0.25 148.191
0.6,0.75,0.3 19.736
0.6,0.8,0 9.40025e-08
0.6,0.8,0.05 157.114
0.6,0.8,0.1 645.099
0.6,0.8,0.15 254.135
0.6,0.8,0.2 57.0324
0.6,0.8,0.25 15.8858
0.6,0.8,0.3 2.0973
0.6,0.85,0 1.09315e-07
0.6,0.85,0.05 109.325
0.6,0.85,0.1 437.148
0.6,0.85,0.15 112.854
0.6,0.85,0.2 2.31637
0.6,0.85,0.25 0.0335016
0.6,0.9,0 6.2527e-09
0.6,0.9,0.05 22.1589
0.6,0.9,0.1 88.5901
0.6,0.9,0.15 22.1361
0.6,0.95,0 1.77506e-16
0.6,0.95,0.05 0.000207916
0.6,0.95,0.1 0.000831427
0.6,0.95,0.15 0.000207798
0.65,0.1,0 2.43819e-13
0.65,0.1,0.05 0.00682152
0.65,0.1,0.1 0.0563796
0.65,0.1,0.15 16.3071
0.65,0.1,0.2 43.6257
0.65,0.1,0.25 7.23844
0.65,0.15,0 7.70466e-11
0.65,0.15,0.05 2.72819
0.65,0.15,0.1 12.0646
0.65,0.15,0.15 140.141
0.65,0.15,0.2 362.134
0.65,0.15,0.25 60.0642
0.65,0.15,0.3 4.87108
0.65,0.15,0.35 2.36356
0.65,0.15,0.4 0.0156074
0.65,0.2,0 1.8643e-10
0.65,0.2,0.05 31.7016
0.65,0.2,0.1 170.363
0.65,0.2,0.15 187.253
0.65,0.2,0.2 255.954
0.65,0.2,0.25 45.6789
0.65,0.2,0.3 76.0754
0.65,0.2,0.35 36.7524
0.65,0.2,0.4 0.242548
0.65,0.25,0 2.76424e-11
0.65,0.25,0.05 37.8456
0.65,0.25,0.1 245.679
0.65,0.25,0.15 431.508
0.65,0.25,0.2 366.22
0.65,0.25,0.25 157.659
0.65,0.25,0.3 89.5248
0.65,0.25,0.35 35.1485
0.65,0.25,0.4 0.204483
0.65,0.3,0 8.0001e-13
0.65,0.3,0.05 2.80576
0.65,0.3,0.1 119.894
0.65,0.3,0.15 650.165
0.65,0.3,0.2 653.519
0.65,0.3,0.25 375.912
0.65,0.3,0.3 70.1774
0.65,0.3,0.35 14.4597
0.65,0.3,0.4 0.0339591
0.65,0.35,0 4.97814e-12
