0.45,0.15,0.1 611.553
0.45,0.15,0.15 245.604
0.45,0.15,0.2 333.407
0.45,0.15,0.25 343.93
0.45,0.15,0.3 348.579
0.45,0.15,0.35 52.606
0.45,0.2,0 3.33779e-10
0.45,0.2,0.05 164.078
0.45,0.2,0.1 657.901
0.45,0.2,0.15 261.256
0.45,0.2,0.2 297.75
0.45,0.2,0.25 287.792
0.45,0.2,0.3 80.7804
0.45,0.2,0.35 7.73094
0.45,0.25,0 2.45914e-10
0.45,0.25,0.05 117.796
0.45,0.25,0.1 474.831
0.45,0.25,0.15 177.259
0.45,0.25,0.2 322.848
0.45,0.25,0.25 394.692
0.45,0.25,0.3 48.4104
0.45,0.25,0.35 0.253503
0.45,0.3,0 2.74715e-10
0.45,0.3,0.05 138.069
0.45,0.3,0.1 575.43
0.45,0.3,0.15 476.715
0.45,0.3,0.2 661.361
0.45,0.3,0.25 288.327
0.45,0.3,0.3 26.652
0.45,0.3,0.35 4.98599
0.45,0.3,0.4 0.695617
0.45,0.35,0 1.13113e-09
0.45,0.35,0.05 143.079
0.45,0.35,0.1 586.82
0.45,0.35,0.15 380.107
0.45,0.35,0.2 516.079
0.45,0.35,0.25 467.4
0.45,0.35,0.3 347.437
0.45,0.35,0.35 131.054
0.45,0.35,0.4 7.91433
0.45,0.4,0 7.68497e-10
0.45,0.4,0.05 76.6754
0.45,0.4,0.1 319.52
0.45,0.4,0.15 256.341
0.45,0.4,0.2 307.444
0.45,0.4,0.25 433.168
0.45,0.4,0.3 734.218
0.45,0.4,0.35 355.748
0.45,0.4,0.4 22.6374
0.45,0.4,0.45 0.0657394
0.45,0.45,0 1.19873e-10
0.45,0.45,0.05 74.0028
0.45,0.45,0.1 345.052
0.45,0.45,0.15 518.276
0.45,0.45,0.2 441.754
0.45,0.45,0.25 582.253
0.45,0.45,0.3 548.025
0.45,0.45,0.35 260.104
0.45,0.45,0.4 64.5082
0.45,0.45,0.45 0.370044
0.45,0.5,0 8.34615e-10
0.45,0.5,0.05 115.408
0.45,0.5,0.1 490.093
0.45,0.5,0.15 423.408
0.45,0.5,0.2 648.167
0.45,0.5,0.25 489.677
0.45,0.5,0.3 972.239
0.45,0.5,0.35 528.914
0.45,0.5,0.4 119.23
0.45,0.5,0.45 3.21378
0.45,0.55,0 4.47662e-09
0.45,0.55,0.05 109.878
0.45,0.55,0.1 456.969
0.45,0.55,0.15 360.464
0.45,0.55,0.2 654.748
0.45,0.55,0.25 340.11
0.45,0.55,0.3 752.885
0.45,0.55,0.35 533.228
0.45,0.55,0.4 218.88
0.45,0.55,0.45 7.26835
0.45,0.6,0 1.47217e-08
0.45,0.6,0.05 143.698
0.45,0.6,0.1 577.242
0.45,0.6,0.15 376.991
0.45,0.6,0.2 732.925
0.45,0.6,0.25 270.441
0.45,0.6,0.3 68.2185
0.45,0.6,0.35 53.0137
0.45,0.6,0.4 31.1576
0.45,0.6,0.45 1.0436
0.45,0.65,0 4.85193e-09
0.45,0.65,0.05 94.0174
0.45,0.65,0.1 376.439
0.45,0.65,0.15 192.117
0.45,0.65,0.2 328.915
0.45,0.65,0.25 107.106
0.45,0.65,0.3 27.848
0.45,0.65,0.35 2.69335
0.45,0.65,0.4 0.0624852
0.45,0.65,0.45 0.00134009
0.45,0.7,0 2.56568e-10
0.45,0.7,0.05 9.39457
0.45,0.7,0.1 41.9785
0.45,0.7,0.15 25.0553
0.45,0.7,0.2 55.9176
0.45,0.7,0.25 54.573
0.45,0.7,0.3 9.20935
0.45,0.7,0.35 0.560626
0.45,0.7,0.4 0.0231044
0.45,0.7,0.45 0.000495507
0.45,0.75,0 2.42916e-07
0.45,0.75,0.05 25.0872
0.45,0.75,0.1 108.726
0.45,0.75,0.15 48.2388
0.45,0.75,0.2 158.763
0.45,0.75,0.25 229.475
0.45,0.75,0.3 18.5607
0.45,0.75,0.35 5.21658e-05
0.45,0.75,0.4 3.71458e-05
0.45,0.75,0.45 7.96646e-07
0.45,0.8,0 7.85732e-07
0.45,0.8,0.05 80.9739
0.45,0.8,0.1 322.947
0.45,0.8,0.15 83.9404
0.45,0.8,0.2 56.8298
0.45,0.8,0.25 82.3338
0.45,0.8,0.3 6.58629
0.45,0.85,0 1.58594e-07
0.45,0.85,0.05 16.3439
0.45,0.85,0.1 64.9579
0.45,0.85,0.15 16.1413
0.45,0.85,0.2 0.090168
0.45,0.85,0.25 0.126905
0.45,0.85,0.3 0.0101185
0.45,0.9,0 1.66874e-12
0.45,0.9,0.05 0.000257712
0.45,0.9,0.1 0.00102509
0.45,0.9,0.15 0.00025484
0.5,0.05,0.15 0.0012635
0.5,0.05,0.2 0.0249479
0.5,0.05,0.25 1.44823
0.5,0.05,0.3 3.71314
0.5,0.05,0.35 0.594843
0.5,0.1,0 1.49012e-13
0.5,0.1,0.05 5.56355
0.5,0.1,0.1 22.3164
0.5,0.1,0.15 13.0474
0.5,0.1,0.2 24.4139
0.5,0.1,0.25 102.751
0.5,0.1,0.3 159.711
0.5,0.1,0.35 21.4017
0.5,0.15,0 9.56079e-11
0.5,0.15,0.05 38.6123
0.5,0.15,0.1 156.641
0.5,0.15,0.15 202.277
0.5,0.15,0.2 504.197
0.5,0.15,0.25 639.27
0.5,0.15,0.3 595.48
0.5,0.15,0.35 70.1297
0.5,0.2,0 8.30385e-10
0.5,0.2,0.05 114.775
0.5,0.2,0.1 470.378
0.5,0.2,0.15 457.271
0.5,0.2,0.2 805.717
0.5,0.2,0.25 590.393
0.5,0.2,0.3 361.177
0.5,0.2,0.35 45.2916
0.5,0.25,0 5.56059e-10
0.5,0.25,0.05 100.436
0.5,0.25,0.1 413.637
0.5,0.25,0.15 320.497
0.5,0.25,0.2 401.275
0.5,0.25,0.25 363.59
0.5,0.25,0.3 83.7138
0.5,0.25,0.35 2.36717
0.5,0.3,0 3.46971e-10
0.5,0.3,0.05 158.732
0.5,0.3,0.1 683.64
0.5,0.3,0.15 797.485
0.5,0.3,0.2 595.115
0.5,0.3,0.25 172.009
0.5,0.3,0.3 52.5731
0.5,0.3,0.35 45.3233
0.5,0.3,0.4 7.05923
0.5,0.35,0 1.1711e-09
0.5,0.35,0.05 184.536
0.5,0.35,0.1 767.675
0.5,0.35,0.15 606.263
0.5,0.35,0.2 558.401
0.5,0.35,0.25 145.962
0.5,0.35,0.3 240.761
0.5,0.35,0.35 402.628
0.5,0.35,0.4 54.9408
0.5,0.4,0 1.06657e-09
0.5,0.4,0.05 97.1098
0.5,0.4,0.1 396.695
0.5,0.4,0.15 311.259
0.5,0.4,0.2 377.876
0.5,0.4,0.25 273.933
0.5,0.4,0.3 651.743
0.5,0.4,0.35 437.219
0.5,0.4,0.4 30.82
0.5,0.4,0.45 4.88966e-05
0.5,0.45,0 1.66914e-09
0.5,0.45,0.05 106.812
0.5,0.45,0.1 439.958
0.5,0.45,0.15 380.009
0.5,0.45,0.2 441.237
0.5,0.45,0.25 555.369
0.5,0.45,0.3 355.121
0.5,0.45,0.35 99.6239
0.5,0.45,0.4 1.89117
0.5,0.45,0.45 0.00886136
0.5,0.5,0 5.01305e-09
0.5,0.5,0.05 145.991
0.5,0.5,0.1 586.729
0.5,0.5,0.15 373.623
0.5,0.5,0.2 545.92
0.5,0.5,0.25 264.557
0.5,0.5,0.3 222.542
0.5,0.5,0.35 148.026
0.5,0.5,0.4 70.0004
0.5,0.5,0.45 2.33771
0.5,0.55,0 6.35302e-09
0.5,0.55,0.05 177.253
0.5,0.55,0.1 718.567
0.5,0.55,0.15 641.223
0.5,0.55,0.2 816.839
0.5,0.55,0.25 154.328
0.5,0.55,0.3 243.163
0.5,0.55,0.35 263.214
0.5,0.55,0.4 164.078
0.5,0.55,0.45 5.49485
0.5,0.6,0 3.50025e-09
0.5,0.6,0.05 96.0384
0.5,0.6,0.1 392.677
0.5,0.6,0.15 437.838
0.5,0.6,0.2 537.269
0.5,0.6,0.25 73.0395
0.5,0.6,0.3 26.4817
0.5,0.6,0.35 34.1032
0.5,0.6,0.4 23.535
0.5,0.6,0.45 0.788799
0.5,0.65,0 2.35742e-09
0.5,0.65,0.05 114.51
0.5,0.65,0.1 461.968
0.5,0.65,0.15 237.39
0.5,0.65,0.2 173.824
0.5,0.65,0.25 17.4591
0.5,0.65,0.3 0.0321886
0.5,0.7,0 5.67027e-10
0.5,0.7,0.05 31.0052
0.5,0.7,0.1 196.932
0.5,0.7,0.15 298.917
0.5,0.7,0.2 148.346
0.5,0.7,0.25 8.21929
0.5,0.7,0.3 0.08886
0.5,0.75,0 1.82803e-08
0.5,0.75,0.05 9.28502
0.5,0.75,0.1 174.587
0.5,0.75,0.15 314.594
0.5,0.75,0.2 53.5766
0.5,0.75,0.25 7.19731
0.5,0.75,0.3 0.52763
0.5,0.8,0 1.78869e-07
0.5,0.8,0.05 31.9996
0.5,0.8,0.1 144.062
0.5,0.8,0.15 67.5173
0.5,0.8,0.2 6.19903
0.5,0.8,0.25 2.43064
0.5,0.8,0.3 0.194041
0.5,0.85,0 1.65992e-07
0.5,0.85,0.05 25.4838
0.5,0.85,0.1 101.369
0.5,0.85,0.15 25.2018
0.5,0.85,0.2 0.00256199
0.5,0.85,0.25 0.00376175
0.5,0.85,0.3 0.000300304
0.5,0.9,0 8.96276e-09
0.5,0.9,0.05 1.38416
0.5,0.9,0.1 5.50572
0.5,0.9,0.15 1.36874
0.55,0.05,0.2 1.71126e-05
0.55,0.05,0.25 0.0081363
0.55,0.05,0.3 0.0211287
0.55,0.05,0.35 0.00338534
0.55,0.1,0 4.15913e-12
0.55,0.1,0.05 0.0990083
0.55,0.1,0.1 1.609
0.55,0.1,0.15 22.7385
0.55,0.1,0.2 26.2027
0.55,0.1,0.25 44.7328
0.55,0.1,0.3 32.6582
0.55,0.1,0.35 1.63503
0.55,0.15,0 1.18148e-09
0.55,0.15,0.05 30.4361
0.55,0.15,0.1 130.664
0.55,0.15,0.15 213.416
0.55,0.15,0.2 293.978
0.55,0.15,0.25 376.293
0.55,0.15,0.3 295.371
0.55,0.15,0.35 25.7667
0.55,0.2,0 3.02876e-09
0.55,0.2,0.05 104.444
0.55,0.2,0.1 440.012
0.55,0.2,0.15 574.051
0.55,0.2,0.2 736.4
0.55,0.2,0.25 374.618
0.55,0.2,0.3 304.205
0.55,0.2,0.35 40.8089
0.55,0.25,0 6.16644e-10
0.55,0.25,0.05 61.5785
0.55,0.25,0.1 274.868
0.55,0.25,0.15 563.84
0.55,0.25,0.2 668.714
0.55,0.25,0.25 791.969
0.55,0.25,0.3 481.673
0.55,0.25,0.35 42.5
0.55,0.25,0.4 0.00338283
0.55,0.3,0 3.49576e-10
0.55,0.3,0.05 102.286
0.55,0.3,0.1 433.204
0.55,0.3,0.15 483.49
0.55,0.3,0.2 564.452
0.55,0.3,0.25 678.912
0.55,0.3,0.3 296.593
0.55,0.3,0.35 41.6126
0.55,0.3,0.4 4.14044
0.55,0.35,0 1.66588e-09
0.55,0.35,0.05 147.789
0.55,0.35,0.1 602.001
0.55,0.35,0.15 238.734
0.55,0.35,0.2 207.864
0.55,0.35,0.25 90.7239
0.55,0.35,0.3 106.682
0.55,0.35,0.35 204.759
0.55,0.35,0.4 30.906
0.55,0.4,0 1.13909e-09
0.55,0.4,0.05 78.4449
0.55,0.4,0.1 317.137
0.55,0.4,0.15 128.66
0.55,0.4,0.2 114.762
0.55,0.4,0.25 127.326
0.55,0.4,0.3 121.782
0.55,0.4,0.35 110.786
0.55,0.4,0.4 14.1648
0.55,0.45,0 1.94604e-09
0.55,0.45,0.05 112.884
0.55,0.45,0.1 453.468
0.55,0.45,0.15 286.473
0.55,0.45,0.2 458.851
0.55,0.45,0.25 404.793
0.55,0.45,0.3 109.965
0.55,0.45,0.35 10.1402
0.55,0.45,0.4 0.110426
0.55,0.45,0.45 0.000212211
0.55,0.5,0 2.97876e-09
0.55,0.5,0.05 100.754
0.55,0.5,0.1 410.505
0.55,0.5,0.15 492.981
0.55,0.5,0.2 760.873
0.55,0.5,0.25 174.033
0.55,0.5,0.3 18.5882
0.55,0.5,0.35 2.18261
0.55,0.5,0.4 1.72197
0.55,0.5,0.45 0.0577188
0.55,0.55,0 4.29293e-09
0.55,0.55,0.05 85.3651
0.55,0.55,0.1 389.805
0.55,0.55,0.15 669.913
0.55,0.55,0.2 773.066
0.55,0.55,0.25 148.746
0.55,0.55,0.3 8.65364
0.55,0.55,0.35 4.94949
0.55,0.55,0.4 4.04769
0.55,0.55,0.45 0.135675
0.55,0.6,0 4.28921e-09
0.55,0.6,0.05 89.212
0.55,0.6,0.1 391.336
0.55,0.6,0.15 419.369
0.55,0.6,0.2 359.122
0.55,0.6,0.25 78.3065
0.55,0.6,0.3 4.08862
0.55,0.6,0.35 0.708428
0.55,0.6,0.4 0.581054
0.55,0.6,0.45 0.0194764
0.55,0.65,0 8.54032e-10
0.55,0.65,0.05 60.0754
0.55,0.65,0.1 274.823
0.55,0.65,0.15 484.14
0.55,0.65,0.2 568.314
0.55,0.65,0.25 70.4279
0.55,0.65,0.3 0.275693
0.55,0.7,0 1.304e-10
0.55,0.7,0.05 41.4567
0.55,0.7,0.1 338.194
0.55,0.7,0.15 765.627
0.55,0.7,0.2 679.775
0.55,0.7,0.25 60.5755
0.55,0.7,0.3 0.0148223
0.55,0.75,0 1.43001e-08
0.55,0.75,0.05 80.012
0.55,0.75,0.1 539.321
0.55,0.75,0.15 459.304
0.55,0.75,0.2 79.5952
0.55,0.75,0.25 3.65584
0.55,0.8,0 4.45858e-07
0.55,0.8,0.05 145.671
0.55,0.8,0.1 601.766
0.55,0.8,0.15 180.424
0.55,0.8,0.2 3.77014
0.55,0.85,0 5.23551e-07
0.55,0.85,0.05 89.3176
0.55,0.85,0.1 355.453
0.55,0.85,0.15 88.4116
0.55,0.9,0 2.99179e-08
0.55,0.9,0.05 5.75641
0.55,0.9,0.1 22.9211
0.55,0.9,0.15 5.70429
0.55,0.95,0 9.51499e-18
0.55,0.95,0.05 1.11451e-05
0.55,0.95,0.1 4.45676e-05
0.55,0.95,0.15 1.11387e-05
0.6,0.1,0 5.01189e-12
0.6,0.1,0.05 0.11892
0.6,0.1,0.1 3.66676
0.6,0.1,0.15 58.5801
0.6,0.1,0.2 51.3379
0.6,0.1,0.25 3.02565
0.6,0.1,0.3 0.872951
0.6,0.1,0.35 0.0226964
0.6,0.15,0 1.39666e-09
0.6,0.15,0.05 35.2111
0.6,0.15,0.1 161.431
0.6,0.15,0.15 419.665
0.6,0.15,0.2 343.331
0.6,0.15,0.25 25.5178
0.6,0.15,0.3 8.88451
0.6,0.15,0.35 0.433277
0.6,0.2,0 3.32489e-09
0.6,0.2,0.05 137.595
0.6,0.2,0.1 567.475
0.6,0.2,0.15 406.438
0.6,0.2,0.2 266.835
0.6,0.2,0.25 188.93
0.6,0.2,0.3 211.203
0.6,0.2,0.35 30.2949
0.6,0.25,0 5.08716e-10
0.6,0.25,0.05 82.4645
0.6,0.25,0.1 440.991
0.6,0.25,0.15 623.829
0.6,0.25,0.2 487.491
0.6,0.25,0.25 704.814
0.6,0.25,0.3 578.703
0.6,0.25,0.35 80.4495
0.6,0.25,0.4 0.0489044
0.6,0.3,0 1.02468e-10
0.6,0.3,0.05 33.4458
0.6,0.3,0.1 294.475
0.6,0.3,0.15 556.423
0.6,0.3,0.2 706.975
0.6,0.3,0.25 754.355
0.6,0.3,0.3 524.119
0.6,0.3,0.35 135.17
0.6,0.3,0.4 0.476832
0.6,0.35,0 5.7752e-10
0.6,0.35,0.05 122.579
0.6,0.35,0.1 685.692
0.6,0.35,0.15 364.429
0.6,0.35,0.2 305.118
0.6,0.35,0.25 155.16
0.6,0.35,0.3 165.577
0.6,0.35,0.35 67.0142
0.6,0.35,0.4 0.602649
0.6,0.4,0 2.65865e-10
0.6,0.4,0.05 63.7595
0.6,0.4,0.1 321.662
0.6,0.4,0.15 173.257
0.6,0.4,0.2 172.227
0.6,0.4,0.25 35.2697
0.6,0.4,0.3 3.37854
0.6,0.4,0.35 1.64579
0.6,0.4,0.4 0.175933
0.6,0.45,0 9.10832e-10
0.6,0.45,0.05 154.998
0.6,0.45,0.1 620.518
0.6,0.45,0.15 380.591
0.6,0.45,0.2 593.699
0.6,0.45,0.25 124.518
0.6,0.45,0.3 5.68534
0.6,0.45,0.35 0.0055661
0.6,0.45,0.4 0.000871291
0.6,0.5,0 1.86441e-09
0.6,0.5,0.05 144.22
0.6,0.5,0.1 583.68
0.6,0.5,0.15 392.925
0.6,0.5,0.2 581.905
0.6,0.5,0.25 144.751
0.6,0.5,0.3 5.11715
0.6,0.55,0 5.17616e-10
0.6,0.55,0.05 20.699
0.6,0.55,0.1 150.668
0.6,0.55,0.15 452.278
0.6,0.55,0.2 516.485
0.6,0.55,0.25 373.708
0.6,0.55,0.3 33.0536
0.6,0.6,0 3.70083e-10
0.6,0.6,0.05 11.6083
0.6,0.6,0.1 114.935
0.6,0.6,0.15 570.856
0.6,0.6,0.2 670.276
0.6,0.6,0.25 320.242
0.6,0.6,0.3 18.4603
0.6,0.65,0 3.70421e-11
0.6,0.65,0.05 78.682
0.6,0.65,0.1 432.545
0.6,0.65,0.15 786.889
0.6,0.65,0.2 869.824
0.6,0.65,0.25 216.322
0.6,0.65,0.3 2.25398
0.6,0.7,0 3.41557e-12
0.6,0.7,0.05 81.6314
0.6,0.7,0.1 584.547
0.6,0.7,0.15 850.489
0.6,0.7,0.2 548.407
0.6,0.7,0.25 62.8985
0.6,0.7,0.3 0.127501
0.6,0.75,0 3.47347e-09
0.6,0.75,0.05 93.1607
0.6,0.75,0.1 582.597
0.6,0.75,0.15 373.134
0.6,0.75,0.2 44.8372
0.6,0.75,0.25 2.52415
0.6,0.8,0 9.40025e-08
0.6,0.8,0.05 158.116
0.6,0.8,0.1 661.387
0.6,0.8,0.15 205.933
0.6,0.8,0.2 4.73478
0.6,0.8,0.25 1.97921e-07
0.6,0.85,0 1.09315e-07
0.6,0.85,0.05 109.329
0.6,0.85,0.1 437.337
0.6,0.85,0.15 110.165
0.6,0.85,0.2 0.131921
0.6,0.9,0 6.2527e-09
0.6,0.9,0.05 22.1589
0.6,0.9,0.1 88.5901
0.6,0.9,0.15 22.1361
0.6,0.95,0 1.77506e-16
0.6,0.95,0.05 0.000207916
0.6,0.95,0.1 0.000831427
0.6,0.95,0.15 0.000207798
0.65,0.1,0 2.98334e-13
0.65,0.1,0.05 0.00709085
0.65,0.1,0.1 1.47092
0.65,0.1,0.15 28.379
0.65,0.1,0.2 25.9573
0.65,0.1,0.25 0.957975
0.65,0.15,0 8.37707e-11
0.65,0.15,0.05 5.06898
0.65,0.15,0.1 38.6381
0.65,0.15,0.15 311.38
0.65,0.15,0.2 282.647
0.65,0.15,0.25 23.3108
0.65,0.15,0.3 5.61463
0.65,0.15,0.35 0.037322
0.65,0.2,0 2.15954e-10
0.65,0.2,0.05 55.6068
0.65,0.2,0.1 258.622
0.65,0.2,0.15 284.94
0.65,0.2,0.2 231.534
0.65,0.2,0.25 294.623
0.65,0.2,0.3 137.325
0.65,0.2,0.35 3.30561
0.65,0.25,0 5.04029e-11
0.65,0.25,0.05 68.1526
0.65,0.25,0.1 466.395
0.65,0.25,0.15 416.082
0.65,0.25,0.2 246.755
0.65,0.25,0.25 364.532
0.65,0.25,0.3 185.972
0.65,0.25,0.35 17.4345
0.65,0.25,0.4 0.0367895
0.65,0.3,0 1.6922e-12
0.65,0.3,0.05 30.1172
0.65,0.3,0.1 389.301
0.65,0.3,0.15 716.02
0.65,0.3,0.2 649.703
0.65,0.3,0.25 256.302
0.65,0.3,0.3 245.927
0.65,0.3,0.35 95.08
0.65,0.3,0.4 0.320268
0.65,0.35,0 1.48764e-10
0.65,0.35,0.05 95.913
0.65,0.35,0.1 648.632
0.65,0.35,0.15 472.202
0.65,0.35,0.2 224.182
0.65,0.35,0.25 67.6736
0.65,0.35,0.3 116.776
0.65,0.35,0.35 48.5307
0.65,0.35,0.4 0.164931
0.65,0.4,0 6.33391e-10
0.65,0.4,0.05 84.6712
0.65,0.4,0.1 427.222
0.65,0.4,0.15 160.82
0.65,0.4,0.2 41.8102
0.65,0.4,0.25 6.61271
0.65,0.4,0.3 0.958683
0.65,0.4,0.35 0.401305
0.65,0.4,0.4 0.00136386
0.65,0.45,0 4.45457e-10
0.65,0.45,0.05 159.077
0.65,0.45,0.1 637.334
0.65,0.45,0.15 231.884
0.65,0.45,0.2 271.267
0.65,0.45,0.25 74.1285
0.65,0.45,0.3 0.0628065
0.65,0.5,0 3.89155e-10
0.65,0.5,0.05 93.5506
