0,0.5,0.2 2.98732e-15
0,0.5,0.25 3.17039e-14
0,0.5,0.3 1.91042e-14
0,0.5,0.35 2.62903e-16
0,0.55,0.2 8.5664e-14
0,0.55,0.25 9.09135e-13
0,0.55,0.3 5.47829e-13
0,0.55,0.35 7.53896e-15
0,0.6,0.2 9.62989e-14
0,0.6,0.25 1.022e-12
0,0.6,0.3 6.1584e-13
0,0.6,0.35 8.47489e-15
0,0.65,0.2 5.12343e-15
0,0.65,0.25 5.4374e-14
0,0.65,0.3 3.27649e-14
0,0.65,0.35 4.50894e-16
0.05,0.1,0.05 0.150206
0.05,0.1,0.1 8.23208
0.05,0.1,0.15 12.331
0.05,0.1,0.2 1.01378
0.05,0.1,0.25 0.000230954
0.05,0.15,0 1.83915e-16
0.05,0.15,0.05 0.820109
0.05,0.15,0.1 44.9422
0.05,0.15,0.15 69.4914
0.05,0.15,0.2 10.2511
0.05,0.15,0.25 0.615823
0.05,0.15,0.3 0.0382765
0.05,0.15,0.35 0.0792816
0.05,0.15,0.4 0.0103667
0.05,0.2,0 6.19752e-15
0.05,0.2,0.05 0.31016
0.05,0.2,0.1 15.4178
0.05,0.2,0.15 29.8845
0.05,0.2,0.2 17.4351
0.05,0.2,0.25 14.383
0.05,0.2,0.3 16.1444
0.05,0.2,0.35 6.23127
0.05,0.2,0.4 0.725049
0.05,0.25,0 5.6899e-14
0.05,0.25,0.05 0.366828
0.05,0.25,0.1 1.48923
0.05,0.25,0.15 2.86576
0.05,0.25,0.2 7.26126
0.05,0.25,0.25 43.1519
0.05,0.25,0.3 50.5518
0.05,0.25,0.35 11.434
0.05,0.25,0.4 1.18746
0.05,0.3,0 3.84023e-14
0.05,0.3,0.05 0.250637
0.05,0.3,0.1 1.00556
0.05,0.3,0.15 1.41322
0.05,0.3,0.2 3.21996
0.05,0.3,0.25 9.46255
0.05,0.3,0.3 10.2681
0.05,0.3,0.35 1.34355
0.05,0.3,0.4 0.109965
0.05,0.35,0 2.9298e-10
0.05,0.35,0.05 1.34787
0.05,0.35,0.1 5.38195
0.05,0.35,0.15 1.39852
0.05,0.35,0.2 0.137883
0.05,0.35,0.25 0.0210546
0.05,0.4,0 1.17859e-09
0.05,0.4,0.05 5.4024
0.05,0.4,0.1 21.5725
0.05,0.4,0.15 5.47346
0.05,0.4,0.2 0.236559
0.05,0.4,0.25 0.0530079
0.05,0.4,0.3 1.27451e-06
0.05,0.45,0 2.96394e-10
0.05,0.45,0.05 1.40132
0.05,0.45,0.1 5.63324
0.05,0.45,0.15 15.7013
0.05,0.45,0.2 57.5325
0.05,0.45,0.25 15.0255
0.05,0.45,0.3 0.0126192
0.05,0.45,0.35 0.000769537
0.05,0.45,0.4 0.00021792
0.05,0.45,0.45 6.78275e-06
0.05,0.5,0 1.42835e-12
0.05,0.5,0.05 0.876939
0.05,0.5,0.1 3.54112
0.05,0.5,0.15 34.7376
0.05,0.5,0.2 140.313
0.05,0.5,0.25 40.6473
0.05,0.5,0.3 2.99027
0.05,0.5,0.35 0.0915042
0.05,0.5,0.4 0.00258289
0.05,0.5,0.45 8.00658e-05
0.05,0.55,0 1.33311e-12
0.05,0.55,0.05 0.818467
0.05,0.55,0.1 3.27399
0.05,0.55,0.15 6.15197
0.05,0.55,0.2 30.4038
0.05,0.55,0.25 73.2843
0.05,0.55,0.3 41.1775
0.05,0.55,0.35 0.855213
0.05,0.55,0.4 0.00357596
0.05,0.55,0.45 5.22388e-05
0.05,0.6,0 5.10195e-14
0.05,0.6,0.05 0.0313236
0.05,0.6,0.1 0.12525
0.05,0.6,0.15 0.4052
0.05,0.6,0.2 11.2956
0.05,0.6,0.25 73.5003
0.05,0.6,0.3 45.9353
0.05,0.6,0.35 5.32179
0.05,0.6,0.4 0.399401
0.05,0.6,0.45 8.97239e-07
0.05,0.65,0.15 0.804925
0.05,0.65,0.2 7.23727
0.05,0.65,0.25 7.35787
0.05,0.65,0.3 10.7865
0.05,0.65,0.35 13.7881
0.05,0.65,0.4 1.25911
0.05,0.7,0.15 9.69701
0.05,0.7,0.2 81.4354
0.05,0.7,0.25 40.7306
0.05,0.7,0.3 1.97205
0.05,0.7,0.35 2.71886
0.05,0.7,0.4 0.249709
0.05,0.75,0.15 6.60273
0.05,0.75,0.2 55.4497
0.05,0.75,0.25 27.7171
0.05,0.75,0.3 0.205323
0.05,0.8,0.15 0.12672
0.05,0.8,0.2 1.06419
0.05,0.8,0.25 0.531949
0.05,0.8,0.3 0.00394057
0.1,0,0.1 2.01027e-19
0.1,0,0.15 6.84176e-17
0.1,0,0.2 1.67834e-16
0.1,0,0.25 2.52659e-17
0.1,0.05,0.1 2.64753e-06
0.1,0.05,0.15 0.000901064
0.1,0.05,0.2 0.232881
0.1,0.05,0.25 1.83222
0.1,0.05,0.3 0.873567
0.1,0.05,0.35 0.0053797
0.1,0.1,0.05 0.773066
0.1,0.1,0.1 42.3681
0.1,0.1,0.15 63.4975
0.1,0.1,0.2 6.54688
0.1,0.1,0.25 7.85522
0.1,0.1,0.3 3.67987
0.1,0.1,0.35 0.0468738
0.1,0.1,0.4 3.23704e-06
0.1,0.15,0 1.61724e-12
0.1,0.15,0.05 7.01049
0.1,0.15,0.1 242.635
0.1,0.15,0.15 392.695
0.1,0.15,0.2 127.053
0.1,0.15,0.25 19.7512
0.1,0.15,0.3 7.58864
0.1,0.15,0.35 3.71045
0.1,0.15,0.4 0.272466
0.1,0.2,0 1.6235e-11
0.1,0.2,0.05 31.8908
0.1,0.2,0.1 201.069
0.1,0.2,0.15 292.406
0.1,0.2,0.2 330.547
0.1,0.2,0.25 130.05
0.1,0.2,0.3 165.814
0.1,0.2,0.35 152.576
0.1,0.2,0.4 19.0419
0.1,0.25,0 1.52925e-11
0.1,0.25,0.05 57.3642
0.1,0.25,0.1 229.803
0.1,0.25,0.15 151.713
0.1,0.25,0.2 236.959
0.1,0.25,0.25 318.551
0.1,0.25,0.3 417.414
0.1,0.25,0.35 253.88
0.1,0.25,0.4 31.1856
0.1,0.3,0 4.52776e-12
0.1,0.3,0.05 29.4396
0.1,0.3,0.1 117.923
0.1,0.3,0.15 96.4898
0.1,0.3,0.2 169.019
0.1,0.3,0.25 86.3419
0.1,0.3,0.3 75.6675
0.1,0.3,0.35 25.348
0.1,0.3,0.4 2.88793
0.1,0.35,0 4.53774e-09
0.1,0.35,0.05 21.5211
0.1,0.35,0.1 85.9425
0.1,0.35,0.15 24.6431
0.1,0.35,0.2 7.94491
0.1,0.35,0.25 1.21318
0.1,0.4,0 1.82539e-08
0.1,0.4,0.05 83.6724
0.1,0.4,0.1 334.346
0.1,0.4,0.15 89.3922
0.1,0.4,0.2 7.07797
0.1,0.4,0.25 0.628167
0.1,0.4,0.3 0.000154259
0.1,0.45,0 4.60812e-09
0.1,0.45,0.05 24.3129
0.1,0.45,0.1 101.838
0.1,0.45,0.15 208.985
0.1,0.45,0.2 434.709
0.1,0.45,0.25 92.9717
0.1,0.45,0.3 1.04135
0.1,0.45,0.35 6.57697
0.1,0.45,0.4 5.51037
0.1,0.45,0.45 0.17151
0.1,0.5,0 1.3659e-10
0.1,0.5,0.05 49.3893
0.1,0.5,0.1 202.347
0.1,0.5,0.15 353.996
0.1,0.5,0.2 905.408
0.1,0.5,0.25 305.191
0.1,0.5,0.3 93.0449
0.1,0.5,0.35 84.9731
0.1,0.5,0.4 65.5244
0.1,0.5,0.45 2.02498
0.1,0.55,0 8.49183e-11
0.1,0.55,0.05 43.102
0.1,0.55,0.1 174.143
0.1,0.55,0.15 140.571
0.1,0.55,0.2 347.668
0.1,0.55,0.25 550.502
0.1,0.55,0.3 428.699
0.1,0.55,0.35 166.589
0.1,0.55,0.4 50.9224
0.1,0.55,0.45 1.32222
0.1,0.6,0 2.61046e-12
0.1,0.6,0.05 2.21207
0.1,0.6,0.1 13.4848
0.1,0.6,0.15 27.9126
0.1,0.6,0.2 223.019
0.1,0.6,0.25 451.175
0.1,0.6,0.3 430.363
0.1,0.6,0.35 228.276
0.1,0.6,0.4 16.1283
0.1,0.6,0.45 0.022941
0.1,0.65,0.05 0.513094
0.1,0.65,0.1 11.2632
0.1,0.65,0.15 27.7601
0.1,0.65,0.2 55.9309
0.1,0.65,0.25 52.1685
0.1,0.65,0.3 203.182
0.1,0.65,0.35 283.655
0.1,0.65,0.4 25.2051
0.1,0.7,0.05 0.0321277
0.1,0.7,0.1 17.7011
0.1,0.7,0.15 101.251
0.1,0.7,0.2 367.219
0.1,0.7,0.25 203.739
0.1,0.7,0.3 62.9437
0.1,0.7,0.35 54.8852
0.1,0.7,0.4 4.94001
0.1,0.75,0.05 0.00329505
0.1,0.75,0.1 3.53525
0.1,0.75,0.15 41.9059
0.1,0.75,0.2 235.028
0.1,0.75,0.25 123.232
0.1,0.75,0.3 9.08081
0.1,0.75,0.35 0.248742
0.1,0.8,0.1 0.0497922
0.1,0.8,0.15 3.23042
0.1,0.8,0.2 8.55056
0.1,0.8,0.25 2.88092
0.1,0.8,0.3 0.0652106
0.1,0.8,0.35 7.15034e-05
0.1,0.85,0.1 0.00147242
0.1,0.85,0.15 0.0812481
0.1,0.85,0.2 0.208275
0.1,0.85,0.25 0.176787
0.1,0.85,0.3 0.018661
0.1,0.9,0.15 2.23455e-06
0.1,0.9,0.2 0.000249708
0.1,0.9,0.25 0.00047423
0.1,0.9,0.3 5.30165e-05
0.15,0,0.1 2.5992e-15
0.15,0,0.15 8.84613e-13
0.15,0,0.2 2.17003e-12
0.15,0,0.25 3.26679e-13
0.15,0.05,0 3.77742e-13
0.15,0.05,0.05 0.00767793
0.15,0.05,0.1 0.0649096
0.15,0.05,0.15 11.6581
0.15,0.05,0.2 36.5597
0.15,0.05,0.25 67.1589
0.15,0.05,0.3 29.8104
0.15,0.05,0.35 0.181188
0.15,0.1,0 2.55832e-10
0.15,0.1,0.05 5.44799
0.15,0.1,0.1 34.5059
0.15,0.1,0.15 72.7673
0.15,0.1,0.2 161.237
0.15,0.1,0.25 290.108
0.15,0.1,0.3 126.395
0.15,0.1,0.35 1.43477
0.15,0.1,0.4 9.0019e-05
0.15,0.15,0 7.0896e-10
0.15,0.15,0.05 25.3288
0.15,0.15,0.1 170.286
0.15,0.15,0.15 206.802
0.15,0.15,0.2 329.426
0.15,0.15,0.25 274.535
0.15,0.15,0.3 200.484
0.15,0.15,0.35 49.7165
0.15,0.15,0.4 0.298441
0.15,0.2,0 2.0535e-10
0.15,0.2,0.05 104.585
0.15,0.2,0.1 442.509
0.15,0.2,0.15 393.963
0.15,0.2,0.2 717.533
0.15,0.2,0.25 356.733
0.15,0.2,0.3 428.94
0.15,0.2,0.35 239.637
0.15,0.2,0.4 20.4665
0.15,0.25,0 6.20458e-11
0.15,0.25,0.05 149.867
0.15,0.25,0.1 599.921
0.15,0.25,0.15 342.884
0.15,0.25,0.2 512.127
0.15,0.25,0.25 449.059
0.15,0.25,0.3 419.741
0.15,0.25,0.35 273.365
0.15,0.25,0.4 33.5044
0.15,0.3,0 1.0722e-11
0.15,0.3,0.05 110.086
0.15,0.3,0.1 440.576
0.15,0.3,0.15 213.907
0.15,0.3,0.2 265.343
0.15,0.3,0.25 123.472
0.15,0.3,0.3 72.033
0.15,0.3,0.35 25.5318
0.15,0.3,0.4 3.10258
0.15,0.35,0 3.57402e-09
0.15,0.35,0.05 35.8109
0.15,0.35,0.1 143.134
0.15,0.35,0.15 40.6611
0.15,0.35,0.2 12.2188
0.15,0.35,0.25 1.87392
0.15,0.35,0.3 1.53844e-08
0.15,0.4,0 1.43752e-08
0.15,0.4,0.05 65.9357
0.15,0.4,0.1 270.194
0.15,0.4,0.15 109.508
0.15,0.4,0.2 23.8285
0.15,0.4,0.25 0.882079
0.15,0.4,0.3 0.0159734
0.15,0.45,0 3.88802e-09
0.15,0.45,0.05 38.8964
0.15,0.45,0.1 200.059
0.15,0.45,0.15 512.788
0.15,0.45,0.2 486.411
0.15,0.45,0.25 116.231
0.15,0.45,0.3 12.5026
0.15,0.45,0.35 27.1811
0.15,0.45,0.4 20.1248
0.15,0.45,0.45 0.618567
0.15,0.5,0 1.23706e-09
0.15,0.5,0.05 145.905
0.15,0.5,0.1 609.979
0.15,0.5,0.15 653.614
0.15,0.5,0.2 836.438
0.15,0.5,0.25 453.529
0.15,0.5,0.3 221.924
0.15,0.5,0.35 375.643
0.15,0.5,0.4 273.862
0.15,0.5,0.45 10.2019
0.15,0.55,0 3.9691e-10
0.15,0.55,0.05 83.25
0.15,0.55,0.1 346.456
0.15,0.55,0.15 365.561
0.15,0.55,0.2 596.831
0.15,0.55,0.25 734.736
0.15,0.55,0.3 787.211
0.15,0.55,0.35 686.786
0.15,0.55,0.4 296.779
0.15,0.55,0.45 13.8599
0.15,0.6,0 3.8076e-12
0.15,0.6,0.05 23.4005
0.15,0.6,0.1 218.994
0.15,0.6,0.15 177.584
0.15,0.6,0.2 306.158
0.15,0.6,0.25 471.781
0.15,0.6,0.3 710.98
0.15,0.6,0.35 530.376
0.15,0.6,0.4 61.6406
0.15,0.6,0.45 1.85477
0.15,0.65,0.05 36.1396
0.15,0.65,0.1 291.532
0.15,0.65,0.15 300.928
0.15,0.65,0.2 182.92
0.15,0.65,0.25 164.297
0.15,0.65,0.3 344.024
0.15,0.65,0.35 290.669
0.15,0.65,0.4 23.9835
0.15,0.65,0.45 0.000100186
0.15,0.7,0 1.16068e-09
0.15,0.7,0.05 10.1435
0.15,0.7,0.1 181.943
0.15,0.7,0.15 578.033
0.15,0.7,0.2 548.911
0.15,0.7,0.25 536.901
0.15,0.7,0.3 488.735
0.15,0.7,0.35 80.5085
0.15,0.7,0.4 4.5311
0.15,0.7,0.45 5.46319e-11
0.15,0.75,0 7.07272e-09
0.15,0.75,0.05 13.3825
0.15,0.75,0.1 88.0409
0.15,0.75,0.15 278.949
0.15,0.75,0.2 388.081
0.15,0.75,0.25 216.729
0.15,0.75,0.3 110.287
0.15,0.75,0.35 5.64528
0.15,0.8,0 2.66392e-09
0.15,0.8,0.05 5.02895
0.15,0.8,0.1 32.8473
0.15,0.8,0.15 167.022
0.15,0.8,0.2 262.212
0.15,0.8,0.25 165.076
0.15,0.8,0.3 16.1277
0.15,0.8,0.35 0.000679634
0.15,0.85,0 4.85623e-12
0.15,0.85,0.05 0.00916757
0.15,0.85,0.1 1.75782
0.15,0.85,0.15 12.5054
0.15,0.85,0.2 38.1772
0.15,0.85,0.25 58.4525
0.15,0.85,0.3 6.49281
0.15,0.9,0.15 0.000777462
0.15,0.9,0.2 0.0868802
0.15,0.9,0.25 0.164998
0.15,0.9,0.3 0.0184459
0.2,0,0.1 1.21643e-14
0.2,0,0.15 3.22306e-12
0.2,0,0.2 7.76518e-12
0.2,0,0.25 1.15536e-12
0.2,0.05,0 2.59192e-12
0.2,0.05,0.05 0.0526829
0.2,0.05,0.1 0.450113
0.2,0.05,0.15 45.1325
0.2,0.05,0.2 121.535
0.2,0.05,0.25 128.609
0.2,0.05,0.3 49.357
0.2,0.05,0.35 0.236295
0.2,0.1,0 1.75541e-09
0.2,0.1,0.05 35.7443
0.2,0.1,0.1 146.369
0.2,0.1,0.15 252.676
0.2,0.1,0.2 563.31
0.2,0.1,0.25 649.74
0.2,0.1,0.3 243.876
0.2,0.1,0.35 1.782
0.2,0.1,0.4 0.000286208
0.2,0.15,0 4.92556e-09
0.2,0.15,0.05 106.224
0.2,0.15,0.1 442.578
0.2,0.15,0.15 258.337
0.2,0.15,0.2 491.317
0.2,0.15,0.25 468.259
0.2,0.15,0.3 349.313
0.2,0.15,0.35 77.493
0.2,0.15,0.4 0.15377
0.2,0.2,0 2.02103e-09
0.2,0.2,0.05 101.59
0.2,0.2,0.1 416.824
0.2,0.2,0.15 365.588
0.2,0.2,0.2 772.018
0.2,0.2,0.25 470.538
0.2,0.2,0.3 807.704
0.2,0.2,0.35 230.2
0.2,0.2,0.4 1.4104
0.2,0.25,0 7.042e-10
0.2,0.25,0.05 146.545
0.2,0.25,0.1 588.68
0.2,0.25,0.15 357.01
0.2,0.25,0.2 509.932
0.2,0.25,0.25 421.062
0.2,0.25,0.3 473.437
0.2,0.25,0.35 110.173
0.2,0.25,0.4 1.75639
0.2,0.3,0 1.80979e-11
0.2,0.3,0.05 157.407
0.2,0.3,0.1 631.447
0.2,0.3,0.15 268.026
0.2,0.3,0.2 264.757
0.2,0.3,0.25 117.567
0.2,0.3,0.3 55.865
0.2,0.3,0.35 7.31165
0.2,0.3,0.4 0.156616
0.2,0.35,0 9.75691e-11
0.2,0.35,0.05 60.4951
0.2,0.35,0.1 242.278
0.2,0.35,0.15 65.5544
0.2,0.35,0.2 13.7384
0.2,0.35,0.25 3.0017
0.2,0.35,0.3 0.0216116
0.2,0.35,0.35 0.00737831
0.2,0.35,0.4 6.34153e-06
0.2,0.4,0 3.96732e-10
0.2,0.4,0.05 30.8757
0.2,0.4,0.1 163.313
0.2,0.4,0.15 184.056
0.2,0.4,0.2 42.4435
0.2,0.4,0.25 1.06832
0.2,0.4,0.3 0.0522212
0.2,0.45,0 4.26303e-10
0.2,0.45,0.05 41.6282
0.2,0.45,0.1 313.7
0.2,0.45,0.15 758.804
0.2,0.45,0.2 375.319
0.2,0.45,0.25 157.465
0.2,0.45,0.3 31.3001
0.2,0.45,0.35 24.3973
0.2,0.45,0.4 5.99162
0.2,0.45,0.45 0.143279
0.2,0.5,0 1.18163e-09
0.2,0.5,0.05 95.8723
0.2,0.5,0.1 428.844
0.2,0.5,0.15 569.289
0.2,0.5,0.2 713.813
0.2,0.5,0.25 695.691
0.2,0.5,0.3 380.59
0.2,0.5,0.35 467.906
0.2,0.5,0.4 208.114
0.2,0.5,0.45 11.6127
0.2,0.55,0 3.10003e-10
0.2,0.55,0.05 46.7126
0.2,0.55,0.1 210.74
0.2,0.55,0.15 209.894
0.2,0.55,0.2 357.791
0.2,0.55,0.25 725.769
0.2,0.55,0.3 711.986
0.2,0.55,0.35 811.302
0.2,0.55,0.4 499.861
0.2,0.55,0.45 32.3504
0.2,0.6,0 1.34515e-12
0.2,0.6,0.05 62.0767
0.2,0.6,0.1 409.825
0.2,0.6,0.15 239.65
0.2,0.6,0.2 200.205
0.2,0.6,0.25 445.983
0.2,0.6,0.3 475.458
0.2,0.6,0.35 377.633
0.2,0.6,0.4 157.416
0.2,0.6,0.45 6.48311
0.2,0.65,0 8.59037e-12
0.2,0.65,0.05 125.455
0.2,0.65,0.1 659.958
0.2,0.65,0.15 561.977
0.2,0.65,0.2 490.458
0.2,0.65,0.25 279.632
0.2,0.65,0.3 279.963
0.2,0.65,0.35 95.6295
0.2,0.65,0.4 18.7074
0.2,0.65,0.45 0.098598
0.2,0.7,0 8.47368e-09
0.2,0.7,0.05 65.1316
0.2,0.7,0.1 397.455
0.2,0.7,0.15 760.391
0.2,0.7,0.2 594.975
0.2,0.7,0.25 546.335
0.2,0.7,0.3 718.755
0.2,0.7,0.35 88.8233
0.2,0.7,0.4 0.992386
0.2,0.7,0.45 5.37659e-08
0.2,0.75,0 5.15463e-08
0.2,0.75,0.05 126.4
0.2,0.75,0.1 569.287
0.2,0.75,0.15 632.9
0.2,0.75,0.2 744.93
0.2,0.75,0.25 363.298
0.2,0.75,0.3 158.751
0.2,0.75,0.35 15.3993
0.2,0.75,0.4 0.0120405
0.2,0.8,0 1.94138e-08
0.2,0.8,0.05 47.2084
0.2,0.8,0.1 259.169
0.2,0.8,0.15 570.165
0.2,0.8,0.2 637.924
0.2,0.8,0.25 436.104
0.2,0.8,0.3 39.9833
0.2,0.8,0.35 0.000375805
0.2,0.85,0 3.5386e-11
0.2,0.85,0.05 0.0856922
0.2,0.85,0.1 10.799
0.2,0.85,0.15 62.5388
0.2,0.85,0.2 101.209
0.2,0.85,0.25 143.642
0.2,0.85,0.3 15.9919
0.2,0.9,0.15 0.00191481
0.2,0.9,0.2 0.213978
0.2,0.9,0.25 0.406373
0.2,0.9,0.3 0.0454305
0.25,0,0.1 4.4342e-13
0.25,0,0.15 1.88157e-11
0.25,0,0.2 3.02295e-11
0.25,0,0.25 9.49296e-11
0.25,0,0.3 8.83967e-11
0.25,0,0.35 3.50098e-12
0.25,0.05,0 1.08787e-12
0.25,0.05,0.05 0.0221119
0.25,0.05,0.1 1.33983
0.25,0.05,0.15 56.4576
0.25,0.05,0.2 92.337
0.25,0.05,0.25 69.3264
0.25,0.05,0.3 31.1769
0.25,0.05,0.35 0.574423
0.25,0.1,0 7.36776e-10
0.25,0.1,0.05 15.6806
0.25,0.1,0.1 89.9445
0.25,0.1,0.15 419.062
0.25,0.1,0.2 595.122
0.25,0.1,0.25 423.654
0.25,0.1,0.3 180.149
0.25,0.1,0.35 3.76862
0.25,0.1,0.4 0.0108142
0.25,0.15,0 2.17013e-09
0.25,0.15,0.05 55.9374
0.25,0.15,0.1 416.847
0.25,0.15,0.15 555.654
0.25,0.15,0.2 520.438
