0.25,0.2,0.1 132.119
0.25,0.2,0.15 554.105
0.25,0.2,0.2 597.368
0.25,0.2,0.25 430.066
0.25,0.2,0.3 441.715
0.25,0.2,0.35 546.456
0.25,0.2,0.4 138.598
0.25,0.2,0.45 0.898781
0.25,0.25,0 4.39707e-12
0.25,0.25,0.05 47.7897
0.25,0.25,0.1 232.796
0.25,0.25,0.15 277.041
0.25,0.25,0.2 420.912
0.25,0.25,0.25 195.781
0.25,0.25,0.3 475.736
0.25,0.25,0.35 705.804
0.25,0.25,0.4 158.756
0.25,0.25,0.45 1.27854
0.25,0.3,0 4.62411e-12
0.25,0.3,0.05 37.3702
0.25,0.3,0.1 175.813
0.25,0.3,0.15 207.007
0.25,0.3,0.2 546.918
0.25,0.3,0.25 309.1
0.25,0.3,0.3 175.534
0.25,0.3,0.35 290.959
0.25,0.3,0.4 142.191
0.25,0.3,0.45 3.53337
0.25,0.35,0 1.14988e-10
0.25,0.35,0.05 70.7821
0.25,0.35,0.1 354.922
0.25,0.35,0.15 426.492
0.25,0.35,0.2 198.526
0.25,0.35,0.25 61.0759
0.25,0.35,0.3 28.9019
0.25,0.35,0.35 47.6819
0.25,0.35,0.4 37.9525
0.25,0.35,0.45 1.09644
0.25,0.4,0 4.54777e-10
0.25,0.4,0.05 98.843
0.25,0.4,0.1 445.923
0.25,0.4,0.15 430.516
0.25,0.4,0.2 199.749
0.25,0.4,0.25 91.9418
0.25,0.4,0.3 17.9918
0.25,0.4,0.35 0.766711
0.25,0.4,0.4 0.917232
0.25,0.4,0.45 0.180742
0.25,0.4,0.5 0.000342282
0.25,0.45,0 1.36661e-10
0.25,0.45,0.05 137.22
0.25,0.45,0.1 632.21
0.25,0.45,0.15 450.772
0.25,0.45,0.2 270.816
0.25,0.45,0.25 417
0.25,0.45,0.3 299.251
0.25,0.45,0.35 161.401
0.25,0.45,0.4 193.267
0.25,0.45,0.45 43.6446
0.25,0.45,0.5 0.110235
0.25,0.5,0 5.58627e-13
0.25,0.5,0.05 129.359
0.25,0.5,0.1 729.932
0.25,0.5,0.15 447.402
0.25,0.5,0.2 293.831
0.25,0.5,0.25 306.689
0.25,0.5,0.3 777.152
0.25,0.5,0.35 578.914
0.25,0.5,0.4 578.146
0.25,0.5,0.45 155.108
0.25,0.5,0.5 0.750132
0.25,0.55,0 2.03016e-09
0.25,0.55,0.05 51.146
0.25,0.55,0.1 336.065
0.25,0.55,0.15 381.572
0.25,0.55,0.2 345.855
0.25,0.55,0.25 218.66
0.25,0.55,0.3 583.407
0.25,0.55,0.35 672.071
0.25,0.55,0.4 604.126
0.25,0.55,0.45 148.244
0.25,0.55,0.5 0.329583
0.25,0.6,0 1.7001e-08
0.25,0.6,0.05 7.39619
0.25,0.6,0.1 59.9375
0.25,0.6,0.15 376.731
0.25,0.6,0.2 615.052
0.25,0.6,0.25 548.624
0.25,0.6,0.3 491.026
0.25,0.6,0.35 477.776
0.25,0.6,0.4 307.654
0.25,0.6,0.45 52.5021
0.25,0.6,0.5 0.00299223
0.25,0.65,0 9.29816e-09
0.25,0.65,0.05 64.4793
0.25,0.65,0.1 312.236
0.25,0.65,0.15 392.044
0.25,0.65,0.2 390.883
0.25,0.65,0.25 263.542
0.25,0.65,0.3 344.07
0.25,0.65,0.35 386.383
0.25,0.65,0.4 98.978
0.25,0.65,0.45 4.77176
0.25,0.65,0.5 3.08936e-06
0.25,0.7,0 1.55522e-09
0.25,0.7,0.05 91.1186
0.25,0.7,0.1 408.081
0.25,0.7,0.15 475.251
0.25,0.7,0.2 515.961
0.25,0.7,0.25 357.059
0.25,0.7,0.3 270.454
0.25,0.7,0.35 200.746
0.25,0.7,0.4 16.9471
0.25,0.7,0.45 0.0226657
0.25,0.75,0 1.56549e-10
0.25,0.75,0.05 8.95252
0.25,0.75,0.1 51.2863
0.25,0.75,0.15 221.368
0.25,0.75,0.2 708.587
0.25,0.75,0.25 513.113
0.25,0.75,0.3 299.769
0.25,0.75,0.35 178.43
0.25,0.75,0.4 6.95191
0.25,0.75,0.45 2.59012e-07
0.25,0.8,0.1 0.217193
0.25,0.8,0.15 16.6574
0.25,0.8,0.2 128.825
0.25,0.8,0.25 87.2274
0.25,0.8,0.3 63.7614
0.25,0.8,0.35 46.9218
0.25,0.8,0.4 1.67817
0.25,0.85,0.15 0.00695315
0.25,0.85,0.2 0.0692793
0.25,0.85,0.25 0.0417994
0.25,0.85,0.3 0.00710922
0.25,0.85,0.35 0.00497647
0.25,0.85,0.4 0.000178012
0.3,0.05,0 3.73392e-15
0.3,0.05,0.05 7.58951e-05
0.3,0.05,0.1 0.00930118
0.3,0.05,0.15 7.3219
0.3,0.05,0.2 46.6089
0.3,0.05,0.25 52.6609
0.3,0.05,0.3 59.1629
0.3,0.05,0.35 6.73614
0.3,0.05,0.4 0.0626939
0.3,0.1,0 2.52885e-12
0.3,0.1,0.05 0.0514011
0.3,0.1,0.1 16.1827
0.3,0.1,0.15 122.947
0.3,0.1,0.2 365.501
0.3,0.1,0.25 358.345
0.3,0.1,0.3 392.657
0.3,0.1,0.35 70.8029
0.3,0.1,0.4 1.94731
0.3,0.15,0 6.92181e-12
0.3,0.15,0.05 6.86571
0.3,0.15,0.1 81.2693
0.3,0.15,0.15 322.977
0.3,0.15,0.2 459.098
0.3,0.15,0.25 386.009
0.3,0.15,0.3 429.336
0.3,0.15,0.35 321.518
0.3,0.15,0.4 29.362
0.3,0.15,0.45 0.152766
0.3,0.2,0 1.42744e-12
0.3,0.2,0.05 64.3209
0.3,0.2,0.1 328.913
0.3,0.2,0.15 381.246
0.3,0.2,0.2 591.255
0.3,0.2,0.25 342.219
0.3,0.2,0.3 513.588
0.3,0.2,0.35 601.12
0.3,0.2,0.4 179.189
0.3,0.2,0.45 1.74774
0.3,0.25,0 9.17124e-10
0.3,0.25,0.05 63.045
0.3,0.25,0.1 429.854
0.3,0.25,0.15 331.895
0.3,0.25,0.2 366.898
0.3,0.25,0.25 211.117
0.3,0.25,0.3 480.632
0.3,0.25,0.35 593.506
0.3,0.25,0.4 184.153
0.3,0.25,0.45 2.54477
0.3,0.3,0 2.98379e-09
0.3,0.3,0.05 25.8819
0.3,0.3,0.1 165.715
0.3,0.3,0.15 283.186
0.3,0.3,0.2 472.623
0.3,0.3,0.25 469.626
0.3,0.3,0.3 509.944
0.3,0.3,0.35 516.836
0.3,0.3,0.4 264.857
0.3,0.3,0.45 7.15181
0.3,0.35,0 2.29155e-09
0.3,0.35,0.05 30.9712
0.3,0.35,0.1 200.068
0.3,0.35,0.15 657.141
0.3,0.35,0.2 539.553
0.3,0.35,0.25 167.119
0.3,0.35,0.3 127.003
0.3,0.35,0.35 113.58
0.3,0.35,0.4 76.9484
0.3,0.35,0.45 2.21952
0.3,0.35,0.5 5.47316e-08
0.3,0.4,0 8.20241e-09
0.3,0.4,0.05 103.486
0.3,0.4,0.1 483.035
0.3,0.4,0.15 734.442
0.3,0.4,0.2 510.807
0.3,0.4,0.25 96.5415
0.3,0.4,0.3 14.2701
0.3,0.4,0.35 0.717797
0.3,0.4,0.4 2.98975
0.3,0.4,0.45 1.19429
0.3,0.4,0.5 0.00471551
0.3,0.45,0 2.72059e-09
0.3,0.45,0.05 71.0672
0.3,0.45,0.1 356.153
0.3,0.45,0.15 580.871
0.3,0.45,0.2 550.027
0.3,0.45,0.25 363.401
0.3,0.45,0.3 213.051
0.3,0.45,0.35 142.96
0.3,0.45,0.4 47.6671
0.3,0.45,0.45 9.81408
0.3,0.45,0.5 0.0176049
0.3,0.5,0 1.99881e-10
0.3,0.5,0.05 73.8197
0.3,0.5,0.1 478.787
0.3,0.5,0.15 294.8
0.3,0.5,0.2 209.561
0.3,0.5,0.25 264.04
0.3,0.5,0.3 727.017
0.3,0.5,0.35 597.091
0.3,0.5,0.4 110.249
0.3,0.5,0.45 16.343
0.3,0.5,0.5 0.00429052
0.3,0.55,0 6.16108e-08
0.3,0.55,0.05 45.3315
0.3,0.55,0.1 315.793
0.3,0.55,0.15 242.66
0.3,0.55,0.2 333.081
0.3,0.55,0.25 187.76
0.3,0.55,0.3 615.027
0.3,0.55,0.35 450.891
0.3,0.55,0.4 194.607
0.3,0.55,0.45 31.7431
0.3,0.55,0.5 0.000802744
0.3,0.6,0 5.15612e-07
0.3,0.6,0.05 67.2044
0.3,0.6,0.1 279.095
0.3,0.6,0.15 266.739
0.3,0.6,0.2 675.298
0.3,0.6,0.25 446.762
0.3,0.6,0.3 629.717
0.3,0.6,0.35 486.887
0.3,0.6,0.4 520.261
0.3,0.6,0.45 74.8943
0.3,0.6,0.5 0.000294461
0.3,0.65,0 2.57486e-07
0.3,0.65,0.05 78.9156
0.3,0.65,0.1 323.875
0.3,0.65,0.15 289.781
0.3,0.65,0.2 394.951
0.3,0.65,0.25 408.19
0.3,0.65,0.3 663.899
0.3,0.65,0.35 297.314
0.3,0.65,0.4 198.042
0.3,0.65,0.45 29.2843
0.3,0.65,0.5 5.60475e-07
0.3,0.7,0 2.7104e-09
0.3,0.7,0.05 67.9686
0.3,0.7,0.1 282.083
0.3,0.7,0.15 316.207
0.3,0.7,0.2 515.688
0.3,0.7,0.25 392.349
0.3,0.7,0.3 236.817
0.3,0.7,0.35 177.768
0.3,0.7,0.4 15.2379
0.3,0.7,0.45 0.138887
0.3,0.75,0 8.54123e-11
0.3,0.75,0.05 5.81105
0.3,0.75,0.1 24.4392
0.3,0.75,0.15 69.626
0.3,0.75,0.2 501.718
0.3,0.75,0.25 402.082
0.3,0.75,0.3 156.267
0.3,0.75,0.35 82.671
0.3,0.75,0.4 2.60825
0.3,0.8,0.1 0.00443595
0.3,0.8,0.15 11.1516
0.3,0.8,0.2 108.997
0.3,0.8,0.25 65.0348
0.3,0.8,0.3 14.6616
0.3,0.8,0.35 7.0915
0.3,0.8,0.4 0.0735538
0.3,0.85,0.15 0.00868017
0.3,0.85,0.2 0.0862502
0.3,0.85,0.25 0.0493991
0.3,0.85,0.3 0.000683927
0.3,0.85,0.35 9.1075e-05
0.3,0.85,0.4 3.26742e-06
0.35,0.05,0.1 0.0156184
0.35,0.05,0.15 0.733562
0.35,0.05,0.2 4.35831
0.35,0.05,0.25 10.765
0.35,0.05,0.3 15.2991
0.35,0.05,0.35 1.46162
0.35,0.1,0.05 0.0567296
0.35,0.1,0.1 29.0017
0.35,0.1,0.15 127.071
0.35,0.1,0.2 64.8529
0.35,0.1,0.25 85.1449
0.35,0.1,0.3 137.356
0.35,0.1,0.35 19.1036
0.35,0.1,0.4 0.233161
0.35,0.15,0.05 8.0542
0.35,0.15,0.1 126.827
0.35,0.15,0.15 415.554
0.35,0.15,0.2 162.385
0.35,0.15,0.25 156.32
0.35,0.15,0.3 282.28
0.35,0.15,0.35 87.6192
0.35,0.15,0.4 4.58981
0.35,0.15,0.45 0.0178168
0.35,0.2,0 1.83637e-12
0.35,0.2,0.05 73.7635
0.35,0.2,0.1 376.408
0.35,0.2,0.15 390.068
0.35,0.2,0.2 486.723
0.35,0.2,0.25 422.577
0.35,0.2,0.3 483.013
0.35,0.2,0.35 154.872
0.35,0.2,0.4 24.5311
0.35,0.2,0.45 0.203835
0.35,0.25,0 5.5175e-09
0.35,0.25,0.05 99.1338
0.35,0.25,0.1 597.815
0.35,0.25,0.15 614.391
0.35,0.25,0.2 501.667
0.35,0.25,0.25 275.83
0.35,0.25,0.3 538.976
0.35,0.25,0.35 397.375
0.35,0.25,0.4 53.448
0.35,0.25,0.45 0.302709
0.35,0.3,0 1.7936e-08
0.35,0.3,0.05 116.653
0.35,0.3,0.1 533.655
0.35,0.3,0.15 460.093
0.35,0.3,0.2 453.953
0.35,0.3,0.25 516.947
0.35,0.3,0.3 862.31
0.35,0.3,0.35 401.554
0.35,0.3,0.4 51.7402
0.35,0.3,0.45 0.863618
0.35,0.35,0 5.97463e-09
0.35,0.35,0.05 77.7367
0.35,0.35,0.1 336.79
0.35,0.35,0.15 475.498
0.35,0.35,0.2 457.357
0.35,0.35,0.25 304.489
0.35,0.35,0.3 311.792
0.35,0.35,0.35 68.8931
0.35,0.35,0.4 9.66541
0.35,0.35,0.45 0.268407
0.35,0.35,0.5 1.48774e-06
0.35,0.4,0 9.07892e-09
0.35,0.4,0.05 162.089
0.35,0.4,0.1 744.047
0.35,0.4,0.15 789.235
0.35,0.4,0.2 510.538
0.35,0.4,0.25 57.8563
0.35,0.4,0.3 7.98773
0.35,0.4,0.35 23.2553
0.35,0.4,0.4 80.7408
0.35,0.4,0.45 31.7897
0.35,0.4,0.5 0.128191
0.35,0.45,0 4.3841e-09
0.35,0.45,0.05 96.9364
0.35,0.45,0.1 462.335
0.35,0.45,0.15 605.072
0.35,0.45,0.2 675.587
0.35,0.45,0.25 316.386
0.35,0.45,0.3 162.77
0.35,0.45,0.35 265.818
0.35,0.45,0.4 384.478
0.35,0.45,0.45 120.1
0.35,0.45,0.5 0.47856
0.35,0.5,0 2.13896e-09
0.35,0.5,0.05 95.3006
0.35,0.5,0.1 563.411
0.35,0.5,0.15 418.541
0.35,0.5,0.2 524.521
0.35,0.5,0.25 758.512
0.35,0.5,0.3 584.029
0.35,0.5,0.35 374.039
0.35,0.5,0.4 152.897
0.35,0.5,0.45 29.0669
0.35,0.5,0.5 0.111776
0.35,0.55,0 7.22365e-08
0.35,0.55,0.05 37.8126
0.35,0.55,0.1 310.783
0.35,0.55,0.15 415.621
0.35,0.55,0.2 605.548
0.35,0.55,0.25 449.205
0.35,0.55,0.3 512.863
0.35,0.55,0.35 346.525
0.35,0.55,0.4 149.515
0.35,0.55,0.45 7.13155
0.35,0.55,0.5 8.6579e-06
0.35,0.6,0 5.99459e-07
0.35,0.6,0.05 91.1226
0.35,0.6,0.1 400.696
0.35,0.6,0.15 590.505
0.35,0.6,0.2 1002.49
0.35,0.6,0.25 459.496
0.35,0.6,0.3 598.051
0.35,0.6,0.35 747.016
0.35,0.6,0.4 558.058
0.35,0.6,0.45 35.0908
0.35,0.65,0 2.98019e-07
0.35,0.65,0.05 114.475
0.35,0.65,0.1 470.585
0.35,0.65,0.15 314.3
0.35,0.65,0.2 418.777
0.35,0.65,0.25 312.225
0.35,0.65,0.3 560.449
0.35,0.65,0.35 502.088
0.35,0.65,0.4 229.491
0.35,0.65,0.45 13.7999
0.35,0.7,0 2.2604e-09
0.35,0.7,0.05 76.3808
0.35,0.7,0.1 306.404
0.35,0.7,0.15 101.33
0.35,0.7,0.2 107.409
0.35,0.7,0.25 253.112
0.35,0.7,0.3 704.222
0.35,0.7,0.35 565.316
0.35,0.7,0.4 56.6396
0.35,0.7,0.45 0.0817352
0.35,0.75,0 6.48878e-09
0.35,0.75,0.05 4.14685
0.35,0.75,0.1 16.653
0.35,0.75,0.15 9.00225
0.35,0.75,0.2 71.2144
0.35,0.75,0.25 134.529
0.35,0.75,0.3 399.378
0.35,0.75,0.35 229.738
0.35,0.75,0.4 8.10718
0.35,0.8,0 2.09747e-08
0.35,0.8,0.05 2.16134
0.35,0.8,0.1 8.59011
0.35,0.8,0.15 2.78211
0.35,0.8,0.2 7.17375
0.35,0.8,0.25 9.27445
0.35,0.8,0.3 35.8986
0.35,0.8,0.35 17.516
0.35,0.8,0.4 0.120149
0.35,0.85,0 4.23295e-09
0.35,0.85,0.05 0.436185
0.35,0.85,0.1 1.73359
0.35,0.85,0.15 0.431173
0.35,0.85,0.2 0.00542521
0.35,0.85,0.25 0.00310691
0.35,0.85,0.3 3.66721e-05
0.4,0.05,0.1 0.00155987
0.4,0.05,0.15 0.0067588
0.4,0.05,0.2 0.00183077
0.4,0.05,0.25 0.000764476
0.4,0.05,0.3 0.0200808
0.4,0.05,0.35 0.0221608
0.4,0.05,0.4 0.00114972
0.4,0.1,0.05 2.23107
0.4,0.1,0.1 49.4203
0.4,0.1,0.15 67.5288
0.4,0.1,0.2 11.4185
0.4,0.1,0.25 40.01
0.4,0.1,0.3 95.9625
0.4,0.1,0.35 14.6016
0.4,0.1,0.4 0.0329132
0.4,0.15,0.05 10.5926
0.4,0.15,0.1 250.535
0.4,0.15,0.15 493.781
0.4,0.15,0.2 157.26
0.4,0.15,0.25 229.213
0.4,0.15,0.3 416.792
0.4,0.15,0.35 57.5006
0.4,0.15,0.4 0.0369674
0.4,0.2,0 3.66964e-12
0.4,0.2,0.05 14.7994
0.4,0.2,0.1 214.963
0.4,0.2,0.15 507.8
0.4,0.2,0.2 406.022
0.4,0.2,0.25 492.169
0.4,0.2,0.3 334.589
0.4,0.2,0.35 23.2223
0.4,0.2,0.4 0.237129
0.4,0.25,0 2.11971e-09
0.4,0.25,0.05 86.3654
0.4,0.25,0.1 434.233
0.4,0.25,0.15 514.829
0.4,0.25,0.2 356.299
0.4,0.25,0.25 249.644
0.4,0.25,0.3 184.262
0.4,0.25,0.35 35.1965
0.4,0.25,0.4 2.54897
0.4,0.3,0 1.02095e-08
0.4,0.3,0.05 112.451
0.4,0.3,0.1 471.605
0.4,0.3,0.15 356.404
0.4,0.3,0.2 282.104
0.4,0.3,0.25 414.112
0.4,0.3,0.3 446.665
0.4,0.3,0.35 76.9346
0.4,0.3,0.4 1.77701
0.4,0.3,0.45 0.0301189
0.4,0.35,0 5.61269e-08
0.4,0.35,0.05 60.3893
0.4,0.35,0.1 246.952
0.4,0.35,0.15 179.452
0.4,0.35,0.2 204.858
0.4,0.35,0.25 410.246
0.4,0.35,0.3 607.049
0.4,0.35,0.35 113.14
0.4,0.35,0.4 2.40526
0.4,0.35,0.45 0.210681
0.4,0.35,0.5 1.62725e-06
0.4,0.4,0 4.42281e-08
0.4,0.4,0.05 69.7303
0.4,0.4,0.1 320.262
0.4,0.4,0.15 418.093
0.4,0.4,0.2 414.671
0.4,0.4,0.25 146.649
0.4,0.4,0.3 272.136
0.4,0.4,0.35 123.915
0.4,0.4,0.4 101.825
0.4,0.4,0.45 37.1492
0.4,0.4,0.5 0.143145
0.4,0.45,0 2.55801e-09
0.4,0.45,0.05 54.4158
0.4,0.45,0.1 277.914
0.4,0.45,0.15 465.806
0.4,0.45,0.2 540.302
0.4,0.45,0.25 358.436
0.4,0.45,0.3 236.548
0.4,0.45,0.35 482.402
0.4,0.45,0.4 610.517
0.4,0.45,0.45 177.604
0.4,0.45,0.5 0.58271
0.4,0.5,0 1.32221e-09
0.4,0.5,0.05 55.7474
0.4,0.5,0.1 295.726
0.4,0.5,0.15 448.164
0.4,0.5,0.2 577.322
0.4,0.5,0.25 642.481
0.4,0.5,0.3 282.951
0.4,0.5,0.35 525.184
0.4,0.5,0.4 410.753
0.4,0.5,0.45 77.9041
0.4,0.5,0.5 0.177318
0.4,0.55,0 1.12705e-08
0.4,0.55,0.05 36.3394
0.4,0.55,0.1 213.184
0.4,0.55,0.15 414.127
0.4,0.55,0.2 381.301
0.4,0.55,0.25 376.385
0.4,0.55,0.3 130.265
0.4,0.55,0.35 118.314
0.4,0.55,0.4 76.2644
0.4,0.55,0.45 4.21743
0.4,0.55,0.5 0.00209776
0.4,0.6,0 6.01517e-08
0.4,0.6,0.05 146.899
0.4,0.6,0.1 603.241
0.4,0.6,0.15 367.865
0.4,0.6,0.2 602.17
0.4,0.6,0.25 466.974
0.4,0.6,0.3 329.266
0.4,0.6,0.35 304.849
0.4,0.6,0.4 167.286
0.4,0.6,0.45 3.53303
0.4,0.65,0 2.32439e-08
0.4,0.65,0.05 72.067
0.4,0.65,0.1 292.709
0.4,0.65,0.15 181.201
0.4,0.65,0.2 394.628
0.4,0.65,0.25 247.566
0.4,0.65,0.3 337.991
0.4,0.65,0.35 440.154
0.4,0.65,0.4 148.249
0.4,0.65,0.45 1.61182
0.4,0.7,0 2.16872e-10
0.4,0.7,0.05 17.1986
0.4,0.7,0.1 68.7856
0.4,0.7,0.15 20.4121
0.4,0.7,0.2 18.1176
0.4,0.7,0.25 83.49
0.4,0.7,0.3 348.82
0.4,0.7,0.35 457.183
0.4,0.7,0.4 93.6195
0.4,0.7,0.45 0.0231695
0.4,0.75,0 2.05596e-07
0.4,0.75,0.05 21.9332
0.4,0.75,0.1 87.1903
0.4,0.75,0.15 21.6649
0.4,0.75,0.2 0.114313
0.4,0.75,0.25 12.7622
0.4,0.75,0.3 85.633
0.4,0.75,0.35 67.6182
0.4,0.75,0.4 7.84616
0.4,0.8,0 6.64996e-07
0.4,0.8,0.05 68.5247
0.4,0.8,0.1 272.347
0.4,0.8,0.15 67.6515
0.4,0.8,0.2 0.00188317
0.4,0.8,0.25 0.763062
0.4,0.8,0.3 6.23437
0.4,0.8,0.35 3.05437
0.4,0.8,0.4 0.0209511
0.4,0.85,0 1.34204e-07
0.4,0.85,0.05 13.8291
0.4,0.85,0.1 54.9628
0.4,0.85,0.15 13.6529
0.45,0.05,0.25 0.108923
0.45,0.05,0.3 3.03319
0.45,0.05,0.35 3.35919
0.45,0.05,0.4 0.174335
0.45,0.1,0.05 2.9132
0.45,0.1,0.1 59.7464
0.45,0.1,0.15 76.348
0.45,0.1,0.2 30.9282
0.45,0.1,0.25 22.4993
0.45,0.1,0.3 105.421
