0.45,0.1,0.15 53.0444
0.45,0.1,0.2 33.633
0.45,0.1,0.25 64.7793
0.45,0.1,0.3 186.822
0.45,0.1,0.35 115.86
0.45,0.1,0.4 2.22701
0.45,0.15,0 3.87636e-13
0.45,0.15,0.05 74.6752
0.45,0.15,0.1 561.169
0.45,0.15,0.15 441.105
0.45,0.15,0.2 284.662
0.45,0.15,0.25 258.101
0.45,0.15,0.3 290.003
0.45,0.15,0.35 145.945
0.45,0.15,0.4 2.77166
0.45,0.2,0 4.7688e-12
0.45,0.2,0.05 112.102
0.45,0.2,0.1 645.871
0.45,0.2,0.15 382.515
0.45,0.2,0.2 251.517
0.45,0.2,0.25 443.263
0.45,0.2,0.3 216.061
0.45,0.2,0.35 12.234
0.45,0.2,0.4 0.173518
0.45,0.25,0 2.17868e-11
0.45,0.25,0.05 103.646
0.45,0.25,0.1 459.729
0.45,0.25,0.15 228.278
0.45,0.25,0.2 236.444
0.45,0.25,0.25 277.78
0.45,0.25,0.3 129.843
0.45,0.25,0.35 1.60382
0.45,0.3,0 6.05991e-10
0.45,0.3,0.05 135.138
0.45,0.3,0.1 563.473
0.45,0.3,0.15 585.85
0.45,0.3,0.2 733.937
0.45,0.3,0.25 183.975
0.45,0.3,0.3 45.9004
0.45,0.3,0.35 10.8487
0.45,0.3,0.4 4.59845
0.45,0.3,0.45 0.255953
0.45,0.35,0 4.74145e-09
0.45,0.35,0.05 141.236
0.45,0.35,0.1 577.399
0.45,0.35,0.15 452.715
0.45,0.35,0.2 570.776
0.45,0.35,0.25 352.161
0.45,0.35,0.3 512.761
0.45,0.35,0.35 249.285
0.45,0.35,0.4 63.2842
0.45,0.35,0.45 2.88252
0.45,0.4,0 2.42979e-09
0.45,0.4,0.05 78.4868
0.45,0.4,0.1 329.673
0.45,0.4,0.15 305.13
0.45,0.4,0.2 366.043
0.45,0.4,0.25 271.341
0.45,0.4,0.3 652.059
0.45,0.4,0.35 583.507
0.45,0.4,0.4 89.1928
0.45,0.4,0.45 3.13304
0.45,0.45,0 8.61406e-11
0.45,0.45,0.05 74.0458
0.45,0.45,0.1 346.739
0.45,0.45,0.15 496.056
0.45,0.45,0.2 513.65
0.45,0.45,0.25 580.578
0.45,0.45,0.3 520.422
0.45,0.45,0.35 316.216
0.45,0.45,0.4 149.86
0.45,0.45,0.45 22.3178
0.45,0.5,0 8.26988e-10
0.45,0.5,0.05 94.6732
0.45,0.5,0.1 457.575
0.45,0.5,0.15 415.669
0.45,0.5,0.2 677.388
0.45,0.5,0.25 655.355
0.45,0.5,0.3 557.252
0.45,0.5,0.35 939.796
0.45,0.5,0.4 580.88
0.45,0.5,0.45 79.1451
0.45,0.55,0 4.41203e-09
0.45,0.55,0.05 56.8573
0.45,0.55,0.1 413.711
0.45,0.55,0.15 445.275
0.45,0.55,0.2 521.842
0.45,0.55,0.25 212.302
0.45,0.55,0.3 198.529
0.45,0.55,0.35 667.289
0.45,0.55,0.4 275.779
0.45,0.55,0.45 22.0793
0.45,0.6,0 1.45626e-08
0.45,0.6,0.05 129.112
0.45,0.6,0.1 563.467
0.45,0.6,0.15 349.421
0.45,0.6,0.2 785.552
0.45,0.6,0.25 367.04
0.45,0.6,0.3 30.198
0.45,0.6,0.35 32.6756
0.45,0.6,0.4 8.82816
0.45,0.6,0.45 0.0484163
0.45,0.65,0 4.32448e-09
0.45,0.65,0.05 67.3358
0.45,0.65,0.1 332.058
0.45,0.65,0.15 215.497
0.45,0.65,0.2 275.355
0.45,0.65,0.25 112.818
0.45,0.65,0.3 27.6862
0.45,0.65,0.35 11.2983
0.45,0.65,0.4 0.806615
0.45,0.65,0.45 0.0241847
0.45,0.7,0 1.04913e-10
0.45,0.7,0.05 1.69389
0.45,0.7,0.1 26.7422
0.45,0.7,0.15 39.2709
0.45,0.7,0.2 20.3101
0.45,0.7,0.25 11.7818
0.45,0.7,0.3 88.6541
0.45,0.7,0.35 73.1497
0.45,0.7,0.4 2.26848
0.45,0.7,0.45 0.000365633
0.45,0.75,0 2.42916e-07
0.45,0.75,0.05 25.0316
0.45,0.75,0.1 100.075
0.45,0.75,0.15 34.9411
0.45,0.75,0.2 8.98364
0.45,0.75,0.25 3.8845
0.45,0.75,0.3 44.5912
0.45,0.75,0.35 37.0658
0.45,0.75,0.4 1.14636
0.45,0.8,0 7.85732e-07
0.45,0.8,0.05 80.9672
0.45,0.8,0.1 321.863
0.45,0.8,0.15 81.0548
0.45,0.8,0.2 0.972963
0.45,0.8,0.25 0.207678
0.45,0.8,0.3 0.407914
0.45,0.8,0.35 0.291104
0.45,0.8,0.4 0.00899931
0.45,0.85,0 1.58594e-07
0.45,0.85,0.05 16.3439
0.45,0.85,0.1 64.9577
0.45,0.85,0.15 16.1356
0.45,0.9,0 1.66874e-12
0.45,0.9,0.05 0.000257712
0.45,0.9,0.1 0.00102509
0.45,0.9,0.15 0.00025484
0.5,0.05,0.25 0.346046
0.5,0.05,0.3 4.34044
0.5,0.05,0.35 2.95889
0.5,0.05,0.4 0.0569565
0.5,0.1,0 7.91476e-14
0.5,0.1,0.05 2.86169
0.5,0.1,0.1 18.4452
0.5,0.1,0.15 24.6018
0.5,0.1,0.2 37.2803
0.5,0.1,0.25 45.0317
0.5,0.1,0.3 181.125
0.5,0.1,0.35 106.81
0.5,0.1,0.4 2.01496
0.5,0.15,0 2.75337e-11
0.5,0.15,0.05 24.1305
0.5,0.15,0.1 136.662
0.5,0.15,0.15 224.968
0.5,0.15,0.2 464.259
0.5,0.15,0.25 640.7
0.5,0.15,0.3 595.302
0.5,0.15,0.35 154.912
0.5,0.15,0.4 2.50975
0.5,0.2,0 9.15368e-11
0.5,0.2,0.05 106.604
0.5,0.2,0.1 456.099
0.5,0.2,0.15 434.396
0.5,0.2,0.2 800.272
0.5,0.2,0.25 909.279
0.5,0.2,0.3 519.918
0.5,0.2,0.35 46.2709
0.5,0.2,0.4 0.956883
0.5,0.25,0 6.08516e-10
0.5,0.25,0.05 96.5394
0.5,0.25,0.1 399.441
0.5,0.25,0.15 361.768
0.5,0.25,0.2 586.392
0.5,0.25,0.25 557.826
0.5,0.25,0.3 233.323
0.5,0.25,0.35 48.9634
0.5,0.25,0.4 2.01711
0.5,0.3,0 4.50301e-09
0.5,0.3,0.05 149.678
0.5,0.3,0.1 631.83
0.5,0.3,0.15 748.413
0.5,0.3,0.2 701.181
0.5,0.3,0.25 300.286
0.5,0.3,0.3 80.0506
0.5,0.3,0.35 28.8443
0.5,0.3,0.4 24.7341
0.5,0.3,0.45 1.35956
0.5,0.35,0 2.27891e-08
0.5,0.35,0.05 173.605
0.5,0.35,0.1 712.429
0.5,0.35,0.15 545.301
0.5,0.35,0.2 494.3
0.5,0.35,0.25 87.9101
0.5,0.35,0.3 93.4162
0.5,0.35,0.35 355.837
0.5,0.35,0.4 289.227
0.5,0.35,0.45 15.3113
0.5,0.4,0 1.15346e-08
0.5,0.4,0.05 97.0448
0.5,0.4,0.1 389.643
0.5,0.4,0.15 251.942
0.5,0.4,0.2 387.167
0.5,0.4,0.25 239.359
0.5,0.4,0.3 345.925
0.5,0.4,0.35 662.505
0.5,0.4,0.4 238.111
0.5,0.4,0.45 9.64878
0.5,0.45,0 4.64519e-10
0.5,0.45,0.05 106.507
0.5,0.45,0.1 430.442
0.5,0.45,0.15 276.741
0.5,0.45,0.2 449.821
0.5,0.45,0.25 430.683
0.5,0.45,0.3 221.235
0.5,0.45,0.35 167.978
0.5,0.45,0.4 46.1543
0.5,0.45,0.45 4.45258
0.5,0.5,0 4.74517e-09
0.5,0.5,0.05 125.574
0.5,0.5,0.1 561.833
0.5,0.5,0.15 409.677
0.5,0.5,0.2 540.871
0.5,0.5,0.25 344.179
0.5,0.5,0.3 140.963
0.5,0.5,0.35 214.714
0.5,0.5,0.4 153.453
0.5,0.5,0.45 19.4456
0.5,0.55,0 4.82499e-09
0.5,0.55,0.05 103.638
0.5,0.55,0.1 651.157
0.5,0.55,0.15 774.765
0.5,0.55,0.2 878.461
0.5,0.55,0.25 196.587
0.5,0.55,0.3 114.183
0.5,0.55,0.35 196.025
0.5,0.55,0.4 83.9712
0.5,0.55,0.45 5.52862
0.5,0.6,0 5.08459e-10
0.5,0.6,0.05 27.6016
0.5,0.6,0.1 296.585
0.5,0.6,0.15 420.488
0.5,0.6,0.2 466.848
0.5,0.6,0.25 99.8959
0.5,0.6,0.3 12.5974
0.5,0.6,0.35 9.69023
0.5,0.6,0.4 2.79925
0.5,0.6,0.45 0.00383685
0.5,0.65,0 1.85934e-10
0.5,0.65,0.05 12.2158
0.5,0.65,0.1 285.041
0.5,0.65,0.15 426.037
0.5,0.65,0.2 237.012
0.5,0.65,0.25 56.1946
0.5,0.65,0.3 0.478475
0.5,0.65,0.35 0.000999924
0.5,0.65,0.4 3.0926e-05
0.5,0.7,0 2.10608e-11
0.5,0.7,0.05 2.18158
0.5,0.7,0.1 89.0403
0.5,0.7,0.15 340.915
0.5,0.7,0.2 408.117
0.5,0.7,0.25 69.8
0.5,0.7,0.3 0.334868
0.5,0.7,0.35 0.00855585
0.5,0.7,0.4 0.000264618
0.5,0.75,0 1.82807e-08
0.5,0.75,0.05 8.35441
0.5,0.75,0.1 49.0339
0.5,0.75,0.15 246.067
0.5,0.75,0.2 220.326
0.5,0.75,0.25 12.1885
0.5,0.75,0.3 0.0190484
0.5,0.75,0.35 0.00434373
0.5,0.75,0.4 0.000134345
0.5,0.8,0 1.78869e-07
0.5,0.8,0.05 31.8914
0.5,0.8,0.1 128.593
0.5,0.8,0.15 56.0712
0.5,0.8,0.2 20.4205
0.5,0.8,0.25 0.643391
0.5,0.8,0.3 4.06735e-05
0.5,0.8,0.35 3.40998e-05
0.5,0.8,0.4 1.05465e-06
0.5,0.85,0 1.65992e-07
0.5,0.85,0.05 25.4838
0.5,0.85,0.1 101.369
0.5,0.85,0.15 25.2017
0.5,0.9,0 8.96276e-09
0.5,0.9,0.05 1.38416
0.5,0.9,0.1 5.50572
0.5,0.9,0.15 1.36874
0.55,0.05,0.25 0.0124756
0.55,0.05,0.3 0.156481
0.55,0.05,0.35 0.106674
0.55,0.05,0.4 0.00205339
0.55,0.1,0 2.94778e-12
0.55,0.1,0.05 0.0824722
0.55,0.1,0.1 0.460851
0.55,0.1,0.15 18.8984
0.55,0.1,0.2 40.1487
0.55,0.1,0.25 21.1542
0.55,0.1,0.3 24.7683
0.55,0.1,0.35 5.31325
0.55,0.1,0.4 0.0726431
0.55,0.15,0 9.34235e-10
0.55,0.15,0.05 28.9765
0.55,0.15,0.1 117.074
0.55,0.15,0.15 170.932
0.55,0.15,0.2 325.152
0.55,0.15,0.25 324.683
0.55,0.15,0.3 276.136
0.55,0.15,0.35 23.11
0.55,0.15,0.4 0.102607
0.55,0.2,0 2.32889e-09
0.55,0.2,0.05 101.573
0.55,0.2,0.1 413.034
0.55,0.2,0.15 412.838
0.55,0.2,0.2 584.38
0.55,0.2,0.25 442.482
0.55,0.2,0.3 418.152
0.55,0.2,0.35 135.919
0.55,0.2,0.4 4.77002
0.55,0.25,0 1.10905e-09
0.55,0.25,0.05 62.376
0.55,0.25,0.1 265.517
0.55,0.25,0.15 477.582
0.55,0.25,0.2 744.464
0.55,0.25,0.25 783.423
0.55,0.25,0.3 562.243
0.55,0.25,0.35 308.186
0.55,0.25,0.4 12.0589
0.55,0.3,0 3.1398e-09
0.55,0.3,0.05 103.025
0.55,0.3,0.1 425.261
0.55,0.3,0.15 391.431
0.55,0.3,0.2 535.312
0.55,0.3,0.25 790.078
0.55,0.3,0.3 405.931
0.55,0.3,0.35 101.8
0.55,0.3,0.4 10.1027
0.55,0.3,0.45 0.449666
0.55,0.35,0 7.64946e-09
0.55,0.35,0.05 143.618
0.55,0.35,0.1 594.928
0.55,0.35,0.15 222.794
0.55,0.35,0.2 90.5924
0.55,0.35,0.25 245.168
0.55,0.35,0.3 132.634
0.55,0.35,0.35 102.061
0.55,0.35,0.4 92.8735
0.55,0.35,0.45 5.0641
0.55,0.4,0 3.66276e-09
0.55,0.4,0.05 79.1453
0.55,0.4,0.1 322.554
0.55,0.4,0.15 110.468
0.55,0.4,0.2 90.3459
0.55,0.4,0.25 275.337
0.55,0.4,0.3 142.325
0.55,0.4,0.35 112.101
0.55,0.4,0.4 66.1887
0.55,0.4,0.45 3.19127
0.55,0.45,0 6.49035e-10
0.55,0.45,0.05 113.243
0.55,0.45,0.1 453.004
0.55,0.45,0.15 223.179
0.55,0.45,0.2 419.441
0.55,0.45,0.25 339.122
0.55,0.45,0.3 111.916
0.55,0.45,0.35 19.4987
0.55,0.45,0.4 3.51486
0.55,0.45,0.45 0.0498881
0.55,0.5,0 2.70898e-09
0.55,0.5,0.05 99.601
0.55,0.5,0.1 402.948
0.55,0.5,0.15 365.405
0.55,0.5,0.2 792.227
0.55,0.5,0.25 304.382
0.55,0.5,0.3 135.546
0.55,0.5,0.35 7.16909
0.55,0.5,0.4 0.149354
0.55,0.5,0.45 0.000226801
0.55,0.55,0 1.91045e-09
0.55,0.55,0.05 48.7147
0.55,0.55,0.1 319.811
0.55,0.55,0.15 456.511
0.55,0.55,0.2 727.254
0.55,0.55,0.25 387.297
0.55,0.55,0.3 299.032
0.55,0.55,0.35 15.9189
0.55,0.55,0.4 0.163309
0.55,0.55,0.45 0.000248615
0.55,0.6,0 5.26559e-10
0.55,0.6,0.05 23.3869
0.55,0.6,0.1 300.185
0.55,0.6,0.15 388.301
0.55,0.6,0.2 419.505
0.55,0.6,0.25 118.742
0.55,0.6,0.3 42.6649
0.55,0.6,0.35 2.18372
0.55,0.6,0.4 0.00833092
0.55,0.6,0.45 1.26827e-05
0.55,0.65,0 8.4364e-09
0.55,0.65,0.05 33.1298
0.55,0.65,0.1 262.229
0.55,0.65,0.15 374.683
0.55,0.65,0.2 621.355
0.55,0.65,0.25 297.927
0.55,0.65,0.3 10.2875
0.55,0.7,0 7.51379e-09
0.55,0.7,0.05 30.8058
0.55,0.7,0.1 285.857
0.55,0.7,0.15 641.359
0.55,0.7,0.2 914.332
0.55,0.7,0.25 310.909
0.55,0.7,0.3 8.76159
0.55,0.75,0 1.45626e-08
0.55,0.75,0.05 72.0539
0.55,0.75,0.1 412.297
0.55,0.75,0.15 509.107
0.55,0.75,0.2 275.551
0.55,0.75,0.25 25.6341
0.55,0.75,0.3 0.326853
0.55,0.8,0 4.45858e-07
0.55,0.8,0.05 145.078
0.55,0.8,0.1 588.139
0.55,0.8,0.15 181.82
0.55,0.8,0.2 21.0243
0.55,0.8,0.25 0.619448
0.55,0.85,0 5.23551e-07
0.55,0.85,0.05 89.3176
0.55,0.85,0.1 355.453
0.55,0.85,0.15 88.4116
0.55,0.9,0 2.99179e-08
0.55,0.9,0.05 5.75641
0.55,0.9,0.1 22.9211
0.55,0.9,0.15 5.70429
0.55,0.95,0 9.51499e-18
0.55,0.95,0.05 1.11451e-05
0.55,0.95,0.1 4.45676e-05
0.55,0.95,0.15 1.11387e-05
0.6,0.1,0 3.75622e-12
0.6,0.1,0.05 0.105091
0.6,0.1,0.1 0.681073
0.6,0.1,0.15 33.7382
0.6,0.1,0.2 66.7678
0.6,0.1,0.25 8.17986
0.6,0.1,0.3 0.415761
0.6,0.1,0.35 0.0341059
0.6,0.15,0 1.20952e-09
0.6,0.15,0.05 34.7534
0.6,0.15,0.1 140.838
0.6,0.15,0.15 275.297
0.6,0.15,0.2 472.41
0.6,0.15,0.25 62.492
0.6,0.15,0.3 20.4894
0.6,0.15,0.35 5.23543
0.6,0.15,0.4 0.00637273
0.6,0.2,0 3.68585e-09
0.6,0.2,0.05 135.916
0.6,0.2,0.1 550.914
0.6,0.2,0.15 325.878
0.6,0.2,0.2 278.941
0.6,0.2,0.25 115.779
0.6,0.2,0.3 340.913
0.6,0.2,0.35 133.278
0.6,0.2,0.4 1.79158
0.6,0.25,0 1.4879e-09
0.6,0.25,0.05 83.0661
0.6,0.25,0.1 384.795
0.6,0.25,0.15 571.1
0.6,0.25,0.2 518.872
0.6,0.25,0.25 563.309
0.6,0.25,0.3 588.803
0.6,0.25,0.35 239.102
0.6,0.25,0.4 4.62512
0.6,0.3,0 2.38941e-10
0.6,0.3,0.05 16.2192
0.6,0.3,0.1 169.927
0.6,0.3,0.15 575.209
0.6,0.3,0.2 687.382
0.6,0.3,0.25 772.211
0.6,0.3,0.3 591.137
0.6,0.3,0.35 182.779
0.6,0.3,0.4 1.22081
0.6,0.3,0.45 0.000286511
0.6,0.35,0 2.78621e-10
0.6,0.35,0.05 43.4162
0.6,0.35,0.1 445.399
0.6,0.35,0.15 651.173
0.6,0.35,0.2 214.701
0.6,0.35,0.25 282.013
0.6,0.35,0.3 179.206
0.6,0.35,0.35 32.2738
0.6,0.35,0.4 0.160913
0.6,0.35,0.45 0.00322666
0.6,0.4,0 1.2226e-10
0.6,0.4,0.05 36.0849
0.6,0.4,0.1 252.508
0.6,0.4,0.15 285.208
0.6,0.4,0.2 117.342
0.6,0.4,0.25 54.0185
0.6,0.4,0.3 15.0482
0.6,0.4,0.35 0.0891773
0.6,0.4,0.4 0.0365241
0.6,0.4,0.45 0.00203336
0.6,0.45,0 8.33168e-10
0.6,0.45,0.05 156.036
0.6,0.45,0.1 625.036
0.6,0.45,0.15 326.649
0.6,0.45,0.2 637.638
0.6,0.45,0.25 273.733
0.6,0.45,0.3 21.7245
0.6,0.45,0.35 0.0422358
0.6,0.45,0.4 0.000570875
0.6,0.45,0.45 3.17816e-05
0.6,0.5,0 1.84649e-09
0.6,0.5,0.05 144.526
0.6,0.5,0.1 578.484
0.6,0.5,0.15 337.717
0.6,0.5,0.2 690.76
0.6,0.5,0.25 374.362
0.6,0.5,0.3 59.1808
0.6,0.5,0.35 1.84939
0.6,0.55,0 3.03311e-10
0.6,0.55,0.05 17.7773
0.6,0.55,0.1 83.4818
0.6,0.55,0.15 195.389
0.6,0.55,0.2 496.899
0.6,0.55,0.25 240.391
0.6,0.55,0.3 93.2189
0.6,0.55,0.35 4.23944
0.6,0.6,0 1.19215e-09
0.6,0.6,0.05 6.50702
0.6,0.6,0.1 52.6332
0.6,0.6,0.15 319.564
0.6,0.6,0.2 852.585
0.6,0.6,0.25 264.305
0.6,0.6,0.3 17.1579
0.6,0.6,0.35 0.592065
0.6,0.65,0 2.24436e-08
0.6,0.65,0.05 79.7765
0.6,0.65,0.1 468.741
0.6,0.65,0.15 483.984
0.6,0.65,0.2 749.469
0.6,0.65,0.25 479.896
0.6,0.65,0.3 18.9646
0.6,0.7,0 1.99888e-08
0.6,0.7,0.05 74.1701
0.6,0.7,0.1 552.222
0.6,0.7,0.15 658.002
0.6,0.7,0.2 435.328
0.6,0.7,0.25 278.581
0.6,0.7,0.3 15.0109
0.6,0.75,0 4.17184e-09
0.6,0.75,0.05 80.9689
0.6,0.75,0.1 477.668
0.6,0.75,0.15 442.69
0.6,0.75,0.2 139.155
0.6,0.75,0.25 68.3969
0.6,0.75,0.3 5.45868
0.6,0.8,0 9.40025e-08
0.6,0.8,0.05 157.148
0.6,0.8,0.1 645.773
0.6,0.8,0.15 240.332
0.6,0.8,0.2 37.6126
0.6,0.8,0.25 4.10748
0.6,0.8,0.3 0.331289
0.6,0.85,0 1.09315e-07
0.6,0.85,0.05 109.325
0.6,0.85,0.1 437.141
0.6,0.85,0.15 111.978
0.6,0.85,0.2 1.46692
0.6,0.85,0.25 0.011323
0.6,0.9,0 6.2527e-09
0.6,0.9,0.05 22.1589
0.6,0.9,0.1 88.5901
0.6,0.9,0.15 22.1361
0.6,0.95,0 1.77506e-16
0.6,0.95,0.05 0.000207916
0.6,0.95,0.1 0.000831427
0.6,0.95,0.15 0.000207798
0.65,0.1,0 2.43819e-13
0.65,0.1,0.05 0.00682152
0.65,0.1,0.1 0.235104
0.65,0.1,0.15 20.6914
0.65,0.1,0.2 38.0322
0.65,0.1,0.25 4.09049
0.65,0.15,0 9.28458e-11
0.65,0.15,0.05 3.2326
0.65,0.15,0.1 15.2369
0.65,0.15,0.15 194.144
0.65,0.15,0.2 342.582
0.65,0.15,0.25 37.6891
0.65,0.15,0.3 7.35491
0.65,0.15,0.35 2.3375
0.65,0.15,0.4 0.00097474
0.65,0.2,0 7.56438e-10
0.65,0.2,0.05 44.0726
0.65,0.2,0.1 184.157
0.65,0.2,0.15 222.457
0.65,0.2,0.2 232.145
0.65,0.2,0.25 49.9798
0.65,0.2,0.3 142.663
0.65,0.2,0.35 45.285
0.65,0.2,0.4 0.0214852
0.65,0.25,0 7.43508e-10
0.65,0.25,0.05 49.5797
0.65,0.25,0.1 265.334
0.65,0.25,0.15 456.714
0.65,0.25,0.2 313.526
0.65,0.25,0.25 163.658
0.65,0.25,0.3 164.027
0.65,0.25,0.35 51.6602
0.65,0.25,0.4 0.0580778
0.65,0.3,0 4.62757e-11
0.65,0.3,0.05 3.44317
0.65,0.3,0.1 169.754
0.65,0.3,0.15 693.352
0.65,0.3,0.2 661.497
0.65,0.3,0.25 353.881
0.65,0.3,0.3 106.458
0.65,0.3,0.35 34.5734
0.65,0.3,0.4 0.108626
0.65,0.35,0 6.57701e-11
0.65,0.35,0.05 4.59832
0.65,0.35,0.1 278.686
0.65,0.35,0.15 610.672
0.65,0.35,0.2 213.117
0.65,0.35,0.25 73.5055
0.65,0.35,0.3 23.1305
0.65,0.35,0.35 6.46216
