0.25,0.1,0.05 16.1463
0.25,0.1,0.1 103.451
0.25,0.1,0.15 489.617
0.25,0.1,0.2 575.545
0.25,0.1,0.25 429.558
0.25,0.1,0.3 148.903
0.25,0.1,0.35 3.46131
0.25,0.1,0.4 0.0151058
0.25,0.15,0 2.17013e-09
0.25,0.15,0.05 62.808
0.25,0.15,0.1 450.875
0.25,0.15,0.15 533.342
0.25,0.15,0.2 477.091
0.25,0.15,0.25 295.852
0.25,0.15,0.3 237.313
0.25,0.15,0.35 98.0758
0.25,0.15,0.4 6.1271
0.25,0.2,0 1.87484e-09
0.25,0.2,0.05 96.2128
0.25,0.2,0.1 514.097
0.25,0.2,0.15 387.288
0.25,0.2,0.2 390.559
0.25,0.2,0.25 387.751
0.25,0.2,0.3 745.53
0.25,0.2,0.35 307.844
0.25,0.2,0.4 15.5044
0.25,0.25,0 8.86408e-10
0.25,0.25,0.05 89.5701
0.25,0.25,0.1 370.56
0.25,0.25,0.15 397.301
0.25,0.25,0.2 579.132
0.25,0.25,0.25 313.464
0.25,0.25,0.3 532.666
0.25,0.25,0.35 145.901
0.25,0.25,0.4 2.42352
0.25,0.3,0 1.46373e-11
0.25,0.3,0.05 46.1984
0.25,0.3,0.1 221.448
0.25,0.3,0.15 380.077
0.25,0.3,0.2 575.614
0.25,0.3,0.25 185.049
0.25,0.3,0.3 174.936
0.25,0.3,0.35 43.6606
0.25,0.3,0.4 0.00162388
0.25,0.35,0 1.68688e-13
0.25,0.35,0.05 83.6048
0.25,0.35,0.1 419.5
0.25,0.35,0.15 272.773
0.25,0.35,0.2 113.452
0.25,0.35,0.25 21.5404
0.25,0.35,0.3 20.3422
0.25,0.35,0.35 5.12039
0.25,0.35,0.4 8.41751e-07
0.25,0.4,0 1.69578e-12
0.25,0.4,0.05 114.674
0.25,0.4,0.1 535.612
0.25,0.4,0.15 330.123
0.25,0.4,0.2 124.136
0.25,0.4,0.25 15.0478
0.25,0.4,0.3 0.197237
0.25,0.45,0 5.69763e-10
0.25,0.45,0.05 146.79
0.25,0.45,0.1 655.131
0.25,0.45,0.15 425.198
0.25,0.45,0.2 312.72
0.25,0.45,0.25 186.857
0.25,0.45,0.3 25.599
0.25,0.45,0.35 11.5864
0.25,0.45,0.4 0.436403
0.25,0.5,0 1.45657e-09
0.25,0.5,0.05 179.527
0.25,0.5,0.1 732.81
0.25,0.5,0.15 345.458
0.25,0.5,0.2 466.399
0.25,0.5,0.25 568.515
0.25,0.5,0.3 375.428
0.25,0.5,0.35 275.043
0.25,0.5,0.4 52.5827
0.25,0.5,0.45 1.03509
0.25,0.55,0 2.31843e-09
0.25,0.55,0.05 137.191
0.25,0.55,0.1 550.01
0.25,0.55,0.15 183.54
0.25,0.55,0.2 215.306
0.25,0.55,0.25 708.752
0.25,0.55,0.3 666.712
0.25,0.55,0.35 701.462
0.25,0.55,0.4 241.632
0.25,0.55,0.45 4.73333
0.25,0.6,0 1.7015e-08
0.25,0.6,0.05 102.92
0.25,0.6,0.1 425.434
0.25,0.6,0.15 199.036
0.25,0.6,0.2 334.167
0.25,0.6,0.25 579.857
0.25,0.6,0.3 518.676
0.25,0.6,0.35 610.554
0.25,0.6,0.4 206.728
0.25,0.6,0.45 1.54634
0.25,0.65,0 8.47216e-09
0.25,0.65,0.05 88.8627
0.25,0.65,0.1 394.035
0.25,0.65,0.15 559.092
0.25,0.65,0.2 693.412
0.25,0.65,0.25 364.118
0.25,0.65,0.3 486.732
0.25,0.65,0.35 333.004
0.25,0.65,0.4 54.9131
0.25,0.65,0.45 0.0789209
0.25,0.7,0 3.972e-09
0.25,0.7,0.05 120.065
0.25,0.7,0.1 538.85
0.25,0.7,0.15 540.084
0.25,0.7,0.2 356.255
0.25,0.7,0.25 204.951
0.25,0.7,0.3 522.943
0.25,0.7,0.35 168.693
0.25,0.7,0.4 1.76274
0.25,0.7,0.45 0.000349129
0.25,0.75,0 2.39266e-08
0.25,0.75,0.05 154.945
0.25,0.75,0.1 654.465
0.25,0.75,0.15 366.782
0.25,0.75,0.2 244.951
0.25,0.75,0.25 97.85
0.25,0.75,0.3 95.1782
0.25,0.75,0.35 15.9155
0.25,0.75,0.4 0.0446544
0.25,0.75,0.45 9.43107e-06
0.25,0.8,0 9.04974e-09
0.25,0.8,0.05 56.8653
0.25,0.8,0.1 258.143
0.25,0.8,0.15 220.923
0.25,0.8,0.2 144.302
0.25,0.8,0.25 71.3777
0.25,0.8,0.3 5.08953
0.25,0.8,0.35 0.00203363
0.25,0.85,0 1.70393e-11
0.25,0.85,0.05 0.140451
0.25,0.85,0.1 6.18737
0.25,0.85,0.15 27.4551
0.25,0.85,0.2 22.3957
0.25,0.85,0.25 23.8886
0.25,0.85,0.3 2.34587
0.25,0.9,0.15 0.000934836
0.25,0.9,0.2 0.0753975
0.25,0.9,0.25 0.129572
0.25,0.9,0.3 0.0127758
0.3,0,0.1 8.98235e-13
0.3,0,0.15 3.69085e-11
0.3,0,0.2 7.2462e-11
0.3,0,0.25 4.93977e-10
0.3,0,0.3 4.6626e-10
0.3,0,0.35 1.84664e-11
0.3,0.05,0 8.01219e-13
0.3,0.05,0.05 0.302368
0.3,0.05,0.1 3.22301
0.3,0.05,0.15 67.9724
0.3,0.05,0.2 89.6301
0.3,0.05,0.25 84.3861
0.3,0.05,0.3 72.8873
0.3,0.05,0.35 2.8601
0.3,0.1,0 3.75156e-11
0.3,0.1,0.05 14.0384
0.3,0.1,0.1 77.0768
0.3,0.1,0.15 350.589
0.3,0.1,0.2 430.931
0.3,0.1,0.25 398.415
0.3,0.1,0.3 369.906
0.3,0.1,0.35 19.5022
0.3,0.1,0.4 0.0232276
0.3,0.15,0 6.5408e-11
0.3,0.15,0.05 32.4844
0.3,0.15,0.1 261.854
0.3,0.15,0.15 440.613
0.3,0.15,0.2 537.053
0.3,0.15,0.25 447.884
0.3,0.15,0.3 536.528
0.3,0.15,0.35 155.873
0.3,0.15,0.4 9.42174
0.3,0.2,0 1.11971e-10
0.3,0.2,0.05 83.7873
0.3,0.2,0.1 452.302
0.3,0.2,0.15 574.186
0.3,0.2,0.2 484.47
0.3,0.2,0.25 524.617
0.3,0.2,0.3 629.749
0.3,0.2,0.35 352.686
0.3,0.2,0.4 24.1026
0.3,0.25,0 6.47997e-11
0.3,0.25,0.05 95.9851
0.3,0.25,0.1 416.836
0.3,0.25,0.15 283.24
0.3,0.25,0.2 319.697
0.3,0.25,0.25 485.193
0.3,0.25,0.3 577.118
0.3,0.25,0.35 199.904
0.3,0.25,0.4 4.4648
0.3,0.3,0 3.89789e-12
0.3,0.3,0.05 36.843
0.3,0.3,0.1 283.327
0.3,0.3,0.15 510.583
0.3,0.3,0.2 458.244
0.3,0.3,0.25 434.315
0.3,0.3,0.3 475.222
0.3,0.3,0.35 117.377
0.3,0.3,0.4 0.13155
0.3,0.35,0 8.59985e-13
0.3,0.35,0.05 57.6302
0.3,0.35,0.1 489.666
0.3,0.35,0.15 700.085
0.3,0.35,0.2 400.528
0.3,0.35,0.25 72.5758
0.3,0.35,0.3 57.0836
0.3,0.35,0.35 13.8334
0.3,0.35,0.4 2.26514e-06
0.3,0.4,0 8.01295e-13
0.3,0.4,0.05 140.645
0.3,0.4,0.1 755.873
0.3,0.4,0.15 787.549
0.3,0.4,0.2 488.233
0.3,0.4,0.25 39.6178
0.3,0.4,0.3 0.15076
0.3,0.4,0.35 0.0304068
0.3,0.4,0.4 0.00489937
0.3,0.45,0 2.70093e-10
0.3,0.45,0.05 97.3502
0.3,0.45,0.1 450.87
0.3,0.45,0.15 501.455
0.3,0.45,0.2 509.458
0.3,0.45,0.25 149.23
0.3,0.45,0.3 39.2164
0.3,0.45,0.35 17.5108
0.3,0.45,0.4 0.753666
0.3,0.5,0 7.172e-10
0.3,0.5,0.05 121.369
0.3,0.5,0.1 491.661
0.3,0.5,0.15 208.478
0.3,0.5,0.2 285.079
0.3,0.5,0.25 367.924
0.3,0.5,0.3 516.554
0.3,0.5,0.35 198.155
0.3,0.5,0.4 6.84003
0.3,0.5,0.45 0.00657906
0.3,0.55,0 6.17648e-08
0.3,0.55,0.05 92.2424
0.3,0.55,0.1 395.322
0.3,0.55,0.15 275.26
0.3,0.55,0.2 213.891
0.3,0.55,0.25 593.081
0.3,0.55,0.3 573.391
0.3,0.55,0.35 204.762
0.3,0.55,0.4 27.084
0.3,0.55,0.45 0.0391506
0.3,0.6,0 5.15615e-07
0.3,0.6,0.05 87.8401
0.3,0.6,0.1 372.773
0.3,0.6,0.15 287.57
0.3,0.6,0.2 506.418
0.3,0.6,0.25 687.156
0.3,0.6,0.3 601.062
0.3,0.6,0.35 188.698
0.3,0.6,0.4 36.2259
0.3,0.6,0.45 0.0576848
0.3,0.65,0 2.57059e-07
0.3,0.65,0.05 80.0893
0.3,0.65,0.1 331.146
0.3,0.65,0.15 211.666
0.3,0.65,0.2 451.472
0.3,0.65,0.25 562.317
0.3,0.65,0.3 886.763
0.3,0.65,0.35 426.256
0.3,0.65,0.4 58.7563
0.3,0.65,0.45 0.173859
0.3,0.7,0 1.98115e-09
0.3,0.7,0.05 93.1365
0.3,0.7,0.1 403.147
0.3,0.7,0.15 271.416
0.3,0.7,0.2 396.718
0.3,0.7,0.25 133.548
0.3,0.7,0.3 271.58
0.3,0.7,0.35 245.063
0.3,0.7,0.4 45.7478
0.3,0.7,0.45 0.154117
0.3,0.75,0 3.66542e-10
0.3,0.75,0.05 93.0941
0.3,0.75,0.1 450.299
0.3,0.75,0.15 295.938
0.3,0.75,0.2 296.66
0.3,0.75,0.25 51.4134
0.3,0.75,0.3 8.56235
0.3,0.75,0.35 7.35897
0.3,0.75,0.4 1.80557
0.3,0.75,0.45 0.00632702
0.3,0.8,0 1.44562e-10
0.3,0.8,0.05 18.6001
0.3,0.8,0.1 88.5957
0.3,0.8,0.15 43.9711
0.3,0.8,0.2 14.6752
0.3,0.8,0.25 2.06749
0.3,0.8,0.3 0.00122842
0.3,0.8,0.35 9.23787e-05
0.3,0.85,0 3.66247e-13
0.3,0.85,0.05 0.0212151
0.3,0.85,0.1 0.0922075
0.3,0.85,0.15 0.0567108
0.3,0.85,0.2 0.010995
0.3,0.85,0.25 0.000128735
0.3,0.85,0.3 3.89945e-08
0.35,0,0.1 1.0915e-13
0.35,0,0.15 4.48499e-12
0.35,0,0.2 1.36352e-11
0.35,0,0.25 1.61573e-10
0.35,0,0.3 1.53173e-10
0.35,0,0.35 6.06646e-12
0.35,0.05,0 3.76251e-12
0.35,0.05,0.05 1.42621
0.35,0.05,0.1 5.87796
0.35,0.05,0.15 8.78703
0.35,0.05,0.2 11.5853
0.35,0.05,0.25 25.8893
0.35,0.05,0.3 23.7238
0.35,0.05,0.35 0.939581
0.35,0.1,0 1.65787e-10
0.35,0.1,0.05 63.5485
0.35,0.1,0.1 254.935
0.35,0.1,0.15 98.2771
0.35,0.1,0.2 82.4398
0.35,0.1,0.25 147.34
0.35,0.1,0.3 131.249
0.35,0.1,0.35 7.32876
0.35,0.1,0.4 0.00197646
0.35,0.15,0 2.34673e-10
0.35,0.15,0.05 102.563
0.35,0.15,0.1 418.575
0.35,0.15,0.15 205.701
0.35,0.15,0.2 229.175
0.35,0.15,0.25 298.866
0.35,0.15,0.3 208.408
0.35,0.15,0.35 27.1886
0.35,0.15,0.4 0.802232
0.35,0.2,0 3.00627e-11
0.35,0.2,0.05 108.942
0.35,0.2,0.1 485.439
0.35,0.2,0.15 510.436
0.35,0.2,0.2 506.916
0.35,0.2,0.25 498.094
0.35,0.2,0.3 256.429
0.35,0.2,0.35 90.8929
0.35,0.2,0.4 2.49304
0.35,0.25,0 1.23235e-11
0.35,0.25,0.05 163.267
0.35,0.25,0.1 790.75
0.35,0.25,0.15 625.101
0.35,0.25,0.2 329.811
0.35,0.25,0.25 610.584
0.35,0.25,0.3 661.125
0.35,0.25,0.35 189.48
0.35,0.25,0.4 1.62468
0.35,0.3,0 1.32887e-11
0.35,0.3,0.05 129.931
0.35,0.3,0.1 596.691
0.35,0.3,0.15 505.878
0.35,0.3,0.2 586.281
0.35,0.3,0.25 611.651
0.35,0.3,0.3 458.496
0.35,0.3,0.35 55.682
0.35,0.3,0.4 0.228664
0.35,0.35,0 3.90974e-12
0.35,0.35,0.05 96.0011
0.35,0.35,0.1 438.093
0.35,0.35,0.15 347.893
0.35,0.35,0.2 393.739
0.35,0.35,0.25 119.049
0.35,0.35,0.3 48.1012
0.35,0.35,0.35 4.20526
0.35,0.35,0.4 3.77139e-07
0.35,0.4,0 5.07359e-14
0.35,0.4,0.05 178.989
0.35,0.4,0.1 883.844
0.35,0.4,0.15 584.939
0.35,0.4,0.2 293.441
0.35,0.4,0.25 37.6351
0.35,0.4,0.3 28.6101
0.35,0.4,0.35 24.7224
0.35,0.4,0.4 4.56725
0.35,0.45,0 5.64173e-12
0.35,0.45,0.05 120.61
0.35,0.45,0.1 694.71
0.35,0.45,0.15 685.781
0.35,0.45,0.2 603.881
0.35,0.45,0.25 99.804
0.35,0.45,0.3 111.553
0.35,0.45,0.35 230.872
0.35,0.45,0.4 40.632
0.35,0.5,0 7.15612e-11
0.35,0.5,0.05 146.953
0.35,0.5,0.1 623.205
0.35,0.5,0.15 387.629
0.35,0.5,0.2 541.538
0.35,0.5,0.25 484.907
0.35,0.5,0.3 491.671
0.35,0.5,0.35 352.139
0.35,0.5,0.4 46.3223
0.35,0.55,0 7.21925e-08
0.35,0.55,0.05 92.7314
0.35,0.55,0.1 434.385
0.35,0.55,0.15 541.021
0.35,0.55,0.2 533.13
0.35,0.55,0.25 520.842
0.35,0.55,0.3 362.593
0.35,0.55,0.35 86.9998
0.35,0.55,0.4 4.86893
0.35,0.6,0 5.99465e-07
0.35,0.6,0.05 94.0795
0.35,0.6,0.1 461.431
0.35,0.6,0.15 742.814
0.35,0.6,0.2 820.364
0.35,0.6,0.25 402.419
0.35,0.6,0.3 379.255
0.35,0.6,0.35 84.8405
0.35,0.6,0.4 6.24871
0.35,0.6,0.45 0.019985
0.35,0.65,0 2.98085e-07
0.35,0.65,0.05 115.106
0.35,0.65,0.1 549.685
0.35,0.65,0.15 591.202
0.35,0.65,0.2 574.818
0.35,0.65,0.25 447.774
0.35,0.65,0.3 814.079
0.35,0.65,0.35 577.936
0.35,0.65,0.4 127.905
0.35,0.65,0.45 0.434666
0.35,0.7,0 2.31999e-09
0.35,0.7,0.05 95.7082
0.35,0.7,0.1 444.443
0.35,0.7,0.15 390.156
0.35,0.7,0.2 598.726
0.35,0.7,0.25 213.192
0.35,0.7,0.3 281.333
0.35,0.7,0.35 419.79
0.35,0.7,0.4 121.19
0.35,0.7,0.45 0.421221
0.35,0.75,0 6.20146e-12
0.35,0.75,0.05 55.7065
0.35,0.75,0.1 404.631
0.35,0.75,0.15 555.95
0.35,0.75,0.2 407.429
0.35,0.75,0.25 117.072
0.35,0.75,0.3 4.56119
0.35,0.75,0.35 13.142
0.35,0.75,0.4 4.85371
0.35,0.75,0.45 0.0172951
0.35,0.8,0.05 10.2388
0.35,0.8,0.1 81.1966
0.35,0.8,0.15 115.995
0.35,0.8,0.2 58.6758
0.35,0.8,0.25 19.5884
0.35,0.8,0.3 0.173559
0.35,0.85,0.05 0.373687
0.35,0.85,0.1 1.49586
0.35,0.85,0.15 0.37502
0.35,0.85,0.2 0.00143959
0.35,0.85,0.25 0.000155601
0.4,0,0.2 4.56167e-15
0.4,0,0.25 9.59092e-14
0.4,0,0.3 9.1156e-14
0.4,0,0.35 3.61026e-15
0.4,0.05,0 1.10857e-12
0.4,0.05,0.05 0.42021
0.4,0.05,0.1 1.68014
0.4,0.05,0.15 1.84771
0.4,0.05,0.2 7.67751
0.4,0.05,0.25 4.80537
0.4,0.05,0.3 2.02901
0.4,0.05,0.35 0.0683299
0.4,0.1,0 5.4647e-11
0.4,0.1,0.05 30.3111
0.4,0.1,0.1 121.204
0.4,0.1,0.15 76.8498
0.4,0.1,0.2 277.304
0.4,0.1,0.25 165.743
0.4,0.1,0.3 34.7592
0.4,0.1,0.35 1.02506
0.4,0.15,0 1.37932e-10
0.4,0.15,0.05 135.63
0.4,0.15,0.1 544.388
0.4,0.15,0.15 237.874
0.4,0.15,0.2 555.957
0.4,0.15,0.25 481.55
0.4,0.15,0.3 56.2985
0.4,0.15,0.35 0.859086
0.4,0.15,0.4 5.55796e-05
0.4,0.2,0 1.1079e-10
0.4,0.2,0.05 99.421
0.4,0.2,0.1 424.748
0.4,0.2,0.15 394.757
0.4,0.2,0.2 399.977
0.4,0.2,0.25 249.685
0.4,0.2,0.3 38.9646
0.4,0.2,0.35 6.21404
0.4,0.2,0.4 0.0465227
0.4,0.25,0 5.56466e-11
0.4,0.25,0.05 91.6392
0.4,0.25,0.1 453.828
0.4,0.25,0.15 421.34
0.4,0.25,0.2 244.393
0.4,0.25,0.25 301.161
0.4,0.25,0.3 207.096
0.4,0.25,0.35 21.5451
0.4,0.25,0.4 0.13098
0.4,0.3,0 6.30665e-11
0.4,0.3,0.05 101.335
0.4,0.3,0.1 432.915
0.4,0.3,0.15 345.44
0.4,0.3,0.2 573.506
0.4,0.3,0.25 504.761
0.4,0.3,0.3 277.787
0.4,0.3,0.35 9.66837
0.4,0.3,0.4 0.023411
0.4,0.35,0 2.05813e-10
0.4,0.35,0.05 47.7316
0.4,0.35,0.1 192.207
0.4,0.35,0.15 162.881
0.4,0.35,0.2 392.251
0.4,0.35,0.25 441.553
0.4,0.35,0.3 251.379
0.4,0.35,0.35 23.411
0.4,0.35,0.4 0.134124
0.4,0.4,0 1.39505e-10
0.4,0.4,0.05 52.7538
0.4,0.4,0.1 271.564
0.4,0.4,0.15 321.771
0.4,0.4,0.2 279.455
0.4,0.4,0.25 347.735
0.4,0.4,0.3 372.025
0.4,0.4,0.35 132.828
0.4,0.4,0.4 18.6712
0.4,0.45,0 5.93863e-12
0.4,0.45,0.05 61.4777
0.4,0.45,0.1 359.725
0.4,0.45,0.15 614.475
0.4,0.45,0.2 590.144
0.4,0.45,0.25 286.594
0.4,0.45,0.3 462.731
0.4,0.45,0.35 592.016
0.4,0.45,0.4 107.771
0.4,0.45,0.45 0.0017029
0.4,0.5,0 1.65651e-11
0.4,0.5,0.05 70.9338
0.4,0.5,0.1 371.726
0.4,0.5,0.15 572.151
0.4,0.5,0.2 773.754
0.4,0.5,0.25 455.206
0.4,0.5,0.3 640.084
0.4,0.5,0.35 547.362
0.4,0.5,0.4 82.8096
0.4,0.5,0.45 0.56838
0.4,0.55,0 1.12164e-08
0.4,0.55,0.05 52.4996
0.4,0.55,0.1 293.644
0.4,0.55,0.15 507.831
0.4,0.55,0.2 635.043
0.4,0.55,0.25 344.823
0.4,0.55,0.3 274.563
0.4,0.55,0.35 135.224
0.4,0.55,0.4 34.2462
0.4,0.55,0.45 1.38933
0.4,0.6,0 6.01533e-08
0.4,0.6,0.05 148.114
0.4,0.6,0.1 637.69
0.4,0.6,0.15 520.753
0.4,0.6,0.2 587.524
0.4,0.6,0.25 216.767
0.4,0.6,0.3 82.053
0.4,0.6,0.35 16.7129
0.4,0.6,0.4 5.31566
0.4,0.6,0.45 0.211713
0.4,0.65,0 2.32593e-08
0.4,0.65,0.05 72.2674
0.4,0.65,0.1 353.809
0.4,0.65,0.15 494.084
0.4,0.65,0.2 589.268
0.4,0.65,0.25 321.324
0.4,0.65,0.3 341.582
0.4,0.65,0.35 99.6121
0.4,0.65,0.4 21.3224
0.4,0.65,0.45 0.0735948
0.4,0.7,0 1.71711e-10
0.4,0.7,0.05 17.6234
0.4,0.7,0.1 91.101
0.4,0.7,0.15 172.729
0.4,0.7,0.2 374.687
0.4,0.7,0.25 177.61
0.4,0.7,0.3 120.994
0.4,0.7,0.35 70.5287
0.4,0.7,0.4 20.3198
0.4,0.7,0.45 0.0713183
0.4,0.75,0 1.35512e-12
0.4,0.75,0.05 24.9217
0.4,0.75,0.1 153.313
0.4,0.75,0.15 345.407
0.4,0.75,0.2 650.737
0.4,0.75,0.25 225.424
0.4,0.75,0.3 2.40991
0.4,0.75,0.35 2.14369
0.4,0.75,0.4 0.819121
0.4,0.75,0.45 0.00292829
0.4,0.8,0.05 67.1674
0.4,0.8,0.1 281.696
0.4,0.8,0.15 153.885
0.4,0.8,0.2 168.188
0.4,0.8,0.25 52.728
0.4,0.8,0.3 0.415537
