0.35,0.4,0.25 0.000968185
0.35,0.4,0.3 0.00905086
0.35,0.4,0.35 0.00493869
0.35,0.4,0.4 4.99005e-05
0.35,0.45,0.25 0.265279
0.35,0.45,0.3 2.4799
0.35,0.45,0.35 1.35318
0.35,0.45,0.4 0.0136725
0.35,0.5,0.25 0.624483
0.35,0.5,0.3 5.83784
0.35,0.5,0.35 3.18547
0.35,0.5,0.4 0.032186
0.35,0.55,0.25 0.0897932
0.35,0.55,0.3 0.839411
0.35,0.55,0.35 0.458033
0.35,0.55,0.4 0.00462796
0.4,0.2,0.3 0.00106588
0.4,0.2,0.35 0.011642
0.4,0.2,0.4 0.00717005
0.4,0.2,0.45 0.000105077
0.4,0.2,0.5 6.12522e-06
0.4,0.2,0.55 6.957e-05
0.4,0.2,0.6 4.41192e-05
0.4,0.2,0.65 7.01717e-07
0.4,0.25,0.3 0.4689
0.4,0.25,0.35 5.12154
0.4,0.25,0.4 3.15424
0.4,0.25,0.45 0.0462253
0.4,0.25,0.5 0.00352377
0.4,0.25,0.55 0.0400229
0.4,0.25,0.6 0.0253813
0.4,0.25,0.65 0.00040369
0.4,0.3,0.3 1.20245
0.4,0.3,0.35 13.1337
0.4,0.3,0.4 8.08877
0.4,0.3,0.45 0.118541
0.4,0.3,0.5 0.00942229
0.4,0.3,0.55 0.107018
0.4,0.3,0.6 0.0678676
0.4,0.3,0.65 0.00107944
0.4,0.35,0.25 0.00871219
0.4,0.35,0.3 1.09453
0.4,0.35,0.35 3.89276
0.4,0.35,0.4 4.19622
0.4,0.35,0.45 3.35333
0.4,0.35,0.5 0.762174
0.4,0.35,0.55 0.0342528
0.4,0.35,0.6 0.0112654
0.4,0.35,0.65 0.000193875
0.4,0.35,0.7 2.07937e-08
0.4,0.4,0.2 6.0389e-09
0.4,0.4,0.25 0.107148
0.4,0.4,0.3 6.92543
0.4,0.4,0.35 13.2398
0.4,0.4,0.4 19.7152
0.4,0.4,0.45 25.2054
0.4,0.4,0.5 7.90987
0.4,0.4,0.55 0.23704
0.4,0.4,0.6 0.00313662
0.4,0.4,0.65 0.000308564
0.4,0.4,0.7 3.99895e-07
0.4,0.45,0.2 0.000128294
0.4,0.45,0.25 10.3043
0.4,0.45,0.3 99.0401
0.4,0.45,0.35 59.7621
0.4,0.45,0.4 19.9135
0.4,0.45,0.45 32.88
0.4,0.45,0.5 27.547
0.4,0.45,0.55 2.06956
0.4,0.45,0.6 0.103402
0.4,0.45,0.65 0.00094335
0.4,0.45,0.7 3.60672e-07
0.4,0.5,0.2 0.000458712
0.4,0.5,0.25 24.0932
0.4,0.5,0.3 225.197
0.4,0.5,0.35 124.856
0.4,0.5,0.4 17.2745
0.4,0.5,0.45 39.6492
0.4,0.5,0.5 32.8147
0.4,0.5,0.55 7.38314
0.4,0.5,0.6 3.07982
0.4,0.5,0.65 0.033194
0.4,0.5,0.7 1.29229e-08
0.4,0.55,0.15 1.50789e-06
0.4,0.55,0.2 0.000115465
0.4,0.55,0.25 3.46207
0.4,0.55,0.3 33.0028
0.4,0.55,0.35 21.022
0.4,0.55,0.4 7.5436
0.4,0.55,0.45 40.5636
0.4,0.55,0.5 21.5635
0.4,0.55,0.55 11.1944
0.4,0.55,0.6 6.1334
0.4,0.55,0.65 0.0671677
0.4,0.6,0.15 0.000144163
0.4,0.6,0.2 0.00124141
0.4,0.6,0.25 0.000633586
0.4,0.6,0.3 1.39629
0.4,0.6,0.35 8.75048
0.4,0.6,0.4 16.183
0.4,0.6,0.45 11.2075
0.4,0.6,0.5 2.91882
0.4,0.6,0.55 1.3709
0.4,0.6,0.6 0.75491
0.4,0.6,0.65 0.00827135
0.4,0.65,0.15 0.000261444
0.4,0.65,0.2 0.00225134
0.4,0.65,0.25 0.00114903
0.4,0.65,0.3 0.1874
0.4,0.65,0.35 4.16111
0.4,0.65,0.4 21.5254
0.4,0.65,0.45 8.58705
0.4,0.65,0.5 0.0242464
0.4,0.65,0.55 1.20433e-07
0.4,0.65,0.6 7.90834e-09
0.4,0.7,0.15 2.76026e-05
0.4,0.7,0.2 0.000237691
0.4,0.7,0.25 0.000121311
0.4,0.7,0.3 0.0029166
0.4,0.7,0.35 0.314397
0.4,0.7,0.4 1.93643
0.4,0.7,0.45 0.779218
0.4,0.7,0.5 0.00219129
0.45,0.15,0.35 0.0340329
0.45,0.15,0.4 0.185744
0.45,0.15,0.45 0.0630539
0.45,0.15,0.5 5.14499e-05
0.45,0.2,0.2 0.00117662
0.45,0.2,0.25 0.00835827
0.45,0.2,0.3 0.0250566
0.45,0.2,0.35 1.11165
0.45,0.2,0.4 4.88323
0.45,0.2,0.45 1.60274
0.45,0.2,0.5 0.00810239
0.45,0.2,0.55 0.0772548
0.45,0.2,0.6 0.048996
0.45,0.2,0.65 0.000784853
0.45,0.2,0.7 5.28883e-07
0.45,0.25,0.2 1.27266
0.45,0.25,0.25 9.74284
0.45,0.25,0.3 19.0657
0.45,0.25,0.35 107.393
0.45,0.25,0.4 70.4661
0.45,0.25,0.45 2.94247
0.45,0.25,0.5 3.92174
0.45,0.25,0.55 44.7424
0.45,0.25,0.6 28.5802
0.45,0.25,0.65 0.47549
0.45,0.25,0.7 4.29139e-06
0.45,0.3,0.15 0.0303685
0.45,0.3,0.2 5.14845
0.45,0.3,0.25 32.1249
0.45,0.3,0.3 66.7661
0.45,0.3,0.35 280.141
0.45,0.3,0.4 165.855
0.45,0.3,0.45 2.94747
0.45,0.3,0.5 11.047
0.45,0.3,0.55 142.517
0.45,0.3,0.6 106.702
0.45,0.3,0.65 3.3524
0.45,0.3,0.7 2.08405e-06
0.45,0.35,0.15 0.329845
0.45,0.35,0.2 16.4378
0.45,0.35,0.25 28.5904
0.45,0.35,0.3 37.7954
0.45,0.35,0.35 85.8619
0.45,0.35,0.4 71.4528
0.45,0.35,0.45 58.9178
0.45,0.35,0.5 21.2511
0.45,0.35,0.55 61.2745
0.45,0.35,0.6 70.2933
0.45,0.35,0.65 5.42287
0.45,0.35,0.7 0.00208831
0.45,0.4,0.15 0.202286
0.45,0.4,0.2 9.67168
0.45,0.4,0.25 16.6607
0.45,0.4,0.3 162.637
0.45,0.4,0.35 296.204
0.45,0.4,0.4 307.162
0.45,0.4,0.45 453.612
0.45,0.4,0.5 180.238
0.45,0.4,0.55 25.3778
0.45,0.4,0.6 88.7021
0.45,0.4,0.65 30.0637
0.45,0.4,0.7 0.0401613
0.45,0.45,0.15 0.00300137
0.45,0.45,0.2 0.810968
0.45,0.45,0.25 47.8937
0.45,0.45,0.3 355.681
0.45,0.45,0.35 325.084
0.45,0.45,0.4 363.179
0.45,0.45,0.45 472.263
0.45,0.45,0.5 329.702
0.45,0.45,0.55 124.856
0.45,0.45,0.6 117.568
0.45,0.45,0.65 27.0709
0.45,0.45,0.7 0.0366004
0.45,0.5,0.15 0.0261381
0.45,0.5,0.2 4.19579
0.45,0.5,0.25 119.602
0.45,0.5,0.3 453.76
0.45,0.5,0.35 248.283
0.45,0.5,0.4 313.332
0.45,0.5,0.45 450.544
0.45,0.5,0.5 343.728
0.45,0.5,0.55 274.491
0.45,0.5,0.6 129.54
0.45,0.5,0.65 2.858
0.45,0.5,0.7 0.00350546
0.45,0.55,0.15 0.128077
0.45,0.55,0.2 5.57588
0.45,0.55,0.25 30.081
0.45,0.55,0.3 89.5559
0.45,0.55,0.35 152.482
0.45,0.55,0.4 209.562
0.45,0.55,0.45 507.026
0.45,0.55,0.5 287.124
0.45,0.55,0.55 354.904
0.45,0.55,0.6 165.187
0.45,0.55,0.65 4.32023
0.45,0.55,0.7 0.000798691
0.45,0.6,0.15 6.05991
0.45,0.6,0.2 52.7831
0.45,0.6,0.25 27.7087
0.45,0.6,0.3 56.758
0.45,0.6,0.35 317.938
0.45,0.6,0.4 326.258
0.45,0.6,0.45 183.667
0.45,0.6,0.5 53.8364
0.45,0.6,0.55 60.7551
0.45,0.6,0.6 23.4508
0.45,0.6,0.65 0.937211
0.45,0.6,0.7 1.09785e-06
0.45,0.65,0.15 10.9719
0.45,0.65,0.2 94.481
0.45,0.65,0.25 48.2206
0.45,0.65,0.3 24.2147
0.45,0.65,0.35 206.024
0.45,0.65,0.4 359.633
0.45,0.65,0.45 119.391
0.45,0.65,0.5 11.8624
0.45,0.65,0.55 6.36135
0.45,0.65,0.6 0.0693446
0.45,0.65,0.65 3.62181e-05
0.45,0.7,0.15 1.15839
0.45,0.7,0.2 9.97507
0.45,0.7,0.25 5.09102
0.45,0.7,0.3 4.06285
0.45,0.7,0.35 35.9061
0.45,0.7,0.4 44.407
0.45,0.7,0.45 16.9006
0.45,0.7,0.5 50.0262
0.45,0.7,0.55 27.7659
0.45,0.7,0.6 0.299172
0.45,0.75,0.3 0.0022406
0.45,0.75,0.35 0.665056
0.45,0.75,0.4 1.59344
0.45,0.75,0.45 1.6706
0.45,0.75,0.5 13.6377
0.45,0.75,0.55 7.58649
0.45,0.75,0.6 0.081743
0.45,0.8,0.3 3.15459e-06
0.45,0.8,0.35 0.000936351
0.45,0.8,0.4 0.00223894
0.45,0.8,0.45 0.000361585
0.45,0.8,0.5 0.000325516
0.45,0.8,0.55 0.000181138
0.45,0.8,0.6 1.95173e-06
0.5,0.1,0.5 0.000887594
0.5,0.1,0.55 0.00909601
0.5,0.1,0.6 0.00533574
0.5,0.1,0.65 6.77942e-05
0.5,0.15,0.25 0.00170085
0.5,0.15,0.3 0.0134323
0.5,0.15,0.35 1.30899
0.5,0.15,0.4 7.10942
0.5,0.15,0.45 2.41339
0.5,0.15,0.5 0.227947
0.5,0.15,0.55 2.31581
0.5,0.15,0.6 1.35846
0.5,0.15,0.65 0.0172601
0.5,0.2,0.2 0.0147914
0.5,0.2,0.25 0.228395
0.5,0.2,0.3 1.04274
0.5,0.2,0.35 34.6551
0.5,0.2,0.4 182.456
0.5,0.2,0.45 61.4074
0.5,0.2,0.5 0.637658
0.5,0.2,0.55 7.04096
0.5,0.2,0.6 11.3764
0.5,0.2,0.65 10.9079
0.5,0.2,0.7 1.01342
0.5,0.25,0.2 16.0028
0.5,0.25,0.25 122.248
0.5,0.25,0.3 129.051
0.5,0.25,0.35 218.127
0.5,0.25,0.4 378.878
0.5,0.25,0.45 85.2476
0.5,0.25,0.5 12.0218
0.5,0.25,0.55 146.565
0.5,0.25,0.6 153.782
0.5,0.25,0.65 89.8285
0.5,0.25,0.7 8.22337
0.5,0.3,0.1 0.129833
0.5,0.3,0.15 4.41431
0.5,0.3,0.2 68.4829
0.5,0.3,0.25 401.364
0.5,0.3,0.3 531.177
0.5,0.3,0.35 501.407
0.5,0.3,0.4 350.407
0.5,0.3,0.45 34.7715
0.5,0.3,0.5 35.0016
0.5,0.3,0.55 517.762
0.5,0.3,0.6 479.139
0.5,0.3,0.65 77.0728
0.5,0.3,0.7 4.94358
0.5,0.35,0.1 1.78012
0.5,0.35,0.15 59.5319
0.5,0.35,0.2 262.29
0.5,0.35,0.25 349.018
0.5,0.35,0.3 191.639
0.5,0.35,0.35 156.55
0.5,0.35,0.4 166.321
0.5,0.35,0.45 98.411
0.5,0.35,0.5 31.7328
0.5,0.35,0.55 333.015
0.5,0.35,0.6 448.09
0.5,0.35,0.65 81.8577
0.5,0.35,0.7 3.00124
0.5,0.4,0.05 0.00288086
0.5,0.4,0.1 1.34435
0.5,0.4,0.15 42.8235
0.5,0.4,0.2 164.387
0.5,0.4,0.25 174.272
0.5,0.4,0.3 217.489
0.5,0.4,0.35 509.733
0.5,0.4,0.4 568.961
0.5,0.4,0.45 529.583
0.5,0.4,0.5 186.225
0.5,0.4,0.55 90.4547
0.5,0.4,0.6 353.176
0.5,0.4,0.65 123.534
0.5,0.4,0.7 0.727869
0.5,0.45,0.05 0.053922
0.5,0.45,0.1 1.04832
0.5,0.45,0.15 1.92748
0.5,0.45,0.2 5.84448
0.5,0.45,0.25 106.069
0.5,0.45,0.3 521.607
0.5,0.45,0.35 702.823
0.5,0.45,0.4 714.949
0.5,0.45,0.45 512.671
0.5,0.45,0.5 324.495
0.5,0.45,0.55 376.424
0.5,0.45,0.6 426.737
0.5,0.45,0.65 116.428
0.5,0.45,0.7 0.429702
0.5,0.5,0.05 0.0486837
0.5,0.5,0.1 12.4068
0.5,0.5,0.15 42.8599
0.5,0.5,0.2 78.1499
0.5,0.5,0.25 378.034
0.5,0.5,0.3 507.98
0.5,0.5,0.35 280.356
0.5,0.5,0.4 568.897
0.5,0.5,0.45 442.889
0.5,0.5,0.5 446.082
0.5,0.5,0.55 728.516
0.5,0.5,0.6 472.354
0.5,0.5,0.65 102.466
0.5,0.5,0.7 1.31553
0.5,0.55,0.05 0.00372951
0.5,0.55,0.1 28.3961
0.5,0.55,0.15 103.73
0.5,0.55,0.2 175.094
0.5,0.55,0.25 295.098
0.5,0.55,0.3 143.811
0.5,0.55,0.35 365.395
0.5,0.55,0.4 492.492
0.5,0.55,0.45 528.735
0.5,0.55,0.5 441.295
0.5,0.55,0.55 749.945
0.5,0.55,0.6 536.568
0.5,0.55,0.65 84.4483
0.5,0.55,0.7 0.385217
0.5,0.6,0.05 0.000312485
0.5,0.6,0.1 4.28301
0.5,0.6,0.15 37.7565
0.5,0.6,0.2 216.805
0.5,0.6,0.25 133.347
0.5,0.6,0.3 110.444
0.5,0.6,0.35 729.412
0.5,0.6,0.4 546.986
0.5,0.6,0.45 214.614
0.5,0.6,0.5 110.628
0.5,0.6,0.55 169.656
0.5,0.6,0.6 110.521
0.5,0.6,0.65 15.0697
0.5,0.6,0.7 0.000330804
0.5,0.65,0.15 40.1588
0.5,0.65,0.2 346.622
0.5,0.65,0.25 179.25
0.5,0.65,0.3 72.0789
0.5,0.65,0.35 581.692
0.5,0.65,0.4 525.256
0.5,0.65,0.45 218.152
0.5,0.65,0.5 117.209
0.5,0.65,0.55 50.0795
0.5,0.65,0.6 10.6007
0.5,0.65,0.65 3.00043
0.5,0.65,0.7 0.00169695
0.5,0.7,0.15 4.23989
0.5,0.7,0.2 36.8149
0.5,0.7,0.25 19.6724
0.5,0.7,0.3 13.3799
0.5,0.7,0.35 194.573
0.5,0.7,0.4 315.157
0.5,0.7,0.45 195.54
0.5,0.7,0.5 391.473
0.5,0.7,0.55 209.504
0.5,0.7,0.6 49.7525
0.5,0.7,0.65 15.3254
0.5,0.7,0.7 0.00867305
0.5,0.75,0.15 7.33883e-08
0.5,0.75,0.2 0.00055815
0.5,0.75,0.25 0.0019021
0.5,0.75,0.3 0.115813
0.5,0.75,0.35 35.1365
0.5,0.75,0.4 86.9197
0.5,0.75,0.45 28.3737
0.5,0.75,0.5 98.9683
0.5,0.75,0.55 57.1634
0.5,0.75,0.6 15.5512
0.5,0.75,0.65 4.88297
0.5,0.75,0.7 0.00276359
0.5,0.8,0.3 0.000162486
0.5,0.8,0.35 1.79468
0.5,0.8,0.4 7.86379
0.5,0.8,0.45 2.16526
0.5,0.8,0.5 0.00240678
0.5,0.8,0.55 0.00251023
0.5,0.8,0.6 0.00639218
0.5,0.8,0.65 0.00208516
0.5,0.8,0.7 1.18014e-06
0.5,0.85,0.35 0.205709
0.5,0.85,0.4 0.912665
0.5,0.85,0.45 0.253023
0.5,0.85,0.5 9.3974e-06
0.55,0.1,0.25 0.000543575
0.55,0.1,0.3 0.102531
0.55,0.1,0.35 0.222813
0.55,0.1,0.4 0.0292475
0.55,0.1,0.5 0.0358603
0.55,0.1,0.55 0.367494
0.55,0.1,0.6 0.215573
0.55,0.1,0.65 0.002739
0.55,0.15,0.15 0.00200381
0.55,0.15,0.2 0.275312
0.55,0.15,0.25 0.79978
0.55,0.15,0.3 14.5973
0.55,0.15,0.35 30.8867
0.55,0.15,0.4 12.9715
0.55,0.15,0.45 4.95492
0.55,0.15,0.5 11.4812
0.55,0.15,0.55 93.7152
0.55,0.15,0.6 54.8841
0.55,0.15,0.65 0.697339
0.55,0.2,0.1 0.000657217
0.55,0.2,0.15 0.0663929
0.55,0.2,0.2 7.48756
0.55,0.2,0.25 28.0194
0.55,0.2,0.3 128.858
0.55,0.2,0.35 148.419
0.55,0.2,0.4 244.443
0.55,0.2,0.45 107.885
0.55,0.2,0.5 58.644
0.55,0.2,0.55 244.109
0.55,0.2,0.6 178.712
0.55,0.2,0.65 45.0514
0.55,0.2,0.7 3.95617
0.55,0.25,0.1 0.414446
0.55,0.25,0.15 7.65582
0.55,0.25,0.2 25.8741
0.55,0.25,0.25 135.091
0.55,0.25,0.3 348.231
0.55,0.25,0.35 308.794
0.55,0.25,0.4 517.772
0.55,0.25,0.45 172.326
0.55,0.25,0.5 42.7983
0.55,0.25,0.55 282.74
0.55,0.25,0.6 487.998
0.55,0.25,0.65 355.459
0.55,0.25,0.7 32.1143
0.55,0.3,0.1 1.71499
0.55,0.3,0.15 39.6512
0.55,0.3,0.2 91.2201
0.55,0.3,0.25 430.598
0.55,0.3,0.3 807.746
0.55,0.3,0.35 513.167
0.55,0.3,0.4 509.608
0.55,0.3,0.45 144.139
0.55,0.3,0.5 20.4059
0.55,0.3,0.55 421.625
0.55,0.3,0.6 633.164
0.55,0.3,0.65 292.729
0.55,0.3,0.7 22.0898
0.55,0.35,0.1 7.72741
0.55,0.35,0.15 244.299
0.55,0.35,0.2 525.012
0.55,0.35,0.25 537.973
0.55,0.35,0.3 339.454
0.55,0.35,0.35 222.951
0.55,0.35,0.4 438.959
0.55,0.35,0.45 130.201
0.55,0.35,0.5 22.906
0.55,0.35,0.55 401.375
0.55,0.35,0.6 710.488
0.55,0.35,0.65 344.584
0.55,0.35,0.7 19.2629
0.55,0.4,0.05 0.33791
0.55,0.4,0.1 11.5325
0.55,0.4,0.15 176.152
0.55,0.4,0.2 383.316
0.55,0.4,0.25 303.129
0.55,0.4,0.3 86.563
0.55,0.4,0.35 449.12
0.55,0.4,0.4 813.532
0.55,0.4,0.45 253.95
0.55,0.4,0.5 22.2573
0.55,0.4,0.55 54.1128
0.55,0.4,0.6 163.596
0.55,0.4,0.65 89.4613
0.55,0.4,0.7 3.6366
0.55,0.45,0.05 6.32451
0.55,0.45,0.1 115.927
0.55,0.45,0.15 105.684
0.55,0.45,0.2 61.3685
0.55,0.45,0.25 163.426
0.55,0.45,0.3 234.161
0.55,0.45,0.35 806.796
0.55,0.45,0.4 496.454
0.55,0.45,0.45 154.699
0.55,0.45,0.5 278.324
0.55,0.45,0.55 306.459
0.55,0.45,0.6 243.543
0.55,0.45,0.65 123.643
0.55,0.45,0.7 5.73842
0.55,0.5,0.05 5.61506
0.55,0.5,0.1 149.285
0.55,0.5,0.15 281.574
0.55,0.5,0.2 290.889
0.55,0.5,0.25 407.32
0.55,0.5,0.3 208.973
0.55,0.5,0.35 612.898
0.55,0.5,0.4 532.124
0.55,0.5,0.45 253.113
0.55,0.5,0.5 602.174
0.55,0.5,0.55 789.859
0.55,0.5,0.6 775.007
0.55,0.5,0.65 451.011
0.55,0.5,0.7 22.4262
0.55,0.5,0.75 0.000675056
0.55,0.55,0.05 0.203198
0.55,0.55,0.1 119.202
0.55,0.55,0.15 475.583
0.55,0.55,0.2 531.793
0.55,0.55,0.25 386.578
0.55,0.55,0.3 92.1464
0.55,0.55,0.35 567.173
0.55,0.55,0.4 600.251
0.55,0.55,0.45 330.616
0.55,0.55,0.5 351.674
0.55,0.55,0.55 391.937
0.55,0.55,0.6 521.393
0.55,0.55,0.65 203.544
0.55,0.55,0.7 9.61367
0.55,0.55,0.75 0.00475746
0.55,0.6,0.05 0.00355243
0.55,0.6,0.1 36.4938
0.55,0.6,0.15 143.085
0.55,0.6,0.2 184.538
