0,0.4,0.15 7.78042e-11
0,0.4,0.2 4.47074e-10
0,0.4,0.25 2.18242e-10
0,0.4,0.3 1.06806e-11
0,0.45,0.15 8.10111e-08
0,0.45,0.2 4.39675e-07
0,0.45,0.25 1.7263e-07
0,0.45,0.3 4.38285e-09
0,0.5,0.15 2.34277e-07
0,0.5,0.2 1.26553e-06
0,0.5,0.25 4.86609e-07
0,0.5,0.3 1.11173e-08
0,0.55,0.15 4.21038e-08
0,0.55,0.2 2.26438e-07
0,0.55,0.25 8.53361e-08
0,0.55,0.3 1.73685e-09
0.05,0.1,0.15 0.00797965
0.05,0.1,0.2 3.23544
0.05,0.1,0.25 8.1848
0.05,0.1,0.3 1.27454
0.05,0.15,0.05 0.00242333
0.05,0.15,0.1 0.0159066
0.05,0.15,0.15 0.0687672
0.05,0.15,0.2 25.3738
0.05,0.15,0.25 65.1141
0.05,0.15,0.3 10.75
0.05,0.15,0.35 0.0152792
0.05,0.2,0.05 0.0234472
0.05,0.2,0.1 0.245715
0.05,0.2,0.15 0.196593
0.05,0.2,0.2 14.4891
0.05,0.2,0.25 62.8401
0.05,0.2,0.3 27.2719
0.05,0.2,0.35 3.12403
0.05,0.2,0.4 5.10553
0.05,0.2,0.45 0.592834
0.05,0.25,0.05 0.0995685
0.05,0.25,0.1 1.77484
0.05,0.25,0.15 1.54858
0.05,0.25,0.2 3.05106
0.05,0.25,0.25 38.8671
0.05,0.25,0.3 44.1905
0.05,0.25,0.35 44.9686
0.05,0.25,0.4 58.8019
0.05,0.25,0.45 6.77921
0.05,0.3,0.05 0.0623649
0.05,0.3,0.1 1.15926
0.05,0.3,0.15 1.02438
0.05,0.3,0.2 0.205179
0.05,0.3,0.25 4.69957
0.05,0.3,0.3 40.3638
0.05,0.3,0.35 50.9285
0.05,0.3,0.4 38.1658
0.05,0.3,0.45 4.32086
0.05,0.35,0.05 0.00114274
0.05,0.35,0.1 0.332831
0.05,0.35,0.15 10.2429
0.05,0.35,0.2 12.2824
0.05,0.35,0.25 1.02734
0.05,0.35,0.3 5.05299
0.05,0.35,0.35 4.50812
0.05,0.35,0.4 0.727837
0.05,0.35,0.45 0.0698007
0.05,0.35,0.5 8.00305e-06
0.05,0.4,0.1 1.30744
0.05,0.4,0.15 42.9435
0.05,0.4,0.2 51.6857
0.05,0.4,0.25 3.16329
0.05,0.4,0.3 0.0121841
0.05,0.4,0.35 0.00330693
0.05,0.4,0.4 0.117797
0.05,0.4,0.45 0.150491
0.05,0.4,0.5 0.00980692
0.05,0.45,0.1 0.440488
0.05,0.45,0.15 18.7514
0.05,0.45,0.2 67.3722
0.05,0.45,0.25 52.3864
0.05,0.45,0.3 12.573
0.05,0.45,0.35 1.54014
0.05,0.45,0.4 0.553634
0.05,0.45,0.45 0.455904
0.05,0.45,0.5 0.0288889
0.05,0.5,0.1 2.16225
0.05,0.5,0.15 29.6413
0.05,0.5,0.2 150.747
0.05,0.5,0.25 138.687
0.05,0.5,0.3 46.5564
0.05,0.5,0.35 19.7725
0.05,0.5,0.4 19.7757
0.05,0.5,0.45 5.38232
0.05,0.5,0.5 0.228688
0.05,0.55,0.1 2.14601
0.05,0.55,0.15 13.2371
0.05,0.55,0.2 28.2179
0.05,0.55,0.25 38.773
0.05,0.55,0.3 80.6148
0.05,0.55,0.35 45.2936
0.05,0.55,0.4 76.5185
0.05,0.55,0.45 56.1024
0.05,0.55,0.5 2.8223
0.05,0.6,0.1 0.0920879
0.05,0.6,0.15 0.415206
0.05,0.6,0.2 0.116968
0.05,0.6,0.25 11.5978
0.05,0.6,0.3 50.7908
0.05,0.6,0.35 17.3404
0.05,0.6,0.4 36.4067
0.05,0.6,0.45 37.4249
0.05,0.6,0.5 1.93388
0.05,0.65,0.25 0.402706
0.05,0.65,0.3 1.83497
0.05,0.65,0.35 0.550095
0.05,0.65,0.4 0.655812
0.05,0.65,0.45 0.726357
0.05,0.65,0.5 0.037713
0.05,0.7,0.25 1.02243
0.05,0.7,0.3 5.44429
0.05,0.7,0.35 1.80493
0.05,0.7,0.4 0.00117738
0.05,0.75,0.25 0.616474
0.05,0.75,0.3 3.28264
0.05,0.75,0.35 1.08829
0.05,0.75,0.4 0.000709901
0.05,0.8,0.25 0.00849874
0.05,0.8,0.3 0.0452546
0.05,0.8,0.35 0.0150032
0.05,0.8,0.4 9.78673e-06
0.1,0.05,0.15 0.000154205
0.1,0.05,0.2 0.00385585
0.1,0.05,0.25 0.00403584
0.1,0.05,0.3 0.0217478
0.1,0.05,0.35 0.16951
0.1,0.05,0.4 0.080152
0.1,0.05,0.45 0.000476742
0.1,0.1,0.15 0.0472517
0.1,0.1,0.2 18.7489
0.1,0.1,0.25 47.4825
0.1,0.1,0.3 7.80721
0.1,0.1,0.35 2.7408
0.1,0.1,0.4 1.29498
0.1,0.1,0.45 0.00770249
0.1,0.15,0.05 3.02117
0.1,0.15,0.1 19.8307
0.1,0.15,0.15 8.36046
0.1,0.15,0.2 147.205
0.1,0.15,0.25 380.228
0.1,0.15,0.3 64.8929
0.1,0.15,0.35 2.98555
0.1,0.15,0.4 2.76165
0.1,0.15,0.45 0.296598
0.1,0.2,0.05 20.3316
0.1,0.2,0.1 140.896
0.1,0.2,0.15 69.308
0.1,0.2,0.2 115.02
0.1,0.2,0.25 450.209
0.1,0.2,0.3 214.427
0.1,0.2,0.35 31.6519
0.1,0.2,0.4 61.4471
0.1,0.2,0.45 8.88525
0.1,0.25,0.05 15.4633
0.1,0.25,0.1 193.449
0.1,0.25,0.15 174.039
0.1,0.25,0.2 110.206
0.1,0.25,0.25 443.465
0.1,0.25,0.3 465.462
0.1,0.25,0.35 299.026
0.1,0.25,0.4 359.079
0.1,0.25,0.45 42.9011
0.1,0.3,0.05 5.17343
0.1,0.3,0.1 99.9494
0.1,0.3,0.15 98.7181
0.1,0.3,0.2 23.6877
0.1,0.3,0.25 84.8282
0.1,0.3,0.3 354.013
0.1,0.3,0.35 350.479
0.1,0.3,0.4 216.241
0.1,0.3,0.45 24.324
0.1,0.35,0.05 0.122943
0.1,0.35,0.1 5.23593
0.1,0.35,0.15 66.8429
0.1,0.35,0.2 75.8927
0.1,0.35,0.25 6.79607
0.1,0.35,0.3 38.2467
0.1,0.35,0.35 33.4801
0.1,0.35,0.4 4.34747
0.1,0.35,0.45 0.42594
0.1,0.35,0.5 0.00238411
0.1,0.4,0.05 3.74362e-08
0.1,0.4,0.1 8.40697
0.1,0.4,0.15 290.258
0.1,0.4,0.2 360.971
0.1,0.4,0.25 23.4055
0.1,0.4,0.3 0.20088
0.1,0.4,0.35 1.14194
0.1,0.4,0.4 35.1356
0.1,0.4,0.45 44.8389
0.1,0.4,0.5 2.92192
0.1,0.45,0.05 0.944846
0.1,0.45,0.1 9.5115
0.1,0.45,0.15 194.31
0.1,0.45,0.2 444.578
0.1,0.45,0.25 263.789
0.1,0.45,0.3 133.794
0.1,0.45,0.35 38.7799
0.1,0.45,0.4 111.617
0.1,0.45,0.45 132.848
0.1,0.45,0.5 8.6351
0.1,0.5,0.05 4.94238
0.1,0.5,0.1 70.2169
0.1,0.5,0.15 352.215
0.1,0.5,0.2 741.25
0.1,0.5,0.25 689.634
0.1,0.5,0.3 529.518
0.1,0.5,0.35 339.35
0.1,0.5,0.4 304.259
0.1,0.5,0.45 61.3249
0.1,0.5,0.5 2.70916
0.1,0.55,0.05 1.61063
0.1,0.55,0.1 55.2502
0.1,0.55,0.15 269.024
0.1,0.55,0.2 230.843
0.1,0.55,0.25 242.986
0.1,0.55,0.3 706.193
0.1,0.55,0.35 548.779
0.1,0.55,0.4 640.35
0.1,0.55,0.45 289.177
0.1,0.55,0.5 13.7557
0.1,0.6,0.05 0.000881712
0.1,0.6,0.1 2.08286
0.1,0.6,0.15 11.4909
0.1,0.6,0.2 6.91914
0.1,0.6,0.25 71.0945
0.1,0.6,0.3 321.345
0.1,0.6,0.35 128.644
0.1,0.6,0.4 221.971
0.1,0.6,0.45 205.865
0.1,0.6,0.5 10.4126
0.1,0.65,0.1 0.158487
0.1,0.65,0.15 3.81004
0.1,0.65,0.2 31.3015
0.1,0.65,0.25 34.6405
0.1,0.65,0.3 32.6855
0.1,0.65,0.35 12.0125
0.1,0.65,0.4 34.7989
0.1,0.65,0.45 30.1393
0.1,0.65,0.5 1.3072
0.1,0.7,0.1 0.297878
0.1,0.7,0.15 7.96946
0.1,0.7,0.2 71.6054
0.1,0.7,0.25 103.04
0.1,0.7,0.3 228.107
0.1,0.7,0.35 74.8187
0.1,0.7,0.4 4.82112
0.1,0.7,0.45 2.13566
0.1,0.7,0.5 0.0583359
0.1,0.75,0.1 0.0328783
0.1,0.75,0.15 1.02257
0.1,0.75,0.2 10.2423
0.1,0.75,0.25 33.575
0.1,0.75,0.3 134.507
0.1,0.75,0.35 44.4617
0.1,0.75,0.4 0.051396
0.1,0.75,0.45 0.00539587
0.1,0.8,0.25 0.34712
0.1,0.8,0.3 1.84836
0.1,0.8,0.35 0.612784
0.1,0.8,0.4 0.000399726
0.15,0.05,0 3.77742e-13
0.15,0.05,0.05 0.00767793
0.15,0.05,0.1 0.030678
0.15,0.05,0.15 0.491307
0.15,0.05,0.2 12.0934
0.15,0.05,0.25 12.658
0.15,0.05,0.3 1.9371
0.15,0.05,0.35 10.5438
0.15,0.05,0.4 4.98791
0.15,0.05,0.45 0.0297992
0.15,0.1,0 2.55832e-10
0.15,0.1,0.05 5.19999
0.15,0.1,0.1 20.7771
0.15,0.1,0.15 8.64829
0.15,0.1,0.2 93.402
0.15,0.1,0.25 115.703
0.15,0.1,0.3 35.0484
0.15,0.1,0.35 170.635
0.15,0.1,0.4 80.6908
0.15,0.1,0.45 0.484587
0.15,0.15,0 7.00245e-10
0.15,0.15,0.05 23.1496
0.15,0.15,0.1 115.428
0.15,0.15,0.15 41.1927
0.15,0.15,0.2 104.209
0.15,0.15,0.25 320.65
0.15,0.15,0.3 150.073
0.15,0.15,0.35 146.444
0.15,0.15,0.4 80.4328
0.15,0.15,0.45 2.90805
0.15,0.2,0 1.18728e-10
0.15,0.2,0.05 62.1632
0.15,0.2,0.1 413.851
0.15,0.2,0.15 225.993
0.15,0.2,0.2 258.817
0.15,0.2,0.25 517.824
0.15,0.2,0.3 241.471
0.15,0.2,0.35 151.925
0.15,0.2,0.4 324.859
0.15,0.2,0.45 50.3914
0.15,0.25,0.05 44.2748
0.15,0.25,0.1 466.907
0.15,0.25,0.15 518.244
0.15,0.25,0.2 622.149
0.15,0.25,0.25 760.904
0.15,0.25,0.3 553.454
0.15,0.25,0.35 339.354
0.15,0.25,0.4 447.09
0.15,0.25,0.45 58.8629
0.15,0.3,0 2.09957e-10
0.15,0.3,0.05 17.3284
0.15,0.3,0.1 351.354
0.15,0.3,0.15 439.774
0.15,0.3,0.2 196.951
0.15,0.3,0.25 200.754
0.15,0.3,0.3 313.151
0.15,0.3,0.35 215.855
0.15,0.3,0.4 110.999
0.15,0.3,0.45 10.3601
0.15,0.35,0 4.53044e-09
0.15,0.35,0.05 1.731
0.15,0.35,0.1 49.5957
0.15,0.35,0.15 91.8577
0.15,0.35,0.2 41.6936
0.15,0.35,0.25 8.2711
0.15,0.35,0.3 19.2594
0.15,0.35,0.35 16.652
0.15,0.35,0.4 2.31622
0.15,0.35,0.45 0.22857
0.15,0.35,0.5 0.00570469
0.15,0.4,0 4.37054e-09
0.15,0.4,0.05 0.600725
0.15,0.4,0.1 9.47369
0.15,0.4,0.15 204.965
0.15,0.4,0.2 258.027
0.15,0.4,0.25 19.6198
0.15,0.4,0.3 2.25786
0.15,0.4,0.35 6.1274
0.15,0.4,0.4 88.0853
0.15,0.4,0.45 109.23
0.15,0.4,0.5 7.06049
0.15,0.45,0 1.77984e-10
0.15,0.45,0.05 14.6087
0.15,0.45,0.1 73.6716
0.15,0.45,0.15 405.843
0.15,0.45,0.2 646.901
0.15,0.45,0.25 274.112
0.15,0.45,0.3 292.747
0.15,0.45,0.35 276.72
0.15,0.45,0.4 374.585
0.15,0.45,0.45 400.315
0.15,0.45,0.5 25.2228
0.15,0.5,0 4.8352e-15
0.15,0.5,0.05 76.2852
0.15,0.5,0.1 381.509
0.15,0.5,0.15 612.943
0.15,0.5,0.2 741.503
0.15,0.5,0.25 579.6
0.15,0.5,0.3 775.355
0.15,0.5,0.35 734.386
0.15,0.5,0.4 495.242
0.15,0.5,0.45 208.636
0.15,0.5,0.5 11.5521
0.15,0.55,0.05 24.86
0.15,0.55,0.1 156.594
0.15,0.55,0.15 418.401
0.15,0.55,0.2 410.214
0.15,0.55,0.25 217.18
0.15,0.55,0.3 678.856
0.15,0.55,0.35 565.427
0.15,0.55,0.4 472.773
0.15,0.55,0.45 120.622
0.15,0.55,0.5 5.14922
0.15,0.6,0.05 0.0136091
0.15,0.6,0.1 2.24672
0.15,0.6,0.15 30.0492
0.15,0.6,0.2 78.6853
0.15,0.6,0.25 97.806
0.15,0.6,0.3 297.205
0.15,0.6,0.35 133.844
0.15,0.6,0.4 302.14
0.15,0.6,0.45 255.514
0.15,0.6,0.5 11.4707
0.15,0.65,0.1 7.73889
0.15,0.65,0.15 118.411
0.15,0.65,0.2 362.476
0.15,0.65,0.25 404.141
0.15,0.65,0.3 179.278
0.15,0.65,0.35 95.7603
0.15,0.65,0.4 466.895
0.15,0.65,0.45 273.593
0.15,0.65,0.5 9.60264
0.15,0.7,0.1 14.5453
0.15,0.7,0.15 208.319
0.15,0.7,0.2 504.772
0.15,0.7,0.25 522.679
0.15,0.7,0.3 443.665
0.15,0.7,0.35 140.198
0.15,0.7,0.4 134.834
0.15,0.7,0.45 40.3609
0.15,0.7,0.5 0.495525
0.15,0.75,0.1 1.60544
0.15,0.75,0.15 23.3872
0.15,0.75,0.2 60.5364
0.15,0.75,0.25 79.7234
0.15,0.75,0.3 200.338
0.15,0.75,0.35 71.8782
0.15,0.75,0.4 2.10575
0.15,0.75,0.45 0.28038
0.15,0.8,0.15 0.000105638
0.15,0.8,0.2 0.011385
0.15,0.8,0.25 0.666297
0.15,0.8,0.3 5.33671
0.15,0.8,0.35 3.12361
0.15,0.8,0.4 0.108992
0.15,0.8,0.45 0.00450237
0.2,0.05,0 2.59192e-12
0.2,0.05,0.05 0.0526829
0.2,0.05,0.1 0.2105
0.2,0.05,0.15 1.60711
0.2,0.05,0.2 38.8892
0.2,0.05,0.25 40.7561
0.2,0.05,0.3 4.17657
0.2,0.05,0.35 18.8484
0.2,0.05,0.4 9.73334
0.2,0.05,0.45 0.104311
0.2,0.1,0 1.75541e-09
0.2,0.1,0.05 35.6802
0.2,0.1,0.1 142.564
0.2,0.1,0.15 46.6778
0.2,0.1,0.2 278.719
0.2,0.1,0.25 311.002
0.2,0.1,0.3 66.7601
0.2,0.1,0.35 348.991
0.2,0.1,0.4 193.902
0.2,0.1,0.45 2.79427
0.2,0.15,0 4.8048e-09
0.2,0.15,0.05 99.2984
0.2,0.15,0.1 401.617
0.2,0.15,0.15 145.45
0.2,0.15,0.2 223.947
0.2,0.15,0.25 520.981
0.2,0.15,0.3 297.486
0.2,0.15,0.35 327.316
0.2,0.15,0.4 195.332
0.2,0.15,0.45 4.48733
0.2,0.2,0 8.14661e-10
0.2,0.2,0.05 32.1232
0.2,0.2,0.1 162.758
0.2,0.2,0.15 248.097
0.2,0.2,0.2 428.219
0.2,0.2,0.25 505.01
0.2,0.2,0.3 295.287
0.2,0.2,0.35 302.167
0.2,0.2,0.4 325.598
0.2,0.2,0.45 31.1
0.2,0.25,0.05 74.9758
0.2,0.25,0.1 403.182
0.2,0.25,0.15 324.299
0.2,0.25,0.2 628.977
0.2,0.25,0.25 525.521
0.2,0.25,0.3 477.311
0.2,0.25,0.35 820.555
0.2,0.25,0.4 592.831
0.2,0.25,0.45 35.3052
0.2,0.3,0 1.40098e-08
0.2,0.3,0.05 57.5738
0.2,0.3,0.1 433.142
0.2,0.3,0.15 409.707
0.2,0.3,0.2 638.282
0.2,0.3,0.25 489.776
0.2,0.3,0.3 294.09
0.2,0.3,0.35 344.744
0.2,0.3,0.4 168.105
0.2,0.3,0.45 3.42676
0.2,0.35,0 3.02302e-07
0.2,0.35,0.05 43.6824
0.2,0.35,0.1 221.95
0.2,0.35,0.15 162.623
0.2,0.35,0.2 104.578
0.2,0.35,0.25 53.7884
0.2,0.35,0.3 7.53176
0.2,0.35,0.35 8.92942
0.2,0.35,0.4 4.93356
0.2,0.35,0.45 0.272106
0.2,0.35,0.5 0.000835381
0.2,0.4,0 2.91925e-07
0.2,0.4,0.05 48.2749
0.2,0.4,0.1 214.839
0.2,0.4,0.15 313.392
0.2,0.4,0.2 184.236
0.2,0.4,0.25 16.1176
0.2,0.4,0.3 6.40435
0.2,0.4,0.35 14.2812
0.2,0.4,0.4 62.1684
0.2,0.4,0.45 32.1536
0.2,0.4,0.5 1.17145
0.2,0.45,0 1.28893e-08
0.2,0.45,0.05 42.9305
0.2,0.45,0.1 223.048
0.2,0.45,0.15 533.251
0.2,0.45,0.2 497.61
0.2,0.45,0.25 182.938
0.2,0.45,0.3 373.681
0.2,0.45,0.35 395.555
0.2,0.45,0.4 525.71
0.2,0.45,0.45 309.727
0.2,0.45,0.5 12.8899
0.2,0.5,0 2.18887e-10
0.2,0.5,0.05 74.4803
0.2,0.5,0.1 404.186
0.2,0.5,0.15 591.004
0.2,0.5,0.2 568.503
0.2,0.5,0.25 296.406
0.2,0.5,0.3 782.313
0.2,0.5,0.35 703.955
0.2,0.5,0.4 598.348
0.2,0.5,0.45 409.332
0.2,0.5,0.5 18.4843
0.2,0.55,0.05 25.068
0.2,0.55,0.1 137.097
0.2,0.55,0.15 232.086
0.2,0.55,0.2 354.185
0.2,0.55,0.25 205.056
0.2,0.55,0.3 700.593
0.2,0.55,0.35 466.11
0.2,0.55,0.4 412.193
0.2,0.55,0.45 118.941
0.2,0.55,0.5 3.17711
0.2,0.6,0.05 0.266541
0.2,0.6,0.1 2.0902
0.2,0.6,0.15 142.126
0.2,0.6,0.2 566.513
0.2,0.6,0.25 289.45
0.2,0.6,0.3 538.171
0.2,0.6,0.35 313.316
0.2,0.6,0.4 463.703
0.2,0.6,0.45 159.515
0.2,0.6,0.5 4.42797
0.2,0.65,0.05 1.89907
0.2,0.65,0.1 29.9281
0.2,0.65,0.15 238.977
0.2,0.65,0.2 715.446
0.2,0.65,0.25 578.935
0.2,0.65,0.3 256.956
0.2,0.65,0.35 286.012
0.2,0.65,0.4 728.959
0.2,0.65,0.45 222.605
0.2,0.65,0.5 4.81984
0.2,0.7,0.05 3.52654
0.2,0.7,0.1 55.8257
0.2,0.7,0.15 301.836
0.2,0.7,0.2 458.08
0.2,0.7,0.25 509.197
0.2,0.7,0.3 430.798
0.2,0.7,0.35 357.859
0.2,0.7,0.4 359.849
0.2,0.7,0.45 62.2787
0.2,0.7,0.5 0.250057
0.2,0.75,0.05 0.383482
0.2,0.75,0.1 6.10471
0.2,0.75,0.15 33.0952
0.2,0.75,0.2 98.6223
0.2,0.75,0.25 175.873
0.2,0.75,0.3 335.878
0.2,0.75,0.35 315.341
0.2,0.75,0.4 134.963
0.2,0.75,0.45 12.7014
0.2,0.8,0.15 0.0404748
0.2,0.8,0.2 4.37096
0.2,0.8,0.25 11.577
0.2,0.8,0.3 51.1235
0.2,0.8,0.35 43.088
0.2,0.8,0.4 7.07631
0.2,0.8,0.45 0.589384
0.25,0.05,0 1.08787e-12
0.25,0.05,0.05 0.0221119
0.25,0.05,0.1 0.0883506
0.25,0.05,0.15 0.333797
0.25,0.05,0.2 10.046
0.25,0.05,0.25 17.3353
0.25,0.05,0.3 8.73071
0.25,0.05,0.35 11.0278
0.25,0.05,0.4 5.47581
0.25,0.05,0.45 0.146783
0.25,0.1,0 7.36776e-10
0.25,0.1,0.05 14.9756
0.25,0.1,0.1 59.8794
0.25,0.1,0.15 19.187
0.25,0.1,0.2 99.2674
0.25,0.1,0.25 228.821
0.25,0.1,0.3 142.631
0.25,0.1,0.35 280.161
0.25,0.1,0.4 178.894
0.25,0.1,0.45 5.11089
0.25,0.15,0 2.01665e-09
0.25,0.15,0.05 41.2885
0.25,0.15,0.1 166.839
0.25,0.15,0.15 106.231
0.25,0.15,0.2 308.517
0.25,0.15,0.25 598.152
0.25,0.15,0.3 319.143
0.25,0.15,0.35 348.24
0.25,0.15,0.4 228.864
0.25,0.15,0.45 6.40062
0.25,0.2,0 3.41926e-10
0.25,0.2,0.05 12.1474
0.25,0.2,0.1 64.0882
0.25,0.2,0.15 242.2
0.25,0.2,0.2 674.434
0.25,0.2,0.25 682.44
0.25,0.2,0.3 346.512
0.25,0.2,0.35 389.291
0.25,0.2,0.4 225.608
0.25,0.2,0.45 12.4909
0.25,0.25,0.05 39.4311
0.25,0.25,0.1 197.335
0.25,0.25,0.15 155.249
0.25,0.25,0.2 340.561
0.25,0.25,0.25 224.36
0.25,0.25,0.3 224.735
0.25,0.25,0.35 735.503
0.25,0.25,0.4 462.41
0.25,0.25,0.45 28.1009
0.25,0.3,0 2.25687e-08
0.25,0.3,0.05 31.7372
0.25,0.3,0.1 158.002
0.25,0.3,0.15 129.432
0.25,0.3,0.2 403.645
0.25,0.3,0.25 363.546
0.25,0.3,0.3 179.438
0.25,0.3,0.35 231.039
0.25,0.3,0.4 215.75
0.25,0.3,0.45 30.9842
0.25,0.35,0 5.00198e-07
0.25,0.35,0.05 68.3404
0.25,0.35,0.1 307.87
0.25,0.35,0.15 436.886
0.25,0.35,0.2 296.876
0.25,0.35,0.25 150.685
