0,0.5,0.2 5.1496e-15
0,0.5,0.25 5.51094e-14
0,0.5,0.3 3.34197e-14
0,0.5,0.35 4.68489e-16
0,0.55,0.2 1.46718e-13
0,0.55,0.25 1.57013e-12
0,0.55,0.3 9.52165e-13
0,0.55,0.35 1.33478e-14
0,0.6,0.2 1.64393e-13
0,0.6,0.25 1.75928e-12
0,0.6,0.3 1.06687e-12
0,0.6,0.35 1.49558e-14
0,0.65,0.2 8.69893e-15
0,0.65,0.25 9.30934e-14
0,0.65,0.3 5.64541e-14
0,0.65,0.35 7.91393e-16
0.05,0.1,0.05 0.0912208
0.05,0.1,0.1 7.51948
0.05,0.1,0.15 13.0152
0.05,0.1,0.2 1.29625
0.05,0.1,0.25 0.00015644
0.05,0.15,0 1.83915e-16
0.05,0.15,0.05 0.494458
0.05,0.15,0.1 40.7464
0.05,0.15,0.15 72.6586
0.05,0.15,0.2 11.6197
0.05,0.15,0.25 0.592427
0.05,0.15,0.3 0.028073
0.05,0.15,0.35 0.0628547
0.05,0.15,0.4 0.00884394
0.05,0.2,0 6.19752e-15
0.05,0.2,0.05 0.198411
0.05,0.2,0.1 13.8963
0.05,0.2,0.15 30.8728
0.05,0.2,0.2 17.8491
0.05,0.2,0.25 13.6456
0.05,0.2,0.3 16.0754
0.05,0.2,0.35 5.90062
0.05,0.2,0.4 0.71751
0.05,0.25,0 5.6899e-14
0.05,0.25,0.05 0.366729
0.05,0.25,0.1 1.48807
0.05,0.25,0.15 2.95198
0.05,0.25,0.2 7.1528
0.05,0.25,0.25 42.099
0.05,0.25,0.3 52.7519
0.05,0.25,0.35 11.6158
0.05,0.25,0.4 1.23544
0.05,0.3,0 3.84023e-14
0.05,0.3,0.05 0.250637
0.05,0.3,0.1 1.00577
0.05,0.3,0.15 1.44954
0.05,0.3,0.2 3.24693
0.05,0.3,0.25 9.55049
0.05,0.3,0.3 11.1705
0.05,0.3,0.35 1.49403
0.05,0.3,0.4 0.122117
0.05,0.35,0 2.9298e-10
0.05,0.35,0.05 1.34787
0.05,0.35,0.1 5.38196
0.05,0.35,0.15 1.40034
0.05,0.35,0.2 0.141592
0.05,0.35,0.25 0.0214845
0.05,0.4,0 1.17859e-09
0.05,0.4,0.05 5.4024
0.05,0.4,0.1 21.5721
0.05,0.4,0.15 5.46341
0.05,0.4,0.2 0.229632
0.05,0.4,0.25 0.0547946
0.05,0.4,0.3 3.97203e-06
0.05,0.45,0 2.96394e-10
0.05,0.45,0.05 1.40132
0.05,0.45,0.1 5.62644
0.05,0.45,0.15 15.467
0.05,0.45,0.2 57.7251
0.05,0.45,0.25 15.3387
0.05,0.45,0.3 0.0219276
0.05,0.45,0.35 0.00130644
0.05,0.45,0.4 0.000342532
0.05,0.45,0.45 1.3517e-05
0.05,0.5,0 1.42835e-12
0.05,0.5,0.05 0.876939
0.05,0.5,0.1 3.53584
0.05,0.5,0.15 34.5817
0.05,0.5,0.2 141.401
0.05,0.5,0.25 41.61
0.05,0.5,0.3 3.28353
0.05,0.5,0.35 0.113113
0.05,0.5,0.4 0.00343415
0.05,0.5,0.45 0.00013265
0.05,0.55,0 1.33311e-12
0.05,0.55,0.05 0.818467
0.05,0.55,0.1 3.27386
0.05,0.55,0.15 6.07385
0.05,0.55,0.2 29.8678
0.05,0.55,0.25 73.2167
0.05,0.55,0.3 41.8451
0.05,0.55,0.35 1.12362
0.05,0.55,0.4 0.0100865
0.05,0.55,0.45 7.52278e-05
0.05,0.6,0 5.10195e-14
0.05,0.6,0.05 0.0313236
0.05,0.6,0.1 0.12525
0.05,0.6,0.15 0.242478
0.05,0.6,0.2 10.002
0.05,0.6,0.25 72.8543
0.05,0.6,0.3 46.1802
0.05,0.6,0.35 6.28606
0.05,0.6,0.4 0.620165
0.05,0.6,0.45 8.61179e-07
0.05,0.65,0.15 0.734217
0.05,0.65,0.2 7.05228
0.05,0.65,0.25 7.35116
0.05,0.65,0.3 8.90415
0.05,0.65,0.35 13.6027
0.05,0.65,0.4 1.67698
0.05,0.7,0.15 8.95268
0.05,0.7,0.2 80.2634
0.05,0.7,0.25 42.3485
0.05,0.7,0.3 1.4949
0.05,0.7,0.35 2.30874
0.05,0.7,0.4 0.286851
0.05,0.75,0.15 6.08
0.05,0.75,0.2 54.509
0.05,0.75,0.25 28.7551
0.05,0.75,0.3 0.258987
0.05,0.8,0.15 0.115915
0.05,0.8,0.2 1.03921
0.05,0.8,0.25 0.548213
0.05,0.8,0.3 0.00493755
0.1,0,0.1 2.01027e-19
0.1,0,0.15 6.84176e-17
0.1,0,0.2 1.67834e-16
0.1,0,0.25 2.52659e-17
0.1,0.05,0.1 2.64753e-06
0.1,0.05,0.15 0.000901064
0.1,0.05,0.2 0.195085
0.1,0.05,0.25 1.75263
0.1,0.05,0.3 0.934418
0.1,0.05,0.35 0.00873589
0.1,0.1,0.05 0.469152
0.1,0.1,0.1 38.673
0.1,0.1,0.15 66.9717
0.1,0.1,0.2 7.89557
0.1,0.1,0.25 7.74902
0.1,0.1,0.3 4.03945
0.1,0.1,0.35 0.064064
0.1,0.1,0.4 1.45809e-05
0.1,0.15,0 1.61724e-12
0.1,0.15,0.05 5.33265
0.1,0.15,0.1 220.894
0.1,0.15,0.15 408.109
0.1,0.15,0.2 132.247
0.1,0.15,0.25 19.1493
0.1,0.15,0.3 7.92472
0.1,0.15,0.35 3.6886
0.1,0.15,0.4 0.244554
0.1,0.2,0 1.6235e-11
0.1,0.2,0.05 31.3151
0.1,0.2,0.1 193.207
0.1,0.2,0.15 297.585
0.1,0.2,0.2 332.442
0.1,0.2,0.25 123.831
0.1,0.2,0.3 160.841
0.1,0.2,0.35 148.68
0.1,0.2,0.4 19.7576
0.1,0.25,0 1.52925e-11
0.1,0.25,0.05 57.3636
0.1,0.25,0.1 229.807
0.1,0.25,0.15 153.069
0.1,0.25,0.2 238.099
0.1,0.25,0.25 307.599
0.1,0.25,0.3 423.881
0.1,0.25,0.35 260.106
0.1,0.25,0.4 34.0166
0.1,0.3,0 4.52776e-12
0.1,0.3,0.05 29.4396
0.1,0.3,0.1 117.931
0.1,0.3,0.15 97.1984
0.1,0.3,0.2 169.516
0.1,0.3,0.25 85.8297
0.1,0.3,0.3 80.6164
0.1,0.3,0.35 27.9012
0.1,0.3,0.4 3.36236
0.1,0.35,0 4.53774e-09
0.1,0.35,0.05 21.5211
0.1,0.35,0.1 85.9429
0.1,0.35,0.15 24.6815
0.1,0.35,0.2 7.99436
0.1,0.35,0.25 1.21302
0.1,0.4,0 1.82539e-08
0.1,0.4,0.05 83.6724
0.1,0.4,0.1 334.322
0.1,0.4,0.15 88.9102
0.1,0.4,0.2 6.6814
0.1,0.4,0.25 0.636136
0.1,0.4,0.3 0.000178627
0.1,0.45,0 4.59304e-09
0.1,0.45,0.05 24.3266
0.1,0.45,0.1 101.573
0.1,0.45,0.15 202.647
0.1,0.45,0.2 431.781
0.1,0.45,0.25 95.562
0.1,0.45,0.3 1.43111
0.1,0.45,0.35 7.87322
0.1,0.45,0.4 7.42724
0.1,0.45,0.45 0.293094
0.1,0.5,0 7.30804e-11
0.1,0.5,0.05 49.5816
0.1,0.5,0.1 202.9
0.1,0.5,0.15 347.789
0.1,0.5,0.2 903.754
0.1,0.5,0.25 316.269
0.1,0.5,0.3 103.123
0.1,0.5,0.35 87.103
0.1,0.5,0.4 73.6037
0.1,0.5,0.45 2.87672
0.1,0.55,0 6.82076e-11
0.1,0.55,0.05 43.1965
0.1,0.55,0.1 174.599
0.1,0.55,0.15 137.925
0.1,0.55,0.2 335.655
0.1,0.55,0.25 550.194
0.1,0.55,0.3 441.929
0.1,0.55,0.35 182.445
0.1,0.55,0.4 51.6676
0.1,0.55,0.45 1.6323
0.1,0.6,0 2.61038e-12
0.1,0.6,0.05 2.31947
0.1,0.6,0.1 14.7624
0.1,0.6,0.15 24.5486
0.1,0.6,0.2 201.416
0.1,0.6,0.25 449.455
0.1,0.6,0.3 422.219
0.1,0.6,0.35 258.451
0.1,0.6,0.4 21.4898
0.1,0.6,0.45 0.0188505
0.1,0.65,0.05 0.587336
0.1,0.65,0.1 11.2793
0.1,0.65,0.15 28.3359
0.1,0.65,0.2 54.8572
0.1,0.65,0.25 52.4376
0.1,0.65,0.3 171.136
0.1,0.65,0.35 293.371
0.1,0.65,0.4 35.2291
0.1,0.7,0.05 0.0179509
0.1,0.7,0.1 15.4497
0.1,0.7,0.15 101.014
0.1,0.7,0.2 363.641
0.1,0.7,0.25 213.907
0.1,0.7,0.3 61.0095
0.1,0.7,0.35 49.6704
0.1,0.7,0.4 5.97552
0.1,0.75,0.05 0.000136138
0.1,0.75,0.1 3.19496
0.1,0.75,0.15 39.5413
0.1,0.75,0.2 229.789
0.1,0.75,0.25 127.195
0.1,0.75,0.3 10.5242
0.1,0.75,0.35 0.361547
0.1,0.8,0.1 0.0255527
0.1,0.8,0.15 2.20048
0.1,0.8,0.2 7.15926
0.1,0.8,0.25 2.82304
0.1,0.8,0.3 0.0652675
0.1,0.8,0.35 1.27809e-05
0.1,0.85,0.1 0.000695035
0.1,0.85,0.15 0.0475925
0.1,0.85,0.2 0.141663
0.1,0.85,0.25 0.141491
0.1,0.85,0.3 0.016604
0.1,0.9,0.15 6.76454e-07
0.1,0.9,0.2 0.000102641
0.1,0.9,0.25 0.000211639
0.1,0.9,0.3 2.61245e-05
0.15,0,0.1 2.5992e-15
0.15,0,0.15 8.84613e-13
0.15,0,0.2 2.17003e-12
0.15,0,0.25 3.26679e-13
0.15,0.05,0 3.77742e-13
0.15,0.05,0.05 0.00767793
0.15,0.05,0.1 0.0649096
0.15,0.05,0.15 11.6581
0.15,0.05,0.2 35.1892
0.15,0.05,0.25 63.9364
0.15,0.05,0.3 31.6535
0.15,0.05,0.35 0.292699
0.15,0.1,0 2.55832e-10
0.15,0.1,0.05 5.35039
0.15,0.1,0.1 33.3119
0.15,0.1,0.15 74.0201
0.15,0.1,0.2 158.319
0.15,0.1,0.25 284.668
0.15,0.1,0.3 137.785
0.15,0.1,0.35 1.93612
0.15,0.1,0.4 0.000372586
0.15,0.15,0 7.0896e-10
0.15,0.15,0.05 24.7899
0.15,0.15,0.1 163.259
0.15,0.15,0.15 210.845
0.15,0.15,0.2 333.653
0.15,0.15,0.25 267.914
0.15,0.15,0.3 202.456
0.15,0.15,0.35 54.3625
0.15,0.15,0.4 0.295656
0.15,0.2,0 2.0535e-10
0.15,0.2,0.05 104.4
0.15,0.2,0.1 439.864
0.15,0.2,0.15 383.895
0.15,0.2,0.2 715.666
0.15,0.2,0.25 347.655
0.15,0.2,0.3 428.387
0.15,0.2,0.35 249.282
0.15,0.2,0.4 21.801
0.15,0.25,0 6.20458e-11
0.15,0.25,0.05 149.866
0.15,0.25,0.1 599.847
0.15,0.25,0.15 339.195
0.15,0.25,0.2 524.294
0.15,0.25,0.25 448.39
0.15,0.25,0.3 417.842
0.15,0.25,0.35 286.222
0.15,0.25,0.4 37.4612
0.15,0.3,0 1.0722e-11
0.15,0.3,0.05 110.087
0.15,0.3,0.1 440.586
0.15,0.3,0.15 214.31
0.15,0.3,0.2 265.436
0.15,0.3,0.25 122.131
0.15,0.3,0.3 72.6918
0.15,0.3,0.35 28.3894
0.15,0.3,0.4 3.70236
0.15,0.35,0 3.57402e-09
0.15,0.35,0.05 35.82
0.15,0.35,0.1 143.171
0.15,0.35,0.15 40.6903
0.15,0.35,0.2 12.197
0.15,0.35,0.25 1.85885
0.15,0.35,0.3 8.54738e-08
0.15,0.4,0 1.43752e-08
0.15,0.4,0.05 65.9443
0.15,0.4,0.1 269.934
0.15,0.4,0.15 109.599
0.15,0.4,0.2 24.315
0.15,0.4,0.25 0.891792
0.15,0.4,0.3 0.014677
0.15,0.45,0 3.61949e-09
0.15,0.45,0.05 38.4942
0.15,0.45,0.1 196.556
0.15,0.45,0.15 510.091
0.15,0.45,0.2 491.882
0.15,0.45,0.25 118.546
0.15,0.45,0.3 13.8656
0.15,0.45,0.35 32.6269
0.15,0.45,0.4 26.9836
0.15,0.45,0.45 1.0571
0.15,0.5,0 1.06559e-10
0.15,0.5,0.05 146.53
0.15,0.5,0.1 611.496
0.15,0.5,0.15 645.237
0.15,0.5,0.2 832.321
0.15,0.5,0.25 464.688
0.15,0.5,0.3 241.521
0.15,0.5,0.35 384.98
0.15,0.5,0.4 307.936
0.15,0.5,0.45 14.1966
0.15,0.55,0 9.94536e-11
0.15,0.55,0.05 84.1079
0.15,0.55,0.1 350.594
0.15,0.55,0.15 366.506
0.15,0.55,0.2 590.487
0.15,0.55,0.25 722.998
0.15,0.55,0.3 802.139
0.15,0.55,0.35 699.837
0.15,0.55,0.4 296.702
0.15,0.55,0.45 15.9543
0.15,0.6,0 3.8062e-12
0.15,0.6,0.05 24.1742
0.15,0.6,0.1 227.82
0.15,0.6,0.15 181.004
0.15,0.6,0.2 295.164
0.15,0.6,0.25 469.333
0.15,0.6,0.3 664.421
0.15,0.6,0.35 540.705
0.15,0.6,0.4 62.4159
0.15,0.6,0.45 1.68512
0.15,0.65,0.05 35.8132
0.15,0.65,0.1 285.149
0.15,0.65,0.15 306.617
0.15,0.65,0.2 198.834
0.15,0.65,0.25 170.598
0.15,0.65,0.3 326.784
0.15,0.65,0.35 305.636
0.15,0.65,0.4 33.9919
0.15,0.65,0.45 0.000222957
0.15,0.7,0 4.65265e-17
0.15,0.7,0.05 9.16155
0.15,0.7,0.1 158.554
0.15,0.7,0.15 585.907
0.15,0.7,0.2 552.95
0.15,0.7,0.25 519.06
0.15,0.7,0.3 512.715
0.15,0.7,0.35 82.0801
0.15,0.7,0.4 5.6491
0.15,0.75,0 2.72516e-16
0.15,0.75,0.05 12.0159
0.15,0.75,0.1 86.087
0.15,0.75,0.15 267.941
0.15,0.75,0.2 365.105
0.15,0.75,0.25 202.841
0.15,0.75,0.3 109.137
0.15,0.75,0.35 6.43099
0.15,0.8,0 9.89179e-17
0.15,0.8,0.05 4.57558
0.15,0.8,0.1 31.5445
0.15,0.8,0.15 146.654
0.15,0.8,0.2 240.532
0.15,0.8,0.25 166.46
0.15,0.8,0.3 18.0615
0.15,0.8,0.35 0.000103617
0.15,0.85,0 1.39309e-19
0.15,0.85,0.05 0.00897921
0.15,0.85,0.1 1.29308
0.15,0.85,0.15 9.80622
0.15,0.85,0.2 32.3884
0.15,0.85,0.25 53.8645
0.15,0.85,0.3 6.60625
0.15,0.9,0.15 0.000269138
0.15,0.9,0.2 0.0408374
0.15,0.9,0.25 0.0842039
0.15,0.9,0.3 0.010394
0.2,0,0.1 1.21643e-14
0.2,0,0.15 3.22306e-12
0.2,0,0.2 7.76518e-12
0.2,0,0.25 1.15536e-12
0.2,0.05,0 2.59192e-12
0.2,0.05,0.05 0.0526829
0.2,0.05,0.1 0.378384
0.2,0.05,0.15 43.9562
0.2,0.05,0.2 118.044
0.2,0.05,0.25 122.197
0.2,0.05,0.3 52.8605
0.2,0.05,0.35 0.405309
0.2,0.1,0 1.75541e-09
0.2,0.1,0.05 35.7263
0.2,0.1,0.1 145.623
0.2,0.1,0.15 244.178
0.2,0.1,0.2 554.763
0.2,0.1,0.25 638.051
0.2,0.1,0.3 270.937
0.2,0.1,0.35 2.60645
0.2,0.1,0.4 0.000530344
0.2,0.15,0 4.92556e-09
0.2,0.15,0.05 105.997
0.2,0.15,0.1 440.981
0.2,0.15,0.15 258.399
0.2,0.15,0.2 499.873
0.2,0.15,0.25 459.421
0.2,0.15,0.3 349.215
0.2,0.15,0.35 83.171
0.2,0.15,0.4 0.19848
0.2,0.2,0 2.02103e-09
0.2,0.2,0.05 101.439
0.2,0.2,0.1 415.458
0.2,0.2,0.15 362.361
0.2,0.2,0.2 767.968
0.2,0.2,0.25 445.762
0.2,0.2,0.3 801.154
0.2,0.2,0.35 256.094
0.2,0.2,0.4 1.69663
0.2,0.25,0 7.042e-10
0.2,0.25,0.05 146.542
0.2,0.25,0.1 588.626
0.2,0.25,0.15 356.284
0.2,0.25,0.2 526.673
0.2,0.25,0.25 427.723
0.2,0.25,0.3 486.001
0.2,0.25,0.35 127.494
0.2,0.25,0.4 2.131
0.2,0.3,0 1.80979e-11
0.2,0.3,0.05 157.464
0.2,0.3,0.1 631.71
0.2,0.3,0.15 267.789
0.2,0.3,0.2 264.468
0.2,0.3,0.25 118.541
0.2,0.3,0.3 57.1594
0.2,0.3,0.35 8.8504
0.2,0.3,0.4 0.201154
0.2,0.35,0 9.75666e-11
0.2,0.35,0.05 61.8292
0.2,0.35,0.1 247.598
0.2,0.35,0.15 66.7291
0.2,0.35,0.2 12.9293
0.2,0.35,0.25 2.83187
0.2,0.35,0.3 0.0252299
0.2,0.35,0.35 0.00990438
0.2,0.35,0.4 2.34985e-05
0.2,0.4,0 3.89582e-10
0.2,0.4,0.05 32.424
0.2,0.4,0.1 168.083
0.2,0.4,0.15 186.818
0.2,0.4,0.2 44.6335
0.2,0.4,0.25 1.13774
0.2,0.4,0.3 0.0533692
0.2,0.45,0 1.72553e-10
0.2,0.45,0.05 41.8903
0.2,0.45,0.1 307.729
0.2,0.45,0.15 751.956
0.2,0.45,0.2 380.227
0.2,0.45,0.25 156.902
0.2,0.45,0.3 36.0553
0.2,0.45,0.35 30.2569
0.2,0.45,0.4 7.94214
0.2,0.45,0.45 0.263284
0.2,0.5,0 2.07059e-10
0.2,0.5,0.05 95.1736
0.2,0.5,0.1 423.362
0.2,0.5,0.15 553.663
0.2,0.5,0.2 699.322
0.2,0.5,0.25 693.369
0.2,0.5,0.3 417.997
0.2,0.5,0.35 493.509
0.2,0.5,0.4 243.27
0.2,0.5,0.45 15.92
0.2,0.55,0 5.68868e-11
0.2,0.55,0.05 45.0833
0.2,0.55,0.1 214.127
0.2,0.55,0.15 215.915
0.2,0.55,0.2 350.596
0.2,0.55,0.25 702.529
0.2,0.55,0.3 723.542
0.2,0.55,0.35 784.935
0.2,0.55,0.4 512.573
0.2,0.55,0.45 36.8729
0.2,0.6,0 1.41219e-12
0.2,0.6,0.05 59.5162
0.2,0.6,0.1 412.298
0.2,0.6,0.15 250.101
0.2,0.6,0.2 202.021
0.2,0.6,0.25 451.26
0.2,0.6,0.3 467.284
0.2,0.6,0.35 361.642
0.2,0.6,0.4 153.142
0.2,0.6,0.45 6.38924
0.2,0.65,0 3.55252e-12
0.2,0.65,0.05 124.514
0.2,0.65,0.1 651.254
0.2,0.65,0.15 568.117
0.2,0.65,0.2 489.149
0.2,0.65,0.25 280.37
0.2,0.65,0.3 299.942
0.2,0.65,0.35 92.9479
0.2,0.65,0.4 18.674
0.2,0.65,0.45 0.147635
0.2,0.7,0 1.94933e-11
0.2,0.7,0.05 60.3921
0.2,0.7,0.1 379.535
0.2,0.7,0.15 770.94
0.2,0.7,0.2 606.3
0.2,0.7,0.25 528.39
0.2,0.7,0.3 735.629
0.2,0.7,0.35 92.8902
0.2,0.7,0.4 1.29234
0.2,0.75,0 7.88081e-11
0.2,0.75,0.05 111.181
0.2,0.75,0.1 557.647
0.2,0.75,0.15 637.682
0.2,0.75,0.2 743.291
0.2,0.75,0.25 387.261
0.2,0.75,0.3 150.559
0.2,0.75,0.35 15.0201
0.2,0.75,0.4 0.00934141
0.2,0.8,0 2.83842e-11
0.2,0.8,0.05 41.5107
0.2,0.8,0.1 248.611
0.2,0.8,0.15 550.44
0.2,0.8,0.2 618.45
0.2,0.8,0.25 454.089
0.2,0.8,0.3 46.3028
0.2,0.8,0.35 5.02839e-05
0.2,0.85,0 3.99744e-14
0.2,0.85,0.05 0.0760909
0.2,0.85,0.1 8.50316
0.2,0.85,0.15 52.7297
0.2,0.85,0.2 89.0451
0.2,0.85,0.25 135.512
0.2,0.85,0.3 16.6589
0.2,0.9,0.15 0.000678657
0.2,0.9,0.2 0.102975
0.2,0.9,0.25 0.212328
0.2,0.9,0.3 0.0262095
0.25,0,0.1 4.4342e-13
0.25,0,0.15 1.88157e-11
0.25,0,0.2 3.02295e-11
0.25,0,0.25 9.49296e-11
0.25,0,0.3 8.83967e-11
0.25,0,0.35 3.50098e-12
0.25,0.05,0 1.08787e-12
0.25,0.05,0.05 0.0221119
0.25,0.05,0.1 1.01792
0.25,0.05,0.15 51.1857
0.25,0.05,0.2 88.7831
0.25,0.05,0.25 66.3357
0.25,0.05,0.3 32.7274
0.25,0.05,0.35 0.62237
0.25,0.1,0 7.36776e-10
0.25,0.1,0.05 15.4749
0.25,0.1,0.1 86.6449
0.25,0.1,0.15 382.403
0.25,0.1,0.2 600.378
0.25,0.1,0.25 421.009
0.25,0.1,0.3 195.739
0.25,0.1,0.35 4.16879
0.25,0.1,0.4 0.007719
0.25,0.15,0 2.17013e-09
0.25,0.15,0.05 53.3668
0.25,0.15,0.1 399.069
0.25,0.15,0.15 563.644
0.25,0.15,0.2 544.409
0.25,0.15,0.25 286.488
0.25,0.15,0.3 247.504
