0.25,0.2,0.15 421.732
0.25,0.2,0.2 408.424
0.25,0.2,0.25 302.866
0.25,0.2,0.3 709.435
0.25,0.2,0.35 371.889
0.25,0.2,0.4 24.9081
0.25,0.25,0 8.86408e-10
0.25,0.25,0.05 89.4212
0.25,0.25,0.1 367.383
0.25,0.25,0.15 399.969
0.25,0.25,0.2 600.795
0.25,0.25,0.25 296.227
0.25,0.25,0.3 527.315
0.25,0.25,0.35 196.97
0.25,0.25,0.4 4.80835
0.25,0.3,0 2.63842e-11
0.25,0.3,0.05 46.1152
0.25,0.3,0.1 210.777
0.25,0.3,0.15 371.217
0.25,0.3,0.2 574.791
0.25,0.3,0.25 192.768
0.25,0.3,0.3 174.654
0.25,0.3,0.35 66.3972
0.25,0.3,0.4 0.181022
0.25,0.35,0 5.42122e-10
0.25,0.35,0.05 81.8824
0.25,0.35,0.1 412.549
0.25,0.35,0.15 282.984
0.25,0.35,0.2 111.701
0.25,0.35,0.25 21.2372
0.25,0.35,0.3 23.6093
0.25,0.35,0.35 9.37492
0.25,0.35,0.4 0.0270349
0.25,0.4,0 1.68896e-09
0.25,0.4,0.05 111.5
0.25,0.4,0.1 520.996
0.25,0.4,0.15 338.047
0.25,0.4,0.2 126.698
0.25,0.4,0.25 17.238
0.25,0.4,0.3 0.345107
0.25,0.45,0 1.07111e-09
0.25,0.45,0.05 148.433
0.25,0.45,0.1 656.432
0.25,0.45,0.15 435.599
0.25,0.45,0.2 313.916
0.25,0.45,0.25 214.727
0.25,0.45,0.3 40.7737
0.25,0.45,0.35 21.1832
0.25,0.45,0.4 0.95002
0.25,0.45,0.45 0.00965768
0.25,0.5,0 1.63707e-09
0.25,0.5,0.05 180.689
0.25,0.5,0.1 736.668
0.25,0.5,0.15 350.105
0.25,0.5,0.2 457.837
0.25,0.5,0.25 608.309
0.25,0.5,0.3 455.135
0.25,0.5,0.35 361.343
0.25,0.5,0.4 105.686
0.25,0.5,0.45 3.65431
0.25,0.55,0 2.49165e-09
0.25,0.55,0.05 117.88
0.25,0.55,0.1 546
0.25,0.55,0.15 220.694
0.25,0.55,0.2 199.475
0.25,0.55,0.25 641.484
0.25,0.55,0.3 669.894
0.25,0.55,0.35 713.387
0.25,0.55,0.4 329.984
0.25,0.55,0.45 9.86702
0.25,0.6,0 1.70083e-08
0.25,0.6,0.05 70.4339
0.25,0.6,0.1 412.223
0.25,0.6,0.15 287.715
0.25,0.6,0.2 327.488
0.25,0.6,0.25 557.45
0.25,0.6,0.3 517.731
0.25,0.6,0.35 578.26
0.25,0.6,0.4 250.316
0.25,0.6,0.45 3.60703
0.25,0.65,0 8.80905e-09
0.25,0.65,0.05 86.5731
0.25,0.65,0.1 389.698
0.25,0.65,0.15 562.05
0.25,0.65,0.2 657.956
0.25,0.65,0.25 309.442
0.25,0.65,0.3 346.674
0.25,0.65,0.35 396.8
0.25,0.65,0.4 80.1575
0.25,0.65,0.45 0.428998
0.25,0.7,0 6.50301e-10
0.25,0.7,0.05 117.866
0.25,0.7,0.1 535.511
0.25,0.7,0.15 469.983
0.25,0.7,0.2 380.714
0.25,0.7,0.25 211.144
0.25,0.7,0.3 354.329
0.25,0.7,0.35 182.06
0.25,0.7,0.4 20.101
0.25,0.75,0 5.87655e-11
0.25,0.75,0.05 143.52
0.25,0.75,0.1 656.741
0.25,0.75,0.15 352.927
0.25,0.75,0.2 285.899
0.25,0.75,0.25 164.755
0.25,0.75,0.3 59.4289
0.25,0.75,0.35 8.69586
0.25,0.75,0.4 0.144209
0.25,0.8,0.05 48.9374
0.25,0.8,0.1 237.201
0.25,0.8,0.15 227.484
0.25,0.8,0.2 155.39
0.25,0.8,0.25 96.5532
0.25,0.8,0.3 8.4193
0.25,0.8,0.35 1.07866e-07
0.25,0.85,0.05 0.0735238
0.25,0.85,0.1 3.43171
0.25,0.85,0.15 19.8972
0.25,0.85,0.2 17.6162
0.25,0.85,0.25 20.8791
0.25,0.85,0.3 2.71837
0.25,0.9,0.15 5.80975e-05
0.25,0.9,0.2 0.0107602
0.25,0.9,0.25 0.0232846
0.25,0.9,0.3 0.0030415
0.3,0,0.1 8.98235e-13
0.3,0,0.15 3.69085e-11
0.3,0,0.2 7.2462e-11
0.3,0,0.25 4.93977e-10
0.3,0,0.3 4.6626e-10
0.3,0,0.35 1.84664e-11
0.3,0.05,0 8.01219e-13
0.3,0.05,0.05 0.302368
0.3,0.05,0.1 2.69373
0.3,0.05,0.15 62.9837
0.3,0.05,0.2 88.6571
0.3,0.05,0.25 84.0206
0.3,0.05,0.3 73.0904
0.3,0.05,0.35 2.86388
0.3,0.1,0 3.75156e-11
0.3,0.1,0.05 13.5866
0.3,0.1,0.1 72.4957
0.3,0.1,0.15 322.17
0.3,0.1,0.2 438.356
0.3,0.1,0.25 388.203
0.3,0.1,0.3 368.5
0.3,0.1,0.35 21.0713
0.3,0.1,0.4 0.0105308
0.3,0.15,0 6.5408e-11
0.3,0.15,0.05 26.2372
0.3,0.15,0.1 227.173
0.3,0.15,0.15 461.82
0.3,0.15,0.2 533.325
0.3,0.15,0.25 398.232
0.3,0.15,0.3 536.827
0.3,0.15,0.35 162.809
0.3,0.15,0.4 12.7247
0.3,0.2,0 1.11971e-10
0.3,0.2,0.05 79.3219
0.3,0.2,0.1 416.822
0.3,0.2,0.15 597.185
0.3,0.2,0.2 502.21
0.3,0.2,0.25 498.9
0.3,0.2,0.3 645.063
0.3,0.2,0.35 386.863
0.3,0.2,0.4 37.6605
0.3,0.25,0 7.49674e-11
0.3,0.25,0.05 95.8047
0.3,0.25,0.1 408.816
0.3,0.25,0.15 283.78
0.3,0.25,0.2 289.211
0.3,0.25,0.25 479.172
0.3,0.25,0.3 584.36
0.3,0.25,0.35 227.5
0.3,0.25,0.4 7.75241
0.3,0.3,0 5.94283e-11
0.3,0.3,0.05 35.2791
0.3,0.3,0.1 233.133
0.3,0.3,0.15 503.342
0.3,0.3,0.2 468.532
0.3,0.3,0.25 437.841
0.3,0.3,0.3 497.526
0.3,0.3,0.35 178.397
0.3,0.3,0.4 0.59738
0.3,0.35,0 4.48336e-09
0.3,0.35,0.05 50.0047
0.3,0.35,0.1 432.695
0.3,0.35,0.15 719.681
0.3,0.35,0.2 433.396
0.3,0.35,0.25 77.4375
0.3,0.35,0.3 70.1858
0.3,0.35,0.35 26.521
0.3,0.35,0.4 0.0759699
0.3,0.4,0 2.25748e-08
0.3,0.4,0.05 128.04
0.3,0.4,0.1 693.328
0.3,0.4,0.15 788.31
0.3,0.4,0.2 498.561
0.3,0.4,0.25 43.8854
0.3,0.4,0.3 0.233692
0.3,0.4,0.35 0.0090523
0.3,0.4,0.4 0.00198035
0.3,0.45,0 7.45169e-09
0.3,0.45,0.05 90.5173
0.3,0.45,0.1 426.514
0.3,0.45,0.15 499.59
0.3,0.45,0.2 482.095
0.3,0.45,0.25 159.265
0.3,0.45,0.3 52.6082
0.3,0.45,0.35 26.5141
0.3,0.45,0.4 1.01562
0.3,0.45,0.45 0.000100841
0.3,0.5,0 9.09867e-10
0.3,0.5,0.05 120.921
0.3,0.5,0.1 489.366
0.3,0.5,0.15 209.968
0.3,0.5,0.2 265.787
0.3,0.5,0.25 358.639
0.3,0.5,0.3 534.972
0.3,0.5,0.35 254.174
0.3,0.5,0.4 14.1457
0.3,0.5,0.45 0.0770034
0.3,0.55,0 6.19567e-08
0.3,0.55,0.05 86.9719
0.3,0.55,0.1 376.094
0.3,0.55,0.15 284.644
0.3,0.55,0.2 244.578
0.3,0.55,0.25 517.865
0.3,0.55,0.3 565.645
0.3,0.55,0.35 217.574
0.3,0.55,0.4 39.1305
0.3,0.55,0.45 0.329805
0.3,0.6,0 5.15621e-07
0.3,0.6,0.05 79.2635
0.3,0.6,0.1 351.903
0.3,0.6,0.15 309.582
0.3,0.6,0.2 472.165
0.3,0.6,0.25 656.409
0.3,0.6,0.3 722.366
0.3,0.6,0.35 258.626
0.3,0.6,0.4 49.9529
0.3,0.6,0.45 0.502963
0.3,0.65,0 2.57219e-07
0.3,0.65,0.05 80.3266
0.3,0.65,0.1 333.605
0.3,0.65,0.15 219.269
0.3,0.65,0.2 341.265
0.3,0.65,0.25 550.03
0.3,0.65,0.3 765.542
0.3,0.65,0.35 595.06
0.3,0.65,0.4 98.755
0.3,0.65,0.45 0.861423
0.3,0.7,0 2.21764e-09
0.3,0.7,0.05 79.3061
0.3,0.7,0.1 416.077
0.3,0.7,0.15 296.993
0.3,0.7,0.2 469.664
0.3,0.7,0.25 185.711
0.3,0.7,0.3 144.253
0.3,0.7,0.35 222.438
0.3,0.7,0.4 43.592
0.3,0.7,0.45 0.368305
0.3,0.75,0 3.22022e-11
0.3,0.75,0.05 48.3138
0.3,0.75,0.1 414.039
0.3,0.75,0.15 367.003
0.3,0.75,0.2 267.374
0.3,0.75,0.25 73.7488
0.3,0.75,0.3 2.72487
0.3,0.75,0.35 1.51424
0.3,0.75,0.4 0.26343
0.3,0.75,0.45 0.00206379
0.3,0.8,0.05 11.4112
0.3,0.8,0.1 76.6582
0.3,0.8,0.15 57.5002
0.3,0.8,0.2 12.7522
0.3,0.8,0.25 1.93128
0.3,0.8,0.3 0.0607181
0.3,0.85,0.05 0.0119053
0.3,0.85,0.1 0.0593015
0.3,0.85,0.15 0.0849475
0.3,0.85,0.2 0.0285055
0.3,0.85,0.25 0.000165474
0.3,0.85,0.3 2.00526e-06
0.35,0,0.1 1.0915e-13
0.35,0,0.15 4.48499e-12
0.35,0,0.2 1.36352e-11
0.35,0,0.25 1.61573e-10
0.35,0,0.3 1.53173e-10
0.35,0,0.35 6.06646e-12
0.35,0.05,0 3.76251e-12
0.35,0.05,0.05 1.42621
0.35,0.05,0.1 5.87794
0.35,0.05,0.15 8.70819
0.35,0.05,0.2 11.7022
0.35,0.05,0.25 26.2545
0.35,0.05,0.3 23.7359
0.35,0.05,0.35 0.939581
0.35,0.1,0 1.65787e-10
0.35,0.1,0.05 63.5416
0.35,0.1,0.1 254.931
0.35,0.1,0.15 95.2003
0.35,0.1,0.2 77.3908
0.35,0.1,0.25 147.112
0.35,0.1,0.3 126.869
0.35,0.1,0.35 7.67466
0.35,0.1,0.4 0.000876264
0.35,0.15,0 2.34673e-10
0.35,0.15,0.05 102.468
0.35,0.15,0.1 417.088
0.35,0.15,0.15 192.261
0.35,0.15,0.2 197.668
0.35,0.15,0.25 301.264
0.35,0.15,0.3 213.24
0.35,0.15,0.35 30.0899
0.35,0.15,0.4 1.05892
0.35,0.2,0 3.00627e-11
0.35,0.2,0.05 108.84
0.35,0.2,0.1 479.729
0.35,0.2,0.15 495.905
0.35,0.2,0.2 420.093
0.35,0.2,0.25 534.458
0.35,0.2,0.3 311.279
0.35,0.2,0.35 89.7287
0.35,0.2,0.4 3.54406
0.35,0.25,0 6.09876e-11
0.35,0.25,0.05 163.903
0.35,0.25,0.1 773.508
0.35,0.25,0.15 626.912
0.35,0.25,0.2 276.927
0.35,0.25,0.25 551.073
0.35,0.25,0.3 704.123
0.35,0.25,0.35 207.418
0.35,0.25,0.4 1.98317
0.35,0.3,0 2.68811e-10
0.35,0.3,0.05 130.024
0.35,0.3,0.1 580.11
0.35,0.3,0.15 502.346
0.35,0.3,0.2 582.424
0.35,0.3,0.25 621.612
0.35,0.3,0.3 534.469
0.35,0.3,0.35 82.0449
0.35,0.3,0.4 0.356743
0.35,0.35,0 3.62699e-09
0.35,0.35,0.05 95.3506
0.35,0.35,0.1 426.754
0.35,0.35,0.15 355.519
0.35,0.35,0.2 428.768
0.35,0.35,0.25 143.614
0.35,0.35,0.3 60.403
0.35,0.35,0.35 7.50881
0.35,0.35,0.4 0.0132458
0.35,0.4,0 1.80497e-08
0.35,0.4,0.05 171.226
0.35,0.4,0.1 860.627
0.35,0.4,0.15 631.958
0.35,0.4,0.2 316.688
0.35,0.4,0.25 37.0032
0.35,0.4,0.3 21.8956
0.35,0.4,0.35 16.8032
0.35,0.4,0.4 5.64593
0.35,0.4,0.45 0.0144711
0.35,0.45,0 5.75345e-09
0.35,0.45,0.05 107.75
0.35,0.45,0.1 651.765
0.35,0.45,0.15 726.099
0.35,0.45,0.2 611.887
0.35,0.45,0.25 114.726
0.35,0.45,0.3 82.538
0.35,0.45,0.35 190.435
0.35,0.45,0.4 53.1383
0.35,0.45,0.45 0.0779366
0.35,0.5,0 3.17404e-10
0.35,0.5,0.05 145.581
0.35,0.5,0.1 618.319
0.35,0.5,0.15 397.783
0.35,0.5,0.2 540.693
0.35,0.5,0.25 512.563
0.35,0.5,0.3 520.465
0.35,0.5,0.35 392.176
0.35,0.5,0.4 67.1741
0.35,0.5,0.45 0.0261218
0.35,0.55,0 7.244e-08
0.35,0.55,0.05 91.8293
0.35,0.55,0.1 409.815
0.35,0.55,0.15 514.952
0.35,0.55,0.2 572.825
0.35,0.55,0.25 485.674
0.35,0.55,0.3 389.471
0.35,0.55,0.35 118.361
0.35,0.55,0.4 8.75212
0.35,0.55,0.45 1.89383e-05
0.35,0.6,0 5.99473e-07
0.35,0.6,0.05 93.8082
0.35,0.6,0.1 431.169
0.35,0.6,0.15 703.338
0.35,0.6,0.2 893.475
0.35,0.6,0.25 403.035
0.35,0.6,0.3 496.477
0.35,0.6,0.35 180.334
0.35,0.6,0.4 32.2542
0.35,0.6,0.45 0.484117
0.35,0.65,0 2.98017e-07
0.35,0.65,0.05 114.488
0.35,0.65,0.1 522.978
0.35,0.65,0.15 570.602
0.35,0.65,0.2 558.26
0.35,0.65,0.25 411.349
0.35,0.65,0.3 725.785
0.35,0.65,0.35 753.144
0.35,0.65,0.4 246.712
0.35,0.65,0.45 3.74385
0.35,0.7,0 2.25355e-09
0.35,0.7,0.05 80.6505
0.35,0.7,0.1 390.148
0.35,0.7,0.15 354.696
0.35,0.7,0.2 635.315
0.35,0.7,0.25 293.075
0.35,0.7,0.3 172.448
0.35,0.7,0.35 308.127
0.35,0.7,0.4 114.008
0.35,0.7,0.45 1.7452
0.35,0.75,0 3.72582e-12
0.35,0.75,0.05 13.7267
0.35,0.75,0.1 216.619
0.35,0.75,0.15 534.757
0.35,0.75,0.2 478.064
0.35,0.75,0.25 254.647
0.35,0.75,0.3 15.541
0.35,0.75,0.35 1.43978
0.35,0.75,0.4 0.618758
0.35,0.75,0.45 0.00977922
0.35,0.8,0 5.99563e-13
0.35,0.8,0.05 3.44942
0.35,0.8,0.1 42.6378
0.35,0.8,0.15 126.164
0.35,0.8,0.2 75.8064
0.35,0.8,0.25 29.2758
0.35,0.8,0.3 1.87972
0.35,0.85,0 1.20601e-13
0.35,0.85,0.05 0.433209
0.35,0.85,0.1 1.7334
0.35,0.85,0.15 0.441776
0.35,0.85,0.2 0.0231674
0.35,0.85,0.25 0.0138892
0.35,0.85,0.3 0.000289147
0.4,0,0.2 4.56167e-15
0.4,0,0.25 9.59092e-14
0.4,0,0.3 9.1156e-14
0.4,0,0.35 3.61026e-15
0.4,0.05,0 1.10857e-12
0.4,0.05,0.05 0.42021
0.4,0.05,0.1 1.68014
0.4,0.05,0.15 1.03869
0.4,0.05,0.2 7.82956
0.4,0.05,0.25 5.93328
0.4,0.05,0.3 1.31074
0.4,0.05,0.35 0.155744
0.4,0.1,0 7.75786e-11
0.4,0.1,0.05 30.3631
0.4,0.1,0.1 121.405
0.4,0.1,0.15 47.9376
0.4,0.1,0.2 238.249
0.4,0.1,0.25 203.19
0.4,0.1,0.3 40.8943
0.4,0.1,0.35 4.34626
0.4,0.15,0 2.58193e-10
0.4,0.15,0.05 135.945
0.4,0.15,0.1 545.228
0.4,0.15,0.15 196.937
0.4,0.15,0.2 458.01
0.4,0.15,0.25 543.575
0.4,0.15,0.3 86.1176
0.4,0.15,0.35 4.86706
0.4,0.15,0.4 1.50177e-05
0.4,0.2,0 1.50079e-10
0.4,0.2,0.05 99.5148
0.4,0.2,0.1 422.139
0.4,0.2,0.15 390.297
0.4,0.2,0.2 391.085
0.4,0.2,0.25 301.347
0.4,0.2,0.3 61.2633
0.4,0.2,0.35 6.61616
0.4,0.2,0.4 0.0483906
0.4,0.25,0 6.55654e-11
0.4,0.25,0.05 92.086
0.4,0.25,0.1 446.305
0.4,0.25,0.15 428.682
0.4,0.25,0.2 236.539
0.4,0.25,0.25 278.326
0.4,0.25,0.3 204.187
0.4,0.25,0.35 26.4178
0.4,0.25,0.4 0.155862
0.4,0.3,0 1.06071e-10
0.4,0.3,0.05 103.118
0.4,0.3,0.1 436.743
0.4,0.3,0.15 274.845
0.4,0.3,0.2 535.541
0.4,0.3,0.25 559.761
0.4,0.3,0.3 283.588
0.4,0.3,0.35 13.4054
0.4,0.3,0.4 0.0313724
0.4,0.35,0 3.15697e-10
0.4,0.35,0.05 49.4244
0.4,0.35,0.1 199.101
0.4,0.35,0.15 125.803
0.4,0.35,0.2 388.607
0.4,0.35,0.25 474.661
0.4,0.35,0.3 290.41
0.4,0.35,0.35 31.3751
0.4,0.35,0.4 0.18809
0.4,0.4,0 6.46759e-10
0.4,0.4,0.05 51.4183
0.4,0.4,0.1 268.245
0.4,0.4,0.15 342.606
0.4,0.4,0.2 290.319
0.4,0.4,0.25 318.878
0.4,0.4,0.3 378.421
0.4,0.4,0.35 130.953
0.4,0.4,0.4 29.7686
0.4,0.4,0.45 0.075411
0.4,0.45,0 1.68409e-10
0.4,0.45,0.05 56.5046
0.4,0.45,0.1 338.726
0.4,0.45,0.15 612.308
0.4,0.45,0.2 600.27
0.4,0.45,0.25 303.966
0.4,0.45,0.3 368.26
0.4,0.45,0.35 557.045
0.4,0.45,0.4 184.723
0.4,0.45,0.45 0.406742
0.4,0.5,0 6.3795e-11
0.4,0.5,0.05 69.9288
0.4,0.5,0.1 360.853
0.4,0.5,0.15 550.292
0.4,0.5,0.2 774.944
0.4,0.5,0.25 493.98
0.4,0.5,0.3 597.71
0.4,0.5,0.35 612.825
0.4,0.5,0.4 128.876
0.4,0.5,0.45 0.373242
0.4,0.55,0 1.1265e-08
0.4,0.55,0.05 52.1084
0.4,0.55,0.1 281.389
0.4,0.55,0.15 471.312
0.4,0.55,0.2 615.871
0.4,0.55,0.25 355.359
0.4,0.55,0.3 289.968
0.4,0.55,0.35 166.26
0.4,0.55,0.4 27.9142
0.4,0.55,0.45 0.597028
0.4,0.6,0 6.01548e-08
0.4,0.6,0.05 148.048
0.4,0.6,0.1 619.514
0.4,0.6,0.15 447.653
0.4,0.6,0.2 611.734
0.4,0.6,0.25 254.364
0.4,0.6,0.3 124.9
0.4,0.6,0.35 37.3643
0.4,0.6,0.4 11.5799
0.4,0.6,0.45 0.235709
0.4,0.65,0 2.32439e-08
0.4,0.65,0.05 72.0677
0.4,0.65,0.1 324.572
0.4,0.65,0.15 390.786
0.4,0.65,0.2 598.678
0.4,0.65,0.25 345.387
0.4,0.65,0.3 362.822
0.4,0.65,0.35 180.311
0.4,0.65,0.4 68.8042
0.4,0.65,0.45 1.10779
0.4,0.7,0 1.56513e-10
0.4,0.7,0.05 17.2405
0.4,0.7,0.1 76.8211
0.4,0.7,0.15 119.434
0.4,0.7,0.2 367.532
0.4,0.7,0.25 253.078
0.4,0.7,0.3 94.4423
0.4,0.7,0.35 74.1408
0.4,0.7,0.4 31.9133
0.4,0.7,0.45 0.5164
0.4,0.75,0 6.59053e-12
0.4,0.75,0.05 21.9709
0.4,0.75,0.1 107.759
0.4,0.75,0.15 202.413
0.4,0.75,0.2 530.968
0.4,0.75,0.25 432.438
0.4,0.75,0.3 21.6713
0.4,0.75,0.35 0.341906
0.4,0.75,0.4 0.175564
0.4,0.75,0.45 0.00289364
0.4,0.8,0 1.8966e-11
0.4,0.8,0.05 68.1401
0.4,0.8,0.1 277.991
0.4,0.8,0.15 119.428
0.4,0.8,0.2 148.374
0.4,0.8,0.25 104.819
0.4,0.8,0.3 3.72515
0.4,0.85,0 3.81497e-12
0.4,0.85,0.05 13.7037
0.4,0.85,0.1 54.8045
0.4,0.85,0.15 13.7318
0.4,0.85,0.2 0.402046
0.4,0.85,0.25 0.28203
0.4,0.85,0.3 0.00588037
0.45,0.05,0 1.5661e-16
0.45,0.05,0.05 5.9364e-05
0.45,0.05,0.1 0.000237358
0.45,0.05,0.15 0.313617
0.45,0.05,0.2 3.98816
0.45,0.05,0.25 6.89627
0.45,0.05,0.3 9.06797
0.45,0.05,0.35 1.17384
0.45,0.1,0 1.08102e-10
0.45,0.1,0.05 23.2069
0.45,0.1,0.1 92.8273
0.45,0.1,0.15 36.3913
0.45,0.1,0.2 124.422
0.45,0.1,0.25 204.778
0.45,0.1,0.3 257.459
