0,0.4,0.15 1.71373e-14
0,0.4,0.2 7.33012e-14
0,0.4,0.25 1.95945e-14
0,0.4,0.3 2.04337e-19
0,0.45,0.15 1.61833e-11
0,0.45,0.2 6.92205e-11
0,0.45,0.25 1.85037e-11
0,0.45,0.3 1.92962e-16
0,0.5,0.15 4.6253e-11
0,0.5,0.2 1.97838e-10
0,0.5,0.25 5.2885e-11
0,0.5,0.3 5.515e-16
0,0.55,0.15 8.21008e-12
0,0.55,0.2 3.51169e-11
0,0.55,0.25 9.38728e-12
0,0.55,0.3 9.78933e-17
0.05,0.1,0.1 0.00300408
0.05,0.1,0.15 5.08507
0.05,0.1,0.2 15.4901
0.05,0.1,0.25 2.9389
0.05,0.15,0 1.91043e-15
0.05,0.15,0.05 0.000724163
0.05,0.15,0.1 0.0164676
0.05,0.15,0.15 22.9746
0.05,0.15,0.2 70.7376
0.05,0.15,0.25 15.8976
0.05,0.15,0.3 0.568029
0.05,0.2,0 4.22555e-13
0.05,0.2,0.05 0.0374352
0.05,0.2,0.1 0.153616
0.05,0.2,0.15 6.90093
0.05,0.2,0.2 25.264
0.05,0.2,0.25 19.7624
0.05,0.2,0.3 5.96232
0.05,0.2,0.35 7.63473
0.05,0.2,0.4 4.58141
0.05,0.2,0.45 0.0703494
0.05,0.25,0 4.84739e-12
0.05,0.25,0.05 0.37692
0.05,0.25,0.1 1.50797
0.05,0.25,0.15 3.94098
0.05,0.25,0.2 12.8554
0.05,0.25,0.25 18.2039
0.05,0.25,0.3 30.9529
0.05,0.25,0.35 38.3798
0.05,0.25,0.4 21.453
0.05,0.25,0.45 0.32942
0.05,0.3,0 3.17619e-12
0.05,0.3,0.05 0.245444
0.05,0.3,0.1 0.982311
0.05,0.3,0.15 2.2031
0.05,0.3,0.2 6.22669
0.05,0.3,0.25 8.674
0.05,0.3,0.3 19.5389
0.05,0.3,0.35 12.8916
0.05,0.3,0.4 6.2741
0.05,0.3,0.45 0.0963415
0.05,0.35,0 5.54084e-14
0.05,0.35,0.05 0.08003
0.05,0.35,0.1 5.38867
0.05,0.35,0.15 8.86405
0.05,0.35,0.2 0.888199
0.05,0.35,0.25 0.164188
0.05,0.35,0.3 0.379705
0.05,0.35,0.35 0.0597209
0.05,0.35,0.4 0.000776465
0.05,0.35,0.45 1.1923e-05
0.05,0.4,0.05 0.262537
0.05,0.4,0.1 18.618
0.05,0.4,0.15 30.7061
0.05,0.4,0.2 3.44314
0.05,0.4,0.25 0.440644
0.05,0.4,0.3 0.0132407
0.05,0.45,0.05 0.0599223
0.05,0.45,0.1 4.241
0.05,0.45,0.15 16.8329
0.05,0.45,0.2 57.2295
0.05,0.45,0.25 28.0555
0.05,0.45,0.3 3.82603
0.05,0.45,0.35 0.491856
0.05,0.45,0.4 0.0042953
0.05,0.45,0.45 2.69144e-06
0.05,0.5,0.05 0.0457978
0.05,0.5,0.1 3.01592
0.05,0.5,0.15 30.5075
0.05,0.5,0.2 129.843
0.05,0.5,0.25 60.7822
0.05,0.5,0.3 26.505
0.05,0.5,0.35 7.61298
0.05,0.5,0.4 1.36662
0.05,0.5,0.45 0.00378557
0.05,0.55,0.05 0.0350861
0.05,0.55,0.1 2.30716
0.05,0.55,0.15 8.05455
0.05,0.55,0.2 20.6235
0.05,0.55,0.25 37.4183
0.05,0.55,0.3 61.2441
0.05,0.55,0.35 19.7276
0.05,0.55,0.4 13.9613
0.05,0.55,0.45 2.35215
0.05,0.6,0.05 0.000892843
0.05,0.6,0.1 0.0588466
0.05,0.6,0.15 0.0945518
0.05,0.6,0.2 0.215863
0.05,0.6,0.25 20.9267
0.05,0.6,0.3 39.1901
0.05,0.6,0.35 14.222
0.05,0.6,0.4 30.4029
0.05,0.6,0.45 6.57831
0.05,0.65,0.05 1.97841e-07
0.05,0.65,0.1 0.0013638
0.05,0.65,0.15 0.226161
0.05,0.65,0.2 5.96585
0.05,0.65,0.25 7.02027
0.05,0.65,0.3 1.32892
0.05,0.65,0.35 1.58586
0.05,0.65,0.4 5.19471
0.05,0.65,0.45 1.14215
0.05,0.7,0.05 1.12354e-07
0.05,0.7,0.1 0.000774502
0.05,0.7,0.15 2.05331
0.05,0.7,0.2 55.1674
0.05,0.7,0.25 60.0159
0.05,0.7,0.3 3.02266
0.05,0.75,0.05 1.29179e-09
0.05,0.75,0.1 8.90485e-06
0.05,0.75,0.15 1.11018
0.05,0.75,0.2 29.8648
0.05,0.75,0.25 32.4899
0.05,0.75,0.3 1.63634
0.05,0.8,0.15 0.0109241
0.05,0.8,0.2 0.293876
0.05,0.8,0.25 0.319707
0.05,0.8,0.3 0.0161018
0.1,0.05,0.1 2.57988e-07
0.1,0.05,0.15 0.00188534
0.1,0.05,0.2 0.00641057
0.1,0.05,0.25 0.233874
0.1,0.05,0.3 1.3442
0.1,0.05,0.35 0.481957
0.1,0.05,0.4 0.000619135
0.1,0.1,0.1 0.0172941
0.1,0.1,0.15 29.2958
0.1,0.1,0.2 89.4261
0.1,0.1,0.25 18.6464
0.1,0.1,0.3 8.94258
0.1,0.1,0.35 3.20468
0.1,0.1,0.4 0.00411682
0.1,0.15,0 9.2186e-12
0.1,0.15,0.05 3.49437
0.1,0.15,0.1 14.0498
0.1,0.15,0.15 135.875
0.1,0.15,0.2 420.241
0.1,0.15,0.25 132.382
0.1,0.15,0.3 16.5972
0.1,0.15,0.35 5.24894
0.1,0.15,0.4 0.876368
0.1,0.2,0 1.23009e-10
0.1,0.2,0.05 32.5935
0.1,0.2,0.1 130.341
0.1,0.2,0.15 78.893
0.1,0.2,0.2 233.212
0.1,0.2,0.25 360.423
0.1,0.2,0.3 108.543
0.1,0.2,0.35 89.879
0.1,0.2,0.4 47.2673
0.1,0.2,0.45 0.668738
0.1,0.25,0 5.91218e-10
0.1,0.25,0.05 57.1587
0.1,0.25,0.1 228.934
0.1,0.25,0.15 141.535
0.1,0.25,0.2 301.124
0.1,0.25,0.25 302.471
0.1,0.25,0.3 361.003
0.1,0.25,0.35 375.8
0.1,0.25,0.4 204.918
0.1,0.25,0.45 3.13145
0.1,0.3,0 3.63428e-10
0.1,0.3,0.05 28.4244
0.1,0.3,0.1 115.855
0.1,0.3,0.15 76.5173
0.1,0.3,0.2 146.876
0.1,0.3,0.25 112.965
0.1,0.3,0.3 215.497
0.1,0.3,0.35 126.984
0.1,0.3,0.4 59.6413
0.1,0.3,0.45 0.915817
0.1,0.35,0 6.33537e-12
0.1,0.35,0.05 1.37257
0.1,0.35,0.1 59.4643
0.1,0.35,0.15 94.5462
0.1,0.35,0.2 10.1809
0.1,0.35,0.25 1.9692
0.1,0.35,0.3 4.18484
0.1,0.35,0.35 0.656221
0.1,0.35,0.4 0.00738104
0.1,0.35,0.45 0.000113339
0.1,0.4,0.05 2.75741
0.1,0.4,0.1 195.779
0.1,0.4,0.15 331.884
0.1,0.4,0.2 47.6472
0.1,0.4,0.25 4.93297
0.1,0.4,0.3 0.16076
0.1,0.4,0.35 0.0724636
0.1,0.4,0.4 0.958932
0.1,0.4,0.45 0.684682
0.1,0.4,0.5 0.0147851
0.1,0.45,0 1.93879e-13
0.1,0.45,0.05 1.89774
0.1,0.45,0.1 57.2017
0.1,0.45,0.15 224.187
0.1,0.45,0.2 463.562
0.1,0.45,0.25 227.931
0.1,0.45,0.3 54.3879
0.1,0.45,0.35 10.1805
0.1,0.45,0.4 37.5337
0.1,0.45,0.45 26.7051
0.1,0.45,0.5 0.576672
0.1,0.5,0 1.00185e-12
0.1,0.5,0.05 7.85949
0.1,0.5,0.1 140.572
0.1,0.5,0.15 369.426
0.1,0.5,0.2 786.255
0.1,0.5,0.25 499.143
0.1,0.5,0.3 388.069
0.1,0.5,0.35 199.923
0.1,0.5,0.4 99.4897
0.1,0.5,0.45 34.827
0.1,0.5,0.5 0.750219
0.1,0.55,0 3.22651e-13
0.1,0.55,0.05 3.30596
0.1,0.55,0.1 95.8066
0.1,0.55,0.15 187.376
0.1,0.55,0.2 189.18
0.1,0.55,0.25 394.395
0.1,0.55,0.3 605.546
0.1,0.55,0.35 467.489
0.1,0.55,0.4 258.436
0.1,0.55,0.45 29.9873
0.1,0.55,0.5 0.0502493
0.1,0.6,0 1.55456e-16
0.1,0.6,0.05 0.0354136
0.1,0.6,0.1 5.39578
0.1,0.6,0.15 18.4949
0.1,0.6,0.2 16.8022
0.1,0.6,0.25 173.432
0.1,0.6,0.3 287.92
0.1,0.6,0.35 206.631
0.1,0.6,0.4 375.878
0.1,0.6,0.45 77.0598
0.1,0.65,0.05 0.00443251
0.1,0.65,0.1 30.8588
0.1,0.65,0.15 116.406
0.1,0.65,0.2 72.0619
0.1,0.65,0.25 39.4485
0.1,0.65,0.3 49.6321
0.1,0.65,0.35 143.774
0.1,0.65,0.4 87.2446
0.1,0.65,0.45 13.376
0.1,0.7,0.05 0.00251722
0.1,0.7,0.1 17.4774
0.1,0.7,0.15 75.4407
0.1,0.7,0.2 300.814
0.1,0.7,0.25 295.571
0.1,0.7,0.3 36.5891
0.1,0.7,0.35 54.4369
0.1,0.7,0.4 9.77597
0.1,0.75,0.05 2.89418e-05
0.1,0.75,0.1 0.199899
0.1,0.75,0.15 6.33907
0.1,0.75,0.2 144.705
0.1,0.75,0.25 155.782
0.1,0.75,0.3 8.48615
0.1,0.75,0.35 0.739148
0.1,0.75,0.4 0.0682983
0.1,0.8,0.15 0.0513228
0.1,0.8,0.2 1.44462
0.1,0.8,0.25 1.86769
0.1,0.8,0.3 0.205396
0.1,0.8,0.35 0.000153788
0.1,0.85,0.2 0.000192729
0.1,0.85,0.25 0.00110199
0.1,0.85,0.3 0.000391022
0.1,0.85,0.35 4.63473e-07
0.15,0.05,0 3.77742e-13
0.15,0.05,0.05 0.00767793
0.15,0.05,0.1 0.0318122
0.15,0.05,0.15 8.29661
0.15,0.05,0.2 28.1842
0.15,0.05,0.25 12.8929
0.15,0.05,0.3 40.3055
0.15,0.05,0.35 14.6771
0.15,0.05,0.4 0.0277327
0.15,0.1,0 2.55832e-10
0.15,0.1,0.05 5.19999
0.15,0.1,0.1 20.7883
0.15,0.1,0.15 53.6761
0.15,0.1,0.2 175.551
0.15,0.1,0.25 93.1324
0.15,0.1,0.3 270.071
0.15,0.1,0.35 98.7422
0.15,0.1,0.4 0.207865
0.15,0.15,0 7.30803e-10
0.15,0.15,0.05 25.8258
0.15,0.15,0.1 103.882
0.15,0.15,0.15 96.1109
0.15,0.15,0.2 358.234
0.15,0.15,0.25 235.491
0.15,0.15,0.3 150.323
0.15,0.15,0.35 119.128
0.15,0.15,0.4 17.3933
0.15,0.2,0 4.62143e-10
0.15,0.2,0.05 106.061
0.15,0.2,0.1 428.958
0.15,0.2,0.15 157.225
0.15,0.2,0.2 319.342
0.15,0.2,0.25 621.434
0.15,0.2,0.3 312.576
0.15,0.2,0.35 403.293
0.15,0.2,0.4 102.85
0.15,0.2,0.45 0.369812
0.15,0.25,0 1.19563e-09
0.15,0.25,0.05 139.984
0.15,0.25,0.1 586.414
0.15,0.25,0.15 262.347
0.15,0.25,0.2 382.713
0.15,0.25,0.25 615.347
0.15,0.25,0.3 560.175
0.15,0.25,0.35 340.409
0.15,0.25,0.4 136.985
0.15,0.25,0.45 1.73169
0.15,0.3,0 7.04125e-10
0.15,0.3,0.05 75.0986
0.15,0.3,0.1 432.01
0.15,0.3,0.15 239.92
0.15,0.3,0.2 162.437
0.15,0.3,0.25 141.792
0.15,0.3,0.3 212.815
0.15,0.3,0.35 80.7728
0.15,0.3,0.4 33.1615
0.15,0.3,0.45 0.506446
0.15,0.35,0 1.60332e-11
0.15,0.35,0.05 7.16555
0.15,0.35,0.1 104.634
0.15,0.35,0.15 101.88
0.15,0.35,0.2 8.2453
0.15,0.35,0.25 1.65527
0.15,0.35,0.3 2.75129
0.15,0.35,0.35 0.421116
0.15,0.35,0.4 0.00408811
0.15,0.35,0.45 6.26764e-05
0.15,0.4,0 3.543e-12
0.15,0.4,0.05 2.05928
0.15,0.4,0.1 122.976
0.15,0.4,0.15 259.298
0.15,0.4,0.2 89.4951
0.15,0.4,0.25 10.1613
0.15,0.4,0.3 1.53745
0.15,0.4,0.35 1.36786
0.15,0.4,0.4 5.55
0.15,0.4,0.45 3.87359
0.15,0.4,0.5 0.0836467
0.15,0.45,0 2.83615e-12
0.15,0.45,0.05 16.9788
0.15,0.45,0.1 117.165
0.15,0.45,0.15 509.759
0.15,0.45,0.2 692.666
0.15,0.45,0.25 319.046
0.15,0.45,0.3 132.554
0.15,0.45,0.35 99.9715
0.15,0.45,0.4 229.323
0.15,0.45,0.45 154.783
0.15,0.45,0.5 3.27908
0.15,0.5,0 1.39311e-11
0.15,0.5,0.05 87.2738
0.15,0.5,0.1 493.575
0.15,0.5,0.15 623.451
0.15,0.5,0.2 777.253
0.15,0.5,0.25 618.418
0.15,0.5,0.3 573.397
0.15,0.5,0.35 482.381
0.15,0.5,0.4 466.698
0.15,0.5,0.45 233.834
0.15,0.5,0.5 4.41098
0.15,0.55,0 4.48659e-12
0.15,0.55,0.05 29.1043
0.15,0.55,0.1 223.819
0.15,0.55,0.15 355.149
0.15,0.55,0.2 453.81
0.15,0.55,0.25 622.667
0.15,0.55,0.3 836.364
0.15,0.55,0.35 810.811
0.15,0.55,0.4 400.832
0.15,0.55,0.45 52.8676
0.15,0.55,0.5 0.380623
0.15,0.6,0 2.51649e-10
0.15,0.6,0.05 4.2514
0.15,0.6,0.1 32.7167
0.15,0.6,0.15 102.592
0.15,0.6,0.2 102.297
0.15,0.6,0.25 217.995
0.15,0.6,0.3 315.914
0.15,0.6,0.35 304.582
0.15,0.6,0.4 291.843
0.15,0.6,0.45 50.3142
0.15,0.6,0.5 0.00117122
0.15,0.65,0 1.34118e-09
0.15,0.65,0.05 22.3619
0.15,0.65,0.1 205.665
0.15,0.65,0.15 610.921
0.15,0.65,0.2 448.243
0.15,0.65,0.25 93.854
0.15,0.65,0.3 297.072
0.15,0.65,0.35 695.71
0.15,0.65,0.4 162.02
0.15,0.65,0.45 8.67682
0.15,0.7,0 4.45021e-10
0.15,0.7,0.05 7.42372
0.15,0.7,0.1 101.746
0.15,0.7,0.15 370.546
0.15,0.7,0.2 549.286
0.15,0.7,0.25 301.849
0.15,0.7,0.3 243.238
0.15,0.7,0.35 379.636
0.15,0.7,0.4 51.7049
0.15,0.75,0 2.92762e-13
0.15,0.75,0.05 0.00498154
0.15,0.75,0.1 3.63422
0.15,0.75,0.15 24.4842
0.15,0.75,0.2 137.389
0.15,0.75,0.25 263.852
0.15,0.75,0.3 115.429
0.15,0.75,0.35 35.6182
0.15,0.75,0.4 1.10308
0.15,0.8,0.1 0.00547492
0.15,0.8,0.15 0.35121
0.15,0.8,0.2 13.9123
0.15,0.8,0.25 72.6855
0.15,0.8,0.3 38.3525
0.15,0.8,0.35 8.7099
0.15,0.8,0.4 0.14733
0.15,0.85,0.2 0.0366906
0.15,0.85,0.25 0.210907
0.15,0.85,0.3 0.0875444
0.15,0.85,0.35 0.00859996
0.15,0.85,0.4 0.000144464
0.2,0.05,0 2.59192e-12
0.2,0.05,0.05 0.0526829
0.2,0.05,0.1 0.214252
0.2,0.05,0.15 27.4846
0.2,0.05,0.2 93.2775
0.2,0.05,0.25 29.362
0.2,0.05,0.3 67.7057
0.2,0.05,0.35 31.9121
0.2,0.05,0.4 0.341355
0.2,0.1,0 1.75541e-09
0.2,0.1,0.05 35.6802
0.2,0.1,0.1 142.585
0.2,0.1,0.15 159.866
0.2,0.1,0.2 452.538
0.2,0.1,0.25 208.878
0.2,0.1,0.3 516.329
0.2,0.1,0.35 251.101
0.2,0.1,0.4 3.06352
0.2,0.15,0 4.81112e-09
0.2,0.15,0.05 100.317
0.2,0.15,0.1 418.551
0.2,0.15,0.15 198.182
0.2,0.15,0.2 468.903
0.2,0.15,0.25 457.046
0.2,0.15,0.3 330.326
0.2,0.15,0.35 219.068
0.2,0.15,0.4 22.7448
0.2,0.15,0.45 0.000160789
0.2,0.2,0 8.8628e-10
0.2,0.2,0.05 44.9573
0.2,0.2,0.1 314.859
0.2,0.2,0.15 395.62
0.2,0.2,0.2 561.939
0.2,0.2,0.25 448.771
0.2,0.2,0.3 379.641
0.2,0.2,0.35 681.233
0.2,0.2,0.4 136.347
0.2,0.2,0.45 0.00498396
0.2,0.25,0 2.68163e-10
0.2,0.25,0.05 101.728
0.2,0.25,0.1 507.482
0.2,0.25,0.15 376.758
0.2,0.25,0.2 559.637
0.2,0.25,0.25 510.546
0.2,0.25,0.3 617.128
0.2,0.25,0.35 530.377
0.2,0.25,0.4 81.6702
0.2,0.25,0.45 0.0204266
0.2,0.3,0 1.82674e-10
0.2,0.3,0.05 87.3986
0.2,0.3,0.1 553.869
0.2,0.3,0.15 361.098
0.2,0.3,0.2 412.964
0.2,0.3,0.25 214.577
0.2,0.3,0.3 162.93
0.2,0.3,0.35 76.33
0.2,0.3,0.4 7.87035
0.2,0.3,0.45 0.0114688
0.2,0.35,0 3.4048e-10
0.2,0.35,0.05 48.117
0.2,0.35,0.1 264.306
0.2,0.35,0.15 127.239
0.2,0.35,0.2 35.6704
0.2,0.35,0.25 10.981
0.2,0.35,0.3 0.404941
0.2,0.35,0.35 0.358783
0.2,0.35,0.4 0.167059
0.2,0.35,0.45 0.00137859
0.2,0.4,0 3.43072e-10
0.2,0.4,0.05 44.356
0.2,0.4,0.1 213.519
0.2,0.4,0.15 267.595
0.2,0.4,0.2 111.297
0.2,0.4,0.25 12.1372
0.2,0.4,0.3 3.12527
0.2,0.4,0.35 2.94594
0.2,0.4,0.4 2.28464
0.2,0.4,0.45 1.36304
0.2,0.4,0.5 0.0293841
0.2,0.45,0 1.65738e-10
0.2,0.45,0.05 44.854
0.2,0.45,0.1 245.942
0.2,0.45,0.15 620.134
0.2,0.45,0.2 481.286
0.2,0.45,0.25 264.264
0.2,0.45,0.3 256.956
0.2,0.45,0.35 267.762
0.2,0.45,0.4 181.411
0.2,0.45,0.45 75.5929
0.2,0.45,0.5 1.21581
0.2,0.5,0 2.04723e-10
0.2,0.5,0.05 85.0334
0.2,0.5,0.1 364.91
0.2,0.5,0.15 388.598
0.2,0.5,0.2 502.537
0.2,0.5,0.25 469.68
0.2,0.5,0.3 797.957
0.2,0.5,0.35 692.716
0.2,0.5,0.4 669.501
0.2,0.5,0.45 249.977
0.2,0.5,0.5 2.19231
0.2,0.55,0 3.00099e-11
0.2,0.55,0.05 27.1289
0.2,0.55,0.1 138.497
0.2,0.55,0.15 365.307
0.2,0.55,0.2 440.404
0.2,0.55,0.25 410.283
0.2,0.55,0.3 687.487
0.2,0.55,0.35 510.303
0.2,0.55,0.4 446.44
0.2,0.55,0.45 122.759
0.2,0.55,0.5 0.50535
0.2,0.6,0 1.15815e-09
0.2,0.6,0.05 19.595
0.2,0.6,0.1 103.662
0.2,0.6,0.15 366.529
0.2,0.6,0.2 405.14
0.2,0.6,0.25 413.93
0.2,0.6,0.3 441.823
0.2,0.6,0.35 338.363
0.2,0.6,0.4 125.646
0.2,0.6,0.45 14.9961
0.2,0.6,0.5 0.00492965
0.2,0.65,0 6.25721e-09
0.2,0.65,0.05 107.892
0.2,0.65,0.1 481.537
0.2,0.65,0.15 598.909
0.2,0.65,0.2 516.418
0.2,0.65,0.25 147.52
0.2,0.65,0.3 439.474
0.2,0.65,0.35 581.524
0.2,0.65,0.4 68.1712
0.2,0.65,0.45 0.295739
0.2,0.7,0 2.20837e-09
0.2,0.7,0.05 43.3515
0.2,0.7,0.1 267.822
0.2,0.7,0.15 579.502
0.2,0.7,0.2 556.534
0.2,0.7,0.25 411.108
0.2,0.7,0.3 560.492
0.2,0.7,0.35 397.134
0.2,0.7,0.4 24.1525
0.2,0.75,0 1.83253e-11
0.2,0.75,0.05 0.992594
0.2,0.75,0.1 33.5694
0.2,0.75,0.15 223.839
0.2,0.75,0.2 463.898
0.2,0.75,0.25 741
0.2,0.75,0.3 561.065
0.2,0.75,0.35 239.173
0.2,0.75,0.4 4.13636
0.2,0.8,0.1 0.0888197
0.2,0.8,0.15 21.7958
0.2,0.8,0.2 94.933
0.2,0.8,0.25 196.402
0.2,0.8,0.3 171.482
0.2,0.8,0.35 73.3335
0.2,0.8,0.4 1.24356
0.2,0.85,0.1 6.98504e-05
0.2,0.85,0.15 0.00808213
0.2,0.85,0.2 0.0954052
0.2,0.85,0.25 0.468055
0.2,0.85,0.3 0.272721
0.2,0.85,0.35 0.0720363
0.2,0.85,0.4 0.00121936
0.25,0.05,0 1.08787e-12
0.25,0.05,0.05 0.022113
0.25,0.05,0.1 0.0906362
0.25,0.05,0.15 16.3019
0.25,0.05,0.2 55.9852
0.25,0.05,0.25 26.1643
0.25,0.05,0.3 43.349
0.25,0.05,0.35 20.7632
0.25,0.05,0.4 0.391814
0.25,0.1,0 7.36776e-10
0.25,0.1,0.05 14.9758
0.25,0.1,0.1 59.9627
0.25,0.1,0.15 104.422
0.25,0.1,0.2 329.78
0.25,0.1,0.25 216.423
0.25,0.1,0.3 358.393
0.25,0.1,0.35 189.035
0.25,0.1,0.4 3.68568
0.25,0.15,0 2.01665e-09
0.25,0.15,0.05 41.4629
0.25,0.15,0.1 190.393
0.25,0.15,0.15 252.727
0.25,0.15,0.2 555.847
0.25,0.15,0.25 608.597
0.25,0.15,0.3 385.502
0.25,0.15,0.35 192.679
0.25,0.15,0.4 16.7892
0.25,0.15,0.45 0.0251075
