0.25,0.2,0 1.87484e-09
0.25,0.2,0.05 89.4314
0.25,0.2,0.1 464.091
0.25,0.2,0.15 419.465
0.25,0.2,0.2 406.664
0.25,0.2,0.25 308.211
0.25,0.2,0.3 715.51
0.25,0.2,0.35 366.898
0.25,0.2,0.4 24.0606
0.25,0.25,0 8.86408e-10
0.25,0.25,0.05 89.4267
0.25,0.25,0.1 367.576
0.25,0.25,0.15 400.053
0.25,0.25,0.2 598.834
0.25,0.25,0.25 297.156
0.25,0.25,0.3 529.266
0.25,0.25,0.35 192.43
0.25,0.25,0.4 4.53793
0.25,0.3,0 1.46373e-11
0.25,0.3,0.05 46.1227
0.25,0.3,0.1 211.492
0.25,0.3,0.15 372.313
0.25,0.3,0.2 574.911
0.25,0.3,0.25 191.654
0.25,0.3,0.3 173.333
0.25,0.3,0.35 63.7039
0.25,0.3,0.4 0.141141
0.25,0.35,0 1.82669e-13
0.25,0.35,0.05 82.0101
0.25,0.35,0.1 412.988
0.25,0.35,0.15 281.888
0.25,0.35,0.2 111.352
0.25,0.35,0.25 21.1443
0.25,0.35,0.3 22.9855
0.25,0.35,0.35 8.80618
0.25,0.35,0.4 0.0205906
0.25,0.4,0 4.96001e-11
0.25,0.4,0.05 111.706
0.25,0.4,0.1 522.016
0.25,0.4,0.15 337.765
0.25,0.4,0.2 126.476
0.25,0.4,0.25 16.9572
0.25,0.4,0.3 0.32934
0.25,0.45,0 7.38756e-10
0.25,0.45,0.05 148.335
0.25,0.45,0.1 656.257
0.25,0.45,0.15 435.483
0.25,0.45,0.2 312.891
0.25,0.45,0.25 211.902
0.25,0.45,0.3 38.882
0.25,0.45,0.35 19.935
0.25,0.45,0.4 0.841719
0.25,0.45,0.45 0.00632514
0.25,0.5,0 1.69461e-09
0.25,0.5,0.05 180.648
0.25,0.5,0.1 736.537
0.25,0.5,0.15 349.662
0.25,0.5,0.2 458.575
0.25,0.5,0.25 606.06
0.25,0.5,0.3 446.831
0.25,0.5,0.35 352.752
0.25,0.5,0.4 99.0694
0.25,0.5,0.45 3.30636
0.25,0.55,0 2.50064e-09
0.25,0.55,0.05 119.973
0.25,0.55,0.1 547.806
0.25,0.55,0.15 216.684
0.25,0.55,0.2 199.902
0.25,0.55,0.25 645.492
0.25,0.55,0.3 668.87
0.25,0.55,0.35 715.126
0.25,0.55,0.4 322.286
0.25,0.55,0.45 9.32878
0.25,0.6,0 1.70043e-08
0.25,0.6,0.05 73.558
0.25,0.6,0.1 414.244
0.25,0.6,0.15 275.386
0.25,0.6,0.2 324.612
0.25,0.6,0.25 560.999
0.25,0.6,0.3 517.946
0.25,0.6,0.35 582.132
0.25,0.6,0.4 247.915
0.25,0.6,0.45 3.35571
0.25,0.65,0 8.47033e-09
0.25,0.65,0.05 86.6782
0.25,0.65,0.1 390.711
0.25,0.65,0.15 566.058
0.25,0.65,0.2 661.76
0.25,0.65,0.25 315.111
0.25,0.65,0.3 357.614
0.25,0.65,0.35 395.367
0.25,0.65,0.4 76.4266
0.25,0.65,0.45 0.400836
0.25,0.7,0 8.71558e-11
0.25,0.7,0.05 118.507
0.25,0.7,0.1 535.541
0.25,0.7,0.15 475.56
0.25,0.7,0.2 376.777
0.25,0.7,0.25 207.493
0.25,0.7,0.3 368.109
0.25,0.7,0.35 187.741
0.25,0.7,0.4 18.383
0.25,0.75,0 1.46274e-10
0.25,0.75,0.05 148.323
0.25,0.75,0.1 660.022
0.25,0.75,0.15 345.635
0.25,0.75,0.2 281.062
0.25,0.75,0.25 154.408
0.25,0.75,0.3 61.9544
0.25,0.75,0.35 9.40339
0.25,0.75,0.4 0.162366
0.25,0.8,0 5.31348e-11
0.25,0.8,0.05 50.9714
0.25,0.8,0.1 240.021
0.25,0.8,0.15 222.875
0.25,0.8,0.2 154.842
0.25,0.8,0.25 93.435
0.25,0.8,0.3 7.52014
0.25,0.8,0.35 3.56411e-07
0.25,0.85,0 7.5289e-14
0.25,0.85,0.05 0.0791063
0.25,0.85,0.1 3.66393
0.25,0.85,0.15 20.4508
0.25,0.85,0.2 18.0998
0.25,0.85,0.25 21.0294
0.25,0.85,0.3 2.57845
0.25,0.9,0.15 0.000109113
0.25,0.9,0.2 0.016378
0.25,0.9,0.25 0.0336779
0.25,0.9,0.3 0.00414372
0.3,0,0.1 8.98235e-13
0.3,0,0.15 3.69085e-11
0.3,0,0.2 7.2462e-11
0.3,0,0.25 4.93977e-10
0.3,0,0.3 4.6626e-10
0.3,0,0.35 1.84664e-11
0.3,0.05,0 8.01219e-13
0.3,0.05,0.05 0.302368
0.3,0.05,0.1 2.70851
0.3,0.05,0.15 63.3356
0.3,0.05,0.2 88.8479
0.3,0.05,0.25 84.042
0.3,0.05,0.3 73.0762
0.3,0.05,0.35 2.86308
0.3,0.1,0 3.75156e-11
0.3,0.1,0.05 13.6218
0.3,0.1,0.1 72.7499
0.3,0.1,0.15 324.545
0.3,0.1,0.2 438.285
0.3,0.1,0.25 388.901
0.3,0.1,0.3 369.121
0.3,0.1,0.35 20.9885
0.3,0.1,0.4 0.0117665
0.3,0.15,0 6.5408e-11
0.3,0.15,0.05 26.6349
0.3,0.15,0.1 231.006
0.3,0.15,0.15 460.753
0.3,0.15,0.2 533.451
0.3,0.15,0.25 401.537
0.3,0.15,0.3 536.384
0.3,0.15,0.35 162.601
0.3,0.15,0.4 12.527
0.3,0.2,0 1.11971e-10
0.3,0.2,0.05 79.5688
0.3,0.2,0.1 420.031
0.3,0.2,0.15 595.475
0.3,0.2,0.2 500.826
0.3,0.2,0.25 499.27
0.3,0.2,0.3 642.472
0.3,0.2,0.35 384.613
0.3,0.2,0.4 36.5476
0.3,0.25,0 6.57845e-11
0.3,0.25,0.05 95.8139
0.3,0.25,0.1 409.439
0.3,0.25,0.15 284.067
0.3,0.25,0.2 291.341
0.3,0.25,0.25 480.774
0.3,0.25,0.3 583.73
0.3,0.25,0.35 224.197
0.3,0.25,0.4 7.39001
0.3,0.3,0 8.99483e-12
0.3,0.3,0.05 35.3726
0.3,0.3,0.1 237.201
0.3,0.3,0.15 505.352
0.3,0.3,0.2 465.919
0.3,0.3,0.25 438.535
0.3,0.3,0.3 496.778
0.3,0.3,0.35 172.72
0.3,0.3,0.4 0.492754
0.3,0.35,0 2.50697e-12
0.3,0.35,0.05 50.4488
0.3,0.35,0.1 436.566
0.3,0.35,0.15 718.091
0.3,0.35,0.2 429.679
0.3,0.35,0.25 77.0796
0.3,0.35,0.3 68.9423
0.3,0.35,0.35 25.1709
0.3,0.35,0.4 0.0584788
0.3,0.4,0 1.67034e-11
0.3,0.4,0.05 128.711
0.3,0.4,0.1 697.933
0.3,0.4,0.15 789.737
0.3,0.4,0.2 498.383
0.3,0.4,0.25 43.6174
0.3,0.4,0.3 0.224651
0.3,0.4,0.35 0.00936196
0.3,0.4,0.4 0.00200015
0.3,0.45,0 3.27214e-10
0.3,0.45,0.05 90.9527
0.3,0.45,0.1 428.6
0.3,0.45,0.15 499.823
0.3,0.45,0.2 482.949
0.3,0.45,0.25 158.321
0.3,0.45,0.3 50.9774
0.3,0.45,0.35 25.2715
0.3,0.45,0.4 0.956469
0.3,0.45,0.45 4.98161e-05
0.3,0.5,0 8.3104e-10
0.3,0.5,0.05 120.934
0.3,0.5,0.1 489.507
0.3,0.5,0.15 209.787
0.3,0.5,0.2 267.384
0.3,0.5,0.25 360.547
0.3,0.5,0.3 533.957
0.3,0.5,0.35 249.402
0.3,0.5,0.4 13.2795
0.3,0.5,0.45 0.0638325
0.3,0.55,0 6.18693e-08
0.3,0.55,0.05 87.4241
0.3,0.55,0.1 377.696
0.3,0.55,0.15 284.218
0.3,0.55,0.2 240.334
0.3,0.55,0.25 523.458
0.3,0.55,0.3 567.257
0.3,0.55,0.35 218.3
0.3,0.55,0.4 38.2878
0.3,0.55,0.45 0.286075
0.3,0.6,0 5.15615e-07
0.3,0.6,0.05 79.9957
0.3,0.6,0.1 353.627
0.3,0.6,0.15 307.169
0.3,0.6,0.2 473.79
0.3,0.6,0.25 665.178
0.3,0.6,0.3 713.237
0.3,0.6,0.35 250.339
0.3,0.6,0.4 48.6
0.3,0.6,0.45 0.445994
0.3,0.65,0 2.57039e-07
0.3,0.65,0.05 80.3665
0.3,0.65,0.1 333.8
0.3,0.65,0.15 219.312
0.3,0.65,0.2 346.664
0.3,0.65,0.25 552.254
0.3,0.65,0.3 778.223
0.3,0.65,0.35 579.771
0.3,0.65,0.4 92.8963
0.3,0.65,0.45 0.79618
0.3,0.7,0 1.91065e-09
0.3,0.7,0.05 79.8641
0.3,0.7,0.1 414.9
0.3,0.7,0.15 292.706
0.3,0.7,0.2 458.4
0.3,0.7,0.25 177.766
0.3,0.7,0.3 154.899
0.3,0.7,0.35 228.582
0.3,0.7,0.4 43.2596
0.3,0.7,0.45 0.365464
0.3,0.75,0 3.57804e-11
0.3,0.75,0.05 50.4437
0.3,0.75,0.1 421.891
0.3,0.75,0.15 364.895
0.3,0.75,0.2 275.734
0.3,0.75,0.25 74.1066
0.3,0.75,0.3 2.94074
0.3,0.75,0.35 1.90608
0.3,0.75,0.4 0.333431
0.3,0.75,0.45 0.00274612
0.3,0.8,0 1.26577e-11
0.3,0.8,0.05 11.7657
0.3,0.8,0.1 79.0608
0.3,0.8,0.15 56.2837
0.3,0.8,0.2 11.8846
0.3,0.8,0.25 2.01961
0.3,0.8,0.3 0.0430903
0.3,0.85,0 1.79353e-14
0.3,0.85,0.05 0.0126018
0.3,0.85,0.1 0.0602154
0.3,0.85,0.15 0.0714805
0.3,0.85,0.2 0.0222446
0.3,0.85,0.25 0.000243103
0.3,0.85,0.3 3.21194e-06
0.35,0,0.1 1.0915e-13
0.35,0,0.15 4.48499e-12
0.35,0,0.2 1.36352e-11
0.35,0,0.25 1.61573e-10
0.35,0,0.3 1.53173e-10
0.35,0,0.35 6.06646e-12
0.35,0.05,0 3.76251e-12
0.35,0.05,0.05 1.42621
0.35,0.05,0.1 5.87794
0.35,0.05,0.15 8.71532
0.35,0.05,0.2 11.6998
0.35,0.05,0.25 26.2106
0.35,0.05,0.3 23.7331
0.35,0.05,0.35 0.939581
0.35,0.1,0 1.65787e-10
0.35,0.1,0.05 63.5422
0.35,0.1,0.1 254.936
0.35,0.1,0.15 95.4129
0.35,0.1,0.2 77.6564
0.35,0.1,0.25 146.998
0.35,0.1,0.3 127.655
0.35,0.1,0.35 7.70107
0.35,0.1,0.4 0.000983416
0.35,0.15,0 2.34673e-10
0.35,0.15,0.05 102.475
0.35,0.15,0.1 417.223
0.35,0.15,0.15 193.075
0.35,0.15,0.2 200.243
0.35,0.15,0.25 303.544
0.35,0.15,0.3 213.766
0.35,0.15,0.35 30.0353
0.35,0.15,0.4 1.04712
0.35,0.2,0 3.00627e-11
0.35,0.2,0.05 108.846
0.35,0.2,0.1 480.032
0.35,0.2,0.15 496.369
0.35,0.2,0.2 430.098
0.35,0.2,0.25 535.262
0.35,0.2,0.3 303.558
0.35,0.2,0.35 90.3891
0.35,0.2,0.4 3.46255
0.35,0.25,0 1.71238e-11
0.35,0.25,0.05 163.857
0.35,0.25,0.1 774.846
0.35,0.25,0.15 627.026
0.35,0.25,0.2 281.8
0.35,0.25,0.25 556.269
0.35,0.25,0.3 701.309
0.35,0.25,0.35 206.082
0.35,0.25,0.4 1.92002
0.35,0.3,0 3.81679e-11
0.35,0.3,0.05 130.002
0.35,0.3,0.1 581.737
0.35,0.3,0.15 503.31
0.35,0.3,0.2 582.797
0.35,0.3,0.25 619.236
0.35,0.3,0.3 527.724
0.35,0.3,0.35 79.5793
0.35,0.3,0.4 0.328266
0.35,0.35,0 1.19386e-11
0.35,0.35,0.05 95.3012
0.35,0.35,0.1 427.59
0.35,0.35,0.15 354.704
0.35,0.35,0.2 425.574
0.35,0.35,0.25 140.881
0.35,0.35,0.3 59.2799
0.35,0.35,0.35 7.21338
0.35,0.35,0.4 0.0103113
0.35,0.4,0 7.43379e-13
0.35,0.4,0.05 171.469
0.35,0.4,0.1 862.483
0.35,0.4,0.15 628.277
0.35,0.4,0.2 314.728
0.35,0.4,0.25 37.1171
0.35,0.4,0.3 22.4749
0.35,0.4,0.35 17.3051
0.35,0.4,0.4 5.50218
0.35,0.4,0.45 0.00966292
0.35,0.45,0 2.50197e-11
0.35,0.45,0.05 108.43
0.35,0.45,0.1 655.65
0.35,0.45,0.15 723.726
0.35,0.45,0.2 610.823
0.35,0.45,0.25 113.187
0.35,0.45,0.3 83.4931
0.35,0.45,0.35 192.287
0.35,0.45,0.4 51.6672
0.35,0.45,0.45 0.051704
0.35,0.5,0 6.58466e-11
0.35,0.5,0.05 145.645
0.35,0.5,0.1 618.631
0.35,0.5,0.15 396.772
0.35,0.5,0.2 541.307
0.35,0.5,0.25 510.24
0.35,0.5,0.3 516.125
0.35,0.5,0.35 387.434
0.35,0.5,0.4 65.0812
0.35,0.5,0.45 0.0172215
0.35,0.55,0 7.21629e-08
0.35,0.55,0.05 91.8853
0.35,0.55,0.1 411.239
0.35,0.55,0.15 516.402
0.35,0.55,0.2 568.161
0.35,0.55,0.25 488.487
0.35,0.55,0.3 386.925
0.35,0.55,0.35 115.689
0.35,0.55,0.4 8.41139
0.35,0.55,0.45 1.17591e-05
0.35,0.6,0 5.9946e-07
0.35,0.6,0.05 93.8189
0.35,0.6,0.1 432.789
0.35,0.6,0.15 706.621
0.35,0.6,0.2 887.659
0.35,0.6,0.25 403.455
0.35,0.6,0.3 488.841
0.35,0.6,0.35 169.927
0.35,0.6,0.4 28.3581
0.35,0.6,0.45 0.390593
0.35,0.65,0 2.98015e-07
0.35,0.65,0.05 114.484
0.35,0.65,0.1 524.823
0.35,0.65,0.15 574.219
0.35,0.65,0.2 558.599
0.35,0.65,0.25 412.954
0.35,0.65,0.3 737.093
0.35,0.65,0.35 740.662
0.35,0.65,0.4 235.907
0.35,0.65,0.45 3.29511
0.35,0.7,0 2.25065e-09
0.35,0.7,0.05 81.3274
0.35,0.7,0.1 397.666
0.35,0.7,0.15 372.704
0.35,0.7,0.2 631.853
0.35,0.7,0.25 273.404
0.35,0.7,0.3 179.969
0.35,0.7,0.35 321.996
0.35,0.7,0.4 117.112
0.35,0.7,0.45 1.65333
0.35,0.75,0 3.64006e-12
0.35,0.75,0.05 15.6369
0.35,0.75,0.1 240.372
0.35,0.75,0.15 553.453
0.35,0.75,0.2 466.702
0.35,0.75,0.25 237.215
0.35,0.75,0.3 12.1476
0.35,0.75,0.35 1.98114
0.35,0.75,0.4 0.850565
0.35,0.75,0.45 0.0124232
0.35,0.8,0 1.25544e-12
0.35,0.8,0.05 3.77131
0.35,0.8,0.1 46.3897
0.35,0.8,0.15 116.555
0.35,0.8,0.2 66.8456
0.35,0.8,0.25 29.9214
0.35,0.8,0.3 1.62926
0.35,0.85,0 2.51879e-13
0.35,0.85,0.05 0.43274
0.35,0.85,0.1 1.73053
0.35,0.85,0.15 0.434631
0.35,0.85,0.2 0.0203403
0.35,0.85,0.25 0.0113871
0.35,0.85,0.3 0.0001251
0.4,0,0.2 4.56167e-15
0.4,0,0.25 9.59092e-14
0.4,0,0.3 9.1156e-14
0.4,0,0.35 3.61026e-15
0.4,0.05,0 1.10857e-12
0.4,0.05,0.05 0.42021
0.4,0.05,0.1 1.68014
0.4,0.05,0.15 1.11488
0.4,0.05,0.2 7.98712
0.4,0.05,0.25 5.7387
0.4,0.05,0.3 1.34763
0.4,0.05,0.35 0.150872
0.4,0.1,0 5.42876e-11
0.4,0.1,0.05 30.3543
0.4,0.1,0.1 121.38
0.4,0.1,0.15 50.0713
0.4,0.1,0.2 243.192
0.4,0.1,0.25 198.134
0.4,0.1,0.3 40.6351
0.4,0.1,0.35 4.03947
0.4,0.15,0 1.3605e-10
0.4,0.15,0.05 135.904
0.4,0.15,0.1 545.118
0.4,0.15,0.15 199.363
0.4,0.15,0.2 464.277
0.4,0.15,0.25 537.97
0.4,0.15,0.3 84.7654
0.4,0.15,0.35 4.43554
0.4,0.15,0.4 1.91826e-05
0.4,0.2,0 1.10177e-10
0.4,0.2,0.05 99.504
0.4,0.2,0.1 422.167
0.4,0.2,0.15 389.758
0.4,0.2,0.2 391.494
0.4,0.2,0.25 297.888
0.4,0.2,0.3 59.3287
0.4,0.2,0.35 6.75419
0.4,0.2,0.4 0.0486205
0.4,0.25,0 5.74065e-11
0.4,0.25,0.05 92.0511
0.4,0.25,0.1 446.737
0.4,0.25,0.15 427.634
0.4,0.25,0.2 238.11
0.4,0.25,0.25 281.126
0.4,0.25,0.3 205.076
0.4,0.25,0.35 26.359
0.4,0.25,0.4 0.153618
0.4,0.3,0 7.28096e-11
0.4,0.3,0.05 102.98
0.4,0.3,0.1 436.448
0.4,0.3,0.15 278.716
0.4,0.3,0.2 541.969
0.4,0.3,0.25 557.76
0.4,0.3,0.3 283.198
0.4,0.3,0.35 12.961
0.4,0.3,0.4 0.0303321
0.4,0.35,0 2.09211e-10
0.4,0.35,0.05 49.2585
0.4,0.35,0.1 198.462
0.4,0.35,0.15 127.545
0.4,0.35,0.2 388.881
0.4,0.35,0.25 471.601
0.4,0.35,0.3 287.658
0.4,0.35,0.35 30.7176
0.4,0.35,0.4 0.185573
0.4,0.4,0 1.39931e-10
0.4,0.4,0.05 51.397
0.4,0.4,0.1 268.313
0.4,0.4,0.15 340.342
0.4,0.4,0.2 289.055
0.4,0.4,0.25 321.846
0.4,0.4,0.3 378.057
0.4,0.4,0.35 131.119
0.4,0.4,0.4 28.5105
0.4,0.4,0.45 0.0494958
0.4,0.45,0 1.84144e-11
0.4,0.45,0.05 56.7899
0.4,0.45,0.1 340.503
0.4,0.45,0.15 612.74
0.4,0.45,0.2 599.264
0.4,0.45,0.25 302.103
0.4,0.45,0.3 375.384
0.4,0.45,0.35 562.163
0.4,0.45,0.4 176.639
0.4,0.45,0.45 0.265421
0.4,0.5,0 2.49643e-11
0.4,0.5,0.05 70.0223
0.4,0.5,0.1 361.656
0.4,0.5,0.15 552.121
0.4,0.5,0.2 775.676
0.4,0.5,0.25 490.606
0.4,0.5,0.3 600.228
0.4,0.5,0.35 609.397
0.4,0.5,0.4 124.512
0.4,0.5,0.45 0.33944
0.4,0.55,0 1.12106e-08
0.4,0.55,0.05 52.1455
0.4,0.55,0.1 282.214
0.4,0.55,0.15 474.385
0.4,0.55,0.2 618.461
0.4,0.55,0.25 354.735
0.4,0.55,0.3 288.164
0.4,0.55,0.35 163.321
0.4,0.55,0.4 28.3194
0.4,0.55,0.45 0.642562
0.4,0.6,0 6.01523e-08
0.4,0.6,0.05 148.051
0.4,0.6,0.1 620.534
0.4,0.6,0.15 452.98
0.4,0.6,0.2 609.518
0.4,0.6,0.25 251.375
0.4,0.6,0.3 121.912
0.4,0.6,0.35 34.7063
0.4,0.6,0.4 10.3558
0.4,0.6,0.45 0.211648
0.4,0.65,0 2.32439e-08
0.4,0.65,0.05 72.0677
0.4,0.65,0.1 326.514
0.4,0.65,0.15 400.105
0.4,0.65,0.2 600.056
0.4,0.65,0.25 343.317
0.4,0.65,0.3 362.491
0.4,0.65,0.35 172.941
0.4,0.65,0.4 63.2231
0.4,0.65,0.45 0.931357
0.4,0.7,0 1.56515e-10
0.4,0.7,0.05 17.2535
0.4,0.7,0.1 78.9431
0.4,0.7,0.15 128.496
0.4,0.7,0.2 372.425
0.4,0.7,0.25 237.737
0.4,0.7,0.3 94.6219
0.4,0.7,0.35 75.4533
0.4,0.7,0.4 31.5272
0.4,0.7,0.45 0.467312
0.4,0.75,0 1.3041e-11
0.4,0.75,0.05 22.0617
0.4,0.75,0.1 112.6
0.4,0.75,0.15 212.231
0.4,0.75,0.2 558.136
0.4,0.75,0.25 407.922
0.4,0.75,0.3 16.9503
0.4,0.75,0.35 0.461033
0.4,0.75,0.4 0.232293
0.4,0.75,0.45 0.00351141
0.4,0.8,0 3.9663e-11
0.4,0.8,0.05 68.1607
0.4,0.8,0.1 278.414
0.4,0.8,0.15 117.414
0.4,0.8,0.2 156.151
0.4,0.8,0.25 98.3393
0.4,0.8,0.3 2.81579
0.4,0.85,0 7.95761e-12
0.4,0.85,0.05 13.6716
0.4,0.85,0.1 54.6726
0.4,0.85,0.15 13.7109
0.4,0.85,0.2 0.445889
0.4,0.85,0.25 0.249621
0.4,0.85,0.3 0.00274237
0.45,0.05,0 1.5661e-16
0.45,0.05,0.05 5.9364e-05
0.45,0.05,0.1 0.000237358
0.45,0.05,0.15 0.358788
0.45,0.05,0.2 4.1533
0.45,0.05,0.25 7.28818
0.45,0.05,0.3 9.42691
0.45,0.05,0.35 1.12799
0.45,0.1,0 2.67382e-12
0.45,0.1,0.05 23.1903
0.45,0.1,0.1 92.8082
