0.8,0.3,0.25 327.276
0.8,0.3,0.3 374.78
0.8,0.3,0.35 131.535
0.8,0.3,0.4 31.5954
0.8,0.3,0.45 6.15565
0.8,0.3,0.5 3.96025
0.8,0.3,0.55 1.24725
0.8,0.3,0.6 0.0782894
0.8,0.3,0.65 0.000447859
0.8,0.35,0.05 3.97786
0.8,0.35,0.1 94.0447
0.8,0.35,0.15 328.778
0.8,0.35,0.2 307.737
0.8,0.35,0.25 263.512
0.8,0.35,0.3 307.923
0.8,0.35,0.35 141.219
0.8,0.35,0.4 42.067
0.8,0.35,0.45 4.0211
0.8,0.35,0.5 1.23332
0.8,0.35,0.55 0.558512
0.8,0.35,0.6 0.0126402
0.8,0.4,0 1.11131e-08
0.8,0.4,0.05 2.69546
0.8,0.4,0.1 107.106
0.8,0.4,0.15 397.931
0.8,0.4,0.2 457.289
0.8,0.4,0.25 387.021
0.8,0.4,0.3 488.546
0.8,0.4,0.35 178.433
0.8,0.4,0.4 38.2568
0.8,0.4,0.45 3.43671
0.8,0.4,0.5 0.271263
0.8,0.4,0.55 0.0301231
0.8,0.4,0.6 6.33468e-05
0.8,0.4,0.8 0.0124465
0.8,0.4,0.85 0.25893
0.8,0.4,0.9 0.244594
0.8,0.4,0.95 0.00957653
0.8,0.45,0 2.57992e-07
0.8,0.45,0.05 1.22115
0.8,0.45,0.1 185.917
0.8,0.45,0.15 734.235
0.8,0.45,0.2 491.507
0.8,0.45,0.25 336.526
0.8,0.45,0.3 442.769
0.8,0.45,0.35 214.519
0.8,0.45,0.4 92.9404
0.8,0.45,0.45 6.39052
0.8,0.45,0.5 0.96827
0.8,0.45,0.55 0.0032562
0.8,0.45,0.8 0.0943519
0.8,0.45,0.85 1.96284
0.8,0.45,0.9 1.85418
0.8,0.45,0.95 0.072596
0.8,0.5,0 2.59327e-07
0.8,0.5,0.05 1.34303
0.8,0.5,0.1 83.5367
0.8,0.5,0.15 473.554
0.8,0.5,0.2 741.834
0.8,0.5,0.25 477.613
0.8,0.5,0.3 291.577
0.8,0.5,0.35 140.504
0.8,0.5,0.4 41.6612
0.8,0.5,0.45 9.03104
0.8,0.5,0.5 2.59125
0.8,0.5,0.55 0.19993
0.8,0.5,0.8 0.0432322
0.8,0.5,0.85 0.899378
0.8,0.5,0.9 0.849585
0.8,0.5,0.95 0.0332636
0.8,0.55,0 1.94626e-08
0.8,0.55,0.05 14.2691
0.8,0.55,0.1 171.176
0.8,0.55,0.15 219.578
0.8,0.55,0.2 483.738
0.8,0.55,0.25 709.281
0.8,0.55,0.3 454.411
0.8,0.55,0.35 221.929
0.8,0.55,0.4 71.2419
0.8,0.55,0.45 35.7857
0.8,0.55,0.5 6.87363
0.8,0.55,0.55 0.868043
0.8,0.55,0.8 0.000224978
0.8,0.55,0.85 0.00468031
0.8,0.55,0.9 0.00442119
0.8,0.55,0.95 0.000173102
0.8,0.6,0 5.11548e-07
0.8,0.6,0.05 75.2985
0.8,0.6,0.1 487.125
0.8,0.6,0.15 457.842
0.8,0.6,0.2 448.451
0.8,0.6,0.25 371.882
0.8,0.6,0.3 223.045
0.8,0.6,0.35 209.543
0.8,0.6,0.4 69.7826
0.8,0.6,0.45 26.2952
0.8,0.6,0.5 7.36608
0.8,0.6,0.55 1.11683
0.8,0.65,0 8.08584e-07
0.8,0.65,0.05 85.5232
0.8,0.65,0.1 360.938
0.8,0.65,0.15 218.062
0.8,0.65,0.2 337.499
0.8,0.65,0.25 433.692
0.8,0.65,0.3 214.368
0.8,0.65,0.35 179.772
0.8,0.65,0.4 124.838
0.8,0.65,0.45 71.352
0.8,0.65,0.5 24.2154
0.8,0.65,0.55 2.19185
0.8,0.65,0.6 4.25525e-05
0.8,0.7,0 7.14216e-08
0.8,0.7,0.05 7.57901
0.8,0.7,0.1 32.0004
0.8,0.7,0.15 10.6432
0.8,0.7,0.2 55.8895
0.8,0.7,0.25 371.042
0.8,0.7,0.3 328.273
0.8,0.7,0.35 272.808
0.8,0.7,0.4 251.676
0.8,0.7,0.45 158.67
0.8,0.7,0.5 38.8307
0.8,0.7,0.55 2.51572
0.8,0.7,0.6 0.000457855
0.8,0.75,0.05 0.036274
0.8,0.75,0.1 0.970777
0.8,0.75,0.15 9.72567
0.8,0.75,0.2 34.063
0.8,0.75,0.25 401.141
0.8,0.75,0.3 571.821
0.8,0.75,0.35 124.989
0.8,0.75,0.4 46.9405
0.8,0.75,0.45 31.2146
0.8,0.75,0.5 9.83
0.8,0.75,0.55 1.33551
0.8,0.75,0.6 0.000278798
0.8,0.8,0.05 0.140767
0.8,0.8,0.1 25.6708
0.8,0.8,0.15 216.521
0.8,0.8,0.2 172.298
0.8,0.8,0.25 54.9655
0.8,0.8,0.3 112.719
0.8,0.8,0.35 19.897
0.8,0.8,0.4 0.676148
0.8,0.8,0.45 0.10622
0.8,0.8,0.5 0.416133
0.8,0.8,0.55 0.645918
0.8,0.8,0.6 0.064393
0.8,0.85,0.05 0.345203
0.8,0.85,0.1 48.0897
0.8,0.85,0.15 245.997
0.8,0.85,0.2 162.631
0.8,0.85,0.25 5.54051
0.8,0.85,0.3 0.0578402
0.8,0.85,0.35 0.37879
0.8,0.85,0.4 0.933393
0.8,0.85,0.45 0.160755
0.8,0.85,0.5 1.53635
0.8,0.85,0.55 2.72574
0.8,0.85,0.6 0.279925
0.8,0.9,0.05 0.0519486
0.8,0.9,0.1 6.22546
0.8,0.9,0.15 17.6266
0.8,0.9,0.2 7.01466
0.8,0.9,0.25 0.205361
0.8,0.9,0.3 9.38749e-05
0.8,0.9,0.35 0.0355726
0.8,0.9,0.4 0.088948
0.8,0.9,0.45 0.0183617
0.8,0.9,0.5 0.417401
0.8,0.9,0.55 0.740538
0.8,0.9,0.6 0.0760509
0.8,0.95,0.45 9.22464e-08
0.8,0.95,0.5 8.21637e-06
0.8,0.95,0.55 1.45772e-05
0.8,0.95,0.6 1.49703e-06
0.85,0.05,0.35 0.739721
0.85,0.05,0.4 23.3477
0.85,0.05,0.45 27.5258
0.85,0.05,0.5 1.58245
0.85,0.1,0.35 7.49784
0.85,0.1,0.4 236.653
0.85,0.1,0.45 279.003
0.85,0.1,0.5 16.0397
0.85,0.15,0.15 0.0603389
0.85,0.15,0.2 2.20072
0.85,0.15,0.25 2.77768
0.85,0.15,0.3 0.177916
0.85,0.15,0.35 4.36177
0.85,0.15,0.4 137.645
0.85,0.15,0.45 162.277
0.85,0.15,0.5 9.32922
0.85,0.2,0.15 1.62922
0.85,0.2,0.2 59.422
0.85,0.2,0.25 75.0004
0.85,0.2,0.3 4.96479
0.85,0.2,0.35 0.645381
0.85,0.2,0.4 1.83522
0.85,0.2,0.45 2.00924
0.85,0.2,0.5 0.11551
0.85,0.25,0.05 6.69864e-05
0.85,0.25,0.1 1.48424
0.85,0.25,0.15 29.9035
0.85,0.25,0.2 96.0427
0.85,0.25,0.25 90.7923
0.85,0.25,0.3 14.2822
0.85,0.25,0.35 2.13711
0.85,0.25,0.4 0.363676
0.85,0.3,0.05 0.000415792
0.85,0.3,0.1 10.5139
0.85,0.3,0.15 216.098
0.85,0.3,0.2 246.461
0.85,0.3,0.25 64.3264
0.85,0.3,0.3 55.1079
0.85,0.3,0.35 3.43811
0.85,0.3,0.4 0.0626162
0.85,0.35,0.05 0.000159306
0.85,0.35,0.1 26.6693
0.85,0.35,0.15 203.216
0.85,0.35,0.2 177.384
0.85,0.35,0.25 52.0054
0.85,0.35,0.3 45.1547
0.85,0.35,0.35 4.28572
0.85,0.35,0.4 4.26169e-07
0.85,0.4,0.05 0.0113606
0.85,0.4,0.1 88.2105
0.85,0.4,0.15 419.704
0.85,0.4,0.2 315.928
0.85,0.4,0.25 134.715
0.85,0.4,0.3 90.9206
0.85,0.4,0.35 11.7132
0.85,0.4,0.4 0.00931097
0.85,0.4,0.45 0.00024288
0.85,0.4,0.8 0.962067
0.85,0.4,0.85 20.0143
0.85,0.4,0.9 18.9063
0.85,0.4,0.95 0.740231
0.85,0.45,0.05 10.1758
0.85,0.45,0.1 119.017
0.85,0.45,0.15 351.764
0.85,0.45,0.2 238.162
0.85,0.45,0.25 87.684
0.85,0.45,0.3 52.8355
0.85,0.45,0.35 6.90521
0.85,0.45,0.4 0.0480991
0.85,0.45,0.45 0.0012548
0.85,0.45,0.8 7.29306
0.85,0.45,0.85 151.721
0.85,0.45,0.9 143.321
0.85,0.45,0.95 5.6114
0.85,0.5,0.05 30.4212
0.85,0.5,0.1 201.936
0.85,0.5,0.15 234.788
0.85,0.5,0.2 266.718
0.85,0.5,0.25 170.162
0.85,0.5,0.3 28.9144
0.85,0.5,0.35 4.05714
0.85,0.5,0.4 0.0304397
0.85,0.5,0.45 0.000404034
0.85,0.5,0.8 3.34169
0.85,0.5,0.85 69.5186
0.85,0.5,0.9 65.6698
0.85,0.5,0.95 2.57115
0.85,0.55,0 4.21646e-09
0.85,0.55,0.05 14.5614
0.85,0.55,0.1 137.703
0.85,0.55,0.15 106.009
0.85,0.55,0.2 254.832
0.85,0.55,0.25 284.882
0.85,0.55,0.3 46.3939
0.85,0.55,0.35 7.36897
0.85,0.55,0.4 0.0656646
0.85,0.55,0.45 1.94237e-07
0.85,0.55,0.8 0.0173899
0.85,0.55,0.85 0.361771
0.85,0.55,0.9 0.341742
0.85,0.55,0.95 0.0133801
0.85,0.6,0 2.66863e-07
0.85,0.6,0.05 41.8821
0.85,0.6,0.1 285.153
0.85,0.6,0.15 246.602
0.85,0.6,0.2 184.667
0.85,0.6,0.25 73.2819
0.85,0.6,0.3 13.5951
0.85,0.6,0.35 2.19516
0.85,0.6,0.4 0.0729859
0.85,0.6,0.45 0.000171615
0.85,0.6,0.5 1.102e-06
0.85,0.65,0 4.21819e-07
0.85,0.65,0.05 50.7515
0.85,0.65,0.1 262.839
0.85,0.65,0.15 158.015
0.85,0.65,0.2 87.1627
0.85,0.65,0.25 25.6813
0.85,0.65,0.3 4.91969
0.85,0.65,0.35 4.60435
0.85,0.65,0.4 3.56396
0.85,0.65,0.45 0.13672
0.85,0.65,0.5 0.00623635
0.85,0.7,0 3.72589e-08
0.85,0.7,0.05 19.1004
0.85,0.7,0.1 201.023
0.85,0.7,0.15 128.279
0.85,0.7,0.2 15.312
0.85,0.7,0.25 119.311
0.85,0.7,0.3 86.9284
0.85,0.7,0.35 16.5812
0.85,0.7,0.4 9.55668
0.85,0.7,0.45 0.391713
0.85,0.7,0.5 0.0208849
0.85,0.75,0.05 2.42187
0.85,0.75,0.1 29.8715
0.85,0.75,0.15 27.2935
0.85,0.75,0.2 18.9437
0.85,0.75,0.25 148.596
0.85,0.75,0.3 155.795
0.85,0.75,0.35 19.3578
0.85,0.75,0.4 2.85859
0.85,0.75,0.45 0.263922
0.85,0.75,0.5 0.00436692
0.85,0.8,0.1 7.92623
0.85,0.8,0.15 151.976
0.85,0.8,0.2 137.43
0.85,0.8,0.25 18.0415
0.85,0.8,0.3 24.8037
0.85,0.8,0.35 41.5419
0.85,0.8,0.4 93.8426
0.85,0.8,0.45 14.7164
0.85,0.8,0.5 25.6857
0.85,0.8,0.55 45.5707
0.85,0.8,0.6 4.67997
0.85,0.85,0.1 7.29794
0.85,0.85,0.15 139.93
0.85,0.85,0.2 125.978
0.85,0.85,0.25 4.49791
0.85,0.85,0.3 0.165785
0.85,0.85,0.35 62.8218
0.85,0.85,0.4 157.084
0.85,0.85,0.45 25.4049
0.85,0.85,0.5 111.666
0.85,0.85,0.55 198.115
0.85,0.85,0.6 20.3457
0.85,0.9,0.1 0.27215
0.85,0.9,0.15 5.21816
0.85,0.9,0.2 4.69788
0.85,0.9,0.25 0.167733
0.85,0.9,0.3 0.0157985
0.85,0.9,0.35 5.98662
0.85,0.9,0.4 14.9693
0.85,0.9,0.45 2.6421
0.85,0.9,0.5 30.3378
0.85,0.9,0.55 53.8243
0.85,0.9,0.6 5.52759
0.85,0.95,0.45 6.70472e-06
0.85,0.95,0.5 0.000597188
0.85,0.95,0.55 0.00105951
0.85,0.95,0.6 0.000108808
0.9,0.05,0.35 0.2869
0.9,0.05,0.4 9.05537
0.9,0.05,0.45 10.6758
0.9,0.05,0.5 0.61375
0.9,0.1,0.35 2.90803
0.9,0.1,0.4 91.7856
0.9,0.1,0.45 108.211
0.9,0.1,0.5 6.22099
0.9,0.15,0.15 3.95108e-05
0.9,0.15,0.2 0.00144106
0.9,0.15,0.25 0.00181886
0.9,0.15,0.3 0.000116357
0.9,0.15,0.35 1.6914
0.9,0.15,0.4 53.3854
0.9,0.15,0.45 62.9388
0.9,0.15,0.5 3.61833
0.9,0.2,0.15 0.00106683
0.9,0.2,0.2 0.0389103
0.9,0.2,0.25 0.0491112
0.9,0.2,0.3 0.00314175
0.9,0.2,0.35 0.0209421
0.9,0.2,0.4 0.660994
0.9,0.2,0.45 0.779279
0.9,0.2,0.5 0.0448004
0.9,0.25,0.1 0.0485609
0.9,0.25,0.15 1.54711
0.9,0.25,0.2 1.87263
0.9,0.25,0.25 0.159454
0.9,0.25,0.3 0.00342447
0.9,0.3,0.1 0.3794
0.9,0.3,0.15 12.078
0.9,0.3,0.2 14.3009
0.9,0.3,0.25 0.830238
0.9,0.3,0.3 0.000173031
0.9,0.35,0.1 2.37782
0.9,0.35,0.15 15.5079
0.9,0.35,0.2 9.92676
0.9,0.35,0.25 0.612683
0.9,0.35,0.3 0.00108264
0.9,0.4,0.05 0.0156804
0.9,0.4,0.1 8.44528
0.9,0.4,0.15 37.6206
0.9,0.4,0.2 13.203
0.9,0.4,0.25 1.26929
0.9,0.4,0.3 0.00613552
0.9,0.4,0.8 1.63025
0.9,0.4,0.85 33.9148
0.9,0.4,0.9 32.0372
0.9,0.4,0.95 1.25434
0.9,0.45,0.05 21.6703
0.9,0.45,0.1 128.919
0.9,0.45,0.15 58.363
0.9,0.45,0.2 5.23358
0.9,0.45,0.25 0.490431
0.9,0.45,0.3 0.00281983
0.9,0.45,0.8 12.3583
0.9,0.45,0.85 257.095
0.9,0.45,0.9 242.861
0.9,0.45,0.95 9.50868
0.9,0.5,0.05 64.6702
0.9,0.5,0.1 377.757
0.9,0.5,0.15 139.495
0.9,0.5,0.2 4.45072
0.9,0.5,0.25 2.83665
0.9,0.5,0.3 0.113852
0.9,0.5,0.8 5.66259
0.9,0.5,0.85 117.801
0.9,0.5,0.9 111.279
0.9,0.5,0.95 4.35689
0.9,0.55,0 3.65164e-11
0.9,0.55,0.05 12.1501
0.9,0.55,0.1 71.7492
0.9,0.55,0.15 26.9367
0.9,0.55,0.2 7.83292
0.9,0.55,0.25 7.39983
0.9,0.55,0.3 0.302399
0.9,0.55,0.8 0.0294677
0.9,0.55,0.85 0.61303
0.9,0.55,0.9 0.579091
0.9,0.55,0.95 0.022673
0.9,0.6,0 2.31115e-09
0.9,0.6,0.05 0.490053
0.9,0.6,0.1 4.00158
0.9,0.6,0.15 2.98695
0.9,0.6,0.2 2.22971
0.9,0.6,0.25 1.29121
0.9,0.6,0.3 0.0501291
0.9,0.65,0 3.65314e-09
0.9,0.65,0.05 9.99452
0.9,0.65,0.1 118.554
0.9,0.65,0.15 78.8189
0.9,0.65,0.2 1.92653
0.9,0.65,0.25 0.0569549
0.9,0.65,0.3 0.0121558
0.9,0.65,0.35 0.000155597
0.9,0.7,0 3.22679e-10
0.9,0.7,0.05 24.7285
0.9,0.7,0.1 300.667
0.9,0.7,0.15 200.514
0.9,0.7,0.2 3.71039
0.9,0.7,0.25 0.57037
0.9,0.7,0.3 0.335194
0.9,0.7,0.35 0.00429055
0.9,0.75,0.05 3.91815
0.9,0.75,0.1 47.6944
0.9,0.75,0.15 32.0312
0.9,0.75,0.2 0.841381
0.9,0.75,0.25 0.63528
0.9,0.75,0.3 0.372161
0.9,0.75,0.35 1.06991
0.9,0.75,0.4 2.66345
0.9,0.75,0.45 0.409499
0.9,0.8,0.1 0.232055
0.9,0.8,0.15 4.44938
0.9,0.8,0.2 4.0089
0.9,0.8,0.25 0.175344
0.9,0.8,0.3 0.228514
0.9,0.8,0.35 79.39
0.9,0.8,0.4 198.511
0.9,0.8,0.45 30.9992
0.9,0.8,0.5 42.6293
0.9,0.8,0.55 75.6314
0.9,0.8,0.6 7.76711
0.9,0.85,0.1 0.21366
0.9,0.85,0.15 4.09669
0.9,0.85,0.2 3.68823
0.9,0.85,0.25 0.131685
0.9,0.85,0.3 0.350695
0.9,0.85,0.35 132.891
0.9,0.85,0.4 332.289
0.9,0.85,0.45 53.1692
0.9,0.85,0.5 185.327
0.9,0.85,0.55 328.8
0.9,0.85,0.6 33.7668
0.9,0.9,0.1 0.00796768
0.9,0.9,0.15 0.152771
0.9,0.9,0.2 0.137539
0.9,0.9,0.25 0.00491069
0.9,0.9,0.3 0.0334196
0.9,0.9,0.35 12.6639
0.9,0.9,0.4 31.6656
0.9,0.9,0.45 5.43378
0.9,0.9,0.5 50.3501
0.9,0.9,0.55 89.3295
0.9,0.9,0.6 9.17385
0.9,0.95,0.45 1.11275e-05
0.9,0.95,0.5 0.000991122
0.9,0.95,0.55 0.00175842
0.9,0.95,0.6 0.000180584
0.95,0.05,0.35 0.000630893
0.95,0.05,0.4 0.0199128
0.95,0.05,0.45 0.0234762
0.95,0.05,0.5 0.00134964
0.95,0.1,0.35 0.00639476
0.95,0.1,0.4 0.201837
0.95,0.1,0.45 0.237956
0.95,0.1,0.5 0.01368
0.95,0.15,0.35 0.0037194
0.95,0.15,0.4 0.117395
0.95,0.15,0.45 0.138403
0.95,0.15,0.5 0.00795671
0.95,0.2,0.35 4.60518e-05
0.95,0.2,0.4 0.00145353
0.95,0.2,0.45 0.00171364
0.95,0.2,0.5 9.85163e-05
0.95,0.4,0.05 0.00201525
0.95,0.4,0.1 0.0117595
0.95,0.4,0.15 0.00425339
0.95,0.4,0.2 5.83587e-06
0.95,0.4,0.8 0.157849
0.95,0.4,0.85 3.28381
0.95,0.4,0.9 3.10201
0.95,0.4,0.95 0.121452
0.95,0.45,0.05 2.78506
0.95,0.45,0.1 16.2515
0.95,0.45,0.15 5.87816
0.95,0.45,0.2 0.00806513
0.95,0.45,0.8 1.19659
0.95,0.45,0.85 24.8933
0.95,0.45,0.9 23.5151
0.95,0.45,0.95 0.92068
0.95,0.5,0.05 8.31119
0.95,0.5,0.1 48.4977
0.95,0.5,0.15 17.5416
0.95,0.5,0.2 0.024068
0.95,0.5,0.8 0.548281
0.95,0.5,0.85 11.4061
0.95,0.5,0.9 10.7747
0.95,0.5,0.95 0.421857
0.95,0.55,0.05 1.54353
0.95,0.55,0.1 9.00686
0.95,0.55,0.15 3.25778
0.95,0.55,0.2 0.00446983
0.95,0.55,0.8 0.00285322
0.95,0.55,0.85 0.0593568
0.95,0.55,0.9 0.0560706
0.95,0.55,0.95 0.00219532
0.95,0.6,0.05 0.00194511
0.95,0.6,0.1 0.0236714
0.95,0.6,0.15 0.0157905
0.95,0.6,0.2 0.000287488
0.95,0.65,0.05 0.874348
0.95,0.65,0.1 10.6406
0.95,0.65,0.15 7.09801
0.95,0.65,0.2 0.129229
0.95,0.7,0.05 2.25011
0.95,0.7,0.1 27.3832
0.95,0.7,0.15 18.2665
0.95,0.7,0.2 0.332568
0.95,0.75,0.05 0.357002
0.95,0.75,0.1 4.34461
0.95,0.75,0.15 2.89816
0.95,0.75,0.2 0.0527652
0.95,0.75,0.3 0.000357591
0.95,0.75,0.35 0.135504
0.95,0.75,0.4 0.338823
0.95,0.75,0.45 0.0520931
0.95,0.8,0.3 0.0266518
0.95,0.8,0.35 10.0993
0.95,0.8,0.4 25.253
0.95,0.8,0.45 3.92768
0.95,0.8,0.5 4.01718
0.95,0.8,0.55 7.12715
0.95,0.8,0.6 0.731936
0.95,0.85,0.3 0.0446126
0.95,0.85,0.35 16.9053
0.95,0.85,0.4 42.2712
0.95,0.85,0.45 6.69515
0.95,0.85,0.5 17.4643
0.95,0.85,0.55 30.9846
0.95,0.85,0.6 3.18202
0.95,0.9,0.3 0.00425137
0.95,0.9,0.35 1.611
0.95,0.9,0.4 4.02824
0.95,0.9,0.45 0.672601
0.95,0.9,0.5 4.74476
0.95,0.9,0.55 8.41799
0.95,0.9,0.6 0.864501
0.95,0.95,0.45 1.0486e-06
0.95,0.95,0.5 9.33987e-05
0.95,0.95,0.55 0.000165705
0.95,0.95,0.6 1.70174e-05
