0.2,0.15,0.3 0.0014894
0.2,0.15,0.35 0.0168287
0.2,0.15,0.4 0.0106311
0.2,0.15,0.45 0.000167294
0.2,0.2,0.2 1.00708e-06
0.2,0.2,0.25 0.000161767
0.2,0.2,0.3 0.140408
0.2,0.2,0.35 1.58269
0.2,0.2,0.4 0.999792
0.2,0.2,0.45 0.0157331
0.2,0.25,0.2 1.81004e-05
0.2,0.25,0.25 0.00575802
0.2,0.25,0.3 0.404278
0.2,0.25,0.35 3.78749
0.2,0.25,0.4 2.20838
0.2,0.25,0.45 0.030087
0.2,0.3,0.15 2.31325e-13
0.2,0.3,0.2 1.5668e-05
0.2,0.3,0.25 0.0251733
0.2,0.3,0.3 1.19346
0.2,0.3,0.35 7.74007
0.2,0.3,0.4 3.42064
0.2,0.3,0.45 0.01655
0.2,0.35,0.15 2.28631e-07
0.2,0.35,0.2 0.000322229
0.2,0.35,0.25 0.0118567
0.2,0.35,0.3 2.62187
0.2,0.35,0.35 15.8353
0.2,0.35,0.4 6.06254
0.2,0.35,0.45 0.0135077
0.2,0.4,0.15 1.81888e-06
0.2,0.4,0.2 0.00260028
0.2,0.4,0.25 0.00796581
0.2,0.4,0.3 15.4218
0.2,0.4,0.35 91.5309
0.2,0.4,0.4 33.6608
0.2,0.4,0.45 0.0522546
0.2,0.4,0.5 1.28099e-06
0.2,0.45,0.15 1.27046e-05
0.2,0.45,0.2 0.018425
0.2,0.45,0.25 0.324735
0.2,0.45,0.3 8.6965
0.2,0.45,0.35 42.9722
0.2,0.45,0.4 15.5739
0.2,0.45,0.45 0.151965
0.2,0.45,0.5 0.00506785
0.2,0.5,0.15 8.92188e-06
0.2,0.5,0.2 0.0129456
0.2,0.5,0.25 7.94403
0.2,0.5,0.3 35.1113
0.2,0.5,0.35 16.5737
0.2,0.5,0.4 4.33497
0.2,0.5,0.45 0.54378
0.2,0.5,0.5 0.0165722
0.2,0.55,0.15 1.92828e-07
0.2,0.55,0.2 0.000279794
0.2,0.55,0.25 9.03019
0.2,0.55,0.3 40.5997
0.2,0.55,0.35 27.8139
0.2,0.55,0.4 9.54725
0.2,0.55,0.45 0.228875
0.2,0.55,0.5 0.00338209
0.2,0.6,0.25 0.493415
0.2,0.6,0.3 2.47201
0.2,0.6,0.35 3.8061
0.2,0.6,0.4 1.71586
0.2,0.6,0.45 0.0158881
0.2,0.6,0.5 1.17017e-10
0.25,0.15,0.3 0.0933958
0.25,0.15,0.35 1.05528
0.25,0.15,0.4 0.677065
0.25,0.15,0.45 0.140022
0.25,0.15,0.5 0.0877224
0.25,0.15,0.55 0.00166053
0.25,0.2,0.2 0.0140867
0.25,0.2,0.25 2.26274
0.25,0.2,0.3 13.5157
0.25,0.2,0.35 99.8371
0.25,0.2,0.4 62.8614
0.25,0.2,0.45 3.06806
0.25,0.2,0.5 1.40965
0.25,0.2,0.55 0.0266838
0.25,0.25,0.2 0.253182
0.25,0.25,0.25 43.4686
0.25,0.25,0.3 121.509
0.25,0.25,0.35 226.075
0.25,0.25,0.4 126.78
0.25,0.25,0.45 3.7358
0.25,0.25,0.5 1.42877
0.25,0.25,0.55 0.0463808
0.25,0.3,0.15 7.02951e-09
0.25,0.3,0.2 0.219164
0.25,0.3,0.25 57.4583
0.25,0.3,0.3 239.237
0.25,0.3,0.35 317.743
0.25,0.3,0.4 119.348
0.25,0.3,0.45 1.66364
0.25,0.3,0.5 1.24897
0.25,0.3,0.55 0.104271
0.25,0.35,0.15 0.00694763
0.25,0.35,0.2 9.78341
0.25,0.35,0.25 41.0121
0.25,0.35,0.3 94.8635
0.25,0.35,0.35 190.58
0.25,0.35,0.4 70.3158
0.25,0.35,0.45 0.522367
0.25,0.35,0.5 0.31707
0.25,0.35,0.55 0.0270161
0.25,0.4,0.15 0.0288469
0.25,0.4,0.2 40.6876
0.25,0.4,0.25 121.759
0.25,0.4,0.3 90.4291
0.25,0.4,0.35 391.266
0.25,0.4,0.4 142.653
0.25,0.4,0.45 0.234284
0.25,0.4,0.5 0.000460028
0.25,0.4,0.55 6.93204e-08
0.25,0.45,0.15 0.0938487
0.25,0.45,0.2 47.1837
0.25,0.45,0.25 141.079
0.25,0.45,0.3 125.567
0.25,0.45,0.35 327.382
0.25,0.45,0.4 147.914
0.25,0.45,0.45 43.3995
0.25,0.45,0.5 1.8186
0.25,0.45,0.55 8.72306e-05
0.25,0.5,0.15 1.29918
0.25,0.5,0.2 51.1036
0.25,0.5,0.25 164.553
0.25,0.5,0.3 377.61
0.25,0.5,0.35 386.596
0.25,0.5,0.4 363.342
0.25,0.5,0.45 164.956
0.25,0.5,0.5 7.2674
0.25,0.5,0.55 0.0993788
0.25,0.55,0.15 2.05895
0.25,0.55,0.2 32.9962
0.25,0.55,0.25 103.432
0.25,0.55,0.3 416.4
0.25,0.55,0.35 463.879
0.25,0.55,0.4 253.138
0.25,0.55,0.45 48.8389
0.25,0.55,0.5 8.4187
0.25,0.55,0.55 0.640186
0.25,0.6,0.15 0.371749
0.25,0.6,0.2 4.66682
0.25,0.6,0.25 8.03248
0.25,0.6,0.3 38.2195
0.25,0.6,0.35 71.911
0.25,0.6,0.4 29.6737
0.25,0.6,0.45 2.1355
0.25,0.6,0.5 2.98686
0.25,0.6,0.55 0.287129
0.25,0.65,0.15 1.55748e-05
0.25,0.65,0.2 0.0027253
0.25,0.65,0.25 0.031592
0.25,0.65,0.3 0.142762
0.25,0.65,0.35 1.00004
0.25,0.65,0.4 0.626116
0.25,0.65,0.45 0.160373
0.25,0.65,0.5 0.0253077
0.25,0.65,0.55 0.00184429
0.25,0.7,0.2 0.00722353
0.25,0.7,0.25 0.0895252
0.25,0.7,0.3 1.01011
0.25,0.7,0.35 7.79896
0.25,0.7,0.4 4.50156
0.25,0.7,0.45 0.760938
0.25,0.7,0.5 0.0347073
0.25,0.75,0.2 0.00127594
0.25,0.75,0.25 0.0158134
0.25,0.75,0.3 0.457414
0.25,0.75,0.35 3.66417
0.25,0.75,0.4 2.00722
0.25,0.75,0.45 0.242222
0.25,0.75,0.5 0.0108621
0.25,0.8,0.3 0.00260133
0.25,0.8,0.35 0.0212876
0.25,0.8,0.4 0.0104852
0.25,0.8,0.45 0.000149996
0.25,0.8,0.5 3.73425e-06
0.3,0.1,0.25 0.148679
0.3,0.1,0.3 3.32695
0.3,0.1,0.35 3.37981
0.3,0.1,0.4 1.96024
0.3,0.1,0.45 1.55615
0.3,0.1,0.5 0.0500234
0.3,0.15,0.15 0.126555
0.3,0.15,0.2 1.20045
0.3,0.15,0.25 3.0315
0.3,0.15,0.3 53.16
0.3,0.15,0.35 54.573
0.3,0.15,0.4 16.5114
0.3,0.15,0.45 19.9784
0.3,0.15,0.5 6.62679
0.3,0.15,0.55 0.11894
0.3,0.2,0.1 0.000798992
0.3,0.2,0.15 0.991426
0.3,0.2,0.2 9.34765
0.3,0.2,0.25 14.9688
0.3,0.2,0.3 75.8503
0.3,0.2,0.35 212.375
0.3,0.2,0.4 120.865
0.3,0.2,0.45 155.134
0.3,0.2,0.5 101.114
0.3,0.2,0.55 1.9113
0.3,0.25,0.1 0.490729
0.3,0.25,0.15 5.52751
0.3,0.25,0.2 9.1665
0.3,0.25,0.25 153.895
0.3,0.25,0.3 387.18
0.3,0.25,0.35 432.739
0.3,0.25,0.4 250.333
0.3,0.25,0.45 167.171
0.3,0.25,0.5 126.27
0.3,0.25,0.55 5.04656
0.3,0.25,0.6 0.0772917
0.3,0.25,0.65 0.00161823
0.3,0.3,0.1 1.32483
0.3,0.3,0.15 13.4029
0.3,0.3,0.2 9.34095
0.3,0.3,0.25 188.365
0.3,0.3,0.3 683.416
0.3,0.3,0.35 631.057
0.3,0.3,0.4 371.57
0.3,0.3,0.45 232.058
0.3,0.3,0.5 207.413
0.3,0.3,0.55 17.2034
0.3,0.3,0.6 0.698316
0.3,0.3,0.65 0.0102507
0.3,0.35,0.1 0.245593
0.3,0.35,0.15 14.0493
0.3,0.35,0.2 71.756
0.3,0.35,0.25 163.483
0.3,0.35,0.3 237.179
0.3,0.35,0.35 284.184
0.3,0.35,0.4 156.474
0.3,0.35,0.45 79.2106
0.3,0.35,0.5 70.3545
0.3,0.35,0.55 20.2828
0.3,0.35,0.6 1.70048
0.3,0.35,0.65 0.00400163
0.3,0.4,0.05 0.0628478
0.3,0.4,0.1 0.38447
0.3,0.4,0.15 30.1903
0.3,0.4,0.2 239.592
0.3,0.4,0.25 507.233
0.3,0.4,0.3 118.835
0.3,0.4,0.35 116.975
0.3,0.4,0.4 40.8988
0.3,0.4,0.45 0.760628
0.3,0.4,0.5 4.80893
0.3,0.4,0.55 7.17985
0.3,0.4,0.6 0.664172
0.3,0.4,0.65 9.1565e-06
0.3,0.45,0.05 2.34922
0.3,0.45,0.1 11.9036
0.3,0.45,0.15 21.3611
0.3,0.45,0.2 246.103
0.3,0.45,0.25 624.146
0.3,0.45,0.3 300.693
0.3,0.45,0.35 523.094
0.3,0.45,0.4 329.402
0.3,0.45,0.45 144.892
0.3,0.45,0.5 37.8212
0.3,0.45,0.55 1.84355
0.3,0.45,0.6 0.00715677
0.3,0.5,0.05 2.99843
0.3,0.5,0.1 15.1038
0.3,0.5,0.15 29.0128
0.3,0.5,0.2 390.838
0.3,0.5,0.25 585.048
0.3,0.5,0.3 509.378
0.3,0.5,0.35 902.51
0.3,0.5,0.4 1001.49
0.3,0.5,0.45 541.664
0.3,0.5,0.5 162.331
0.3,0.5,0.55 9.94599
0.3,0.5,0.6 0.513009
0.3,0.5,0.65 0.0307664
0.3,0.55,0.05 0.195118
0.3,0.55,0.1 1.06802
0.3,0.55,0.15 33.4975
0.3,0.55,0.2 451.375
0.3,0.55,0.25 409.701
0.3,0.55,0.3 526.277
0.3,0.55,0.35 640.792
0.3,0.55,0.4 396.262
0.3,0.55,0.45 376.242
0.3,0.55,0.5 373.419
0.3,0.55,0.55 31.4665
0.3,0.55,0.6 2.49435
0.3,0.55,0.65 0.158116
0.3,0.6,0.1 2.18948
0.3,0.6,0.15 57.7385
0.3,0.6,0.2 132.708
0.3,0.6,0.25 63.2638
0.3,0.6,0.3 83.7044
0.3,0.6,0.35 140.346
0.3,0.6,0.4 47.2653
0.3,0.6,0.45 82.1299
0.3,0.6,0.5 127.374
0.3,0.6,0.55 12.2312
0.3,0.6,0.6 0.794814
0.3,0.6,0.65 0.0506526
0.3,0.65,0.1 2.26379
0.3,0.65,0.15 52.8721
0.3,0.65,0.2 56.6015
0.3,0.65,0.25 42.9492
0.3,0.65,0.3 36.9241
0.3,0.65,0.35 87.8515
0.3,0.65,0.4 74.0893
0.3,0.65,0.45 28.0121
0.3,0.65,0.5 2.38112
0.3,0.65,0.55 0.159865
0.3,0.65,0.6 0.000360837
0.3,0.65,0.65 2.29984e-05
0.3,0.7,0.1 0.104442
0.3,0.7,0.15 2.4393
0.3,0.7,0.2 11.7779
0.3,0.7,0.25 115.589
0.3,0.7,0.3 108.638
0.3,0.7,0.35 261.896
0.3,0.7,0.4 255.715
0.3,0.7,0.45 135.343
0.3,0.7,0.5 10.0785
0.3,0.7,0.55 0.842574
0.3,0.75,0.2 1.64585
0.3,0.75,0.25 20.398
0.3,0.75,0.3 27.6133
0.3,0.75,0.35 115.048
0.3,0.75,0.4 95.1121
0.3,0.75,0.45 42.5549
0.3,0.75,0.5 4.04179
0.3,0.75,0.55 0.464031
0.3,0.8,0.3 0.0804849
0.3,0.8,0.35 0.659088
0.3,0.8,0.4 0.335717
0.3,0.8,0.45 0.0225361
0.3,0.8,0.5 0.0223079
0.3,0.8,0.55 0.00483395
0.35,0.1,0.2 8.94638e-06
0.35,0.1,0.25 0.674751
0.35,0.1,0.3 15.0435
0.35,0.1,0.35 16.7536
0.35,0.1,0.4 34.8419
0.35,0.1,0.45 29.2282
0.35,0.1,0.5 0.939555
0.35,0.15,0.15 3.3662
0.35,0.15,0.2 31.9329
0.35,0.15,0.25 29.1471
0.35,0.15,0.3 241.812
0.35,0.15,0.35 250.764
0.35,0.15,0.4 247.476
0.35,0.15,0.45 217.511
0.35,0.15,0.5 17.1532
0.35,0.15,0.55 0.19641
0.35,0.2,0.05 2.08514e-08
0.35,0.2,0.1 0.0189112
0.35,0.2,0.15 27.955
0.35,0.2,0.2 259.015
0.35,0.2,0.25 153.909
0.35,0.2,0.3 233.175
0.35,0.2,0.35 356.116
0.35,0.2,0.4 209.339
0.35,0.2,0.45 391.364
0.35,0.2,0.5 182.58
0.35,0.2,0.55 3.15619
0.35,0.25,0.05 6.0361e-07
0.35,0.25,0.1 10.0568
0.35,0.25,0.15 134.359
0.35,0.25,0.2 331.035
0.35,0.25,0.25 169.001
0.35,0.25,0.3 184.674
0.35,0.25,0.35 514.878
0.35,0.25,0.4 329.61
0.35,0.25,0.45 447.786
0.35,0.25,0.5 255.922
0.35,0.25,0.55 32.0863
0.35,0.25,0.6 15.9951
0.35,0.25,0.65 0.334875
0.35,0.3,0.05 6.81794e-07
0.35,0.3,0.1 27.0448
0.35,0.3,0.15 284.109
0.35,0.3,0.2 256.821
0.35,0.3,0.25 91.1246
0.35,0.3,0.3 189.86
0.35,0.3,0.35 619.687
0.35,0.3,0.4 795.883
0.35,0.3,0.45 843.286
0.35,0.3,0.5 533.801
0.35,0.3,0.55 210.265
0.35,0.3,0.6 104.812
0.35,0.3,0.65 2.12128
0.35,0.35,0.05 3.6561e-08
0.35,0.35,0.1 10.8542
0.35,0.35,0.15 131.035
0.35,0.35,0.2 251.889
0.35,0.35,0.25 277.153
0.35,0.35,0.3 137.27
0.35,0.35,0.35 344.66
0.35,0.35,0.4 321.431
0.35,0.35,0.45 286.224
0.35,0.35,0.5 329.368
0.35,0.35,0.55 336.063
0.35,0.35,0.6 64.7975
0.35,0.35,0.65 0.828097
0.35,0.4,0.05 1.08287
0.35,0.4,0.1 24.617
0.35,0.4,0.15 240.096
0.35,0.4,0.2 587.552
0.35,0.4,0.25 581.114
0.35,0.4,0.3 126.377
0.35,0.4,0.35 20.6404
0.35,0.4,0.4 8.28367
0.35,0.4,0.45 5.76935
0.35,0.4,0.5 75.6488
0.35,0.4,0.55 120.189
0.35,0.4,0.6 11.2136
0.35,0.4,0.65 0.00189485
0.35,0.45,0.05 40.477
0.35,0.45,0.1 215.951
0.35,0.45,0.15 287.637
0.35,0.45,0.2 520.048
0.35,0.45,0.25 570.312
0.35,0.45,0.3 270.289
0.35,0.45,0.35 346.771
0.35,0.45,0.4 227.019
0.35,0.45,0.45 301.776
0.35,0.45,0.5 199.986
0.35,0.45,0.55 38.6287
0.35,0.45,0.6 3.45485
0.35,0.5,0.05 51.6631
0.35,0.5,0.1 268.863
0.35,0.5,0.15 235.696
0.35,0.5,0.2 442.081
0.35,0.5,0.25 437.532
0.35,0.5,0.3 444.579
0.35,0.5,0.35 567.302
0.35,0.5,0.4 512.137
0.35,0.5,0.45 747.166
0.35,0.5,0.5 676.312
0.35,0.5,0.55 272.577
0.35,0.5,0.6 55.5786
0.35,0.5,0.65 2.18019
0.35,0.55,0.05 3.41564
0.35,0.55,0.1 34.4158
0.35,0.55,0.15 108.665
0.35,0.55,0.2 415.407
0.35,0.55,0.25 395.841
0.35,0.55,0.3 332.494
0.35,0.55,0.35 248.893
0.35,0.55,0.4 198.487
0.35,0.55,0.45 565.575
0.35,0.55,0.5 705.883
0.35,0.55,0.55 286.862
0.35,0.55,0.6 184.181
0.35,0.55,0.65 11.2045
0.35,0.6,0.05 0.471542
0.35,0.6,0.1 32.0095
0.35,0.6,0.15 265.272
0.35,0.6,0.2 322.542
0.35,0.6,0.25 85.4841
0.35,0.6,0.3 95.7255
0.35,0.6,0.35 482.41
0.35,0.6,0.4 264.564
0.35,0.6,0.45 170.256
0.35,0.6,0.5 182.758
0.35,0.6,0.55 61.0884
0.35,0.6,0.6 56.3398
0.35,0.6,0.65 3.58939
0.35,0.65,0.05 0.246022
0.35,0.65,0.1 21.0198
0.35,0.65,0.15 257.592
0.35,0.65,0.2 275.392
0.35,0.65,0.25 196.786
0.35,0.65,0.3 170.942
0.35,0.65,0.35 669.903
0.35,0.65,0.4 535.695
0.35,0.65,0.45 174.346
0.35,0.65,0.5 37.8614
0.35,0.65,0.55 5.12583
0.35,0.65,0.6 0.0256565
0.35,0.65,0.65 0.00162974
0.35,0.7,0 1.90395e-12
0.35,0.7,0.05 0.00232861
0.35,0.7,0.1 1.71063
0.35,0.7,0.15 49.4174
0.35,0.7,0.2 93.3402
0.35,0.7,0.25 387.081
0.35,0.7,0.3 298.872
0.35,0.7,0.35 540.61
0.35,0.7,0.4 653.527
0.35,0.7,0.45 467.835
0.35,0.7,0.5 239.37
0.35,0.7,0.55 47.4073
0.35,0.7,0.6 9.24498e-06
0.35,0.75,0 6.48471e-09
0.35,0.75,0.05 0.668219
0.35,0.75,0.1 2.79797
0.35,0.75,0.15 5.36293
0.35,0.75,0.2 10.6862
0.35,0.75,0.25 61.4691
0.35,0.75,0.3 67.5903
0.35,0.75,0.35 221.761
0.35,0.75,0.4 195.911
0.35,0.75,0.45 129.761
0.35,0.75,0.5 121.876
0.35,0.75,0.55 26.1085
0.35,0.8,0 2.09747e-08
0.35,0.8,0.05 2.16134
0.35,0.8,0.1 8.59011
0.35,0.8,0.15 2.1338
0.35,0.8,0.3 1.1899
0.35,0.8,0.35 9.65694
0.35,0.8,0.4 4.71891
0.35,0.8,0.45 0.402191
0.35,0.8,0.5 1.21863
0.35,0.8,0.55 0.271981
0.35,0.85,0 4.23295e-09
0.35,0.85,0.05 0.436185
0.35,0.85,0.1 1.73359
0.35,0.85,0.15 0.430627
0.4,0.1,0.2 0.000430539
0.4,0.1,0.25 0.322823
0.4,0.1,0.3 4.94495
0.4,0.1,0.35 10.4868
0.4,0.1,0.4 33.5868
0.4,0.1,0.45 26.0552
0.4,0.1,0.5 0.994262
0.4,0.1,0.55 0.103807
0.4,0.1,0.6 0.00179117
0.4,0.15,0.15 3.64052
0.4,0.15,0.2 34.659
0.4,0.15,0.25 61.2459
0.4,0.15,0.3 167.143
0.4,0.15,0.35 153.492
0.4,0.15,0.4 258.417
0.4,0.15,0.45 189.486
0.4,0.15,0.5 25.5228
0.4,0.15,0.55 11.3914
0.4,0.15,0.6 0.19624
0.4,0.2,0.05 7.8104e-06
0.4,0.2,0.1 1.01245
0.4,0.2,0.15 36.987
0.4,0.2,0.2 300.046
0.4,0.2,0.25 271.791
0.4,0.2,0.3 352.521
0.4,0.2,0.35 474.109
0.4,0.2,0.4 532.888
0.4,0.2,0.45 394.567
0.4,0.2,0.5 107.81
0.4,0.2,0.55 21.7764
0.4,0.2,0.6 0.370574
0.4,0.25,0.05 0.0210196
0.4,0.25,0.1 38.2849
0.4,0.25,0.15 275.081
0.4,0.25,0.2 594.978
0.4,0.25,0.25 349.482
0.4,0.25,0.3 342.753
0.4,0.25,0.35 607.865
0.4,0.25,0.4 629.109
0.4,0.25,0.45 482.745
0.4,0.25,0.5 138.473
0.4,0.25,0.55 69.796
0.4,0.25,0.6 35.9005
0.4,0.25,0.65 0.74317
0.4,0.3,0.05 0.496038
0.4,0.3,0.1 60.7947
0.4,0.3,0.15 414.878
0.4,0.3,0.2 440.248
0.4,0.3,0.25 216.532
0.4,0.3,0.3 178.239
0.4,0.3,0.35 337.794
0.4,0.3,0.4 473.509
0.4,0.3,0.45 382.263
0.4,0.3,0.5 263.476
0.4,0.3,0.55 440.227
0.4,0.3,0.6 229.746
0.4,0.3,0.65 4.70763
0.4,0.35,0.05 6.06576
0.4,0.35,0.1 83.347
0.4,0.35,0.15 243.132
0.4,0.35,0.2 286.136
0.4,0.35,0.25 567.739
0.4,0.35,0.3 361.501
0.4,0.35,0.35 552.03
0.4,0.35,0.4 419.902
0.4,0.35,0.45 157.895
0.4,0.35,0.5 220.856
0.4,0.35,0.55 383.951
0.4,0.35,0.6 109.737
0.4,0.35,0.65 1.83775
0.4,0.4,0.05 6.54178
0.4,0.4,0.1 165.911
0.4,0.4,0.15 607.895
0.4,0.4,0.2 658.416
0.4,0.4,0.25 653.039
0.4,0.4,0.3 200.493
0.4,0.4,0.35 159.068
0.4,0.4,0.4 73.8386
0.4,0.4,0.45 31.2906
0.4,0.4,0.5 127.384
0.4,0.4,0.55 197.348
0.4,0.4,0.6 19.6296
0.4,0.4,0.65 0.00420512
0.4,0.45,0.05 35.4378
0.4,0.45,0.1 279.84
