0.65,0.35,0.35 3.64708
0.65,0.35,0.4 0.00884723
0.65,0.4,0 1.76842e-11
0.65,0.4,0.05 42.6098
0.65,0.4,0.1 327.172
0.65,0.4,0.15 350.907
0.65,0.4,0.2 61.7403
0.65,0.4,0.25 8.83336
0.65,0.4,0.3 0.782126
0.65,0.4,0.35 0.00632553
0.65,0.45,0 1.5441e-09
0.65,0.45,0.05 158.263
0.65,0.45,0.1 649.488
0.65,0.45,0.15 224.14
0.65,0.45,0.2 239.213
0.65,0.45,0.25 204.512
0.65,0.45,0.3 17.3694
0.65,0.45,0.35 3.05392e-12
0.65,0.5,0 3.80028e-09
0.65,0.5,0.05 95.5847
0.65,0.5,0.1 383.249
0.65,0.5,0.15 131.963
0.65,0.5,0.2 265.961
0.65,0.5,0.25 419.988
0.65,0.5,0.3 64.0892
0.65,0.5,0.35 1.06774e-09
0.65,0.55,0 5.96101e-10
0.65,0.55,0.05 44.8815
0.65,0.55,0.1 179.742
0.65,0.55,0.15 80.6277
0.65,0.55,0.2 365.217
0.65,0.55,0.25 553.743
0.65,0.55,0.3 103.326
0.65,0.55,0.35 2.63204e-09
0.65,0.6,0 1.96043e-10
0.65,0.6,0.05 36.1382
0.65,0.6,0.1 145.479
0.65,0.6,0.15 110.94
0.65,0.6,0.2 599.074
0.65,0.6,0.25 408.19
0.65,0.6,0.3 22.5494
0.65,0.6,0.35 3.98367e-10
0.65,0.65,0 3.69108e-09
0.65,0.65,0.05 14.4534
0.65,0.65,0.1 79.9776
0.65,0.65,0.15 144.201
0.65,0.65,0.2 433.446
0.65,0.65,0.25 375.42
0.65,0.65,0.3 21.9139
0.65,0.7,0 3.28852e-09
0.65,0.7,0.05 11.7453
0.65,0.7,0.1 85.669
0.65,0.7,0.15 365.268
0.65,0.7,0.2 556.622
0.65,0.7,0.25 401.132
0.65,0.7,0.3 35.4676
0.65,0.75,0 4.44503e-10
0.65,0.75,0.05 26.5664
0.65,0.75,0.1 145.709
0.65,0.75,0.15 386.521
0.65,0.75,0.2 409.45
0.65,0.75,0.25 334.946
0.65,0.75,0.3 35.6184
0.65,0.8,0 7.41904e-10
0.65,0.8,0.05 73.1733
0.65,0.8,0.1 321.783
0.65,0.8,0.15 351.284
0.65,0.8,0.2 170.421
0.65,0.8,0.25 29.7298
0.65,0.8,0.3 3.04007
0.65,0.85,0 1.7205e-10
0.65,0.85,0.05 77.8794
0.65,0.85,0.1 312.793
0.65,0.85,0.15 91.1384
0.65,0.85,0.2 7.45911
0.65,0.85,0.25 0.0822256
0.65,0.9,0 1.99767e-11
0.65,0.9,0.05 18.789
0.65,0.9,0.1 75.1345
0.65,0.9,0.15 18.7783
0.65,0.95,0 1.57188e-16
0.65,0.95,0.05 0.000184117
0.65,0.95,0.1 0.000736258
0.65,0.95,0.15 0.000184012
0.7,0.1,0.1 0.0105616
0.7,0.1,0.15 1.92813
0.7,0.1,0.2 4.15842
0.7,0.1,0.25 0.541073
0.7,0.15,0.05 0.0192673
0.7,0.15,0.1 1.76285
0.7,0.15,0.15 65.5045
0.7,0.15,0.2 92.8107
0.7,0.15,0.25 7.89143
0.7,0.15,0.3 0.00719106
0.7,0.15,0.35 0.00279792
0.7,0.15,0.4 6.27398e-06
0.7,0.2,0.05 0.736548
0.7,0.2,0.1 16.7128
0.7,0.2,0.15 338.835
0.7,0.2,0.2 370.586
0.7,0.2,0.25 20.4135
0.7,0.2,0.3 0.121973
0.7,0.2,0.35 0.0470763
0.7,0.2,0.4 0.000105562
0.7,0.25,0.05 0.949651
0.7,0.25,0.1 34.7391
0.7,0.25,0.15 431.913
0.7,0.25,0.2 359.741
0.7,0.25,0.25 24.1237
0.7,0.25,0.3 0.877461
0.7,0.25,0.35 0.0391044
0.7,0.25,0.4 8.76866e-05
0.7,0.3,0 1.27333e-12
0.7,0.3,0.05 0.350049
0.7,0.3,0.1 25.1756
0.7,0.3,0.15 162.963
0.7,0.3,0.2 120.654
0.7,0.3,0.25 37.2173
0.7,0.3,0.3 2.17511
0.7,0.3,0.35 0.00118633
0.7,0.3,0.4 2.66018e-06
0.7,0.35,0 1.17634e-10
0.7,0.35,0.05 32.8279
0.7,0.35,0.1 209.799
0.7,0.35,0.15 170.755
0.7,0.35,0.2 41.5683
0.7,0.35,0.25 6.64138
0.7,0.35,0.3 0.376648
0.7,0.4,0 2.1859e-10
0.7,0.4,0.05 81.8804
0.7,0.4,0.1 585.901
0.7,0.4,0.15 406.156
0.7,0.4,0.2 56.0618
0.7,0.4,0.25 0.791238
0.7,0.4,0.3 0.0241402
0.7,0.45,0 2.71033e-09
0.7,0.45,0.05 76.9746
0.7,0.45,0.1 395.784
0.7,0.45,0.15 379.049
0.7,0.45,0.2 203.017
0.7,0.45,0.25 33.1858
0.7,0.45,0.3 1.09704
0.7,0.45,0.35 9.56197e-13
0.7,0.5,0 6.85951e-09
0.7,0.5,0.05 101.481
0.7,0.5,0.1 432.671
0.7,0.5,0.15 478.394
0.7,0.5,0.2 557.822
0.7,0.5,0.25 151.918
0.7,0.5,0.3 14.142
0.7,0.5,0.35 3.34313e-10
0.7,0.55,0 1.07976e-09
0.7,0.55,0.05 83.3131
0.7,0.55,0.1 337.429
0.7,0.55,0.15 269.362
0.7,0.55,0.2 555.381
0.7,0.55,0.25 307.351
0.7,0.55,0.3 32.9795
0.7,0.55,0.35 8.24104e-10
0.7,0.6,0.05 68.7382
0.7,0.6,0.1 275.348
0.7,0.6,0.15 121.379
0.7,0.6,0.2 451.702
0.7,0.6,0.25 273.297
0.7,0.6,0.3 8.5328
0.7,0.6,0.35 1.24731e-10
0.7,0.65,0.05 2.98773
0.7,0.65,0.1 12.4585
0.7,0.65,0.15 22.3515
0.7,0.65,0.2 195.747
0.7,0.65,0.25 222.124
0.7,0.65,0.3 14.8168
0.7,0.7,0 3.08274e-14
0.7,0.7,0.05 0.00239233
0.7,0.7,0.1 2.45992
0.7,0.7,0.15 59.0756
0.7,0.7,0.2 189.282
0.7,0.7,0.25 196.441
0.7,0.7,0.3 15.8111
0.7,0.75,0 6.0956e-12
0.7,0.75,0.05 0.473042
0.7,0.75,0.1 9.05186
0.7,0.75,0.15 79.1422
0.7,0.75,0.2 93.3214
0.7,0.75,0.25 78.5404
0.7,0.75,0.3 8.28056
0.7,0.8,0 2.01839e-09
0.7,0.8,0.05 11.2981
0.7,0.8,0.1 52.0622
0.7,0.8,0.15 78.4051
0.7,0.8,0.2 41.0478
0.7,0.8,0.25 6.78713
0.7,0.8,0.3 0.69142
0.7,0.85,0 8.01202e-09
0.7,0.85,0.05 41.2806
0.7,0.85,0.1 165.178
0.7,0.85,0.15 44.3675
0.7,0.85,0.2 1.80771
0.7,0.85,0.25 0.0199273
0.7,0.9,0 2.00013e-09
0.7,0.9,0.05 10.3149
0.7,0.9,0.1 41.1903
0.7,0.9,0.15 10.2803
0.7,0.95,0 5.43256e-18
0.7,0.95,0.05 6.36324e-06
0.7,0.95,0.1 2.54457e-05
0.7,0.95,0.15 6.35962e-06
0.75,0.15,0.1 0.814054
0.75,0.15,0.15 24.9887
0.75,0.15,0.2 29.0621
0.75,0.15,0.25 1.63457
0.75,0.2,0.1 4.97725
0.75,0.2,0.15 140.498
0.75,0.2,0.2 158.844
0.75,0.2,0.25 8.66422
0.75,0.25,0.1 4.57659
0.75,0.25,0.15 89.1719
0.75,0.25,0.2 84.6785
0.75,0.25,0.25 3.63592
0.75,0.3,0 2.27248e-12
0.75,0.3,0.05 0.508665
0.75,0.3,0.1 3.13522
0.75,0.3,0.15 15.5435
0.75,0.3,0.2 10.9941
0.75,0.3,0.25 0.25831
0.75,0.35,0 2.09938e-10
0.75,0.35,0.05 48.7323
0.75,0.35,0.1 231.148
0.75,0.35,0.15 259.343
0.75,0.35,0.2 112.515
0.75,0.35,0.25 1.33425
0.75,0.4,0 3.77439e-10
0.75,0.4,0.05 91.1629
0.75,0.4,0.1 464.391
0.75,0.4,0.15 490.573
0.75,0.4,0.2 195.161
0.75,0.4,0.25 2.2757
0.75,0.45,0 3.42817e-10
0.75,0.45,0.05 14.5556
0.75,0.45,0.1 104.352
0.75,0.45,0.15 297.399
0.75,0.45,0.2 212.342
0.75,0.45,0.25 23.5032
0.75,0.45,0.3 1.25203e-05
0.75,0.45,0.35 3.30595e-16
0.75,0.5,0 7.75879e-10
0.75,0.5,0.05 11.1683
0.75,0.5,0.1 71.6403
0.75,0.5,0.15 402.022
0.75,0.5,0.2 565.424
0.75,0.5,0.25 89.4817
0.75,0.5,0.3 0.0107141
0.75,0.5,0.35 1.15585e-13
0.75,0.55,0 1.27364e-10
0.75,0.55,0.05 18.6116
0.75,0.55,0.1 78.9003
0.75,0.55,0.15 199.974
0.75,0.55,0.2 330.828
0.75,0.55,0.25 61.4202
0.75,0.55,0.3 0.293039
0.75,0.55,0.35 2.84925e-13
0.75,0.6,0 5.47616e-12
0.75,0.6,0.05 27.1983
0.75,0.6,0.1 109.021
0.75,0.6,0.15 45.1189
0.75,0.6,0.2 92.1925
0.75,0.6,0.25 43.6538
0.75,0.6,0.3 0.431455
0.75,0.6,0.35 4.31242e-14
0.75,0.65,0 3.71541e-13
0.75,0.65,0.05 11.633
0.75,0.65,0.1 46.5297
0.75,0.65,0.15 12.4018
0.75,0.65,0.2 11.5005
0.75,0.65,0.25 10.9255
0.75,0.65,0.3 0.599399
0.75,0.7,0 6.07228e-15
0.75,0.7,0.05 0.506462
0.75,0.7,0.1 2.02571
0.75,0.7,0.15 0.600918
0.75,0.7,0.2 4.19756
0.75,0.7,0.25 5.77621
0.75,0.7,0.3 0.420376
0.75,0.75,0 2.65197e-11
0.75,0.75,0.05 0.114227
0.75,0.75,0.1 0.456068
0.75,0.75,0.15 0.116002
0.75,0.75,0.2 0.0974707
0.75,0.75,0.25 0.134128
0.75,0.75,0.3 0.00976147
0.75,0.8,0 6.47176e-09
0.75,0.8,0.05 30.6451
0.75,0.8,0.1 122.361
0.75,0.8,0.15 30.5357
0.75,0.85,0 2.26947e-08
0.75,0.85,0.05 108.816
0.75,0.85,0.1 434.491
0.75,0.85,0.15 108.43
0.75,0.9,0 5.3693e-09
0.75,0.9,0.05 25.8896
0.75,0.9,0.1 103.375
0.75,0.9,0.15 25.7978
0.8,0.05,0 1.96048e-11
0.8,0.05,0.05 1.15495
0.8,0.05,0.1 4.61623
0.8,0.05,0.15 1.15317
0.8,0.1,0 2.31151e-10
0.8,0.1,0.05 13.6174
0.8,0.1,0.1 54.4276
0.8,0.1,0.15 13.5964
0.8,0.15,0 1.50684e-10
0.8,0.15,0.05 8.87703
0.8,0.15,0.1 35.4874
0.8,0.15,0.15 9.06697
0.8,0.15,0.2 0.236816
0.8,0.15,0.25 0.0133195
0.8,0.2,0 2.58221e-12
0.8,0.2,0.05 0.152121
0.8,0.2,0.1 0.642287
0.8,0.2,0.15 1.20387
0.8,0.2,0.2 1.22346
0.8,0.2,0.25 0.0688126
0.8,0.25,0.1 0.0110346
0.8,0.25,0.15 0.338725
0.8,0.25,0.2 0.393941
0.8,0.25,0.25 0.0221568
0.8,0.3,0 2.35127e-13
0.8,0.3,0.05 0.0526301
0.8,0.3,0.1 0.281917
0.8,0.3,0.15 0.765501
0.8,0.3,0.2 0.409429
0.8,0.3,0.25 0.00488
0.8,0.35,0 2.17216e-11
0.8,0.35,0.05 4.90496
0.8,0.35,0.1 25.2319
0.8,0.35,0.15 58.8219
0.8,0.35,0.2 30.8603
0.8,0.35,0.25 0.367165
0.8,0.4,0 3.89953e-11
0.8,0.4,0.05 10.2401
0.8,0.4,0.1 58.1937
0.8,0.4,0.15 107.257
0.8,0.4,0.2 52.1545
0.8,0.4,0.25 0.618435
0.8,0.45,0 5.23969e-12
0.8,0.45,0.05 3.05071
0.8,0.45,0.1 24.302
0.8,0.45,0.15 29.5244
0.8,0.45,0.2 13.7461
0.8,0.45,0.25 1.1656
0.8,0.5,0 3.73681e-12
0.8,0.5,0.05 3.46429
0.8,0.5,0.1 15.6494
0.8,0.5,0.15 22.2315
0.8,0.5,0.2 27.3882
0.8,0.5,0.25 4.29445
0.8,0.5,0.3 3.60088e-10
0.8,0.55,0 4.22023e-11
0.8,0.55,0.05 72.1772
0.8,0.55,0.1 288.867
0.8,0.55,0.15 81.3832
0.8,0.55,0.2 14.2615
0.8,0.55,0.25 1.55266
0.8,0.55,0.3 1.6022e-08
0.8,0.6,0 4.36595e-11
0.8,0.6,0.05 141.262
0.8,0.6,0.1 564.968
0.8,0.6,0.15 141.707
0.8,0.6,0.2 0.660707
0.8,0.6,0.25 0.0466018
0.8,0.6,0.3 2.20659e-08
0.8,0.65,0 2.88768e-12
0.8,0.65,0.05 77.081
0.8,0.65,0.1 308.301
0.8,0.65,0.15 77.0694
0.8,0.65,0.2 3.29027e-07
0.8,0.65,0.25 1.74666e-07
0.8,0.65,0.3 1.60782e-09
0.8,0.7,0 2.27173e-13
0.8,0.7,0.05 4.71673
0.8,0.7,0.1 18.8652
0.8,0.7,0.15 4.71587
0.8,0.75,0 2.78316e-10
0.8,0.75,0.05 1.40664
0.8,0.75,0.1 5.61753
0.8,0.75,0.15 1.40214
0.8,0.8,0 1.35993e-08
0.8,0.8,0.05 59.6748
0.8,0.8,0.1 238.266
0.8,0.8,0.15 59.5069
0.8,0.8,0.2 0.0466928
0.8,0.8,0.25 0.00180763
0.8,0.85,0 2.1173e-08
0.8,0.85,0.05 93.7068
0.8,0.85,0.1 374.161
0.8,0.85,0.15 93.6963
0.8,0.85,0.2 0.310352
0.8,0.85,0.25 0.0120147
0.8,0.9,0 2.16719e-09
0.8,0.9,0.05 9.81897
0.8,0.9,0.1 39.2114
0.8,0.9,0.15 9.91828
0.8,0.9,0.2 0.126583
0.8,0.9,0.25 0.00490043
0.8,0.95,0.1 1.9294e-05
0.8,0.95,0.15 0.000397264
0.8,0.95,0.2 0.00037303
0.8,0.95,0.25 1.44412e-05
0.85,0.05,0 1.24806e-10
0.85,0.05,0.05 7.35247
0.85,0.05,0.1 29.3872
0.85,0.05,0.15 7.34114
0.85,0.1,0 1.47152e-09
0.85,0.1,0.05 86.6892
0.85,0.1,0.1 346.489
0.85,0.1,0.15 86.5556
0.85,0.15,0 9.59267e-10
0.85,0.15,0.05 56.5117
0.85,0.15,0.1 225.873
0.85,0.15,0.15 56.4246
0.85,0.2,0 1.64385e-11
0.85,0.2,0.05 0.968414
0.85,0.2,0.1 3.87067
0.85,0.2,0.15 0.966922
0.85,0.3,0.1 2.13769e-06
0.85,0.3,0.15 2.13113e-05
0.85,0.3,0.2 1.22361e-05
0.85,0.3,0.25 1.45592e-07
0.85,0.35,0.05 0.598622
0.85,0.35,0.1 5.61496
0.85,0.35,0.15 3.07358
0.85,0.35,0.2 0.0322384
0.85,0.35,0.25 1.09781e-05
0.85,0.4,0 1.61239e-12
0.85,0.4,0.05 21.4806
0.85,0.4,0.1 199.543
0.85,0.4,0.15 108.75
0.85,0.4,0.2 1.10645
0.85,0.4,0.25 1.84487e-05
0.85,0.45,0 1.20671e-10
0.85,0.45,0.05 53.1683
0.85,0.45,0.1 353.854
0.85,0.45,0.15 161.616
0.85,0.45,0.2 1.37357
0.85,0.45,0.25 1.7671e-06
0.85,0.5,0 2.0312e-10
0.85,0.5,0.05 48.1504
0.85,0.5,0.1 201.336
0.85,0.5,0.15 54.883
0.85,0.5,0.2 0.0858174
0.85,0.55,0 3.94726e-11
0.85,0.55,0.05 38.7344
0.85,0.55,0.1 154.895
0.85,0.55,0.15 38.7131
0.85,0.6,0 2.09111e-11
0.85,0.6,0.05 63.1431
0.85,0.6,0.1 252.53
0.85,0.6,0.15 63.122
0.85,0.65,0 4.94056e-12
0.85,0.65,0.05 57.4118
0.85,0.65,0.1 229.621
0.85,0.65,0.15 57.3989
0.85,0.7,0 8.47068e-12
0.85,0.7,0.05 60.7193
0.85,0.7,0.1 242.84
0.85,0.7,0.15 60.7005
0.85,0.75,0 1.79695e-10
0.85,0.75,0.05 10.525
0.85,0.75,0.1 42.0858
0.85,0.75,0.15 10.5179
0.85,0.8,0 7.95205e-09
0.85,0.8,0.05 72.5733
0.85,0.8,0.1 290.802
0.85,0.8,0.15 89.8675
0.85,0.8,0.2 16.3985
0.85,0.8,0.25 0.634838
0.85,0.85,0 1.09868e-08
0.85,0.85,0.05 89.5657
0.85,0.85,0.1 363.455
0.85,0.85,0.15 205.42
0.85,0.85,0.2 108.995
0.85,0.85,0.25 4.21956
0.85,0.9,0 8.06315e-10
0.85,0.9,0.05 5.64828
0.85,0.9,0.1 24.8619
0.85,0.9,0.15 52.9768
0.85,0.9,0.2 44.4558
0.85,0.9,0.25 1.72103
0.85,0.95,0.1 0.00677602
0.85,0.95,0.15 0.139519
0.85,0.95,0.2 0.131008
0.85,0.95,0.25 0.00507174
0.9,0.05,0 4.89436e-11
0.9,0.05,0.05 2.88334
0.9,0.05,0.1 11.5245
0.9,0.05,0.15 2.87889
0.9,0.1,0 5.77069e-10
0.9,0.1,0.05 33.9959
0.9,0.1,0.1 135.879
0.9,0.1,0.15 33.9435
0.9,0.15,0 3.76185e-10
0.9,0.15,0.05 22.1616
0.9,0.15,0.1 88.578
0.9,0.15,0.15 22.1274
0.9,0.2,0 6.4465e-12
0.9,0.2,0.05 0.379772
0.9,0.2,0.1 1.51792
0.9,0.2,0.15 0.379187
0.9,0.35,0.05 0.440066
0.9,0.35,0.1 4.12762
0.9,0.35,0.15 2.25831
0.9,0.35,0.2 0.0230212
0.9,0.4,0 2.98509e-12
0.9,0.4,0.05 16.1925
0.9,0.4,0.1 148.295
0.9,0.4,0.15 80.3443
0.9,0.4,0.2 0.812251
0.9,0.45,0 2.23404e-10
0.9,0.45,0.05 69.1279
0.9,0.45,0.1 380.239
0.9,0.45,0.15 148.822
0.9,0.45,0.2 1.00965
0.9,0.5,0 3.74486e-10
0.9,0.5,0.05 84.7385
0.9,0.5,0.1 345.276
0.9,0.5,0.15 89.6386
0.9,0.5,0.2 0.0630871
0.9,0.55,0 3.58787e-11
0.9,0.55,0.05 8.18777
0.9,0.55,0.1 32.7351
0.9,0.55,0.15 8.17978
0.9,0.6,0 1.51096e-13
0.9,0.6,0.05 0.446955
0.9,0.6,0.1 1.78749
0.9,0.6,0.15 0.44679
0.9,0.65,0 5.07894e-12
0.9,0.65,0.05 35.6897
0.9,0.65,0.1 142.736
0.9,0.65,0.15 35.6785
0.9,0.7,0 1.17393e-11
0.9,0.7,0.05 82.3675
0.9,0.7,0.1 329.418
0.9,0.7,0.15 82.3416
0.9,0.75,0 2.30819e-11
0.9,0.75,0.05 13.8493
0.9,0.75,0.1 55.3843
0.9,0.75,0.15 13.8429
0.9,0.8,0 6.31785e-10
0.9,0.8,0.05 61.7132
0.9,0.8,0.1 248.791
0.9,0.8,0.15 104.72
0.9,0.8,0.2 40.456
0.9,0.8,0.25 1.56618
0.9,0.85,0 7.26178e-10
0.9,0.85,0.05 68.1559
0.9,0.85,0.1 286.361
0.9,0.85,0.15 354.437
0.9,0.85,0.2 268.898
0.9,0.85,0.25 10.4099
0.9,0.9,0 4.0616e-11
0.9,0.9,0.05 3.52351
0.9,0.9,0.1 19.7578
0.9,0.9,0.15 120.319
0.9,0.9,0.2 109.675
0.9,0.9,0.25 4.24587
0.9,0.95,0.1 0.0167168
0.9,0.95,0.15 0.344201
0.9,0.95,0.2 0.323204
0.9,0.95,0.25 0.0125123
0.95,0.05,0 1.15116e-13
0.95,0.05,0.05 0.00678165
0.95,0.05,0.1 0.0271057
0.95,0.05,0.15 0.0067712
0.95,0.1,0 1.35728e-12
0.95,0.1,0.05 0.079959
0.95,0.1,0.1 0.319589
0.95,0.1,0.15 0.0798357
0.95,0.15,0 8.84793e-13
0.95,0.15,0.05 0.0521244
0.95,0.15,0.1 0.208337
0.95,0.15,0.15 0.052044
0.95,0.2,0 1.51623e-14
0.95,0.2,0.05 0.000893231
0.95,0.2,0.1 0.00357017
0.95,0.2,0.15 0.000891854
0.95,0.35,0.05 0.0101835
0.95,0.35,0.1 0.0955167
0.95,0.35,0.15 0.0522592
0.95,0.35,0.2 0.000532731
0.95,0.4,0 3.23381e-13
0.95,0.4,0.05 0.431428
0.95,0.4,0.1 3.65845
0.95,0.4,0.15 1.9159
0.95,0.4,0.2 0.0187962
0.95,0.45,0 2.42019e-11
0.95,0.45,0.05 5.84457
0.95,0.45,0.1 25.7702
0.95,0.45,0.15 7.68456
0.95,0.45,0.2 0.0233641
0.95,0.5,0 4.05683e-11
0.95,0.5,0.05 9.0762
0.95,0.5,0.1 36.437
0.95,0.5,0.15 9.18256
0.95,0.5,0.2 0.00145989
0.95,0.55,0 3.87302e-12
0.95,0.55,0.05 0.863833
0.95,0.55,0.1 3.45362
0.95,0.55,0.15 0.862979
0.95,0.6,0 1.48447e-15
0.95,0.6,0.05 0.0104151
0.95,0.6,0.1 0.041654
0.95,0.6,0.15 0.0104119
0.95,0.65,0 3.7401e-13
0.95,0.65,0.05 2.62407
0.95,0.65,0.1 10.4946
0.95,0.65,0.15 2.62325
0.95,0.7,0 8.6566e-13
0.95,0.7,0.05 6.07352
0.95,0.7,0.1 24.2903
0.95,0.7,0.15 6.07161
0.95,0.75,0 1.75853e-12
0.95,0.75,0.05 1.04604
0.95,0.75,0.1 4.18317
0.95,0.75,0.15 1.04554
0.95,0.8,0 4.51572e-11
0.95,0.8,0.05 5.22184
0.95,0.8,0.1 21.1915
0.95,0.8,0.15 11.7421
0.95,0.8,0.2 6.12858
0.95,0.8,0.25 0.237257
0.95,0.85,0 4.97777e-11
0.95,0.85,0.05 5.75614
0.95,0.85,0.1 25.1173
0.95,0.85,0.15 49.13
0.95,0.85,0.2 40.7347
0.95,0.85,0.25 1.57697
0.95,0.9,0 2.56326e-12
0.95,0.9,0.05 0.296408
0.95,0.9,0.1 2.04424
0.95,0.9,0.15 17.9898
0.95,0.9,0.2 16.6144
0.95,0.9,0.25 0.643197
0.95,0.95,0.1 0.00253239
0.95,0.95,0.15 0.0521421
0.95,0.95,0.2 0.0489614
0.95,0.95,0.25 0.00189545
