0.45,0.2,0.2 293.676
0.45,0.2,0.25 362.744
0.45,0.2,0.3 138.588
0.45,0.2,0.35 14.9851
0.45,0.2,0.4 0.0321675
0.45,0.25,0 2.8678e-11
0.45,0.25,0.05 116.268
0.45,0.25,0.1 469.83
0.45,0.25,0.15 201.15
0.45,0.25,0.2 273.102
0.45,0.25,0.25 375.237
0.45,0.25,0.3 97.9225
0.45,0.25,0.35 0.285778
0.45,0.3,0 1.08201e-10
0.45,0.3,0.05 138.037
0.45,0.3,0.1 575.004
0.45,0.3,0.15 553.559
0.45,0.3,0.2 705.845
0.45,0.3,0.25 214.432
0.45,0.3,0.3 30.0232
0.45,0.3,0.35 3.42304
0.45,0.3,0.4 0.650594
0.45,0.3,0.45 0.00183446
0.45,0.35,0 1.55264e-10
0.45,0.35,0.05 143.425
0.45,0.35,0.1 587.274
0.45,0.35,0.15 421.709
0.45,0.35,0.2 553.191
0.45,0.35,0.25 423.358
0.45,0.35,0.3 422.822
0.45,0.35,0.35 150.762
0.45,0.35,0.4 11.5891
0.45,0.35,0.45 0.0230563
0.45,0.4,0 8.14881e-11
0.45,0.4,0.05 76.7319
0.45,0.4,0.1 317.782
0.45,0.4,0.15 259.464
0.45,0.4,0.2 320.165
0.45,0.4,0.25 339.974
0.45,0.4,0.3 768.378
0.45,0.4,0.35 430.634
0.45,0.4,0.4 34.0408
0.45,0.4,0.45 0.834122
0.45,0.45,0 1.20405e-10
0.45,0.45,0.05 73.986
0.45,0.45,0.1 341.843
0.45,0.45,0.15 496.299
0.45,0.45,0.2 455.596
0.45,0.45,0.25 573.3
0.45,0.45,0.3 559.243
0.45,0.45,0.35 253.907
0.45,0.45,0.4 86.234
0.45,0.45,0.45 4.78521
0.45,0.5,0 8.52769e-10
0.45,0.5,0.05 115.365
0.45,0.5,0.1 485.046
0.45,0.5,0.15 391.329
0.45,0.5,0.2 691.066
0.45,0.5,0.25 543.863
0.45,0.5,0.3 765.151
0.45,0.5,0.35 791.984
0.45,0.5,0.4 299.575
0.45,0.5,0.45 21.908
0.45,0.55,0 4.45494e-09
0.45,0.55,0.05 109.717
0.45,0.55,0.1 451.624
0.45,0.55,0.15 329.495
0.45,0.55,0.2 578.198
0.45,0.55,0.25 234.457
0.45,0.55,0.3 499.964
0.45,0.55,0.35 692.429
0.45,0.55,0.4 250.195
0.45,0.55,0.45 18.1452
0.45,0.6,0 1.45697e-08
0.45,0.6,0.05 140.995
0.45,0.6,0.1 575.376
0.45,0.6,0.15 363.957
0.45,0.6,0.2 782.998
0.45,0.6,0.25 292.875
0.45,0.6,0.3 46.2224
0.45,0.6,0.35 48.6819
0.45,0.6,0.4 11.0615
0.45,0.6,0.45 0.638033
0.45,0.65,0 4.32448e-09
0.45,0.65,0.05 82.6928
0.45,0.65,0.1 372.183
0.45,0.65,0.15 183.787
0.45,0.65,0.2 288.93
0.45,0.65,0.25 105.67
0.45,0.65,0.3 24.8797
0.45,0.65,0.35 4.60903
0.45,0.65,0.4 1.55331
0.45,0.65,0.45 0.0618562
0.45,0.7,0 1.04913e-10
0.45,0.7,0.05 6.10872
0.45,0.7,0.1 38.2222
0.45,0.7,0.15 25.7043
0.45,0.7,0.2 20.4984
0.45,0.7,0.25 41.9649
0.45,0.7,0.3 54.0318
0.45,0.7,0.35 4.9385
0.45,0.7,0.4 0.156395
0.45,0.7,0.45 0.00622796
0.45,0.75,0 2.42916e-07
0.45,0.75,0.05 25.032
0.45,0.75,0.1 103.224
0.45,0.75,0.15 43.1007
0.45,0.75,0.2 8.66885
0.45,0.75,0.25 82.8749
0.45,0.75,0.3 126.899
0.45,0.75,0.35 10.9619
0.45,0.8,0 7.85732e-07
0.45,0.8,0.05 80.9672
0.45,0.8,0.1 322.277
0.45,0.8,0.15 82.2663
0.45,0.8,0.2 0.944217
0.45,0.8,0.25 12.608
0.45,0.8,0.3 19.5725
0.45,0.8,0.35 1.69118
0.45,0.85,0 1.58594e-07
0.45,0.85,0.05 16.3439
0.45,0.85,0.1 64.9577
0.45,0.85,0.15 16.1356
0.45,0.85,0.2 1.85812e-05
0.45,0.85,0.25 4.71668e-05
0.45,0.85,0.3 7.3724e-06
0.45,0.9,0 1.66874e-12
0.45,0.9,0.05 0.000257712
0.45,0.9,0.1 0.00102509
0.45,0.9,0.15 0.00025484
0.5,0.05,0.15 2.23349e-06
0.5,0.05,0.2 0.000607545
0.5,0.05,0.25 0.256131
0.5,0.05,0.3 1.68127
0.5,0.05,0.35 0.681303
0.5,0.05,0.4 0.00193831
0.5,0.1,0 3.73538e-18
0.5,0.1,0.05 5.41522
0.5,0.1,0.1 21.7275
0.5,0.1,0.15 12.7735
0.5,0.1,0.2 28.5812
0.5,0.1,0.25 57.6635
0.5,0.1,0.3 144.563
0.5,0.1,0.35 44.9494
0.5,0.1,0.4 0.119938
0.5,0.15,0 1.68304e-13
0.5,0.15,0.05 37.368
0.5,0.15,0.1 150.869
0.5,0.15,0.15 162.434
0.5,0.15,0.2 512.085
0.5,0.15,0.25 591.05
0.5,0.15,0.3 632.045
0.5,0.15,0.35 103.964
0.5,0.15,0.4 0.188083
0.5,0.2,0 1.82071e-12
0.5,0.2,0.05 113.182
0.5,0.2,0.1 459.804
0.5,0.2,0.15 420.554
0.5,0.2,0.2 832.634
0.5,0.2,0.25 676.437
0.5,0.2,0.3 466.383
0.5,0.2,0.35 46.277
0.5,0.2,0.4 0.0457935
0.5,0.25,0 3.74557e-10
0.5,0.25,0.05 100.741
0.5,0.25,0.1 411.492
0.5,0.25,0.15 343.607
0.5,0.25,0.2 476.478
0.5,0.25,0.25 445.582
0.5,0.25,0.3 166.854
0.5,0.25,0.35 11.753
0.5,0.25,0.4 0.077592
0.5,0.3,0 1.40908e-09
0.5,0.3,0.05 158.113
0.5,0.3,0.1 672.311
0.5,0.3,0.15 772.426
0.5,0.3,0.2 626.784
0.5,0.3,0.25 213.343
0.5,0.3,0.3 68.3651
0.5,0.3,0.35 24.0634
0.5,0.3,0.4 9.02302
0.5,0.3,0.45 0.0254063
0.5,0.35,0 1.09372e-09
0.5,0.35,0.05 184.282
0.5,0.35,0.1 760.315
0.5,0.35,0.15 578.858
0.5,0.35,0.2 526.088
0.5,0.35,0.25 104.115
0.5,0.35,0.3 141.011
0.5,0.35,0.35 346.24
0.5,0.35,0.4 115.534
0.5,0.35,0.45 0.319317
0.5,0.4,0 8.54797e-10
0.5,0.4,0.05 97.0777
0.5,0.4,0.1 391.87
0.5,0.4,0.15 287.933
0.5,0.4,0.2 390.314
0.5,0.4,0.25 236.519
0.5,0.4,0.3 588.601
0.5,0.4,0.35 540.406
0.5,0.4,0.4 87.1129
0.5,0.4,0.45 0.217995
0.5,0.45,0 1.66423e-09
0.5,0.45,0.05 106.812
0.5,0.45,0.1 433.662
0.5,0.45,0.15 332.835
0.5,0.45,0.2 455.533
0.5,0.45,0.25 526.255
0.5,0.45,0.3 365.896
0.5,0.45,0.35 148.087
0.5,0.45,0.4 11.5686
0.5,0.45,0.45 0.589296
0.5,0.5,0 4.99493e-09
0.5,0.5,0.05 145.812
0.5,0.5,0.1 586.886
0.5,0.5,0.15 384.212
0.5,0.5,0.2 546.066
0.5,0.5,0.25 291.276
0.5,0.5,0.3 159.386
0.5,0.5,0.35 201.1
0.5,0.5,0.4 134.067
0.5,0.5,0.45 10.5648
0.5,0.55,0 4.86634e-09
0.5,0.55,0.05 164.083
0.5,0.55,0.1 711.688
0.5,0.55,0.15 675.861
0.5,0.55,0.2 863.114
0.5,0.55,0.25 118.772
0.5,0.55,0.3 134.872
0.5,0.55,0.35 238.27
0.5,0.55,0.4 121.63
0.5,0.55,0.45 9.1711
0.5,0.6,0 5.14494e-10
0.5,0.6,0.05 65.1536
0.5,0.6,0.1 384.694
0.5,0.6,0.15 425.822
0.5,0.6,0.2 544.463
0.5,0.6,0.25 83.187
0.5,0.6,0.3 12.989
0.5,0.6,0.35 19.2256
0.5,0.6,0.4 4.89416
0.5,0.6,0.45 0.304593
0.5,0.65,0 1.7078e-10
0.5,0.65,0.05 70.7667
0.5,0.65,0.1 447.814
0.5,0.65,0.15 298.299
0.5,0.65,0.2 211.191
0.5,0.65,0.25 28.8139
0.5,0.65,0.3 0.0520283
0.5,0.65,0.35 2.12114e-05
0.5,0.7,0 7.56582e-12
0.5,0.7,0.05 18.4993
0.5,0.7,0.1 154.011
0.5,0.7,0.15 332.714
0.5,0.7,0.2 227.136
0.5,0.7,0.25 17.5169
0.5,0.7,0.3 0.0901369
0.5,0.7,0.35 0.00777958
0.5,0.75,0 1.82802e-08
0.5,0.75,0.05 8.34396
0.5,0.75,0.1 98.2013
0.5,0.75,0.15 328.431
0.5,0.75,0.2 107.363
0.5,0.75,0.25 1.22702
0.5,0.75,0.3 0.225831
0.5,0.75,0.35 0.0195137
0.5,0.8,0 1.78869e-07
0.5,0.8,0.05 31.8905
0.5,0.8,0.1 135.134
0.5,0.8,0.15 70.889
0.5,0.8,0.2 11.8914
0.5,0.8,0.25 0.0251418
0.5,0.8,0.3 0.0348402
0.5,0.8,0.35 0.00301053
0.5,0.85,0 1.65992e-07
0.5,0.85,0.05 25.4838
0.5,0.85,0.1 101.369
0.5,0.85,0.15 25.2017
0.5,0.9,0 8.96276e-09
0.5,0.9,0.05 1.38416
0.5,0.9,0.1 5.50572
0.5,0.9,0.15 1.36874
0.55,0.05,0.25 0.0020421
0.55,0.05,0.3 0.013478
0.55,0.05,0.35 0.00546239
0.55,0.05,0.4 1.55405e-05
0.55,0.1,0 1.34915e-16
0.55,0.1,0.05 0.101411
0.55,0.1,0.1 1.06939
0.55,0.1,0.15 21.4889
0.55,0.1,0.2 29.691
0.55,0.1,0.25 27.4427
0.55,0.1,0.3 30.2489
0.55,0.1,0.35 2.34103
0.55,0.1,0.4 0.000961611
0.55,0.15,0 4.80589e-13
0.55,0.15,0.05 29.7786
0.55,0.15,0.1 124.145
0.55,0.15,0.15 195.989
0.55,0.15,0.2 299.306
0.55,0.15,0.25 313.309
0.55,0.15,0.3 309.314
0.55,0.15,0.35 24.7923
0.55,0.15,0.4 0.00241314
0.55,0.2,0 1.28577e-11
0.55,0.2,0.05 101.672
0.55,0.2,0.1 418.876
0.55,0.2,0.15 478.1
0.55,0.2,0.2 670.237
0.55,0.2,0.25 365.491
0.55,0.2,0.3 373.385
0.55,0.2,0.35 79.6046
0.55,0.2,0.4 0.481106
0.55,0.25,0 4.1923e-10
0.55,0.25,0.05 60.9338
0.55,0.25,0.1 262.403
0.55,0.25,0.15 516.189
0.55,0.25,0.2 731.376
0.55,0.25,0.25 785.808
0.55,0.25,0.3 571.558
0.55,0.25,0.35 157.644
0.55,0.25,0.4 1.28355
0.55,0.3,0 1.6572e-09
0.55,0.3,0.05 101.939
0.55,0.3,0.1 424.834
0.55,0.3,0.15 416.357
0.55,0.3,0.2 549.021
0.55,0.3,0.25 787.925
0.55,0.3,0.3 346.408
0.55,0.3,0.35 64.0443
0.55,0.3,0.4 6.87852
0.55,0.3,0.45 0.0185631
0.55,0.35,0 1.94485e-09
0.55,0.35,0.05 145.97
0.55,0.35,0.1 601.553
0.55,0.35,0.15 211.625
0.55,0.35,0.2 166.479
0.55,0.35,0.25 189.333
0.55,0.35,0.3 81.3539
0.55,0.35,0.35 217.619
0.55,0.35,0.4 82.8396
0.55,0.35,0.45 0.233308
0.55,0.4,0 1.13902e-09
0.55,0.4,0.05 77.7442
0.55,0.4,0.1 315.899
0.55,0.4,0.15 120.964
0.55,0.4,0.2 116.85
0.55,0.4,0.25 179.71
0.55,0.4,0.3 127.157
0.55,0.4,0.35 170.345
0.55,0.4,0.4 56.8483
0.55,0.4,0.45 0.159277
0.55,0.45,0 1.94604e-09
0.55,0.45,0.05 112.883
0.55,0.45,0.1 452.081
0.55,0.45,0.15 276.732
0.55,0.45,0.2 488.241
0.55,0.45,0.25 402.634
0.55,0.45,0.3 130.287
0.55,0.45,0.35 17.7865
0.55,0.45,0.4 1.29536
0.55,0.45,0.45 0.00759565
0.55,0.5,0 2.94974e-09
0.55,0.5,0.05 100.45
0.55,0.5,0.1 405.758
0.55,0.5,0.15 453.979
0.55,0.5,0.2 792.106
0.55,0.5,0.25 182.445
0.55,0.5,0.3 22.6361
0.55,0.5,0.35 1.05446
0.55,0.5,0.4 1.0055
0.55,0.5,0.45 0.0815883
0.55,0.55,0 1.91213e-09
0.55,0.55,0.05 62.7592
0.55,0.55,0.1 343.245
0.55,0.55,0.15 587.899
0.55,0.55,0.2 733.932
0.55,0.55,0.25 245.919
0.55,0.55,0.3 63.6266
0.55,0.55,0.35 1.20073
0.55,0.55,0.4 0.89508
0.55,0.55,0.45 0.0708252
0.55,0.6,0 7.94454e-11
0.55,0.6,0.05 49.47
0.55,0.6,0.1 352.567
0.55,0.6,0.15 409.43
0.55,0.6,0.2 349.289
0.55,0.6,0.25 114.952
0.55,0.6,0.3 27.8026
0.55,0.6,0.35 0.12436
0.55,0.6,0.4 0.0332576
0.55,0.6,0.45 0.00235226
0.55,0.65,0 1.31335e-11
0.55,0.65,0.05 47.7118
0.55,0.65,0.1 289.71
0.55,0.65,0.15 463.477
0.55,0.65,0.2 701.645
0.55,0.65,0.25 142.808
0.55,0.65,0.3 0.390295
0.55,0.65,0.35 0.000167098
0.55,0.7,0 1.3111e-11
0.55,0.7,0.05 33.9265
0.55,0.7,0.1 299.318
0.55,0.7,0.15 727.282
0.55,0.7,0.2 756.267
0.55,0.7,0.25 119.797
0.55,0.7,0.3 0.0262048
0.55,0.75,0 1.43005e-08
0.55,0.75,0.05 72.1965
0.55,0.75,0.1 444.197
0.55,0.75,0.15 525.132
0.55,0.75,0.2 132.852
0.55,0.75,0.25 5.0601
0.55,0.75,0.3 9.81401e-05
0.55,0.8,0 4.45858e-07
0.55,0.8,0.05 145.087
0.55,0.8,0.1 592.668
0.55,0.8,0.15 188.93
0.55,0.8,0.2 10.9481
0.55,0.8,0.25 0.0022705
0.55,0.85,0 5.23551e-07
0.55,0.85,0.05 89.3176
0.55,0.85,0.1 355.453
0.55,0.85,0.15 88.4116
0.55,0.9,0 2.99179e-08
0.55,0.9,0.05 5.75641
0.55,0.9,0.1 22.9211
0.55,0.9,0.15 5.70429
0.55,0.95,0 9.51499e-18
0.55,0.95,0.05 1.11451e-05
0.55,0.95,0.1 4.45676e-05
0.55,0.95,0.15 1.11387e-05
0.6,0.1,0 1.69524e-16
0.6,0.1,0.05 0.127248
0.6,0.1,0.1 1.9917
0.6,0.1,0.15 46.676
0.6,0.1,0.2 54.7608
0.6,0.1,0.25 3.66853
0.6,0.1,0.3 0.676643
0.6,0.1,0.35 0.0450941
0.6,0.15,0 5.86229e-12
0.6,0.15,0.05 35.9773
0.6,0.15,0.1 154.556
0.6,0.15,0.15 370.398
0.6,0.15,0.2 394.091
0.6,0.15,0.25 29.9457
0.6,0.15,0.3 10.906
0.6,0.15,0.35 1.0378
0.6,0.15,0.4 0.000739443
0.6,0.2,0 1.66564e-10
0.6,0.2,0.05 138.519
0.6,0.2,0.1 566.077
0.6,0.2,0.15 392.216
0.6,0.2,0.2 274.281
0.6,0.2,0.25 131.032
0.6,0.2,0.3 249.913
0.6,0.2,0.35 63.3275
0.6,0.2,0.4 0.39272
0.6,0.25,0 2.0767e-10
0.6,0.25,0.05 79.4228
0.6,0.25,0.1 395.372
0.6,0.25,0.15 603.568
0.6,0.25,0.2 514.932
0.6,0.25,0.25 612.889
0.6,0.25,0.3 590.243
0.6,0.25,0.35 165.991
0.6,0.25,0.4 1.12941
0.6,0.3,0 1.78078e-10
0.6,0.3,0.05 21.219
0.6,0.3,0.1 244.017
0.6,0.3,0.15 573.829
0.6,0.3,0.2 673.642
0.6,0.3,0.25 775.796
0.6,0.3,0.3 553.687
0.6,0.3,0.35 178.841
0.6,0.3,0.4 0.948826
0.6,0.3,0.45 0.00042342
0.6,0.35,0 5.91902e-10
0.6,0.35,0.05 71.0273
0.6,0.35,0.1 602.906
0.6,0.35,0.15 477.027
0.6,0.35,0.2 254.159
0.6,0.35,0.25 254.926
0.6,0.35,0.3 173.567
0.6,0.35,0.35 70.3534
0.6,0.35,0.4 2.15116
0.6,0.35,0.45 0.00532172
0.6,0.4,0 2.65865e-10
0.6,0.4,0.05 44.4193
0.6,0.4,0.1 287.3
0.6,0.4,0.15 205.397
0.6,0.4,0.2 154.243
0.6,0.4,0.25 45.5344
0.6,0.4,0.3 5.24216
0.6,0.4,0.35 3.40945
0.6,0.4,0.4 1.28937
0.6,0.4,0.45 0.00363308
0.6,0.45,0 9.10978e-10
0.6,0.45,0.05 154.97
0.6,0.45,0.1 620.163
0.6,0.45,0.15 348.385
0.6,0.45,0.2 608.894
0.6,0.45,0.25 168.821
0.6,0.45,0.3 8.78169
0.6,0.45,0.35 0.0639127
0.6,0.45,0.4 0.0248934
0.6,0.45,0.45 7.01914e-05
0.6,0.5,0 1.86219e-09
0.6,0.5,0.05 144.191
0.6,0.5,0.1 579.586
0.6,0.5,0.15 346.743
0.6,0.5,0.2 591.991
0.6,0.5,0.25 235.146
0.6,0.5,0.3 22.1816
0.6,0.5,0.35 0.0270889
0.6,0.55,0 3.03679e-10
0.6,0.55,0.05 18.4947
0.6,0.55,0.1 110.219
0.6,0.55,0.15 413.156
0.6,0.55,0.2 460.645
0.6,0.55,0.25 417.875
0.6,0.55,0.3 132.401
0.6,0.55,0.35 0.192038
0.6,0.6,0 2.09895e-12
0.6,0.6,0.05 7.8682
0.6,0.6,0.1 78.3441
0.6,0.6,0.15 535.09
0.6,0.6,0.2 666.575
0.6,0.6,0.25 300.654
0.6,0.6,0.3 59.5786
0.6,0.6,0.35 0.0837915
0.6,0.65,0 3.56026e-11
0.6,0.65,0.05 78.918
0.6,0.65,0.1 468.077
0.6,0.65,0.15 650.553
0.6,0.65,0.2 850.498
0.6,0.65,0.25 282.959
0.6,0.65,0.3 3.29722
0.6,0.65,0.35 0.000348762
0.6,0.7,0 3.51195e-11
0.6,0.7,0.05 74.3296
0.6,0.7,0.1 601.681
0.6,0.7,0.15 835.472
0.6,0.7,0.2 470.879
0.6,0.7,0.25 101.035
0.6,0.7,0.3 0.300033
0.6,0.75,0 3.4746e-09
0.6,0.75,0.05 81.6033
0.6,0.75,0.1 511.861
0.6,0.75,0.15 470.042
0.6,0.75,0.2 69.2664
0.6,0.75,0.25 3.76814
0.6,0.75,0.3 0.0304645
0.6,0.8,0 9.40025e-08
0.6,0.8,0.05 157.189
0.6,0.8,0.1 649.857
0.6,0.8,0.15 219.338
0.6,0.8,0.2 12.9386
0.6,0.8,0.25 0.0226906
0.6,0.8,0.3 0.000682582
0.6,0.85,0 1.09315e-07
0.6,0.85,0.05 109.325
0.6,0.85,0.1 437.189
0.6,0.85,0.15 110.655
0.6,0.85,0.2 0.401397
0.6,0.85,0.25 6.38959e-08
0.6,0.9,0 6.2527e-09
0.6,0.9,0.05 22.1589
0.6,0.9,0.1 88.5901
0.6,0.9,0.15 22.1361
0.6,0.95,0 1.77506e-16
0.6,0.95,0.05 0.000207916
0.6,0.95,0.1 0.000831427
0.6,0.95,0.15 0.000207798
0.65,0.1,0 1.07705e-17
0.65,0.1,0.05 0.00808458
0.65,0.1,0.1 0.760123
0.65,0.1,0.15 22.9034
0.65,0.1,0.2 26.9491
0.65,0.1,0.25 1.54531
0.65,0.15,0 4.08849e-12
0.65,0.15,0.05 3.66417
0.65,0.15,0.1 27.3588
0.65,0.15,0.15 265.286
0.65,0.15,0.2 299.013
0.65,0.15,0.25 20.7759
0.65,0.15,0.3 6.75859
0.65,0.15,0.35 0.727398
0.65,0.15,0.4 2.16338e-05
0.65,0.2,0 1.16916e-10
0.65,0.2,0.05 46.9221
0.65,0.2,0.1 226.827
0.65,0.2,0.15 286.113
0.65,0.2,0.2 210.998
0.65,0.2,0.25 126.176
0.65,0.2,0.3 210.184
0.65,0.2,0.35 23.6099
0.65,0.2,0.4 0.0114897
0.65,0.25,0 1.31282e-10
0.65,0.25,0.05 49.0545
0.65,0.25,0.1 356.837
0.65,0.25,0.15 456.561
0.65,0.25,0.2 224.885
0.65,0.25,0.25 232.513
0.65,0.25,0.3 278.538
0.65,0.25,0.35 39.4682
0.65,0.25,0.4 0.0704654
0.65,0.3,0 7.18538e-12
0.65,0.3,0.05 9.82663
0.65,0.3,0.1 291.782
0.65,0.3,0.15 720.105
0.65,0.3,0.2 655.936
0.65,0.3,0.25 305.688
0.65,0.3,0.3 183.036
0.65,0.3,0.35 70.4547
0.65,0.3,0.4 0.279807
0.65,0.35,0 1.68781e-12
0.65,0.35,0.05 33.7906
0.65,0.35,0.1 507.476
0.65,0.35,0.15 570.303
0.65,0.35,0.2 221.562
0.65,0.35,0.25 80.5867
0.65,0.35,0.3 68.1475
0.65,0.35,0.35 28.6766
0.65,0.35,0.4 0.115225
0.65,0.4,0 4.06081e-11
0.65,0.4,0.05 68.3845
0.65,0.4,0.1 412.066
0.65,0.4,0.15 233.245
0.65,0.4,0.2 41.2392
0.65,0.4,0.25 6.97875
0.65,0.4,0.3 0.276317
