0.25,0.25,0.25 289.347
0.25,0.25,0.3 513.671
0.25,0.25,0.35 228.713
0.25,0.25,0.4 6.80033
0.25,0.3,0 1.46373e-11
0.25,0.3,0.05 46.0649
0.25,0.3,0.1 206.236
0.25,0.3,0.15 362.775
0.25,0.3,0.2 575.13
0.25,0.3,0.25 196.723
0.25,0.3,0.3 186.645
0.25,0.3,0.35 88.4887
0.25,0.3,0.4 0.679414
0.25,0.35,0 9.11458e-11
0.25,0.35,0.05 80.8364
0.25,0.35,0.1 409.786
0.25,0.35,0.15 290.129
0.25,0.35,0.2 114.967
0.25,0.35,0.25 21.5146
0.25,0.35,0.3 28.7122
0.25,0.35,0.35 14.358
0.25,0.35,0.4 0.116659
0.25,0.4,0 4.71168e-10
0.25,0.4,0.05 109.814
0.25,0.4,0.1 515.063
0.25,0.4,0.15 343.11
0.25,0.4,0.2 127.414
0.25,0.4,0.25 19.3651
0.25,0.4,0.3 0.506369
0.25,0.45,0 7.31523e-10
0.25,0.45,0.05 148.915
0.25,0.45,0.1 657.581
0.25,0.45,0.15 441.248
0.25,0.45,0.2 322.577
0.25,0.45,0.25 237.848
0.25,0.45,0.3 55.1056
0.25,0.45,0.35 31.2604
0.25,0.45,0.4 2.62566
0.25,0.45,0.45 0.0682899
0.25,0.5,0 1.6515e-09
0.25,0.5,0.05 180.947
0.25,0.5,0.1 736.723
0.25,0.5,0.15 349.439
0.25,0.5,0.2 453.515
0.25,0.5,0.25 623.742
0.25,0.5,0.3 508.533
0.25,0.5,0.35 419.314
0.25,0.5,0.4 157.887
0.25,0.5,0.45 6.73732
0.25,0.55,0 2.49777e-09
0.25,0.55,0.05 106.091
0.25,0.55,0.1 529.831
0.25,0.55,0.15 245.893
0.25,0.55,0.2 200.664
0.25,0.55,0.25 609.795
0.25,0.55,0.3 676.351
0.25,0.55,0.35 692.746
0.25,0.55,0.4 372.785
0.25,0.55,0.45 14.0226
0.25,0.6,0 1.70046e-08
0.25,0.6,0.05 52.0248
0.25,0.6,0.1 390.124
0.25,0.6,0.15 378.004
0.25,0.6,0.2 380.184
0.25,0.6,0.25 517.858
0.25,0.6,0.3 507.728
0.25,0.6,0.35 563.532
0.25,0.6,0.4 262.331
0.25,0.6,0.45 5.23612
0.25,0.65,0 8.50244e-09
0.25,0.65,0.05 83.3223
0.25,0.65,0.1 375.509
0.25,0.65,0.15 502.866
0.25,0.65,0.2 629.979
0.25,0.65,0.25 279.954
0.25,0.65,0.3 302.22
0.25,0.65,0.35 384.742
0.25,0.65,0.4 111.572
0.25,0.65,0.45 0.555431
0.25,0.7,0 1.69754e-10
0.25,0.7,0.05 114.559
0.25,0.7,0.1 530.761
0.25,0.7,0.15 445.106
0.25,0.7,0.2 400.403
0.25,0.7,0.25 245.189
0.25,0.7,0.3 287.268
0.25,0.7,0.35 132.634
0.25,0.7,0.4 25.8604
0.25,0.7,0.45 0.00190456
0.25,0.75,0 2.84447e-10
0.25,0.75,0.05 119.75
0.25,0.75,0.1 608.35
0.25,0.75,0.15 419.046
0.25,0.75,0.2 305.535
0.25,0.75,0.25 233.963
0.25,0.75,0.3 50.2744
0.25,0.75,0.35 5.20159
0.25,0.75,0.4 0.0110838
0.25,0.75,0.45 8.16786e-07
0.25,0.8,0 9.64899e-11
0.25,0.8,0.05 39.0588
0.25,0.8,0.1 211.117
0.25,0.8,0.15 251.952
0.25,0.8,0.2 168.489
0.25,0.8,0.25 111.853
0.25,0.8,0.3 20.079
0.25,0.85,0 9.43333e-14
0.25,0.85,0.05 0.0496932
0.25,0.85,0.1 1.64855
0.25,0.85,0.15 14.1746
0.25,0.85,0.2 13.8826
0.25,0.85,0.25 18.3291
0.25,0.85,0.3 4.17856
0.3,0,0.1 8.98235e-13
0.3,0,0.15 3.69085e-11
0.3,0,0.2 7.2462e-11
0.3,0,0.25 4.93977e-10
0.3,0,0.3 4.6626e-10
0.3,0,0.35 1.84664e-11
0.3,0.05,0 8.01219e-13
0.3,0.05,0.05 0.302368
0.3,0.05,0.1 2.65554
0.3,0.05,0.15 61.2666
0.3,0.05,0.2 87.1872
0.3,0.05,0.25 83.8253
0.3,0.05,0.3 73.1788
0.3,0.05,0.35 2.87282
0.3,0.1,0 3.75156e-11
0.3,0.1,0.05 13.3905
0.3,0.1,0.1 70.3485
0.3,0.1,0.15 309.124
0.3,0.1,0.2 436.133
0.3,0.1,0.25 384.407
0.3,0.1,0.3 364.09
0.3,0.1,0.35 21.7689
0.3,0.1,0.4 0.00495627
0.3,0.15,0 6.5408e-11
0.3,0.15,0.05 24.3172
0.3,0.15,0.1 196.926
0.3,0.15,0.15 464.074
0.3,0.15,0.2 534.33
0.3,0.15,0.25 376.331
0.3,0.15,0.3 542.488
0.3,0.15,0.35 166.504
0.3,0.15,0.4 13.7799
0.3,0.2,0 1.11971e-10
0.3,0.2,0.05 78.2413
0.3,0.2,0.1 396.938
0.3,0.2,0.15 608.303
0.3,0.2,0.2 516.838
0.3,0.2,0.25 486.739
0.3,0.2,0.3 667.485
0.3,0.2,0.35 400.496
0.3,0.2,0.4 44.2006
0.3,0.25,0 6.85973e-11
0.3,0.25,0.05 95.7759
0.3,0.25,0.1 405.198
0.3,0.25,0.15 278.889
0.3,0.25,0.2 274.126
0.3,0.25,0.25 463.742
0.3,0.25,0.3 588.584
0.3,0.25,0.35 253.47
0.3,0.25,0.4 10.4095
0.3,0.3,0 2.33089e-11
0.3,0.3,0.05 34.7061
0.3,0.3,0.1 207.335
0.3,0.3,0.15 483.698
0.3,0.3,0.2 486.34
0.3,0.3,0.25 435.526
0.3,0.3,0.3 499.273
0.3,0.3,0.35 217.858
0.3,0.3,0.4 1.80492
0.3,0.35,0 1.54194e-09
0.3,0.35,0.05 47.3642
0.3,0.35,0.1 410.162
0.3,0.35,0.15 730.807
0.3,0.35,0.2 463.128
0.3,0.35,0.25 78.9404
0.3,0.35,0.3 77.6108
0.3,0.35,0.35 36.3588
0.3,0.35,0.4 0.292972
0.3,0.4,0 7.92279e-09
0.3,0.4,0.05 122.921
0.3,0.4,0.1 666.036
0.3,0.4,0.15 777.95
0.3,0.4,0.2 494.312
0.3,0.4,0.25 44.9544
0.3,0.4,0.3 0.334638
0.3,0.4,0.35 0.0117311
0.3,0.4,0.4 0.00304457
0.3,0.4,0.45 5.69105e-09
0.3,0.45,0 2.82237e-09
0.3,0.45,0.05 87.5361
0.3,0.45,0.1 412.96
0.3,0.45,0.15 501.842
0.3,0.45,0.2 480.332
0.3,0.45,0.25 169.582
0.3,0.45,0.3 61.7432
0.3,0.45,0.35 34.4412
0.3,0.45,0.4 1.66753
0.3,0.45,0.45 0.00235427
0.3,0.5,0 8.15168e-10
0.3,0.5,0.05 120.929
0.3,0.5,0.1 488.832
0.3,0.5,0.15 210.666
0.3,0.5,0.2 255.272
0.3,0.5,0.25 350.723
0.3,0.5,0.3 535.77
0.3,0.5,0.35 280.443
0.3,0.5,0.4 21.3968
0.3,0.5,0.45 0.245091
0.3,0.55,0 6.18643e-08
0.3,0.55,0.05 84.5625
0.3,0.55,0.1 365.959
0.3,0.55,0.15 280.744
0.3,0.55,0.2 266.599
0.3,0.55,0.25 490.302
0.3,0.55,0.3 575.727
0.3,0.55,0.35 214.988
0.3,0.55,0.4 43.9123
0.3,0.55,0.45 0.705582
0.3,0.6,0 5.15615e-07
0.3,0.6,0.05 75.3499
0.3,0.6,0.1 340.407
0.3,0.6,0.15 322.481
0.3,0.6,0.2 477.819
0.3,0.6,0.25 581.522
0.3,0.6,0.3 758.788
0.3,0.6,0.35 323.824
0.3,0.6,0.4 65.3161
0.3,0.6,0.45 0.866897
0.3,0.65,0 2.57056e-07
0.3,0.65,0.05 79.6082
0.3,0.65,0.1 329.787
0.3,0.65,0.15 212.502
0.3,0.65,0.2 315.283
0.3,0.65,0.25 528.457
0.3,0.65,0.3 685.085
0.3,0.65,0.35 669.045
0.3,0.65,0.4 150.185
0.3,0.65,0.45 1.14621
0.3,0.7,0 1.9498e-09
0.3,0.7,0.05 74.7444
0.3,0.7,0.1 393.136
0.3,0.7,0.15 342.049
0.3,0.7,0.2 510.531
0.3,0.7,0.25 229.376
0.3,0.7,0.3 100.545
0.3,0.7,0.35 165.866
0.3,0.7,0.4 44.2679
0.3,0.7,0.45 0.298397
0.3,0.75,0 8.23398e-11
0.3,0.75,0.05 38.0315
0.3,0.75,0.1 342.685
0.3,0.75,0.15 396.051
0.3,0.75,0.2 219.989
0.3,0.75,0.25 68.7515
0.3,0.75,0.3 3.95332
0.3,0.75,0.35 0.170692
0.3,0.75,0.4 0.0131427
0.3,0.75,0.45 1.52207e-05
0.3,0.8,0 2.70874e-11
0.3,0.8,0.05 10.3909
0.3,0.8,0.1 65.0407
0.3,0.8,0.15 58.4858
0.3,0.8,0.2 23.8226
0.3,0.8,0.25 3.44603
0.3,0.8,0.3 0.0842823
0.3,0.85,0 2.6482e-14
0.3,0.85,0.05 0.00975554
0.3,0.85,0.1 0.0565603
0.3,0.85,0.15 0.424715
0.3,0.85,0.2 0.654438
0.3,0.85,0.25 0.0775005
0.35,0,0.1 1.0915e-13
0.35,0,0.15 4.48499e-12
0.35,0,0.2 1.36352e-11
0.35,0,0.25 1.61573e-10
0.35,0,0.3 1.53173e-10
0.35,0,0.35 6.06646e-12
0.35,0.05,0 3.76251e-12
0.35,0.05,0.05 1.42621
0.35,0.05,0.1 5.87794
0.35,0.05,0.15 8.66776
0.35,0.05,0.2 11.6257
0.35,0.05,0.25 26.5271
0.35,0.05,0.3 23.7679
0.35,0.05,0.35 0.939581
0.35,0.1,0 1.65787e-10
0.35,0.1,0.05 63.5386
0.35,0.1,0.1 254.873
0.35,0.1,0.15 93.9865
0.35,0.1,0.2 74.3067
0.35,0.1,0.25 148.734
0.35,0.1,0.3 121.993
0.35,0.1,0.35 7.46916
0.35,0.1,0.4 0.000403634
0.35,0.15,0 2.34675e-10
0.35,0.15,0.05 102.439
0.35,0.15,0.1 416.2
0.35,0.15,0.15 187.885
0.35,0.15,0.2 184.913
0.35,0.15,0.25 279.215
0.35,0.15,0.3 208.208
0.35,0.15,0.35 30.727
0.35,0.15,0.4 1.12213
0.35,0.2,0 3.05128e-11
0.35,0.2,0.05 108.819
0.35,0.2,0.1 478.022
0.35,0.2,0.15 493.164
0.35,0.2,0.2 376.834
0.35,0.2,0.25 496.076
0.35,0.2,0.3 368.201
0.35,0.2,0.35 86.5571
0.35,0.2,0.4 4.10342
0.35,0.25,0 4.47413e-11
0.35,0.25,0.05 164.385
0.35,0.25,0.1 765.557
0.35,0.25,0.15 622.49
0.35,0.25,0.2 253.385
0.35,0.25,0.25 512.924
0.35,0.25,0.3 717.589
0.35,0.25,0.35 220.015
0.35,0.25,0.4 2.80463
0.35,0.3,0 1.25505e-10
0.35,0.3,0.05 130.214
0.35,0.3,0.1 569.963
0.35,0.3,0.15 498.9
0.35,0.3,0.2 569.031
0.35,0.3,0.25 644.813
0.35,0.3,0.3 579.93
0.35,0.3,0.35 99.1331
0.35,0.3,0.4 0.71535
0.35,0.35,0 1.31262e-09
0.35,0.35,0.05 95.1414
0.35,0.35,0.1 421.525
0.35,0.35,0.15 368.205
0.35,0.35,0.2 446.39
0.35,0.35,0.25 162.098
0.35,0.35,0.3 68.7875
0.35,0.35,0.35 9.2965
0.35,0.35,0.4 0.0452589
0.35,0.4,0 6.59195e-09
0.35,0.4,0.05 169.047
0.35,0.4,0.1 850.716
0.35,0.4,0.15 654.844
0.35,0.4,0.2 328.576
0.35,0.4,0.25 36.6008
0.35,0.4,0.3 18.2303
0.35,0.4,0.35 14.9752
0.35,0.4,0.4 7.0244
0.35,0.4,0.45 0.0794832
0.35,0.45,0 2.12631e-09
0.35,0.45,0.05 104.337
0.35,0.45,0.1 626.843
0.35,0.45,0.15 737.579
0.35,0.45,0.2 619.379
0.35,0.45,0.25 123.562
0.35,0.45,0.3 77.9875
0.35,0.45,0.35 190.451
0.35,0.45,0.4 67.0622
0.35,0.45,0.45 0.437618
0.35,0.5,0 2.99567e-11
0.35,0.5,0.05 145.211
0.35,0.5,0.1 615.758
0.35,0.5,0.15 403.287
0.35,0.5,0.2 536.601
0.35,0.5,0.25 525.303
0.35,0.5,0.3 539.018
0.35,0.5,0.35 421.383
0.35,0.5,0.4 83.7616
0.35,0.5,0.45 0.149901
0.35,0.55,0 7.21458e-08
0.35,0.55,0.05 91.2899
0.35,0.55,0.1 402.443
0.35,0.55,0.15 509.548
0.35,0.55,0.2 599.655
0.35,0.55,0.25 471.664
0.35,0.55,0.3 418.057
0.35,0.55,0.35 134.962
0.35,0.55,0.4 10.7304
0.35,0.55,0.45 0.000151202
0.35,0.6,0 5.99459e-07
0.35,0.6,0.05 93.7315
0.35,0.6,0.1 422.413
0.35,0.6,0.15 682.929
0.35,0.6,0.2 930.482
0.35,0.6,0.25 398.239
0.35,0.6,0.3 523.768
0.35,0.6,0.35 257.793
0.35,0.6,0.4 67.8625
0.35,0.6,0.45 1.50336
0.35,0.65,0 2.98015e-07
0.35,0.65,0.05 114.481
0.35,0.65,0.1 512.415
0.35,0.65,0.15 543.645
0.35,0.65,0.2 559.903
0.35,0.65,0.25 431.084
0.35,0.65,0.3 650.152
0.35,0.65,0.35 806.735
0.35,0.65,0.4 306.184
0.35,0.65,0.45 6.73647
0.35,0.7,0 2.25286e-09
0.35,0.7,0.05 77.1727
0.35,0.7,0.1 355.798
0.35,0.7,0.15 272.982
0.35,0.7,0.2 632.395
0.35,0.7,0.25 510.034
0.35,0.7,0.3 164.978
0.35,0.7,0.35 214.793
0.35,0.7,0.4 86.4354
0.35,0.7,0.45 1.8861
0.35,0.75,0 6.488e-09
0.35,0.75,0.05 5.76788
0.35,0.75,0.1 111.091
0.35,0.75,0.15 286.633
0.35,0.75,0.2 468.312
0.35,0.75,0.25 296.028
0.35,0.75,0.3 37.0419
0.35,0.75,0.35 0.0198849
0.35,0.75,0.4 0.00573601
0.35,0.75,0.45 9.12925e-05
0.35,0.8,0 2.09747e-08
0.35,0.8,0.05 2.35953
0.35,0.8,0.1 20.4823
0.35,0.8,0.15 116.36
0.35,0.8,0.2 224.894
0.35,0.8,0.25 41.3949
0.35,0.8,0.3 2.02811
0.35,0.85,0 4.23295e-09
0.35,0.85,0.05 0.436186
0.35,0.85,0.1 1.74598
0.35,0.85,0.15 3.28754
0.35,0.85,0.2 6.4909
0.35,0.85,0.25 0.897083
0.35,0.85,0.3 9.48521e-05
0.4,0,0.2 4.56167e-15
0.4,0,0.25 9.59092e-14
0.4,0,0.3 9.1156e-14
0.4,0,0.35 3.61026e-15
0.4,0.05,0 1.10857e-12
0.4,0.05,0.05 0.42021
0.4,0.05,0.1 1.68014
0.4,0.05,0.15 0.659238
0.4,0.05,0.2 6.26902
0.4,0.05,0.25 7.01218
0.4,0.05,0.3 1.21293
0.4,0.05,0.35 0.172321
0.4,0.1,0 8.08292e-11
0.4,0.1,0.05 30.4042
0.4,0.1,0.1 121.569
0.4,0.1,0.15 37.5798
0.4,0.1,0.2 198.409
0.4,0.1,0.25 236.137
0.4,0.1,0.3 44.3447
0.4,0.1,0.35 6.155
0.4,0.15,0 2.83374e-10
0.4,0.15,0.05 136.093
0.4,0.15,0.1 545.696
0.4,0.15,0.15 184.822
0.4,0.15,0.2 418.484
0.4,0.15,0.25 578.598
0.4,0.15,0.3 94.0306
0.4,0.15,0.35 7.75842
0.4,0.15,0.4 2.42458e-07
0.4,0.2,0 2.51191e-10
0.4,0.2,0.05 99.5553
0.4,0.2,0.1 421.654
0.4,0.2,0.15 389.514
0.4,0.2,0.2 396.284
0.4,0.2,0.25 319.127
0.4,0.2,0.3 74.2868
0.4,0.2,0.35 5.80965
0.4,0.2,0.4 0.0531707
0.4,0.25,0 3.20117e-10
0.4,0.25,0.05 92.4862
0.4,0.25,0.1 445.347
0.4,0.25,0.15 437.725
0.4,0.25,0.2 229.257
0.4,0.25,0.25 255.837
0.4,0.25,0.3 195.354
0.4,0.25,0.35 26.1629
0.4,0.25,0.4 0.202195
0.4,0.3,0 3.26198e-10
0.4,0.3,0.05 104.711
0.4,0.3,0.1 441.827
0.4,0.3,0.15 260.172
0.4,0.3,0.2 486.448
0.4,0.3,0.25 560.891
0.4,0.3,0.3 284.374
0.4,0.3,0.35 16.3508
0.4,0.3,0.4 0.0480625
0.4,0.35,0 2.6236e-10
0.4,0.35,0.05 50.3198
0.4,0.35,0.1 203.02
0.4,0.35,0.15 119.009
0.4,0.35,0.2 382.861
0.4,0.35,0.25 499.722
0.4,0.35,0.3 307.972
0.4,0.35,0.35 36.0464
0.4,0.35,0.4 0.199658
0.4,0.4,0 3.40226e-10
0.4,0.4,0.05 51.4784
0.4,0.4,0.1 268.494
0.4,0.4,0.15 356.308
0.4,0.4,0.2 300.094
0.4,0.4,0.25 299.314
0.4,0.4,0.3 377.735
0.4,0.4,0.35 130.673
0.4,0.4,0.4 38.1706
0.4,0.4,0.45 0.427995
0.4,0.45,0 7.13398e-11
0.4,0.45,0.05 55.1313
0.4,0.45,0.1 328.71
0.4,0.45,0.15 609.145
0.4,0.45,0.2 604.548
0.4,0.45,0.25 309.789
0.4,0.45,0.3 329.792
0.4,0.45,0.35 527.026
0.4,0.45,0.4 238.507
0.4,0.45,0.45 2.35759
0.4,0.5,0 8.54864e-12
0.4,0.5,0.05 69.1971
0.4,0.5,0.1 354.515
0.4,0.5,0.15 539.017
0.4,0.5,0.2 771.118
0.4,0.5,0.25 509.419
0.4,0.5,0.3 582.201
0.4,0.5,0.35 629.628
0.4,0.5,0.4 158.205
0.4,0.5,0.45 1.02544
0.4,0.55,0 1.12067e-08
0.4,0.55,0.05 51.7878
0.4,0.55,0.1 276.619
0.4,0.55,0.15 457.294
0.4,0.55,0.2 603.941
0.4,0.55,0.25 358.457
0.4,0.55,0.3 295.675
0.4,0.55,0.35 182.605
0.4,0.55,0.4 26.8818
0.4,0.55,0.45 0.458636
0.4,0.6,0 6.01522e-08
0.4,0.6,0.05 148.026
0.4,0.6,0.1 614.007
0.4,0.6,0.15 416.136
0.4,0.6,0.2 617.258
0.4,0.6,0.25 267.79
0.4,0.6,0.3 134.185
0.4,0.6,0.35 60.4877
0.4,0.6,0.4 25.6616
0.4,0.6,0.45 0.6469
0.4,0.65,0 2.32439e-08
0.4,0.65,0.05 72.0675
0.4,0.65,0.1 314.617
0.4,0.65,0.15 339.825
0.4,0.65,0.2 590.986
0.4,0.65,0.25 372.187
0.4,0.65,0.3 365.561
0.4,0.65,0.35 224.254
0.4,0.65,0.4 107.509
0.4,0.65,0.45 2.64099
0.4,0.7,0 2.16875e-10
0.4,0.7,0.05 17.2029
0.4,0.7,0.1 71.1205
0.4,0.7,0.15 75.3594
0.4,0.7,0.2 329.563
0.4,0.7,0.25 371.698
0.4,0.7,0.3 119.382
0.4,0.7,0.35 60.8386
0.4,0.7,0.4 30.2008
0.4,0.7,0.45 0.739429
0.4,0.75,0 2.05596e-07
0.4,0.75,0.05 21.9418
0.4,0.75,0.1 88.0215
0.4,0.75,0.15 105.164
0.4,0.75,0.2 362.592
0.4,0.75,0.25 501.224
0.4,0.75,0.3 86.9224
0.4,0.75,0.35 0.00401561
0.4,0.75,0.4 0.00163682
0.4,0.75,0.45 3.57751e-05
0.4,0.8,0 6.64996e-07
0.4,0.8,0.05 68.5257
0.4,0.8,0.1 272.681
0.4,0.8,0.15 130.741
0.4,0.8,0.2 174.988
0.4,0.8,0.25 119.517
0.4,0.8,0.3 19.4678
0.4,0.85,0 1.34204e-07
0.4,0.85,0.05 13.8291
0.4,0.85,0.1 54.9709
0.4,0.85,0.15 15.5146
0.4,0.85,0.2 4.23176
0.4,0.85,0.25 0.590672
0.4,0.85,0.3 0.00125404
0.45,0.05,0 1.5661e-16
0.45,0.05,0.05 5.9364e-05
0.45,0.05,0.1 0.000237358
0.45,0.05,0.15 0.10824
0.45,0.05,0.2 2.8336
0.45,0.05,0.25 5.20462
0.45,0.05,0.3 7.02056
0.45,0.05,0.35 1.35934
0.45,0.1,0 1.22085e-10
0.45,0.1,0.05 23.2728
0.45,0.1,0.1 93.0707
0.45,0.1,0.15 31.006
0.45,0.1,0.2 96.5766
0.45,0.1,0.25 177.281
0.45,0.1,0.3 254.008
0.45,0.1,0.35 48.8826
0.45,0.15,0 7.01845e-10
0.45,0.15,0.05 152.754
0.45,0.15,0.1 611.34
0.45,0.15,0.15 241.571
0.45,0.15,0.2 330.602
0.45,0.15,0.25 339.065
