0,0.65,0.15 7.21852e-14
0,0.65,0.2 9.63461e-13
0,0.65,0.25 6.86207e-13
0,0.65,0.3 1.47247e-14
0,0.7,0.15 8.78191e-13
0,0.7,0.2 1.17213e-11
0,0.7,0.25 8.34827e-12
0,0.7,0.3 1.79138e-13
0,0.75,0.15 5.85681e-13
0,0.75,0.2 7.81713e-12
0,0.75,0.25 5.5676e-12
0,0.75,0.3 1.1947e-13
0,0.8,0.15 1.06568e-14
0,0.8,0.2 1.42237e-13
0,0.8,0.25 1.01305e-13
0,0.8,0.3 2.17382e-15
0.05,0.1,0.05 0.0019673
0.05,0.1,0.1 4.56265
0.05,0.1,0.15 14.3072
0.05,0.1,0.2 2.79695
0.05,0.1,0.25 7.33672e-06
0.05,0.15,0 1.83915e-16
0.05,0.15,0.05 0.0108869
0.05,0.15,0.1 24.5199
0.05,0.15,0.15 78.7071
0.05,0.15,0.2 19.5324
0.05,0.15,0.25 0.676803
0.05,0.15,0.3 0.0110625
0.05,0.15,0.35 0.0325521
0.05,0.15,0.4 0.00595753
0.05,0.2,0 6.19752e-15
0.05,0.2,0.05 0.035403
0.05,0.2,0.1 8.34481
0.05,0.2,0.15 32.6592
0.05,0.2,0.2 22.1729
0.05,0.2,0.25 12.2073
0.05,0.2,0.3 15.6758
0.05,0.2,0.35 6.09873
0.05,0.2,0.4 0.916163
0.05,0.25,0 5.6899e-14
0.05,0.25,0.05 0.366604
0.05,0.25,0.1 1.47969
0.05,0.25,0.15 3.18264
0.05,0.25,0.2 7.73803
0.05,0.25,0.25 40.5328
0.05,0.25,0.3 60.6268
0.05,0.25,0.35 14.8225
0.05,0.25,0.4 1.89545
0.05,0.3,0 3.84023e-14
0.05,0.3,0.05 0.250637
0.05,0.3,0.1 1.00553
0.05,0.3,0.15 1.52949
0.05,0.3,0.2 3.43734
0.05,0.3,0.25 10.5853
0.05,0.3,0.3 15.0217
0.05,0.3,0.35 2.42411
0.05,0.3,0.4 0.234907
0.05,0.35,0 2.9298e-10
0.05,0.35,0.05 1.34787
0.05,0.35,0.1 5.38195
0.05,0.35,0.15 1.40602
0.05,0.35,0.2 0.159415
0.05,0.35,0.25 0.0248369
0.05,0.35,0.3 5.18011e-06
0.05,0.35,0.35 4.05077e-07
0.05,0.4,0 1.17859e-09
0.05,0.4,0.05 5.4024
0.05,0.4,0.1 21.5717
0.05,0.4,0.15 5.46627
0.05,0.4,0.2 0.311216
0.05,0.4,0.25 0.0912381
0.05,0.4,0.3 4.85481e-05
0.05,0.45,0 2.96324e-10
0.05,0.45,0.05 1.38565
0.05,0.45,0.1 5.63016
0.05,0.45,0.15 15.0471
0.05,0.45,0.2 58.6331
0.05,0.45,0.25 16.5907
0.05,0.45,0.3 0.206939
0.05,0.45,0.35 0.0119693
0.05,0.45,0.4 0.000780208
0.05,0.45,0.45 6.40038e-05
0.05,0.5,0 1.9949e-18
0.05,0.5,0.05 0.528026
0.05,0.5,0.1 3.53952
0.05,0.5,0.15 34.3734
0.05,0.5,0.2 141.597
0.05,0.5,0.25 45.6503
0.05,0.5,0.3 7.24509
0.05,0.5,0.35 0.537694
0.05,0.5,0.4 0.0163733
0.05,0.5,0.45 0.000320462
0.05,0.55,0.05 0.47721
0.05,0.55,0.1 3.17822
0.05,0.55,0.15 6.45077
0.05,0.55,0.2 26.4646
0.05,0.55,0.25 65.6081
0.05,0.55,0.3 49.6631
0.05,0.55,0.35 5.52869
0.05,0.55,0.4 0.321855
0.05,0.55,0.45 0.000126426
0.05,0.6,0.05 0.0171667
0.05,0.6,0.1 0.114294
0.05,0.6,0.15 0.061374
0.05,0.6,0.2 4.66987
0.05,0.6,0.25 55.4933
0.05,0.6,0.3 45.8178
0.05,0.6,0.35 13.2044
0.05,0.6,0.4 2.92736
0.05,0.6,0.45 0.00122304
0.05,0.65,0.15 0.456185
0.05,0.65,0.2 6.29313
0.05,0.65,0.25 6.76432
0.05,0.65,0.3 4.28096
0.05,0.65,0.35 11.9051
0.05,0.65,0.4 3.76292
0.05,0.65,0.45 0.00171462
0.05,0.7,0.15 5.54015
0.05,0.7,0.2 73.9448
0.05,0.7,0.25 52.6658
0.05,0.7,0.3 1.30035
0.05,0.7,0.35 0.875386
0.05,0.7,0.4 0.280586
0.05,0.7,0.45 0.000128191
0.05,0.75,0.15 3.69482
0.05,0.75,0.2 49.315
0.05,0.75,0.25 35.1237
0.05,0.75,0.3 0.753689
0.05,0.8,0.15 0.067229
0.05,0.8,0.2 0.897311
0.05,0.8,0.25 0.639093
0.05,0.8,0.3 0.0137138
0.1,0,0.1 2.01027e-19
0.1,0,0.15 6.84176e-17
0.1,0,0.2 1.67834e-16
0.1,0,0.25 2.52659e-17
0.1,0.05,0.1 2.64753e-06
0.1,0.05,0.15 0.000901064
0.1,0.05,0.2 0.107585
0.1,0.05,0.25 1.62531
0.1,0.05,0.3 1.27606
0.1,0.05,0.35 0.0343112
0.1,0.1,0.05 0.0103119
0.1,0.1,0.1 23.9159
0.1,0.1,0.15 75.0359
0.1,0.1,0.2 15.639
0.1,0.1,0.25 7.71749
0.1,0.1,0.3 5.85596
0.1,0.1,0.35 0.185299
0.1,0.1,0.4 0.000190009
0.1,0.15,0 1.61724e-12
0.1,0.15,0.05 2.84667
0.1,0.15,0.1 139.752
0.1,0.15,0.15 439.754
0.1,0.15,0.2 166.695
0.1,0.15,0.25 18.9933
0.1,0.15,0.3 9.11849
0.1,0.15,0.35 4.31335
0.1,0.15,0.4 0.175329
0.1,0.2,0 1.6235e-11
0.1,0.2,0.05 30.4771
0.1,0.2,0.1 165.149
0.1,0.2,0.15 295.08
0.1,0.2,0.2 357.72
0.1,0.2,0.25 116.947
0.1,0.2,0.3 142.224
0.1,0.2,0.35 142.003
0.1,0.2,0.4 23.6265
0.1,0.25,0 1.52925e-11
0.1,0.25,0.05 57.363
0.1,0.25,0.1 229.683
0.1,0.25,0.15 151.505
0.1,0.25,0.2 248.93
0.1,0.25,0.25 284.626
0.1,0.25,0.3 437.884
0.1,0.25,0.35 294.146
0.1,0.25,0.4 48.7984
0.1,0.3,0 4.52776e-12
0.1,0.3,0.05 29.4396
0.1,0.3,0.1 117.907
0.1,0.3,0.15 97.4103
0.1,0.3,0.2 173.638
0.1,0.3,0.25 88.8978
0.1,0.3,0.3 99.4353
0.1,0.3,0.35 39.8836
0.1,0.3,0.4 6.04711
0.1,0.35,0 4.53774e-09
0.1,0.35,0.05 21.5211
0.1,0.35,0.1 85.942
0.1,0.35,0.15 24.7921
0.1,0.35,0.2 8.46802
0.1,0.35,0.25 1.31915
0.1,0.35,0.3 3.10433e-05
0.1,0.35,0.35 2.42754e-06
0.1,0.4,0 1.82539e-08
0.1,0.4,0.05 83.6724
0.1,0.4,0.1 334.345
0.1,0.4,0.15 89.0167
0.1,0.4,0.2 7.28692
0.1,0.4,0.25 0.954786
0.1,0.4,0.3 0.000771834
0.1,0.45,0 4.59033e-09
0.1,0.45,0.05 23.5405
0.1,0.45,0.1 102.222
0.1,0.45,0.15 200.063
0.1,0.45,0.2 439.567
0.1,0.45,0.25 110.42
0.1,0.45,0.3 6.14172
0.1,0.45,0.35 13.3648
0.1,0.45,0.4 19.5243
0.1,0.45,0.45 1.60167
0.1,0.5,0 4.17055e-12
0.1,0.5,0.05 31.856
0.1,0.5,0.1 202.184
0.1,0.5,0.15 357.858
0.1,0.5,0.2 885.265
0.1,0.5,0.25 370.521
0.1,0.5,0.3 173.681
0.1,0.5,0.35 96.127
0.1,0.5,0.4 100.37
0.1,0.5,0.45 8.02066
0.1,0.55,0 1.24305e-12
0.1,0.55,0.05 25.5518
0.1,0.55,0.1 166.917
0.1,0.55,0.15 138.869
0.1,0.55,0.2 274.098
0.1,0.55,0.25 551.827
0.1,0.55,0.3 524.34
0.1,0.55,0.35 279.285
0.1,0.55,0.4 54.3878
0.1,0.55,0.45 2.50708
0.1,0.6,0 2.13232e-16
0.1,0.6,0.05 2.18543
0.1,0.6,0.1 21.3565
0.1,0.6,0.15 19.5175
0.1,0.6,0.2 113.431
0.1,0.6,0.25 401.162
0.1,0.6,0.3 374.948
0.1,0.6,0.35 363.29
0.1,0.6,0.4 71.7282
0.1,0.6,0.45 0.0272627
0.1,0.65,0.05 1.65374
0.1,0.65,0.1 20.8111
0.1,0.65,0.15 31.7167
0.1,0.65,0.2 53.0805
0.1,0.65,0.25 56.2318
0.1,0.65,0.3 89.5113
0.1,0.65,0.35 260.323
0.1,0.65,0.4 81.0475
0.1,0.65,0.45 0.03685
0.1,0.7,0.05 0.103949
0.1,0.7,0.1 7.51012
0.1,0.7,0.15 79.4989
0.1,0.7,0.2 340.332
0.1,0.7,0.25 257.693
0.1,0.7,0.3 70.5872
0.1,0.7,0.35 24.0603
0.1,0.7,0.4 6.03026
0.1,0.7,0.45 0.00275505
0.1,0.75,0.1 1.73609
0.1,0.75,0.15 28.9888
0.1,0.75,0.2 205.683
0.1,0.75,0.25 148.064
0.1,0.75,0.3 12.7701
0.1,0.75,0.35 0.731675
0.1,0.8,0.1 5.76861e-05
0.1,0.8,0.15 0.371167
0.1,0.8,0.2 4.13773
0.1,0.8,0.25 2.74007
0.1,0.8,0.3 0.0550007
0.1,0.8,0.35 1.11957e-07
0.1,0.85,0.15 0.00293042
0.1,0.85,0.2 0.0157936
0.1,0.85,0.25 0.00530233
0.1,0.85,0.3 6.50057e-06
0.1,0.85,0.35 1.4543e-08
0.15,0,0.1 2.5992e-15
0.15,0,0.15 8.84613e-13
0.15,0,0.2 2.17003e-12
0.15,0,0.25 3.26679e-13
0.15,0.05,0 3.77742e-13
0.15,0.05,0.05 0.00767793
0.15,0.05,0.1 0.0649096
0.15,0.05,0.15 11.6581
0.15,0.05,0.2 31.8263
0.15,0.05,0.25 54.5483
0.15,0.05,0.3 39.5577
0.15,0.05,0.35 1.07031
0.15,0.1,0 2.55832e-10
0.15,0.1,0.05 5.20336
0.15,0.1,0.1 28.7233
0.15,0.1,0.15 77.8453
0.15,0.1,0.2 154.05
0.15,0.1,0.25 262.845
0.15,0.1,0.3 184.196
0.15,0.1,0.35 5.54502
0.15,0.1,0.4 0.00371944
0.15,0.15,0 7.0896e-10
0.15,0.15,0.05 23.9933
0.15,0.15,0.1 137.933
0.15,0.15,0.15 217.301
0.15,0.15,0.2 346.183
0.15,0.15,0.25 241.719
0.15,0.15,0.3 202.787
0.15,0.15,0.35 73.352
0.15,0.15,0.4 0.631096
0.15,0.2,0 2.0535e-10
0.15,0.2,0.05 104.131
0.15,0.2,0.1 430.897
0.15,0.2,0.15 320.224
0.15,0.2,0.2 681.885
0.15,0.2,0.25 358.416
0.15,0.2,0.3 419.161
0.15,0.2,0.35 289.028
0.15,0.2,0.4 26.1012
0.15,0.25,0 6.20458e-11
0.15,0.25,0.05 149.866
0.15,0.25,0.1 599.719
0.15,0.25,0.15 301.682
0.15,0.25,0.2 542.788
0.15,0.25,0.25 477.151
0.15,0.25,0.3 397.173
0.15,0.25,0.35 318.566
0.15,0.25,0.4 52.0621
0.15,0.3,0 1.07289e-11
0.15,0.3,0.05 110.09
0.15,0.3,0.1 440.555
0.15,0.3,0.15 212.165
0.15,0.3,0.2 270.026
0.15,0.3,0.25 121.252
0.15,0.3,0.3 74.0729
0.15,0.3,0.35 38.3658
0.15,0.3,0.4 6.43336
0.15,0.35,0 3.57417e-09
0.15,0.35,0.05 35.8862
0.15,0.35,0.1 143.439
0.15,0.35,0.15 40.8406
0.15,0.35,0.2 12.6856
0.15,0.35,0.25 1.99088
0.15,0.35,0.3 1.25055e-05
0.15,0.35,0.35 9.00228e-07
0.15,0.4,0 1.43754e-08
0.15,0.4,0.05 66.0101
0.15,0.4,0.1 270.08
0.15,0.4,0.15 116.869
0.15,0.4,0.2 30.7546
0.15,0.4,0.25 1.2592
0.15,0.4,0.3 0.0244583
0.15,0.45,0 3.62772e-09
0.15,0.45,0.05 35.9932
0.15,0.45,0.1 187.702
0.15,0.45,0.15 526.469
0.15,0.45,0.2 529.529
0.15,0.45,0.25 140.191
0.15,0.45,0.3 25.8947
0.15,0.45,0.35 59.0671
0.15,0.45,0.4 72.5314
0.15,0.45,0.45 5.98627
0.15,0.5,0 6.42049e-11
0.15,0.5,0.05 121.495
0.15,0.5,0.1 608.852
0.15,0.5,0.15 660.972
0.15,0.5,0.2 835.464
0.15,0.5,0.25 512.893
0.15,0.5,0.3 332.556
0.15,0.5,0.35 417.365
0.15,0.5,0.4 436.272
0.15,0.5,0.45 38.9736
0.15,0.55,0 1.91367e-11
0.15,0.55,0.05 59.8565
0.15,0.55,0.1 339.125
0.15,0.55,0.15 363.296
0.15,0.55,0.2 554.378
0.15,0.55,0.25 698.55
0.15,0.55,0.3 830.688
0.15,0.55,0.35 759.583
0.15,0.55,0.4 279.132
0.15,0.55,0.45 23.0445
0.15,0.6,0 1.81519e-10
0.15,0.6,0.05 21.9861
0.15,0.6,0.1 219.42
0.15,0.6,0.15 167.42
0.15,0.6,0.2 218.831
0.15,0.6,0.25 454.188
0.15,0.6,0.3 483.635
0.15,0.6,0.35 523.062
0.15,0.6,0.4 95.927
0.15,0.6,0.45 1.07149
0.15,0.65,0 9.60039e-10
0.15,0.65,0.05 42.8213
0.15,0.65,0.1 344.242
0.15,0.65,0.15 356.92
0.15,0.65,0.2 299.083
0.15,0.65,0.25 231.51
0.15,0.65,0.3 375.725
0.15,0.65,0.35 291.237
0.15,0.65,0.4 78.2111
0.15,0.65,0.45 0.0367699
0.15,0.7,0 3.16216e-10
0.15,0.7,0.05 8.6642
0.15,0.7,0.1 107.619
0.15,0.7,0.15 536.806
0.15,0.7,0.2 546.995
0.15,0.7,0.25 458.977
0.15,0.7,0.3 585.672
0.15,0.7,0.35 82.5167
0.15,0.7,0.4 5.80412
0.15,0.7,0.45 0.00265173
0.15,0.75,0 1.93283e-13
0.15,0.75,0.05 0.434376
0.15,0.75,0.1 51.7816
0.15,0.75,0.15 219.658
0.15,0.75,0.2 285.288
0.15,0.75,0.25 194.919
0.15,0.75,0.3 96.6193
0.15,0.75,0.35 6.75712
0.15,0.8,0.05 0.220519
0.15,0.8,0.1 18.8216
0.15,0.8,0.15 65.8224
0.15,0.8,0.2 142.426
0.15,0.8,0.25 134.22
0.15,0.8,0.3 43.9424
0.15,0.8,0.35 0.241309
0.15,0.85,0.05 0.0017992
0.15,0.85,0.1 0.180786
0.15,0.85,0.15 1.58154
0.15,0.85,0.2 5.56867
0.15,0.85,0.25 13.3551
0.15,0.85,0.3 5.68453
0.15,0.85,0.35 0.0313456
0.2,0,0.1 1.21643e-14
0.2,0,0.15 3.22306e-12
0.2,0,0.2 7.76518e-12
0.2,0,0.25 1.15536e-12
0.2,0.05,0 2.59192e-12
0.2,0.05,0.05 0.0526829
0.2,0.05,0.1 0.335276
0.2,0.05,0.15 41.4875
0.2,0.05,0.2 107.487
0.2,0.05,0.25 100.348
0.2,0.05,0.3 68.8786
0.2,0.05,0.35 2.0067
0.2,0.1,0 1.75541e-09
0.2,0.1,0.05 35.6803
0.2,0.1,0.1 145.006
0.2,0.1,0.15 221.93
0.2,0.1,0.2 516.12
0.2,0.1,0.25 567.139
0.2,0.1,0.3 390.435
0.2,0.1,0.35 12.174
0.2,0.1,0.4 0.00342876
0.2,0.15,0 4.92556e-09
0.2,0.15,0.05 105.562
0.2,0.15,0.1 435
0.2,0.15,0.15 263.71
0.2,0.15,0.2 526.318
0.2,0.15,0.25 420.725
0.2,0.15,0.3 345.958
0.2,0.15,0.35 105.268
0.2,0.15,0.4 0.960284
0.2,0.2,0 2.02103e-09
0.2,0.2,0.05 101.199
0.2,0.2,0.1 411.11
0.2,0.2,0.15 341.521
0.2,0.2,0.2 732.8
0.2,0.2,0.25 403.748
0.2,0.2,0.3 749.705
0.2,0.2,0.35 376.684
0.2,0.2,0.4 5.09219
0.2,0.25,0 7.042e-10
0.2,0.25,0.05 146.539
0.2,0.25,0.1 588.137
0.2,0.25,0.15 344.434
0.2,0.25,0.2 597.48
0.2,0.25,0.25 489.583
0.2,0.25,0.3 520.517
0.2,0.25,0.35 211.143
0.2,0.25,0.4 4.66506
0.2,0.3,0 2.04989e-11
0.2,0.3,0.05 157.648
0.2,0.3,0.1 632.051
0.2,0.3,0.15 270.961
0.2,0.3,0.2 295.19
0.2,0.3,0.25 131.861
0.2,0.3,0.3 63.435
0.2,0.3,0.35 16.9294
0.2,0.3,0.4 0.480455
0.2,0.35,0 1.5217e-10
0.2,0.35,0.05 66.3012
0.2,0.35,0.1 265.706
0.2,0.35,0.15 71.7789
0.2,0.35,0.2 12.8138
0.2,0.35,0.25 2.77175
0.2,0.35,0.3 0.141736
0.2,0.35,0.35 0.100007
0.2,0.35,0.4 0.0020998
0.2,0.4,0 4.55404e-10
0.2,0.4,0.05 37.7524
0.2,0.4,0.1 189.628
0.2,0.4,0.15 211.739
0.2,0.4,0.2 56.9625
0.2,0.4,0.25 1.92136
0.2,0.4,0.3 0.100495
0.2,0.45,0 2.24317e-10
0.2,0.45,0.05 43.2979
0.2,0.45,0.1 292.564
0.2,0.45,0.15 719.842
0.2,0.45,0.2 400.898
0.2,0.45,0.25 173.168
0.2,0.45,0.3 71.3456
0.2,0.45,0.35 71.3661
0.2,0.45,0.4 26.5936
0.2,0.45,0.45 2.10658
0.2,0.5,0 2.57337e-10
0.2,0.5,0.05 90.7538
0.2,0.5,0.1 401.255
0.2,0.5,0.15 483.737
0.2,0.5,0.2 661.781
0.2,0.5,0.25 692.901
0.2,0.5,0.3 563.126
0.2,0.5,0.35 598.975
0.2,0.5,0.4 409.401
0.2,0.5,0.45 42.7282
0.2,0.55,0 6.40355e-11
0.2,0.55,0.05 36.2849
0.2,0.55,0.1 205.972
0.2,0.55,0.15 234.386
0.2,0.55,0.2 350.55
0.2,0.55,0.25 600.826
0.2,0.55,0.3 728.624
0.2,0.55,0.35 674.877
0.2,0.55,0.4 519.541
0.2,0.55,0.45 53.3704
0.2,0.6,0 8.41599e-10
0.2,0.6,0.05 41.333
0.2,0.6,0.1 337.075
0.2,0.6,0.15 285.794
0.2,0.6,0.2 286.672
0.2,0.6,0.25 469.505
0.2,0.6,0.3 412.532
0.2,0.6,0.35 312.157
0.2,0.6,0.4 140.117
0.2,0.6,0.45 6.14567
0.2,0.65,0 4.53031e-09
0.2,0.65,0.05 122.876
0.2,0.65,0.1 642.044
0.2,0.65,0.15 566.534
0.2,0.65,0.2 547.792
0.2,0.65,0.25 315.011
0.2,0.65,0.3 458.278
0.2,0.65,0.35 109.84
0.2,0.65,0.4 16.8475
0.2,0.65,0.45 0.291755
0.2,0.7,0 1.62457e-09
0.2,0.7,0.05 47.96
0.2,0.7,0.1 347.113
0.2,0.7,0.15 756.292
0.2,0.7,0.2 576.847
0.2,0.7,0.25 532.842
0.2,0.7,0.3 673.14
0.2,0.7,0.35 106.9
0.2,0.7,0.4 0.789479
0.2,0.7,0.45 0.00472449
0.2,0.75,0 1.79566e-11
0.2,0.75,0.05 24.2343
0.2,0.75,0.1 319.036
0.2,0.75,0.15 718.445
0.2,0.75,0.2 692.166
0.2,0.75,0.25 565.803
0.2,0.75,0.3 172.884
0.2,0.75,0.35 8.84893
0.2,0.8,0 2.92948e-14
0.2,0.8,0.05 8.53459
0.2,0.8,0.1 137.281
0.2,0.8,0.15 414.94
0.2,0.8,0.2 508.021
0.2,0.8,0.25 475.452
0.2,0.8,0.3 173.194
0.2,0.8,0.35 0.942909
0.2,0.85,0 3.1694e-17
0.2,0.85,0.05 0.0177587
0.2,0.85,0.1 1.29955
0.2,0.85,0.15 13.0228
0.2,0.85,0.2 23.6924
0.2,0.85,0.25 50.6612
0.2,0.85,0.3 22.2108
0.2,0.85,0.35 0.122482
0.25,0,0.1 4.4342e-13
0.25,0,0.15 1.88157e-11
0.25,0,0.2 3.02295e-11
0.25,0,0.25 9.49296e-11
0.25,0,0.3 8.83967e-11
0.25,0,0.35 3.50098e-12
0.25,0.05,0 1.08787e-12
0.25,0.05,0.05 0.0221119
0.25,0.05,0.1 0.824246
0.25,0.05,0.15 40.2113
0.25,0.05,0.2 72.3351
0.25,0.05,0.25 54.3581
0.25,0.05,0.3 40.7486
0.25,0.05,0.35 1.42518
0.25,0.1,0 7.36776e-10
0.25,0.1,0.05 14.9763
0.25,0.1,0.1 78.5557
0.25,0.1,0.15 288.01
0.25,0.1,0.2 552.444
0.25,0.1,0.25 394.766
0.25,0.1,0.3 266.933
0.25,0.1,0.35 10.88
0.25,0.1,0.4 0.00228679
0.25,0.15,0 2.17013e-09
0.25,0.15,0.05 48.6412
0.25,0.15,0.1 301.763
0.25,0.15,0.15 593.854
0.25,0.15,0.2 631.01
0.25,0.15,0.25 299.838
0.25,0.15,0.3 270.133
0.25,0.15,0.35 110.002
0.25,0.15,0.4 10.3263
0.25,0.2,0 1.87485e-09
0.25,0.2,0.05 86.7979
0.25,0.2,0.1 398.461
0.25,0.2,0.15 443.507
0.25,0.2,0.2 430.87
0.25,0.2,0.25 254.837
0.25,0.2,0.3 623.989
0.25,0.2,0.35 425.831
0.25,0.2,0.4 35.295
0.25,0.25,0 8.8643e-10
0.25,0.25,0.05 89.3993
