0.65,0.5,0.15 273.219
0.65,0.5,0.2 677.272
0.65,0.5,0.25 193.185
0.65,0.5,0.3 1.23811
0.65,0.55,0 7.7468e-11
0.65,0.55,0.05 43.7695
0.65,0.55,0.1 182.206
0.65,0.55,0.15 288.834
0.65,0.55,0.2 660.658
0.65,0.55,0.25 207.61
0.65,0.55,0.3 9.347
0.65,0.6,0 1.89026e-11
0.65,0.6,0.05 37.5811
0.65,0.6,0.1 190.953
0.65,0.6,0.15 361.958
0.65,0.6,0.2 634.125
0.65,0.6,0.25 188.249
0.65,0.6,0.3 5.60325
0.65,0.65,0 8.30426e-13
0.65,0.65,0.05 35.1016
0.65,0.65,0.1 327.186
0.65,0.65,0.15 425.713
0.65,0.65,0.2 295.965
0.65,0.65,0.25 92.4753
0.65,0.65,0.3 1.11831
0.65,0.7,0 1.72209e-12
0.65,0.7,0.05 19.8678
0.65,0.7,0.1 259.101
0.65,0.7,0.15 607.618
0.65,0.7,0.2 196.854
0.65,0.7,0.25 10.1841
0.65,0.7,0.3 0.0648773
0.65,0.75,0 3.2965e-10
0.65,0.75,0.05 28.7158
0.65,0.75,0.1 295.435
0.65,0.75,0.15 462.238
0.65,0.75,0.2 80.3421
0.65,0.75,0.25 0.740178
0.65,0.8,0 7.41904e-10
0.65,0.8,0.05 74.0942
0.65,0.8,0.1 413.439
0.65,0.8,0.15 316.537
0.65,0.8,0.2 29.3527
0.65,0.8,0.25 0.000811893
0.65,0.85,0 1.7205e-10
0.65,0.85,0.05 77.9056
0.65,0.85,0.1 315.135
0.65,0.85,0.15 85.3666
0.65,0.85,0.2 0.911782
0.65,0.9,0 1.99767e-11
0.65,0.9,0.05 18.789
0.65,0.9,0.1 75.1345
0.65,0.9,0.15 18.7783
0.65,0.95,0 1.57188e-16
0.65,0.95,0.05 0.000184117
0.65,0.95,0.1 0.000736258
0.65,0.95,0.15 0.000184012
0.7,0.1,0.05 0.000121517
0.7,0.1,0.1 0.209798
0.7,0.1,0.15 4.24179
0.7,0.1,0.2 3.9484
0.7,0.1,0.25 0.150362
0.7,0.15,0 1.44708e-14
0.7,0.15,0.05 16.3672
0.7,0.15,0.1 99.1422
0.7,0.15,0.15 88.4531
0.7,0.15,0.2 49.8715
0.7,0.15,0.25 4.06627
0.7,0.15,0.3 0.943966
0.7,0.15,0.35 0.00378098
0.7,0.2,0 4.1016e-13
0.7,0.2,0.05 75.4038
0.7,0.2,0.1 462.681
0.7,0.2,0.15 211.571
0.7,0.2,0.2 40.9107
0.7,0.2,0.25 49.356
0.7,0.2,0.3 20.8081
0.7,0.2,0.35 0.0833451
0.7,0.25,0 4.58364e-13
0.7,0.25,0.05 70.8527
0.7,0.25,0.1 502.424
0.7,0.25,0.15 235.12
0.7,0.25,0.2 43.9317
0.7,0.25,0.25 58.8696
0.7,0.25,0.3 20.9675
0.7,0.25,0.35 0.345556
0.7,0.25,0.4 0.000888539
0.7,0.3,0 2.41489e-14
0.7,0.3,0.05 16.4756
0.7,0.3,0.1 139.786
0.7,0.3,0.15 147.822
0.7,0.3,0.2 161.585
0.7,0.3,0.25 51.436
0.7,0.3,0.3 6.40689
0.7,0.3,0.35 2.29867
0.7,0.3,0.4 0.00772013
0.7,0.35,0 6.04606e-10
0.7,0.35,0.05 46.8918
0.7,0.35,0.1 213.296
0.7,0.35,0.15 126.214
0.7,0.35,0.2 67.3565
0.7,0.35,0.25 13.2263
0.7,0.35,0.3 2.84094
0.7,0.35,0.35 1.18013
0.7,0.35,0.4 0.00396936
0.7,0.4,0 2.9518e-09
0.7,0.4,0.05 152.561
0.7,0.4,0.1 632.983
0.7,0.4,0.15 240.805
0.7,0.4,0.2 45.0111
0.7,0.4,0.25 0.658532
0.7,0.4,0.3 0.0232546
0.7,0.4,0.35 0.00970279
0.7,0.4,0.4 3.26351e-05
0.7,0.45,0 1.03388e-09
0.7,0.45,0.05 106.673
0.7,0.45,0.1 531.763
0.7,0.45,0.15 250.952
0.7,0.45,0.2 62.6014
0.7,0.45,0.25 14.0059
0.7,0.45,0.3 0.013653
0.7,0.5,0 3.09654e-10
0.7,0.5,0.05 108.207
0.7,0.5,0.1 545.053
0.7,0.5,0.15 389.781
0.7,0.5,0.2 300.643
0.7,0.5,0.25 56.0598
0.7,0.5,0.3 0.0326249
0.7,0.55,0 9.12892e-11
0.7,0.55,0.05 87.7007
0.7,0.55,0.1 423.724
0.7,0.55,0.15 446.28
0.7,0.55,0.2 542.68
0.7,0.55,0.25 80.7632
0.7,0.55,0.3 0.00551366
0.7,0.6,0 3.93614e-11
0.7,0.6,0.05 74.1065
0.7,0.6,0.1 338.299
0.7,0.6,0.15 306.809
0.7,0.6,0.2 465.7
0.7,0.6,0.25 70.747
0.7,0.6,0.3 0.0074123
0.7,0.65,0 1.6194e-12
0.7,0.65,0.05 30.4893
0.7,0.65,0.1 313.573
0.7,0.65,0.15 252.828
0.7,0.65,0.2 91.8438
0.7,0.65,0.25 9.77784
0.7,0.65,0.3 0.00864048
0.7,0.7,0 3.08274e-14
0.7,0.7,0.05 9.27319
0.7,0.7,0.1 130.798
0.7,0.7,0.15 371.24
0.7,0.7,0.2 323.011
0.7,0.7,0.25 24.6249
0.7,0.7,0.3 0.000518126
0.7,0.75,0 6.0956e-12
0.7,0.75,0.05 0.90365
0.7,0.75,0.1 70.6776
0.7,0.75,0.15 224.305
0.7,0.75,0.2 128.271
0.7,0.75,0.25 8.8657
0.7,0.8,0 2.01839e-09
0.7,0.8,0.05 11.6547
0.7,0.8,0.1 95.7294
0.7,0.8,0.15 113.936
0.7,0.8,0.2 12.5477
0.7,0.8,0.25 0.0118925
0.7,0.85,0 8.01202e-09
0.7,0.85,0.05 41.2917
0.7,0.85,0.1 166.419
0.7,0.85,0.15 44.3338
0.7,0.85,0.2 0.38609
0.7,0.9,0 2.00013e-09
0.7,0.9,0.05 10.3149
0.7,0.9,0.1 41.1903
0.7,0.9,0.15 10.2803
0.7,0.95,0 5.43256e-18
0.7,0.95,0.05 6.36324e-06
0.7,0.95,0.1 2.54457e-05
0.7,0.95,0.15 6.35962e-06
0.75,0.1,0.05 6.98939e-05
0.75,0.1,0.1 0.000412425
0.75,0.1,0.15 0.000150745
0.75,0.1,0.2 2.233e-07
0.75,0.15,0.05 9.39652
0.75,0.15,0.1 55.4463
0.75,0.15,0.15 20.2662
0.75,0.15,0.2 0.0300204
0.75,0.2,0.05 38.8314
0.75,0.2,0.1 233.695
0.75,0.2,0.15 87.2582
0.75,0.2,0.2 0.160203
0.75,0.25,0.05 22.7873
0.75,0.25,0.1 153.713
0.75,0.25,0.15 63.9535
0.75,0.25,0.2 0.245497
0.75,0.25,0.25 0.00735429
0.75,0.25,0.3 1.0746e-05
0.75,0.3,0.05 4.14174
0.75,0.3,0.1 28.9243
0.75,0.3,0.15 12.8279
0.75,0.3,0.2 0.351175
0.75,0.3,0.25 0.0332071
0.75,0.3,0.3 4.41717e-05
0.75,0.35,0 2.627e-10
0.75,0.35,0.05 54.1305
0.75,0.35,0.1 229.938
0.75,0.35,0.15 194.415
0.75,0.35,0.2 84.5444
0.75,0.35,0.25 1.17329
0.75,0.35,0.3 1.1348e-05
0.75,0.4,0 1.27856e-09
0.75,0.4,0.05 134.921
0.75,0.4,0.1 589.72
0.75,0.4,0.15 505.814
0.75,0.4,0.2 213.288
0.75,0.4,0.25 2.93084
0.75,0.4,0.3 8.27992e-12
0.75,0.45,0 4.01798e-10
0.75,0.45,0.05 39.8759
0.75,0.45,0.1 362.962
0.75,0.45,0.15 361.375
0.75,0.45,0.2 92.4398
0.75,0.45,0.25 2.77903
0.75,0.5,0 3.67597e-11
0.75,0.5,0.05 20.9701
0.75,0.5,0.1 324.371
0.75,0.5,0.15 639.82
0.75,0.5,0.2 325.008
0.75,0.5,0.25 14.1547
0.75,0.55,0 1.28847e-11
0.75,0.55,0.05 22.6539
0.75,0.55,0.1 264.644
0.75,0.55,0.15 489.358
0.75,0.55,0.2 242.074
0.75,0.55,0.25 18.3981
0.75,0.6,0 6.74582e-12
0.75,0.6,0.05 29.1037
0.75,0.6,0.1 134.761
0.75,0.6,0.15 116.429
0.75,0.6,0.2 125.216
0.75,0.6,0.25 16.1069
0.75,0.65,0 4.06947e-13
0.75,0.65,0.05 13.6168
0.75,0.65,0.1 68.029
0.75,0.65,0.15 51.7981
0.75,0.65,0.2 44.7984
0.75,0.65,0.25 4.17828
0.75,0.7,0 6.07228e-15
0.75,0.7,0.05 1.16116
0.75,0.7,0.1 11.3843
0.75,0.7,0.15 144.694
0.75,0.7,0.2 216.978
0.75,0.7,0.25 18.6684
0.75,0.75,0 2.65197e-11
0.75,0.75,0.05 0.116214
0.75,0.75,0.1 1.51796
0.75,0.75,0.15 51.0055
0.75,0.75,0.2 78.2753
0.75,0.75,0.25 6.73206
0.75,0.8,0 6.47176e-09
0.75,0.8,0.05 30.6464
0.75,0.8,0.1 122.544
0.75,0.8,0.15 30.9718
0.75,0.8,0.2 0.149505
0.75,0.8,0.25 0.00903203
0.75,0.85,0 2.26947e-08
0.75,0.85,0.05 108.816
0.75,0.85,0.1 434.496
0.75,0.85,0.15 108.441
0.75,0.85,0.2 0.00138655
0.75,0.9,0 5.3693e-09
0.75,0.9,0.05 25.8896
0.75,0.9,0.1 103.375
0.75,0.9,0.15 25.7978
0.8,0.05,0 1.96048e-11
0.8,0.05,0.05 1.15495
0.8,0.05,0.1 4.61623
0.8,0.05,0.15 1.15317
0.8,0.1,0 2.31151e-10
0.8,0.1,0.05 13.6174
0.8,0.1,0.1 54.4276
0.8,0.1,0.15 13.5964
0.8,0.1,0.2 2.67154e-09
0.8,0.15,0 1.50684e-10
0.8,0.15,0.05 8.98945
0.8,0.15,0.1 36.1441
0.8,0.15,0.15 9.10581
0.8,0.15,0.2 0.000359161
0.8,0.2,0 2.58221e-12
0.8,0.2,0.05 0.575759
0.8,0.2,0.1 3.10781
0.8,0.2,0.15 1.0656
0.8,0.2,0.2 0.00135366
0.8,0.25,0.05 0.0998464
0.8,0.25,0.1 0.589278
0.8,0.25,0.15 0.215432
0.8,0.25,0.2 0.000319875
0.8,0.3,0.05 0.0443036
0.8,0.3,0.1 0.187633
0.8,0.3,0.15 0.151765
0.8,0.3,0.2 0.0646959
0.8,0.3,0.25 0.000892113
0.8,0.35,0 1.87771e-12
0.8,0.35,0.05 6.29464
0.8,0.35,0.1 29.166
0.8,0.35,0.15 48.3138
0.8,0.35,0.2 25.3275
0.8,0.35,0.25 0.349251
0.8,0.4,0 2.60394e-11
0.8,0.4,0.05 17.3899
0.8,0.4,0.1 81.3935
0.8,0.4,0.15 125.065
0.8,0.4,0.2 63.7717
0.8,0.4,0.25 0.878232
0.8,0.45,0 2.4915e-11
0.8,0.45,0.05 8.31058
0.8,0.45,0.1 57.2748
0.8,0.45,0.15 64.6861
0.8,0.45,0.2 27.0955
0.8,0.45,0.25 0.881464
0.8,0.5,0 3.60464e-12
0.8,0.5,0.05 4.78688
0.8,0.5,0.1 51.8366
0.8,0.5,0.15 140.089
0.8,0.5,0.2 98.4143
0.8,0.5,0.25 4.35902
0.8,0.55,0 1.29552e-11
0.8,0.55,0.05 73.9938
0.8,0.55,0.1 321.908
0.8,0.55,0.15 153.416
0.8,0.55,0.2 39.497
0.8,0.55,0.25 1.61719
0.8,0.6,0 1.35796e-11
0.8,0.6,0.05 141.448
0.8,0.6,0.1 568
0.8,0.6,0.15 145.892
0.8,0.6,0.2 0.853733
0.8,0.6,0.25 0.0488071
0.8,0.65,0 1.51337e-12
0.8,0.65,0.05 76.9784
0.8,0.65,0.1 307.901
0.8,0.65,0.15 77.5772
0.8,0.65,0.2 0.951703
0.8,0.65,0.25 0.0828736
0.8,0.7,0 2.27173e-13
0.8,0.7,0.05 4.71673
0.8,0.7,0.1 18.9233
0.8,0.7,0.15 8.20631
0.8,0.7,0.2 5.41219
0.8,0.7,0.25 0.465798
0.8,0.75,0 2.78316e-10
0.8,0.75,0.05 1.40664
0.8,0.75,0.1 5.63849
0.8,0.75,0.15 2.66084
0.8,0.75,0.2 1.95171
0.8,0.75,0.25 0.167973
0.8,0.8,0 1.35993e-08
0.8,0.8,0.05 59.6748
0.8,0.8,0.1 238.268
0.8,0.8,0.15 59.4805
0.8,0.8,0.2 0.00988216
0.8,0.8,0.25 0.000230732
0.8,0.85,0 2.1173e-08
0.8,0.85,0.05 93.7068
0.8,0.85,0.1 374.191
0.8,0.85,0.15 93.6173
0.8,0.85,0.2 0.084479
0.8,0.85,0.25 6.2484e-05
0.8,0.9,0 2.16719e-09
0.8,0.9,0.05 9.81897
0.8,0.9,0.1 39.2349
0.8,0.9,0.15 9.94579
0.8,0.9,0.2 0.0545211
0.8,0.9,0.25 4.03259e-05
0.8,0.95,0.1 0.000501687
0.8,0.95,0.15 0.00270789
0.8,0.95,0.2 0.000909517
0.8,0.95,0.25 6.72714e-07
0.85,0.05,0 1.24806e-10
0.85,0.05,0.05 7.35247
0.85,0.05,0.1 29.3872
0.85,0.05,0.15 7.34114
0.85,0.1,0 1.47152e-09
0.85,0.1,0.05 86.6892
0.85,0.1,0.1 346.489
0.85,0.1,0.15 86.5556
0.85,0.15,0 9.59267e-10
0.85,0.15,0.05 56.5117
0.85,0.15,0.1 225.873
0.85,0.15,0.15 56.4246
0.85,0.2,0 1.64385e-11
0.85,0.2,0.05 0.968414
0.85,0.2,0.1 3.87067
0.85,0.2,0.15 0.966922
0.85,0.3,0.1 1.88691e-06
0.85,0.3,0.15 2.00436e-05
0.85,0.3,0.2 1.20863e-05
0.85,0.3,0.25 1.66663e-07
0.85,0.35,0 1.00829e-11
0.85,0.35,0.05 2.38036
0.85,0.35,0.1 9.51755
0.85,0.35,0.15 2.3859
0.85,0.35,0.2 0.00473164
0.85,0.35,0.25 6.52463e-05
0.85,0.4,0 2.61889e-10
0.85,0.4,0.05 61.8052
0.85,0.4,0.1 247.103
0.85,0.4,0.15 61.765
0.85,0.4,0.2 0.0118982
0.85,0.4,0.25 0.000164069
0.85,0.45,0 3.97758e-10
0.85,0.45,0.05 92.3285
0.85,0.45,0.1 369.134
0.85,0.45,0.15 92.2489
0.85,0.45,0.2 0.00956902
0.85,0.45,0.25 0.000380534
0.85,0.5,0 2.15974e-10
0.85,0.5,0.05 49.6833
0.85,0.5,0.1 198.639
0.85,0.5,0.15 49.6789
0.85,0.5,0.2 0.0451704
0.85,0.5,0.25 0.00207579
0.85,0.55,0 2.50876e-11
0.85,0.55,0.05 37.5337
0.85,0.55,0.1 150.105
0.85,0.55,0.15 37.5343
0.85,0.55,0.2 0.0163633
0.85,0.55,0.25 0.000751968
0.85,0.6,0 6.1264e-12
0.85,0.6,0.05 61.2836
0.85,0.6,0.1 245.105
0.85,0.6,0.15 61.2689
0.85,0.6,0.2 2.27084e-05
0.85,0.6,0.25 1.04355e-06
0.85,0.65,0 4.26584e-12
0.85,0.65,0.05 57.2783
0.85,0.65,0.1 229.088
0.85,0.65,0.15 57.2658
0.85,0.7,0 8.47068e-12
0.85,0.7,0.05 60.7193
0.85,0.7,0.1 242.84
0.85,0.7,0.15 60.7005
0.85,0.75,0 1.79695e-10
0.85,0.75,0.05 10.525
0.85,0.75,0.1 42.0858
0.85,0.75,0.15 10.5179
0.85,0.8,0 7.95205e-09
0.85,0.8,0.05 72.5733
0.85,0.8,0.1 292.036
0.85,0.8,0.15 83.6455
0.85,0.8,0.2 3.77588
0.85,0.8,0.25 0.00279279
0.85,0.85,0 1.09868e-08
0.85,0.85,0.05 89.5657
0.85,0.85,0.1 382.041
0.85,0.85,0.15 220.09
0.85,0.85,0.2 43.9148
0.85,0.85,0.25 0.0324811
0.85,0.9,0 8.06315e-10
0.85,0.9,0.05 5.64828
0.85,0.9,0.1 38.1958
0.85,0.9,0.15 90.0146
0.85,0.9,0.2 28.3418
0.85,0.9,0.25 0.0209627
0.85,0.95,0.1 0.260793
0.85,0.95,0.15 1.40765
0.85,0.95,0.2 0.472795
0.85,0.95,0.25 0.000349698
0.9,0.05,0 4.89436e-11
0.9,0.05,0.05 2.88334
0.9,0.05,0.1 11.5245
0.9,0.05,0.15 2.87889
0.9,0.1,0 5.77069e-10
0.9,0.1,0.05 33.9959
0.9,0.1,0.1 135.879
0.9,0.1,0.15 33.9435
0.9,0.15,0 3.76185e-10
0.9,0.15,0.05 22.1616
0.9,0.15,0.1 88.578
0.9,0.15,0.15 22.1274
0.9,0.2,0 6.4465e-12
0.9,0.2,0.05 0.379772
0.9,0.2,0.1 1.51792
0.9,0.2,0.15 0.379187
0.9,0.35,0 6.86001e-12
0.9,0.35,0.05 1.6195
0.9,0.35,0.1 6.47485
0.9,0.35,0.15 1.61793
0.9,0.4,0 1.80067e-10
0.9,0.4,0.05 42.4709
0.9,0.4,0.1 169.801
0.9,0.4,0.15 42.4296
0.9,0.45,0 4.11923e-10
0.9,0.45,0.05 94.3329
0.9,0.45,0.1 377.147
0.9,0.45,0.15 94.2404
0.9,0.5,0 3.83632e-10
0.9,0.5,0.05 85.6907
0.9,0.5,0.1 342.593
0.9,0.5,0.15 85.606
0.9,0.55,0 3.57798e-11
0.9,0.55,0.05 8.13557
0.9,0.55,0.1 32.5264
0.9,0.55,0.15 8.12763
0.9,0.6,0 4.9626e-14
0.9,0.6,0.05 0.390584
0.9,0.6,0.1 1.56212
0.9,0.6,0.15 0.390474
0.9,0.65,0 5.07433e-12
0.9,0.65,0.05 35.6869
0.9,0.65,0.1 142.725
0.9,0.65,0.15 35.6757
0.9,0.7,0 1.17393e-11
0.9,0.7,0.05 82.3675
0.9,0.7,0.1 329.418
0.9,0.7,0.15 82.3416
0.9,0.75,0 2.30819e-11
0.9,0.75,0.05 13.8493
0.9,0.75,0.1 55.3843
0.9,0.75,0.15 13.8429
0.9,0.8,0 6.31785e-10
0.9,0.8,0.05 61.7132
0.9,0.8,0.1 252.183
0.9,0.8,0.15 91.2401
0.9,0.8,0.2 9.94327
0.9,0.8,0.25 0.00735443
0.9,0.85,0 7.26178e-10
0.9,0.85,0.05 68.1559
0.9,0.85,0.1 336.241
0.9,0.85,0.15 412.375
0.9,0.85,0.2 115.644
0.9,0.85,0.25 0.0855347
0.9,0.9,0 4.0616e-11
0.9,0.9,0.05 3.52351
0.9,0.9,0.1 55.2532
0.9,0.9,0.15 225.727
0.9,0.9,0.2 74.6343
0.9,0.9,0.25 0.0552024
0.9,0.95,0.1 0.686763
0.9,0.95,0.15 3.70685
0.9,0.95,0.2 1.24504
0.9,0.95,0.25 0.000920883
0.95,0.05,0 1.15116e-13
0.95,0.05,0.05 0.00678165
0.95,0.05,0.1 0.0271057
0.95,0.05,0.15 0.0067712
0.95,0.1,0 1.35728e-12
0.95,0.1,0.05 0.079959
0.95,0.1,0.1 0.319589
0.95,0.1,0.15 0.0798357
0.95,0.15,0 8.84793e-13
0.95,0.15,0.05 0.0521244
0.95,0.15,0.1 0.208337
0.95,0.15,0.15 0.052044
0.95,0.2,0 1.51623e-14
0.95,0.2,0.05 0.000893231
0.95,0.2,0.1 0.00357017
0.95,0.2,0.15 0.000891854
0.95,0.35,0 1.3139e-13
0.95,0.35,0.05 0.0310183
0.95,0.35,0.1 0.124013
0.95,0.35,0.15 0.0309882
0.95,0.4,0 3.71503e-12
0.95,0.4,0.05 0.872821
0.95,0.4,0.1 3.48959
0.95,0.4,0.15 0.871972
0.95,0.45,0 2.78126e-11
0.95,0.45,0.05 6.25036
0.95,0.45,0.1 24.9891
0.95,0.45,0.15 6.24419
0.95,0.5,0 4.07435e-11
0.95,0.5,0.05 9.08967
0.95,0.5,0.1 36.3407
0.95,0.5,0.15 9.08068
0.95,0.55,0 3.87302e-12
0.95,0.55,0.05 0.863833
0.95,0.55,0.1 3.45362
0.95,0.55,0.15 0.862979
0.95,0.6,0 1.48447e-15
0.95,0.6,0.05 0.0104151
0.95,0.6,0.1 0.041654
0.95,0.6,0.15 0.0104119
0.95,0.65,0 3.7401e-13
0.95,0.65,0.05 2.62407
0.95,0.65,0.1 10.4946
0.95,0.65,0.15 2.62325
0.95,0.7,0 8.6566e-13
0.95,0.7,0.05 6.07352
0.95,0.7,0.1 24.2903
0.95,0.7,0.15 6.07161
0.95,0.75,0 1.75853e-12
0.95,0.75,0.05 1.04604
0.95,0.75,0.1 4.18317
0.95,0.75,0.15 1.04554
0.95,0.8,0 4.51572e-11
0.95,0.8,0.05 5.22184
0.95,0.8,0.1 21.7667
0.95,0.8,0.15 10.0309
0.95,0.8,0.2 1.61741
0.95,0.8,0.25 0.0011963
0.95,0.85,0 4.97777e-11
0.95,0.85,0.05 5.75614
0.95,0.85,0.1 33.3866
0.95,0.85,0.15 61.7551
0.95,0.85,0.2 18.8111
0.95,0.85,0.25 0.0139134
0.95,0.9,0 2.56326e-12
0.95,0.9,0.05 0.296408
0.95,0.9,0.1 7.88148
0.95,0.9,0.15 36.4413
0.95,0.9,0.2 12.1403
0.95,0.9,0.25 0.00897946
0.95,0.95,0.1 0.111712
0.95,0.95,0.15 0.602972
0.95,0.95,0.2 0.202524
0.95,0.95,0.25 0.000149795
