0.7,0.65,0.55 425.291
0.7,0.65,0.6 481.784
0.7,0.65,0.65 347.615
0.7,0.65,0.7 173.533
0.7,0.65,0.75 28.9396
0.7,0.65,0.8 0.00885964
0.7,0.7,0.1 0.00028819
0.7,0.7,0.15 0.0698895
0.7,0.7,0.2 3.74104
0.7,0.7,0.25 14.9857
0.7,0.7,0.3 107.626
0.7,0.7,0.35 275.116
0.7,0.7,0.4 171.498
0.7,0.7,0.45 408.02
0.7,0.7,0.5 427.092
0.7,0.7,0.55 313.704
0.7,0.7,0.6 665.366
0.7,0.7,0.65 467.324
0.7,0.7,0.7 360.513
0.7,0.7,0.75 55.1235
0.7,0.75,0.15 0.0295186
0.7,0.75,0.2 6.75475
0.7,0.75,0.25 20.767
0.7,0.75,0.3 56.2084
0.7,0.75,0.35 96.4912
0.7,0.75,0.4 197.356
0.7,0.75,0.45 162.839
0.7,0.75,0.5 357.437
0.7,0.75,0.55 473.459
0.7,0.75,0.6 497.643
0.7,0.75,0.65 118.877
0.7,0.75,0.7 47.323
0.7,0.75,0.75 6.32374
0.7,0.8,0.15 0.220898
0.7,0.8,0.2 49.2527
0.7,0.8,0.25 148.573
0.7,0.8,0.3 347.739
0.7,0.8,0.35 421.011
0.7,0.8,0.4 456.62
0.7,0.8,0.45 78.2682
0.7,0.8,0.5 48.2687
0.7,0.8,0.55 66.8021
0.7,0.8,0.6 56.6861
0.7,0.8,0.65 7.21751
0.7,0.8,0.7 0.0211805
0.7,0.85,0.15 0.100159
0.7,0.85,0.2 21.8416
0.7,0.85,0.25 65.9267
0.7,0.85,0.3 157.022
0.7,0.85,0.35 193.404
0.7,0.85,0.4 170.65
0.7,0.85,0.45 18.0453
0.7,0.85,0.5 0.0159624
0.7,0.9,0.15 0.00050077
0.7,0.9,0.2 0.0992561
0.7,0.9,0.25 0.306971
0.7,0.9,0.3 0.86059
0.7,0.9,0.35 1.81078
0.7,0.9,0.4 1.80887
0.7,0.9,0.45 0.124452
0.75,0.1,0.15 1.29973e-05
0.75,0.1,0.2 0.00827247
0.75,0.1,0.25 0.0224463
0.75,0.1,0.3 0.00377053
0.75,0.1,0.5 0.0129736
0.75,0.1,0.55 0.110355
0.75,0.1,0.6 0.0557524
0.75,0.1,0.65 0.000429808
0.75,0.15,0.15 0.0245282
0.75,0.15,0.2 15.612
0.75,0.15,0.25 42.5907
0.75,0.15,0.3 15.5752
0.75,0.15,0.35 13.0867
0.75,0.15,0.4 6.34058
0.75,0.15,0.45 4.3003
0.75,0.15,0.5 14.1629
0.75,0.15,0.55 124.205
0.75,0.15,0.6 98.7699
0.75,0.15,0.65 58.0266
0.75,0.15,0.7 5.68706
0.75,0.15,0.75 0.00084126
0.75,0.2,0.1 0.800785
0.75,0.2,0.15 18.4571
0.75,0.2,0.2 66.9344
0.75,0.2,0.25 187.318
0.75,0.2,0.3 249.01
0.75,0.2,0.35 238.402
0.75,0.2,0.4 252.883
0.75,0.2,0.45 202.369
0.75,0.2,0.5 99.5936
0.75,0.2,0.55 464.69
0.75,0.2,0.6 426.946
0.75,0.2,0.65 322.852
0.75,0.2,0.7 49.5194
0.75,0.2,0.75 3.55829
0.75,0.25,0.1 10.7086
0.75,0.25,0.15 247.525
0.75,0.25,0.2 297.519
0.75,0.25,0.25 368.005
0.75,0.25,0.3 764.36
0.75,0.25,0.35 860.479
0.75,0.25,0.4 779.126
0.75,0.25,0.45 581.207
0.75,0.25,0.5 242.599
0.75,0.25,0.55 306.487
0.75,0.25,0.6 316.313
0.75,0.25,0.65 347.633
0.75,0.25,0.7 108.071
0.75,0.25,0.75 16.9188
0.75,0.25,0.8 0.0288306
0.75,0.3,0.1 7.89435
0.75,0.3,0.15 202.704
0.75,0.3,0.2 365.339
0.75,0.3,0.25 637.822
0.75,0.3,0.3 536.202
0.75,0.3,0.35 603.012
0.75,0.3,0.4 773.554
0.75,0.3,0.45 655.53
0.75,0.3,0.5 325.522
0.75,0.3,0.55 358.713
0.75,0.3,0.6 425.843
0.75,0.3,0.65 320.344
0.75,0.3,0.7 265.062
0.75,0.3,0.75 116.385
0.75,0.3,0.8 1.75982
0.75,0.35,0.05 0.00559575
0.75,0.35,0.1 5.74387
0.75,0.35,0.15 253.51
0.75,0.35,0.2 527.484
0.75,0.35,0.25 805.894
0.75,0.35,0.3 690.442
0.75,0.35,0.35 326.091
0.75,0.35,0.4 451.504
0.75,0.35,0.45 274.709
0.75,0.35,0.5 232.094
0.75,0.35,0.55 448.923
0.75,0.35,0.6 488.903
0.75,0.35,0.65 410.586
0.75,0.35,0.7 388.339
0.75,0.35,0.75 205.352
0.75,0.35,0.8 4.1399
0.75,0.4,0.05 0.148134
0.75,0.4,0.1 10.8173
0.75,0.4,0.15 251.622
0.75,0.4,0.2 412.222
0.75,0.4,0.25 394.172
0.75,0.4,0.3 601.583
0.75,0.4,0.35 587.562
0.75,0.4,0.4 590.767
0.75,0.4,0.45 211.305
0.75,0.4,0.5 208.074
0.75,0.4,0.55 307.636
0.75,0.4,0.6 433.872
0.75,0.4,0.65 410.388
0.75,0.4,0.7 393.603
0.75,0.4,0.75 211.482
0.75,0.4,0.8 2.75462
0.75,0.45,0.05 0.72616
0.75,0.45,0.1 77.6935
0.75,0.45,0.15 379.348
0.75,0.45,0.2 347.103
0.75,0.45,0.25 299.418
0.75,0.45,0.3 639.668
0.75,0.45,0.35 484.107
0.75,0.45,0.4 368.107
0.75,0.45,0.45 271.387
0.75,0.45,0.5 264.652
0.75,0.45,0.55 209.533
0.75,0.45,0.6 418.574
0.75,0.45,0.65 516.244
0.75,0.45,0.7 288.938
0.75,0.45,0.75 81.1081
0.75,0.45,0.8 0.393245
0.75,0.5,0.05 9.86074
0.75,0.5,0.1 178.008
0.75,0.5,0.15 553.205
0.75,0.5,0.2 623.715
0.75,0.5,0.25 506.122
0.75,0.5,0.3 519.018
0.75,0.5,0.35 653.007
0.75,0.5,0.4 548.968
0.75,0.5,0.45 510.905
0.75,0.5,0.5 459.792
0.75,0.5,0.55 621.699
0.75,0.5,0.6 535.976
0.75,0.5,0.65 332.484
0.75,0.5,0.7 618.172
0.75,0.5,0.75 169.457
0.75,0.5,0.8 1.26004
0.75,0.55,0.05 14.5207
0.75,0.55,0.1 116.147
0.75,0.55,0.15 236.78
0.75,0.55,0.2 452.235
0.75,0.55,0.25 560.572
0.75,0.55,0.3 457.751
0.75,0.55,0.35 629.842
0.75,0.55,0.4 355.461
0.75,0.55,0.45 386.283
0.75,0.55,0.5 418.273
0.75,0.55,0.55 822.677
0.75,0.55,0.6 456.446
0.75,0.55,0.65 306.51
0.75,0.55,0.7 518.378
0.75,0.55,0.75 303.057
0.75,0.55,0.8 11.8938
0.75,0.6,0.05 5.45582
0.75,0.6,0.1 63.1223
0.75,0.6,0.15 212.967
0.75,0.6,0.2 180.101
0.75,0.6,0.25 614.511
0.75,0.6,0.3 869.357
0.75,0.6,0.35 512.231
0.75,0.6,0.4 179.929
0.75,0.6,0.45 234.291
0.75,0.6,0.5 362.045
0.75,0.6,0.55 558.014
0.75,0.6,0.6 407.661
0.75,0.6,0.65 388.612
0.75,0.6,0.7 242.855
0.75,0.6,0.75 145.357
0.75,0.6,0.8 6.58774
0.75,0.65,0.05 6.4494
0.75,0.65,0.1 38.2395
0.75,0.65,0.15 31.8441
0.75,0.65,0.2 21.3012
0.75,0.65,0.25 329.815
0.75,0.65,0.3 793.573
0.75,0.65,0.35 488.012
0.75,0.65,0.4 142.383
0.75,0.65,0.45 269.091
0.75,0.65,0.5 286.489
0.75,0.65,0.55 303.164
0.75,0.65,0.6 264.741
0.75,0.65,0.65 272.68
0.75,0.65,0.7 217.793
0.75,0.65,0.75 42.633
0.75,0.65,0.8 0.0699515
0.75,0.7,0.05 0.553031
0.75,0.7,0.1 2.98967
0.75,0.7,0.15 1.00569
0.75,0.7,0.2 0.269598
0.75,0.7,0.25 19.3665
0.75,0.7,0.3 117.393
0.75,0.7,0.35 217.91
0.75,0.7,0.4 358.978
0.75,0.7,0.45 631.296
0.75,0.7,0.5 247.833
0.75,0.7,0.55 303.652
0.75,0.7,0.6 643.987
0.75,0.7,0.65 329.663
0.75,0.7,0.7 331.097
0.75,0.7,0.75 77.0942
0.75,0.75,0.15 0.163588
0.75,0.75,0.2 22.8159
0.75,0.75,0.25 48.7092
0.75,0.75,0.3 56.6143
0.75,0.75,0.35 324.29
0.75,0.75,0.4 682.949
0.75,0.75,0.45 432.632
0.75,0.75,0.5 226.463
0.75,0.75,0.55 277.802
0.75,0.75,0.6 495.364
0.75,0.75,0.65 193.947
0.75,0.75,0.7 37.3289
0.75,0.75,0.75 8.48567
0.75,0.8,0.15 1.24402
0.75,0.8,0.2 173.419
0.75,0.8,0.25 370.07
0.75,0.8,0.3 246.66
0.75,0.8,0.35 574.049
0.75,0.8,0.4 746.465
0.75,0.8,0.45 141.826
0.75,0.8,0.5 29.4798
0.75,0.8,0.55 31.6446
0.75,0.8,0.6 38.6505
0.75,0.8,0.65 13.457
0.75,0.8,0.7 0.0874585
0.75,0.85,0.15 0.571571
0.75,0.85,0.2 79.6459
0.75,0.85,0.25 169.915
0.75,0.85,0.3 104.042
0.75,0.85,0.35 167.211
0.75,0.85,0.4 195.056
0.75,0.85,0.45 23.6872
0.75,0.9,0.15 0.00301
0.75,0.9,0.2 0.418804
0.75,0.9,0.25 0.89276
0.75,0.9,0.3 0.573995
0.75,0.9,0.35 1.55511
0.75,0.9,0.4 1.73603
0.75,0.9,0.45 0.119586
0.8,0.05,0.35 0.0225325
0.8,0.05,0.4 2.59794
0.8,0.05,0.45 4.97792
0.8,0.05,0.5 0.562598
0.8,0.1,0.15 7.53777e-09
0.8,0.1,0.2 4.79761e-06
0.8,0.1,0.25 1.30177e-05
0.8,0.1,0.3 2.18671e-06
0.8,0.1,0.35 0.235911
0.8,0.1,0.4 27.2
0.8,0.1,0.45 52.1178
0.8,0.1,0.5 5.89029
0.8,0.1,0.55 2.93238e-06
0.8,0.1,0.6 1.48147e-06
0.8,0.1,0.65 1.1421e-08
0.8,0.15,0.15 1.42251e-05
0.8,0.15,0.2 0.0101705
0.8,0.15,0.25 0.505677
0.8,0.15,0.3 1.25539
0.8,0.15,0.35 0.405249
0.8,0.15,0.4 18.5806
0.8,0.15,0.45 34.4317
0.8,0.15,0.5 9.57584
0.8,0.15,0.55 49.9345
0.8,0.15,0.6 34.6358
0.8,0.15,0.65 11.8504
0.8,0.15,0.7 0.947149
0.8,0.2,0.1 0.146606
0.8,0.2,0.15 3.3653
0.8,0.2,0.2 3.82299
0.8,0.2,0.25 61.479
0.8,0.2,0.3 132.993
0.8,0.2,0.35 56.0509
0.8,0.2,0.4 204.434
0.8,0.2,0.45 256.786
0.8,0.2,0.5 195.974
0.8,0.2,0.55 292.57
0.8,0.2,0.6 296.501
0.8,0.2,0.65 255.908
0.8,0.2,0.7 20.3287
0.8,0.25,0.1 1.96051
0.8,0.25,0.15 55.4662
0.8,0.25,0.2 112.813
0.8,0.25,0.25 231.124
0.8,0.25,0.3 375.33
0.8,0.25,0.35 356.522
0.8,0.25,0.4 638.429
0.8,0.25,0.45 566.804
0.8,0.25,0.5 524.435
0.8,0.25,0.55 528.084
0.8,0.25,0.6 358.984
0.8,0.25,0.65 286.728
0.8,0.25,0.7 34.8671
0.8,0.25,0.75 6.02275
0.8,0.25,0.8 0.02376
0.8,0.3,0.1 1.57498
0.8,0.3,0.15 117.69
0.8,0.3,0.2 501.062
0.8,0.3,0.25 577.506
0.8,0.3,0.3 412.6
0.8,0.3,0.35 519.645
0.8,0.3,0.4 683.022
0.8,0.3,0.45 431.506
0.8,0.3,0.5 514.897
0.8,0.3,0.55 676.37
0.8,0.3,0.6 744.378
0.8,0.3,0.65 283.158
0.8,0.3,0.7 247.599
0.8,0.3,0.75 104.023
0.8,0.3,0.8 0.410789
0.8,0.35,0.1 2.00337
0.8,0.35,0.15 168.213
0.8,0.35,0.2 541.642
0.8,0.35,0.25 828.733
0.8,0.35,0.3 721.711
0.8,0.35,0.35 507.734
0.8,0.35,0.4 589.777
0.8,0.35,0.45 575.451
0.8,0.35,0.5 453.2
0.8,0.35,0.55 705.976
0.8,0.35,0.6 629.314
0.8,0.35,0.65 369.137
0.8,0.35,0.7 273.374
0.8,0.35,0.75 116.137
0.8,0.35,0.8 0.679703
0.8,0.4,0.05 1.535e-06
0.8,0.4,0.1 3.26255
0.8,0.4,0.15 121.023
0.8,0.4,0.2 294.111
0.8,0.4,0.25 425.743
0.8,0.4,0.3 504.015
0.8,0.4,0.35 499.1
0.8,0.4,0.4 459.381
0.8,0.4,0.45 432.6
0.8,0.4,0.5 443.312
0.8,0.4,0.55 441.068
0.8,0.4,0.6 350.238
0.8,0.4,0.65 261.617
0.8,0.4,0.7 159.774
0.8,0.4,0.75 77.8502
0.8,0.4,0.8 0.908086
0.8,0.4,0.85 0.77667
0.8,0.4,0.9 1.13236
0.8,0.4,0.95 0.0895063
0.8,0.45,0.05 0.00253414
0.8,0.45,0.1 26.4712
0.8,0.45,0.15 345.599
0.8,0.45,0.2 368.692
0.8,0.45,0.25 240.778
0.8,0.45,0.3 357.578
0.8,0.45,0.35 355.225
0.8,0.45,0.4 653.858
0.8,0.45,0.45 458.873
0.8,0.45,0.5 389.208
0.8,0.45,0.55 294.164
0.8,0.45,0.6 324.357
0.8,0.45,0.65 443.958
0.8,0.45,0.7 144.792
0.8,0.45,0.75 31.4478
0.8,0.45,0.8 0.292254
0.8,0.45,0.85 7.47071
0.8,0.45,0.9 10.892
0.8,0.45,0.95 0.860953
0.8,0.5,0.05 0.0077006
0.8,0.5,0.1 25.1554
0.8,0.5,0.15 269.625
0.8,0.5,0.2 574.741
0.8,0.5,0.25 548.642
0.8,0.5,0.3 292.124
0.8,0.5,0.35 346.176
0.8,0.5,0.4 574.431
0.8,0.5,0.45 407.407
0.8,0.5,0.5 400.191
0.8,0.5,0.55 509.516
0.8,0.5,0.6 360.982
0.8,0.5,0.65 173.724
0.8,0.5,0.7 191.906
0.8,0.5,0.75 59.2328
0.8,0.5,0.8 0.678727
0.8,0.5,0.85 4.17025
0.8,0.5,0.9 6.08008
0.8,0.5,0.95 0.480595
0.8,0.55,0.05 0.645782
0.8,0.55,0.1 5.54493
0.8,0.55,0.15 78.397
0.8,0.55,0.2 429.256
0.8,0.55,0.25 478.309
0.8,0.55,0.3 441.863
0.8,0.55,0.35 610.78
0.8,0.55,0.4 507.978
0.8,0.55,0.45 692.604
0.8,0.55,0.5 706.205
0.8,0.55,0.55 704.449
0.8,0.55,0.6 292.018
0.8,0.55,0.65 243.139
0.8,0.55,0.7 205.888
0.8,0.55,0.75 129.088
0.8,0.55,0.8 5.64448
0.8,0.55,0.85 0.0453913
0.8,0.55,0.9 0.0661789
0.8,0.55,0.95 0.00523106
0.8,0.6,0.05 38.4176
0.8,0.6,0.1 208.378
0.8,0.6,0.15 102.321
0.8,0.6,0.2 138.849
0.8,0.6,0.25 366.616
0.8,0.6,0.3 745.465
0.8,0.6,0.35 528.053
0.8,0.6,0.4 527.232
0.8,0.6,0.45 587.8
0.8,0.6,0.5 610.657
0.8,0.6,0.55 706.375
0.8,0.6,0.6 368.926
0.8,0.6,0.65 507.107
0.8,0.6,0.7 201.33
0.8,0.6,0.75 67.6189
0.8,0.6,0.8 3.12594
0.8,0.65,0.05 59.4136
0.8,0.65,0.1 321.725
0.8,0.65,0.15 111.488
0.8,0.65,0.2 23.0645
0.8,0.65,0.25 216.775
0.8,0.65,0.3 790.305
0.8,0.65,0.35 564.463
0.8,0.65,0.4 318.515
0.8,0.65,0.45 442.064
0.8,0.65,0.5 652.61
0.8,0.65,0.55 786.033
0.8,0.65,0.6 295.269
0.8,0.65,0.65 316.633
0.8,0.65,0.7 96.9983
0.8,0.65,0.75 4.2085
0.8,0.65,0.8 0.0331926
0.8,0.7,0.05 5.10648
0.8,0.7,0.1 28.7225
0.8,0.7,0.15 11.4208
0.8,0.7,0.2 0.631136
0.8,0.7,0.25 24.862
0.8,0.7,0.3 147.336
0.8,0.7,0.35 188.007
0.8,0.7,0.4 312.753
0.8,0.7,0.45 621.903
0.8,0.7,0.5 599.227
0.8,0.7,0.55 701.478
0.8,0.7,0.6 343.687
0.8,0.7,0.65 63.3898
0.8,0.7,0.7 32.1288
0.8,0.7,0.75 6.54327
0.8,0.75,0.05 0.00178528
0.8,0.75,0.1 0.172501
0.8,0.75,0.15 0.383044
0.8,0.75,0.2 15.7843
0.8,0.75,0.25 53.6663
0.8,0.75,0.3 78.0607
0.8,0.75,0.35 340.862
0.8,0.75,0.4 366.178
0.8,0.75,0.45 356.201
0.8,0.75,0.5 134.194
0.8,0.75,0.55 223.47
0.8,0.75,0.6 226.397
0.8,0.75,0.65 46.4622
0.8,0.75,0.7 3.33538
0.8,0.75,0.75 0.71989
0.8,0.8,0.15 0.526214
0.8,0.8,0.2 115.439
0.8,0.8,0.25 376.419
0.8,0.8,0.3 123.601
0.8,0.8,0.35 227.739
0.8,0.8,0.4 167.746
0.8,0.8,0.45 26.5746
0.8,0.8,0.5 2.41534
0.8,0.8,0.55 4.60948
0.8,0.8,0.6 8.84948
0.8,0.8,0.65 3.27847
0.8,0.8,0.7 0.0225707
0.8,0.85,0.15 0.241771
0.8,0.85,0.2 51.4392
0.8,0.85,0.25 164.264
0.8,0.85,0.3 42.3828
0.8,0.85,0.35 13.6153
0.8,0.85,0.4 15.1353
0.8,0.85,0.45 1.88807
0.8,0.85,0.5 0.86949
0.8,0.85,0.55 3.07424
0.8,0.85,0.6 0.685326
0.8,0.9,0.15 0.00127321
0.8,0.9,0.2 0.239614
0.8,0.9,0.25 0.696289
0.8,0.9,0.3 0.162782
0.8,0.9,0.35 0.0555265
0.8,0.9,0.4 0.0746341
0.8,0.9,0.45 0.0133434
0.8,0.9,0.5 0.220174
0.8,0.9,0.55 0.782214
0.8,0.9,0.6 0.174375
0.8,0.95,0.45 2.16692e-12
0.8,0.95,0.5 4.357e-08
0.8,0.95,0.55 1.55449e-07
0.8,0.95,0.6 3.46535e-08
0.85,0.05,0.35 0.141225
0.85,0.05,0.4 16.2828
0.85,0.05,0.45 31.1995
0.85,0.05,0.5 3.52613
0.85,0.1,0.35 1.47859
0.85,0.1,0.4 170.478
0.85,0.1,0.45 326.653
0.85,0.1,0.5 36.9179
0.85,0.15,0.2 0.00461619
0.85,0.15,0.25 2.52862
0.85,0.15,0.3 6.71296
0.85,0.15,0.35 1.98632
0.85,0.15,0.4 101.735
0.85,0.15,0.45 194.974
0.85,0.15,0.5 22.2279
0.85,0.15,0.55 0.716158
0.85,0.15,0.6 1.97882
0.85,0.15,0.65 2.36243
