0.746053,0.005,0.143952
0.438718,0.005,0.0944321
0.741244,0.005,0.128668
0.462789,0.005,0.0971322
0.757849,0.005,0.177442
0.431536,0.005,0.269636
0.449459,0.005,0.0537675
0.452519,0.005,0.115152
0.511726,0.005,0.296488
0.588531,0.005,0.295029
0.76749,0.005,0.118022
0.41535,0.005,0.262855
0.499654,0.005,0.161929
0.43618,0.005,0.164804
0.401774,0.005,0.262806
0.394294,0.005,0.165514
0.541838,0.005,0.0981263
0.411965,0.005,0.105969
0.717445,0.005,0.0885761
0.516071,0.005,0.0680637
0.46204,0.005,0.0499969
0.417221,0.005,0.208423
0.739333,0.005,0.0946481
0.511053,0.005,0.108747
0.408696,0.005,0.135988
0.549857,0.005,0.313805
0.621909,0.005,0.0843582
0.627481,0.005,0.14302
0.424032,0.005,0.137086
0.509076,0.005,0.188562
0.53119,0.005,0.18478
0.513435,0.005,0.291899
0.490914,0.005,0.0499672
0.464052,0.005,0.275511
0.37073,0.005,0.178085
0.637631,0.005,0.0742932
0.620784,0.005,0.12032
0.639158,0.005,0.0739144
0.504637,0.005,0.0936112
0.590764,0.005,0.260561
0.420715,0.005,0.130692
0.624724,0.005,0.111335
0.60043,0.005,0.252974
0.528787,0.005,0.299496
0.787235,0.005,0.153747
0.745515,0.005,0.091841
0.605123,0.005,0.252735
0.416568,0.005,0.157736
0.631466,0.005,0.0517664
0.519382,0.005,0.232069
0.519023,0.005,0.060994
0.779804,0.005,0.108066
0.424676,0.005,0.0834681
0.769254,0.005,0.0739402
0.567758,0.005,0.10843
0.754933,0.005,0.118112
0.632734,0.005,0.162944
0.726218,0.005,0.0596744
0.435659,0.005,0.125089
0.504082,0.005,0.294864
0.668033,0.005,0.0742619
0.566231,0.005,0.265199
0.764045,0.005,0.0751587
0.708465,0.005,0.141042
0.770362,0.005,0.203735
0.590091,0.005,0.232087
0.479117,0.005,0.238514
0.518915,0.005,0.184585
0.549277,0.005,0.292821
0.624,0.005,0.117772
0.525495,0.005,0.0827221
0.787893,0.005,0.135719
0.53043,0.005,0.0921084
0.769609,0.005,0.156292
0.496185,0.005,0.149224
0.491031,0.005,0.168646
0.550002,0.005,0.257329
0.426438,0.005,0.104098
0.557453,0.005,0.129441
0.772661,0.005,0.148293
0.608275,0.005,0.23633
0.601642,0.005,0.24128
0.513934,0.005,0.311901
0.736814,0.005,0.114628
0.512514,0.005,0.0499975
0.583638,0.005,0.291108
0.581039,0.005,0.299513
0.632472,0.005,0.16178
0.634029,0.005,0.0867378
0.431148,0.005,0.114337
0.436872,0.005,0.0715634
0.396612,0.005,0.243357
0.629858,0.005,0.152856
0.55894,0.005,0.135685
0.729808,0.005,0.145745
0.484132,0.005,0.128545
0.553374,0.005,0.0884863
0.468587,0.005,0.155736
0.725911,0.005,0.0901974
0.723494,0.005,0.130784
0.515275,0.005,0.0763553
0.50531,0.005,0.139754
0.772768,0.005,0.150394
0.407988,0.005,0.180386
0.495228,0.005,0.210937
0.77394,0.005,0.192658
0.563705,0.005,0.0499871
0.766834,0.005,0.175768
0.387589,0.005,0.155318
0.546947,0.005,0.146901
0.544655,0.005,0.127715
0.568046,0.005,0.0684998
0.431488,0.005,0.189407
0.519142,0.005,0.138704
0.495478,0.005,0.12364
0.438524,0.005,0.124727
0.516176,0.005,0.21354
0.503945,0.005,0.295184
0.605736,0.005,0.0776298
0.564407,0.005,0.0499999
0.7328,0.005,0.0669674
0.554568,0.005,0.259405
0.511162,0.005,0.174572
0.463765,0.005,0.13671
0.672024,0.005,0.100427
0.477806,0.005,0.149816
0.663254,0.005,0.134588
0.739109,0.005,0.121142
0.707674,0.005,0.102265
0.606382,0.005,0.262483
0.441611,0.005,0.226905
0.744933,0.005,0.118445
0.453211,0.005,0.111712
0.541278,0.005,0.218342
0.464509,0.005,0.270182
0.455131,0.005,0.197724
0.468175,0.005,0.114665
0.589031,0.005,0.260256
0.585094,0.005,0.240443
0.574802,0.005,0.294468
0.727573,0.005,0.135582
0.711309,0.005,0.132732
0.782351,0.005,0.120056
0.595289,0.005,0.283538
0.633035,0.005,0.259818
0.391683,0.005,0.137111
0.406225,0.005,0.271484
0.488537,0.005,0.212657
0.629167,0.005,0.0739285
0.461048,0.005,0.23259
0.472532,0.005,0.216894
0.552777,0.005,0.118017
0.570081,0.005,0.30622
0.542256,0.005,0.107691
0.613856,0.005,0.0722682
0.540868,0.005,0.0653134
0.733426,0.005,0.104763
0.41409,0.005,0.262627
0.436565,0.005,0.189239
0.56589,0.005,0.0628978
0.571447,0.005,0.22223
0.412058,0.005,0.0793972
0.765128,0.005,0.132426
0.579751,0.005,0.257174
0.752556,0.005,0.182521
0.504892,0.005,0.159887
0.781793,0.005,0.182354
0.453296,0.005,0.178125
0.462534,0.005,0.235664
0.519024,0.005,0.209614
0.506769,0.005,0.279115
0.593258,0.005,0.294783
0.398638,0.005,0.215019
0.718781,0.005,0.102467
0.377746,0.005,0.15783
0.470118,0.005,0.156351
0.58136,0.005,0.230218
0.694939,0.005,0.119697
0.390412,0.005,0.213973
0.56432,0.005,0.23807
0.606659,0.005,0.117489
0.599624,0.005,0.283284
0.761622,0.005,0.131221
0.520341,0.005,0.0499916
0.570065,0.005,0.220789
0.742234,0.005,0.0750992
0.756662,0.005,0.0830302
0.647428,0.005,0.0636238
0.551572,0.005,0.0499695
0.575284,0.005,0.273035
0.475335,0.005,0.161515
0.541572,0.005,0.237631
0.543095,0.005,0.240091
0.435803,0.005,0.200314
0.664316,0.005,0.131541
0.428313,0.005,0.273312
0.387195,0.005,0.14332
0.452433,0.005,0.068155
0.424983,0.005,0.191343
0.414062,0.005,0.151889
0.67311,0.005,0.068392
0.431767,0.005,0.141286
0.400267,0.005,0.12245
0.443387,0.005,0.284319
0.558855,0.005,0.163678
0.452612,0.005,0.273947
0.567842,0.005,0.239883
0.437859,0.005,0.119933
0.574151,0.005,0.0659286
0.533541,0.005,0.0759408
0.525103,0.005,0.136248
0.619302,0.005,0.12302
0.588606,0.005,0.097307
0.532478,0.005,0.25683
0.5233,0.005,0.179808
0.536028,0.005,0.132105
0.512313,0.005,0.199637
0.657557,0.005,0.0889014
0.409651,0.005,0.141884
0.748249,0.005,0.167824
0.751602,0.005,0.168317
0.61092,0.005,0.143545
0.524843,0.005,0.115693
0.394226,0.005,0.125638
0.431886,0.005,0.185711
0.426956,0.005,0.143877
0.621701,0.005,0.247444
0.648446,0.005,0.131642
0.503885,0.005,0.0824518
0.590475,0.005,0.272322
0.71427,0.005,0.0646766
0.451541,0.005,0.099065
0.717341,0.005,0.0668103
0.631509,0.005,0.0728763
0.503076,0.005,0.0897836
0.62365,0.005,0.154156
0.500972,0.005,0.182036
0.406387,0.005,0.271791
0.471223,0.005,0.116185
0.5082,0.005,0.172854
0.548635,0.005,0.140762
0.562581,0.005,0.0499875
0.552748,0.005,0.226342
0.501601,0.005,0.0830285
0.536963,0.005,0.184985
0.732528,0.005,0.108938
0.667838,0.005,0.0561435
0.777947,0.005,0.175936
0.70279,0.005,0.0590185
0.401839,0.005,0.197816
0.611408,0.005,0.25844
0.457268,0.005,0.151766
0.627687,0.005,0.081133
0.662839,0.005,0.0989449
0.571127,0.005,0.254366
0.619685,0.005,0.119981
0.421339,0.005,0.252944
0.507108,0.005,0.284928
0.542765,0.005,0.265303
0.439529,0.005,0.293118
0.432899,0.005,0.163821
0.403016,0.005,0.161449
0.556969,0.005,0.0499994
0.414389,0.005,0.118815
0.502903,0.005,0.176758
0.556433,0.005,0.156263
0.381717,0.005,0.229474
0.639481,0.005,0.0745403
0.396937,0.005,0.104331
0.477006,0.005,0.217877
0.655155,0.005,0.134756
0.522678,0.005,0.156186
0.438295,0.005,0.145978
0.741586,0.005,0.1333
0.557242,0.005,0.0863614
0.595513,0.005,0.282182
0.71368,0.005,0.0674054
0.548336,0.005,0.113871
0.511569,0.005,0.0499879
0.555668,0.005,0.194524
0.722779,0.005,0.139215
0.760718,0.005,0.205657
0.462395,0.005,0.234984
0.486271,0.005,0.148642
0.372922,0.005,0.147605
0.426028,0.005,0.122385
0.775504,0.005,0.0764088
0.502997,0.005,0.098746
0.51332,0.005,0.116097
0.436689,0.005,0.272404
0.524932,0.005,0.130171
0.520483,0.005,0.0716853
0.745156,0.005,0.194629
0.511262,0.005,0.115413
0.7749,0.005,0.0694157
0.422314,0.005,0.136134
0.441786,0.005,0.0544697
0.449565,0.005,0.0571842
0.553275,0.005,0.189543
0.751141,0.005,0.164966
0.504303,0.005,0.109928
0.557986,0.005,0.113549
0.430942,0.005,0.281225
0.397615,0.005,0.167421
0.511359,0.005,0.0954787
0.462816,0.005,0.173295
0.535144,0.005,0.137523
0.547763,0.005,0.276153
0.430432,0.005,0.083367
0.693061,0.005,0.0980277
0.753206,0.005,0.154255
0.578752,0.005,0.235151
0.733806,0.005,0.0774597
0.546903,0.005,0.175189
0.736321,0.005,0.180788
0.728239,0.005,0.174502
0.419915,0.005,0.0674599
0.623368,0.005,0.152287
0.498145,0.005,0.0826505
0.576909,0.005,0.300152
0.450102,0.005,0.126151
0.387811,0.005,0.127248
0.582209,0.005,0.259789
0.511059,0.005,0.287517
0.527029,0.005,0.224803
0.606981,0.005,0.12192
0.422646,0.005,0.208033
0.444463,0.005,0.143768
0.655611,0.005,0.114569
0.518833,0.005,0.18704
0.625783,0.005,0.247203
0.634424,0.005,0.134603
0.392716,0.005,0.184151
0.74083,0.005,0.0536298
0.74057,0.005,0.192502
0.704969,0.005,0.0694212
0.693086,0.005,0.102718
0.483417,0.005,0.2458
0.6121,0.005,0.274881
0.734474,0.005,0.100692
0.484998,0.005,0.103889
0.510337,0.005,0.145245
0.521896,0.005,0.0499558
0.739141,0.005,0.178065
0.609582,0.005,0.101757
0.444761,0.005,0.229057
0.416086,0.005,0.126324
0.417552,0.005,0.263805
0.563861,0.005,0.24633
0.572683,0.005,0.10286
0.519564,0.005,0.139038
0.506893,0.005,0.167534
0.759608,0.005,0.111832
0.674469,0.005,0.131688
0.397444,0.005,0.167495
0.466778,0.005,0.224973
0.491731,0.005,0.0499893
0.596068,0.005,0.232328
0.456736,0.005,0.271908
0.759556,0.005,0.141878
0.722029,0.005,0.0756103
0.563932,0.005,0.144555
0.557464,0.005,0.267472
0.440892,0.005,0.156775
0.422405,0.005,0.108056
0.648924,0.005,0.161842
0.554315,0.005,0.0691585
0.523491,0.005,0.177566
0.393049,0.005,0.183474
0.485412,0.005,0.0499958
0.401242,0.005,0.238676
0.520125,0.005,0.0691022
0.554443,0.005,0.0994852
0.747047,0.005,0.0692877
0.551907,0.005,0.0916609
0.705105,0.005,0.134745
0.632498,0.005,0.256322
0.732768,0.005,0.0777646
0.715383,0.005,0.0499999
0.448093,0.005,0.243634
0.424194,0.005,0.182097
0.413371,0.005,0.167529
0.416037,0.005,0.22285
0.399526,0.005,0.132587
0.401038,0.005,0.209471
0.447006,0.005,0.157538
0.414391,0.005,0.229199
0.477727,0.005,0.0499976
0.76382,0.005,0.0965571
0.55737,0.005,0.204753
0.396027,0.005,0.249726
0.396509,0.005,0.155004
0.468382,0.005,0.206037
0.570196,0.005,0.157578
0.640279,0.005,0.164582
0.7472,0.005,0.192516
0.530035,0.005,0.282138
0.567848,0.005,0.0499953
0.781567,0.005,0.13855
0.387635,0.005,0.197452
0.46151,0.005,0.173459
0.605763,0.005,0.103768
0.713511,0.005,0.0540714
0.611929,0.005,0.0660714
0.701321,0.005,0.0526902
0.634427,0.005,0.0568251
0.409444,0.005,0.224954
0.423073,0.005,0.11503
0.443149,0.005,0.161251
0.608835,0.005,0.241625
0.5609,0.005,0.194505
0.535845,0.005,0.0975801
0.556465,0.005,0.145206
0.782774,0.005,0.119983
0.50161,0.005,0.227075
0.391316,0.005,0.153027
0.61152,0.005,0.0824095
0.653864,0.005,0.139686
0.427339,0.005,0.222963
0.491563,0.005,0.166929
0.767664,0.005,0.197863
0.638611,0.005,0.0747767
0.50917,0.005,0.049992
0.433184,0.005,0.0604706
0.732835,0.005,0.0585142
0.575161,0.005,0.301875
0.567601,0.005,0.0618779
0.635442,0.005,0.143208
0.468254,0.005,0.243189
0.422439,0.005,0.199018
0.414795,0.005,0.104607
0.396567,0.005,0.186702
0.381108,0.005,0.147094
0.446365,0.005,0.164881
0.412543,0.005,0.172999
0.782136,0.005,0.128739
0.668245,0.005,0.128608
0.787941,0.005,0.127512
0.447221,0.005,0.151273
0.549326,0.005,0.104583
0.421331,0.005,0.170167
0.549105,0.005,0.216536
0.396544,0.005,0.162189
0.573878,0.005,0.0659568
0.415766,0.005,0.214578
0.518395,0.005,0.066032
0.615877,0.005,0.124165
0.604444,0.005,0.109785
0.488583,0.005,0.0499874
0.567678,0.005,0.16835
0.56949,0.005,0.277406
0.373893,0.005,0.160695
0.714615,0.005,0.0783963
0.468222,0.005,0.111611
0.527349,0.005,0.107456
0.489577,0.005,0.128632
0.514708,0.005,0.0617283
0.473637,0.005,0.110209
0.531832,0.005,0.288442
0.665554,0.005,0.0917385
0.420689,0.005,0.240825
0.492046,0.005,0.152144
0.44398,0.005,0.107628
0.403761,0.005,0.248478
0.635396,0.005,0.144175
0.754535,0.005,0.145469
0.53406,0.005,0.133338
0.513666,0.005,0.110699
0.500587,0.005,0.124706
0.569381,0.005,0.133083
0.554222,0.005,0.271759
0.420996,0.005,0.178105
0.530034,0.005,0.240852
0.633013,0.005,0.130479
0.439548,0.005,0.0728414
0.473197,0.005,0.191261
0.389585,0.005,0.107558
0.425417,0.005,0.117874
0.583229,0.005,0.226462
0.449409,0.005,0.0499999
0.516482,0.005,0.260614
0.53688,0.005,0.234947
0.52238,0.005,0.0725501
0.401872,0.005,0.175606
0.497608,0.005,0.161691
0.474086,0.005,0.103734
0.564006,0.005,0.0820473
0.741311,0.005,0.0897747
0.504648,0.005,0.297617
0.476962,0.005,0.158297
0.631107,0.005,0.0951212
0.51038,0.005,0.158227
0.522857,0.005,0.124866
0.539254,0.005,0.0499798
0.40208,0.005,0.102397
0.635771,0.005,0.15101
0.453465,0.005,0.27043
0.503676,0.005,0.22762
0.700969,0.005,0.12234
0.446921,0.005,0.252319
0.536147,0.005,0.0811624
0.427958,0.005,0.126948
0.55122,0.005,0.137474
0.599683,0.005,0.266385
0.505787,0.005,0.218779
0.468181,0.005,0.179403
0.729556,0.005,0.189087
0.44938,0.005,0.277134
0.528105,0.005,0.0894774
0.605142,0.005,0.120513
0.604101,0.005,0.0638084
0.375967,0.005,0.196061
0.73741,0.005,0.0548689
0.469468,0.005,0.121881
0.531644,0.005,0.133338
0.452775,0.005,0.104222
0.520645,0.005,0.123358
0.442964,0.005,0.161482
0.500833,0.005,0.0687551
0.51917,0.005,0.0499217
0.430484,0.005,0.237163
0.452522,0.005,0.237953
0.617924,0.005,0.147313
0.534621,0.005,0.167094
0.439459,0.005,0.255638
0.514691,0.005,0.0953765
0.411372,0.005,0.152776
0.381787,0.005,0.189076
0.45999,0.005,0.193817
0.549362,0.005,0.0649311
0.417027,0.005,0.124077
0.61594,0.005,0.0958953
0.463851,0.005,0.0965645
0.455708,0.005,0.243184
0.735494,0.005,0.15273
0.510465,0.005,0.0626397
0.527005,0.005,0.242261
0.483742,0.005,0.170161
0.58309,0.005,0.263901
0.533476,0.005,0.146011
0.457388,0.005,0.14384
0.476159,0.005,0.0578416
0.682846,0.005,0.118114
0.705122,0.005,0.0617453
0.668505,0.005,0.0818877
0.572804,0.005,0.121783
0.435836,0.005,0.101334
0.424807,0.005,0.0735845
0.473874,0.005,0.12573
0.573702,0.005,0.0499693
0.50211,0.005,0.223532
0.526049,0.005,0.105093
0.506717,0.005,0.063995
0.579261,0.005,0.298734
0.379281,0.005,0.15828
0.501443,0.005,0.237177
0.456541,0.005,0.0809758
0.472392,0.005,0.303501
0.650509,0.005,0.136866
0.497009,0.005,0.07812
0.435641,0.005,0.222434
0.495924,0.005,0.0499661
0.560821,0.005,0.0996337
0.43255,0.005,0.211834
0.703024,0.005,0.0573849
0.566494,0.005,0.262578
0.569405,0.005,0.138534
0.487877,0.005,0.0646794
0.661017,0.005,0.0557865
0.459561,0.005,0.212907
0.603693,0.005,0.0552809
0.563766,0.005,0.262259
0.76683,0.005,0.103674
0.400691,0.005,0.180036
0.783019,0.005,0.0891305
0.436468,0.005,0.17924
0.470079,0.005,0.157168
0.466053,0.005,0.236963
0.418443,0.005,0.106029
0.777285,0.005,0.195632
0.43263,0.005,0.122508
0.749828,0.005,0.162202
0.636305,0.005,0.155757
0.419668,0.005,0.124533
0.513594,0.005,0.0574865
0.671553,0.005,0.0597236
0.52471,0.005,0.205046
0.480324,0.005,0.247498
0.580982,0.005,0.0900689
0.618923,0.005,0.141784
0.706367,0.005,0.101542
0.580434,0.005,0.0651596
0.539614,0.005,0.0778783
0.507674,0.005,0.203476
0.596055,0.005,0.080074
0.712784,0.005,0.123295
0.489215,0.005,0.135811
0.430095,0.005,0.261299
0.442847,0.005,0.124511
0.518046,0.005,0.263074
0.382094,0.005,0.143953
0.604126,0.005,0.0935809
0.750029,0.005,0.165396
0.494064,0.005,0.0499783
0.663815,0.005,0.0499948
0.574086,0.005,0.282643
0.469899,0.005,0.0576959
0.76259,0.005,0.216048
0.428137,0.005,0.203911
0.426797,0.005,0.0896141
0.655727,0.005,0.0911572
0.663182,0.005,0.0919256
0.441432,0.005,0.161187
0.505323,0.005,0.0702498
0.545538,0.005,0.220829
0.771562,0.005,0.10986
0.502275,0.005,0.228647
0.42982,0.005,0.0994384
0.633821,0.005,0.0901509
0.51373,0.005,0.288625
0.513583,0.005,0.296592
0.549469,0.005,0.232868
0.416055,0.005,0.223263
0.387992,0.005,0.235462
0.432505,0.005,0.208519
0.461678,0.005,0.0794466
0.597452,0.005,0.0730935
0.56118,0.005,0.181135
0.525139,0.005,0.225872
0.627039,0.005,0.123901
0.42039,0.005,0.0752031
0.387571,0.005,0.229168
0.624177,0.005,0.152453
0.564592,0.005,0.154992
0.789501,0.005,0.14061
0.575721,0.005,0.117894
0.433455,0.005,0.199048
0.554244,0.005,0.138492
0.443004,0.005,0.24362
0.402138,0.005,0.109341
0.47075,0.005,0.149337
0.455878,0.005,0.258873
0.392017,0.005,0.225988
0.53745,0.005,0.0672332
0.595367,0.005,0.271904
0.552091,0.005,0.0499874
0.57266,0.005,0.297271
0.4515,0.005,0.154227
0.5638,0.005,0.132104
0.558142,0.005,0.104031
0.576905,0.005,0.296448
0.446768,0.005,0.0860061
0.572796,0.005,0.126016
0.726701,0.005,0.137101
0.468124,0.005,0.154674
0.595365,0.005,0.103143
0.741277,0.005,0.130159
0.506583,0.005,0.126
0.730879,0.005,0.17221
0.688661,0.005,0.100869
0.575762,0.005,0.0630151
0.462069,0.005,0.105651
0.717192,0.005,0.162421
0.606669,0.005,0.235358
0.526435,0.005,0.109948
0.428459,0.005,0.180071
0.583181,0.005,0.258166
0.741487,0.005,0.129518
0.386371,0.005,0.164209
0.766146,0.005,0.112283
0.430987,0.005,0.218769
0.438401,0.005,0.119798
0.71522,0.005,0.145857
0.713194,0.005,0.138647
0.544959,0.005,0.0752127
0.535099,0.005,0.287643
0.549212,0.005,0.177704
0.601717,0.005,0.0757485
0.507981,0.005,0.20231
0.691395,0.005,0.0690709
0.432611,0.005,0.154383
0.60568,0.005,0.105828
0.514193,0.005,0.261497
0.424325,0.005,0.251803
0.525319,0.005,0.223784
0.393929,0.005,0.143261
0.442116,0.005,0.271828
0.550901,0.005,0.221144
0.533139,0.005,0.227023
0.635388,0.005,0.155462
0.433708,0.005,0.232892
0.487661,0.005,0.134073
0.564745,0.005,0.126034
0.473648,0.005,0.149362
0.675091,0.005,0.0934874
0.740041,0.005,0.0599487
0.420136,0.005,0.142936
0.439871,0.005,0.184278
0.602617,0.005,0.257227
0.625149,0.005,0.141191
0.584023,0.005,0.230952
0.477481,0.005,0.248464
0.432942,0.005,0.127694
0.711703,0.005,0.0950448
0.37064,0.005,0.184024
0.416147,0.005,0.0914571
0.742677,0.005,0.156728
0.666443,0.005,0.0755158
0.383762,0.005,0.191438
0.669503,0.005,0.117406
0.375493,0.005,0.149049
0.563167,0.005,0.306064
0.567944,0.005,0.215977
0.525311,0.005,0.0499986
0.565559,0.005,0.161131
0.585135,0.005,0.060057
0.500577,0.005,0.0821722
0.410875,0.005,0.0808864
0.4702,0.005,0.252358
0.532448,0.005,0.179679
0.555483,0.005,0.049996
0.532013,0.005,0.0499581
0.76621,0.005,0.0782641
0.466229,0.005,0.154106
0.523341,0.005,0.0783627
0.546808,0.005,0.195685
0.768607,0.005,0.185593
0.439264,0.005,0.0558265
0.394806,0.005,0.230982
0.497771,0.005,0.137013
0.766145,0.005,0.194391
0.67349,0.005,0.0643516
0.745965,0.005,0.157281
0.400373,0.005,0.228185
0.484158,0.005,0.0612708
0.549908,0.005,0.240258
0.65783,0.005,0.0562786
0.411317,0.005,0.21667
0.771053,0.005,0.129675
0.651971,0.005,0.0903806
0.546758,0.005,0.10319
0.46999,0.005,0.147321
0.780565,0.005,0.148307
0.709103,0.005,0.1085
0.616098,0.005,0.143758
0.655946,0.005,0.0567013
0.591248,0.005,0.079449
0.522666,0.005,0.0499768
0.443237,0.005,0.165439
0.522919,0.005,0.263405
0.379194,0.005,0.223557
0.506036,0.005,0.142572
0.693459,0.005,0.119129
0.66045,0.005,0.135736
0.534323,0.005,0.304277
0.386238,0.005,0.134077
0.505438,0.005,0.152648
0.494765,0.005,0.212174
0.523189,0.005,0.0639341
0.45894,0.005,0.27063
0.445172,0.005,0.299724
0.749816,0.005,0.199323
0.560652,0.005,0.259334
0.493115,0.005,0.182973
0.448291,0.005,0.262715
0.501012,0.005,0.0782929
0.577024,0.005,0.0959934
0.438662,0.005,0.274124
0.770091,0.005,0.0844041
0.441426,0.005,0.263981
0.509695,0.005,0.0607362
0.40228,0.005,0.243149
0.492562,0.005,0.108118
0.399279,0.005,0.182888
0.410257,0.005,0.121618
0.770924,0.005,0.203649
0.553198,0.005,0.134681
0.715867,0.005,0.148991
0.453034,0.005,0.106731
0.484362,0.005,0.106237
0.650359,0.005,0.12792
0.519658,0.005,0.298515
0.583878,0.005,0.232396
0.398393,0.005,0.213119
0.556206,0.005,0.0567052
0.476123,0.005,0.170384
0.405978,0.005,0.247735
0.715226,0.005,0.0657799
0.392764,0.005,0.21071
0.65881,0.005,0.0881608
0.472538,0.005,0.19333
0.562788,0.005,0.215086
0.560445,0.005,0.300019
0.732747,0.005,0.189441
0.50225,0.005,0.0842123
0.376667,0.005,0.184793
0.739986,0.005,0.186578
0.524208,0.005,0.110077
0.404175,0.005,0.1705
0.508981,0.005,0.110324
0.381596,0.005,0.183951
0.45933,0.005,0.269584
0.448739,0.005,0.125321
0.70334,0.005,0.126937
0.59255,0.005,0.246409
0.433564,0.005,0.140677
0.626012,0.005,0.132841
0.469869,0.005,0.0943131
0.408981,0.005,0.135954
0.527581,0.005,0.286394
0.413724,0.005,0.114887
0.443326,0.005,0.253302
0.518508,0.005,0.098074
0.729932,0.005,0.111274
0.576777,0.005,0.105004
0.70004,0.005,0.0885477
0.512383,0.005,0.101519
0.588701,0.005,0.245796
0.665244,0.005,0.0592992
0.72698,0.005,0.100891
0.553541,0.005,0.146313
0.626768,0.005,0.144795
0.761213,0.005,0.0940029
0.672869,0.005,0.074369
0.478883,0.005,0.121347
0.551156,0.005,0.241069
0.514309,0.005,0.269212
0.422931,0.005,0.272653
0.550753,0.005,0.292618
0.533678,0.005,0.173496
0.555827,0.005,0.269794
0.561848,0.005,0.164743
0.519112,0.005,0.088693
0.66739,0.005,0.0716612
0.61219,0.005,0.25468
0.439738,0.005,0.0610364
0.464939,0.005,0.22967
0.518939,0.005,0.0831743
0.727582,0.005,0.0934923
0.419216,0.005,0.0756602
0.741968,0.005,0.073518
0.479568,0.005,0.198541
0.640955,0.005,0.143747
0.620901,0.005,0.153848
0.499308,0.005,0.124018
0.713767,0.005,0.0741138
0.643629,0.005,0.160424
0.695008,0.005,0.0499864
0.731762,0.005,0.169419
0.572291,0.005,0.222415
0.746571,0.005,0.0989006
0.434523,0.005,0.250185
0.418602,0.005,0.106991
0.382994,0.005,0.147049
0.575246,0.005,0.0594162
0.500965,0.005,0.199367
0.441707,0.005,0.252731
0.408636,0.005,0.263529
0.712244,0.005,0.0877531
0.506475,0.005,0.232489
0.745215,0.005,0.0916459
0.727035,0.005,0.148605
0.657239,0.005,0.0636558
0.717423,0.005,0.151613
0.607196,0.005,0.27445
0.754511,0.005,0.0642286
0.453054,0.005,0.265328
0.670987,0.005,0.134393
0.412915,0.005,0.117567
0.447065,0.005,0.222288
0.504091,0.005,0.125415
0.725949,0.005,0.129796
0.48271,0.005,0.154763
0.724791,0.005,0.126387
0.430353,0.005,0.268329
0.539143,0.005,0.203355
0.602634,0.005,0.252478
0.491504,0.005,0.152409
0.476039,0.005,0.204124
0.454014,0.005,0.0839073
0.515009,0.005,0.211098
0.429233,0.005,0.269684
0.417587,0.005,0.216292
0.654583,0.005,0.0573082
0.521335,0.005,0.263305
0.563641,0.005,0.181903
0.419499,0.005,0.14921
0.506464,0.005,0.0699902
0.461798,0.005,0.274738
0.407703,0.005,0.190946
0.547142,0.005,0.299688
0.442183,0.005,0.169811
0.488975,0.005,0.157751
0.619561,0.005,0.0599651
0.793297,0.005,0.10626
0.469969,0.005,0.0840611
0.527452,0.005,0.103215
0.520619,0.005,0.303418
0.44586,0.005,0.29145
0.598817,0.005,0.121713
0.711084,0.005,0.108884
0.735504,0.005,0.152865
0.616024,0.005,0.25406
0.716905,0.005,0.050002
0.402858,0.005,0.229806
0.633245,0.005,0.0935868
0.654831,0.005,0.0760551
0.408198,0.005,0.201909
0.517336,0.005,0.0857137
0.508745,0.005,0.134543
0.468791,0.005,0.067431
0.717308,0.005,0.142019
0.416456,0.005,0.2554
0.456374,0.005,0.10742
0.413938,0.005,0.0782679
0.382128,0.005,0.221444
0.706405,0.005,0.0828116
0.5172,0.005,0.229634
0.454075,0.005,0.183345
0.697425,0.005,0.135381
0.702929,0.005,0.0996056
0.426177,0.005,0.209368
0.52601,0.005,0.135302
0.563833,0.005,0.250452
0.48,0.005,0.0499895
0.460615,0.005,0.253332
0.718791,0.005,0.0591272
0.466668,0.005,0.206488
0.395206,0.005,0.257781
0.621181,0.005,0.252481
0.567338,0.005,0.0783427
0.568852,0.005,0.175708
0.421774,0.005,0.0814355
0.791644,0.005,0.128869
0.544791,0.005,0.121755
0.446207,0.005,0.177408
0.696384,0.005,0.121697
0.488333,0.005,0.121449
0.563496,0.005,0.182197
0.404705,0.005,0.20167
0.584925,0.005,0.0499908
0.717145,0.005,0.131574
0.402652,0.005,0.181103
0.784259,0.005,0.147304
0.547283,0.005,0.0813986
0.539938,0.005,0.049987
0.611757,0.005,0.136475
0.422227,0.005,0.249118
0.399471,0.005,0.156484
0.609716,0.005,0.13836
0.786796,0.005,0.151156
0.518884,0.005,0.306757
0.727268,0.005,0.180245
0.521339,0.005,0.241419
0.546034,0.005,0.228114
0.77948,0.005,0.157882
0.391032,0.005,0.172637
0.578435,0.005,0.109507
0.606637,0.005,0.115053
0.443635,0.005,0.0813713
0.446268,0.005,0.128471
0.405741,0.005,0.263592
0.398002,0.005,0.258916
0.499272,0.005,0.0499994
0.447464,0.005,0.250602
0.415906,0.005,0.123925
0.637557,0.005,0.0613968
0.454338,0.005,0.162811
0.589046,0.005,0.243515
0.537931,0.005,0.171632
0.440926,0.005,0.19723
0.607518,0.005,0.252161
0.575037,0.005,0.259678
0.50046,0.005,0.19561
0.69951,0.005,0.0796856
0.460972,0.005,0.22067
0.39902,0.005,0.13866
0.522981,0.005,0.0741663
0.601761,0.005,0.272653
0.599442,0.005,0.236759
0.742497,0.005,0.175802
0.524399,0.005,0.190963
0.515183,0.005,0.289291
0.485681,0.005,0.160114
0.47875,0.005,0.0499995
0.78339,0.005,0.176185
0.44717,0.005,0.218075
0.409762,0.005,0.109152
0.493264,0.005,0.162692
0.49402,0.005,0.14354
0.434118,0.005,0.222593
0.724496,0.005,0.143374
0.480322,0.005,0.103894
0.415299,0.005,0.211346
0.502329,0.005,0.16984
0.623447,0.005,0.0788516
0.682853,0.005,0.0499733
0.653551,0.005,0.0501903
0.423422,0.005,0.20886
0.533154,0.005,0.0795283
0.479964,0.005,0.216427
0.384071,0.005,0.112755
0.545392,0.005,0.305148
0.67413,0.005,0.0499896
0.595969,0.005,0.232889
0.511879,0.005,0.0499661
0.721254,0.005,0.067133
0.472986,0.005,0.241519
0.756388,0.005,0.209689
0.532442,0.005,0.31339
0.432564,0.005,0.197925
0.724423,0.005,0.140552
0.768451,0.005,0.172211
0.43652,0.005,0.114321
0.372465,0.005,0.189868
0.514459,0.005,0.0808004
0.423352,0.005,0.277967
0.7776,0.005,0.188891
0.41723,0.005,0.267244
0.534751,0.005,0.302209
0.529498,0.005,0.104547
0.670843,0.005,0.111212
0.775256,0.005,0.140355
0.566757,0.005,0.0941193
0.461353,0.005,0.141996
0.566099,0.005,0.292687
0.479374,0.005,0.241315
0.503037,0.005,0.167401
0.52593,0.005,0.133062
0.526704,0.005,0.307956
0.52523,0.005,0.0499828
0.578635,0.005,0.0889417
0.442281,0.005,0.0650991
0.370586,0.005,0.158998
0.422314,0.005,0.216862
0.517616,0.005,0.265717
0.426214,0.005,0.259782
0.773228,0.005,0.141397
0.437105,0.005,0.203932
0.751492,0.005,0.0806748
0.421735,0.005,0.131278
0.433343,0.005,0.238611
0.552914,0.005,0.22005
0.384369,0.005,0.155273
0.778395,0.005,0.135269
0.427249,0.005,0.241536
0.588208,0.005,0.0636603
0.419121,0.005,0.0841348
0.465568,0.005,0.120615
0.533838,0.005,0.306238
0.570193,0.005,0.166123
0.487363,0.005,0.190678
0.476229,0.005,0.222375
0.407519,0.005,0.168574
0.412012,0.005,0.251987
0.655378,0.005,0.0910321
0.591902,0.005,0.0575408
0.658847,0.005,0.0754628
0.519485,0.005,0.206416
0.439598,0.005,0.115628
0.781731,0.005,0.184375
0.760733,0.005,0.0935241
0.511032,0.005,0.181727
0.535013,0.005,0.276256
0.482321,0.005,0.0499896
0.484904,0.005,0.0597992
0.424382,0.005,0.266098
0.574657,0.005,0.239382
0.51345,0.005,0.315693
0.500461,0.005,0.0499997
0.74126,0.005,0.183437
0.543512,0.005,0.0990122
0.469175,0.005,0.105505
0.535758,0.005,0.0641346
0.433966,0.005,0.131366
0.560716,0.005,0.263185
0.431612,0.005,0.21322
0.513672,0.005,0.177554
0.559936,0.005,0.175545
0.716743,0.005,0.0686442
0.407658,0.005,0.0873484
0.553609,0.005,0.172159
0.539671,0.005,0.0499278
0.665025,0.005,0.102844
0.49235,0.005,0.173906
0.532356,0.005,0.226932
0.735887,0.005,0.164962
0.520613,0.005,0.237103
0.439821,0.005,0.155659
0.425191,0.005,0.245619
0.488172,0.005,0.125746
0.644968,0.005,0.0874988
0.742693,0.005,0.133951
0.635524,0.005,0.138647
0.520599,0.005,0.167207
0.645805,0.005,0.146115
0.552885,0.005,0.257839
0.633318,0.005,0.0715313
0.457386,0.005,0.15292
0.743658,0.005,0.151208
0.516722,0.005,0.285302
0.765068,0.005,0.142563
0.530579,0.005,0.267153
0.443075,0.005,0.20636
0.511233,0.005,0.274105
0.772687,0.005,0.179936
0.602723,0.005,0.282779
0.526912,0.005,0.049946
0.514955,0.005,0.149881
0.42656,0.005,0.144615
0.506843,0.005,0.27895
0.429145,0.005,0.27192
0.500823,0.005,0.108598
0.723575,0.005,0.0700625
0.378122,0.005,0.142984
0.44081,0.005,0.111548
0.563921,0.005,0.188308
0.389862,0.005,0.215616
0.587208,0.005,0.230636
0.764339,0.005,0.0945092
0.697133,0.005,0.146026
0.754084,0.005,0.198129
0.518139,0.005,0.146218
0.529469,0.005,0.291773
0.789206,0.005,0.128665
0.560383,0.005,0.126722
0.78432,0.005,0.15287
0.528615,0.005,0.19954
0.772072,0.005,0.109449
0.397156,0.005,0.208598
0.393577,0.005,0.213261
0.693042,0.005,0.113365
0.499267,0.005,0.169018
0.407665,0.005,0.215902
0.538873,0.005,0.159335
0.666521,0.005,0.078699
0.725808,0.005,0.142737
0.542022,0.005,0.0499523
0.636512,0.005,0.113611
0.444119,0.005,0.101974
0.639007,0.005,0.144432
0.464238,0.005,0.265967
0.475149,0.005,0.0609211
0.417987,0.005,0.184903
0.384468,0.005,0.173185
0.582487,0.005,0.062656
0.553437,0.005,0.198808
0.526037,0.005,0.114866
0.574189,0.005,0.282813
0.766849,0.005,0.115691
0.780952,0.005,0.0927085
0.67406,0.005,0.0580827
0.534238,0.005,0.313868
0.674063,0.005,0.07149
0.45995,0.005,0.0597885
0.729235,0.005,0.160427
0.406878,0.005,0.171385
0.523419,0.005,0.306528
0.631555,0.005,0.0812612
0.575921,0.005,0.0854085
0.396087,0.005,0.172813
0.707897,0.005,0.144224
0.431976,0.005,0.124221
0.735295,0.005,0.166918
0.567008,0.005,0.308854
0.460808,0.005,0.0575223
0.79291,0.005,0.118733
0.447289,0.005,0.203129
0.445039,0.005,0.122351
0.56231,0.005,0.0583847
0.625617,0.005,0.135713
0.50925,0.005,0.108198
0.565345,0.005,0.178401
0.524374,0.005,0.249652
0.399043,0.005,0.196201
0.583031,0.005,0.115061
0.474653,0.005,0.124066
0.520845,0.005,0.284871
0.695468,0.005,0.0799827
0.537001,0.005,0.114125
0.416469,0.005,0.22038
0.705637,0.005,0.138968
0.574003,0.005,0.246171
0.47802,0.005,0.157125
0.491194,0.005,0.0897762
0.563183,0.005,0.10196
0.639407,0.005,0.0779174
0.742563,0.005,0.187127
0.4599,0.005,0.253402
0.748777,0.005,0.0618553
0.40316,0.005,0.253042
0.472701,0.005,0.05
0.480764,0.005,0.231525
0.512388,0.005,0.18771
0.436929,0.005,0.232532
0.502134,0.005,0.202364
0.5197,0.005,0.0564449
0.434425,0.005,0.142506
0.631894,0.005,0.10046
0.61605,0.005,0.0569509
0.54912,0.005,0.164367
0.710486,0.005,0.12419
0.6802,0.005,0.0499913
0.447049,0.005,0.193978
0.395021,0.005,0.143427
0.476206,0.005,0.236297
0.551877,0.005,0.311432
0.412344,0.005,0.137496
0.394571,0.005,0.109552
0.423576,0.005,0.251717
0.486414,0.005,0.145246
0.636148,0.005,0.154291
0.630589,0.005,0.114995
0.516786,0.005,0.0622866
0.557542,0.005,0.217974
0.532258,0.005,0.246363
0.508262,0.005,0.23288
0.419262,0.005,0.0970118
0.744081,0.005,0.166936
0.511742,0.005,0.166233
0.576898,0.005,0.284997
0.404231,0.005,0.164327
0.395116,0.005,0.204091
0.55084,0.005,0.0618988
0.765937,0.005,0.0639152
0.477201,0.005,0.144436
0.513341,0.005,0.208808
0.516489,0.005,0.0826579
0.64434,0.005,0.129363
0.742955,0.005,0.124498
0.522955,0.005,0.0594474
0.541051,0.005,0.0977742
0.552639,0.005,0.233086
0.512019,0.005,0.132478
0.45278,0.005,0.0519389
0.596268,0.005,0.252161
0.609289,0.005,0.240873
0.518277,0.005,0.124964
0.462937,0.005,0.234061
0.466501,0.005,0.301144
0.725156,0.005,0.0670294
0.515052,0.005,0.0840695
0.456108,0.005,0.251394
0.657627,0.005,0.088949
0.528986,0.005,0.0727594
0.691511,0.005,0.0826772
0.552926,0.005,0.101742
0.464072,0.005,0.199406
0.498569,0.005,0.0499329
0.614927,0.005,0.116616
