0.615517,0.005,0.227929
0.436769,0.005,0.0963843
0.619061,0.005,0.209244
0.460654,0.005,0.0995714
0.612465,0.005,0.261775
0.427788,0.005,0.2714
0.448035,0.005,0.0559044
0.450107,0.005,0.117683
0.467616,0.005,0.293691
0.53875,0.005,0.320352
0.645376,0.005,0.212039
0.41174,0.005,0.264305
0.496869,0.005,0.165662
0.433264,0.005,0.166886
0.398031,0.005,0.264256
0.391472,0.005,0.167106
0.538925,0.005,0.102185
0.409836,0.005,0.107482
0.631199,0.005,0.15952
0.514144,0.005,0.0722827
0.461039,0.005,0.0551911
0.413951,0.005,0.210319
0.637167,0.005,0.17408
0.508566,0.005,0.112416
0.406132,0.005,0.137655
0.495105,0.005,0.323528
0.599773,0.005,0.117352
0.56606,0.005,0.20149
0.42135,0.005,0.139068
0.502887,0.005,0.191869
0.525854,0.005,0.192863
0.471814,0.005,0.290639
0.490914,0.005,0.049967
0.460851,0.005,0.277625
0.367677,0.005,0.179285
0.616374,0.005,0.103419
0.573601,0.005,0.155783
0.614846,0.005,0.104375
0.502288,0.005,0.0969225
0.553208,0.005,0.290059
0.418164,0.005,0.13256
0.578383,0.005,0.154058
0.56571,0.005,0.286375
0.482351,0.005,0.301688
0.647225,0.005,0.252083
0.641478,0.005,0.175586
0.5697,0.005,0.288708
0.413695,0.005,0.159644
0.624933,0.005,0.0697372
0.499598,0.005,0.236271
0.517231,0.005,0.0650673
0.660868,0.005,0.206898
0.423264,0.005,0.0850013
0.670426,0.005,0.18062
0.564993,0.005,0.112245
0.634549,0.005,0.205851
0.552236,0.005,0.219279
0.66438,0.005,0.138144
0.433169,0.005,0.127198
0.462634,0.005,0.289929
0.623391,0.005,0.106448
0.530137,0.005,0.284242
0.665863,0.005,0.175635
0.590165,0.005,0.208793
0.609691,0.005,0.292105
0.563469,0.005,0.263293
0.475261,0.005,0.24065
0.513903,0.005,0.190349
0.503872,0.005,0.303899
0.570808,0.005,0.157507
0.523369,0.005,0.0865158
0.65614,0.005,0.237327
0.527636,0.005,0.0960127
0.63083,0.005,0.247876
0.493265,0.005,0.152399
0.487903,0.005,0.171534
0.517727,0.005,0.270341
0.424328,0.005,0.106019
0.553936,0.005,0.133504
0.63765,0.005,0.242044
0.578782,0.005,0.274852
0.571032,0.005,0.275819
0.464337,0.005,0.309614
0.619815,0.005,0.184187
0.512512,0.005,0.049997
0.538647,0.005,0.314449
0.531518,0.005,0.321708
0.553905,0.005,0.220225
0.598978,0.005,0.140519
0.42901,0.005,0.116651
0.435278,0.005,0.0735011
0.393136,0.005,0.244708
0.558917,0.005,0.211079
0.55622,0.005,0.13931
0.601434,0.005,0.22497
0.481625,0.005,0.131664
0.55065,0.005,0.0929201
0.465728,0.005,0.158448
0.635037,0.005,0.167749
0.605592,0.005,0.206405
0.513098,0.005,0.0801961
0.502333,0.005,0.143652
0.636236,0.005,0.244171
0.405033,0.005,0.182067
0.48349,0.005,0.210233
0.62078,0.005,0.282294
0.563705,0.005,0.0499871
0.620103,0.005,0.263283
0.384847,0.005,0.156788
0.544924,0.005,0.151659
0.541424,0.005,0.131436
0.565124,0.005,0.0729548
0.428386,0.005,0.191362
0.515725,0.005,0.142619
0.492634,0.005,0.12653
0.435966,0.005,0.126902
0.503184,0.005,0.217316
0.460389,0.005,0.28931
0.59972,0.005,0.0839213
0.564407,0.005,0.0499999
0.658071,0.005,0.146858
0.520778,0.005,0.274045
0.507615,0.005,0.178868
0.46118,0.005,0.139296
0.607339,0.005,0.146048
0.474973,0.005,0.152846
0.564372,0.005,0.242438
0.621031,0.005,0.202653
0.612734,0.005,0.177466
0.566821,0.005,0.297488
0.438287,0.005,0.228949
0.625809,0.005,0.199192
0.45091,0.005,0.114107
0.525351,0.005,0.231457
0.461036,0.005,0.272247
0.451879,0.005,0.200095
0.465743,0.005,0.117534
0.552747,0.005,0.289135
0.557069,0.005,0.269022
0.527893,0.005,0.314838
0.606863,0.005,0.214249
0.59686,0.005,0.201136
0.657654,0.005,0.220027
0.546381,0.005,0.312663
0.589285,0.005,0.305843
0.389095,0.005,0.138442
0.402504,0.005,0.272514
0.480828,0.005,0.214126
0.612373,0.005,0.088086
0.457618,0.005,0.234872
0.468822,0.005,0.219654
0.549752,0.005,0.121748
0.517378,0.005,0.324729
0.539403,0.005,0.111752
0.610863,0.005,0.0790903
0.538541,0.005,0.0702536
0.628806,0.005,0.186608
0.41041,0.005,0.263952
0.43339,0.005,0.191378
0.563227,0.005,0.0675254
0.550554,0.005,0.246689
0.411289,0.005,0.0813314
0.637051,0.005,0.223891
0.545062,0.005,0.281942
0.604631,0.005,0.263892
0.501838,0.005,0.163457
0.630941,0.005,0.276126
0.450022,0.005,0.180547
0.459191,0.005,0.238008
0.507639,0.005,0.215146
0.469669,0.005,0.27476
0.544187,0.005,0.321525
0.395408,0.005,0.216516
0.622889,0.005,0.165106
0.375015,0.005,0.159196
0.467155,0.005,0.159184
0.558364,0.005,0.257096
0.593472,0.005,0.181893
0.387196,0.005,0.215552
0.538762,0.005,0.258118
0.584754,0.005,0.133142
0.552524,0.005,0.313834
0.634092,0.005,0.220217
0.520341,0.005,0.0499916
0.551532,0.005,0.245812
0.648256,0.005,0.15582
0.656467,0.005,0.178449
0.634409,0.005,0.0764183
0.551572,0.005,0.0499695
0.535471,0.005,0.295027
0.47243,0.005,0.164222
0.517725,0.005,0.249585
0.518049,0.005,0.252349
0.432594,0.005,0.202248
0.568508,0.005,0.24217
0.424676,0.005,0.275185
0.384602,0.005,0.144838
0.450961,0.005,0.0705546
0.421817,0.005,0.193287
0.411271,0.005,0.15363
0.632817,0.005,0.114358
0.429059,0.005,0.143441
0.397907,0.005,0.124046
0.439166,0.005,0.286497
0.549206,0.005,0.176782
0.448967,0.005,0.276003
0.541448,0.005,0.262095
0.435506,0.005,0.122042
0.571381,0.005,0.0704633
0.531373,0.005,0.0801704
0.521603,0.005,0.139986
0.571856,0.005,0.143334
0.586159,0.005,0.105116
0.502023,0.005,0.263255
0.518151,0.005,0.185971
0.532992,0.005,0.136393
0.503404,0.005,0.204082
0.610195,0.005,0.133858
0.407092,0.005,0.143606
0.607694,0.005,0.248176
0.609775,0.005,0.250862
0.553962,0.005,0.184175
0.522017,0.005,0.119459
0.391875,0.005,0.127065
0.428773,0.005,0.187774
0.424356,0.005,0.14578
0.586632,0.005,0.290188
0.583258,0.005,0.186037
0.501598,0.005,0.0862564
0.548786,0.005,0.300003
0.656216,0.005,0.130805
0.449414,0.005,0.101504
0.654279,0.005,0.134628
0.615461,0.005,0.0937766
0.500937,0.005,0.093201
0.554198,0.005,0.204615
0.497508,0.005,0.185117
0.402559,0.005,0.272897
0.468399,0.005,0.119168
0.505144,0.005,0.176556
0.545403,0.005,0.143481
0.562581,0.005,0.0499875
0.532467,0.005,0.242764
0.499293,0.005,0.0866906
0.532695,0.005,0.19568
0.625371,0.005,0.182081
0.635871,0.005,0.0949649
0.631759,0.005,0.269262
0.657038,0.005,0.109228
0.398692,0.005,0.199429
0.573442,0.005,0.296494
0.454428,0.005,0.154298
0.610585,0.005,0.0929129
0.609089,0.005,0.141495
0.539155,0.005,0.275663
0.573591,0.005,0.154554
0.417772,0.005,0.254762
0.467427,0.005,0.280196
0.508503,0.005,0.275885
0.433524,0.005,0.292024
0.430067,0.005,0.165845
0.400115,0.005,0.163062
0.556268,0.005,0.0527512
0.412023,0.005,0.120366
0.499192,0.005,0.1803
0.55155,0.005,0.158143
0.378311,0.005,0.230801
0.617476,0.005,0.109302
0.394802,0.005,0.105734
0.474207,0.005,0.220075
0.579733,0.005,0.18661
0.518495,0.005,0.1615
0.435586,0.005,0.148218
0.616726,0.005,0.213531
0.554304,0.005,0.0903115
0.549248,0.005,0.311957
0.653666,0.005,0.12998
0.545139,0.005,0.118022
0.511567,0.005,0.0499874
0.540469,0.005,0.208734
0.601663,0.005,0.2139
0.601854,0.005,0.287972
0.458958,0.005,0.237312
0.483418,0.005,0.151484
0.370355,0.005,0.148818
0.423643,0.005,0.124228
0.672845,0.005,0.186755
0.500781,0.005,0.10256
0.510786,0.005,0.119521
0.432897,0.005,0.274063
0.52199,0.005,0.13419
0.518353,0.005,0.0757107
0.592232,0.005,0.270183
0.508434,0.005,0.119037
0.67745,0.005,0.181755
0.419778,0.005,0.137976
0.441206,0.005,0.0562557
0.448626,0.005,0.0588448
0.537493,0.005,0.194156
0.611737,0.005,0.248319
0.50191,0.005,0.113442
0.554844,0.005,0.117653
0.427291,0.005,0.283143
0.394695,0.005,0.168972
0.508971,0.005,0.099316
0.459679,0.005,0.175841
0.531564,0.005,0.141691
0.50831,0.005,0.288457
0.428752,0.005,0.0851677
0.609651,0.005,0.169633
0.6174,0.005,0.238566
0.55249,0.005,0.261274
0.650477,0.005,0.152212
0.535065,0.005,0.179158
0.591279,0.005,0.25439
0.586611,0.005,0.244831
0.418595,0.005,0.0689226
0.556036,0.005,0.205994
0.496065,0.005,0.0861137
0.526035,0.005,0.320383
0.447651,0.005,0.128487
0.385405,0.005,0.128624
0.547041,0.005,0.285392
0.469879,0.005,0.285416
0.509337,0.005,0.232404
0.579159,0.005,0.133843
0.419415,0.005,0.209992
0.441789,0.005,0.146082
0.588755,0.005,0.152925
0.512986,0.005,0.192314
0.590005,0.005,0.293499
0.576825,0.005,0.202612
0.389599,0.005,0.185718
0.674762,0.005,0.149875
0.588427,0.005,0.266674
0.647419,0.005,0.123635
0.607042,0.005,0.170873
0.479884,0.005,0.247933
0.568528,0.005,0.312415
0.631755,0.005,0.180735
0.482493,0.005,0.107023
0.50753,0.005,0.14842
0.521896,0.005,0.0499558
0.595331,0.005,0.254312
0.585696,0.005,0.153332
0.441411,0.005,0.231129
0.413644,0.005,0.127926
0.41393,0.005,0.265341
0.534166,0.005,0.265653
0.56984,0.005,0.106974
0.516327,0.005,0.142762
0.504188,0.005,0.171785
0.641112,0.005,0.202596
0.575713,0.005,0.245784
0.39452,0.005,0.169037
0.46355,0.005,0.227415
0.489237,0.005,0.0563749
0.570167,0.005,0.267141
0.453221,0.005,0.2743
0.628426,0.005,0.230027
0.648641,0.005,0.147693
0.56095,0.005,0.147861
0.521956,0.005,0.283138
0.438043,0.005,0.158913
0.420119,0.005,0.109788
0.56246,0.005,0.230464
0.552056,0.005,0.0739429
0.52097,0.005,0.185219
0.389969,0.005,0.185069
0.485412,0.005,0.0499939
0.397855,0.005,0.240026
0.518254,0.005,0.0730305
0.551547,0.005,0.103687
0.655488,0.005,0.163367
0.54888,0.005,0.0958954
0.591045,0.005,0.200817
0.592715,0.005,0.305023
0.648349,0.005,0.151268
0.669899,0.005,0.124397
0.444672,0.005,0.245733
0.421143,0.005,0.184055
0.410434,0.005,0.169299
0.412775,0.005,0.224693
0.396992,0.005,0.134181
0.397815,0.005,0.211247
0.444066,0.005,0.160111
0.410991,0.005,0.23104
0.477727,0.005,0.0499955
0.650966,0.005,0.193301
0.545535,0.005,0.227999
0.392491,0.005,0.251116
0.393871,0.005,0.156431
0.465372,0.005,0.208078
0.559982,0.005,0.167919
0.554886,0.005,0.223402
0.596233,0.005,0.27246
0.48987,0.005,0.285515
0.563461,0.005,0.0616924
0.649044,0.005,0.236191
0.384469,0.005,0.198924
0.458337,0.005,0.175952
0.585948,0.005,0.136201
0.66671,0.005,0.119092
0.607538,0.005,0.0727016
0.65981,0.005,0.111131
0.622222,0.005,0.0786098
0.40613,0.005,0.226791
0.420861,0.005,0.116862
0.440222,0.005,0.163509
0.577899,0.005,0.27991
0.546094,0.005,0.20198
0.532896,0.005,0.101546
0.552606,0.005,0.149071
0.658029,0.005,0.220215
0.483133,0.005,0.222693
0.388594,0.005,0.154492
0.604792,0.005,0.0885561
0.578659,0.005,0.185092
0.423949,0.005,0.224684
0.488508,0.005,0.170025
0.61226,0.005,0.285433
0.61546,0.005,0.104486
0.50566,0.005,0.0593564
0.432025,0.005,0.0617859
0.66755,0.005,0.142969
0.522848,0.005,0.32116
0.564758,0.005,0.0660416
0.570276,0.005,0.208014
0.4643,0.005,0.245191
0.419345,0.005,0.20105
0.412587,0.005,0.106244
0.393505,0.005,0.188305
0.378473,0.005,0.148472
0.443397,0.005,0.167133
0.409501,0.005,0.174917
0.654253,0.005,0.22781
0.57608,0.005,0.240068
0.660148,0.005,0.228102
0.44434,0.005,0.153604
0.546354,0.005,0.108797
0.418399,0.005,0.172005
0.53361,0.005,0.232949
0.39371,0.005,0.163768
0.57116,0.005,0.0703751
0.412501,0.005,0.216527
0.516452,0.005,0.0699814
0.575021,0.005,0.128521
0.591007,0.005,0.13072
0.488583,0.005,0.0499865
0.556518,0.005,0.173823
0.528645,0.005,0.296743
0.371058,0.005,0.161997
0.642574,0.005,0.133095
0.465716,0.005,0.114296
0.524539,0.005,0.111362
0.487066,0.005,0.131434
0.512779,0.005,0.0658553
0.471233,0.005,0.113057
0.488963,0.005,0.29343
0.614426,0.005,0.147602
0.41728,0.005,0.242681
0.489384,0.005,0.154878
0.441675,0.005,0.109911
0.400332,0.005,0.250116
0.569637,0.005,0.207127
0.623263,0.005,0.231984
0.530961,0.005,0.137406
0.511042,0.005,0.11441
0.497477,0.005,0.128008
0.564878,0.005,0.13847
0.515673,0.005,0.285548
0.418017,0.005,0.180045
0.506265,0.005,0.248578
0.56582,0.005,0.175114
0.437897,0.005,0.0745572
0.4698,0.005,0.193798
0.387375,0.005,0.10895
0.423067,0.005,0.119707
0.561636,0.005,0.255154
0.449297,0.005,0.0503523
0.486088,0.005,0.2624
0.514532,0.005,0.243471
0.520112,0.005,0.0768179
0.39895,0.005,0.177185
0.494758,0.005,0.164998
0.471453,0.005,0.106704
0.56129,0.005,0.0865265
0.640012,0.005,0.172492
0.458709,0.005,0.293794
0.474221,0.005,0.160992
0.59327,0.005,0.135066
0.507993,0.005,0.163047
0.519866,0.005,0.128589
0.539254,0.005,0.0499798
0.400074,0.005,0.103653
0.564417,0.005,0.214317
0.449746,0.005,0.272378
0.488168,0.005,0.22698
0.59663,0.005,0.187882
0.443366,0.005,0.254326
0.533974,0.005,0.0850896
0.425529,0.005,0.128848
0.547736,0.005,0.141332
0.559925,0.005,0.29959
0.492647,0.005,0.219694
0.464925,0.005,0.181975
0.579591,0.005,0.257711
0.445569,0.005,0.279088
0.52592,0.005,0.093275
0.581478,0.005,0.131335
0.600529,0.005,0.0702035
0.372848,0.005,0.197384
0.675622,0.005,0.147923
0.467073,0.005,0.124617
0.528591,0.005,0.137403
0.450632,0.005,0.106703
0.51772,0.005,0.126796
0.44003,0.005,0.163748
0.498958,0.005,0.0726213
0.51917,0.005,0.0499217
0.427128,0.005,0.239158
0.449095,0.005,0.240135
0.558758,0.005,0.199986
0.53122,0.005,0.169934
0.435946,0.005,0.257506
0.512577,0.005,0.0992173
0.408661,0.005,0.154566
0.378811,0.005,0.19052
0.456762,0.005,0.196264
0.547499,0.005,0.0698358
0.414621,0.005,0.125789
0.598055,0.005,0.105279
0.461623,0.005,0.0991691
0.452205,0.005,0.245246
0.602985,0.005,0.230373
0.508516,0.005,0.0669772
0.502312,0.005,0.248132
0.480585,0.005,0.172999
0.545208,0.005,0.288274
0.529203,0.005,0.151068
0.454754,0.005,0.146482
0.474607,0.005,0.0598416
0.593294,0.005,0.173577
0.656482,0.005,0.124599
0.620204,0.005,0.116833
0.569056,0.005,0.125935
0.43376,0.005,0.103386
0.423619,0.005,0.0751171
0.470618,0.005,0.128776
0.573562,0.005,0.052032
0.486386,0.005,0.220729
0.523004,0.005,0.108815
0.504673,0.005,0.0679088
0.530443,0.005,0.320401
0.376549,0.005,0.159768
0.483004,0.005,0.235904
0.454598,0.005,0.0839584
0.464411,0.005,0.302206
0.579007,0.005,0.185006
0.494412,0.005,0.0818527
0.432333,0.005,0.224512
0.495924,0.005,0.0499661
0.557473,0.005,0.103883
0.429312,0.005,0.213896
0.658702,0.005,0.110525
0.53141,0.005,0.282031
0.566591,0.005,0.142017
0.48605,0.005,0.0678712
0.644467,0.005,0.0879884
0.456314,0.005,0.215209
0.600435,0.005,0.0618969
0.528626,0.005,0.280423
0.650997,0.005,0.197984
0.397646,0.005,0.181756
0.66814,0.005,0.202908
0.433357,0.005,0.181405
0.467066,0.005,0.160093
0.462711,0.005,0.239341
0.416263,0.005,0.107676
0.61981,0.005,0.287724
0.430237,0.005,0.12459
0.611787,0.005,0.245242
0.5605,0.005,0.217366
0.417279,0.005,0.126282
0.512357,0.005,0.0602008
0.634334,0.005,0.0984753
0.514961,0.005,0.213375
0.477325,0.005,0.24902
0.578145,0.005,0.0943757
0.557905,0.005,0.192464
0.615171,0.005,0.176768
0.577892,0.005,0.0696606
0.537092,0.005,0.0815654
0.498596,0.005,0.205443
0.592943,0.005,0.0844725
0.604967,0.005,0.19395
0.486596,0.005,0.138969
0.426521,0.005,0.26319
0.440343,0.005,0.126848
0.486584,0.005,0.264645
0.37948,0.005,0.145282
0.597494,0.005,0.100748
0.610358,0.005,0.247507
0.494064,0.005,0.0499783
0.646848,0.005,0.0883146
0.531187,0.005,0.303023
0.468958,0.005,0.0600269
0.600977,0.005,0.299558
0.425008,0.005,0.205961
0.424883,0.005,0.0914963
0.607289,0.005,0.132065
0.612472,0.005,0.14545
0.438523,0.005,0.163381
0.50332,0.005,0.0740415
0.527619,0.005,0.234612
0.651893,0.005,0.206307
0.484986,0.005,0.225699
0.42778,0.005,0.101095
0.596672,0.005,0.140664
0.472238,0.005,0.287088
0.46903,0.005,0.294326
0.526546,0.005,0.247509
0.412794,0.005,0.225116
0.384692,0.005,0.237038
0.429308,0.005,0.210616
0.459792,0.005,0.0820147
0.592448,0.005,0.0781865
0.547227,0.005,0.190377
0.507242,0.005,0.232864
0.568768,0.005,0.153186
0.418996,0.005,0.0764587
0.384068,0.005,0.230505
0.555997,0.005,0.207435
0.558544,0.005,0.162276
0.655743,0.005,0.242774
0.573569,0.005,0.121828
0.430262,0.005,0.201064
0.550629,0.005,0.142419
0.439639,0.005,0.2457
0.400036,0.005,0.110765
0.467945,0.005,0.152261
0.452441,0.005,0.261083
0.388731,0.005,0.227607
0.53538,0.005,0.0718834
0.554307,0.005,0.301028
0.552091,0.005,0.0499874
0.52514,0.005,0.316435
0.448606,0.005,0.156611
0.560609,0.005,0.134873
0.55505,0.005,0.108233
0.529126,0.005,0.318018
0.445085,0.005,0.0882965
0.570194,0.005,0.129646
0.605587,0.005,0.213299
0.465374,0.005,0.157387
0.589864,0.005,0.11344
0.617977,0.005,0.21068
0.503581,0.005,0.129571
0.589971,0.005,0.246507
0.61054,0.005,0.16521
0.572874,0.005,0.0677013
0.459726,0.005,0.107899
0.583746,0.005,0.227313
0.579445,0.005,0.273282
0.52358,0.005,0.11381
0.425357,0.005,0.18203
0.549046,0.005,0.285397
0.618745,0.005,0.21054
0.38343,0.005,0.165531
0.647831,0.005,0.205956
0.427748,0.005,0.220885
0.436043,0.005,0.121943
0.590884,0.005,0.215452
0.594357,0.005,0.207303
0.542651,0.005,0.0800819
0.492494,0.005,0.293456
0.538803,0.005,0.182938
0.595428,0.005,0.0807581
0.499443,0.005,0.204694
0.641395,0.005,0.1204
0.429846,0.005,0.15636
0.584294,0.005,0.128335
0.483487,0.005,0.258885
0.420761,0.005,0.253731
0.508382,0.005,0.231062
0.391296,0.005,0.144597
0.438275,0.005,0.273776
0.532801,0.005,0.236948
0.514348,0.005,0.235725
0.560377,0.005,0.215144
0.430212,0.005,0.234859
0.484982,0.005,0.137497
0.561622,0.005,0.130332
0.470946,0.005,0.152438
0.615305,0.005,0.152847
0.668046,0.005,0.147095
0.417493,0.005,0.144831
0.436733,0.005,0.186458
0.565163,0.005,0.290887
0.56377,0.005,0.197382
0.559051,0.005,0.258802
0.474252,0.005,0.250375
0.430436,0.005,0.129773
0.621892,0.005,0.153928
0.367677,0.005,0.185567
0.414133,0.005,0.0929996
0.607531,0.005,0.236993
0.622448,0.005,0.0991516
0.38071,0.005,0.193013
0.593428,0.005,0.153238
0.372815,0.005,0.150387
0.511892,0.005,0.320606
0.552829,0.005,0.241769
0.525311,0.005,0.0499986
0.554072,0.005,0.157854
0.581896,0.005,0.064626
0.498374,0.005,0.0859046
0.410166,0.005,0.0817699
0.466874,0.005,0.254632
0.528188,0.005,0.184758
0.555483,0.005,0.049996
0.532013,0.005,0.0499581
0.664392,0.005,0.180983
0.463487,0.005,0.156986
0.521186,0.005,0.0824634
0.541346,0.005,0.21142
0.617858,0.005,0.273733
0.438588,0.005,0.0580952
0.391387,0.005,0.232478
0.495085,0.005,0.140206
0.612473,0.005,0.281332
0.633975,0.005,0.119224
0.610354,0.005,0.238508
0.396999,0.005,0.229708
0.482741,0.005,0.0644255
0.524357,0.005,0.254476
0.637844,0.005,0.0891627
0.407989,0.005,0.218496
0.643197,0.005,0.223853
0.604749,0.005,0.132578
0.543755,0.005,0.107355
0.467119,0.005,0.150095
0.644678,0.005,0.244375
0.612091,0.005,0.180983
0.557655,0.005,0.190868
0.639792,0.005,0.0865123
0.588092,0.005,0.0848832
0.522666,0.005,0.0499768
0.440226,0.005,0.167719
0.490904,0.005,0.265737
0.375895,0.005,0.224831
0.50258,0.005,0.146256
0.590935,0.005,0.178387
0.563671,0.005,0.239429
0.485863,0.005,0.308992
0.383759,0.005,0.1355
0.502857,0.005,0.155844
0.48558,0.005,0.212609
0.521209,0.005,0.0684703
0.455262,0.005,0.272748
0.435918,0.005,0.299883
0.591945,0.005,0.275309
0.527034,0.005,0.276732
0.489012,0.005,0.185588
0.444736,0.005,0.264733
0.499406,0.005,0.0815561
0.574231,0.005,0.100386
0.43479,0.005,0.275772
0.66461,0.005,0.187202
0.437796,0.005,0.265864
0.508027,0.005,0.0648469
0.398778,0.005,0.244628
0.490114,0.005,0.111528
0.396275,0.005,0.184521
0.407891,0.005,0.123184
0.609527,0.005,0.292577
0.549915,0.005,0.138608
0.589036,0.005,0.21676
0.450693,0.005,0.109421
0.481936,0.005,0.109408
0.581885,0.005,0.176174
0.474224,0.005,0.299419
0.557344,0.005,0.260654
0.395166,0.005,0.214666
0.555608,0.005,0.058398
0.472982,0.005,0.173267
0.402547,0.005,0.249396
0.6553,0.005,0.132394
0.389533,0.005,0.212169
0.615204,0.005,0.121935
0.469026,0.005,0.195916
0.546826,0.005,0.236281
0.511969,0.005,0.313954
0.583497,0.005,0.261735
0.499976,0.005,0.0879858
0.373687,0.005,0.186182
0.59188,0.005,0.262585
0.520938,0.005,0.114399
0.401202,0.005,0.172248
0.506287,0.005,0.114094
0.378678,0.005,0.185332
0.455591,0.005,0.271647
0.446163,0.005,0.127779
0.594494,0.005,0.19373
0.561572,0.005,0.278769
0.430932,0.005,0.14275
0.574548,0.005,0.195381
0.46821,0.005,0.0966847
0.406429,0.005,0.137614
0.486867,0.005,0.289891
0.411417,0.005,0.116501
0.439829,0.005,0.255291
0.515993,0.005,0.102149
0.621273,0.005,0.178003
0.573635,0.005,0.109667
0.626599,0.005,0.144259
0.509889,0.005,0.105374
0.558468,0.005,0.27558
0.63513,0.005,0.0933133
0.628637,0.005,0.174043
0.548967,0.005,0.149756
0.563949,0.005,0.202239
0.652035,0.005,0.188534
0.625494,0.005,0.121319
0.476265,0.005,0.124449
0.524368,0.005,0.255724
0.479574,0.005,0.268785
0.419167,0.005,0.274163
0.505144,0.005,0.304312
0.525668,0.005,0.180873
0.519072,0.005,0.284495
0.554756,0.005,0.177237
0.517009,0.005,0.0925022
0.627536,0.005,0.108832
0.575768,0.005,0.293984
0.438449,0.005,0.062412
0.461642,0.005,0.231939
0.516551,0.005,0.0869865
0.636591,0.005,0.170221
0.417673,0.005,0.0771614
0.65101,0.005,0.157181
0.475913,0.005,0.201419
0.573064,0.005,0.21601
0.553143,0.005,0.200584
0.496314,0.005,0.127212
0.647322,0.005,0.130026
0.562662,0.005,0.224418
0.66191,0.005,0.104552
0.591314,0.005,0.243702
0.551686,0.005,0.247736
0.636993,0.005,0.184647
0.43121,0.005,0.251741
0.416379,0.005,0.108622
0.380344,0.005,0.148441
0.573066,0.005,0.063978
0.492867,0.005,0.201294
0.438213,0.005,0.254744
0.404998,0.005,0.264884
0.630202,0.005,0.157305
0.48734,0.005,0.231895
0.641493,0.005,0.175287
0.598354,0.005,0.222521
0.630197,0.005,0.0886195
0.58847,0.005,0.220285
0.562511,0.005,0.308993
0.666894,0.005,0.161079
0.449507,0.005,0.267518
0.567672,0.005,0.244809
0.410572,0.005,0.119165
0.443722,0.005,0.224518
0.501131,0.005,0.128754
0.609959,0.005,0.210093
0.479983,0.005,0.157674
0.612053,0.005,0.208487
0.426613,0.005,0.269913
0.529765,0.005,0.215644
0.567894,0.005,0.287241
0.488799,0.005,0.155213
0.472491,0.005,0.20624
0.452288,0.005,0.0864433
0.50261,0.005,0.214278
0.425519,0.005,0.271413
0.414294,0.005,0.218136
0.639295,0.005,0.0840998
0.489424,0.005,0.264971
0.548087,0.005,0.192644
0.416778,0.005,0.151071
0.504496,0.005,0.0737894
0.457453,0.005,0.276901
0.404659,0.005,0.192661
0.499693,0.005,0.309733
0.439288,0.005,0.172
0.486205,0.005,0.160818
0.61511,0.005,0.0680461
0.673188,0.005,0.211534
0.467983,0.005,0.0874637
0.524296,0.005,0.107458
0.474175,0.005,0.304599
0.440205,0.005,0.293937
0.577545,0.005,0.127344
0.613489,0.005,0.187963
0.602924,0.005,0.23049
0.579147,0.005,0.294596
0.672508,0.005,0.127039
0.399416,0.005,0.231594
0.592235,0.005,0.140107
0.611315,0.005,0.129367
0.405061,0.005,0.203613
0.515073,0.005,0.0895719
0.50537,0.005,0.138378
0.467064,0.005,0.0702473
0.594888,0.005,0.212151
0.412895,0.005,0.257068
0.45387,0.005,0.110045
0.412726,0.005,0.0795379
0.378748,0.005,0.222956
0.633986,0.005,0.150064
0.498626,0.005,0.232861
0.451062,0.005,0.185753
0.585215,0.005,0.194427
0.613584,0.005,0.175018
0.422873,0.005,0.211236
0.522731,0.005,0.139139
0.533378,0.005,0.269871
0.48,0.005,0.0499892
0.457024,0.005,0.255605
0.66246,0.005,0.130753
0.463543,0.005,0.208822
0.391559,0.005,0.25914
0.583504,0.005,0.295023
0.564074,0.005,0.0829645
0.553467,0.005,0.188723
0.420207,0.005,0.0831632
0.661294,0.005,0.233446
0.541619,0.005,0.12551
0.443247,0.005,0.179687
0.59367,0.005,0.182531
0.485718,0.005,0.124832
0.546984,0.005,0.192532
0.401525,0.005,0.203424
0.583209,0.005,0.0546841
0.602033,0.005,0.204492
0.399631,0.005,0.182768
0.64927,0.005,0.24635
0.544462,0.005,0.0859951
0.538458,0.005,0.0553606
0.565464,0.005,0.191352
0.41871,0.005,0.250822
0.396651,0.005,0.158118
0.562183,0.005,0.185373
0.649359,0.005,0.250862
0.470937,0.005,0.305675
0.582827,0.005,0.250604
0.497107,0.005,0.244758
0.525767,0.005,0.242071
0.640869,0.005,0.253502
0.388057,0.005,0.174191
0.576969,0.005,0.113082
0.589376,0.005,0.127622
0.44157,0.005,0.0836329
0.443853,0.005,0.130717
0.402027,0.005,0.265315
0.394382,0.005,0.260401
0.499272,0.005,0.0499994
0.443947,0.005,0.252497
0.413491,0.005,0.125639
0.628059,0.005,0.0929222
0.451461,0.005,0.165258
0.560122,0.005,0.274758
0.53192,0.005,0.176931
0.437746,0.005,0.199463
0.572378,0.005,0.289572
0.539344,0.005,0.282479
0.493277,0.005,0.196418
0.634057,0.005,0.137933
0.457454,0.005,0.222942
0.396493,0.005,0.140173
0.520726,0.005,0.0784483
0.558765,0.005,0.305633
0.570968,0.005,0.2717
0.599253,0.005,0.253848
0.517921,0.005,0.198313
0.47333,0.005,0.288507
0.482741,0.005,0.163024
0.478747,0.005,0.0499988
0.635375,0.005,0.272266
0.443938,0.005,0.219965
0.407549,0.005,0.110586
0.490439,0.005,0.165888
0.491194,0.005,0.146651
0.430779,0.005,0.224685
0.599059,0.005,0.2169
0.477794,0.005,0.107227
0.412094,0.005,0.21322
0.499244,0.005,0.173258
0.603891,0.005,0.0955068
0.651782,0.005,0.10516
0.640731,0.005,0.0802811
0.420198,0.005,0.210771
0.5306,0.005,0.0836854
0.477184,0.005,0.218403
0.381901,0.005,0.114047
0.495929,0.005,0.313806
0.640908,0.005,0.100818
0.569798,0.005,0.267266
0.511877,0.005,0.0499656
0.65491,0.005,0.137631
0.469458,0.005,0.2439
0.595691,0.005,0.290832
0.480593,0.005,0.317125
0.429381,0.005,0.199989
0.601645,0.005,0.215278
0.623153,0.005,0.262489
0.434129,0.005,0.116526
0.369539,0.005,0.191381
0.512357,0.005,0.0847223
0.419466,0.005,0.279445
0.623941,0.005,0.28215
0.413457,0.005,0.268585
0.487077,0.005,0.307727
0.526571,0.005,0.108622
0.591013,0.005,0.161536
0.643755,0.005,0.23597
0.563798,0.005,0.0985969
0.458627,0.005,0.144624
0.519665,0.005,0.310365
0.475157,0.005,0.243465
0.500078,0.005,0.170999
0.523045,0.005,0.137021
0.478514,0.005,0.310074
0.522138,0.005,0.0580729
0.575442,0.005,0.0932313
0.440857,0.005,0.0669394
0.367835,0.005,0.160299
0.418919,0.005,0.218688
0.48514,0.005,0.267164
0.422696,0.005,0.261452
0.641113,0.005,0.235409
0.433939,0.005,0.206021
0.652086,0.005,0.173581
0.419206,0.005,0.13315
0.430027,0.005,0.240578
0.535276,0.005,0.237596
0.381621,0.005,0.15658
0.649146,0.005,0.231737
0.423803,0.005,0.243406
0.584445,0.005,0.0681148
0.417518,0.005,0.085614
0.462746,0.005,0.123513
0.484709,0.005,0.310253
0.558478,0.005,0.170038
0.482548,0.005,0.193124
0.473028,0.005,0.224518
0.404666,0.005,0.170228
0.408575,0.005,0.253905
0.607046,0.005,0.131242
0.589163,0.005,0.0617325
0.62803,0.005,0.100862
0.509119,0.005,0.212001
0.437275,0.005,0.117845
0.62929,0.005,0.278418
0.652156,0.005,0.188012
0.506847,0.005,0.185835
0.496836,0.005,0.28426
0.482124,0.005,0.0507962
0.483361,0.005,0.0625372
0.420721,0.005,0.267813
0.547183,0.005,0.263653
0.46189,0.005,0.310775
0.497735,0.005,0.0565291
0.593831,0.005,0.260474
0.54041,0.005,0.103052
0.466966,0.005,0.108676
0.533988,0.005,0.0679841
0.431468,0.005,0.133327
0.525221,0.005,0.279492
0.428295,0.005,0.215201
0.509552,0.005,0.182275
0.546245,0.005,0.185558
0.651824,0.005,0.13362
0.405439,0.005,0.088043
0.542742,0.005,0.177027
0.539671,0.005,0.0499278
0.601842,0.005,0.155974
0.489308,0.005,0.176852
0.513544,0.005,0.235195
0.597583,0.005,0.24176
0.498534,0.005,0.240872
0.436962,0.005,0.157827
0.42176,0.005,0.247501
0.485574,0.005,0.128858
0.602618,0.005,0.131756
0.617366,0.005,0.216521
0.572848,0.005,0.211139
0.517613,0.005,0.173286
0.574686,0.005,0.219645
0.520199,0.005,0.271994
0.619333,0.005,0.0933916
0.454505,0.005,0.155459
0.610853,0.005,0.232371
0.476489,0.005,0.284917
0.633268,0.005,0.233222
0.496157,0.005,0.273534
0.439814,0.005,0.208535
0.477762,0.005,0.272613
0.624712,0.005,0.270919
0.556521,0.005,0.315395
0.526912,0.005,0.049946
0.511374,0.005,0.153712
0.423928,0.005,0.146539
0.471737,0.005,0.276443
0.425539,0.005,0.27379
0.498353,0.005,0.112042
0.652591,0.005,0.138223
0.375556,0.005,0.144439
0.438419,0.005,0.113725
0.545215,0.005,0.196626
0.386623,0.005,0.217218
0.560941,0.005,0.260819
0.652685,0.005,0.192965
0.570944,0.005,0.247389
0.600039,0.005,0.280107
0.514972,0.005,0.149618
0.485488,0.005,0.29587
0.660379,0.005,0.230394
0.557028,0.005,0.130767
0.646432,0.005,0.248669
0.519893,0.005,0.206569
0.65236,0.005,0.206265
0.393946,0.005,0.210333
0.39033,0.005,0.21492
0.599944,0.005,0.17021
0.496347,0.005,0.172259
0.404423,0.005,0.217638
0.530718,0.005,0.163123
0.624114,0.005,0.117832
0.600573,0.005,0.21745
0.542021,0.005,0.0499522
0.578998,0.005,0.163886
0.442075,0.005,0.104131
0.572261,0.005,0.213862
0.460758,0.005,0.268297
0.473586,0.005,0.0637013
0.414968,0.005,0.186667
0.381573,0.005,0.174646
0.579785,0.005,0.0679371
0.543429,0.005,0.204981
0.523293,0.005,0.118378
0.531203,0.005,0.303226
0.645866,0.005,0.209543
0.66732,0.005,0.199589
0.640061,0.005,0.10867
0.48184,0.005,0.317722
0.627472,0.005,0.112287
0.458651,0.005,0.0628268
0.594822,0.005,0.234891
0.403932,0.005,0.173063
0.474161,0.005,0.307633
0.609484,0.005,0.095414
0.572943,0.005,0.0896707
0.393127,0.005,0.174393
0.58896,0.005,0.204359
0.429566,0.005,0.126379
0.595495,0.005,0.242782
0.513456,0.005,0.324412
0.45949,0.005,0.0596943
0.667919,0.005,0.22416
0.444086,0.005,0.205267
0.442664,0.005,0.12466
0.560534,0.005,0.0652184
0.569948,0.005,0.196447
0.506866,0.005,0.111792
0.552111,0.005,0.189025
0.4985,0.005,0.255223
0.395962,0.005,0.197805
0.578966,0.005,0.120246
0.472054,0.005,0.12707
0.48112,0.005,0.287746
0.63362,0.005,0.133526
0.53387,0.005,0.117916
0.413174,0.005,0.222166
0.588005,0.005,0.202147
0.544472,0.005,0.269918
0.475219,0.005,0.159949
0.488905,0.005,0.093566
0.560293,0.005,0.105942
0.614539,0.005,0.098459
0.594481,0.005,0.264313
0.456259,0.005,0.255676
0.669825,0.005,0.152127
0.399503,0.005,0.254518
0.47268,0.005,0.0499978
0.477364,0.005,0.233764
0.506924,0.005,0.19241
0.433526,0.005,0.234615
0.493654,0.005,0.204495
0.51824,0.005,0.0598968
0.431825,0.005,0.144481
0.587325,0.005,0.134042
0.613338,0.005,0.0636777
0.540769,0.005,0.167967
0.600547,0.005,0.19304
0.656797,0.005,0.0970585
0.443873,0.005,0.196104
0.392344,0.005,0.144868
0.471868,0.005,0.238663
0.498128,0.005,0.323181
0.409735,0.005,0.139232
0.392442,0.005,0.110949
0.420033,0.005,0.253661
0.483668,0.005,0.14869
0.561231,0.005,0.215982
0.574882,0.005,0.157168
0.514873,0.005,0.0662257
0.539888,0.005,0.237419
0.50552,0.005,0.253389
0.489687,0.005,0.234123
0.417313,0.005,0.0988319
0.604442,0.005,0.246765
0.508896,0.005,0.169927
0.532152,0.005,0.307054
0.401481,0.005,0.166014
0.392002,0.005,0.205677
0.549134,0.005,0.0666943
0.67253,0.005,0.168451
0.474428,0.005,0.14742
0.50246,0.005,0.211995
0.514379,0.005,0.0865115
0.575881,0.005,0.176049
0.624031,0.005,0.209586
0.521383,0.005,0.063012
0.538214,0.005,0.101838
0.529863,0.005,0.248695
0.509062,0.005,0.135699
0.451615,0.005,0.0552368
0.56232,0.005,0.28375
0.578591,0.005,0.279644
0.515505,0.005,0.128751
0.459325,0.005,0.236292
0.454252,0.005,0.303655
0.656428,0.005,0.141311
0.512818,0.005,0.087892
0.452543,0.005,0.253483
0.61101,0.005,0.134681
0.526906,0.005,0.0767933
0.628327,0.005,0.132628
0.549845,0.005,0.105917
0.460793,0.005,0.201765
0.498569,0.005,0.0499329
0.579236,0.005,0.139495
